"","id","year","month","element","VALUE1","MFLAG1","QFLAG1","SFLAG1","VALUE2","MFLAG2","QFLAG2","SFLAG2","VALUE3","MFLAG3","QFLAG3","SFLAG3","VALUE4","MFLAG4","QFLAG4","SFLAG4","VALUE5","MFLAG5","QFLAG5","SFLAG5","VALUE6","MFLAG6","QFLAG6","SFLAG6","VALUE7","MFLAG7","QFLAG7","SFLAG7","VALUE8","MFLAG8","QFLAG8","SFLAG8","VALUE9","MFLAG9","QFLAG9","SFLAG9","VALUE10","MFLAG10","QFLAG10","SFLAG10","VALUE11","MFLAG11","QFLAG11","SFLAG11","VALUE12","MFLAG12","QFLAG12","SFLAG12","VALUE13","MFLAG13","QFLAG13","SFLAG13","VALUE14","MFLAG14","QFLAG14","SFLAG14","VALUE15","MFLAG15","QFLAG15","SFLAG15","VALUE16","MFLAG16","QFLAG16","SFLAG16","VALUE17","MFLAG17","QFLAG17","SFLAG17","VALUE18","MFLAG18","QFLAG18","SFLAG18","VALUE19","MFLAG19","QFLAG19","SFLAG19","VALUE20","MFLAG20","QFLAG20","SFLAG20","VALUE21","MFLAG21","QFLAG21","SFLAG21","VALUE22","MFLAG22","QFLAG22","SFLAG22","VALUE23","MFLAG23","QFLAG23","SFLAG23","VALUE24","MFLAG24","QFLAG24","SFLAG24","VALUE25","MFLAG25","QFLAG25","SFLAG25","VALUE26","MFLAG26","QFLAG26","SFLAG26","VALUE27","MFLAG27","QFLAG27","SFLAG27","VALUE28","MFLAG28","QFLAG28","SFLAG28","VALUE29","MFLAG29","QFLAG29","SFLAG29","VALUE30","MFLAG30","QFLAG30","SFLAG30","VALUE31","MFLAG31","QFLAG31","SFLAG31"
"1","USR0000MBIS",1991,10,"TMAX",NA," "," "," ",NA," "," "," ",NA," "," "," ",NA," "," "," ",NA," "," "," ",NA," "," "," ",NA," "," "," ",NA," "," "," ",NA," "," "," ",NA," "," "," ",NA," "," "," ",NA," "," "," ",NA," "," "," ",NA," "," "," ",NA," "," "," ",NA," "," "," ",NA," "," "," ",NA," "," "," ",NA," "," "," ",NA," "," "," ",NA," "," "," ",NA," "," "," ",NA," "," "," ",NA," "," "," ",17,"H"," ","U",-6,"H"," ","U",-117,"H"," ","U",-67,"H"," ","U",-106,"H"," ","U",-56,"H"," ","U",-67,"H"," ","U"
"2","USR0000MBIS",1991,10,"TMIN",NA," "," "," ",NA," "," "," ",NA," "," "," ",NA," "," "," ",NA," "," "," ",NA," "," "," ",NA," "," "," ",NA," "," "," ",NA," "," "," ",NA," "," "," ",NA," "," "," ",NA," "," "," ",NA," "," "," ",NA," "," "," ",NA," "," "," ",NA," "," "," ",NA," "," "," ",NA," "," "," ",NA," "," "," ",NA," "," "," ",NA," "," "," ",NA," "," "," ",NA," "," "," ",NA," "," "," ",-56,"H"," ","U",-111,"H"," ","U",-172,"H"," ","U",-167,"H"," ","U",-200,"H"," ","U",-194,"H"," ","U",-172,"H"," ","U"
"3","USR0000MBIS",1991,10,"TAVG",NA," "," "," ",NA," "," "," ",NA," "," "," ",NA," "," "," ",NA," "," "," ",NA," "," "," ",NA," "," "," ",NA," "," "," ",NA," "," "," ",NA," "," "," ",NA," "," "," ",NA," "," "," ",NA," "," "," ",NA," "," "," ",NA," "," "," ",NA," "," "," ",NA," "," "," ",NA," "," "," ",NA," "," "," ",NA," "," "," ",NA," "," "," ",NA," "," "," ",NA," "," "," ",NA," "," "," ",-26," "," ","U",-50," "," ","U",-142," "," ","U",-136," "," ","U",-163," "," ","U",-122," "," ","U",-116," "," ","U"
"4","USR0000MBIS",1991,11,"TMAX",-122,"H"," ","U",-78,"H"," ","U",-50,"H"," ","U",44,"H"," ","U",0,"H"," ","U",-6,"H"," ","U",56,"H"," ","U",100,"H"," ","U",94,"H"," ","U",89,"H"," ","U",78,"H"," ","U",61,"H"," ","U",44,"H"," ","U",22,"H"," ","U",22,"H"," ","U",100,"H"," ","U",100,"H"," ","U",39,"H"," ","U",44,"H"," ","U",83,"H"," ","U",-17,"H"," ","U",-39,"H"," ","U",0,"H"," ","U",28,"H"," ","U",33,"H"," ","U",11,"H"," ","U",-33,"H"," ","U",-17,"H"," ","U",-67,"H"," ","U",-83,"H"," ","U",NA," "," "," "
"5","USR0000MBIS",1991,11,"TMIN",-233,"H"," ","U",-222,"H"," ","U",-139,"H"," ","U",-50,"H"," ","U",-94,"H"," ","U",-128,"H"," ","U",-56,"H"," ","U",22,"H"," ","U",-17,"H"," ","U",-17,"H"," ","U",-28,"H"," ","U",28,"H"," ","U",-17,"H"," ","U",-67,"H"," ","U",-61,"H"," ","U",-22,"H"," ","U",-11,"H"," ","U",-33,"H"," ","U",-50,"H"," ","U",-33,"H"," ","U",-67,"H"," ","U",-106,"H"," ","U",-117,"H"," ","U",-39,"H"," ","U",-28,"H"," ","U",-50,"H"," ","U",-100,"H"," ","U",-94,"H"," ","U",-167,"H"," ","U",-172,"H"," ","U",NA," "," "," "
"6","USR0000MBIS",1991,11,"TAVG",-190," "," ","U",-167," "," ","U",-79," "," ","U",5," "," ","U",-36," "," ","U",-62," "," ","U",-8," "," ","U",68," "," ","U",16," "," ","U",21," "," ","U",32," "," ","U",46," "," ","U",21," "," ","U",-28," "," ","U",-22," "," ","U",34," "," ","U",33," "," ","U",-10," "," ","U",-10," "," ","U",23," "," ","U",-45," "," ","U",-78," "," ","U",-76," "," ","U",-18," "," ","U",6," "," ","U",-24," "," ","U",-52," "," ","U",-62," "," ","U",-134," "," ","U",-132," "," ","U",NA," "," "," "
"7","USR0000MBIS",1991,12,"TMAX",-28,"H"," ","U",-78,"H"," ","U",-6,"H"," ","U",33,"H"," ","U",44,"H"," ","U",44,"H"," ","U",17,"H"," ","U",-17,"H"," ","U",39,"H"," ","U",0,"H"," ","U",17,"H"," ","U",28,"H"," ","U",-50,"H"," ","U",-28,"H"," ","U",33,"H"," ","U",17,"H"," ","U",67,"H"," ","U",67,"H"," ","U",11,"H"," ","U",28,"H"," ","U",72,"H"," ","U",33,"H"," ","U",50,"H"," ","U",56,"H"," ","U",50,"H"," ","U",67,"H"," ","U",128,"H"," ","U",100,"H"," ","U",44,"H"," ","U",44,"H"," ","U",39,"H"," ","U"
"8","USR0000MBIS",1991,12,"TMIN",-133,"H"," ","U",-94,"H"," ","U",-83,"H"," ","U",-22,"H"," ","U",-28,"H"," ","U",6,"H"," ","U",-61,"H"," ","U",-83,"H"," ","U",-39,"H"," ","U",-83,"H"," ","U",-50,"H"," ","U",-67,"H"," ","U",-128,"H"," ","U",-106,"H"," ","U",-61,"H"," ","U",-44,"H"," ","U",-39,"H"," ","U",0,"H"," ","U",-78,"H"," ","U",-106,"H"," ","U",22,"H"," ","U",-39,"H"," ","U",-39,"H"," ","U",-22,"H"," ","U",-22,"H"," ","U",0,"H"," ","U",11,"H"," ","U",11,"H"," ","U",-44,"H"," ","U",-56,"H"," ","U",-50,"H"," ","U"
"9","USR0000MBIS",1991,12,"TAVG",-99," "," ","U",-88," "," ","U",-36," "," ","U",4," "," ","U",11," "," ","U",23," "," ","U",-16," "," ","U",-52," "," ","U",-4," "," ","U",-48," "," ","U",-23," "," ","U",-29," "," ","U",-107," "," ","U",-73," "," ","U",-14," "," ","U",-11," "," ","U",17," "," ","U",36," "," ","U",-27," "," ","U",-37," "," ","U",48," "," ","U",-8," "," ","U",-11," "," ","U",2," "," ","U",2," "," ","U",24," "," ","U",49," "," ","U",48," "," ","U",-7," "," ","U",-22," "," ","U",-27," "," ","U"
"10","USR0000MBIS",1992,1,"TMAX",50,"H"," ","U",50,"H"," ","U",17,"H"," ","U",39,"H"," ","U",33,"H"," ","U",67,"H"," ","U",-67,"H"," ","U",0,"H"," ","U",67,"H"," ","U",72,"H"," ","U",17,"H"," ","U",-33,"H"," ","U",-39,"H"," ","U",-61,"H"," ","U",17,"H"," ","U",17,"H"," ","U",-33,"H"," ","U",72,"H"," ","U",94,"H"," ","U",111,"H"," ","U",50,"H"," ","U",-28,"H"," ","U",22,"H"," ","U",33,"H"," ","U",72,"H"," ","U",50,"H"," ","U",44,"H"," ","U",61,"H"," ","U",61,"H"," ","U",100,"H"," ","U",106,"H"," ","U"
"11","USR0000MBIS",1992,1,"TMIN",-44,"H"," ","U",-33,"H"," ","U",-67,"H"," ","U",-33,"H"," ","U",-39,"H"," ","U",-61,"H"," ","U",-100,"H"," ","U",-100,"H"," ","U",-67,"H"," ","U",22,"H"," ","U",-50,"H"," ","U",-83,"H"," ","U",-94,"H"," ","U",-217,"H"," ","U",-178,"H"," ","U",-139,"H"," ","U",-128,"H"," ","U",-78,"H"," ","U",6,"H"," ","U",0,"H"," ","U",-61,"H"," ","U",-83,"H"," ","U",-72,"H"," ","U",-33,"H"," ","U",-28,"H"," ","U",-39,"H"," ","U",-22,"H"," ","U",-11,"H"," ","U",-17,"H"," ","U",22,"H"," ","U",50,"H"," ","U"
"12","USR0000MBIS",1992,1,"TAVG",0," "," ","U",18," "," ","U",-19," "," ","U",-2," "," ","U",-12," "," ","U",11," "," ","U",-82," "," ","U",-56," "," ","U",-15," "," ","U",43," "," ","U",-17," "," ","U",-65," "," ","U",-72," "," ","U",-144," "," ","U",-53," "," ","U",-60," "," ","U",-83," "," ","U",-24," "," ","U",33," "," ","U",34," "," ","U",-7," "," ","U",-59," "," ","U",-18," "," ","U",4," "," ","U",18," "," ","U",-14," "," ","U",12," "," ","U",32," "," ","U",14," "," ","U",58," "," ","U",73," "," ","U"
"13","USR0000MBIS",1992,2,"TMAX",150,"H"," ","U",72,"H"," ","U",83,"H"," ","U",150,"H"," ","U",89,"H"," ","U",72,"H"," ","U",39,"H"," ","U",50,"H"," ","U",11,"H"," ","U",-33,"H"," ","U",39,"H"," ","U",89,"H"," ","U",39,"H"," ","U",61,"H"," ","U",83,"H"," ","U",67,"H"," ","U",28,"H"," ","U",44,"H"," ","U",61,"H"," ","U",67,"H"," ","U",72,"H"," ","U",106,"H"," ","U",33,"H"," ","U",67,"H"," ","U",117,"H"," ","U",133,"H"," ","U",194,"H"," ","U",183,"H"," ","U",183,"H"," ","U",NA," "," "," ",NA," "," "," "
"14","USR0000MBIS",1992,2,"TMIN",22,"H"," ","U",-22,"H"," ","U",-44,"H"," ","U",11,"H"," ","U",-6,"H"," ","U",-44,"H"," ","U",-39,"H"," ","U",-50,"H"," ","U",-44,"H"," ","U",-117,"H"," ","U",-122,"H"," ","U",-22,"H"," ","U",-17,"H"," ","U",-22,"H"," ","U",-28,"H"," ","U",-28,"H"," ","U",-83,"H"," ","U",-83,"H"," ","U",-61,"H"," ","U",-83,"H"," ","U",-6,"H"," ","U",-6,"H"," ","U",-67,"H"," ","U",-50,"H"," ","U",-33,"H"," ","U",11,"H"," ","U",33,"H"," ","U",39,"H"," ","U",33,"H"," ","U",NA," "," "," ",NA," "," "," "
"15","USR0000MBIS",1992,2,"TAVG",72," "," ","U",19," "," ","U",11," "," ","U",54," "," ","U",30," "," ","U",-1," "," ","U",-12," "," ","U",-9," "," ","U",-19," "," ","U",-90," "," ","U",-46," "," ","U",14," "," ","U",10," "," ","U",3," "," ","U",11," "," ","U",5," "," ","U",-38," "," ","U",-26," "," ","U",1," "," ","U",-18," "," ","U",21," "," ","U",29," "," ","U",-35," "," ","U",0," "," ","U",27," "," ","U",57," "," ","U",90," "," ","U",86," "," ","U",88," "," ","U",NA," "," "," ",NA," "," "," "
"16","USR0000MBIS",1992,3,"TMAX",161,"H"," ","U",144,"H"," ","U",156,"H"," ","U",128,"H"," ","U",122,"H"," ","U",50,"H"," ","U",83,"H"," ","U",-22,"H"," ","U",50,"H"," ","U",89,"H"," ","U",133,"H"," ","U",172,"H"," ","U",144,"H"," ","U",133,"H"," ","U",150,"H"," ","U",22,"H"," ","U",22,"H"," ","U",17,"H"," ","U",94,"H"," ","U",-6,"H"," ","U",83,"H"," ","U",144,"H"," ","U",156,"H"," ","U",39,"H"," ","U",100,"H"," ","U",139,"H"," ","U",150,"H"," ","U",22,"H"," ","U",89,"H"," ","U",150,"H"," ","U",83,"H"," ","U"
"17","USR0000MBIS",1992,3,"TMIN",28,"H"," ","U",33,"H"," ","U",22,"H"," ","U",22,"H"," ","U",17,"H"," ","U",6,"H"," ","U",-44,"H"," ","U",-72,"H"," ","U",-78,"H"," ","U",-39,"H"," ","U",0,"H"," ","U",17,"H"," ","U",6,"H"," ","U",11,"H"," ","U",28,"H"," ","U",0,"H"," ","U",-17,"H"," ","U",-39,"H"," ","U",-39,"H"," ","U",-56,"H"," ","U",-100,"H"," ","U",-50,"H"," ","U",0,"H"," ","U",-67,"H"," ","U",-44,"H"," ","U",-6,"H"," ","U",17,"H"," ","U",-33,"H"," ","U",-22,"H"," ","U",-6,"H"," ","U",-33,"H"," ","U"
"18","USR0000MBIS",1992,3,"TAVG",82," "," ","U",73," "," ","U",79," "," ","U",68," "," ","U",55," "," ","U",20," "," ","U",6," "," ","U",-56," "," ","U",-18," "," ","U",14," "," ","U",47," "," ","U",77," "," ","U",58," "," ","U",66," "," ","U",87," "," ","U",9," "," ","U",-1," "," ","U",-16," "," ","U",6," "," ","U",-33," "," ","U",-20," "," ","U",41," "," ","U",65," "," ","U",-24," "," ","U",34," "," ","U",64," "," ","U",64," "," ","U",-10," "," ","U",22," "," ","U",56," "," ","U",18," "," ","U"
"19","USR0000MBIS",1992,4,"TMAX",139,"H"," ","U",211,"H"," ","U",200,"H"," ","U",111,"H"," ","U",72,"H"," ","U",11,"H"," ","U",44,"H"," ","U",89,"H"," ","U",39,"H"," ","U",17,"H"," ","U",-17,"H"," ","U",133,"H"," ","U",178,"H"," ","U",128,"H"," ","U",89,"H"," ","U",150,"H"," ","U",83,"H"," ","U",39,"H"," ","U",-11,"H"," ","U",172,"H"," ","U",161,"H"," ","U",72,"H"," ","U",67,"H"," ","U",94,"H"," ","U",150,"H"," ","U",200,"H"," ","U",233,"H"," ","U",183,"H"," ","U",233,"H"," ","U",194,"H"," ","U",NA," "," "," "
"20","USR0000MBIS",1992,4,"TMIN",0,"H"," ","U",22,"H"," ","U",67,"H"," ","U",-6,"H"," ","U",-56,"H"," ","U",-83,"H"," ","U",-89,"H"," ","U",-83,"H"," ","U",-28,"H"," ","U",-67,"H"," ","U",-83,"H"," ","U",-44,"H"," ","U",44,"H"," ","U",22,"H"," ","U",28,"H"," ","U",28,"H"," ","U",6,"H"," ","U",-22,"H"," ","U",-39,"H"," ","U",-28,"H"," ","U",17,"H"," ","U",-11,"H"," ","U",-44,"H"," ","U",-56,"H"," ","U",-28,"H"," ","U",61,"H"," ","U",83,"H"," ","U",61,"H"," ","U",61,"H"," ","U",39,"H"," ","U",NA," "," "," "
"21","USR0000MBIS",1992,4,"TAVG",64," "," ","U",103," "," ","U",125," "," ","U",62," "," ","U",-3," "," ","U",-42," "," ","U",-31," "," ","U",-6," "," ","U",2," "," ","U",-17," "," ","U",-57," "," ","U",43," "," ","U",94," "," ","U",58," "," ","U",52," "," ","U",66," "," ","U",44," "," ","U",6," "," ","U",-21," "," ","U",49," "," ","U",80," "," ","U",23," "," ","U",-1," "," ","U",0," "," ","U",61," "," ","U",131," "," ","U",149," "," ","U",110," "," ","U",156," "," ","U",117," "," ","U",NA," "," "," "
"22","USR0000MBIS",1992,5,"TMAX",128,"H"," ","U",194,"H"," ","U",189,"H"," ","U",228,"H"," ","U",250,"H"," ","U",272,"H"," ","U",267,"H"," ","U",189,"H"," ","U",61,"H","I","U",122,"H"," ","U",122,"H"," ","U",89,"H"," ","U",139,"H"," ","U",189,"H"," ","U",178,"H"," ","U",150,"H"," ","U",244,"H"," ","U",244,"H"," ","U",267,"H"," ","U",206,"H"," ","U",61,"H"," ","U",106,"H"," ","U",150,"H"," ","U",94,"H"," ","U",139,"H"," ","U",189,"H"," ","U",133,"H"," ","U",183,"H"," ","U",133,"H"," ","U",56,"H"," ","U",122,"H"," ","U"
"23","USR0000MBIS",1992,5,"TMIN",-6,"H"," ","U",6,"H"," ","U",44,"H"," ","U",50,"H"," ","U",83,"H"," ","U",111,"H"," ","U",122,"H"," ","U",72,"H","I","U",-6,"H"," ","U",39,"H"," ","U",-11,"H"," ","U",17,"H"," ","U",11,"H"," ","U",50,"H"," ","U",-33,"H"," ","U",-50,"H"," ","U",61,"H"," ","U",122,"H"," ","U",100,"H"," ","U",67,"H"," ","U",0,"H"," ","U",22,"H"," ","U",44,"H"," ","U",39,"H"," ","U",6,"H"," ","U",39,"H"," ","U",39,"H"," ","U",28,"H"," ","U",50,"H"," ","U",39,"H"," ","U",33,"H"," ","U"
"24","USR0000MBIS",1992,5,"TAVG",49," "," ","U",90," "," ","U",104," "," ","U",140," "," ","U",167," "," ","U",187," "," ","U",181," "," ","U",122," "," ","U",21," "," ","U",80," "," ","U",57," "," ","U",46," "," ","U",66," "," ","U",119," "," ","U",89," "," ","U",39," "," ","U",147," "," ","U",171," "," ","U",184," "," ","U",119," "," ","U",18," "," ","U",58," "," ","U",82," "," ","U",69," "," ","U",71," "," ","U",106," "," ","U",76," "," ","U",94," "," ","U",99," "," ","U",46," "," ","U",55," "," ","U"
"25","USR0000MBIS",1992,6,"TMAX",233,"H"," ","U",217,"H"," ","U",150,"H"," ","U",167,"H"," ","U",94,"H"," ","U",172,"H"," ","U",211,"H"," ","U",239,"H"," ","U",272,"H"," ","U",272,"H"," ","U",278,"H"," ","U",250,"H"," ","U",189,"H"," ","U",122,"H"," ","U",72,"H"," ","U",83,"H"," ","U",172,"H"," ","U",211,"H"," ","U",233,"H"," ","U",261,"H"," ","U",239,"H"," ","U",261,"H"," ","U",289,"H"," ","U",228,"H"," ","U",222,"H"," ","U",250,"H"," ","U",217,"H"," ","U",178,"H"," ","U",178,"H"," ","U",94,"H"," ","U",NA," "," "," "
"26","USR0000MBIS",1992,6,"TMIN",61,"H"," ","U",94,"H"," ","U",44,"H"," ","U",39,"H"," ","U",22,"H"," ","U",6,"H"," ","U",56,"H"," ","U",128,"H"," ","U",139,"H"," ","U",133,"H"," ","U",139,"H"," ","U",128,"H"," ","U",67,"H"," ","U",56,"H"," ","U",44,"H"," ","U",39,"H"," ","U",61,"H"," ","U",72,"H"," ","U",94,"H"," ","U",133,"H"," ","U",117,"H"," ","U",133,"H"," ","U",150,"H"," ","U",89,"H"," ","U",111,"H"," ","U",139,"H"," ","U",111,"H"," ","U",100,"H"," ","U",83,"H"," ","U",50,"H"," ","U",NA," "," "," "
"27","USR0000MBIS",1992,6,"TAVG",159," "," ","U",151," "," ","U",89," "," ","U",92," "," ","U",53," "," ","U",86," "," ","U",138," "," ","U",172," "," ","U",194," "," ","U",206," "," ","U",183," "," ","U",169," "," ","U",133," "," ","U",80," "," ","U",57," "," ","U",66," "," ","U",107," "," ","U",133," "," ","U",154," "," ","U",182," "," ","U",177," "," ","U",193," "," ","U",219," "," ","U",150," "," ","U",176," "," ","U",186," "," ","U",164," "," ","U",131," "," ","U",121," "," ","U",63," "," ","U",NA," "," "," "
"28","USR0000MBIS",1992,7,"TMAX",83,"H"," ","U",156,"H"," ","U",172,"H"," ","U",206,"H"," ","U",233,"H"," ","U",217,"H"," ","U",167,"H"," ","U",189,"H"," ","U",150,"H"," ","U",172,"H"," ","U",144,"H"," ","U",167,"H"," ","U",228,"H"," ","U",233,"H"," ","U",183,"H"," ","U",189,"H"," ","U",244,"H"," ","U",261,"H"," ","U",100,"H","I","U",128,"H"," ","U",111,"H"," ","U",206,"H"," ","U",233,"H"," ","U",189,"H"," ","U",222,"H"," ","U",272,"H"," ","U",272,"H"," ","U",233,"H"," ","U",194,"H"," ","U",244,"H"," ","U",283,"H"," ","U"
"29","USR0000MBIS",1992,7,"TMIN",17,"H"," ","U",6,"H"," ","U",56,"H"," ","U",94,"H"," ","U",94,"H"," ","U",72,"H"," ","U",72,"H"," ","U",56,"H"," ","U",61,"H"," ","U",56,"H"," ","U",50,"H"," ","U",44,"H"," ","U",83,"H"," ","U",72,"H"," ","U",56,"H"," ","U",56,"H"," ","U",89,"H"," ","U",111,"H","I","U",72,"H"," ","U",67,"H"," ","U",67,"H"," ","U",72,"H"," ","U",89,"H"," ","U",83,"H"," ","U",78,"H"," ","U",122,"H"," ","U",111,"H"," ","U",122,"H"," ","U",83,"H"," ","U",78,"H"," ","U",122,"H"," ","U"
"30","USR0000MBIS",1992,7,"TAVG",51," "," ","U",74," "," ","U",108," "," ","U",141," "," ","U",142," "," ","U",137," "," ","U",110," "," ","U",121," "," ","U",87," "," ","U",101," "," ","U",88," "," ","U",104," "," ","U",134," "," ","U",149," "," ","U",113," "," ","U",114," "," ","U",157," "," ","U",183," "," ","U",86," "," ","U",92," "," ","U",90," "," ","U",137," "," ","U",147," "," ","U",129," "," ","U",153," "," ","U",181," "," ","U",178," "," ","U",162," "," ","U",129," "," ","U",168," "," ","U",193," "," ","U"
"31","USR0000MBIS",1992,8,"TMAX",261,"H"," ","U",239,"H"," ","U",261,"H"," ","U",267,"H"," ","U",272,"H"," ","U",272,"H"," ","U",283,"H"," ","U",250,"H"," ","U",233,"H"," ","U",256,"H"," ","U",233,"H"," ","U",244,"H"," ","U",261,"H"," ","U",311,"H"," ","U",306,"H"," ","U",294,"H"," ","U",250,"H"," ","U",244,"H"," ","U",322,"H"," ","U",189,"H"," ","U",244,"H"," ","U",33,"H","I","U",33,"H"," ","U",61,"H"," ","U",139,"H"," ","U",206,"H"," ","U",228,"H"," ","U",228,"H"," ","U",128,"H"," ","U",178,"H"," ","U",222,"H"," ","U"
"32","USR0000MBIS",1992,8,"TMIN",144,"H"," ","U",117,"H"," ","U",133,"H"," ","U",94,"H"," ","U",156,"H"," ","U",122,"H"," ","U",122,"H"," ","U",94,"H"," ","U",89,"H"," ","U",89,"H"," ","U",94,"H"," ","U",100,"H"," ","U",117,"H"," ","U",150,"H"," ","U",150,"H"," ","U",128,"H"," ","U",144,"H"," ","U",128,"H"," ","U",150,"H"," ","U",72,"H"," ","U",50,"H","I","U",-22,"H"," ","U",-11,"H"," ","U",-28,"H"," ","U",-39,"H"," ","U",6,"H"," ","U",67,"H"," ","U",17,"H"," ","U",0,"H"," ","U",39,"H"," ","U",100,"H"," ","U"
"33","USR0000MBIS",1992,8,"TAVG",191," "," ","U",163," "," ","U",184," "," ","U",172," "," ","U",193," "," ","U",184," "," ","U",197," "," ","U",151," "," ","U",152," "," ","U",162," "," ","U",149," "," ","U",166," "," ","U",190," "," ","U",223," "," ","U",216," "," ","U",182," "," ","U",181," "," ","U",175," "," ","U",221," "," ","U",102," "," ","U",128," "," ","U",-8," "," ","U",2," "," ","U",7," "," ","U",36," "," ","U",76," "," ","U",137," "," ","U",118," "," ","U",44," "," ","U",101," "," ","U",152," "," ","U"
"34","USR0000MBIS",1992,9,"TMAX",244,"H"," ","U",222,"H"," ","U",267,"H"," ","U",156,"H"," ","U",94,"H"," ","U",33,"H"," ","U",89,"H"," ","U",122,"H"," ","U",156,"H"," ","U",228,"H"," ","U",239,"H"," ","U",161,"H"," ","U",100,"H"," ","U",139,"H"," ","U",194,"H"," ","U",211,"H"," ","U",50,"H","S","U",200,"H"," ","U",222,"H"," ","U",200,"H"," ","U",217,"H"," ","U",289,"H"," ","U",267,"H"," ","U",178,"H"," ","U",106,"H"," ","U",133,"H"," ","U",122,"H"," ","U",222,"H"," ","U",289,"H"," ","U",294,"H"," ","U",NA," "," "," "
"35","USR0000MBIS",1992,9,"TMIN",94,"H"," ","U",78,"H"," ","U",94,"H"," ","U",83,"H"," ","U",28,"H"," ","U",-6,"H"," ","U",-17,"H"," ","U",0,"H"," ","U",-11,"H"," ","U",50,"H"," ","U",144,"H"," ","U",6,"H"," ","U",0,"H"," ","U",-17,"H"," ","U",50,"H"," ","U",50,"H"," ","U",-22,"H"," ","U",-17,"H"," ","U",100,"H"," ","U",72,"H"," ","U",50,"H"," ","U",100,"H"," ","U",150,"H"," ","U",33,"H"," ","U",17,"H"," ","U",11,"H"," ","U",0,"H"," ","U",44,"H"," ","U",111,"H"," ","U",128,"H"," ","U",NA," "," "," "
"36","USR0000MBIS",1992,9,"TAVG",154," "," ","U",149," "," ","U",169," "," ","U",121," "," ","U",63," "," ","U",11," "," ","U",44," "," ","U",67," "," ","U",56," "," ","U",139," "," ","U",196," "," ","U",84," "," ","U",25," "," ","U",83," "," ","U",112," "," ","U",126," "," ","U",6," "," ","U",65," "," ","U",151," "," ","U",119," "," ","U",121," "," ","U",175," "," ","U",194," "," ","U",112," "," ","U",47," "," ","U",69," "," ","U",48," "," ","U",118," "," ","U",174," "," ","U",203," "," ","U",NA," "," "," "
"37","USR0000MBIS",1992,10,"TMAX",300,"H"," ","U",272,"H"," ","U",267,"H"," ","U",106,"H"," ","U",89,"H"," ","U",44,"H"," ","U",100,"H"," ","U",78,"H"," ","U",122,"H"," ","U",167,"H"," ","U",167,"H"," ","U",161,"H"," ","U",106,"H"," ","U",39,"H"," ","U",-33,"H"," ","U",44,"H"," ","U",72,"H"," ","U",122,"H"," ","U",167,"H"," ","U",217,"H"," ","U",233,"H"," ","U",161,"H"," ","U",211,"H"," ","U",217,"H"," ","U",94,"H"," ","U",172,"H"," ","U",83,"H"," ","U",50,"H"," ","U",50,"H"," ","U",100,"H"," ","U",78,"H"," ","U"
"38","USR0000MBIS",1992,10,"TMIN",150,"H"," ","U",183,"H"," ","U",111,"H"," ","U",-6,"H"," ","U",-17,"H"," ","U",-61,"H"," ","U",-72,"H"," ","U",-22,"H"," ","U",17,"H"," ","U",11,"H"," ","U",39,"H"," ","U",39,"H"," ","U",-44,"H"," ","U",-61,"H"," ","U",-94,"H"," ","U",-89,"H"," ","U",-22,"H"," ","U",0,"H"," ","U",44,"H"," ","U",67,"H"," ","U",111,"H"," ","U",56,"H"," ","U",44,"H"," ","U",83,"H"," ","U",0,"H"," ","U",28,"H"," ","U",-17,"H"," ","U",-28,"H"," ","U",-6,"H"," ","U",0,"H"," ","U",-22,"H"," ","U"
"39","USR0000MBIS",1992,10,"TAVG",210," "," ","U",209," "," ","U",190," "," ","U",47," "," ","U",28," "," ","U",-11," "," ","U",-7," "," ","U",33," "," ","U",43," "," ","U",79," "," ","U",103," "," ","U",97," "," ","U",-12," "," ","U",-31," "," ","U",-73," "," ","U",-28," "," ","U",12," "," ","U",62," "," ","U",90," "," ","U",132," "," ","U",161," "," ","U",95," "," ","U",121," "," ","U",139," "," ","U",47," "," ","U",89," "," ","U",22," "," ","U",-2," "," ","U",26," "," ","U",42," "," ","U",8," "," ","U"
"40","USR0000MBIS",1992,11,"TMAX",61,"H"," ","U",-17,"H"," ","U",-56,"H"," ","U",-22,"H"," ","U",-28,"H"," ","U",44,"H"," ","U",28,"H"," ","U",17,"H"," ","U",-22,"H"," ","U",-6,"H"," ","U",6,"H"," ","U",-28,"H"," ","U",67,"H"," ","U",128,"H"," ","U",111,"H"," ","U",100,"H"," ","U",61,"H"," ","U",44,"H"," ","U",22,"H"," ","U",6,"H"," ","U",11,"H"," ","U",17,"H"," ","U",-106,"H"," ","U",-44,"H"," ","U",6,"H"," ","U",67,"H"," ","U",72,"H"," ","U",-11,"H"," ","U",33,"H"," ","U",33,"H"," ","U",NA," "," "," "
"41","USR0000MBIS",1992,11,"TMIN",-17,"H"," ","U",-56,"H"," ","U",-78,"H"," ","U",-106,"H"," ","U",-44,"H"," ","U",-67,"H"," ","U",-11,"H"," ","U",-39,"H"," ","U",-61,"H"," ","U",-94,"H"," ","U",-61,"H"," ","U",-72,"H"," ","U",-28,"H"," ","U",6,"H"," ","U",33,"H"," ","U",11,"H"," ","U",-11,"H"," ","U",-22,"H"," ","U",-33,"H"," ","U",-67,"H"," ","U",-78,"H"," ","U",-111,"H"," ","U",-133,"H"," ","U",-150,"H"," ","U",-106,"H"," ","U",-39,"H"," ","U",-6,"H"," ","U",-111,"H"," ","U",-111,"H"," ","U",-39,"H"," ","U",NA," "," "," "
"42","USR0000MBIS",1992,11,"TAVG",14," "," ","U",-38," "," ","U",-69," "," ","U",-58," "," ","U",-38," "," ","U",-25," "," ","U",10," "," ","U",-9," "," ","U",-42," "," ","U",-57," "," ","U",-28," "," ","U",-47," "," ","U",19," "," ","U",47," "," ","U",64," "," ","U",38," "," ","U",15," "," ","U",-1," "," ","U",-16," "," ","U",-34," "," ","U",-38," "," ","U",-38," "," ","U",-118," "," ","U",-107," "," ","U",-53," "," ","U",-3," "," ","U",20," "," ","U",-62," "," ","U",-55," "," ","U",-6," "," ","U",NA," "," "," "
"43","USR0000MBIS",1992,12,"TMAX",-33,"H"," ","U",-50,"H"," ","U",-94,"H"," ","U",-6,"H"," ","U",56,"H"," ","U",0,"H"," ","U",22,"H"," ","U",17,"H"," ","U",-17,"H"," ","U",44,"H"," ","U",17,"H"," ","U",-28,"H"," ","U",-6,"H"," ","U",28,"H"," ","U",-33,"H"," ","U",-72,"H"," ","U",-61,"H"," ","U",-100,"H"," ","U",-61,"H"," ","U",-22,"H"," ","U",-28,"H"," ","U",-33,"H"," ","U",22,"H"," ","U",22,"H"," ","U",-11,"H"," ","U",-6,"H"," ","U",-44,"H","I","U",NA," "," "," ",NA," "," "," ",NA," "," "," ",NA," "," "," "
"44","USR0000MBIS",1992,12,"TMIN",-89,"H"," ","U",-117,"H"," ","U",-167,"H"," ","U",-161,"H"," ","U",-61,"H"," ","U",-61,"H"," ","U",-44,"H"," ","U",-33,"H"," ","U",-72,"H"," ","U",-72,"H"," ","U",-50,"H"," ","U",-106,"H"," ","U",-150,"H"," ","U",-50,"H"," ","U",-94,"H"," ","U",-156,"H"," ","U",-178,"H"," ","U",-233,"H"," ","U",-150,"H"," ","U",-67,"H"," ","U",-67,"H"," ","U",-200,"H"," ","U",-189,"H"," ","U",-139,"H"," ","U",-100,"H"," ","U",-33,"H","I","U",-206,"H"," ","U",NA," "," "," ",NA," "," "," ",NA," "," "," ",NA," "," "," "
"45","USR0000MBIS",1992,12,"TAVG",-68," "," ","U",-82," "," ","U",-132," "," ","U",-75," "," ","U",5," "," ","U",-38," "," ","U",-16," "," ","U",-12," "," ","U",-36," "," ","U",-11," "," ","U",-27," "," ","U",-60," "," ","U",-90," "," ","U",-8," "," ","U",-71," "," ","U",-120," "," ","U",-118," "," ","U",-153," "," ","U",-107," "," ","U",-49," "," ","U",-49," "," ","U",-91," "," ","U",-74," "," ","U",-52," "," ","U",-61," "," ","U",-25," "," ","U",-148," "," ","U",NA," "," "," ",NA," "," "," ",NA," "," "," ",NA," "," "," "
"46","USR0000MBIS",1993,1,"TMAX",NA," "," "," ",NA," "," "," ",NA," "," "," ",NA," "," "," ",NA," "," "," ",NA," "," "," ",NA," "," "," ",NA," "," "," ",NA," "," "," ",NA," "," "," ",NA," "," "," ",NA," "," "," ",NA," "," "," ",NA," "," "," ",NA," "," "," ",NA," "," "," ",NA," "," "," ",NA," "," "," ",NA," "," "," ",NA," "," "," ",NA," "," "," ",NA," "," "," ",NA," "," "," ",NA," "," "," ",NA," "," "," ",NA," "," "," ",72,"H"," ","U",-22,"H"," ","U",83,"H"," ","U",156,"H"," ","U",128,"H"," ","U"
"47","USR0000MBIS",1993,1,"TMIN",NA," "," "," ",NA," "," "," ",NA," "," "," ",NA," "," "," ",NA," "," "," ",NA," "," "," ",NA," "," "," ",NA," "," "," ",NA," "," "," ",NA," "," "," ",NA," "," "," ",NA," "," "," ",NA," "," "," ",NA," "," "," ",NA," "," "," ",NA," "," "," ",NA," "," "," ",NA," "," "," ",NA," "," "," ",NA," "," "," ",NA," "," "," ",NA," "," "," ",NA," "," "," ",NA," "," "," ",NA," "," "," ",NA," "," "," ",-61,"H"," ","U",-89,"H"," ","U",-33,"H"," ","U",-6,"H"," ","U",17,"H"," ","U"
"48","USR0000MBIS",1993,1,"TAVG",NA," "," "," ",NA," "," "," ",NA," "," "," ",NA," "," "," ",NA," "," "," ",NA," "," "," ",NA," "," "," ",NA," "," "," ",NA," "," "," ",NA," "," "," ",NA," "," "," ",NA," "," "," ",NA," "," "," ",NA," "," "," ",NA," "," "," ",NA," "," "," ",NA," "," "," ",NA," "," "," ",NA," "," "," ",NA," "," "," ",NA," "," "," ",NA," "," "," ",NA," "," "," ",NA," "," "," ",NA," "," "," ",NA," "," "," ",8," "," ","U",-57," "," ","U",8," "," ","U",52," "," ","U",61," "," ","U"
"49","USR0000MBIS",1993,2,"TMAX",89,"H"," ","U",33,"H"," ","U",89,"H"," ","U",144,"H"," ","U",133,"H"," ","U",128,"H"," ","U",100,"H"," ","U",94,"H"," ","U",-28,"H"," ","U",-56,"H"," ","U",44,"H"," ","U",-17,"H"," ","U",-22,"H"," ","U",-56,"H"," ","U",-167,"H"," ","U",-172,"H"," ","U",-33,"H"," ","U",-22,"H"," ","U",-50,"H"," ","U",-128,"H"," ","U",-83,"H"," ","U",-28,"H"," ","U",-106,"H"," ","U",-67,"H"," ","U",-11,"H"," ","U",33,"H"," ","U",106,"H"," ","U",150,"H"," ","U",NA," "," "," ",NA," "," "," ",NA," "," "," "
"50","USR0000MBIS",1993,2,"TMIN",-11,"H"," ","U",-50,"H"," ","U",-22,"H"," ","U",11,"H"," ","U",33,"H"," ","U",6,"H"," ","U",0,"H"," ","U",-22,"H"," ","U",-106,"H"," ","U",-122,"H"," ","U",-89,"H"," ","U",-67,"H"," ","U",-67,"H"," ","U",-222,"H"," ","U",-267,"H"," ","U",-278,"H"," ","U",-256,"H"," ","U",-133,"H"," ","U",-167,"H"," ","U",-194,"H"," ","U",-194,"H"," ","U",-139,"H"," ","U",-200,"H"," ","U",-156,"H"," ","U",-156,"H"," ","U",-117,"H"," ","U",-78,"H"," ","U",-22,"H"," ","U",NA," "," "," ",NA," "," "," ",NA," "," "," "
"51","USR0000MBIS",1993,2,"TAVG",38," "," ","U",-19," "," ","U",23," "," ","U",51," "," ","U",73," "," ","U",49," "," ","U",27," "," ","U",23," "," ","U",-64," "," ","U",-96," "," ","U",-39," "," ","U",-51," "," ","U",-51," "," ","U",-140," "," ","U",-221," "," ","U",-247," "," ","U",-153," "," ","U",-97," "," ","U",-128," "," ","U",-164," "," ","U",-149," "," ","U",-106," "," ","U",-152," "," ","U",-122," "," ","U",-94," "," ","U",-70," "," ","U",-9," "," ","U",41," "," ","U",NA," "," "," ",NA," "," "," ",NA," "," "," "
"52","USR0000MBIS",1993,3,"TMAX",161,"H"," ","U",11,"H"," ","U",56,"H"," ","U",122,"H"," ","U",100,"H"," ","U",NA," "," "," ",NA," "," "," ",NA," "," "," ",NA," "," "," ",NA," "," "," ",NA," "," "," ",6,"H"," ","U",83,"H"," ","U",33,"H"," ","U",78,"H"," ","U",-72,"H"," ","U",56,"H"," ","U",17,"H"," ","U",NA," "," "," ",39,"H"," ","U",111,"H"," ","U",156,"H"," ","U",200,"H"," ","U",183,"H"," ","U",128,"H"," ","U",161,"H"," ","U",22,"H"," ","U",11,"H"," ","U",11,"H"," ","U",67,"H"," ","U",78,"H"," ","U"
"53","USR0000MBIS",1993,3,"TMIN",-6,"H"," ","U",-56,"H"," ","U",-78,"H"," ","U",11,"H"," ","U",0,"H"," ","U",NA," "," "," ",NA," "," "," ",NA," "," "," ",NA," "," "," ",NA," "," "," ",NA," "," "," ",-161,"H"," ","U",-111,"H"," ","U",-28,"H"," ","U",-161,"H"," ","U",-200,"H"," ","U",-106,"H"," ","U",6,"H"," ","U",NA," "," "," ",-11,"H"," ","U",-28,"H"," ","U",11,"H"," ","U",50,"H"," ","U",50,"H"," ","U",17,"H"," ","U",0,"H"," ","U",-33,"H"," ","U",-33,"H"," ","U",-22,"H"," ","U",-39,"H"," ","U",-39,"H"," ","U"
"54","USR0000MBIS",1993,3,"TAVG",48," "," ","U",-19," "," ","U",-17," "," ","U",41," "," ","U",37," "," ","U",NA," "," "," ",NA," "," "," ",NA," "," "," ",NA," "," "," ",NA," "," "," ",NA," "," "," ",-77," "," ","U",-23," "," ","U",9," "," ","U",-34," "," ","U",-149," "," ","U",-21," "," ","U",13," "," ","U",NA," "," "," ",3," "," ","U",18," "," ","U",72," "," ","U",108," "," ","U",106," "," ","U",61," "," ","U",78," "," ","U",-2," "," ","U",-12," "," ","U",-11," "," ","U",-6," "," ","U",9," "," ","U"
"55","USR0000MBIS",1993,4,"TMAX",106,"H"," ","U",94,"H"," ","U",133,"H"," ","U",139,"H"," ","U",78,"H"," ","U",44,"H"," ","U",111,"H"," ","U",161,"H"," ","U",106,"H"," ","U",94,"H"," ","U",22,"H"," ","U",39,"H"," ","U",78,"H"," ","U",3521,"H","X","U",83,"H"," ","U",100,"H"," ","U",NA," "," "," ",NA," "," "," ",22,"H"," ","U",106,"H"," ","U",189,"H"," ","U",122,"H"," ","U",83,"H"," ","U",28,"H"," ","U",128,"H"," ","U",106,"H"," ","U",83,"H"," ","U",128,"H"," ","U",122,"H"," ","U",117,"H"," ","U",NA," "," "," "
"56","USR0000MBIS",1993,4,"TMIN",-6,"H"," ","U",22,"H"," ","U",39,"H"," ","U",33,"H"," ","U",-22,"H"," ","U",-50,"H"," ","U",-44,"H"," ","U",-17,"H"," ","U",-11,"H"," ","U",-28,"H"," ","U",-22,"H"," ","U",-33,"H"," ","U",-50,"H"," ","U",-61,"H"," ","U",22,"H"," ","U",-6,"H"," ","U",NA," "," "," ",NA," "," "," ",-39,"H"," ","U",-11,"H"," ","U",94,"H"," ","U",28,"H"," ","U",-11,"H"," ","U",-17,"H"," ","U",-6,"H"," ","U",-17,"H"," ","U",-22,"H"," ","U",-17,"H"," ","U",0,"H"," ","U",-6,"H"," ","U",NA," "," "," "
"57","USR0000MBIS",1993,4,"TAVG",37," "," ","U",56," "," ","U",84," "," ","U",69," "," ","U",23," "," ","U",-12," "," ","U",16," "," ","U",59," "," ","U",44," "," ","U",21," "," ","U",-7," "," ","U",-13," "," ","U",-11," "," ","U",586," ","X","U",57," "," ","U",61," "," ","U",NA," "," "," ",NA," "," "," ",-16," "," ","U",48," "," ","U",142," "," ","U",72," "," ","U",24," "," ","U",0," "," ","U",52," "," ","U",46," "," ","U",22," "," ","U",44," "," ","U",51," "," ","U",36," "," ","U",NA," "," "," "
"58","USR0000MBIS",1993,5,"TMAX",106,"H"," ","U",150,"H"," ","U",156,"H"," ","U",78,"H"," ","U",100,"H"," ","U",167,"H"," ","U",106,"H"," ","U",83,"H"," ","U",150,"H"," ","U",222,"H"," ","U",250,"H"," ","U",244,"H"," ","U",261,"H"," ","U",217,"H"," ","U",111,"H"," ","U",172,"H"," ","U",161,"H"," ","U",200,"H"," ","U",161,"H"," ","U",200,"H"," ","U",172,"H"," ","U",139,"H"," ","U",67,"H"," ","U",150,"H"," ","U",194,"H"," ","U",211,"H"," ","U",156,"H"," ","U",183,"H"," ","U",172,"H"," ","U",194,"H"," ","U",117,"H"," ","U"
"59","USR0000MBIS",1993,5,"TMIN",0,"H"," ","U",0,"H"," ","U",0,"H"," ","U",33,"H"," ","U",39,"H"," ","U",56,"H"," ","U",-17,"H"," ","U",-28,"H"," ","U",-17,"H"," ","U",61,"H"," ","U",139,"H"," ","U",111,"H"," ","U",111,"H"," ","U",89,"H"," ","U",50,"H"," ","U",61,"H"," ","U",39,"H"," ","U",44,"H"," ","U",56,"H"," ","U",67,"H"," ","U",78,"H"," ","U",17,"H"," ","U",0,"H"," ","U",-6,"H"," ","U",50,"H"," ","U",67,"H"," ","U",22,"H"," ","U",61,"H"," ","U",83,"H"," ","U",44,"H"," ","U",106,"H"," ","U"
"60","USR0000MBIS",1993,5,"TAVG",47," "," ","U",67," "," ","U",83," "," ","U",50," "," ","U",67," "," ","U",99," "," ","U",43," "," ","U",19," "," ","U",62," "," ","U",137," "," ","U",179," "," ","U",183," "," ","U",170," "," ","U",161," "," ","U",81," "," ","U",97," "," ","U",93," "," ","U",112," "," ","U",99," "," ","U",123," "," ","U",114," "," ","U",77," "," ","U",25," "," ","U",59," "," ","U",141," "," ","U",131," "," ","U",92," "," ","U",128," "," ","U",114," "," ","U",127," "," ","U",111," "," ","U"
"61","USR0000MBIS",1993,6,"TMAX",111,"H"," ","U",106,"H"," ","U",100,"H"," ","U",100,"H"," ","U",133,"H"," ","U",117,"H"," ","U",72,"H"," ","U",78,"H"," ","U",178,"H"," ","U",183,"H"," ","U",194,"H"," ","U",89,"H"," ","U",150,"H"," ","U",194,"H"," ","U",206,"H"," ","U",111,"H"," ","U",128,"H"," ","U",211,"H"," ","U",267,"H"," ","U",278,"H"," ","U",278,"H"," ","U",167,"H"," ","U",128,"H"," ","U",83,"H"," ","U",211,"H"," ","U",250,"H"," ","U",283,"H"," ","U",244,"H"," ","U",172,"H"," ","U",189,"H"," ","U",NA," "," "," "
"62","USR0000MBIS",1993,6,"TMIN",50,"H"," ","U",11,"H"," ","U",-11,"H"," ","U",22,"H"," ","U",83,"H"," ","U",56,"H"," ","U",33,"H"," ","U",33,"H"," ","U",39,"H"," ","U",67,"H"," ","U",44,"H"," ","U",11,"H"," ","U",33,"H"," ","U",50,"H"," ","U",61,"H"," ","U",28,"H"," ","U",11,"H"," ","U",61,"H"," ","U",122,"H"," ","U",128,"H"," ","U",128,"H"," ","U",33,"H"," ","U",6,"H"," ","U",28,"H"," ","U",44,"H"," ","U",67,"H"," ","U",111,"H"," ","U",72,"H"," ","U",39,"H"," ","U",22,"H"," ","U",NA," "," "," "
"63","USR0000MBIS",1993,6,"TAVG",78," "," ","U",59," "," ","U",36," "," ","U",52," "," ","U",109," "," ","U",79," "," ","U",54," "," ","U",59," "," ","U",108," "," ","U",127," "," ","U",110," "," ","U",44," "," ","U",79," "," ","U",127," "," ","U",127," "," ","U",63," "," ","U",61," "," ","U",161," "," ","U",209," "," ","U",207," "," ","U",207," "," ","U",107," "," ","U",56," "," ","U",50," "," ","U",115," "," ","U",156," "," ","U",182," "," ","U",154," "," ","U",98," "," ","U",106," "," ","U",NA," "," "," "
"64","USR0000MBIS",1993,7,"TMAX",189,"H"," ","U",194,"H"," ","U",78,"H"," ","U",117,"H"," ","U",167,"H"," ","U",139,"H"," ","U",150,"H"," ","U",178,"H"," ","U",200,"H"," ","U",83,"H","I","U",189,"H"," ","U",100,"H"," ","U",144,"H"," ","U",172,"H"," ","U",156,"H"," ","U",128,"H"," ","U",144,"H"," ","U",156,"H"," ","U",222,"H"," ","U",233,"H"," ","U",183,"H"," ","U",194,"H"," ","U",161,"H"," ","U",133,"H"," ","U",183,"H"," ","U",100,"H"," ","U",150,"H"," ","U",217,"H"," ","U",233,"H"," ","U",239,"H"," ","U",217,"H"," ","U"
"65","USR0000MBIS",1993,7,"TMIN",72,"H"," ","U",67,"H"," ","U",56,"H"," ","U",61,"H"," ","U",61,"H"," ","U",50,"H"," ","U",33,"H"," ","U",50,"H"," ","U",117,"H","I","U",28,"H"," ","U",44,"H"," ","U",39,"H"," ","U",33,"H"," ","U",61,"H"," ","U",39,"H"," ","U",56,"H"," ","U",50,"H"," ","U",56,"H"," ","U",128,"H"," ","U",83,"H"," ","U",72,"H"," ","U",61,"H"," ","U",72,"H"," ","U",72,"H"," ","U",67,"H"," ","U",72,"H"," ","U",72,"H"," ","U",117,"H"," ","U",183,"H"," ","U",111,"H"," ","U",94,"H"," ","U"
"66","USR0000MBIS",1993,7,"TAVG",121," "," ","U",121," "," ","U",66," "," ","U",72," "," ","U",90," "," ","U",75," "," ","U",71," "," ","U",89," "," ","U",166," "," ","U",47," "," ","U",96," "," ","U",61," "," ","U",91," "," ","U",99," "," ","U",86," "," ","U",74," "," ","U",82," "," ","U",82," "," ","U",172," "," ","U",148," "," ","U",115," "," ","U",118," "," ","U",98," "," ","U",93," "," ","U",107," "," ","U",79," "," ","U",96," "," ","U",157," "," ","U",205," "," ","U",179," "," ","U",146," "," ","U"
"67","USR0000MBIS",1993,8,"TMAX",222,"H"," ","U",178,"H"," ","U",172,"H"," ","U",217,"H"," ","U",206,"H"," ","U",217,"H"," ","U",261,"H"," ","U",217,"H"," ","U",283,"H"," ","U",283,"H"," ","U",178,"H"," ","U",128,"H"," ","U",200,"H"," ","U",244,"H"," ","U",239,"H"," ","U",194,"H"," ","U",106,"H"," ","U",211,"H"," ","U",211,"H"," ","U",261,"H"," ","U",211,"H"," ","U",150,"H"," ","U",250,"H"," ","U",194,"H"," ","U",156,"H"," ","U",100,"H"," ","U",206,"H"," ","U",106,"H"," ","U",44,"H"," ","U",156,"H"," ","U",206,"H"," ","U"
"68","USR0000MBIS",1993,8,"TMIN",83,"H"," ","U",72,"H"," ","U",61,"H"," ","U",72,"H"," ","U",72,"H"," ","U",72,"H"," ","U",89,"H"," ","U",89,"H"," ","U",106,"H"," ","U",133,"H"," ","U",89,"H"," ","U",83,"H"," ","U",83,"H"," ","U",78,"H"," ","U",89,"H"," ","U",72,"H"," ","U",61,"H"," ","U",61,"H"," ","U",83,"H"," ","U",139,"H"," ","U",94,"H"," ","U",83,"H"," ","U",89,"H"," ","U",39,"H"," ","U",33,"H"," ","U",33,"H"," ","U",33,"H"," ","U",22,"H"," ","U",11,"H"," ","U",11,"H"," ","U",50,"H"," ","U"
"69","USR0000MBIS",1993,8,"TAVG",142," "," ","U",109," "," ","U",99," "," ","U",130," "," ","U",116," "," ","U",124," "," ","U",148," "," ","U",134," "," ","U",182," "," ","U",201," "," ","U",109," "," ","U",103," "," ","U",124," "," ","U",142," "," ","U",162," "," ","U",136," "," ","U",79," "," ","U",124," "," ","U",146," "," ","U",190," "," ","U",154," "," ","U",106," "," ","U",154," "," ","U",106," "," ","U",79," "," ","U",54," "," ","U",110," "," ","U",71," "," ","U",31," "," ","U",72," "," ","U",116," "," ","U"
"70","USR0000MBIS",1993,9,"TMAX",100,"H"," ","U",189,"H"," ","U",222,"H"," ","U",178,"H"," ","U",100,"H"," ","U",172,"H"," ","U",194,"H"," ","U",256,"H"," ","U",167,"H"," ","U",250,"H"," ","U",239,"H"," ","U",72,"H","I","U",100,"H"," ","U",144,"H"," ","U",128,"H"," ","U",28,"H"," ","U",100,"H"," ","U",150,"H"," ","U",161,"H"," ","U",150,"H"," ","U",72,"H"," ","U",139,"H"," ","U",167,"H"," ","U",189,"H"," ","U",133,"H"," ","U",178,"H"," ","U",200,"H"," ","U",156,"H"," ","U",233,"H"," ","U",133,"H"," ","U",NA," "," "," "
"71","USR0000MBIS",1993,9,"TMIN",61,"H"," ","U",22,"H"," ","U",83,"H"," ","U",67,"H"," ","U",67,"H"," ","U",50,"H"," ","U",50,"H"," ","U",83,"H"," ","U",61,"H"," ","U",83,"H"," ","U",83,"H","I","U",-33,"H"," ","U",-39,"H"," ","U",-11,"H"," ","U",6,"H"," ","U",0,"H"," ","U",11,"H"," ","U",33,"H"," ","U",44,"H"," ","U",6,"H"," ","U",-17,"H"," ","U",-22,"H"," ","U",39,"H"," ","U",33,"H"," ","U",0,"H"," ","U",-17,"H"," ","U",67,"H"," ","U",44,"H"," ","U",72,"H"," ","U",6,"H"," ","U",NA," "," "," "
"72","USR0000MBIS",1993,9,"TAVG",81," "," ","U",112," "," ","U",141," "," ","U",103," "," ","U",75," "," ","U",90," "," ","U",97," "," ","U",155," "," ","U",104," "," ","U",157," "," ","U",160," "," ","U",0," "," ","U",9," "," ","U",46," "," ","U",58," "," ","U",13," "," ","U",47," "," ","U",78," "," ","U",83," "," ","U",81," "," ","U",10," "," ","U",48," "," ","U",84," "," ","U",96," "," ","U",76," "," ","U",74," "," ","U",124," "," ","U",92," "," ","U",138," "," ","U",66," "," ","U",NA," "," "," "
"73","USR0000MBIS",1993,10,"TMAX",117,"H"," ","U",200,"H"," ","U",244,"H"," ","U",239,"H"," ","U",250,"H"," ","U",172,"H"," ","U",44,"H"," ","U",-17,"H"," ","U",83,"H"," ","U",144,"H"," ","U",117,"H"," ","U",144,"H"," ","U",122,"H"," ","U",106,"H"," ","U",89,"H"," ","U",117,"H"," ","U",100,"H"," ","U",100,"H"," ","U",61,"H"," ","U",61,"H"," ","U",144,"H"," ","U",156,"H"," ","U",172,"H"," ","U",150,"H"," ","U",67,"H","I","U",89,"H"," ","U",122,"H"," ","U",-22,"H","I","U",6,"H"," ","U",122,"H"," ","U",89,"H"," ","U"
"74","USR0000MBIS",1993,10,"TMIN",-6,"H"," ","U",28,"H"," ","U",89,"H"," ","U",122,"H"," ","U",106,"H"," ","U",22,"H"," ","U",-44,"H"," ","U",-83,"H"," ","U",-72,"H"," ","U",-6,"H"," ","U",17,"H"," ","U",28,"H"," ","U",22,"H"," ","U",33,"H"," ","U",17,"H"," ","U",0,"H"," ","U",0,"H"," ","U",-11,"H"," ","U",-67,"H"," ","U",-72,"H"," ","U",22,"H"," ","U",50,"H"," ","U",72,"H"," ","U",94,"H","I","U",-17,"H"," ","U",-28,"H"," ","U",-11,"H","I","U",-128,"H"," ","U",-128,"H"," ","U",-83,"H"," ","U",-11,"H"," ","U"
"75","USR0000MBIS",1993,10,"TAVG",47," "," ","U",101," "," ","U",149," "," ","U",151," "," ","U",169," "," ","U",97," "," ","U",1," "," ","U",-53," "," ","U",-3," "," ","U",60," "," ","U",59," "," ","U",74," "," ","U",66," "," ","U",62," "," ","U",43," "," ","U",39," "," ","U",29," "," ","U",36," "," ","U",-9," "," ","U",-9," "," ","U",71," "," ","U",88," "," ","U",111," "," ","U",112," "," ","U",11," "," ","U",16," "," ","U",63," "," ","U",-69," "," ","U",-87," "," ","U",11," "," ","U",42," "," ","U"
"76","USR0000MBIS",1993,11,"TMAX",33,"H"," ","U",61,"H"," ","U",72,"H"," ","U",-50,"H","I","U",0,"H"," ","U",6,"H"," ","U",-28,"H"," ","U",22,"H"," ","U",22,"H"," ","U",78,"H"," ","U",83,"H"," ","U",33,"H"," ","U",-22,"H"," ","U",6,"H"," ","U",44,"H"," ","U",17,"H"," ","U",44,"H"," ","U",0,"H"," ","U",17,"H"," ","U",67,"H"," ","U",17,"H"," ","U",-144,"H"," ","U",-228,"H"," ","U",-150,"H"," ","U",-100,"H"," ","U",11,"H"," ","U",61,"H"," ","U",72,"H"," ","U",67,"H"," ","U",44,"H"," ","U",NA," "," "," "
"77","USR0000MBIS",1993,11,"TMIN",-50,"H"," ","U",-50,"H"," ","U",-33,"H","I","U",-128,"H"," ","U",-139,"H"," ","U",-89,"H"," ","U",-78,"H"," ","U",-83,"H"," ","U",-67,"H"," ","U",-22,"H"," ","U",-33,"H"," ","U",-28,"H"," ","U",-78,"H"," ","U",-128,"H"," ","U",-39,"H"," ","U",-17,"H"," ","U",-28,"H"," ","U",-100,"H"," ","U",-94,"H"," ","U",6,"H"," ","U",-161,"H"," ","U",-261,"H"," ","U",-272,"H"," ","U",-272,"H"," ","U",-194,"H"," ","U",-100,"H"," ","U",-39,"H"," ","U",-11,"H"," ","U",22,"H"," ","U",-56,"H"," ","U",NA," "," "," "
"78","USR0000MBIS",1993,11,"TAVG",-29," "," ","U",14," "," ","U",32," "," ","U",-106," "," ","U",-94," "," ","U",-49," "," ","U",-52," "," ","U",-41," "," ","U",-24," "," ","U",14," "," ","U",12," "," ","U",-11," "," ","U",-43," "," ","U",-66," "," ","U",-3," "," ","U",-4," "," ","U",8," "," ","U",-50," "," ","U",-38," "," ","U",24," "," ","U",-64," "," ","U",-200," "," ","U",-258," "," ","U",-219," "," ","U",-138," "," ","U",-43," "," ","U",11," "," ","U",25," "," ","U",39," "," ","U",3," "," ","U",NA," "," "," "
"79","USR0000MBIS",1993,12,"TMAX",11,"H"," ","U",0,"H"," ","U",50,"H"," ","U",44,"H"," ","U",-50,"H"," ","U",-22,"H"," ","U",-6,"H"," ","U",33,"H"," ","U",11,"H"," ","U",83,"H"," ","U",106,"H"," ","U",56,"H"," ","U",56,"H"," ","U",61,"H"," ","U",17,"H"," ","U",-78,"H"," ","U",-33,"H"," ","U",-39,"H"," ","U",-56,"H"," ","U",-22,"H"," ","U",-72,"H"," ","U",-17,"H"," ","U",-39,"H"," ","U",6,"H"," ","U",50,"H"," ","U",11,"H"," ","U",NA," "," "," ",17,"H"," ","U",17,"H"," ","U",39,"H"," ","U",22,"H"," ","U"
"80","USR0000MBIS",1993,12,"TMIN",-61,"H"," ","U",-50,"H"," ","U",-61,"H"," ","U",-50,"H"," ","U",-106,"H"," ","U",-83,"H"," ","U",-78,"H"," ","U",0,"H"," ","U",-22,"H"," ","U",0,"H"," ","U",61,"H"," ","U",-56,"H"," ","U",-72,"H"," ","U",0,"H"," ","U",-78,"H"," ","U",-83,"H"," ","U",-89,"H"," ","U",-89,"H"," ","U",-106,"H"," ","U",-78,"H"," ","U",-128,"H"," ","U",-111,"H"," ","U",-117,"H"," ","U",-39,"H"," ","U",-33,"H"," ","U",-61,"H"," ","U",NA," "," "," ",-67,"H"," ","U",-44,"H"," ","U",-39,"H"," ","U",-39,"H"," ","U"
"81","USR0000MBIS",1993,12,"TAVG",-23," "," ","U",-18," "," ","U",1," "," ","U",4," "," ","U",-78," "," ","U",-60," "," ","U",-42," "," ","U",18," "," ","U",-8," "," ","U",47," "," ","U",79," "," ","U",3," "," ","U",-11," "," ","U",29," "," ","U",-33," "," ","U",-79," "," ","U",-70," "," ","U",-70," "," ","U",-84," "," ","U",-52," "," ","U",-105," "," ","U",-68," "," ","U",-83," "," ","U",-18," "," ","U",16," "," ","U",-23," "," ","U",NA," "," "," ",-35," "," ","U",-24," "," ","U",9," "," ","U",-18," "," ","U"
"82","USR0000MBIS",1994,1,"TMAX",0,"H"," ","U",6,"H"," ","U",0,"H"," ","U",39,"H"," ","U",-6,"H"," ","U",NA," "," "," ",NA," "," "," ",NA," "," "," ",NA," "," "," ",NA," "," "," ",NA," "," "," ",NA," "," "," ",NA," "," "," ",NA," "," "," ",NA," "," "," ",NA," "," "," ",NA," "," "," ",NA," "," "," ",NA," "," "," ",NA," "," "," ",122,"H"," ","U",100,"H"," ","U",117,"H"," ","U",83,"H"," ","U",61,"H"," ","U",50,"H"," ","U",-17,"H"," ","U",0,"H"," ","U",-56,"H"," ","U",-100,"H"," ","U",-72,"H"," ","U"
"83","USR0000MBIS",1994,1,"TMIN",-44,"H"," ","U",-61,"H"," ","U",-44,"H"," ","U",-17,"H"," ","U",-117,"H"," ","U",NA," "," "," ",NA," "," "," ",NA," "," "," ",NA," "," "," ",NA," "," "," ",NA," "," "," ",NA," "," "," ",NA," "," "," ",NA," "," "," ",NA," "," "," ",NA," "," "," ",NA," "," "," ",NA," "," "," ",NA," "," "," ",NA," "," "," ",39,"H"," ","U",33,"H"," ","U",33,"H"," ","U",-6,"H"," ","U",-28,"H"," ","U",-44,"H"," ","U",-72,"H"," ","U",-72,"H"," ","U",-144,"H"," ","U",-161,"H"," ","U",-139,"H"," ","U"
"84","USR0000MBIS",1994,1,"TAVG",-23," "," ","U",-26," "," ","U",-18," "," ","U",12," "," ","U",-47," "," ","U",NA," "," "," ",NA," "," "," ",NA," "," "," ",NA," "," "," ",NA," "," "," ",NA," "," "," ",NA," "," "," ",NA," "," "," ",NA," "," "," ",NA," "," "," ",NA," "," "," ",NA," "," "," ",NA," "," "," ",NA," "," "," ",NA," "," "," ",68," "," ","U",58," "," ","U",57," "," ","U",27," "," ","U",-3," "," ","U",-8," "," ","U",-52," "," ","U",-48," "," ","U",-94," "," ","U",-134," "," ","U",-104," "," ","U"
"85","USR0000MBIS",1994,2,"TMAX",0,"H"," ","U",-61,"H"," ","U",-89,"H"," ","U",-61,"H"," ","U",11,"H"," ","U",-78,"H"," ","U",-250,"H"," ","U",-67,"H"," ","U",-28,"H"," ","U",0,"H"," ","U",-22,"H"," ","U",22,"H"," ","U",28,"H"," ","U",33,"H"," ","U",44,"H"," ","U",89,"H"," ","U",89,"H"," ","U",61,"H"," ","U",6,"H"," ","U",-72,"H"," ","U",-56,"H"," ","U",-17,"H"," ","U",-22,"H"," ","U",-217,"H"," ","U",-44,"H"," ","U",100,"H"," ","U",78,"H"," ","U",78,"H"," ","U",NA," "," "," ",NA," "," "," ",NA," "," "," "
"86","USR0000MBIS",1994,2,"TMIN",-128,"H"," ","U",-100,"H"," ","U",-150,"H"," ","U",-128,"H"," ","U",-106,"H"," ","U",-267,"H"," ","U",-306,"H"," ","U",-244,"H"," ","U",-139,"H"," ","U",-111,"H"," ","U",-117,"H"," ","U",-117,"H"," ","U",-44,"H"," ","U",-56,"H"," ","U",-22,"H"," ","U",0,"H"," ","U",22,"H"," ","U",-67,"H"," ","U",-83,"H"," ","U",-156,"H"," ","U",-172,"H"," ","U",-200,"H"," ","U",-228,"H"," ","U",-289,"H"," ","U",-250,"H"," ","U",-39,"H"," ","U",-33,"H"," ","U",-56,"H"," ","U",NA," "," "," ",NA," "," "," ",NA," "," "," "
"87","USR0000MBIS",1994,2,"TAVG",-78," "," ","U",-86," "," ","U",-111," "," ","U",-99," "," ","U",-56," "," ","U",-192," "," ","U",-272," "," ","U",-142," "," ","U",-82," "," ","U",-76," "," ","U",-81," "," ","U",-58," "," ","U",-22," "," ","U",-28," "," ","U",13," "," ","U",37," "," ","U",52," "," ","U",6," "," ","U",-54," "," ","U",-117," "," ","U",-116," "," ","U",-117," "," ","U",-87," "," ","U",-260," "," ","U",-130," "," ","U",9," "," ","U",9," "," ","U",6," "," ","U",NA," "," "," ",NA," "," "," ",NA," "," "," "
"88","USR0000MBIS",1994,3,"TMAX",122,"H"," ","U",150,"H"," ","U",133,"H"," ","U",89,"H"," ","U",67,"H"," ","U",6,"H"," ","U",-6,"H"," ","U",50,"H"," ","U",83,"H"," ","U",94,"H"," ","U",22,"H"," ","U",128,"H"," ","U",128,"H"," ","U",111,"H"," ","U",156,"H"," ","U",167,"H"," ","U",61,"H"," ","U",111,"H"," ","U",44,"H"," ","U",67,"H"," ","U",89,"H"," ","U",6,"H"," ","U",-28,"H"," ","U",22,"H"," ","U",61,"H"," ","U",-44,"H"," ","U",50,"H"," ","U",11,"H"," ","U",78,"H"," ","U",139,"H"," ","U",183,"H"," ","U"
"89","USR0000MBIS",1994,3,"TMIN",17,"H"," ","U",44,"H"," ","U",33,"H"," ","U",0,"H"," ","U",-61,"H"," ","U",-89,"H"," ","U",-139,"H"," ","U",-111,"H"," ","U",-61,"H"," ","U",-17,"H"," ","U",-44,"H"," ","U",-50,"H"," ","U",11,"H"," ","U",0,"H"," ","U",-6,"H"," ","U",6,"H"," ","U",-33,"H"," ","U",-6,"H"," ","U",-78,"H"," ","U",-83,"H"," ","U",-50,"H"," ","U",-61,"H"," ","U",-89,"H"," ","U",-111,"H"," ","U",-111,"H"," ","U",-106,"H"," ","U",-122,"H"," ","U",-72,"H"," ","U",-94,"H"," ","U",-22,"H"," ","U",-6,"H"," ","U"
"90","USR0000MBIS",1994,3,"TAVG",56," "," ","U",79," "," ","U",69," "," ","U",44," "," ","U",-11," "," ","U",-51," "," ","U",-74," "," ","U",-38," "," ","U",1," "," ","U",34," "," ","U",-15," "," ","U",27," "," ","U",74," "," ","U",43," "," ","U",75," "," ","U",94," "," ","U",7," "," ","U",52," "," ","U",-21," "," ","U",-19," "," ","U",5," "," ","U",-41," "," ","U",-67," "," ","U",-63," "," ","U",-24," "," ","U",-62," "," ","U",-47," "," ","U",-33," "," ","U",-18," "," ","U",52," "," ","U",72," "," ","U"
"91","USR0000MBIS",1994,4,"TMAX",83,"H"," ","U",106,"H"," ","U",72,"H"," ","U",-6,"H"," ","U",50,"H"," ","U",33,"H"," ","U",61,"H"," ","U",111,"H"," ","U",122,"H"," ","U",144,"H"," ","U",150,"H"," ","U",172,"H"," ","U",72,"H"," ","U",0,"H"," ","U",156,"H"," ","U",228,"H"," ","U",217,"H"," ","U",167,"H"," ","U",178,"H"," ","U",206,"H"," ","U",189,"H"," ","U",183,"H"," ","U",172,"H"," ","U",139,"H"," ","U",6,"H"," ","U",11,"H"," ","U",-39,"H"," ","U",28,"H"," ","U",72,"H"," ","U",139,"H"," ","U",NA," "," "," "
"92","USR0000MBIS",1994,4,"TMIN",-17,"H"," ","U",-33,"H"," ","U",-22,"H"," ","U",-83,"H"," ","U",-61,"H"," ","U",-72,"H"," ","U",-44,"H"," ","U",-50,"H"," ","U",-11,"H"," ","U",0,"H"," ","U",0,"H"," ","U",50,"H"," ","U",-6,"H"," ","U",-44,"H"," ","U",-39,"H"," ","U",72,"H"," ","U",94,"H"," ","U",72,"H"," ","U",44,"H"," ","U",67,"H"," ","U",94,"H"," ","U",33,"H"," ","U",22,"H"," ","U",6,"H"," ","U",-67,"H"," ","U",-89,"H"," ","U",-111,"H"," ","U",-100,"H"," ","U",-89,"H"," ","U",-17,"H"," ","U",NA," "," "," "
"93","USR0000MBIS",1994,4,"TAVG",26," "," ","U",30," "," ","U",29," "," ","U",-38," "," ","U",-15," "," ","U",-27," "," ","U",-6," "," ","U",9," "," ","U",39," "," ","U",48," "," ","U",69," "," ","U",93," "," ","U",21," "," ","U",-18," "," ","U",57," "," ","U",144," "," ","U",146," "," ","U",98," "," ","U",109," "," ","U",138," "," ","U",137," "," ","U",101," "," ","U",73," "," ","U",41," "," ","U",-27," "," ","U",-54," "," ","U",-69," "," ","U",-49," "," ","U",-12," "," ","U",50," "," ","U",NA," "," "," "
"94","USR0000MBIS",1994,5,"TMAX",128,"H"," ","U",117,"H"," ","U",139,"H"," ","U",139,"H"," ","U",156,"H"," ","U",161,"H"," ","U",244,"H"," ","U",167,"H"," ","U",233,"H"," ","U",206,"H"," ","U",211,"H"," ","U",206,"H"," ","U",150,"H"," ","U",161,"H"," ","U",167,"H"," ","U",128,"H"," ","U",106,"H"," ","U",67,"H"," ","U",89,"H"," ","U",133,"H"," ","U",150,"H"," ","U",194,"H"," ","U",194,"H"," ","U",206,"H"," ","U",200,"H"," ","U",233,"H"," ","U",239,"H"," ","U",178,"H"," ","U",161,"H"," ","U",144,"H"," ","U",189,"H"," ","U"
"95","USR0000MBIS",1994,5,"TMIN",28,"H"," ","U",11,"H"," ","U",6,"H"," ","U",28,"H"," ","U",33,"H"," ","U",17,"H"," ","U",72,"H"," ","U",67,"H"," ","U",44,"H"," ","U",106,"H"," ","U",72,"H"," ","U",106,"H"," ","U",33,"H"," ","U",6,"H"," ","U",78,"H"," ","U",50,"H"," ","U",28,"H"," ","U",17,"H"," ","U",44,"H"," ","U",33,"H"," ","U",22,"H"," ","U",50,"H"," ","U",44,"H"," ","U",61,"H"," ","U",72,"H"," ","U",100,"H"," ","U",56,"H"," ","U",6,"H"," ","U",44,"H"," ","U",33,"H"," ","U",83,"H"," ","U"
"96","USR0000MBIS",1994,5,"TAVG",60," "," ","U",53," "," ","U",56," "," ","U",88," "," ","U",78," "," ","U",82," "," ","U",148," "," ","U",108," "," ","U",137," "," ","U",147," "," ","U",133," "," ","U",149," "," ","U",85," "," ","U",87," "," ","U",106," "," ","U",82," "," ","U",59," "," ","U",41," "," ","U",57," "," ","U",69," "," ","U",82," "," ","U",105," "," ","U",107," "," ","U",130," "," ","U",132," "," ","U",160," "," ","U",131," "," ","U",94," "," ","U",82," "," ","U",86," "," ","U",130," "," ","U"
"97","USR0000MBIS",1994,6,"TMAX",156,"H"," ","U",172,"H"," ","U",233,"H"," ","U",228,"H"," ","U",211,"H"," ","U",233,"H"," ","U",144,"H"," ","U",94,"H"," ","U",161,"H"," ","U",178,"H"," ","U",228,"H"," ","U",194,"H"," ","U",178,"H"," ","U",117,"H"," ","U",133,"H"," ","U",78,"H"," ","U",178,"H"," ","U",239,"H"," ","U",244,"H"," ","U",261,"H"," ","U",244,"H"," ","U",250,"H"," ","U",261,"H"," ","U",239,"H"," ","U",228,"H"," ","U",222,"H"," ","U",211,"H"," ","U",272,"H"," ","U",261,"H"," ","U",272,"H"," ","U",NA," "," "," "
"98","USR0000MBIS",1994,6,"TMIN",56,"H"," ","U",17,"H"," ","U",89,"H"," ","U",83,"H"," ","U",67,"H"," ","U",61,"H"," ","U",33,"H"," ","U",6,"H"," ","U",6,"H"," ","U",39,"H"," ","U",83,"H"," ","U",83,"H"," ","U",56,"H"," ","U",11,"H"," ","U",0,"H"," ","U",17,"H"," ","U",17,"H"," ","U",83,"H"," ","U",106,"H"," ","U",133,"H"," ","U",139,"H"," ","U",94,"H"," ","U",111,"H"," ","U",111,"H"," ","U",72,"H"," ","U",67,"H"," ","U",50,"H"," ","U",78,"H"," ","U",128,"H"," ","U",106,"H"," ","U",NA," "," "," "
"99","USR0000MBIS",1994,6,"TAVG",97," "," ","U",94," "," ","U",150," "," ","U",139," "," ","U",143," "," ","U",164," "," ","U",72," "," ","U",37," "," ","U",75," "," ","U",104," "," ","U",143," "," ","U",135," "," ","U",109," "," ","U",59," "," ","U",57," "," ","U",39," "," ","U",94," "," ","U",149," "," ","U",169," "," ","U",202," "," ","U",181," "," ","U",161," "," ","U",173," "," ","U",182," "," ","U",142," "," ","U",152," "," ","U",123," "," ","U",179," "," ","U",194," "," ","U",188," "," ","U",NA," "," "," "
"100","USR0000MBIS",1994,7,"TMAX",278,"H"," ","U",244,"H"," ","U",222,"H"," ","U",233,"H"," ","U",178,"H"," ","U",89,"H"," ","U",211,"H"," ","U",250,"H"," ","U",272,"H"," ","U",261,"H"," ","U",256,"H"," ","U",183,"H"," ","U",194,"H"," ","U",228,"H"," ","U",206,"H"," ","U",222,"H"," ","U",300,"H"," ","U",194,"H"," ","U",200,"H"," ","U",233,"H"," ","U",294,"H"," ","U",261,"H"," ","U",278,"H"," ","U",289,"H"," ","U",239,"H"," ","U",267,"H"," ","U",339,"H"," ","U",306,"H"," ","U",333,"H"," ","U",267,"H"," ","U",317,"H"," ","U"
"101","USR0000MBIS",1994,7,"TMIN",150,"H"," ","U",100,"H"," ","U",28,"H"," ","U",44,"H"," ","U",83,"H"," ","U",50,"H"," ","U",33,"H"," ","U",78,"H"," ","U",144,"H"," ","U",100,"H"," ","U",106,"H"," ","U",67,"H"," ","U",61,"H"," ","U",100,"H"," ","U",83,"H"," ","U",94,"H"," ","U",139,"H"," ","U",78,"H"," ","U",67,"H"," ","U",89,"H"," ","U",106,"H"," ","U",144,"H"," ","U",144,"H"," ","U",172,"H"," ","U",128,"H"," ","U",122,"H"," ","U",156,"H"," ","U",161,"H"," ","U",167,"H"," ","U",139,"H"," ","U",133,"H"," ","U"
"102","USR0000MBIS",1994,7,"TAVG",204," "," ","U",157," "," ","U",109," "," ","U",130," "," ","U",118," "," ","U",78," "," ","U",115," "," ","U",168," "," ","U",189," "," ","U",168," "," ","U",176," "," ","U",116," "," ","U",118," "," ","U",139," "," ","U",128," "," ","U",158," "," ","U",206," "," ","U",167," "," ","U",127," "," ","U",159," "," ","U",206," "," ","U",196," "," ","U",206," "," ","U",217," "," ","U",158," "," ","U",174," "," ","U",244," "," ","U",210," "," ","U",223," "," ","U",186," "," ","U",216," "," ","U"
"103","USR0000MBIS",1994,8,"TMAX",244,"H"," ","U",283,"H"," ","U",261,"H"," ","U",272,"H"," ","U",328,"H"," ","U",289,"H"," ","U",267,"H"," ","U",233,"H"," ","U",294,"H"," ","U",306,"H"," ","U",306,"H"," ","U",306,"H"," ","U",283,"H"," ","U",322,"H"," ","U",322,"H"," ","U",267,"H"," ","U",300,"H"," ","U",233,"H"," ","U",261,"H"," ","U",278,"H"," ","U",328,"H"," ","U",272,"H"," ","U",267,"H"," ","U",294,"H"," ","U",256,"H"," ","U",294,"H"," ","U",200,"H"," ","U",294,"H"," ","U",222,"H"," ","U",94,"H","I","U",100,"H"," ","U"
"104","USR0000MBIS",1994,8,"TMIN",156,"H"," ","U",139,"H"," ","U",128,"H"," ","U",172,"H"," ","U",150,"H"," ","U",161,"H"," ","U",122,"H"," ","U",89,"H"," ","U",122,"H"," ","U",144,"H"," ","U",139,"H"," ","U",133,"H"," ","U",117,"H"," ","U",194,"H"," ","U",194,"H"," ","U",139,"H"," ","U",144,"H"," ","U",89,"H"," ","U",78,"H"," ","U",133,"H"," ","U",183,"H"," ","U",67,"H"," ","U",67,"H"," ","U",111,"H"," ","U",122,"H"," ","U",122,"H"," ","U",67,"H"," ","U",100,"H"," ","U",106,"H","I","U",50,"H"," ","U",44,"H"," ","U"
"105","USR0000MBIS",1994,8,"TAVG",209," "," ","U",200," "," ","U",191," "," ","U",206," "," ","U",228," "," ","U",207," "," ","U",193," "," ","U",157," "," ","U",175," "," ","U",213," "," ","U",209," "," ","U",201," "," ","U",201," "," ","U",241," "," ","U",243," "," ","U",187," "," ","U",211," "," ","U",156," "," ","U",161," "," ","U",197," "," ","U",223," "," ","U",143," "," ","U",151," "," ","U",188," "," ","U",183," "," ","U",196," "," ","U",126," "," ","U",182," "," ","U",136," "," ","U",69," "," ","U",67," "," ","U"
"106","USR0000MBIS",1994,9,"TMAX",139,"H"," ","U",222,"H"," ","U",222,"H"," ","U",161,"H"," ","U",222,"H"," ","U",283,"H"," ","U",300,"H"," ","U",317,"H"," ","U",283,"H"," ","U",200,"H"," ","U",189,"H"," ","U",200,"H"," ","U",250,"H"," ","U",128,"H"," ","U",189,"H"," ","U",239,"H"," ","U",256,"H"," ","U",189,"H"," ","U",217,"H"," ","U",200,"H"," ","U",100,"H"," ","U",256,"H"," ","U",267,"H"," ","U",267,"H"," ","U",261,"H"," ","U",244,"H"," ","U",261,"H"," ","U",256,"H"," ","U",178,"H"," ","U",200,"H"," ","U",NA," "," "," "
"107","USR0000MBIS",1994,9,"TMIN",50,"H"," ","U",78,"H"," ","U",83,"H"," ","U",67,"H"," ","U",33,"H"," ","U",111,"H"," ","U",150,"H"," ","U",189,"H"," ","U",100,"H"," ","U",72,"H"," ","U",50,"H"," ","U",78,"H"," ","U",94,"H"," ","U",83,"H"," ","U",72,"H"," ","U",83,"H"," ","U",133,"H"," ","U",89,"H"," ","U",94,"H"," ","U",-6,"H"," ","U",-22,"H"," ","U",0,"H"," ","U",117,"H"," ","U",111,"H"," ","U",150,"H"," ","U",128,"H"," ","U",106,"H"," ","U",139,"H"," ","U",94,"H"," ","U",78,"H"," ","U",NA," "," "," "
"108","USR0000MBIS",1994,9,"TAVG",86," "," ","U",152," "," ","U",145," "," ","U",98," "," ","U",126," "," ","U",177," "," ","U",209," "," ","U",234," "," ","U",189," "," ","U",122," "," ","U",109," "," ","U",118," "," ","U",153," "," ","U",111," "," ","U",115," "," ","U",156," "," ","U",180," "," ","U",147," "," ","U",129," "," ","U",119," "," ","U",19," "," ","U",128," "," ","U",171," "," ","U",178," "," ","U",189," "," ","U",166," "," ","U",172," "," ","U",180," "," ","U",137," "," ","U",118," "," ","U",NA," "," "," "
"109","USR0000MBIS",1994,10,"TMAX",233,"H"," ","U",44,"H","I","U",0,"H"," ","U",100,"H"," ","U",200,"H"," ","U",83,"H"," ","U",106,"H"," ","U",172,"H"," ","U",217,"H"," ","U",200,"H"," ","U",106,"H"," ","U",56,"H"," ","U",61,"H"," ","U",122,"H"," ","U",11,"H"," ","U",0,"H","I","U",89,"H"," ","U",17,"H"," ","U",111,"H"," ","U",94,"H"," ","U",94,"H"," ","U",61,"H"," ","U",39,"H"," ","U",117,"H"," ","U",172,"H"," ","U",150,"H"," ","U",144,"H"," ","U",61,"H"," ","U",44,"H"," ","U",56,"H"," ","U",39,"H"," ","U"
"110","USR0000MBIS",1994,10,"TMIN",67,"H","I","U",-39,"H"," ","U",-56,"H"," ","U",-17,"H"," ","U",72,"H"," ","U",6,"H"," ","U",17,"H"," ","U",0,"H"," ","U",50,"H"," ","U",94,"H"," ","U",-22,"H"," ","U",-28,"H"," ","U",-22,"H"," ","U",6,"H"," ","U",-33,"H"," ","U",-39,"H"," ","U",11,"H","I","U",-6,"H"," ","U",-11,"H"," ","U",28,"H"," ","U",-17,"H"," ","U",-28,"H"," ","U",-28,"H"," ","U",-28,"H"," ","U",17,"H"," ","U",67,"H"," ","U",39,"H"," ","U",-28,"H"," ","U",-50,"H"," ","U",-72,"H"," ","U",-50,"H"," ","U"
"111","USR0000MBIS",1994,10,"TAVG",132," "," ","U",-5," "," ","U",-24," "," ","U",25," "," ","U",116," "," ","U",38," "," ","U",46," "," ","U",78," "," ","U",119," "," ","U",137," "," ","U",51," "," ","U",0," "," ","U",19," "," ","U",72," "," ","U",-9," "," ","U",-17," "," ","U",38," "," ","U",4," "," ","U",41," "," ","U",46," "," ","U",32," "," ","U",-3," "," ","U",4," "," ","U",34," "," ","U",91," "," ","U",91," "," ","U",83," "," ","U",13," "," ","U",-19," "," ","U",-24," "," ","U",-10," "," ","U"
"112","USR0000MBIS",1994,11,"TMAX",67,"H"," ","U",-28,"H"," ","U",-28,"H"," ","U",-6,"H"," ","U",0,"H"," ","U",22,"H"," ","U",0,"H"," ","U",33,"H"," ","U",44,"H"," ","U",100,"H"," ","U",100,"H"," ","U",72,"H"," ","U",-6,"H"," ","U",6,"H"," ","U",17,"H"," ","U",17,"H"," ","U",-50,"H"," ","U",-56,"H"," ","U",39,"H"," ","U",17,"H"," ","U",-89,"H"," ","U",-28,"H"," ","U",44,"H"," ","U",44,"H"," ","U",28,"H"," ","U",-22,"H"," ","U",-44,"H"," ","U",-44,"H"," ","U",11,"H"," ","U",56,"H"," ","U",NA," "," "," "
"113","USR0000MBIS",1994,11,"TMIN",-67,"H"," ","U",-83,"H"," ","U",-94,"H"," ","U",-89,"H"," ","U",-44,"H"," ","U",-44,"H"," ","U",-67,"H"," ","U",-83,"H"," ","U",-28,"H"," ","U",11,"H"," ","U",0,"H"," ","U",-28,"H"," ","U",-83,"H"," ","U",-111,"H"," ","U",-50,"H"," ","U",-61,"H"," ","U",-139,"H"," ","U",-161,"H"," ","U",-128,"H"," ","U",-111,"H"," ","U",-156,"H"," ","U",-133,"H"," ","U",-33,"H"," ","U",-22,"H"," ","U",-22,"H"," ","U",-100,"H"," ","U",-106,"H"," ","U",-100,"H"," ","U",-111,"H"," ","U",11,"H"," ","U",NA," "," "," "
"114","USR0000MBIS",1994,11,"TAVG",3," "," ","U",-68," "," ","U",-72," "," ","U",-33," "," ","U",-26," "," ","U",-8," "," ","U",-29," "," ","U",-29," "," ","U",9," "," ","U",50," "," ","U",42," "," ","U",22," "," ","U",-54," "," ","U",-64," "," ","U",-17," "," ","U",-23," "," ","U",-97," "," ","U",-121," "," ","U",-37," "," ","U",-34," "," ","U",-115," "," ","U",-82," "," ","U",3," "," ","U",1," "," ","U",4," "," ","U",-62," "," ","U",-89," "," ","U",-81," "," ","U",-61," "," ","U",37," "," ","U",NA," "," "," "
"115","USR0000MBIS",1994,12,"TMAX",61,"H"," ","U",6,"H"," ","U",-33,"H"," ","U",-72,"H"," ","U",-39,"H"," ","U",6,"H"," ","U",-39,"H"," ","U",-61,"H"," ","U",-61,"H"," ","U",-22,"H"," ","U",-6,"H"," ","U",0,"H"," ","U",6,"H"," ","U",-50,"H"," ","U",-17,"H"," ","U",22,"H"," ","U",50,"H"," ","U",67,"H"," ","U",39,"H"," ","U",83,"H"," ","U",72,"H"," ","U",89,"H"," ","U",94,"H"," ","U",89,"H"," ","U",83,"H"," ","U",28,"H"," ","U",NA," "," "," ",94,"H"," ","U",-39,"H","I","U",NA," "," "," ",NA," "," "," "
"116","USR0000MBIS",1994,12,"TMIN",0,"H"," ","U",-50,"H"," ","U",-194,"H"," ","U",-167,"H"," ","U",-117,"H"," ","U",-67,"H"," ","U",-117,"H"," ","U",-117,"H"," ","U",-100,"H"," ","U",-122,"H"," ","U",-67,"H"," ","U",-61,"H"," ","U",-72,"H"," ","U",-89,"H"," ","U",-61,"H"," ","U",-28,"H"," ","U",-28,"H"," ","U",-6,"H"," ","U",-39,"H"," ","U",22,"H"," ","U",-11,"H"," ","U",-6,"H"," ","U",50,"H"," ","U",11,"H"," ","U",0,"H"," ","U",-11,"H"," ","U",NA," "," "," ",-28,"H","I","U",-61,"H"," ","U",NA," "," "," ",NA," "," "," "
"117","USR0000MBIS",1994,12,"TAVG",32," "," ","U",-20," "," ","U",-113," "," ","U",-118," "," ","U",-86," "," ","U",-29," "," ","U",-86," "," ","U",-98," "," ","U",-87," "," ","U",-66," "," ","U",-38," "," ","U",-36," "," ","U",-40," "," ","U",-72," "," ","U",-48," "," ","U",-12," "," ","U",17," "," ","U",38," "," ","U",-8," "," ","U",44," "," ","U",32," "," ","U",56," "," ","U",67," "," ","U",46," "," ","U",23," "," ","U",15," "," ","U",NA," "," "," ",39," "," ","U",-52," "," ","U",NA," "," "," ",NA," "," "," "
"118","USR0000MBIS",1995,1,"TMAX",NA," "," "," ",NA," "," "," ",NA," "," "," ",NA," "," "," ",NA," "," "," ",NA," "," "," ",NA," "," "," ",NA," "," "," ",NA," "," "," ",NA," "," "," ",NA," "," "," ",NA," "," "," ",NA," "," "," ",NA," "," "," ",NA," "," "," ",NA," "," "," ",NA," "," "," ",NA," "," "," ",NA," "," "," ",NA," "," "," ",NA," "," "," ",NA," "," "," ",NA," "," "," ",89,"H"," ","U",94,"H"," ","U",83,"H"," ","U",0,"H"," ","U",22,"H"," ","U",44,"H"," ","U",61,"H"," ","U",78,"H"," ","U"
"119","USR0000MBIS",1995,1,"TMIN",NA," "," "," ",NA," "," "," ",NA," "," "," ",NA," "," "," ",NA," "," "," ",NA," "," "," ",NA," "," "," ",NA," "," "," ",NA," "," "," ",NA," "," "," ",NA," "," "," ",NA," "," "," ",NA," "," "," ",NA," "," "," ",NA," "," "," ",NA," "," "," ",NA," "," "," ",NA," "," "," ",NA," "," "," ",NA," "," "," ",NA," "," "," ",NA," "," "," ",NA," "," "," ",6,"H"," ","U",17,"H"," ","U",0,"H"," ","U",-33,"H"," ","U",-72,"H"," ","U",-72,"H"," ","U",-6,"H"," ","U",11,"H"," ","U"
"120","USR0000MBIS",1995,1,"TAVG",NA," "," "," ",NA," "," "," ",NA," "," "," ",NA," "," "," ",NA," "," "," ",NA," "," "," ",NA," "," "," ",NA," "," "," ",NA," "," "," ",NA," "," "," ",NA," "," "," ",NA," "," "," ",NA," "," "," ",NA," "," "," ",NA," "," "," ",NA," "," "," ",NA," "," "," ",NA," "," "," ",NA," "," "," ",NA," "," "," ",NA," "," "," ",NA," "," "," ",NA," "," "," ",33," "," ","U",36," "," ","U",32," "," ","U",-14," "," ","U",-34," "," ","U",-13," "," ","U",21," "," ","U",33," "," ","U"
"121","USR0000MBIS",1995,2,"TMAX",72,"H"," ","U",22,"H"," ","U",72,"H"," ","U",67,"H"," ","U",61,"H"," ","U",61,"H"," ","U",0,"H"," ","U",17,"H"," ","U",11,"H"," ","U",-122,"H"," ","U",-139,"H"," ","U",-194,"H"," ","U",-144,"H"," ","U",-117,"H"," ","U",-33,"H"," ","U",39,"H"," ","U",72,"H"," ","U",83,"H"," ","U",133,"H"," ","U",133,"H"," ","U",117,"H"," ","U",100,"H"," ","U",117,"H"," ","U",167,"H"," ","U",94,"H"," ","U",17,"H"," ","U",-111,"H"," ","U",-117,"H"," ","U",NA," "," "," ",NA," "," "," ",NA," "," "," "
"122","USR0000MBIS",1995,2,"TMIN",6,"H"," ","U",-33,"H"," ","U",-67,"H"," ","U",-17,"H"," ","U",-28,"H"," ","U",-39,"H"," ","U",-67,"H"," ","U",-67,"H"," ","U",-117,"H"," ","U",-211,"H"," ","U",-239,"H"," ","U",-267,"H"," ","U",-272,"H"," ","U",-206,"H"," ","U",-150,"H"," ","U",-94,"H"," ","U",-17,"H"," ","U",-28,"H"," ","U",33,"H"," ","U",44,"H"," ","U",44,"H"," ","U",-11,"H"," ","U",-17,"H"," ","U",61,"H"," ","U",22,"H"," ","U",-111,"H"," ","U",-189,"H"," ","U",-200,"H"," ","U",NA," "," "," ",NA," "," "," ",NA," "," "," "
"123","USR0000MBIS",1995,2,"TAVG",38," "," ","U",-8," "," ","U",9," "," ","U",12," "," ","U",-1," "," ","U",9," "," ","U",-46," "," ","U",-35," "," ","U",-50," "," ","U",-166," "," ","U",-202," "," ","U",-246," "," ","U",-213," "," ","U",-154," "," ","U",-92," "," ","U",-35," "," ","U",18," "," ","U",19," "," ","U",64," "," ","U",77," "," ","U",74," "," ","U",32," "," ","U",41," "," ","U",97," "," ","U",55," "," ","U",-40," "," ","U",-148," "," ","U",-169," "," ","U",NA," "," "," ",NA," "," "," ",NA," "," "," "
"124","USR0000MBIS",1995,3,"TMAX",-94,"H"," ","U",17,"H"," ","U",-11,"H"," ","U",-61,"H"," ","U",-94,"H"," ","U",-106,"H"," ","U",-6,"H"," ","U",50,"H"," ","U",106,"H"," ","U",144,"H"," ","U",122,"H"," ","U",67,"H"," ","U",61,"H"," ","U",128,"H"," ","U",133,"H"," ","U",78,"H"," ","U",133,"H"," ","U",106,"H"," ","U",56,"H"," ","U",94,"H"," ","U",67,"H"," ","U",83,"H"," ","U",106,"H"," ","U",44,"H"," ","U",-33,"H"," ","U",-61,"H"," ","U",-56,"H"," ","U",-50,"H"," ","U",56,"H"," ","U",94,"H"," ","U",128,"H"," ","U"
"125","USR0000MBIS",1995,3,"TMIN",-211,"H"," ","U",-178,"H"," ","U",-100,"H"," ","U",-189,"H"," ","U",-206,"H"," ","U",-167,"H"," ","U",-133,"H"," ","U",-83,"H"," ","U",28,"H"," ","U",50,"H"," ","U",33,"H"," ","U",6,"H"," ","U",-17,"H"," ","U",-17,"H"," ","U",0,"H"," ","U",-28,"H"," ","U",-17,"H"," ","U",11,"H"," ","U",-17,"H"," ","U",-28,"H"," ","U",0,"H"," ","U",-28,"H"," ","U",-6,"H"," ","U",-39,"H"," ","U",-106,"H"," ","U",-139,"H"," ","U",-111,"H"," ","U",-111,"H"," ","U",-139,"H"," ","U",-111,"H"," ","U",-22,"H"," ","U"
"126","USR0000MBIS",1995,3,"TAVG",-168," "," ","U",-87," "," ","U",-68," "," ","U",-128," "," ","U",-170," "," ","U",-141," "," ","U",-76," "," ","U",-6," "," ","U",63," "," ","U",89," "," ","U",75," "," ","U",34," "," ","U",4," "," ","U",53," "," ","U",61," "," ","U",13," "," ","U",39," "," ","U",48," "," ","U",14," "," ","U",35," "," ","U",45," "," ","U",9," "," ","U",40," "," ","U",-13," "," ","U",-80," "," ","U",-103," "," ","U",-94," "," ","U",-87," "," ","U",-66," "," ","U",-18," "," ","U",33," "," ","U"
"127","USR0000MBIS",1995,4,"TMAX",144,"H"," ","U",78,"H"," ","U",72,"H"," ","U",156,"H"," ","U",83,"H"," ","U",111,"H"," ","U",72,"H"," ","U",83,"H"," ","U",-33,"H"," ","U",-22,"H"," ","U",122,"H"," ","U",111,"H"," ","U",178,"H"," ","U",44,"H"," ","U",83,"H"," ","U",44,"H"," ","U",72,"H"," ","U",100,"H"," ","U",83,"H"," ","U",72,"H"," ","U",89,"H"," ","U",50,"H"," ","U",44,"H"," ","U",89,"H"," ","U",28,"H"," ","U",78,"H"," ","U",106,"H"," ","U",39,"H"," ","U",61,"H"," ","U",33,"H"," ","U",NA," "," "," "
"128","USR0000MBIS",1995,4,"TMIN",0,"H"," ","U",-33,"H"," ","U",-17,"H"," ","U",22,"H"," ","U",-11,"H"," ","U",0,"H"," ","U",11,"H"," ","U",-50,"H"," ","U",-122,"H"," ","U",-139,"H"," ","U",-61,"H"," ","U",-28,"H"," ","U",28,"H"," ","U",-56,"H"," ","U",-89,"H"," ","U",-61,"H"," ","U",-22,"H"," ","U",-39,"H"," ","U",-28,"H"," ","U",0,"H"," ","U",-17,"H"," ","U",-11,"H"," ","U",-44,"H"," ","U",-44,"H"," ","U",-39,"H"," ","U",-50,"H"," ","U",-33,"H"," ","U",-33,"H"," ","U",-50,"H"," ","U",-44,"H"," ","U",NA," "," "," "
"129","USR0000MBIS",1995,4,"TAVG",58," "," ","U",15," "," ","U",11," "," ","U",76," "," ","U",33," "," ","U",43," "," ","U",33," "," ","U",17," "," ","U",-79," "," ","U",-83," "," ","U",14," "," ","U",46," "," ","U",91," "," ","U",-11," "," ","U",-17," "," ","U",-13," "," ","U",6," "," ","U",21," "," ","U",26," "," ","U",27," "," ","U",17," "," ","U",8," "," ","U",-10," "," ","U",14," "," ","U",-8," "," ","U",-3," "," ","U",20," "," ","U",-11," "," ","U",-5," "," ","U",-24," "," ","U",NA," "," "," "
"130","USR0000MBIS",1995,5,"TMAX",61,"H"," ","U",22,"H"," ","U",106,"H"," ","U",94,"H"," ","U",133,"H"," ","U",144,"H"," ","U",39,"H"," ","U",33,"H"," ","U",78,"H"," ","U",167,"H"," ","U",150,"H"," ","U",44,"H"," ","U",39,"H"," ","U",128,"H"," ","U",122,"H"," ","U",133,"H"," ","U",172,"H"," ","U",156,"H"," ","U",78,"H"," ","U",144,"H"," ","U",78,"H"," ","U",122,"H"," ","U",133,"H"," ","U",72,"H"," ","U",78,"H"," ","U",28,"H"," ","U",128,"H"," ","U",167,"H"," ","U",206,"H"," ","U",250,"H"," ","U",244,"H"," ","U"
"131","USR0000MBIS",1995,5,"TMIN",-50,"H"," ","U",17,"H"," ","U",11,"H"," ","U",11,"H"," ","U",17,"H"," ","U",22,"H"," ","U",11,"H"," ","U",11,"H"," ","U",28,"H"," ","U",50,"H"," ","U",44,"H"," ","U",-33,"H"," ","U",-50,"H"," ","U",-44,"H"," ","U",50,"H"," ","U",33,"H"," ","U",50,"H"," ","U",44,"H"," ","U",33,"H"," ","U",33,"H"," ","U",0,"H"," ","U",-22,"H"," ","U",-6,"H"," ","U",-11,"H"," ","U",-6,"H"," ","U",-17,"H"," ","U",0,"H"," ","U",22,"H"," ","U",50,"H"," ","U",83,"H"," ","U",89,"H"," ","U"
"132","USR0000MBIS",1995,5,"TAVG",8," "," ","U",18," "," ","U",46," "," ","U",44," "," ","U",77," "," ","U",59," "," ","U",25," "," ","U",24," "," ","U",49," "," ","U",96," "," ","U",96," "," ","U",8," "," ","U",-19," "," ","U",46," "," ","U",77," "," ","U",68," "," ","U",99," "," ","U",92," "," ","U",49," "," ","U",74," "," ","U",33," "," ","U",33," "," ","U",57," "," ","U",29," "," ","U",25," "," ","U",1," "," ","U",50," "," ","U",90," "," ","U",124," "," ","U",159," "," ","U",162," "," ","U"
"133","USR0000MBIS",1995,6,"TMAX",228,"H"," ","U",233,"H"," ","U",194,"H"," ","U",172,"H"," ","U",244,"H"," ","U",100,"H"," ","U",100,"H"," ","U",28,"H"," ","U",39,"H"," ","U",156,"H"," ","U",217,"H"," ","U",244,"H"," ","U",256,"H"," ","U",244,"H"," ","U",261,"H"," ","U",250,"H"," ","U",222,"H"," ","U",194,"H"," ","U",189,"H"," ","U",183,"H"," ","U",144,"H"," ","U",161,"H"," ","U",183,"H"," ","U",217,"H"," ","U",244,"H"," ","U",244,"H"," ","U",106,"H"," ","U",111,"H"," ","U",150,"H"," ","U",189,"H"," ","U",NA," "," "," "
"134","USR0000MBIS",1995,6,"TMIN",100,"H"," ","U",117,"H"," ","U",94,"H"," ","U",94,"H"," ","U",89,"H"," ","U",6,"H"," ","U",0,"H"," ","U",-6,"H"," ","U",0,"H"," ","U",6,"H"," ","U",72,"H"," ","U",122,"H"," ","U",111,"H"," ","U",94,"H"," ","U",83,"H"," ","U",78,"H"," ","U",111,"H"," ","U",61,"H"," ","U",50,"H"," ","U",39,"H"," ","U",72,"H"," ","U",50,"H"," ","U",56,"H"," ","U",67,"H"," ","U",100,"H"," ","U",100,"H"," ","U",39,"H"," ","U",28,"H"," ","U",44,"H"," ","U",50,"H"," ","U",NA," "," "," "
"135","USR0000MBIS",1995,6,"TAVG",143," "," ","U",161," "," ","U",131," "," ","U",124," "," ","U",145," "," ","U",58," "," ","U",41," "," ","U",4," "," ","U",13," "," ","U",74," "," ","U",133," "," ","U",179," "," ","U",177," "," ","U",176," "," ","U",175," "," ","U",156," "," ","U",159," "," ","U",108," "," ","U",108," "," ","U",100," "," ","U",101," "," ","U",86," "," ","U",97," "," ","U",135," "," ","U",171," "," ","U",164," "," ","U",58," "," ","U",58," "," ","U",86," "," ","U",115," "," ","U",NA," "," "," "
"136","USR0000MBIS",1995,7,"TMAX",239,"H"," ","U",222,"H"," ","U",117,"H"," ","U",139,"H"," ","U",194,"H"," ","U",233,"H"," ","U",267,"H"," ","U",283,"H"," ","U",278,"H"," ","U",283,"H"," ","U",233,"H"," ","U",228,"H"," ","U",183,"H"," ","U",217,"H"," ","U",178,"H"," ","U",206,"H"," ","U",222,"H"," ","U",167,"H"," ","U",217,"H"," ","U",228,"H"," ","U",172,"H"," ","U",206,"H"," ","U",239,"H"," ","U",233,"H"," ","U",261,"H"," ","U",261,"H"," ","U",261,"H"," ","U",283,"H"," ","U",294,"H"," ","U",156,"H"," ","U",217,"H"," ","U"
"137","USR0000MBIS",1995,7,"TMIN",78,"H"," ","U",83,"H"," ","U",67,"H"," ","U",67,"H"," ","U",56,"H"," ","U",122,"H"," ","U",122,"H"," ","U",128,"H"," ","U",144,"H"," ","U",117,"H"," ","U",111,"H"," ","U",100,"H"," ","U",78,"H"," ","U",61,"H"," ","U",67,"H"," ","U",61,"H"," ","U",83,"H"," ","U",122,"H"," ","U",94,"H"," ","U",94,"H"," ","U",83,"H"," ","U",83,"H"," ","U",78,"H"," ","U",94,"H"," ","U",100,"H"," ","U",117,"H"," ","U",111,"H"," ","U",111,"H"," ","U",89,"H"," ","U",44,"H"," ","U",50,"H"," ","U"
"138","USR0000MBIS",1995,7,"TAVG",154," "," ","U",147," "," ","U",90," "," ","U",92," "," ","U",126," "," ","U",160," "," ","U",190," "," ","U",192," "," ","U",196," "," ","U",189," "," ","U",162," "," ","U",137," "," ","U",117," "," ","U",137," "," ","U",117," "," ","U",126," "," ","U",158," "," ","U",143," "," ","U",135," "," ","U",136," "," ","U",116," "," ","U",123," "," ","U",152," "," ","U",156," "," ","U",162," "," ","U",167," "," ","U",177," "," ","U",194," "," ","U",189," "," ","U",94," "," ","U",128," "," ","U"
"139","USR0000MBIS",1995,8,"TMAX",272,"H"," ","U",206,"H"," ","U",250,"H"," ","U",283,"H"," ","U",289,"H"," ","U",317,"H"," ","U",306,"H"," ","U",156,"H"," ","U",228,"H"," ","U",222,"H"," ","U",228,"H"," ","U",250,"H"," ","U",117,"H"," ","U",256,"H"," ","U",300,"H"," ","U",250,"H"," ","U",194,"H"," ","U",183,"H"," ","U",250,"H"," ","U",272,"H"," ","U",317,"H"," ","U",300,"H"," ","U",283,"H"," ","U",256,"H"," ","U",222,"H"," ","U",267,"H"," ","U",250,"H"," ","U",289,"H"," ","U",289,"H"," ","U",228,"H"," ","U",250,"H"," ","U"
"140","USR0000MBIS",1995,8,"TMIN",100,"H"," ","U",106,"H"," ","U",117,"H"," ","U",122,"H"," ","U",122,"H"," ","U",150,"H"," ","U",100,"H"," ","U",44,"H"," ","U",39,"H"," ","U",89,"H"," ","U",94,"H"," ","U",72,"H"," ","U",33,"H"," ","U",39,"H"," ","U",106,"H"," ","U",94,"H"," ","U",78,"H"," ","U",33,"H"," ","U",72,"H"," ","U",94,"H"," ","U",167,"H"," ","U",172,"H"," ","U",156,"H"," ","U",100,"H"," ","U",83,"H"," ","U",111,"H"," ","U",100,"H"," ","U",144,"H"," ","U",72,"H"," ","U",44,"H"," ","U",89,"H"," ","U"
"141","USR0000MBIS",1995,8,"TAVG",176," "," ","U",147," "," ","U",171," "," ","U",182," "," ","U",201," "," ","U",231," "," ","U",218," "," ","U",92," "," ","U",120," "," ","U",150," "," ","U",160," "," ","U",156," "," ","U",71," "," ","U",146," "," ","U",181," "," ","U",152," "," ","U",123," "," ","U",91," "," ","U",144," "," ","U",183," "," ","U",222," "," ","U",226," "," ","U",218," "," ","U",166," "," ","U",143," "," ","U",183," "," ","U",174," "," ","U",208," "," ","U",182," "," ","U",122," "," ","U",163," "," ","U"
"142","USR0000MBIS",1995,9,"TMAX",283,"H"," ","U",317,"H"," ","U",306,"H"," ","U",261,"H"," ","U",194,"H"," ","U",172,"H"," ","U",183,"H"," ","U",111,"H"," ","U",144,"H"," ","U",200,"H"," ","U",228,"H"," ","U",239,"H"," ","U",194,"H"," ","U",256,"H"," ","U",211,"H"," ","U",161,"H"," ","U",189,"H"," ","U",106,"H"," ","U",17,"H"," ","U",28,"H"," ","U",100,"H"," ","U",161,"H"," ","U",111,"H"," ","U",189,"H"," ","U",233,"H"," ","U",222,"H"," ","U",194,"H"," ","U",194,"H"," ","U",111,"H"," ","U",161,"H"," ","U",NA," "," "," "
"143","USR0000MBIS",1995,9,"TMIN",139,"H"," ","U",161,"H"," ","U",161,"H"," ","U",122,"H"," ","U",72,"H"," ","U",72,"H"," ","U",56,"H"," ","U",50,"H"," ","U",50,"H"," ","U",72,"H"," ","U",61,"H"," ","U",100,"H"," ","U",89,"H"," ","U",100,"H"," ","U",78,"H"," ","U",50,"H"," ","U",67,"H"," ","U",-11,"H"," ","U",-22,"H"," ","U",-56,"H"," ","U",-83,"H"," ","U",-17,"H"," ","U",-6,"H"," ","U",17,"H"," ","U",56,"H"," ","U",122,"H"," ","U",72,"H"," ","U",56,"H"," ","U",39,"H"," ","U",11,"H"," ","U",NA," "," "," "
"144","USR0000MBIS",1995,9,"TAVG",198," "," ","U",214," "," ","U",221," "," ","U",186," "," ","U",126," "," ","U",103," "," ","U",111," "," ","U",81," "," ","U",88," "," ","U",115," "," ","U",132," "," ","U",159," "," ","U",134," "," ","U",158," "," ","U",136," "," ","U",94," "," ","U",110," "," ","U",44," "," ","U",-6," "," ","U",-23," "," ","U",-12," "," ","U",62," "," ","U",33," "," ","U",86," "," ","U",128," "," ","U",157," "," ","U",121," "," ","U",104," "," ","U",68," "," ","U",70," "," ","U",NA," "," "," "
"145","USR0000MBIS",1995,10,"TMAX",56,"H"," ","U",122,"H"," ","U",78,"H"," ","U",6,"H"," ","U",78,"H"," ","U",117,"H"," ","U",78,"H"," ","U",139,"H"," ","U",133,"H"," ","U",172,"H"," ","U",222,"H"," ","U",44,"H","I","U",94,"H"," ","U",156,"H"," ","U",222,"H"," ","U",133,"H"," ","U",83,"H"," ","U",94,"H"," ","U",94,"H"," ","U",161,"H"," ","U",67,"H"," ","U",11,"H"," ","U",67,"H"," ","U",94,"H"," ","U",67,"H"," ","U",83,"H"," ","U",33,"H"," ","U",-17,"H"," ","U",-39,"H"," ","U",-89,"H"," ","U",-56,"H"," ","U"
"146","USR0000MBIS",1995,10,"TMIN",-6,"H"," ","U",-22,"H"," ","U",11,"H"," ","U",-17,"H"," ","U",-28,"H"," ","U",0,"H"," ","U",-11,"H"," ","U",-17,"H"," ","U",6,"H"," ","U",50,"H"," ","U",61,"H","I","U",-17,"H"," ","U",-28,"H"," ","U",11,"H"," ","U",94,"H"," ","U",33,"H"," ","U",22,"H"," ","U",-28,"H"," ","U",-50,"H"," ","U",17,"H"," ","U",-22,"H"," ","U",-56,"H"," ","U",-61,"H"," ","U",-6,"H"," ","U",6,"H"," ","U",0,"H"," ","U",-33,"H"," ","U",-33,"H"," ","U",-100,"H"," ","U",-117,"H"," ","U",-139,"H"," ","U"
"147","USR0000MBIS",1995,10,"TAVG",22," "," ","U",31," "," ","U",39," "," ","U",-12," "," ","U",9," "," ","U",48," "," ","U",32," "," ","U",48," "," ","U",60," "," ","U",104," "," ","U",141," "," ","U",9," "," ","U",12," "," ","U",76," "," ","U",138," "," ","U",91," "," ","U",57," "," ","U",31," "," ","U",-1," "," ","U",86," "," ","U",7," "," ","U",-24," "," ","U",-12," "," ","U",28," "," ","U",25," "," ","U",28," "," ","U",-2," "," ","U",-26," "," ","U",-72," "," ","U",-102," "," ","U",-105," "," ","U"
"148","USR0000MBIS",1995,11,"TMAX",-78,"H"," ","U",-56,"H"," ","U",-17,"H"," ","U",44,"H"," ","U",22,"H"," ","U",-11,"H"," ","U",-11,"H"," ","U",72,"H"," ","U",50,"H"," ","U",-89,"H","I","U",100,"H"," ","U",39,"H"," ","U",100,"H"," ","U",78,"H"," ","U",139,"H"," ","U",106,"H"," ","U",111,"H"," ","U",133,"H"," ","U",33,"H"," ","U",72,"H"," ","U",100,"H"," ","U",50,"H"," ","U",89,"H"," ","U",89,"H"," ","U",72,"H"," ","U",6,"H"," ","U",-11,"H"," ","U",11,"H"," ","U",61,"H"," ","U",67,"H"," ","U",NA," "," "," "
"149","USR0000MBIS",1995,11,"TMIN",-150,"H"," ","U",-156,"H"," ","U",-106,"H"," ","U",-83,"H"," ","U",-33,"H"," ","U",-89,"H"," ","U",-111,"H"," ","U",-6,"H"," ","U",-122,"H"," ","U",-200,"H"," ","U",-78,"H","I","U",-11,"H"," ","U",-6,"H"," ","U",33,"H"," ","U",28,"H"," ","U",28,"H"," ","U",22,"H"," ","U",-6,"H"," ","U",-39,"H"," ","U",-56,"H"," ","U",33,"H"," ","U",6,"H"," ","U",11,"H"," ","U",50,"H"," ","U",11,"H"," ","U",-61,"H"," ","U",-94,"H"," ","U",-56,"H"," ","U",11,"H"," ","U",17,"H"," ","U",NA," "," "," "
"150","USR0000MBIS",1995,11,"TAVG",-134," "," ","U",-116," "," ","U",-63," "," ","U",-19," "," ","U",-4," "," ","U",-45," "," ","U",-67," "," ","U",44," "," ","U",-46," "," ","U",-147," "," ","U",14," "," ","U",10," "," ","U",28," "," ","U",58," "," ","U",78," "," ","U",59," "," ","U",69," "," ","U",74," "," ","U",-9," "," ","U",2," "," ","U",59," "," ","U",28," "," ","U",44," "," ","U",63," "," ","U",44," "," ","U",-27," "," ","U",-63," "," ","U",-28," "," ","U",44," "," ","U",41," "," ","U",NA," "," "," "
"151","USR0000MBIS",1995,12,"TMAX",78,"H"," ","U",11,"H"," ","U",6,"H"," ","U",28,"H"," ","U",-67,"H"," ","U",-6,"H"," ","U",-28,"H"," ","U",-150,"H"," ","U",-39,"H"," ","U",28,"H"," ","U",61,"H"," ","U",78,"H"," ","U",44,"H"," ","U",39,"H"," ","U",33,"H"," ","U",-17,"H"," ","U",-11,"H"," ","U",22,"H"," ","U",33,"H"," ","U",-28,"H"," ","U",-28,"H"," ","U",33,"H"," ","U",22,"H"," ","U",72,"H"," ","U",111,"H"," ","U",72,"H"," ","U",61,"H"," ","U",39,"H"," ","U",44,"H"," ","U",22,"H"," ","U",-17,"H"," ","U"
"152","USR0000MBIS",1995,12,"TMIN",-6,"H"," ","U",-39,"H"," ","U",-61,"H"," ","U",-139,"H"," ","U",-117,"H"," ","U",-106,"H"," ","U",-300,"H"," ","U",-300,"H"," ","U",-167,"H"," ","U",-128,"H"," ","U",22,"H"," ","U",22,"H"," ","U",-11,"H"," ","U",-22,"H"," ","U",-11,"H"," ","U",-78,"H"," ","U",-89,"H"," ","U",-61,"H"," ","U",-50,"H"," ","U",-61,"H"," ","U",-100,"H"," ","U",-94,"H"," ","U",-33,"H"," ","U",-28,"H"," ","U",6,"H"," ","U",-28,"H"," ","U",-39,"H"," ","U",-50,"H"," ","U",-44,"H"," ","U",-33,"H"," ","U",-67,"H"," ","U"
"153","USR0000MBIS",1995,12,"TAVG",34," "," ","U",-17," "," ","U",-29," "," ","U",-45," "," ","U",-101," "," ","U",-69," "," ","U",-157," "," ","U",-219," "," ","U",-96," "," ","U",-40," "," ","U",39," "," ","U",46," "," ","U",15," "," ","U",-3," "," ","U",8," "," ","U",-43," "," ","U",-61," "," ","U",-27," "," ","U",-13," "," ","U",-48," "," ","U",-74," "," ","U",-27," "," ","U",-14," "," ","U",3," "," ","U",37," "," ","U",3," "," ","U",-16," "," ","U",-19," "," ","U",-14," "," ","U",-12," "," ","U",-43," "," ","U"
"154","USR0000MBIS",1996,1,"TMAX",-67,"H"," ","U",NA," "," "," ",NA," "," "," ",NA," "," "," ",NA," "," "," ",NA," "," "," ",NA," "," "," ",NA," "," "," ",NA," "," "," ",NA," "," "," ",NA," "," "," ",NA," "," "," ",NA," "," "," ",NA," "," "," ",NA," "," "," ",NA," "," "," ",NA," "," "," ",NA," "," "," ",NA," "," "," ",NA," "," "," ",NA," "," "," ",NA," "," "," ",NA," "," "," ",NA," "," "," ",NA," "," "," ",NA," "," "," ",NA," "," "," ",NA," "," "," ",NA," "," "," ",NA," "," "," ",NA," "," "," "
"155","USR0000MBIS",1996,1,"TMIN",-67,"H"," ","U",NA," "," "," ",NA," "," "," ",NA," "," "," ",NA," "," "," ",NA," "," "," ",NA," "," "," ",NA," "," "," ",NA," "," "," ",NA," "," "," ",NA," "," "," ",NA," "," "," ",NA," "," "," ",NA," "," "," ",NA," "," "," ",NA," "," "," ",NA," "," "," ",NA," "," "," ",NA," "," "," ",NA," "," "," ",NA," "," "," ",NA," "," "," ",NA," "," "," ",NA," "," "," ",NA," "," "," ",NA," "," "," ",NA," "," "," ",NA," "," "," ",NA," "," "," ",NA," "," "," ",NA," "," "," "
"156","USR0000MBIS",1996,1,"TAVG",-67," "," ","U",NA," "," "," ",NA," "," "," ",NA," "," "," ",NA," "," "," ",NA," "," "," ",NA," "," "," ",NA," "," "," ",NA," "," "," ",NA," "," "," ",NA," "," "," ",NA," "," "," ",NA," "," "," ",NA," "," "," ",NA," "," "," ",NA," "," "," ",NA," "," "," ",NA," "," "," ",NA," "," "," ",NA," "," "," ",NA," "," "," ",NA," "," "," ",NA," "," "," ",NA," "," "," ",NA," "," "," ",NA," "," "," ",NA," "," "," ",NA," "," "," ",NA," "," "," ",NA," "," "," ",NA," "," "," "
"157","USR0000MBIS",1996,2,"TMAX",NA," "," "," ",NA," "," "," ",NA," "," "," ",NA," "," "," ",NA," "," "," ",NA," "," "," ",NA," "," "," ",NA," "," "," ",NA," "," "," ",NA," "," "," ",NA," "," "," ",NA," "," "," ",133,"H"," ","U",50,"H"," ","U",39,"H"," ","U",111,"H"," ","U",61,"H"," ","U",56,"H"," ","U",39,"H"," ","U",83,"H"," ","U",106,"H"," ","U",33,"H"," ","U",28,"H"," ","U",-56,"H"," ","U",-100,"H"," ","U",-183,"H"," ","U",-167,"H"," ","U",-122,"H"," ","U",-17,"H"," ","U",NA," "," "," ",NA," "," "," "
"158","USR0000MBIS",1996,2,"TMIN",NA," "," "," ",NA," "," "," ",NA," "," "," ",NA," "," "," ",NA," "," "," ",NA," "," "," ",NA," "," "," ",NA," "," "," ",NA," "," "," ",NA," "," "," ",NA," "," "," ",NA," "," "," ",50,"H"," ","U",-39,"H"," ","U",-78,"H"," ","U",0,"H"," ","U",0,"H"," ","U",11,"H"," ","U",-28,"H"," ","U",-28,"H"," ","U",17,"H"," ","U",-83,"H"," ","U",-89,"H"," ","U",-100,"H"," ","U",-217,"H"," ","U",-239,"H"," ","U",-244,"H"," ","U",-256,"H"," ","U",-167,"H"," ","U",NA," "," "," ",NA," "," "," "
"159","USR0000MBIS",1996,2,"TAVG",NA," "," "," ",NA," "," "," ",NA," "," "," ",NA," "," "," ",NA," "," "," ",NA," "," "," ",NA," "," "," ",NA," "," "," ",NA," "," "," ",NA," "," "," ",NA," "," "," ",NA," "," "," ",84," "," ","U",-11," "," ","U",-29," "," ","U",46," "," ","U",28," "," ","U",33," "," ","U",12," "," ","U",21," "," ","U",47," "," ","U",-33," "," ","U",-49," "," ","U",-77," "," ","U",-150," "," ","U",-217," "," ","U",-219," "," ","U",-196," "," ","U",-107," "," ","U",NA," "," "," ",NA," "," "," "
"160","USR0000MBIS",1996,3,"TMAX",-11,"H"," ","U",61,"H"," ","U",-11,"H"," ","U",-128,"H"," ","U",-144,"H"," ","U",-17,"H"," ","U",-106,"H","I","U",22,"H"," ","U",150,"H"," ","U",144,"H"," ","U",122,"H"," ","U",122,"H"," ","U",44,"H"," ","U",139,"H"," ","U",94,"H"," ","U",22,"H"," ","U",28,"H"," ","U",17,"H"," ","U",11,"H"," ","U",94,"H"," ","U",50,"H"," ","U",33,"H"," ","U",-89,"H"," ","U",-139,"H"," ","U",11,"H"," ","U",11,"H"," ","U",-78,"H"," ","U",-17,"H"," ","U",22,"H"," ","U",50,"H"," ","U",83,"H"," ","U"
"161","USR0000MBIS",1996,3,"TMIN",-83,"H"," ","U",-72,"H"," ","U",-144,"H"," ","U",-194,"H"," ","U",-217,"H"," ","U",-211,"H"," ","U",-217,"H"," ","U",-94,"H","I","U",-28,"H"," ","U",44,"H"," ","U",11,"H"," ","U",-6,"H"," ","U",-39,"H"," ","U",-33,"H"," ","U",-28,"H"," ","U",-72,"H"," ","U",-50,"H"," ","U",-89,"H"," ","U",-89,"H"," ","U",-28,"H"," ","U",-44,"H"," ","U",-83,"H"," ","U",-189,"H"," ","U",-244,"H"," ","U",-233,"H"," ","U",-111,"H"," ","U",-150,"H"," ","U",-150,"H"," ","U",-111,"H"," ","U",-94,"H"," ","U",-61,"H"," ","U"
"162","USR0000MBIS",1996,3,"TAVG",-53," "," ","U",-29," "," ","U",-73," "," ","U",-164," "," ","U",-191," "," ","U",-140," "," ","U",-172," "," ","U",-27," "," ","U",58," "," ","U",86," "," ","U",53," "," ","U",35," "," ","U",-9," "," ","U",44," "," ","U",32," "," ","U",-33," "," ","U",-31," "," ","U",-44," "," ","U",-34," "," ","U",28," "," ","U",-19," "," ","U",-27," "," ","U",-144," "," ","U",-204," "," ","U",-116," "," ","U",-67," "," ","U",-116," "," ","U",-115," "," ","U",-73," "," ","U",-38," "," ","U",7," "," ","U"
"163","USR0000MBIS",1996,4,"TMAX",128,"H"," ","U",61,"H"," ","U",67,"H"," ","U",83,"H"," ","U",150,"H"," ","U",161,"H"," ","U",128,"H"," ","U",222,"H"," ","U",256,"H"," ","U",89,"H"," ","U",17,"H"," ","U",44,"H"," ","U",-6,"H"," ","U",94,"H"," ","U",161,"H"," ","U",172,"H"," ","U",67,"H"," ","U",111,"H"," ","U",67,"H"," ","U",56,"H"," ","U",61,"H"," ","U",100,"H"," ","U",128,"H"," ","U",89,"H"," ","U",106,"H"," ","U",78,"H"," ","U",50,"H"," ","U",72,"H"," ","U",78,"H"," ","U",89,"H"," ","U",NA," "," "," "
"164","USR0000MBIS",1996,4,"TMIN",33,"H","S","U",-6,"H"," ","U",-50,"H"," ","U",-39,"H"," ","U",-50,"H"," ","U",33,"H"," ","U",39,"H"," ","U",50,"H"," ","U",78,"H"," ","U",-11,"H"," ","U",-33,"H"," ","U",-39,"H"," ","U",-50,"H"," ","U",-50,"H"," ","U",-17,"H"," ","U",44,"H"," ","U",-22,"H"," ","U",-33,"H"," ","U",-28,"H"," ","U",-39,"H"," ","U",-33,"H"," ","U",-28,"H"," ","U",17,"H"," ","U",-6,"H"," ","U",-11,"H"," ","U",-28,"H"," ","U",-44,"H"," ","U",-39,"H"," ","U",-6,"H"," ","U",-17,"H"," ","U",NA," "," "," "
"165","USR0000MBIS",1996,4,"TAVG",77," "," ","U",18," "," ","U",-12," "," ","U",-4," "," ","U",43," "," ","U",79," "," ","U",73," "," ","U",112," "," ","U",148," "," ","U",52," "," ","U",-9," "," ","U",0," "," ","U",-27," "," ","U",-2," "," ","U",74," "," ","U",97," "," ","U",22," "," ","U",26," "," ","U",4," "," ","U",-4," "," ","U",-6," "," ","U",28," "," ","U",64," "," ","U",41," "," ","U",34," "," ","U",29," "," ","U",-12," "," ","U",-3," "," ","U",22," "," ","U",16," "," ","U",NA," "," "," "
"166","USR0000MBIS",1996,5,"TMAX",72,"H"," ","U",94,"H"," ","U",44,"H"," ","U",61,"H"," ","U",83,"H"," ","U",100,"H"," ","U",133,"H"," ","U",6,"H"," ","U",33,"H"," ","U",72,"H"," ","U",100,"H"," ","U",167,"H"," ","U",117,"H"," ","U",161,"H"," ","U",156,"H"," ","U",128,"H"," ","U",150,"H"," ","U",133,"H"," ","U",128,"H"," ","U",117,"H"," ","U",161,"H"," ","U",150,"H"," ","U",56,"H"," ","U",67,"H"," ","U",83,"H"," ","U",56,"H"," ","U",72,"H"," ","U",100,"H"," ","U",178,"H"," ","U",144,"H"," ","U",178,"H"," ","U"
"167","USR0000MBIS",1996,5,"TMIN",-17,"H"," ","U",-44,"H"," ","U",-28,"H"," ","U",-44,"H"," ","U",-56,"H"," ","U",-28,"H"," ","U",6,"H"," ","U",-33,"H"," ","U",-56,"H"," ","U",-50,"H"," ","U",-6,"H"," ","U",11,"H"," ","U",61,"H"," ","U",61,"H"," ","U",50,"H"," ","U",44,"H"," ","U",44,"H"," ","U",33,"H"," ","U",11,"H"," ","U",6,"H"," ","U",11,"H"," ","U",44,"H"," ","U",-6,"H"," ","U",-6,"H"," ","U",17,"H"," ","U",22,"H"," ","U",22,"H"," ","U",22,"H"," ","U",33,"H"," ","U",0,"H"," ","U",33,"H"," ","U"
"168","USR0000MBIS",1996,5,"TAVG",10," "," ","U",9," "," ","U",-1," "," ","U",-12," "," ","U",11," "," ","U",35," "," ","U",60," "," ","U",-14," "," ","U",-26," "," ","U",0," "," ","U",37," "," ","U",75," "," ","U",81," "," ","U",94," "," ","U",94," "," ","U",89," "," ","U",86," "," ","U",71," "," ","U",56," "," ","U",53," "," ","U",82," "," ","U",83," "," ","U",31," "," ","U",20," "," ","U",41," "," ","U",41," "," ","U",46," "," ","U",59," "," ","U",86," "," ","U",64," "," ","U",91," "," ","U"
"169","USR0000MBIS",1996,6,"TMAX",144,"H"," ","U",200,"H"," ","U",233,"H"," ","U",239,"H"," ","U",172,"H"," ","U",206,"H"," ","U",272,"H"," ","U",283,"H"," ","U",289,"H"," ","U",233,"H"," ","U",206,"H"," ","U",233,"H"," ","U",256,"H"," ","U",211,"H"," ","U",211,"H"," ","U",256,"H"," ","U",278,"H"," ","U",144,"H"," ","U",172,"H"," ","U",211,"H"," ","U",144,"H"," ","U",150,"H"," ","U",172,"H"," ","U",217,"H"," ","U",206,"H"," ","U",261,"H"," ","U",239,"H"," ","U",200,"H"," ","U",222,"H"," ","U",256,"H"," ","U",NA," "," "," "
"170","USR0000MBIS",1996,6,"TMIN",44,"H"," ","U",56,"H"," ","U",94,"H"," ","U",94,"H"," ","U",50,"H"," ","U",50,"H"," ","U",111,"H"," ","U",161,"H"," ","U",128,"H"," ","U",106,"H"," ","U",89,"H"," ","U",67,"H"," ","U",128,"H"," ","U",111,"H"," ","U",94,"H"," ","U",106,"H"," ","U",61,"H"," ","U",11,"H"," ","U",-6,"H"," ","U",39,"H"," ","U",33,"H"," ","U",28,"H"," ","U",17,"H"," ","U",94,"H"," ","U",83,"H"," ","U",128,"H"," ","U",122,"H"," ","U",89,"H"," ","U",67,"H"," ","U",106,"H"," ","U",NA," "," "," "
"171","USR0000MBIS",1996,6,"TAVG",77," "," ","U",123," "," ","U",147," "," ","U",158," "," ","U",103," "," ","U",122," "," ","U",192," "," ","U",220," "," ","U",187," "," ","U",167," "," ","U",153," "," ","U",151," "," ","U",185," "," ","U",164," "," ","U",150," "," ","U",172," "," ","U",185," "," ","U",78," "," ","U",83," "," ","U",100," "," ","U",97," "," ","U",86," "," ","U",98," "," ","U",131," "," ","U",142," "," ","U",182," "," ","U",179," "," ","U",134," "," ","U",140," "," ","U",174," "," ","U",NA," "," "," "
"172","USR0000MBIS",1996,7,"TMAX",278,"H"," ","U",311,"H"," ","U",322,"H"," ","U",328,"H"," ","U",217,"H"," ","U",228,"H"," ","U",200,"H"," ","U",217,"H"," ","U",261,"H"," ","U",272,"H"," ","U",206,"H"," ","U",250,"H"," ","U",211,"H"," ","U",283,"H"," ","U",311,"H"," ","U",278,"H"," ","U",217,"H"," ","U",294,"H"," ","U",256,"H"," ","U",211,"H"," ","U",244,"H"," ","U",244,"H"," ","U",233,"H"," ","U",278,"H"," ","U",256,"H"," ","U",250,"H"," ","U",306,"H"," ","U",283,"H"," ","U",283,"H"," ","U",194,"H"," ","U",267,"H"," ","U"
"173","USR0000MBIS",1996,7,"TMIN",139,"H"," ","U",150,"H"," ","U",211,"H"," ","U",194,"H"," ","U",100,"H"," ","U",67,"H"," ","U",83,"H"," ","U",61,"H"," ","U",117,"H"," ","U",139,"H"," ","U",78,"H"," ","U",61,"H"," ","U",106,"H"," ","U",83,"H"," ","U",144,"H"," ","U",156,"H"," ","U",139,"H"," ","U",122,"H"," ","U",83,"H"," ","U",67,"H"," ","U",72,"H"," ","U",89,"H"," ","U",100,"H"," ","U",94,"H"," ","U",106,"H"," ","U",78,"H"," ","U",139,"H"," ","U",133,"H"," ","U",122,"H"," ","U",117,"H"," ","U",122,"H"," ","U"
"174","USR0000MBIS",1996,7,"TAVG",206," "," ","U",225," "," ","U",249," "," ","U",247," "," ","U",154," "," ","U",142," "," ","U",134," "," ","U",138," "," ","U",181," "," ","U",196," "," ","U",136," "," ","U",147," "," ","U",159," "," ","U",188," "," ","U",223," "," ","U",204," "," ","U",176," "," ","U",196," "," ","U",156," "," ","U",131," "," ","U",148," "," ","U",158," "," ","U",159," "," ","U",174," "," ","U",171," "," ","U",158," "," ","U",208," "," ","U",201," "," ","U",196," "," ","U",149," "," ","U",186," "," ","U"
"175","USR0000MBIS",1996,8,"TMAX",300,"H"," ","U",300,"H"," ","U",156,"H"," ","U",194,"H"," ","U",183,"H"," ","U",167,"H"," ","U",250,"H"," ","U",294,"H"," ","U",306,"H"," ","U",328,"H"," ","U",344,"H"," ","U",333,"H"," ","U",294,"H"," ","U",294,"H"," ","U",294,"H"," ","U",333,"H"," ","U",300,"H"," ","U",122,"H","S","U",239,"H"," ","U",289,"H"," ","U",211,"H"," ","U",278,"H"," ","U",300,"H"," ","U",311,"H"," ","U",283,"H"," ","U",311,"H"," ","U",311,"H"," ","U",267,"H"," ","U",261,"H"," ","U",300,"H"," ","U",306,"H"," ","U"
"176","USR0000MBIS",1996,8,"TMIN",122,"H"," ","U",100,"H"," ","U",89,"H"," ","U",39,"H"," ","U",50,"H"," ","U",33,"H"," ","U",61,"H"," ","U",156,"H"," ","U",156,"H"," ","U",133,"H"," ","U",167,"H"," ","U",178,"H"," ","U",139,"H"," ","U",161,"H"," ","U",150,"H"," ","U",183,"H"," ","U",100,"H"," ","U",44,"H"," ","U",39,"H"," ","U",106,"H"," ","U",67,"H"," ","U",117,"H"," ","U",122,"H"," ","U",161,"H"," ","U",128,"H"," ","U",178,"H"," ","U",189,"H"," ","U",106,"H"," ","U",94,"H"," ","U",133,"H"," ","U",106,"H"," ","U"
"177","USR0000MBIS",1996,8,"TAVG",190," "," ","U",174," "," ","U",117," "," ","U",106," "," ","U",110," "," ","U",98," "," ","U",144," "," ","U",221," "," ","U",216," "," ","U",217," "," ","U",248," "," ","U",245," "," ","U",208," "," ","U",216," "," ","U",207," "," ","U",236," "," ","U",198," "," ","U",95," "," ","U",138," "," ","U",181," "," ","U",128," "," ","U",175," "," ","U",214," "," ","U",227," "," ","U",202," "," ","U",238," "," ","U",249," "," ","U",172," "," ","U",167," "," ","U",205," "," ","U",198," "," ","U"
"178","USR0000MBIS",1996,9,"TMAX",244,"H"," ","U",228,"H"," ","U",233,"H"," ","U",256,"H"," ","U",183,"H"," ","U",183,"H"," ","U",222,"H"," ","U",244,"H"," ","U",244,"H"," ","U",233,"H"," ","U",250,"H"," ","U",233,"H"," ","U",278,"H"," ","U",239,"H"," ","U",206,"H"," ","U",39,"H","I","U",33,"H"," ","U",139,"H"," ","U",94,"H"," ","U",133,"H"," ","U",128,"H"," ","U",83,"H"," ","U",111,"H"," ","U",100,"H"," ","U",94,"H"," ","U",33,"H"," ","U",133,"H"," ","U",206,"H"," ","U",222,"H"," ","U",228,"H"," ","U",NA," "," "," "
"179","USR0000MBIS",1996,9,"TMIN",67,"H"," ","U",61,"H"," ","U",83,"H"," ","U",83,"H"," ","U",22,"H"," ","U",22,"H"," ","U",67,"H"," ","U",89,"H"," ","U",83,"H"," ","U",100,"H"," ","U",122,"H"," ","U",133,"H"," ","U",133,"H"," ","U",78,"H"," ","U",56,"H","I","U",6,"H"," ","U",0,"H"," ","U",11,"H"," ","U",0,"H"," ","U",28,"H"," ","U",6,"H"," ","U",-17,"H"," ","U",-33,"H"," ","U",-11,"H"," ","U",-17,"H"," ","U",-56,"H"," ","U",-44,"H"," ","U",67,"H"," ","U",67,"H"," ","U",67,"H"," ","U",NA," "," "," "
"180","USR0000MBIS",1996,9,"TAVG",134," "," ","U",129," "," ","U",153," "," ","U",158," "," ","U",84," "," ","U",89," "," ","U",136," "," ","U",151," "," ","U",151," "," ","U",164," "," ","U",176," "," ","U",173," "," ","U",192," "," ","U",139," "," ","U",128," "," ","U",19," "," ","U",16," "," ","U",49," "," ","U",44," "," ","U",67," "," ","U",57," "," ","U",24," "," ","U",26," "," ","U",38," "," ","U",19," "," ","U",-21," "," ","U",50," "," ","U",119," "," ","U",125," "," ","U",133," "," ","U",NA," "," "," "
"181","USR0000MBIS",1996,10,"TMAX",117,"H"," ","U",122,"H"," ","U",233,"H"," ","U",239,"H"," ","U",194,"H"," ","U",161,"H"," ","U",211,"H"," ","U",183,"H"," ","U",200,"H"," ","U",278,"H"," ","U",222,"H"," ","U",206,"H"," ","U",211,"H"," ","U",117,"H"," ","U",100,"H"," ","U",67,"H"," ","U",39,"H"," ","U",83,"H"," ","U",22,"H"," ","U",-44,"H"," ","U",72,"H"," ","U",61,"H"," ","U",67,"H"," ","U",72,"H"," ","U",0,"H"," ","U",-28,"H"," ","U",94,"H"," ","U",183,"H"," ","U",39,"H"," ","U",-39,"H"," ","U",61,"H"," ","U"
"182","USR0000MBIS",1996,10,"TMIN",-28,"H"," ","U",-17,"H"," ","U",67,"H"," ","U",117,"H"," ","U",72,"H"," ","U",61,"H"," ","U",39,"H"," ","U",61,"H"," ","U",67,"H"," ","U",106,"H"," ","U",106,"H"," ","U",72,"H"," ","U",56,"H"," ","U",6,"H"," ","U",-28,"H"," ","U",-56,"H"," ","U",-67,"H"," ","U",6,"H"," ","U",-44,"H"," ","U",-78,"H"," ","U",-100,"H"," ","U",-11,"H"," ","U",-22,"H"," ","U",-11,"H"," ","U",-56,"H"," ","U",-89,"H"," ","U",-83,"H"," ","U",17,"H"," ","U",-144,"H"," ","U",-150,"H"," ","U",-122,"H"," ","U"
"183","USR0000MBIS",1996,10,"TAVG",40," "," ","U",51," "," ","U",140," "," ","U",168," "," ","U",134," "," ","U",95," "," ","U",108," "," ","U",107," "," ","U",124," "," ","U",169," "," ","U",146," "," ","U",130," "," ","U",143," "," ","U",55," "," ","U",39," "," ","U",-28," "," ","U",-24," "," ","U",43," "," ","U",-17," "," ","U",-60," "," ","U",-32," "," ","U",19," "," ","U",3," "," ","U",18," "," ","U",-22," "," ","U",-61," "," ","U",-6," "," ","U",70," "," ","U",-102," "," ","U",-111," "," ","U",-39," "," ","U"
"184","USR0000MBIS",1996,11,"TMAX",111,"H"," ","U",167,"H"," ","U",161,"H"," ","U",44,"H"," ","U",17,"H"," ","U",28,"H"," ","U",-22,"H"," ","U",89,"H"," ","U",61,"H"," ","U",83,"H"," ","U",-28,"H"," ","U",122,"H"," ","U",78,"H"," ","U",6,"H"," ","U",-100,"H"," ","U",-106,"H"," ","U",-6,"H"," ","U",11,"H"," ","U",0,"H"," ","U",11,"H"," ","U",-6,"H"," ","U",-44,"H"," ","U",-11,"H"," ","U",17,"H"," ","U",6,"H"," ","U",-6,"H"," ","U",33,"H"," ","U",33,"H"," ","U",-50,"H"," ","U",-33,"H"," ","U",NA," "," "," "
"185","USR0000MBIS",1996,11,"TMIN",-22,"H"," ","U",6,"H"," ","U",33,"H"," ","U",-39,"H"," ","U",-78,"H"," ","U",-78,"H"," ","U",-78,"H"," ","U",-44,"H"," ","U",6,"H"," ","U",-39,"H"," ","U",-50,"H"," ","U",-22,"H"," ","U",6,"H"," ","U",-94,"H"," ","U",-172,"H"," ","U",-178,"H"," ","U",-144,"H"," ","U",-194,"H"," ","U",-200,"H"," ","U",-228,"H"," ","U",-117,"H"," ","U",-200,"H"," ","U",-183,"H"," ","U",-61,"H"," ","U",-67,"H"," ","U",-89,"H"," ","U",-67,"H"," ","U",-56,"H"," ","U",-106,"H"," ","U",-111,"H"," ","U",NA," "," "," "
"186","USR0000MBIS",1996,11,"TAVG",23," "," ","U",61," "," ","U",73," "," ","U",2," "," ","U",-44," "," ","U",-36," "," ","U",-48," "," ","U",23," "," ","U",39," "," ","U",36," "," ","U",-43," "," ","U",43," "," ","U",31," "," ","U",-19," "," ","U",-141," "," ","U",-155," "," ","U",-52," "," ","U",-64," "," ","U",-130," "," ","U",-67," "," ","U",-52," "," ","U",-166," "," ","U",-88," "," ","U",-18," "," ","U",-31," "," ","U",-53," "," ","U",-16," "," ","U",3," "," ","U",-71," "," ","U",-76," "," ","U",NA," "," "," "
"187","USR0000MBIS",1996,12,"TMAX",28,"H"," ","U",-39,"H"," ","U",-28,"H"," ","U",-17,"H"," ","U",-11,"H"," ","U",-11,"H"," ","U",-17,"H"," ","U",72,"H"," ","U",56,"H"," ","U",72,"H"," ","U",6,"H"," ","U",28,"H"," ","U",-17,"H"," ","U",-22,"H"," ","U",-17,"H"," ","U",-100,"H","I","U",-167,"H"," ","U",-56,"H"," ","U",-6,"H"," ","U",-11,"H"," ","U",-150,"H","I","U",-194,"H"," ","U",-89,"H"," ","U",-78,"H"," ","U",-128,"H"," ","U",-78,"H"," ","U",-17,"H"," ","U",-128,"H","I","U",NA," "," "," ",NA," "," "," ",NA," "," "," "
"188","USR0000MBIS",1996,12,"TMIN",-61,"H"," ","U",-100,"H"," ","U",-117,"H"," ","U",-128,"H"," ","U",-61,"H"," ","U",-67,"H"," ","U",-72,"H"," ","U",-17,"H"," ","U",-6,"H"," ","U",11,"H"," ","U",-61,"H"," ","U",-50,"H"," ","U",-83,"H"," ","U",-89,"H"," ","U",-89,"H","I","U",-172,"H"," ","U",-194,"H"," ","U",-178,"H"," ","U",-67,"H"," ","U",-139,"H","I","U",-228,"H"," ","U",-261,"H"," ","U",-267,"H"," ","U",-133,"H"," ","U",-267,"H"," ","U",-172,"H"," ","U",-111,"H","I","U",-211,"H"," ","U",NA," "," "," ",NA," "," "," ",NA," "," "," "
"189","USR0000MBIS",1996,12,"TAVG",-21," "," ","U",-73," "," ","U",-76," "," ","U",-71," "," ","U",-35," "," ","U",-51," "," ","U",-44," "," ","U",27," "," ","U",27," "," ","U",34," "," ","U",-27," "," ","U",-22," "," ","U",-51," "," ","U",-66," "," ","U",-52," "," ","U",-153," "," ","U",-181," "," ","U",-112," "," ","U",-51," "," ","U",-49," "," ","U",-187," "," ","U",-233," "," ","U",-132," "," ","U",-106," "," ","U",-197," "," ","U",-128," "," ","U",-54," "," ","U",-170," "," ","U",NA," "," "," ",NA," "," "," ",NA," "," "," "
"190","USR0000MBIS",1997,7,"TMAX",NA," "," "," ",NA," "," "," ",NA," "," "," ",NA," "," "," ",NA," "," "," ",NA," "," "," ",NA," "," "," ",NA," "," "," ",NA," "," "," ",NA," "," "," ",NA," "," "," ",NA," "," "," ",NA," "," "," ",NA," "," "," ",NA," "," "," ",NA," "," "," ",NA," "," "," ",NA," "," "," ",NA," "," "," ",NA," "," "," ",NA," "," "," ",NA," "," "," ",NA," "," "," ",NA," "," "," ",NA," "," "," ",239,"H"," ","U",228,"H"," ","U",244,"H"," ","U",200,"H"," ","U",267,"H"," ","U",256,"H"," ","U"
"191","USR0000MBIS",1997,7,"TMIN",NA," "," "," ",NA," "," "," ",NA," "," "," ",NA," "," "," ",NA," "," "," ",NA," "," "," ",NA," "," "," ",NA," "," "," ",NA," "," "," ",NA," "," "," ",NA," "," "," ",NA," "," "," ",NA," "," "," ",NA," "," "," ",NA," "," "," ",NA," "," "," ",NA," "," "," ",NA," "," "," ",NA," "," "," ",NA," "," "," ",NA," "," "," ",NA," "," "," ",NA," "," "," ",NA," "," "," ",NA," "," "," ",139,"H"," ","U",117,"H"," ","U",117,"H"," ","U",133,"H"," ","U",133,"H"," ","U",117,"H"," ","U"
"192","USR0000MBIS",1997,7,"TAVG",NA," "," "," ",NA," "," "," ",NA," "," "," ",NA," "," "," ",NA," "," "," ",NA," "," "," ",NA," "," "," ",NA," "," "," ",NA," "," "," ",NA," "," "," ",NA," "," "," ",NA," "," "," ",NA," "," "," ",NA," "," "," ",NA," "," "," ",NA," "," "," ",NA," "," "," ",NA," "," "," ",NA," "," "," ",NA," "," "," ",NA," "," "," ",NA," "," "," ",NA," "," "," ",NA," "," "," ",NA," "," "," ",186," "," ","U",167," "," ","U",177," "," ","U",164," "," ","U",174," "," ","U",170," "," ","U"
"193","USR0000MBIS",1997,8,"TMAX",272,"H"," ","U",272,"H"," ","U",278,"H"," ","U",283,"H"," ","U",217,"H"," ","U",206,"H"," ","U",283,"H"," ","U",228,"H"," ","U",122,"H"," ","U",133,"H"," ","U",200,"H"," ","U",211,"H"," ","U",228,"H"," ","U",211,"H"," ","U",156,"H"," ","U",122,"H"," ","U",183,"H"," ","U",206,"H"," ","U",228,"H"," ","U",250,"H"," ","U",261,"H"," ","U",278,"H"," ","U",294,"H"," ","U",233,"H"," ","U",239,"H"," ","U",289,"H"," ","U",289,"H"," ","U",272,"H"," ","U",228,"H"," ","U",239,"H"," ","U",261,"H"," ","U"
"194","USR0000MBIS",1997,8,"TMIN",117,"H"," ","U",128,"H"," ","U",133,"H"," ","U",178,"H"," ","U",128,"H"," ","U",122,"H"," ","U",117,"H"," ","U",56,"H"," ","U",39,"H"," ","U",56,"H"," ","U",56,"H"," ","U",78,"H"," ","U",100,"H"," ","U",94,"H"," ","U",67,"H"," ","U",61,"H"," ","U",67,"H"," ","U",78,"H"," ","U",67,"H"," ","U",133,"H"," ","U",100,"H"," ","U",117,"H"," ","U",139,"H"," ","U",111,"H"," ","U",89,"H"," ","U",139,"H"," ","U",139,"H"," ","U",133,"H"," ","U",100,"H"," ","U",83,"H"," ","U",117,"H"," ","U"
"195","USR0000MBIS",1997,8,"TAVG",183," "," ","U",188," "," ","U",211," "," ","U",223," "," ","U",172," "," ","U",162," "," ","U",189," "," ","U",128," "," ","U",66," "," ","U",81," "," ","U",111," "," ","U",139," "," ","U",138," "," ","U",141," "," ","U",101," "," ","U",83," "," ","U",107," "," ","U",116," "," ","U",131," "," ","U",179," "," ","U",172," "," ","U",186," "," ","U",216," "," ","U",161," "," ","U",160," "," ","U",211," "," ","U",197," "," ","U",182," "," ","U",144," "," ","U",154," "," ","U",188," "," ","U"
"196","USR0000MBIS",1997,9,"TMAX",183,"H"," ","U",NA," "," "," ",NA," "," "," ",244,"H"," ","U",250,"H"," ","U",256,"H"," ","U",244,"H"," ","U",200,"H"," ","U",244,"H"," ","U",250,"H"," ","U",244,"H"," ","U",189,"H"," ","U",211,"H"," ","U",233,"H"," ","U",233,"H"," ","U",139,"H"," ","U",161,"H"," ","U",150,"H"," ","U",133,"H"," ","U",161,"H"," ","U",150,"H"," ","U",211,"H"," ","U",217,"H"," ","U",278,"H"," ","U",267,"H"," ","U",250,"H"," ","U",100,"H"," ","U",194,"H"," ","U",228,"H"," ","U",256,"H"," ","U",NA," "," "," "
"197","USR0000MBIS",1997,9,"TMIN",89,"H"," ","U",NA," "," "," ",NA," "," "," ",122,"H"," ","U",94,"H"," ","U",100,"H"," ","U",100,"H"," ","U",83,"H"," ","U",100,"H"," ","U",122,"H"," ","U",89,"H"," ","U",83,"H"," ","U",61,"H"," ","U",89,"H"," ","U",56,"H"," ","U",50,"H"," ","U",61,"H"," ","U",11,"H"," ","U",-17,"H"," ","U",33,"H"," ","U",39,"H"," ","U",56,"H"," ","U",100,"H"," ","U",106,"H"," ","U",128,"H"," ","U",50,"H"," ","U",28,"H"," ","U",28,"H"," ","U",83,"H"," ","U",133,"H"," ","U",NA," "," "," "
"198","USR0000MBIS",1997,9,"TAVG",123," "," ","U",NA," "," "," ",NA," "," "," ",172," "," ","U",158," "," ","U",165," "," ","U",158," "," ","U",128," "," ","U",162," "," ","U",180," "," ","U",162," "," ","U",114," "," ","U",130," "," ","U",160," "," ","U",148," "," ","U",78," "," ","U",118," "," ","U",76," "," ","U",47," "," ","U",91," "," ","U",85," "," ","U",120," "," ","U",143," "," ","U",182," "," ","U",183," "," ","U",163," "," ","U",57," "," ","U",100," "," ","U",139," "," ","U",183," "," ","U",NA," "," "," "
"199","USR0000MBIS",1997,10,"TMAX",222,"H"," ","U",228,"H"," ","U",128,"H"," ","U",156,"H"," ","U",111,"H"," ","U",111,"H"," ","U",56,"H"," ","U",11,"H"," ","U",111,"H"," ","U",72,"H"," ","U",22,"H"," ","U",-22,"H"," ","U",28,"H"," ","U",72,"H"," ","U",167,"H"," ","U",233,"H"," ","U",217,"H"," ","U",83,"H"," ","U",50,"H"," ","U",33,"H"," ","U",111,"H"," ","U",117,"H"," ","U",50,"H"," ","U",-44,"H"," ","U",56,"H"," ","U",128,"H"," ","U",128,"H"," ","U",61,"H"," ","U",83,"H"," ","U",106,"H"," ","U",61,"H"," ","U"
"200","USR0000MBIS",1997,10,"TMIN",150,"H"," ","U",78,"H"," ","U",39,"H"," ","U",39,"H"," ","U",0,"H"," ","U",-22,"H"," ","U",0,"H"," ","U",-28,"H"," ","U",-6,"H"," ","U",22,"H"," ","U",-22,"H"," ","U",-67,"H"," ","U",-89,"H"," ","U",11,"H"," ","U",11,"H"," ","U",83,"H"," ","U",89,"H"," ","U",-6,"H"," ","U",-6,"H"," ","U",-17,"H"," ","U",-11,"H"," ","U",17,"H"," ","U",-39,"H"," ","U",-72,"H"," ","U",-94,"H"," ","U",-22,"H"," ","U",0,"H"," ","U",-17,"H"," ","U",11,"H"," ","U",6,"H"," ","U",-11,"H"," ","U"
"201","USR0000MBIS",1997,10,"TAVG",188," "," ","U",147," "," ","U",79," "," ","U",89," "," ","U",47," "," ","U",57," "," ","U",22," "," ","U",-13," "," ","U",42," "," ","U",37," "," ","U",-4," "," ","U",-42," "," ","U",-21," "," ","U",44," "," ","U",77," "," ","U",139," "," ","U",139," "," ","U",26," "," ","U",16," "," ","U",11," "," ","U",36," "," ","U",58," "," ","U",-1," "," ","U",-64," "," ","U",-33," "," ","U",48," "," ","U",51," "," ","U",21," "," ","U",45," "," ","U",50," "," ","U",24," "," ","U"
"202","USR0000MBIS",1997,11,"TMAX",28,"H"," ","U",78,"H"," ","U",106,"H"," ","U",89,"H"," ","U",144,"H"," ","U",172,"H"," ","U",100,"H"," ","U",-28,"H"," ","U",-28,"H"," ","U",-33,"H"," ","U",-33,"H"," ","U",44,"H"," ","U",-39,"H"," ","U",-89,"H"," ","U",39,"H"," ","U",56,"H"," ","U",22,"H"," ","U",33,"H"," ","U",11,"H"," ","U",33,"H"," ","U",-6,"H"," ","U",0,"H"," ","U",44,"H"," ","U",61,"H"," ","U",6,"H"," ","U",39,"H"," ","U",61,"H"," ","U",100,"H"," ","U",56,"H"," ","U",78,"H"," ","U",NA," "," "," "
"203","USR0000MBIS",1997,11,"TMIN",-6,"H"," ","U",-28,"H"," ","U",33,"H"," ","U",11,"H"," ","U",33,"H"," ","U",50,"H"," ","U",-39,"H"," ","U",-94,"H"," ","U",-117,"H"," ","U",-139,"H"," ","U",-139,"H"," ","U",-67,"H"," ","U",-139,"H"," ","U",-172,"H"," ","U",-128,"H"," ","U",-39,"H"," ","U",-22,"H"," ","U",-33,"H"," ","U",-44,"H"," ","U",-17,"H"," ","U",-44,"H"," ","U",-67,"H"," ","U",-33,"H"," ","U",0,"H"," ","U",-44,"H"," ","U",-56,"H"," ","U",-33,"H"," ","U",17,"H"," ","U",0,"H"," ","U",0,"H"," ","U",NA," "," "," "
"204","USR0000MBIS",1997,11,"TAVG",7," "," ","U",14," "," ","U",74," "," ","U",39," "," ","U",73," "," ","U",101," "," ","U",36," "," ","U",-53," "," ","U",-88," "," ","U",-82," "," ","U",-84," "," ","U",-21," "," ","U",-90," "," ","U",-127," "," ","U",-45," "," ","U",-12," "," ","U",-4," "," ","U",-9," "," ","U",-19," "," ","U",-1," "," ","U",-24," "," ","U",-39," "," ","U",7," "," ","U",29," "," ","U",-18," "," ","U",2," "," ","U",11," "," ","U",44," "," ","U",30," "," ","U",41," "," ","U",NA," "," "," "
"205","USR0000MBIS",1997,12,"TMAX",-6,"H"," ","U",-17,"H"," ","U",28,"H"," ","U",-17,"H"," ","U",-11,"H"," ","U",56,"H"," ","U",50,"H"," ","U",33,"H"," ","U",-39,"H"," ","U",-44,"H"," ","U",22,"H"," ","U",56,"H"," ","U",122,"H"," ","U",100,"H"," ","U",33,"H"," ","U",28,"H"," ","U",33,"H"," ","U",-17,"H"," ","U",-61,"H"," ","U",44,"H"," ","U",-11,"H"," ","U",-56,"H"," ","U",-28,"H"," ","U",-33,"H"," ","U",-33,"H"," ","U",44,"H"," ","U",11,"H"," ","U",6,"H"," ","U",56,"H"," ","U",33,"H"," ","U",61,"H"," ","U"
"206","USR0000MBIS",1997,12,"TMIN",-56,"H"," ","U",-94,"H"," ","U",-83,"H"," ","U",-106,"H"," ","U",-111,"H"," ","U",-22,"H"," ","U",-33,"H"," ","U",-39,"H"," ","U",-89,"H"," ","U",-106,"H"," ","U",-100,"H"," ","U",-28,"H"," ","U",11,"H"," ","U",33,"H"," ","U",-39,"H"," ","U",-17,"H"," ","U",-22,"H"," ","U",-106,"H"," ","U",-139,"H"," ","U",-67,"H"," ","U",-78,"H"," ","U",-117,"H"," ","U",-94,"H"," ","U",-106,"H"," ","U",-94,"H"," ","U",-72,"H"," ","U",-106,"H"," ","U",-100,"H"," ","U",-11,"H"," ","U",-39,"H"," ","U",6,"H"," ","U"
"207","USR0000MBIS",1997,12,"TAVG",-32," "," ","U",-59," "," ","U",-23," "," ","U",-58," "," ","U",-51," "," ","U",11," "," ","U",1," "," ","U",-1," "," ","U",-60," "," ","U",-84," "," ","U",-36," "," ","U",12," "," ","U",58," "," ","U",68," "," ","U",0," "," ","U",8," "," ","U",13," "," ","U",-51," "," ","U",-92," "," ","U",-8," "," ","U",-42," "," ","U",-82," "," ","U",-55," "," ","U",-86," "," ","U",-57," "," ","U",-23," "," ","U",-58," "," ","U",-24," "," ","U",23," "," ","U",-9," "," ","U",36," "," ","U"
"208","USR0000MBIS",1998,1,"TMAX",61,"H"," ","U",33,"H"," ","U",0,"H"," ","U",44,"H"," ","U",-11,"H"," ","U",-33,"H"," ","U",-17,"H"," ","U",-72,"H","I","U",-117,"H"," ","U",-233,"H","G","U",-278,"H","G","U",-67,"H","I","U",0,"H"," ","U",0,"H"," ","U",6,"H"," ","U",-22,"H"," ","U",22,"H"," ","U",44,"H"," ","U",44,"H"," ","U",-61,"H"," ","U",6,"H"," ","U",-17,"H","I","U",11,"H"," ","U",44,"H"," ","U",44,"H"," ","U",61,"H"," ","U",44,"H"," ","U",50,"H"," ","U",100,"H"," ","U",33,"H"," ","U",67,"H"," ","U"
"209","USR0000MBIS",1998,1,"TMIN",17,"H"," ","U",-233,"H"," ","U",-194,"H"," ","U",-39,"H"," ","U",-67,"H"," ","U",-56,"H"," ","U",-61,"H","I","U",-244,"H"," ","U",-250,"H"," ","U",-294,"H"," ","U",-294,"H"," ","U",-111,"H"," ","U",-56,"H","I","U",-50,"H"," ","U",-50,"H"," ","U",-67,"H"," ","U",-50,"H"," ","U",-33,"H"," ","U",-67,"H"," ","U",-106,"H"," ","U",-89,"H"," ","U",-94,"H"," ","U",0,"H","I","U",-22,"H"," ","U",-33,"H"," ","U",-22,"H"," ","U",-22,"H"," ","U",-61,"H"," ","U",-11,"H"," ","U",-17,"H"," ","U",-39,"H"," ","U"
"210","USR0000MBIS",1998,1,"TAVG",38," "," ","U",-107," "," ","U",-70," "," ","U",7," "," ","U",-43," "," ","U",-44," "," ","U",-36," "," ","U",-184," "," ","U",-198," "," ","U",-257," "," ","U",-287," "," ","U",-92," "," ","U",-25," "," ","U",-21," "," ","U",-23," "," ","U",-44," "," ","U",-21," "," ","U",-3," "," ","U",4," "," ","U",-85," "," ","U",-52," "," ","U",-65," "," ","U",3," "," ","U",3," "," ","U",-6," "," ","U",20," "," ","U",7," "," ","U",-17," "," ","U",44," "," ","U",6," "," ","U",-8," "," ","U"
"211","USR0000MBIS",1998,2,"TMAX",61,"H"," ","U",33,"H"," ","U",78,"H"," ","U",128,"H"," ","U",106,"H"," ","U",89,"H"," ","U",78,"H"," ","U",78,"H"," ","U",44,"H"," ","U",61,"H"," ","U",33,"H"," ","U",61,"H"," ","U",50,"H"," ","U",50,"H"," ","U",94,"H"," ","U",67,"H"," ","U",72,"H"," ","U",50,"H"," ","U",111,"H"," ","U",94,"H"," ","U",61,"H"," ","U",61,"H"," ","U",67,"H"," ","U",17,"H"," ","U",-56,"H"," ","U",-17,"H"," ","U",-17,"H"," ","U",6,"H"," ","U",NA," "," "," ",NA," "," "," ",NA," "," "," "
"212","USR0000MBIS",1998,2,"TMIN",-50,"H"," ","U",-44,"H"," ","U",-6,"H"," ","U",22,"H"," ","U",0,"H"," ","U",-17,"H"," ","U",0,"H"," ","U",-28,"H"," ","U",-33,"H"," ","U",-56,"H"," ","U",-39,"H"," ","U",-50,"H"," ","U",-28,"H"," ","U",-56,"H"," ","U",-17,"H"," ","U",-28,"H"," ","U",-33,"H"," ","U",-44,"H"," ","U",-56,"H"," ","U",-6,"H"," ","U",-17,"H"," ","U",-44,"H"," ","U",-61,"H"," ","U",-61,"H"," ","U",-83,"H"," ","U",-111,"H"," ","U",-122,"H"," ","U",-111,"H"," ","U",NA," "," "," ",NA," "," "," ",NA," "," "," "
"213","USR0000MBIS",1998,2,"TAVG",-16," "," ","U",-14," "," ","U",37," "," ","U",71," "," ","U",42," "," ","U",33," "," ","U",32," "," ","U",9," "," ","U",-3," "," ","U",-18," "," ","U",-13," "," ","U",-8," "," ","U",8," "," ","U",-7," "," ","U",17," "," ","U",0," "," ","U",2," "," ","U",-9," "," ","U",7," "," ","U",28," "," ","U",18," "," ","U",-7," "," ","U",-28," "," ","U",-27," "," ","U",-69," "," ","U",-77," "," ","U",-81," "," ","U",-75," "," ","U",NA," "," "," ",NA," "," "," ",NA," "," "," "
"214","USR0000MBIS",1998,3,"TMAX",33,"H"," ","U",89,"H"," ","U",44,"H"," ","U",-67,"H"," ","U",-61,"H"," ","U",-106,"H"," ","U",-22,"H"," ","U",-39,"H"," ","U",39,"H"," ","U",-44,"H"," ","U",67,"H"," ","U",133,"H"," ","U",89,"H"," ","U",156,"H"," ","U",128,"H"," ","U",78,"H"," ","U",-6,"H"," ","U",-17,"H"," ","U",72,"H"," ","U",100,"H"," ","U",83,"H"," ","U",56,"H"," ","U",78,"H"," ","U",111,"H"," ","U",83,"H"," ","U",72,"H"," ","U",50,"H"," ","U",-28,"H"," ","U",-6,"H"," ","U",78,"H"," ","U",150,"H"," ","U"
"215","USR0000MBIS",1998,3,"TMIN",-106,"H"," ","U",-44,"H"," ","U",-61,"H"," ","U",-139,"H"," ","U",-150,"H"," ","U",-172,"H"," ","U",-183,"H"," ","U",-150,"H"," ","U",-111,"H"," ","U",-178,"H"," ","U",-128,"H"," ","U",-33,"H"," ","U",0,"H"," ","U",11,"H"," ","U",6,"H"," ","U",-17,"H"," ","U",-100,"H"," ","U",-106,"H"," ","U",-100,"H"," ","U",-50,"H"," ","U",-28,"H"," ","U",6,"H"," ","U",28,"H"," ","U",28,"H"," ","U",11,"H"," ","U",-6,"H"," ","U",-28,"H"," ","U",-67,"H"," ","U",-72,"H"," ","U",-78,"H"," ","U",-33,"H"," ","U"
"216","USR0000MBIS",1998,3,"TAVG",-53," "," ","U",0," "," ","U",-13," "," ","U",-108," "," ","U",-124," "," ","U",-142," "," ","U",-123," "," ","U",-99," "," ","U",-51," "," ","U",-123," "," ","U",-7," "," ","U",27," "," ","U",32," "," ","U",53," "," ","U",48," "," ","U",26," "," ","U",-47," "," ","U",-69," "," ","U",-30," "," ","U",10," "," ","U",22," "," ","U",29," "," ","U",53," "," ","U",61," "," ","U",39," "," ","U",32," "," ","U",7," "," ","U",-52," "," ","U",-49," "," ","U",-8," "," ","U",41," "," ","U"
"217","USR0000MBIS",1998,4,"TMAX",133,"H"," ","U",106,"H"," ","U",117,"H"," ","U",128,"H"," ","U",44,"H"," ","U",33,"H"," ","U",78,"H"," ","U",89,"H"," ","U",94,"H"," ","U",89,"H"," ","U",122,"H"," ","U",72,"H"," ","U",89,"H"," ","U",28,"H"," ","U",-6,"H"," ","U",89,"H"," ","U",17,"H"," ","U",56,"H"," ","U",111,"H"," ","U",128,"H"," ","U",183,"H"," ","U",211,"H"," ","U",217,"H"," ","U",156,"H"," ","U",61,"H"," ","U",106,"H"," ","U",172,"H"," ","U",217,"H"," ","U",233,"H"," ","U",189,"H"," ","U",NA," "," "," "
"218","USR0000MBIS",1998,4,"TMIN",-6,"H"," ","U",6,"H"," ","U",22,"H"," ","U",0,"H"," ","U",-17,"H"," ","U",-17,"H"," ","U",-22,"H"," ","U",-17,"H"," ","U",-33,"H"," ","U",-11,"H"," ","U",6,"H"," ","U",-33,"H"," ","U",-67,"H"," ","U",-50,"H"," ","U",-39,"H"," ","U",-39,"H"," ","U",-44,"H"," ","U",-50,"H"," ","U",-28,"H"," ","U",0,"H"," ","U",22,"H"," ","U",50,"H"," ","U",117,"H"," ","U",6,"H"," ","U",-6,"H"," ","U",-22,"H"," ","U",-6,"H"," ","U",33,"H"," ","U",89,"H"," ","U",56,"H"," ","U",NA," "," "," "
"219","USR0000MBIS",1998,4,"TAVG",56," "," ","U",50," "," ","U",58," "," ","U",52," "," ","U",-3," "," ","U",0," "," ","U",2," "," ","U",15," "," ","U",12," "," ","U",38," "," ","U",46," "," ","U",1," "," ","U",-7," "," ","U",-12," "," ","U",-20," "," ","U",-2," "," ","U",-21," "," ","U",5," "," ","U",31," "," ","U",47," "," ","U",98," "," ","U",131," "," ","U",150," "," ","U",78," "," ","U",11," "," ","U",19," "," ","U",70," "," ","U",117," "," ","U",141," "," ","U",114," "," ","U",NA," "," "," "
"220","USR0000MBIS",1998,5,"TMAX",183,"H"," ","U",200,"H"," ","U",233,"H"," ","U",161,"H"," ","U",217,"H"," ","U",150,"H"," ","U",183,"H"," ","U",144,"H"," ","U",139,"H"," ","U",161,"H"," ","U",122,"H"," ","U",167,"H"," ","U",139,"H"," ","U",50,"H"," ","U",139,"H"," ","U",172,"H"," ","U",133,"H"," ","U",144,"H"," ","U",189,"H"," ","U",228,"H"," ","U",144,"H"," ","U",122,"H"," ","U",161,"H"," ","U",178,"H"," ","U",200,"H"," ","U",244,"H"," ","U",167,"H"," ","U",178,"H"," ","U",228,"H"," ","U",83,"H"," ","U",172,"H"," ","U"
"221","USR0000MBIS",1998,5,"TMIN",33,"H"," ","U",50,"H"," ","U",83,"H"," ","U",11,"H"," ","U",61,"H"," ","U",22,"H"," ","U",0,"H"," ","U",0,"H"," ","U",-11,"H"," ","U",-17,"H"," ","U",22,"H"," ","U",22,"H"," ","U",33,"H"," ","U",17,"H"," ","U",6,"H"," ","U",22,"H"," ","U",22,"H"," ","U",0,"H"," ","U",17,"H"," ","U",94,"H"," ","U",72,"H"," ","U",33,"H"," ","U",11,"H"," ","U",44,"H"," ","U",89,"H"," ","U",117,"H"," ","U",33,"H"," ","U",17,"H"," ","U",50,"H"," ","U",39,"H"," ","U",39,"H"," ","U"
"222","USR0000MBIS",1998,5,"TAVG",92," "," ","U",122," "," ","U",153," "," ","U",88," "," ","U",127," "," ","U",82," "," ","U",81," "," ","U",61," "," ","U",42," "," ","U",68," "," ","U",64," "," ","U",91," "," ","U",86," "," ","U",34," "," ","U",64," "," ","U",97," "," ","U",84," "," ","U",59," "," ","U",110," "," ","U",150," "," ","U",97," "," ","U",72," "," ","U",84," "," ","U",110," "," ","U",146," "," ","U",187," "," ","U",99," "," ","U",92," "," ","U",130," "," ","U",54," "," ","U",98," "," ","U"
"223","USR0000MBIS",1998,6,"TMAX",150,"H"," ","U",72,"H"," ","U",61,"H"," ","U",106,"H"," ","U",117,"H"," ","U",161,"H"," ","U",78,"H"," ","U",44,"H"," ","U",161,"H"," ","U",167,"H"," ","U",194,"H"," ","U",183,"H"," ","U",189,"H"," ","U",144,"H"," ","U",89,"H"," ","U",67,"H"," ","U",94,"H"," ","U",167,"H"," ","U",111,"H"," ","U",94,"H"," ","U",183,"H"," ","U",222,"H"," ","U",217,"H"," ","U",211,"H"," ","U",178,"H"," ","U",133,"H"," ","U",139,"H"," ","U",211,"H"," ","U",200,"H"," ","U",228,"H"," ","U",NA," "," "," "
"224","USR0000MBIS",1998,6,"TMIN",11,"H"," ","U",-39,"H"," ","U",-11,"H"," ","U",-17,"H"," ","U",0,"H"," ","U",22,"H"," ","U",22,"H"," ","U",17,"H"," ","U",6,"H"," ","U",61,"H"," ","U",78,"H"," ","U",83,"H"," ","U",56,"H"," ","U",33,"H"," ","U",39,"H"," ","U",28,"H"," ","U",44,"H"," ","U",28,"H"," ","U",50,"H"," ","U",44,"H"," ","U",39,"H"," ","U",89,"H"," ","U",78,"H"," ","U",72,"H"," ","U",72,"H"," ","U",61,"H"," ","U",33,"H"," ","U",44,"H"," ","U",61,"H"," ","U",89,"H"," ","U",NA," "," "," "
"225","USR0000MBIS",1998,6,"TAVG",92," "," ","U",6," "," ","U",15," "," ","U",31," "," ","U",52," "," ","U",83," "," ","U",42," "," ","U",32," "," ","U",76," "," ","U",94," "," ","U",125," "," ","U",119," "," ","U",104," "," ","U",69," "," ","U",63," "," ","U",44," "," ","U",64," "," ","U",89," "," ","U",70," "," ","U",59," "," ","U",102," "," ","U",150," "," ","U",127," "," ","U",132," "," ","U",118," "," ","U",89," "," ","U",74," "," ","U",119," "," ","U",134," "," ","U",148," "," ","U",NA," "," "," "
"226","USR0000MBIS",1998,7,"TMAX",239,"H"," ","U",211,"H"," ","U",233,"H"," ","U",261,"H"," ","U",256,"H"," ","U",222,"H"," ","U",272,"H"," ","U",272,"H"," ","U",278,"H"," ","U",300,"H"," ","U",261,"H"," ","U",256,"H"," ","U",283,"H"," ","U",272,"H"," ","U",272,"H"," ","U",300,"H"," ","U",328,"H"," ","U",294,"H"," ","U",311,"H"," ","U",300,"H"," ","U",233,"H"," ","U",244,"H"," ","U",267,"H"," ","U",239,"H"," ","U",289,"H"," ","U",289,"H"," ","U",317,"H"," ","U",233,"H"," ","U",161,"H"," ","U",211,"H"," ","U",272,"H"," ","U"
"227","USR0000MBIS",1998,7,"TMIN",94,"H"," ","U",89,"H"," ","U",94,"H"," ","U",100,"H"," ","U",89,"H"," ","U",100,"H"," ","U",106,"H"," ","U",133,"H"," ","U",122,"H"," ","U",183,"H"," ","U",111,"H"," ","U",106,"H"," ","U",117,"H"," ","U",133,"H"," ","U",117,"H"," ","U",156,"H"," ","U",183,"H"," ","U",183,"H"," ","U",156,"H"," ","U",139,"H"," ","U",100,"H"," ","U",78,"H"," ","U",139,"H"," ","U",133,"H"," ","U",122,"H"," ","U",144,"H"," ","U",172,"H"," ","U",139,"H"," ","U",111,"H"," ","U",117,"H"," ","U",128,"H"," ","U"
"228","USR0000MBIS",1998,7,"TAVG",152," "," ","U",143," "," ","U",162," "," ","U",149," "," ","U",166," "," ","U",159," "," ","U",176," "," ","U",193," "," ","U",202," "," ","U",218," "," ","U",172," "," ","U",173," "," ","U",189," "," ","U",190," "," ","U",197," "," ","U",222," "," ","U",243," "," ","U",230," "," ","U",225," "," ","U",204," "," ","U",164," "," ","U",154," "," ","U",197," "," ","U",183," "," ","U",192," "," ","U",212," "," ","U",222," "," ","U",179," "," ","U",134," "," ","U",156," "," ","U",182," "," ","U"
"229","USR0000MBIS",1998,8,"TMAX",206,"H"," ","U",139,"H"," ","U",178,"H"," ","U",250,"H"," ","U",294,"H"," ","U",328,"H"," ","U",261,"H"," ","U",272,"H"," ","U",300,"H"," ","U",278,"H"," ","U",300,"H"," ","U",283,"H"," ","U",300,"H"," ","U",261,"H"," ","U",294,"H"," ","U",250,"H"," ","U",261,"H"," ","U",239,"H"," ","U",239,"H"," ","U",278,"H"," ","U",272,"H"," ","U",233,"H"," ","U",250,"H"," ","U",211,"H"," ","U",267,"H"," ","U",250,"H"," ","U",272,"H"," ","U",300,"H"," ","U",317,"H"," ","U",294,"H"," ","U",261,"H"," ","U"
"230","USR0000MBIS",1998,8,"TMIN",122,"H"," ","U",111,"H"," ","U",106,"H"," ","U",106,"H"," ","U",144,"H"," ","U",178,"H"," ","U",122,"H"," ","U",111,"H"," ","U",167,"H"," ","U",161,"H"," ","U",139,"H"," ","U",139,"H"," ","U",139,"H"," ","U",106,"H"," ","U",133,"H"," ","U",133,"H"," ","U",100,"H"," ","U",89,"H"," ","U",94,"H"," ","U",150,"H"," ","U",122,"H"," ","U",111,"H"," ","U",83,"H"," ","U",67,"H"," ","U",122,"H"," ","U",117,"H"," ","U",94,"H"," ","U",122,"H"," ","U",172,"H"," ","U",161,"H"," ","U",139,"H"," ","U"
"231","USR0000MBIS",1998,8,"TAVG",145," "," ","U",124," "," ","U",129," "," ","U",169," "," ","U",212," "," ","U",237," "," ","U",189," "," ","U",179," "," ","U",213," "," ","U",199," "," ","U",203," "," ","U",197," "," ","U",209," "," ","U",164," "," ","U",197," "," ","U",172," "," ","U",164," "," ","U",152," "," ","U",157," "," ","U",203," "," ","U",174," "," ","U",162," "," ","U",151," "," ","U",123," "," ","U",173," "," ","U",179," "," ","U",167," "," ","U",193," "," ","U",226," "," ","U",213," "," ","U",187," "," ","U"
"232","USR0000MBIS",1998,9,"TMAX",317,"H"," ","U",333,"H"," ","U",317,"H"," ","U",333,"H"," ","U",317,"H"," ","U",289,"H"," ","U",322,"H"," ","U",283,"H"," ","U",267,"H"," ","U",194,"H"," ","U",239,"H"," ","U",183,"H"," ","U",256,"H"," ","U",244,"H"," ","U",306,"H"," ","U",311,"H"," ","U",267,"H"," ","U",222,"H"," ","U",156,"H"," ","U",67,"H"," ","U",133,"H"," ","U",183,"H"," ","U",183,"H"," ","U",200,"H"," ","U",122,"H"," ","U",128,"H"," ","U",206,"H"," ","U",206,"H"," ","U",189,"H"," ","U",122,"H"," ","U",NA," "," "," "
"233","USR0000MBIS",1998,9,"TMIN",161,"H"," ","U",167,"H"," ","U",156,"H"," ","U",161,"H"," ","U",178,"H"," ","U",167,"H"," ","U",133,"H"," ","U",128,"H"," ","U",144,"H"," ","U",117,"H"," ","U",94,"H"," ","U",100,"H"," ","U",89,"H"," ","U",111,"H"," ","U",139,"H"," ","U",172,"H"," ","U",161,"H"," ","U",56,"H"," ","U",33,"H"," ","U",17,"H"," ","U",17,"H"," ","U",22,"H"," ","U",39,"H"," ","U",78,"H"," ","U",56,"H"," ","U",11,"H"," ","U",28,"H"," ","U",78,"H"," ","U",39,"H"," ","U",28,"H"," ","U",NA," "," "," "
"234","USR0000MBIS",1998,9,"TAVG",219," "," ","U",230," "," ","U",226," "," ","U",245," "," ","U",238," "," ","U",208," "," ","U",216," "," ","U",191," "," ","U",191," "," ","U",148," "," ","U",158," "," ","U",134," "," ","U",158," "," ","U",170," "," ","U",210," "," ","U",218," "," ","U",211," "," ","U",136," "," ","U",63," "," ","U",33," "," ","U",56," "," ","U",83," "," ","U",99," "," ","U",126," "," ","U",88," "," ","U",55," "," ","U",104," "," ","U",119," "," ","U",106," "," ","U",63," "," ","U",NA," "," "," "
"235","USR0000MBIS",1998,10,"TMAX",200,"H"," ","U",167,"H"," ","U",61,"H"," ","U",94,"H"," ","U",122,"H"," ","U",172,"H"," ","U",200,"H"," ","U",206,"H"," ","U",178,"H"," ","U",44,"H"," ","U",94,"H"," ","U",161,"H"," ","U",189,"H"," ","U",128,"H"," ","U",44,"H"," ","U",11,"H"," ","U",83,"H"," ","U",50,"H"," ","U",89,"H"," ","U",139,"H"," ","U",183,"H"," ","U",200,"H"," ","U",144,"H"," ","U",150,"H"," ","U",167,"H"," ","U",150,"H"," ","U",150,"H"," ","U",111,"H"," ","U",56,"H"," ","U",78,"H"," ","U",100,"H"," ","U"
"236","USR0000MBIS",1998,10,"TMIN",39,"H"," ","U",22,"H"," ","U",-6,"H"," ","U",-6,"H"," ","U",-22,"H"," ","U",28,"H"," ","U",78,"H"," ","U",72,"H"," ","U",39,"H"," ","U",-39,"H"," ","U",-39,"H"," ","U",11,"H"," ","U",39,"H"," ","U",11,"H"," ","U",-17,"H"," ","U",-28,"H"," ","U",-33,"H"," ","U",-17,"H"," ","U",-22,"H"," ","U",-22,"H"," ","U",28,"H"," ","U",67,"H"," ","U",28,"H"," ","U",22,"H"," ","U",44,"H"," ","U",33,"H"," ","U",61,"H"," ","U",-6,"H"," ","U",-39,"H"," ","U",-11,"H"," ","U",-11,"H"," ","U"
"237","USR0000MBIS",1998,10,"TAVG",113," "," ","U",89," "," ","U",21," "," ","U",27," "," ","U",36," "," ","U",79," "," ","U",132," "," ","U",124," "," ","U",88," "," ","U",1," "," ","U",6," "," ","U",88," "," ","U",134," "," ","U",48," "," ","U",9," "," ","U",-13," "," ","U",11," "," ","U",6," "," ","U",12," "," ","U",39," "," ","U",100," "," ","U",117," "," ","U",69," "," ","U",69," "," ","U",86," "," ","U",78," "," ","U",106," "," ","U",71," "," ","U",-6," "," ","U",10," "," ","U",38," "," ","U"
"238","USR0000MBIS",1998,11,"TMAX",94,"H"," ","U",33,"H"," ","U",-11,"H"," ","U",39,"H"," ","U",0,"H"," ","U",-33,"H"," ","U",-28,"H"," ","U",-39,"H"," ","U",-83,"H"," ","U",-39,"H"," ","U",6,"H"," ","U",17,"H"," ","U",67,"H"," ","U",89,"H"," ","U",72,"H"," ","U",83,"H"," ","U",22,"H"," ","U",17,"H"," ","U",-6,"H"," ","U",28,"H"," ","U",78,"H"," ","U",28,"H"," ","U",50,"H"," ","U",56,"H"," ","U",50,"H"," ","U",128,"H"," ","U",78,"H"," ","U",61,"H"," ","U",6,"H"," ","U",67,"H"," ","U",NA," "," "," "
"239","USR0000MBIS",1998,11,"TMIN",0,"H"," ","U",-22,"H"," ","U",-39,"H"," ","U",-50,"H"," ","U",-39,"H"," ","U",-72,"H"," ","U",-94,"H"," ","U",-100,"H"," ","U",-122,"H"," ","U",-111,"H"," ","U",-89,"H"," ","U",-67,"H"," ","U",6,"H"," ","U",11,"H"," ","U",33,"H"," ","U",-17,"H"," ","U",-67,"H"," ","U",-78,"H"," ","U",-72,"H"," ","U",-56,"H"," ","U",6,"H"," ","U",-44,"H"," ","U",-44,"H"," ","U",-33,"H"," ","U",-28,"H"," ","U",33,"H"," ","U",17,"H"," ","U",-11,"H"," ","U",-44,"H"," ","U",-28,"H"," ","U",NA," "," "," "
"240","USR0000MBIS",1998,11,"TAVG",47," "," ","U",0," "," ","U",-27," "," ","U",-22," "," ","U",-23," "," ","U",-46," "," ","U",-69," "," ","U",-66," "," ","U",-104," "," ","U",-81," "," ","U",-52," "," ","U",-24," "," ","U",38," "," ","U",48," "," ","U",53," "," ","U",22," "," ","U",-12," "," ","U",-38," "," ","U",-42," "," ","U",-4," "," ","U",29," "," ","U",-13," "," ","U",4," "," ","U",4," "," ","U",15," "," ","U",72," "," ","U",44," "," ","U",34," "," ","U",-24," "," ","U",18," "," ","U",NA," "," "," "
"241","USR0000MBIS",1998,12,"TMAX",72,"H"," ","U",72,"H"," ","U",-11,"H"," ","U",-50,"H"," ","U",-72,"H"," ","U",-50,"H"," ","U",-39,"H"," ","U",-17,"H"," ","U",-33,"H"," ","U",61,"H"," ","U",28,"H"," ","U",78,"H"," ","U",78,"H"," ","U",50,"H"," ","U",0,"H"," ","U",56,"H"," ","U",83,"H"," ","U",-106,"H","I","U",-250,"H"," ","U",-300,"H"," ","U",NA," "," "," ",NA," "," "," ",NA," "," "," ",-44,"H"," ","U",-28,"H"," ","U",0,"H"," ","U",-22,"H"," ","U",6,"H"," ","U",22,"H"," ","U",17,"H"," ","U",17,"H"," ","U"
"242","USR0000MBIS",1998,12,"TMIN",11,"H"," ","U",-11,"H"," ","U",-50,"H"," ","U",-94,"H"," ","U",-128,"H"," ","U",-117,"H"," ","U",-117,"H"," ","U",-89,"H"," ","U",-106,"H"," ","U",-67,"H"," ","U",-11,"H"," ","U",-6,"H"," ","U",22,"H"," ","U",-56,"H"," ","U",-72,"H"," ","U",-33,"H"," ","U",-89,"H","I","U",-272,"H"," ","U",-300,"H"," ","U",-317,"H"," ","U",NA," "," "," ",NA," "," "," ",NA," "," "," ",-100,"H"," ","U",-100,"H"," ","U",-72,"H"," ","U",-72,"H"," ","U",-94,"H"," ","U",-56,"H"," ","U",-78,"H"," ","U",-67,"H"," ","U"
"243","USR0000MBIS",1998,12,"TAVG",39," "," ","U",22," "," ","U",-29," "," ","U",-70," "," ","U",-108," "," ","U",-92," "," ","U",-83," "," ","U",-57," "," ","U",-79," "," ","U",-2," "," ","U",9," "," ","U",20," "," ","U",53," "," ","U",13," "," ","U",-30," "," ","U",11," "," ","U",23," "," ","U",-210," "," ","U",-278," "," ","U",-310," "," ","U",NA," "," "," ",NA," "," "," ",NA," "," "," ",-76," "," ","U",-56," "," ","U",-32," "," ","U",-50," "," ","U",-35," "," ","U",-5," "," ","U",-46," "," ","U",-16," "," ","U"
"244","USR0000MBIS",1999,1,"TMAX",-11,"H"," ","U",NA," "," "," ",NA," "," "," ",NA," "," "," ",NA," "," "," ",NA," "," "," ",NA," "," "," ",NA," "," "," ",NA," "," "," ",NA," "," "," ",NA," "," "," ",NA," "," "," ",NA," "," "," ",NA," "," "," ",NA," "," "," ",NA," "," "," ",NA," "," "," ",NA," "," "," ",NA," "," "," ",NA," "," "," ",NA," "," "," ",NA," "," "," ",NA," "," "," ",NA," "," "," ",NA," "," "," ",NA," "," "," ",NA," "," "," ",NA," "," "," ",NA," "," "," ",NA," "," "," ",NA," "," "," "
"245","USR0000MBIS",1999,1,"TMIN",-100,"H"," ","U",NA," "," "," ",NA," "," "," ",NA," "," "," ",NA," "," "," ",NA," "," "," ",NA," "," "," ",NA," "," "," ",NA," "," "," ",NA," "," "," ",NA," "," "," ",NA," "," "," ",NA," "," "," ",NA," "," "," ",NA," "," "," ",NA," "," "," ",NA," "," "," ",NA," "," "," ",NA," "," "," ",NA," "," "," ",NA," "," "," ",NA," "," "," ",NA," "," "," ",NA," "," "," ",NA," "," "," ",NA," "," "," ",NA," "," "," ",NA," "," "," ",NA," "," "," ",NA," "," "," ",NA," "," "," "
"246","USR0000MBIS",1999,1,"TAVG",-67," "," ","U",NA," "," "," ",NA," "," "," ",NA," "," "," ",NA," "," "," ",NA," "," "," ",NA," "," "," ",NA," "," "," ",NA," "," "," ",NA," "," "," ",NA," "," "," ",NA," "," "," ",NA," "," "," ",NA," "," "," ",NA," "," "," ",NA," "," "," ",NA," "," "," ",NA," "," "," ",NA," "," "," ",NA," "," "," ",NA," "," "," ",NA," "," "," ",NA," "," "," ",NA," "," "," ",NA," "," "," ",NA," "," "," ",NA," "," "," ",NA," "," "," ",NA," "," "," ",NA," "," "," ",NA," "," "," "
"247","USR0000MBIS",1999,2,"TMAX",NA," "," "," ",0,"H"," ","U",33,"H"," ","U",61,"H"," ","U",17,"H"," ","U",39,"H"," ","U",44,"H"," ","U",39,"H"," ","U",50,"H"," ","U",-72,"H"," ","U",-28,"H"," ","U",111,"H"," ","U",78,"H"," ","U",33,"H"," ","U",17,"H"," ","U",-22,"H"," ","U",17,"H"," ","U",28,"H"," ","U",6,"H"," ","U",61,"H"," ","U",-22,"H"," ","U",56,"H"," ","U",11,"H"," ","U",78,"H"," ","U",117,"H"," ","U",6,"H"," ","U",56,"H"," ","U",122,"H"," ","U",NA," "," "," ",NA," "," "," ",NA," "," "," "
"248","USR0000MBIS",1999,2,"TMIN",NA," "," "," ",-33,"H"," ","U",-56,"H"," ","U",-44,"H"," ","U",-67,"H"," ","U",-44,"H"," ","U",-44,"H"," ","U",-83,"H"," ","U",-78,"H"," ","U",-133,"H"," ","U",-150,"H"," ","U",-83,"H"," ","U",6,"H"," ","U",-44,"H"," ","U",-94,"H"," ","U",-89,"H"," ","U",-72,"H"," ","U",-83,"H"," ","U",-61,"H"," ","U",-67,"H"," ","U",-56,"H"," ","U",-83,"H"," ","U",-28,"H"," ","U",-28,"H"," ","U",6,"H"," ","U",-78,"H"," ","U",-100,"H"," ","U",0,"H"," ","U",NA," "," "," ",NA," "," "," ",NA," "," "," "
"249","USR0000MBIS",1999,2,"TAVG",NA," "," "," ",-23," "," ","U",-31," "," ","U",-4," "," ","U",-40," "," ","U",-4," "," ","U",-11," "," ","U",-34," "," ","U",-7," "," ","U",-103," "," ","U",-101," "," ","U",0," "," ","U",45," "," ","U",-6," "," ","U",-52," "," ","U",-55," "," ","U",-37," "," ","U",-41," "," ","U",-34," "," ","U",-32," "," ","U",-39," "," ","U",-29," "," ","U",-14," "," ","U",27," "," ","U",50," "," ","U",-35," "," ","U",-25," "," ","U",31," "," ","U",NA," "," "," ",NA," "," "," ",NA," "," "," "
"250","USR0000MBIS",1999,3,"TMAX",39,"H"," ","U",44,"H"," ","U",50,"H"," ","U",44,"H"," ","U",22,"H"," ","U",22,"H"," ","U",-50,"H"," ","U",44,"H"," ","U",67,"H"," ","U",72,"H"," ","U",61,"H"," ","U",44,"H"," ","U",144,"H"," ","U",161,"H"," ","U",139,"H"," ","U",44,"H"," ","U",39,"H"," ","U",139,"H"," ","U",172,"H"," ","U",150,"H"," ","U",172,"H"," ","U",156,"H"," ","U",144,"H"," ","U",150,"H"," ","U",194,"H"," ","U",94,"H"," ","U",39,"H"," ","U",50,"H"," ","U",106,"H"," ","U",67,"H"," ","U",6,"H"," ","U"
"251","USR0000MBIS",1999,3,"TMIN",-67,"H"," ","U",-83,"H"," ","U",-67,"H"," ","U",-78,"H"," ","U",-106,"H"," ","U",-117,"H"," ","U",-94,"H"," ","U",-106,"H"," ","U",-50,"H"," ","U",-56,"H"," ","U",-61,"H"," ","U",-67,"H"," ","U",0,"H"," ","U",28,"H"," ","U",33,"H"," ","U",-72,"H"," ","U",-94,"H"," ","U",-6,"H"," ","U",22,"H"," ","U",11,"H"," ","U",17,"H"," ","U",0,"H"," ","U",33,"H"," ","U",56,"H"," ","U",72,"H"," ","U",-56,"H"," ","U",-72,"H"," ","U",-89,"H"," ","U",-50,"H"," ","U",-39,"H"," ","U",-83,"H"," ","U"
"252","USR0000MBIS",1999,3,"TAVG",-11," "," ","U",-32," "," ","U",-8," "," ","U",-49," "," ","U",-69," "," ","U",-63," "," ","U",-71," "," ","U",-44," "," ","U",-11," "," ","U",-11," "," ","U",-14," "," ","U",-14," "," ","U",53," "," ","U",80," "," ","U",70," "," ","U",1," "," ","U",-24," "," ","U",64," "," ","U",83," "," ","U",62," "," ","U",71," "," ","U",62," "," ","U",77," "," ","U",94," "," ","U",118," "," ","U",33," "," ","U",-37," "," ","U",-38," "," ","U",13," "," ","U",-3," "," ","U",-44," "," ","U"
"253","USR0000MBIS",1999,4,"TMAX",-17,"H"," ","U",-28,"H"," ","U",17,"H"," ","U",50,"H"," ","U",67,"H"," ","U",106,"H"," ","U",133,"H"," ","U",128,"H"," ","U",11,"H"," ","U",56,"H"," ","U",94,"H"," ","U",161,"H"," ","U",106,"H"," ","U",22,"H"," ","U",28,"H"," ","U",83,"H"," ","U",172,"H"," ","U",189,"H"," ","U",156,"H"," ","U",106,"H"," ","U",44,"H"," ","U",22,"H"," ","U",100,"H"," ","U",117,"H"," ","U",156,"H"," ","U",150,"H"," ","U",133,"H"," ","U",33,"H"," ","U",-6,"H"," ","U",89,"H"," ","U",NA," "," "," "
"254","USR0000MBIS",1999,4,"TMIN",-111,"H"," ","U",-117,"H"," ","U",-106,"H"," ","U",-94,"H"," ","U",-67,"H"," ","U",-33,"H"," ","U",-28,"H"," ","U",6,"H"," ","U",-33,"H"," ","U",-72,"H"," ","U",-78,"H"," ","U",6,"H"," ","U",-39,"H"," ","U",-83,"H"," ","U",-94,"H"," ","U",-56,"H"," ","U",-17,"H"," ","U",39,"H"," ","U",33,"H"," ","U",0,"H"," ","U",-56,"H"," ","U",-61,"H"," ","U",-39,"H"," ","U",-6,"H"," ","U",11,"H"," ","U",50,"H"," ","U",11,"H"," ","U",-39,"H"," ","U",-44,"H"," ","U",-28,"H"," ","U",NA," "," "," "
"255","USR0000MBIS",1999,4,"TAVG",-83," "," ","U",-80," "," ","U",-61," "," ","U",-38," "," ","U",-7," "," ","U",19," "," ","U",44," "," ","U",50," "," ","U",-9," "," ","U",-28," "," ","U",4," "," ","U",66," "," ","U",35," "," ","U",-44," "," ","U",-41," "," ","U",2," "," ","U",76," "," ","U",100," "," ","U",90," "," ","U",52," "," ","U",-12," "," ","U",-10," "," ","U",22," "," ","U",49," "," ","U",74," "," ","U",83," "," ","U",66," "," ","U",-1," "," ","U",-33," "," ","U",33," "," ","U",NA," "," "," "
"256","USR0000MBIS",1999,5,"TMAX",128,"H"," ","U",128,"H"," ","U",111,"H"," ","U",61,"H"," ","U",39,"H"," ","U",133,"H"," ","U",206,"H"," ","U",33,"H"," ","U",17,"H"," ","U",-6,"H"," ","U",11,"H"," ","U",100,"H"," ","U",67,"H"," ","U",106,"H"," ","U",83,"H"," ","U",89,"H"," ","U",139,"H"," ","U",150,"H"," ","U",183,"H"," ","U",183,"H"," ","U",178,"H"," ","U",156,"H"," ","U",233,"H"," ","U",233,"H"," ","U",239,"H"," ","U",172,"H"," ","U",244,"H"," ","U",239,"H"," ","U",106,"H"," ","U",39,"H"," ","U",139,"H"," ","U"
"257","USR0000MBIS",1999,5,"TMIN",33,"H"," ","U",0,"H"," ","U",-11,"H"," ","U",-33,"H"," ","U",-56,"H"," ","U",-28,"H"," ","U",-22,"H"," ","U",-44,"H"," ","U",-28,"H"," ","U",-50,"H"," ","U",-56,"H"," ","U",-22,"H"," ","U",-11,"H"," ","U",-6,"H"," ","U",-17,"H"," ","U",-11,"H"," ","U",22,"H"," ","U",44,"H"," ","U",22,"H"," ","U",28,"H"," ","U",56,"H"," ","U",33,"H"," ","U",39,"H"," ","U",72,"H"," ","U",117,"H"," ","U",67,"H"," ","U",83,"H"," ","U",89,"H"," ","U",39,"H"," ","U",0,"H"," ","U",6,"H"," ","U"
"258","USR0000MBIS",1999,5,"TAVG",66," "," ","U",54," "," ","U",34," "," ","U",14," "," ","U",-10," "," ","U",46," "," ","U",84," "," ","U",-7," "," ","U",-9," "," ","U",-34," "," ","U",-28," "," ","U",37," "," ","U",12," "," ","U",27," "," ","U",15," "," ","U",22," "," ","U",72," "," ","U",86," "," ","U",91," "," ","U",108," "," ","U",107," "," ","U",89," "," ","U",132," "," ","U",151," "," ","U",162," "," ","U",118," "," ","U",153," "," ","U",151," "," ","U",71," "," ","U",20," "," ","U",63," "," ","U"
"259","USR0000MBIS",1999,6,"TMAX",133,"H"," ","U",206,"H"," ","U",128,"H"," ","U",156,"H"," ","U",189,"H"," ","U",161,"H"," ","U",111,"H"," ","U",128,"H"," ","U",100,"H"," ","U",161,"H"," ","U",161,"H"," ","U",194,"H"," ","U",200,"H"," ","U",111,"H"," ","U",167,"H"," ","U",183,"H"," ","U",211,"H"," ","U",250,"H"," ","U",250,"H"," ","U",244,"H"," ","U",256,"H"," ","U",183,"H"," ","U",211,"H"," ","U",233,"H"," ","U",200,"H"," ","U",161,"H"," ","U",117,"H"," ","U",183,"H"," ","U",183,"H"," ","U",106,"H"," ","U",NA," "," "," "
"260","USR0000MBIS",1999,6,"TMIN",39,"H"," ","U",72,"H"," ","U",72,"H"," ","U",50,"H"," ","U",56,"H"," ","U",39,"H"," ","U",17,"H"," ","U",11,"H"," ","U",-17,"H"," ","U",-6,"H"," ","U",50,"H"," ","U",39,"H"," ","U",83,"H"," ","U",67,"H"," ","U",72,"H"," ","U",78,"H"," ","U",83,"H"," ","U",89,"H"," ","U",89,"H"," ","U",89,"H"," ","U",94,"H"," ","U",56,"H"," ","U",50,"H"," ","U",78,"H"," ","U",44,"H"," ","U",22,"H"," ","U",33,"H"," ","U",22,"H"," ","U",56,"H"," ","U",33,"H"," ","U",NA," "," "," "
"261","USR0000MBIS",1999,6,"TAVG",90," "," ","U",134," "," ","U",89," "," ","U",97," "," ","U",117," "," ","U",86," "," ","U",57," "," ","U",58," "," ","U",38," "," ","U",80," "," ","U",102," "," ","U",112," "," ","U",134," "," ","U",93," "," ","U",110," "," ","U",131," "," ","U",136," "," ","U",156," "," ","U",157," "," ","U",167," "," ","U",173," "," ","U",110," "," ","U",124," "," ","U",149," "," ","U",119," "," ","U",91," "," ","U",66," "," ","U",103," "," ","U",104," "," ","U",73," "," ","U",NA," "," "," "
"262","USR0000MBIS",1999,7,"TMAX",133,"H"," ","U",167,"H"," ","U",122,"H"," ","U",133,"H"," ","U",206,"H"," ","U",261,"H"," ","U",278,"H"," ","U",189,"H"," ","U",178,"H"," ","U",256,"H"," ","U",283,"H"," ","U",278,"H"," ","U",267,"H"," ","U",239,"H"," ","U",111,"H"," ","U",167,"H"," ","U",206,"H"," ","U",239,"H"," ","U",267,"H"," ","U",244,"H"," ","U",294,"H"," ","U",278,"H"," ","U",300,"H"," ","U",311,"H"," ","U",250,"H"," ","U",283,"H"," ","U",328,"H"," ","U",350,"H"," ","U",300,"H"," ","U",272,"H"," ","U",200,"H"," ","U"
"263","USR0000MBIS",1999,7,"TMIN",28,"H"," ","U",22,"H"," ","U",56,"H"," ","U",39,"H"," ","U",11,"H"," ","U",106,"H"," ","U",94,"H"," ","U",56,"H"," ","U",56,"H"," ","U",83,"H"," ","U",139,"H"," ","U",128,"H"," ","U",139,"H"," ","U",111,"H"," ","U",0,"H"," ","U",-6,"H"," ","U",78,"H"," ","U",111,"H"," ","U",100,"H"," ","U",106,"H"," ","U",117,"H"," ","U",111,"H"," ","U",122,"H"," ","U",111,"H"," ","U",83,"H"," ","U",72,"H"," ","U",128,"H"," ","U",172,"H"," ","U",178,"H"," ","U",100,"H"," ","U",50,"H"," ","U"
"264","USR0000MBIS",1999,7,"TAVG",70," "," ","U",90," "," ","U",78," "," ","U",69," "," ","U",102," "," ","U",183," "," ","U",193," "," ","U",114," "," ","U",108," "," ","U",168," "," ","U",198," "," ","U",198," "," ","U",194," "," ","U",175," "," ","U",62," "," ","U",75," "," ","U",135," "," ","U",168," "," ","U",161," "," ","U",169," "," ","U",193," "," ","U",196," "," ","U",213," "," ","U",203," "," ","U",149," "," ","U",168," "," ","U",218," "," ","U",246," "," ","U",229," "," ","U",174," "," ","U",123," "," ","U"
"265","USR0000MBIS",1999,8,"TMAX",250,"H"," ","U",283,"H"," ","U",256,"H"," ","U",217,"H"," ","U",267,"H"," ","U",222,"H"," ","U",278,"H"," ","U",278,"H"," ","U",272,"H"," ","U",317,"H"," ","U",189,"H"," ","U",144,"H"," ","U",211,"H"," ","U",250,"H"," ","U",161,"H"," ","U",228,"H"," ","U",244,"H"," ","U",294,"H"," ","U",283,"H"," ","U",283,"H"," ","U",300,"H"," ","U",233,"H"," ","U",278,"H"," ","U",306,"H"," ","U",261,"H"," ","U",311,"H"," ","U",317,"H"," ","U",183,"H"," ","U",239,"H"," ","U",289,"H"," ","U",172,"H"," ","U"
"266","USR0000MBIS",1999,8,"TMIN",50,"H"," ","U",122,"H"," ","U",122,"H"," ","U",122,"H"," ","U",117,"H"," ","U",117,"H"," ","U",111,"H"," ","U",128,"H"," ","U",100,"H"," ","U",183,"H"," ","U",94,"H"," ","U",94,"H"," ","U",83,"H"," ","U",83,"H"," ","U",83,"H"," ","U",83,"H"," ","U",89,"H"," ","U",139,"H"," ","U",139,"H"," ","U",133,"H"," ","U",144,"H"," ","U",106,"H"," ","U",122,"H"," ","U",106,"H"," ","U",106,"H"," ","U",144,"H"," ","U",156,"H"," ","U",111,"H"," ","U",122,"H"," ","U",156,"H"," ","U",56,"H"," ","U"
"267","USR0000MBIS",1999,8,"TAVG",152," "," ","U",183," "," ","U",186," "," ","U",177," "," ","U",181," "," ","U",159," "," ","U",188," "," ","U",189," "," ","U",179," "," ","U",231," "," ","U",126," "," ","U",112," "," ","U",131," "," ","U",151," "," ","U",108," "," ","U",143," "," ","U",159," "," ","U",206," "," ","U",208," "," ","U",191," "," ","U",189," "," ","U",163," "," ","U",196," "," ","U",201," "," ","U",184," "," ","U",211," "," ","U",223," "," ","U",143," "," ","U",164," "," ","U",212," "," ","U",107," "," ","U"
"268","USR0000MBIS",1999,9,"TMAX",133,"H"," ","U",56,"H"," ","U",100,"H"," ","U",150,"H"," ","U",228,"H"," ","U",233,"H"," ","U",156,"H"," ","U",161,"H"," ","U",228,"H"," ","U",200,"H"," ","U",61,"H"," ","U",111,"H"," ","U",167,"H"," ","U",194,"H"," ","U",239,"H"," ","U",261,"H"," ","U",244,"H"," ","U",122,"H"," ","U",133,"H"," ","U",211,"H"," ","U",261,"H"," ","U",256,"H"," ","U",272,"H"," ","U",156,"H"," ","U",133,"H"," ","U",17,"H"," ","U",39,"H"," ","U",89,"H"," ","U",106,"H"," ","U",72,"H"," ","U",NA," "," "," "
"269","USR0000MBIS",1999,9,"TMIN",28,"H"," ","U",28,"H"," ","U",33,"H"," ","U",17,"H"," ","U",61,"H"," ","U",50,"H"," ","U",28,"H"," ","U",28,"H"," ","U",72,"H"," ","U",39,"H"," ","U",-6,"H"," ","U",-6,"H"," ","U",6,"H"," ","U",22,"H"," ","U",61,"H"," ","U",106,"H"," ","U",117,"H"," ","U",-6,"H"," ","U",-11,"H"," ","U",50,"H"," ","U",89,"H"," ","U",106,"H"," ","U",117,"H"," ","U",78,"H"," ","U",11,"H"," ","U",-22,"H"," ","U",-33,"H"," ","U",-39,"H"," ","U",28,"H"," ","U",-11,"H"," ","U",NA," "," "," "
"270","USR0000MBIS",1999,9,"TAVG",67," "," ","U",46," "," ","U",55," "," ","U",71," "," ","U",142," "," ","U",141," "," ","U",75," "," ","U",84," "," ","U",145," "," ","U",137," "," ","U",17," "," ","U",36," "," ","U",76," "," ","U",92," "," ","U",145," "," ","U",164," "," ","U",163," "," ","U",66," "," ","U",49," "," ","U",118," "," ","U",157," "," ","U",159," "," ","U",176," "," ","U",114," "," ","U",74," "," ","U",-10," "," ","U",-14," "," ","U",13," "," ","U",68," "," ","U",19," "," ","U",NA," "," "," "
"271","USR0000MBIS",1999,10,"TMAX",6,"H"," ","U",-22,"H"," ","U",111,"H"," ","U",178,"H"," ","U",211,"H"," ","U",161,"H"," ","U",133,"H"," ","U",167,"H"," ","U",89,"H"," ","U",128,"H"," ","U",194,"H"," ","U",94,"H"," ","U",211,"H"," ","U",139,"H"," ","U",44,"H"," ","U",56,"H"," ","U",61,"H"," ","U",22,"H"," ","U",122,"H"," ","U",200,"H"," ","U",189,"H"," ","U",211,"H"," ","U",222,"H"," ","U",183,"H"," ","U",150,"H"," ","U",172,"H"," ","U",11,"H","I","U",100,"H"," ","U",106,"H"," ","U",144,"H"," ","U",161,"H"," ","U"
"272","USR0000MBIS",1999,10,"TMIN",-56,"H"," ","U",-61,"H"," ","U",-61,"H"," ","U",61,"H"," ","U",89,"H"," ","U",61,"H"," ","U",28,"H"," ","U",44,"H"," ","U",0,"H"," ","U",-11,"H"," ","U",22,"H"," ","U",28,"H"," ","U",61,"H"," ","U",-22,"H"," ","U",-61,"H"," ","U",-83,"H"," ","U",-28,"H"," ","U",-28,"H"," ","U",-33,"H"," ","U",22,"H"," ","U",61,"H"," ","U",56,"H"," ","U",61,"H"," ","U",56,"H"," ","U",39,"H"," ","U",28,"H","I","U",-44,"H"," ","U",11,"H"," ","U",0,"H"," ","U",39,"H"," ","U",-56,"H"," ","U"
"273","USR0000MBIS",1999,10,"TAVG",-31," "," ","U",-47," "," ","U",17," "," ","U",105," "," ","U",136," "," ","U",107," "," ","U",71," "," ","U",104," "," ","U",46," "," ","U",51," "," ","U",95," "," ","U",55," "," ","U",123," "," ","U",69," "," ","U",-24," "," ","U",-29," "," ","U",14," "," ","U",-5," "," ","U",25," "," ","U",93," "," ","U",108," "," ","U",118," "," ","U",131," "," ","U",108," "," ","U",99," "," ","U",98," "," ","U",-12," "," ","U",53," "," ","U",27," "," ","U",88," "," ","U",64," "," ","U"
"274","USR0000MBIS",1999,11,"TMAX",28,"H"," ","U",122,"H"," ","U",161,"H"," ","U",100,"H"," ","U",89,"H"," ","U",156,"H"," ","U",200,"H"," ","U",161,"H"," ","U",111,"H"," ","U",106,"H"," ","U",133,"H"," ","U",183,"H"," ","U",144,"H"," ","U",200,"H"," ","U",178,"H"," ","U",150,"H"," ","U",150,"H"," ","U",6,"H"," ","U",89,"H"," ","U",72,"H"," ","U",6,"H"," ","U",-28,"H"," ","U",11,"H"," ","U",11,"H"," ","U",22,"H"," ","U",6,"H"," ","U",6,"H"," ","U",44,"H"," ","U",94,"H"," ","U",122,"H"," ","U",NA," "," "," "
"275","USR0000MBIS",1999,11,"TMIN",-83,"H"," ","U",-22,"H"," ","U",11,"H"," ","U",-33,"H"," ","U",-33,"H"," ","U",72,"H"," ","U",117,"H"," ","U",33,"H"," ","U",6,"H"," ","U",44,"H"," ","U",33,"H"," ","U",94,"H"," ","U",94,"H"," ","U",83,"H"," ","U",61,"H"," ","U",50,"H"," ","U",6,"H"," ","U",-39,"H"," ","U",-22,"H"," ","U",-39,"H"," ","U",-72,"H"," ","U",-83,"H"," ","U",-100,"H"," ","U",-61,"H"," ","U",0,"H"," ","U",-44,"H"," ","U",-67,"H"," ","U",-39,"H"," ","U",28,"H"," ","U",33,"H"," ","U",NA," "," "," "
"276","USR0000MBIS",1999,11,"TAVG",-39," "," ","U",49," "," ","U",79," "," ","U",33," "," ","U",36," "," ","U",120," "," ","U",147," "," ","U",109," "," ","U",46," "," ","U",79," "," ","U",84," "," ","U",129," "," ","U",114," "," ","U",116," "," ","U",118," "," ","U",86," "," ","U",88," "," ","U",-21," "," ","U",33," "," ","U",17," "," ","U",-40," "," ","U",-56," "," ","U",-59," "," ","U",-26," "," ","U",8," "," ","U",-10," "," ","U",-32," "," ","U",-2," "," ","U",64," "," ","U",88," "," ","U",NA," "," "," "
"277","USR0000MBIS",1999,12,"TMAX",39,"H"," ","U",-11,"H"," ","U",-28,"H"," ","U",17,"H"," ","U",50,"H"," ","U",33,"H"," ","U",-22,"H"," ","U",-33,"H"," ","U",-17,"H"," ","U",-11,"H"," ","U",-6,"H"," ","U",17,"H"," ","U",11,"H"," ","U",-44,"H"," ","U",11,"H"," ","U",33,"H"," ","U",17,"H"," ","U",11,"H"," ","U",-100,"H"," ","U",-39,"H"," ","U",-44,"H"," ","U",0,"H"," ","U",56,"H"," ","U",100,"H"," ","U",83,"H"," ","U",72,"H"," ","U",94,"H"," ","U",106,"H"," ","U",83,"H"," ","U",56,"H"," ","U",17,"H"," ","U"
"278","USR0000MBIS",1999,12,"TMIN",-44,"H"," ","U",-50,"H"," ","U",-89,"H"," ","U",-106,"H"," ","U",-33,"H"," ","U",-44,"H"," ","U",-89,"H"," ","U",-100,"H"," ","U",-78,"H"," ","U",-72,"H"," ","U",-89,"H"," ","U",-33,"H"," ","U",-117,"H"," ","U",-111,"H"," ","U",-67,"H"," ","U",-17,"H"," ","U",-56,"H"," ","U",-111,"H"," ","U",-161,"H"," ","U",-100,"H"," ","U",-83,"H"," ","U",-39,"H"," ","U",-28,"H"," ","U",17,"H"," ","U",-6,"H"," ","U",0,"H"," ","U",11,"H"," ","U",28,"H"," ","U",0,"H"," ","U",-33,"H"," ","U",-28,"H"," ","U"
"279","USR0000MBIS",1999,12,"TAVG",-7," "," ","U",-27," "," ","U",-53," "," ","U",-49," "," ","U",7," "," ","U",-19," "," ","U",-47," "," ","U",-78," "," ","U",-48," "," ","U",-50," "," ","U",-41," "," ","U",-4," "," ","U",-54," "," ","U",-82," "," ","U",-27," "," ","U",10," "," ","U",-16," "," ","U",-21," "," ","U",-133," "," ","U",-67," "," ","U",-62," "," ","U",-28," "," ","U",11," "," ","U",43," "," ","U",31," "," ","U",36," "," ","U",44," "," ","U",52," "," ","U",31," "," ","U",2," "," ","U",-6," "," ","U"
"280","USR0000MBIS",2000,1,"TMAX",0,"H"," ","U",-50,"H"," ","U",-67,"H"," ","U",0,"H"," ","U",-44,"H"," ","U",6,"H"," ","U",11,"H"," ","U",-11,"H"," ","U",-17,"H"," ","U",-28,"H"," ","U",NA," "," "," ",NA," "," "," ",NA," "," "," ",NA," "," "," ",NA," "," "," ",NA," "," "," ",NA," "," "," ",NA," "," "," ",NA," "," "," ",NA," "," "," ",NA," "," "," ",NA," "," "," ",NA," "," "," ",NA," "," "," ",NA," "," "," ",NA," "," "," ",NA," "," "," ",NA," "," "," ",NA," "," "," ",NA," "," "," ",NA," "," "," "
"281","USR0000MBIS",2000,1,"TMIN",-56,"H"," ","U",-156,"H"," ","U",-167,"H"," ","U",-78,"H"," ","U",-72,"H"," ","U",-78,"H"," ","U",-39,"H"," ","U",-50,"H"," ","U",-39,"H"," ","U",-100,"H"," ","U",NA," "," "," ",NA," "," "," ",NA," "," "," ",NA," "," "," ",NA," "," "," ",NA," "," "," ",NA," "," "," ",NA," "," "," ",NA," "," "," ",NA," "," "," ",NA," "," "," ",NA," "," "," ",NA," "," "," ",NA," "," "," ",NA," "," "," ",NA," "," "," ",NA," "," "," ",NA," "," "," ",NA," "," "," ",NA," "," "," ",NA," "," "," "
"282","USR0000MBIS",2000,1,"TAVG",-32," "," ","U",-88," "," ","U",-110," "," ","U",-28," "," ","U",-60," "," ","U",-26," "," ","U",-23," "," ","U",-34," "," ","U",-28," "," ","U",-67," "," ","U",NA," "," "," ",NA," "," "," ",NA," "," "," ",NA," "," "," ",NA," "," "," ",NA," "," "," ",NA," "," "," ",NA," "," "," ",NA," "," "," ",NA," "," "," ",NA," "," "," ",NA," "," "," ",NA," "," "," ",NA," "," "," ",NA," "," "," ",NA," "," "," ",NA," "," "," ",NA," "," "," ",NA," "," "," ",NA," "," "," ",NA," "," "," "
