"","id","year","month","element","VALUE1","MFLAG1","QFLAG1","SFLAG1","VALUE2","MFLAG2","QFLAG2","SFLAG2","VALUE3","MFLAG3","QFLAG3","SFLAG3","VALUE4","MFLAG4","QFLAG4","SFLAG4","VALUE5","MFLAG5","QFLAG5","SFLAG5","VALUE6","MFLAG6","QFLAG6","SFLAG6","VALUE7","MFLAG7","QFLAG7","SFLAG7","VALUE8","MFLAG8","QFLAG8","SFLAG8","VALUE9","MFLAG9","QFLAG9","SFLAG9","VALUE10","MFLAG10","QFLAG10","SFLAG10","VALUE11","MFLAG11","QFLAG11","SFLAG11","VALUE12","MFLAG12","QFLAG12","SFLAG12","VALUE13","MFLAG13","QFLAG13","SFLAG13","VALUE14","MFLAG14","QFLAG14","SFLAG14","VALUE15","MFLAG15","QFLAG15","SFLAG15","VALUE16","MFLAG16","QFLAG16","SFLAG16","VALUE17","MFLAG17","QFLAG17","SFLAG17","VALUE18","MFLAG18","QFLAG18","SFLAG18","VALUE19","MFLAG19","QFLAG19","SFLAG19","VALUE20","MFLAG20","QFLAG20","SFLAG20","VALUE21","MFLAG21","QFLAG21","SFLAG21","VALUE22","MFLAG22","QFLAG22","SFLAG22","VALUE23","MFLAG23","QFLAG23","SFLAG23","VALUE24","MFLAG24","QFLAG24","SFLAG24","VALUE25","MFLAG25","QFLAG25","SFLAG25","VALUE26","MFLAG26","QFLAG26","SFLAG26","VALUE27","MFLAG27","QFLAG27","SFLAG27","VALUE28","MFLAG28","QFLAG28","SFLAG28","VALUE29","MFLAG29","QFLAG29","SFLAG29","VALUE30","MFLAG30","QFLAG30","SFLAG30","VALUE31","MFLAG31","QFLAG31","SFLAG31"
"1","USR0000CPIE",1986,7,"TMAX",NA," "," "," ",NA," "," "," ",NA," "," "," ",NA," "," "," ",NA," "," "," ",NA," "," "," ",NA," "," "," ",NA," "," "," ",NA," "," "," ",NA," "," "," ",NA," "," "," ",NA," "," "," ",NA," "," "," ",NA," "," "," ",NA," "," "," ",233,"H"," ","U",233,"H"," ","U",256,"H"," ","U",311,"H"," ","U",350,"H"," ","U",333,"H"," ","U",294,"H"," ","U",250,"H"," ","U",267,"H"," ","U",267,"H"," ","U",233,"H"," ","U",261,"H"," ","U",256,"H"," ","U",289,"H"," ","U",306,"H"," ","U",328,"H"," ","U"
"2","USR0000CPIE",1986,7,"TMIN",NA," "," "," ",NA," "," "," ",NA," "," "," ",NA," "," "," ",NA," "," "," ",NA," "," "," ",NA," "," "," ",NA," "," "," ",NA," "," "," ",NA," "," "," ",NA," "," "," ",NA," "," "," ",NA," "," "," ",NA," "," "," ",NA," "," "," ",111,"H"," ","U",89,"H"," ","U",83,"H"," ","U",94,"H"," ","U",161,"H"," ","U",183,"H"," ","U",156,"H"," ","U",111,"H"," ","U",111,"H"," ","U",111,"H"," ","U",94,"H"," ","U",100,"H"," ","U",100,"H"," ","U",100,"H"," ","U",128,"H"," ","U",144,"H"," ","U"
"3","USR0000CPIE",1986,7,"TAVG",NA," "," "," ",NA," "," "," ",NA," "," "," ",NA," "," "," ",NA," "," "," ",NA," "," "," ",NA," "," "," ",NA," "," "," ",NA," "," "," ",NA," "," "," ",NA," "," "," ",NA," "," "," ",NA," "," "," ",NA," "," "," ",NA," "," "," ",172," "," ","U",154," "," ","U",162," "," ","U",198," "," ","U",246," "," ","U",237," "," ","U",212," "," ","U",171," "," ","U",183," "," ","U",167," "," ","U",163," "," ","U",175," "," ","U",171," "," ","U",189," "," ","U",213," "," ","U",224," "," ","U"
"4","USR0000CPIE",1986,8,"TMAX",333,"H"," ","U",311,"H"," ","U",333,"H"," ","U",333,"H"," ","U",322,"H"," ","U",306,"H"," ","U",311,"H"," ","U",328,"H"," ","U",333,"H"," ","U",328,"H"," ","U",322,"H"," ","U",322,"H"," ","U",322,"H"," ","U",339,"H"," ","U",317,"H"," ","U",294,"H"," ","U",306,"H"," ","U",333,"H"," ","U",328,"H"," ","U",306,"H"," ","U",317,"H"," ","U",278,"H"," ","U",311,"H"," ","U",283,"H"," ","U",322,"H"," ","U",278,"H"," ","U",311,"H"," ","U",278,"H"," ","U",261,"H"," ","U",272,"H"," ","U",294,"H"," ","U"
"5","USR0000CPIE",1986,8,"TMIN",161,"H"," ","U",144,"H"," ","U",150,"H"," ","U",161,"H"," ","U",156,"H"," ","U",133,"H"," ","U",122,"H"," ","U",139,"H"," ","U",144,"H"," ","U",150,"H"," ","U",139,"H"," ","U",133,"H"," ","U",144,"H"," ","U",150,"H"," ","U",156,"H"," ","U",150,"H"," ","U",139,"H"," ","U",128,"H"," ","U",144,"H"," ","U",161,"H"," ","U",139,"H"," ","U",122,"H"," ","U",111,"H"," ","U",133,"H"," ","U",139,"H"," ","U",144,"H"," ","U",144,"H"," ","U",144,"H"," ","U",122,"H"," ","U",94,"H"," ","U",117,"H"," ","U"
"6","USR0000CPIE",1986,8,"TAVG",233," "," ","U",232," "," ","U",231," "," ","U",237," "," ","U",227," "," ","U",214," "," ","U",213," "," ","U",217," "," ","U",229," "," ","U",227," "," ","U",221," "," ","U",222," "," ","U",227," "," ","U",232," "," ","U",221," "," ","U",199," "," ","U",211," "," ","U",219," "," ","U",224," "," ","U",219," "," ","U",216," "," ","U",194," "," ","U",206," "," ","U",201," "," ","U",226," "," ","U",203," "," ","U",214," "," ","U",199," "," ","U",178," "," ","U",176," "," ","U",194," "," ","U"
"7","USR0000CPIE",1986,9,"TMAX",306,"H"," ","U",311,"H"," ","U",328,"H"," ","U",339,"H"," ","U",333,"H"," ","U",306,"H"," ","U",289,"H"," ","U",233,"H"," ","U",211,"H"," ","U",261,"H"," ","U",261,"H"," ","U",194,"H"," ","U",200,"H"," ","U",150,"H"," ","U",122,"H"," ","U",56,"H"," ","U",83,"H"," ","U",100,"H"," ","U",72,"H"," ","U",144,"H"," ","U",133,"H"," ","U",172,"H"," ","U",194,"H"," ","U",89,"H"," ","U",28,"H"," ","U",28,"H"," ","U",94,"H"," ","U",117,"H"," ","U",194,"H"," ","U",183,"H"," ","U",NA," "," "," "
"8","USR0000CPIE",1986,9,"TMIN",144,"H"," ","U",144,"H"," ","U",156,"H"," ","U",161,"H"," ","U",156,"H"," ","U",156,"H"," ","U",144,"H"," ","U",94,"H"," ","U",61,"H"," ","U",50,"H"," ","U",89,"H"," ","U",111,"H"," ","U",56,"H"," ","U",39,"H"," ","U",44,"H"," ","U",28,"H"," ","U",22,"H"," ","U",22,"H"," ","U",0,"H"," ","U",17,"H"," ","U",6,"H"," ","U",17,"H"," ","U",56,"H"," ","U",17,"H"," ","U",6,"H"," ","U",6,"H"," ","U",11,"H"," ","U",6,"H"," ","U",17,"H"," ","U",44,"H"," ","U",NA," "," "," "
"9","USR0000CPIE",1986,9,"TAVG",213," "," ","U",221," "," ","U",232," "," ","U",251," "," ","U",232," "," ","U",224," "," ","U",206," "," ","U",163," "," ","U",120," "," ","U",133," "," ","U",166," "," ","U",147," "," ","U",121," "," ","U",84," "," ","U",78," "," ","U",46," "," ","U",47," "," ","U",51," "," ","U",27," "," ","U",62," "," ","U",55," "," ","U",92," "," ","U",106," "," ","U",48," "," ","U",22," "," ","U",19," "," ","U",47," "," ","U",66," "," ","U",94," "," ","U",103," "," ","U",NA," "," "," "
"10","USR0000CPIE",1986,10,"TMAX",100,"H"," ","U",128,"H"," ","U",144,"H"," ","U",189,"H"," ","U",194,"H"," ","U",239,"H"," ","U",233,"H"," ","U",244,"H"," ","U",239,"H"," ","U",244,"H"," ","U",144,"H"," ","U",189,"H"," ","U",206,"H"," ","U",217,"H"," ","U",211,"H"," ","U",167,"H"," ","U",78,"H"," ","U",128,"H"," ","U",172,"H"," ","U",183,"H"," ","U",161,"H"," ","U",189,"H"," ","U",133,"H"," ","U",122,"H"," ","U",200,"H"," ","U",194,"H"," ","U",150,"H"," ","U",117,"H"," ","U",117,"H"," ","U",78,"H"," ","U",128,"H"," ","U"
"11","USR0000CPIE",1986,10,"TMIN",33,"H"," ","U",17,"H"," ","U",28,"H"," ","U",72,"H"," ","U",94,"H"," ","U",94,"H"," ","U",78,"H"," ","U",78,"H"," ","U",78,"H"," ","U",83,"H"," ","U",50,"H"," ","U",28,"H"," ","U",22,"H"," ","U",33,"H"," ","U",44,"H"," ","U",33,"H"," ","U",0,"H"," ","U",0,"H"," ","U",39,"H"," ","U",56,"H"," ","U",44,"H"," ","U",39,"H"," ","U",39,"H"," ","U",67,"H"," ","U",94,"H"," ","U",67,"H"," ","U",72,"H"," ","U",44,"H"," ","U",39,"H"," ","U",-11,"H"," ","U",-28,"H"," ","U"
"12","USR0000CPIE",1986,10,"TAVG",57," "," ","U",67," "," ","U",83," "," ","U",122," "," ","U",141," "," ","U",158," "," ","U",147," "," ","U",150," "," ","U",152," "," ","U",146," "," ","U",89," "," ","U",98," "," ","U",101," "," ","U",115," "," ","U",116," "," ","U",88," "," ","U",28," "," ","U",52," "," ","U",94," "," ","U",108," "," ","U",93," "," ","U",94," "," ","U",77," "," ","U",88," "," ","U",145," "," ","U",122," "," ","U",105," "," ","U",68," "," ","U",78," "," ","U",34," "," ","U",21," "," ","U"
"13","USR0000CPIE",1986,11,"TMAX",144,"H"," ","U",167,"H"," ","U",200,"H"," ","U",217,"H"," ","U",206,"H"," ","U",111,"H"," ","U",50,"H"," ","U",122,"H"," ","U",139,"H"," ","U",150,"H"," ","U",183,"H"," ","U",167,"H"," ","U",161,"H"," ","U",128,"H"," ","U",156,"H"," ","U",67,"H"," ","U",61,"H"," ","U",150,"H"," ","U",156,"H"," ","U",139,"H"," ","U",89,"H"," ","U",83,"H"," ","U",122,"H"," ","U",128,"H"," ","U",111,"H"," ","U",133,"H"," ","U",144,"H"," ","U",111,"H"," ","U",78,"H"," ","U",94,"H"," ","U",NA," "," "," "
"14","USR0000CPIE",1986,11,"TMIN",-22,"H"," ","U",-28,"H"," ","U",-28,"H"," ","U",-17,"H"," ","U",-28,"H"," ","U",-39,"H"," ","U",-39,"H"," ","U",-61,"H"," ","U",-56,"H"," ","U",-33,"H"," ","U",-39,"H"," ","U",-28,"H"," ","U",-44,"H"," ","U",-22,"H"," ","U",-39,"H"," ","U",-33,"H"," ","U",6,"H"," ","U",-22,"H"," ","U",-6,"H"," ","U",-22,"H"," ","U",-33,"H"," ","U",-39,"H"," ","U",-28,"H"," ","U",-44,"H"," ","U",-44,"H"," ","U",-50,"H"," ","U",-17,"H"," ","U",-17,"H"," ","U",-56,"H"," ","U",-78,"H"," ","U",NA," "," "," "
"15","USR0000CPIE",1986,11,"TAVG",24," "," ","U",27," "," ","U",39," "," ","U",47," "," ","U",41," "," ","U",7," "," ","U",-4," "," ","U",-3," "," ","U",6," "," ","U",24," "," ","U",27," "," ","U",29," "," ","U",39," "," ","U",32," "," ","U",18," "," ","U",-10," "," ","U",22," "," ","U",57," "," ","U",62," "," ","U",49," "," ","U",11," "," ","U",-6," "," ","U",17," "," ","U",8," "," ","U",-4," "," ","U",25," "," ","U",56," "," ","U",40," "," ","U",-8," "," ","U",-26," "," ","U",NA," "," "," "
"16","USR0000CPIE",1986,12,"TMAX",89,"H"," ","U",111,"H"," ","U",111,"H"," ","U",100,"H"," ","U",50,"H"," ","U",72,"H"," ","U",72,"H"," ","U",100,"H"," ","U",61,"H"," ","U",100,"H"," ","U",72,"H"," ","U",94,"H"," ","U",83,"H"," ","U",100,"H"," ","U",61,"H"," ","U",106,"H"," ","U",111,"H"," ","U",22,"H"," ","U",33,"H"," ","U",44,"H"," ","U",72,"H"," ","U",28,"H"," ","U",72,"H"," ","U",50,"H"," ","U",89,"H"," ","U",56,"H"," ","U",67,"H"," ","U",72,"H"," ","U",72,"H"," ","U",56,"H"," ","U",39,"H"," ","U"
"17","USR0000CPIE",1986,12,"TMIN",-56,"H"," ","U",-44,"H"," ","U",-28,"H"," ","U",-17,"H"," ","U",-6,"H"," ","U",-28,"H"," ","U",-44,"H"," ","U",-72,"H"," ","U",-67,"H"," ","U",-78,"H"," ","U",-78,"H"," ","U",-67,"H"," ","U",-33,"H"," ","U",-50,"H"," ","U",-50,"H"," ","U",-78,"H"," ","U",-61,"H"," ","U",-33,"H"," ","U",-33,"H"," ","U",-50,"H"," ","U",-72,"H"," ","U",-44,"H"," ","U",-67,"H"," ","U",-78,"H"," ","U",-78,"H"," ","U",-33,"H"," ","U",-67,"H"," ","U",-89,"H"," ","U",-56,"H"," ","U",-94,"H"," ","U",-28,"H"," ","U"
"18","USR0000CPIE",1986,12,"TAVG",3," "," ","U",-1," "," ","U",7," "," ","U",29," "," ","U",12," "," ","U",8," "," ","U",-6," "," ","U",-22," "," ","U",-34," "," ","U",-27," "," ","U",-14," "," ","U",-13," "," ","U",12," "," ","U",3," "," ","U",-19," "," ","U",-22," "," ","U",-16," "," ","U",-11," "," ","U",-7," "," ","U",-6," "," ","U",-22," "," ","U",-3," "," ","U",-23," "," ","U",-32," "," ","U",-23," "," ","U",-7," "," ","U",-22," "," ","U",-29," "," ","U",-1," "," ","U",-36," "," ","U",6," "," ","U"
"19","USR0000CPIE",1987,1,"TMAX",22,"H"," ","U",22,"H"," ","U",39,"H"," ","U",100,"H"," ","U",33,"H"," ","U",NA," "," "," ",NA," "," "," ",NA," "," "," ",NA," "," "," ",NA," "," "," ",NA," "," "," ",NA," "," "," ",NA," "," "," ",NA," "," "," ",NA," "," "," ",NA," "," "," ",NA," "," "," ",NA," "," "," ",NA," "," "," ",NA," "," "," ",NA," "," "," ",NA," "," "," ",NA," "," "," ",NA," "," "," ",NA," "," "," ",NA," "," "," ",NA," "," "," ",NA," "," "," ",NA," "," "," ",NA," "," "," ",NA," "," "," "
"20","USR0000CPIE",1987,1,"TMIN",-22,"H"," ","U",-33,"H"," ","U",-22,"H"," ","U",-39,"H"," ","U",-50,"H"," ","U",NA," "," "," ",NA," "," "," ",NA," "," "," ",NA," "," "," ",NA," "," "," ",NA," "," "," ",NA," "," "," ",NA," "," "," ",NA," "," "," ",NA," "," "," ",NA," "," "," ",NA," "," "," ",NA," "," "," ",NA," "," "," ",NA," "," "," ",NA," "," "," ",NA," "," "," ",NA," "," "," ",NA," "," "," ",NA," "," "," ",NA," "," "," ",NA," "," "," ",NA," "," "," ",NA," "," "," ",NA," "," "," ",NA," "," "," "
"21","USR0000CPIE",1987,1,"TAVG",6," "," ","U",-13," "," ","U",-2," "," ","U",-7," "," ","U",-17," "," ","U",NA," "," "," ",NA," "," "," ",NA," "," "," ",NA," "," "," ",NA," "," "," ",NA," "," "," ",NA," "," "," ",NA," "," "," ",NA," "," "," ",NA," "," "," ",NA," "," "," ",NA," "," "," ",NA," "," "," ",NA," "," "," ",NA," "," "," ",NA," "," "," ",NA," "," "," ",NA," "," "," ",NA," "," "," ",NA," "," "," ",NA," "," "," ",NA," "," "," ",NA," "," "," ",NA," "," "," ",NA," "," "," ",NA," "," "," "
"22","USR0000CPIE",1987,4,"TMAX",NA," "," "," ",167,"H"," ","U",72,"H"," ","U",NA," "," "," ",150,"H"," ","U",178,"H"," ","U",194,"H"," ","U",189,"H"," ","U",222,"H"," ","U",67,"H"," ","U",150,"H"," ","U",172,"H"," ","U",217,"H"," ","U",200,"H"," ","U",228,"H"," ","U",244,"H"," ","U",156,"H"," ","U",56,"H"," ","U",94,"H"," ","U",189,"H"," ","U",256,"H"," ","U",211,"H"," ","U",194,"H"," ","U",228,"H"," ","U",250,"H"," ","U",NA," "," "," ",267,"H"," ","U",217,"H"," ","U",172,"H"," ","U",83,"H","I","U",NA," "," "," "
"23","USR0000CPIE",1987,4,"TMIN",NA," "," "," ",44,"H"," ","U",22,"H"," ","U",NA," "," "," ",-33,"H"," ","U",-50,"H"," ","U",-39,"H"," ","U",-28,"H"," ","U",-33,"H"," ","U",61,"H"," ","U",-33,"H"," ","U",-56,"H"," ","U",-44,"H"," ","U",0,"H"," ","U",-28,"H"," ","U",-39,"H"," ","U",-39,"H"," ","U",-61,"H"," ","U",-83,"H"," ","U",-61,"H"," ","U",-39,"H"," ","U",-11,"H"," ","U",-28,"H"," ","U",-39,"H"," ","U",139,"H","S","U",NA," "," "," ",22,"H"," ","U",22,"H"," ","U",133,"H","I","U",17,"H"," ","U",NA," "," "," "
"24","USR0000CPIE",1987,4,"TAVG",NA," "," "," ",106," "," ","U",37," "," ","U",NA," "," "," ",74," "," ","U",66," "," ","U",72," "," ","U",49," "," ","U",81," "," ","U",64," "," ","U",69," "," ","U",42," "," ","U",87," "," ","U",121," "," ","U",93," "," ","U",113," "," ","U",77," "," ","U",4," "," ","U",-2," "," ","U",53," "," ","U",103," "," ","U",107," "," ","U",74," "," ","U",102," "," ","U",217," "," ","U",NA," "," "," ",171," "," ","U",138," "," ","U",153," "," ","U",47," "," ","U",NA," "," "," "
"25","USR0000CPIE",1987,5,"TMAX",67,"H"," ","U",150,"H"," ","U",222,"H"," ","U",261,"H"," ","U",278,"H"," ","U",294,"H"," ","U",283,"H"," ","U",278,"H"," ","U",222,"H"," ","U",272,"H"," ","U",283,"H"," ","U",256,"H"," ","U",278,"H"," ","U",283,"H"," ","U",283,"H"," ","U",233,"H"," ","U",200,"H"," ","U",211,"H"," ","U",178,"H"," ","U",167,"H"," ","U",167,"H"," ","U",172,"H"," ","U",194,"H"," ","U",144,"H"," ","U",294,"H","S","U",728,"H","X","U",817,"H","X","U",928,"H","X","U",672,"H","X","U",600,"H","X","U",622,"H","X","U"
"26","USR0000CPIE",1987,5,"TMIN",-28,"H"," ","U",-33,"H"," ","U",-17,"H"," ","U",-11,"H"," ","U",22,"H"," ","U",11,"H"," ","U",33,"H"," ","U",22,"H"," ","U",56,"H"," ","U",28,"H"," ","U",33,"H"," ","U",39,"H"," ","U",39,"H"," ","U",39,"H"," ","U",61,"H"," ","U",94,"H"," ","U",56,"H"," ","U",11,"H"," ","U",-6,"H"," ","U",-6,"H"," ","U",-28,"H"," ","U",-28,"H"," ","U",-17,"H"," ","U",-17,"H"," ","U",-22,"H"," ","U",256,"H","G","U",283,"H","G","U",394,"H","G","U",506,"H","G","U",500,"H","G","U",556,"H","G","U"
"27","USR0000CPIE",1987,5,"TAVG",24," "," ","U",52," "," ","U",94," "," ","U",106," "," ","U",124," "," ","U",147," "," ","U",137," "," ","U",141," "," ","U",123," "," ","U",140," "," ","U",182," "," ","U",158," "," ","U",161," "," ","U",159," "," ","U",167," "," ","U",143," "," ","U",114," "," ","U",109," "," ","U",86," "," ","U",77," "," ","U",66," "," ","U",52," "," ","U",84," "," ","U",70," "," ","U",104," "," ","U",599," ","X","U",651," ","X","U",588," ","X","U",586," ","X","U",569," ","X","U",582," ","X","U"
"28","USR0000CPIE",1987,6,"TMAX",583,"H","X","U",506,"H","G","U",400,"H"," ","U",272,"H"," ","U",256,"H"," ","U",256,"H"," ","U",222,"H"," ","U",NA," "," "," ",272,"H"," ","U",278,"H"," ","U",272,"H"," ","U",350,"H"," ","U",311,"H"," ","U",200,"H"," ","U",128,"H"," ","U",167,"H"," ","U",206,"H"," ","U",256,"H"," ","U",267,"H"," ","U",222,"H"," ","U",200,"H"," ","U",233,"H"," ","U",294,"H"," ","U",111,"H"," ","U",339,"H"," ","U",333,"H"," ","U",322,"H"," ","U",311,"H"," ","U",311,"H"," ","U",300,"H"," ","U",NA," "," "," "
"29","USR0000CPIE",1987,6,"TMIN",422,"H","G","U",406,"H","G","U",100,"H"," ","U",72,"H"," ","U",72,"H"," ","U",50,"H"," ","U",89,"H"," ","U",NA," "," "," ",61,"H"," ","U",33,"H"," ","U",67,"H"," ","U",22,"H"," ","U",44,"H"," ","U",100,"H"," ","U",72,"H"," ","U",-6,"H"," ","U",-6,"H"," ","U",-22,"H"," ","U",17,"H"," ","U",17,"H"," ","U",61,"H"," ","U",56,"H"," ","U",11,"H"," ","U",94,"H"," ","U",61,"H"," ","U",83,"H"," ","U",83,"H"," ","U",67,"H"," ","U",94,"H"," ","U",56,"H"," ","U",NA," "," "," "
"30","USR0000CPIE",1987,6,"TAVG",503," ","G","U",439," ","G","U",219," "," ","U",176," "," ","U",159," "," ","U",161," "," ","U",140," "," ","U",NA," "," "," ",190," "," ","U",163," "," ","U",193," "," ","U",183," "," ","U",156," "," ","U",147," "," ","U",98," "," ","U",86," "," ","U",151," "," ","U",159," "," ","U",145," "," ","U",130," "," ","U",138," "," ","U",156," "," ","U",156," "," ","U",103," "," ","U",169," "," ","U",196," "," ","U",177," "," ","U",197," "," ","U",199," "," ","U",157," "," ","U",NA," "," "," "
"31","USR0000CPIE",1987,7,"TMAX",261,"H"," ","U",272,"H"," ","U",261,"H"," ","U",3194,"H","X","U",261,"H"," ","U",289,"H"," ","U",289,"H"," ","U",106,"H","I","U",244,"H"," ","U",233,"H"," ","U",256,"H"," ","U",317,"H"," ","U",306,"H"," ","U",333,"H"," ","U",283,"H"," ","U",211,"H"," ","U",56,"H","I","U",83,"H"," ","U",161,"H"," ","U",167,"H"," ","U",122,"H"," ","U",167,"H"," ","U",178,"H"," ","U",194,"H"," ","U",200,"H"," ","U",228,"H"," ","U",233,"H"," ","U",228,"H"," ","U",217,"H"," ","U",222,"H"," ","U",261,"H"," ","U"
"32","USR0000CPIE",1987,7,"TMIN",67,"H"," ","U",28,"H"," ","U",28,"H"," ","U",0,"H"," ","U",33,"H"," ","U",22,"H"," ","U",50,"H"," ","U",50,"H"," ","U",156,"H","I","U",133,"H"," ","U",117,"H"," ","U",144,"H"," ","U",161,"H"," ","U",189,"H"," ","U",178,"H"," ","U",72,"H","I","U",-6,"H"," ","U",22,"H"," ","U",17,"H"," ","U",83,"H"," ","U",39,"H"," ","U",17,"H"," ","U",67,"H"," ","U",167,"H"," ","U",117,"H"," ","U",128,"H"," ","U",128,"H"," ","U",133,"H"," ","U",128,"H"," ","U",122,"H"," ","U",100,"H"," ","U"
"33","USR0000CPIE",1987,7,"TAVG",162," "," ","U",153," "," ","U",161," "," ","U",487," ","G","U",150," "," ","U",163," "," ","U",174," "," ","U",65," "," ","U",204," "," ","U",176," "," ","U",180," "," ","U",225," "," ","U",251," "," ","U",267," "," ","U",232," "," ","U",166," "," ","U",11," "," ","U",54," "," ","U",100," "," ","U",123," "," ","U",83," "," ","U",112," "," ","U",107," "," ","U",184," "," ","U",149," "," ","U",169," "," ","U",179," "," ","U",174," "," ","U",171," "," ","U",165," "," ","U",189," "," ","U"
"34","USR0000CPIE",1987,8,"TMAX",261,"H"," ","U",278,"H"," ","U",300,"H"," ","U",272,"H"," ","U",289,"H"," ","U",233,"H"," ","U",294,"H"," ","U",306,"H"," ","U",267,"H"," ","U",239,"H"," ","U",244,"H"," ","U",239,"H"," ","U",200,"H"," ","U",172,"H"," ","U",222,"H"," ","U",256,"H"," ","U",283,"H"," ","U",278,"H"," ","U",206,"H","I","U",206,"H"," ","U",261,"H"," ","U",222,"H"," ","U",217,"H"," ","U",261,"H"," ","U",278,"H"," ","U",272,"H"," ","U",267,"H"," ","U",261,"H"," ","U",306,"H"," ","U",289,"H"," ","U",294,"H"," ","U"
"35","USR0000CPIE",1987,8,"TMIN",178,"H"," ","U",150,"H"," ","U",172,"H"," ","U",183,"H"," ","U",178,"H"," ","U",167,"H"," ","U",133,"H"," ","U",156,"H"," ","U",167,"H"," ","U",139,"H"," ","U",167,"H"," ","U",128,"H"," ","U",106,"H"," ","U",89,"H"," ","U",67,"H"," ","U",94,"H"," ","U",128,"H"," ","U",228,"H","I","U",139,"H"," ","U",122,"H"," ","U",122,"H"," ","U",117,"H"," ","U",106,"H"," ","U",100,"H"," ","U",111,"H"," ","U",144,"H"," ","U",150,"H"," ","U",150,"H"," ","U",167,"H"," ","U",172,"H"," ","U",172,"H"," ","U"
"36","USR0000CPIE",1987,8,"TAVG",213," "," ","U",219," "," ","U",238," "," ","U",227," "," ","U",235," "," ","U",193," "," ","U",227," "," ","U",233," "," ","U",206," "," ","U",186," "," ","U",206," "," ","U",182," "," ","U",150," "," ","U",122," "," ","U",144," "," ","U",171," "," ","U",204," "," ","U",262," "," ","U",170," "," ","U",163," "," ","U",183," "," ","U",167," "," ","U",153," "," ","U",177," "," ","U",206," "," ","U",197," "," ","U",197," "," ","U",207," "," ","U",224," "," ","U",226," "," ","U",223," "," ","U"
"37","USR0000CPIE",1987,9,"TMAX",294,"H"," ","U",256,"H"," ","U",217,"H"," ","U",228,"H"," ","U",222,"H"," ","U",228,"H"," ","U",222,"H"," ","U",222,"H"," ","U",256,"H"," ","U",228,"H"," ","U",211,"H"," ","U",228,"H"," ","U",206,"H"," ","U",194,"H"," ","U",183,"H"," ","U",189,"H"," ","U",239,"H"," ","U",233,"H"," ","U",244,"H"," ","U",283,"H"," ","U",272,"H"," ","U",294,"H"," ","U",272,"H"," ","U",211,"H"," ","U",194,"H"," ","U",217,"H"," ","U",239,"H"," ","U",267,"H"," ","U",272,"H"," ","U",167,"H"," ","U",NA," "," "," "
"38","USR0000CPIE",1987,9,"TMIN",161,"H"," ","U",167,"H"," ","U",122,"H"," ","U",111,"H"," ","U",117,"H"," ","U",106,"H"," ","U",106,"H"," ","U",106,"H"," ","U",122,"H"," ","U",111,"H"," ","U",100,"H"," ","U",106,"H"," ","U",89,"H"," ","U",67,"H"," ","U",72,"H"," ","U",28,"H"," ","U",56,"H"," ","U",128,"H"," ","U",117,"H"," ","U",133,"H"," ","U",150,"H"," ","U",150,"H"," ","U",161,"H"," ","U",100,"H"," ","U",89,"H"," ","U",67,"H"," ","U",67,"H"," ","U",89,"H"," ","U",111,"H"," ","U",133,"H"," ","U",NA," "," "," "
"39","USR0000CPIE",1987,9,"TAVG",218," "," ","U",203," "," ","U",171," "," ","U",165," "," ","U",164," "," ","U",158," "," ","U",157," "," ","U",159," "," ","U",173," "," ","U",151," "," ","U",152," "," ","U",149," "," ","U",137," "," ","U",123," "," ","U",121," "," ","U",106," "," ","U",136," "," ","U",172," "," ","U",178," "," ","U",198," "," ","U",201," "," ","U",217," "," ","U",208," "," ","U",161," "," ","U",133," "," ","U",134," "," ","U",142," "," ","U",162," "," ","U",178," "," ","U",139," "," ","U",NA," "," "," "
"40","USR0000CPIE",1987,10,"TMAX",328,"H"," ","U",317,"H"," ","U",322,"H"," ","U",328,"H"," ","U",322,"H"," ","U",328,"H"," ","U",283,"H"," ","U",289,"H"," ","U",278,"H"," ","U",261,"H"," ","U",267,"H"," ","U",172,"H"," ","U",239,"H"," ","U",239,"H"," ","U",239,"H"," ","U",244,"H"," ","U",233,"H"," ","U",250,"H"," ","U",244,"H"," ","U",244,"H"," ","U",222,"H"," ","U",183,"H"," ","U",178,"H"," ","U",183,"H"," ","U",NA," "," "," ",222,"H"," ","U",222,"H"," ","U",161,"H"," ","U",161,"H"," ","U",161,"H"," ","U",144,"H"," ","U"
"41","USR0000CPIE",1987,10,"TMIN",150,"H"," ","U",100,"H"," ","U",94,"H"," ","U",100,"H"," ","U",133,"H"," ","U",100,"H"," ","U",100,"H"," ","U",72,"H"," ","U",83,"H"," ","U",72,"H"," ","U",72,"H"," ","U",67,"H"," ","U",39,"H"," ","U",22,"H"," ","U",50,"H"," ","U",39,"H"," ","U",22,"H"," ","U",28,"H"," ","U",50,"H"," ","U",44,"H"," ","U",50,"H"," ","U",78,"H"," ","U",67,"H"," ","U",50,"H"," ","U",NA," "," "," ",94,"H"," ","U",67,"H"," ","U",67,"H"," ","U",56,"H"," ","U",61,"H"," ","U",33,"H"," ","U"
"42","USR0000CPIE",1987,10,"TAVG",245," "," ","U",199," "," ","U",196," "," ","U",200," "," ","U",215," "," ","U",201," "," ","U",182," "," ","U",168," "," ","U",161," "," ","U",157," "," ","U",156," "," ","U",104," "," ","U",124," "," ","U",129," "," ","U",142," "," ","U",128," "," ","U",119," "," ","U",131," "," ","U",142," "," ","U",139," "," ","U",133," "," ","U",118," "," ","U",96," "," ","U",92," "," ","U",NA," "," "," ",156," "," ","U",131," "," ","U",102," "," ","U",87," "," ","U",99," "," ","U",76," "," ","U"
"43","USR0000CPIE",1987,11,"TMAX",128,"H"," ","U",106,"H"," ","U",183,"H"," ","U",200,"H"," ","U",161,"H"," ","U",89,"H"," ","U",161,"H"," ","U",172,"H"," ","U",133,"H"," ","U",144,"H"," ","U",161,"H"," ","U",156,"H"," ","U",89,"H"," ","U",111,"H"," ","U",56,"H"," ","U",2067,"H","X","U",83,"H"," ","U",111,"H"," ","U",106,"H"," ","U",72,"H"," ","U",NA," "," "," ",NA," "," "," ",NA," "," "," ",NA," "," "," ",NA," "," "," ",NA," "," "," ",NA," "," "," ",NA," "," "," ",NA," "," "," ",NA," "," "," ",NA," "," "," "
"44","USR0000CPIE",1987,11,"TMIN",44,"H"," ","U",22,"H"," ","U",67,"H"," ","U",72,"H"," ","U",61,"H"," ","U",56,"H"," ","U",39,"H"," ","U",0,"H"," ","U",11,"H"," ","U",-11,"H"," ","U",-6,"H"," ","U",33,"H"," ","U",33,"H"," ","U",-28,"H"," ","U",-50,"H"," ","U",17,"H"," ","U",28,"H"," ","U",11,"H"," ","U",11,"H"," ","U",44,"H"," ","U",NA," "," "," ",NA," "," "," ",NA," "," "," ",NA," "," "," ",NA," "," "," ",NA," "," "," ",NA," "," "," ",NA," "," "," ",NA," "," "," ",NA," "," "," ",NA," "," "," "
"45","USR0000CPIE",1987,11,"TAVG",74," "," ","U",53," "," ","U",104," "," ","U",126," "," ","U",100," "," ","U",71," "," ","U",86," "," ","U",73," "," ","U",62," "," ","U",56," "," ","U",75," "," ","U",95," "," ","U",59," "," ","U",28," "," ","U",14," "," ","U",269," "," ","U",56," "," ","U",50," "," ","U",50," "," ","U",56," "," ","U",NA," "," "," ",NA," "," "," ",NA," "," "," ",NA," "," "," ",NA," "," "," ",NA," "," "," ",NA," "," "," ",NA," "," "," ",NA," "," "," ",NA," "," "," ",NA," "," "," "
"46","USR0000CPIE",1988,5,"TMAX",NA," "," "," ",NA," "," "," ",NA," "," "," ",NA," "," "," ",44,"H"," ","U",11,"H"," ","U",61,"H"," ","U",44,"H"," ","U",150,"H"," ","U",233,"H"," ","U",3189,"H","X","U",222,"H"," ","U",161,"H"," ","U",211,"H"," ","U",228,"H"," ","U",89,"H"," ","U",122,"H"," ","U",161,"H"," ","U",133,"H"," ","U",239,"H"," ","U",256,"H"," ","U",211,"H"," ","U",244,"H"," ","U",244,"H"," ","U",211,"H"," ","U",194,"H"," ","U",183,"H"," ","U",100,"H"," ","U",50,"H"," ","U",156,"H"," ","U",139,"H"," ","U"
"47","USR0000CPIE",1988,5,"TMIN",NA," "," "," ",NA," "," "," ",NA," "," "," ",NA," "," "," ",-306,"H","O","U",-294,"H","O","U",-17,"H"," ","U",-206,"H","O","U",-167,"H","S","U",-156,"H","S","U",-389,"H","O","U",-361,"H","O","U",-350,"H","O","U",-322,"H","O","U",-367,"H","O","U",-261,"H","O","U",-239,"H","O","U",-650,"H","G","U",-417,"H","O","U",-383,"H","O","U",-444,"H","O","U",-167,"H","S","U",56,"H"," ","U",56,"H"," ","U",83,"H"," ","U",56,"H"," ","U",44,"H"," ","U",0,"H"," ","U",-28,"H"," ","U",-33,"H"," ","U",28,"H"," ","U"
"48","USR0000CPIE",1988,5,"TAVG",NA," "," "," ",NA," "," "," ",NA," "," "," ",NA," "," "," ",-82," "," ","U",-41," "," ","U",16," "," ","U",-72," "," ","U",11," "," ","U",73," "," ","U",277," "," ","U",-3," "," ","U",-12," "," ","U",-95," "," ","U",-63," "," ","U",-32," "," ","U",-66," "," ","U",-84," "," ","U",-125," "," ","U",28," "," ","U",4," "," ","U",76," "," ","U",129," "," ","U",152," "," ","U",144," "," ","U",117," "," ","U",104," "," ","U",50," "," ","U",7," "," ","U",68," "," ","U",83," "," ","U"
"49","USR0000CPIE",1988,6,"TMAX",117,"H"," ","U",206,"H"," ","U",189,"H"," ","U",111,"H"," ","U",89,"H"," ","U",67,"H"," ","U",67,"H"," ","U",133,"H"," ","U",144,"H"," ","U",200,"H"," ","U",206,"H"," ","U",233,"H"," ","U",267,"H"," ","U",272,"H"," ","U",278,"H"," ","U",256,"H"," ","U",278,"H"," ","U",294,"H"," ","U",317,"H"," ","U",300,"H"," ","U",300,"H"," ","U",306,"H"," ","U",317,"H"," ","U",328,"H"," ","U",233,"H"," ","U",233,"H"," ","U",233,"H"," ","U",228,"H"," ","U",222,"H"," ","U",272,"H"," ","U",NA," "," "," "
"50","USR0000CPIE",1988,6,"TMIN",56,"H"," ","U",72,"H"," ","U",78,"H"," ","U",0,"H"," ","U",-22,"H"," ","U",-33,"H"," ","U",-11,"H"," ","U",-22,"H"," ","U",44,"H"," ","U",44,"H"," ","U",61,"H"," ","U",56,"H"," ","U",83,"H"," ","U",100,"H"," ","U",128,"H"," ","U",106,"H"," ","U",94,"H"," ","U",111,"H"," ","U",122,"H"," ","U",156,"H"," ","U",139,"H"," ","U",144,"H"," ","U",133,"H"," ","U",150,"H"," ","U",128,"H"," ","U",100,"H"," ","U",89,"H"," ","U",67,"H"," ","U",17,"H"," ","U",89,"H"," ","U",NA," "," "," "
"51","USR0000CPIE",1988,6,"TAVG",74," "," ","U",138," "," ","U",131," "," ","U",66," "," ","U",28," "," ","U",17," "," ","U",18," "," ","U",59," "," ","U",88," "," ","U",127," "," ","U",135," "," ","U",151," "," ","U",182," "," ","U",196," "," ","U",211," "," ","U",179," "," ","U",186," "," ","U",211," "," ","U",224," "," ","U",232," "," ","U",227," "," ","U",231," "," ","U",233," "," ","U",212," "," ","U",161," "," ","U",171," "," ","U",168," "," ","U",148," "," ","U",132," "," ","U",186," "," ","U",NA," "," "," "
"52","USR0000CPIE",1988,7,"TMAX",272,"H"," ","U",272,"H"," ","U",261,"H"," ","U",217,"H"," ","U",217,"H"," ","U",244,"H"," ","U",289,"H"," ","U",300,"H"," ","U",328,"H"," ","U",294,"H"," ","U",239,"H"," ","U",272,"H"," ","U",272,"H"," ","U",256,"H"," ","U",294,"H"," ","U",322,"H"," ","U",344,"H"," ","U",344,"H"," ","U",339,"H"," ","U",344,"H"," ","U",356,"H"," ","U",350,"H"," ","U",333,"H"," ","U",311,"H"," ","U",283,"H"," ","U",300,"H"," ","U",289,"H"," ","U",311,"H"," ","U",333,"H"," ","U",328,"H"," ","U",322,"H"," ","U"
"53","USR0000CPIE",1988,7,"TMIN",106,"H"," ","U",111,"H"," ","U",128,"H"," ","U",94,"H"," ","U",72,"H"," ","U",56,"H"," ","U",111,"H"," ","U",117,"H"," ","U",139,"H"," ","U",144,"H"," ","U",122,"H"," ","U",117,"H"," ","U",117,"H"," ","U",133,"H"," ","U",122,"H"," ","U",111,"H"," ","U",144,"H"," ","U",156,"H"," ","U",167,"H"," ","U",167,"H"," ","U",172,"H"," ","U",183,"H"," ","U",161,"H"," ","U",167,"H"," ","U",178,"H"," ","U",133,"H"," ","U",128,"H"," ","U",122,"H"," ","U",144,"H"," ","U",161,"H"," ","U",161,"H"," ","U"
"54","USR0000CPIE",1988,7,"TAVG",200," "," ","U",200," "," ","U",191," "," ","U",151," "," ","U",146," "," ","U",161," "," ","U",203," "," ","U",235," "," ","U",239," "," ","U",217," "," ","U",185," "," ","U",191," "," ","U",196," "," ","U",192," "," ","U",207," "," ","U",244," "," ","U",249," "," ","U",254," "," ","U",259," "," ","U",269," "," ","U",268," "," ","U",262," "," ","U",253," "," ","U",243," "," ","U",229," "," ","U",196," "," ","U",212," "," ","U",229," "," ","U",252," "," ","U",240," "," ","U",240," "," ","U"
"55","USR0000CPIE",1988,8,"TMAX",306,"H"," ","U",267,"H"," ","U",283,"H"," ","U",311,"H"," ","U",267,"H"," ","U",250,"H"," ","U",267,"H"," ","U",300,"H"," ","U",311,"H"," ","U",300,"H"," ","U",283,"H"," ","U",256,"H"," ","U",228,"H"," ","U",233,"H"," ","U",222,"H"," ","U",272,"H"," ","U",272,"H"," ","U",300,"H"," ","U",333,"H"," ","U",328,"H"," ","U",317,"H"," ","U",322,"H"," ","U",317,"H"," ","U",317,"H"," ","U",339,"H"," ","U",322,"H"," ","U",333,"H"," ","U",350,"H"," ","U",333,"H"," ","U",311,"H"," ","U",317,"H"," ","U"
"56","USR0000CPIE",1988,8,"TMIN",139,"H"," ","U",144,"H"," ","U",106,"H"," ","U",133,"H"," ","U",117,"H"," ","U",94,"H"," ","U",78,"H"," ","U",106,"H"," ","U",122,"H"," ","U",133,"H"," ","U",128,"H"," ","U",106,"H"," ","U",89,"H"," ","U",83,"H"," ","U",67,"H"," ","U",67,"H"," ","U",83,"H"," ","U",83,"H"," ","U",128,"H"," ","U",144,"H"," ","U",144,"H"," ","U",144,"H"," ","U",150,"H"," ","U",161,"H"," ","U",139,"H"," ","U",150,"H"," ","U",150,"H"," ","U",156,"H"," ","U",161,"H"," ","U",150,"H"," ","U",133,"H"," ","U"
"57","USR0000CPIE",1988,8,"TAVG",223," "," ","U",199," "," ","U",206," "," ","U",221," "," ","U",199," "," ","U",171," "," ","U",183," "," ","U",195," "," ","U",207," "," ","U",209," "," ","U",196," "," ","U",175," "," ","U",157," "," ","U",154," "," ","U",144," "," ","U",181," "," ","U",182," "," ","U",203," "," ","U",232," "," ","U",223," "," ","U",241," "," ","U",230," "," ","U",234," "," ","U",231," "," ","U",240," "," ","U",239," "," ","U",244," "," ","U",249," "," ","U",246," "," ","U",231," "," ","U",231," "," ","U"
"58","USR0000CPIE",1988,9,"TMAX",328,"H"," ","U",333,"H"," ","U",350,"H"," ","U",350,"H"," ","U",344,"H"," ","U",317,"H"," ","U",300,"H"," ","U",306,"H"," ","U",283,"H"," ","U",261,"H"," ","U",172,"H"," ","U",167,"H"," ","U",244,"H"," ","U",272,"H"," ","U",239,"H"," ","U",228,"H"," ","U",206,"H"," ","U",194,"H"," ","U",172,"H"," ","U",150,"H"," ","U",194,"H"," ","U",250,"H"," ","U",222,"H"," ","U",217,"H"," ","U",194,"H"," ","U",211,"H"," ","U",200,"H"," ","U",206,"H"," ","U",256,"H"," ","U",283,"H"," ","U",NA," "," "," "
"59","USR0000CPIE",1988,9,"TMIN",144,"H"," ","U",150,"H"," ","U",156,"H"," ","U",161,"H"," ","U",172,"H"," ","U",150,"H"," ","U",106,"H"," ","U",117,"H"," ","U",128,"H"," ","U",89,"H"," ","U",44,"H"," ","U",44,"H"," ","U",50,"H"," ","U",67,"H"," ","U",83,"H"," ","U",78,"H"," ","U",22,"H"," ","U",17,"H"," ","U",28,"H"," ","U",33,"H"," ","U",22,"H"," ","U",39,"H"," ","U",72,"H"," ","U",56,"H"," ","U",83,"H"," ","U",61,"H"," ","U",61,"H"," ","U",78,"H"," ","U",106,"H"," ","U",111,"H"," ","U",NA," "," "," "
"60","USR0000CPIE",1988,9,"TAVG",236," "," ","U",246," "," ","U",256," "," ","U",254," "," ","U",250," "," ","U",213," "," ","U",213," "," ","U",214," "," ","U",200," "," ","U",168," "," ","U",110," "," ","U",104," "," ","U",146," "," ","U",168," "," ","U",156," "," ","U",151," "," ","U",113," "," ","U",96," "," ","U",89," "," ","U",79," "," ","U",106," "," ","U",143," "," ","U",143," "," ","U",136," "," ","U",127," "," ","U",125," "," ","U",124," "," ","U",144," "," ","U",179," "," ","U",190," "," ","U",NA," "," "," "
"61","USR0000CPIE",1988,10,"TMAX",278,"H"," ","U",261,"H"," ","U",250,"H"," ","U",233,"H"," ","U",244,"H"," ","U",256,"H"," ","U",239,"H"," ","U",250,"H"," ","U",250,"H"," ","U",256,"H"," ","U",167,"H"," ","U",183,"H"," ","U",139,"H"," ","U",194,"H"," ","U",222,"H"," ","U",256,"H"," ","U",283,"H"," ","U",261,"H"," ","U",239,"H"," ","U",233,"H"," ","U",239,"H"," ","U",NA," "," "," ",217,"H"," ","U",239,"H"," ","U",256,"H"," ","U",222,"H"," ","U",211,"H"," ","U",139,"H"," ","U",194,"H"," ","U",228,"H"," ","U",206,"H"," ","U"
"62","USR0000CPIE",1988,10,"TMIN",111,"H"," ","U",94,"H"," ","U",117,"H"," ","U",100,"H"," ","U",72,"H"," ","U",61,"H"," ","U",56,"H"," ","U",83,"H"," ","U",111,"H"," ","U",89,"H"," ","U",44,"H"," ","U",17,"H"," ","U",39,"H"," ","U",17,"H"," ","U",44,"H"," ","U",78,"H"," ","U",89,"H"," ","U",94,"H"," ","U",67,"H"," ","U",67,"H"," ","U",67,"H"," ","U",NA," "," "," ",106,"H"," ","U",72,"H"," ","U",83,"H"," ","U",67,"H"," ","U",67,"H"," ","U",72,"H"," ","U",22,"H"," ","U",33,"H"," ","U",56,"H"," ","U"
"63","USR0000CPIE",1988,10,"TAVG",187," "," ","U",179," "," ","U",163," "," ","U",151," "," ","U",150," "," ","U",150," "," ","U",145," "," ","U",166," "," ","U",186," "," ","U",164," "," ","U",99," "," ","U",98," "," ","U",86," "," ","U",102," "," ","U",134," "," ","U",161," "," ","U",175," "," ","U",173," "," ","U",145," "," ","U",137," "," ","U",139," "," ","U",NA," "," "," ",139," "," ","U",148," "," ","U",151," "," ","U",139," "," ","U",136," "," ","U",89," "," ","U",105," "," ","U",117," "," ","U",123," "," ","U"
"64","USR0000CPIE",1988,11,"TMAX",144,"H"," ","U",61,"H"," ","U",100,"H"," ","U",161,"H"," ","U",189,"H"," ","U",122,"H"," ","U",83,"H"," ","U",NA," "," "," ",NA," "," "," ",28,"H"," ","U",61,"H"," ","U",44,"H"," ","U",44,"H"," ","U",2167,"H","X","U",NA," "," "," ",NA," "," "," ",NA," "," "," ",NA," "," "," ",NA," "," "," ",NA," "," "," ",NA," "," "," ",NA," "," "," ",NA," "," "," ",NA," "," "," ",NA," "," "," ",NA," "," "," ",NA," "," "," ",NA," "," "," ",NA," "," "," ",NA," "," "," ",NA," "," "," "
"65","USR0000CPIE",1988,11,"TMIN",61,"H"," ","U",22,"H"," ","U",44,"H"," ","U",44,"H"," ","U",44,"H"," ","U",11,"H"," ","U",-6,"H"," ","U",NA," "," "," ",NA," "," "," ",6,"H"," ","U",-6,"H"," ","U",11,"H"," ","U",-28,"H"," ","U",-39,"H"," ","U",NA," "," "," ",NA," "," "," ",NA," "," "," ",NA," "," "," ",NA," "," "," ",NA," "," "," ",NA," "," "," ",NA," "," "," ",NA," "," "," ",NA," "," "," ",NA," "," "," ",NA," "," "," ",NA," "," "," ",NA," "," "," ",NA," "," "," ",NA," "," "," ",NA," "," "," "
"66","USR0000CPIE",1988,11,"TAVG",98," "," ","U",43," "," ","U",68," "," ","U",92," "," ","U",106," "," ","U",61," "," ","U",31," "," ","U",NA," "," "," ",NA," "," "," ",13," "," ","U",23," "," ","U",27," "," ","U",2," "," ","U",153," "," ","U",NA," "," "," ",NA," "," "," ",NA," "," "," ",NA," "," "," ",NA," "," "," ",NA," "," "," ",NA," "," "," ",NA," "," "," ",NA," "," "," ",NA," "," "," ",NA," "," "," ",NA," "," "," ",NA," "," "," ",NA," "," "," ",NA," "," "," ",NA," "," "," ",NA," "," "," "
"67","USR0000CPIE",1989,4,"TMAX",NA," "," "," ",NA," "," "," ",NA," "," "," ",NA," "," "," ",NA," "," "," ",NA," "," "," ",261,"H"," ","U",239,"H"," ","U",250,"H"," ","U",211,"H"," ","U",194,"H"," ","U",194,"H"," ","U",222,"H"," ","U",206,"H"," ","U",200,"H"," ","U",200,"H"," ","U",222,"H"," ","U",233,"H"," ","U",206,"H"," ","U",161,"H"," ","U",78,"H"," ","U",56,"H"," ","U",33,"H"," ","U",56,"H"," ","U",56,"H"," ","U",94,"H"," ","U",111,"H"," ","U",133,"H"," ","U",167,"H"," ","U",106,"H"," ","U",NA," "," "," "
"68","USR0000CPIE",1989,4,"TMIN",NA," "," "," ",NA," "," "," ",NA," "," "," ",NA," "," "," ",NA," "," "," ",NA," "," "," ",106,"H"," ","U",56,"H"," ","U",50,"H"," ","U",78,"H"," ","U",28,"H"," ","U",67,"H"," ","U",50,"H"," ","U",78,"H"," ","U",78,"H"," ","U",33,"H"," ","U",56,"H"," ","U",61,"H"," ","U",67,"H"," ","U",44,"H"," ","U",-11,"H"," ","U",-22,"H"," ","U",-50,"H"," ","U",-67,"H"," ","U",-28,"H"," ","U",-22,"H"," ","U",-39,"H"," ","U",-6,"H"," ","U",22,"H"," ","U",39,"H"," ","U",NA," "," "," "
"69","USR0000CPIE",1989,4,"TAVG",NA," "," "," ",NA," "," "," ",NA," "," "," ",NA," "," "," ",NA," "," "," ",NA," "," "," ",177," "," ","U",151," "," ","U",152," "," ","U",134," "," ","U",108," "," ","U",119," "," ","U",137," "," ","U",132," "," ","U",129," "," ","U",122," "," ","U",139," "," ","U",143," "," ","U",149," "," ","U",111," "," ","U",35," "," ","U",8," "," ","U",-11," "," ","U",-14," "," ","U",3," "," ","U",17," "," ","U",34," "," ","U",77," "," ","U",100," "," ","U",76," "," ","U",NA," "," "," "
"70","USR0000CPIE",1989,5,"TMAX",172,"H"," ","U",183,"H"," ","U",194,"H"," ","U",228,"H"," ","U",228,"H"," ","U",233,"H"," ","U",239,"H"," ","U",222,"H"," ","U",156,"H"," ","U",3178,"H","X","U",144,"H"," ","U",150,"H"," ","U",128,"H"," ","U",161,"H"," ","U",167,"H"," ","U",222,"H"," ","U",194,"H"," ","U",128,"H"," ","U",172,"H"," ","U",178,"H"," ","U",172,"H"," ","U",156,"H"," ","U",72,"H"," ","U",94,"H"," ","U",161,"H"," ","U",200,"H"," ","U",161,"H"," ","U",67,"H"," ","U",111,"H"," ","U",144,"H"," ","U",189,"H"," ","U"
"71","USR0000CPIE",1989,5,"TMIN",11,"H"," ","U",17,"H"," ","U",33,"H"," ","U",56,"H"," ","U",78,"H"," ","U",78,"H"," ","U",94,"H"," ","U",100,"H"," ","U",39,"H"," ","U",17,"H"," ","U",-6,"H"," ","U",0,"H"," ","U",11,"H"," ","U",17,"H"," ","U",17,"H"," ","U",39,"H"," ","U",50,"H"," ","U",17,"H"," ","U",-6,"H"," ","U",39,"H"," ","U",44,"H"," ","U",28,"H"," ","U",-6,"H"," ","U",-6,"H"," ","U",-17,"H"," ","U",17,"H"," ","U",0,"H"," ","U",0,"H"," ","U",-6,"H"," ","U",-17,"H"," ","U",44,"H"," ","U"
"72","USR0000CPIE",1989,5,"TAVG",97," "," ","U",101," "," ","U",120," "," ","U",144," "," ","U",136," "," ","U",159," "," ","U",171," "," ","U",161," "," ","U",90," "," ","U",357," "," ","U",68," "," ","U",66," "," ","U",71," "," ","U",62," "," ","U",96," "," ","U",129," "," ","U",127," "," ","U",68," "," ","U",95," "," ","U",109," "," ","U",105," "," ","U",89," "," ","U",23," "," ","U",41," "," ","U",73," "," ","U",113," "," ","U",85," "," ","U",24," "," ","U",38," "," ","U",63," "," ","U",128," "," ","U"
"73","USR0000CPIE",1989,6,"TMAX",228,"H"," ","U",250,"H"," ","U",222,"H"," ","U",183,"H"," ","U",200,"H"," ","U",233,"H"," ","U",217,"H"," ","U",250,"H"," ","U",233,"H"," ","U",250,"H"," ","U",244,"H"," ","U",261,"H"," ","U",261,"H"," ","U",256,"H"," ","U",217,"H"," ","U",200,"H"," ","U",239,"H"," ","U",250,"H"," ","U",222,"H"," ","U",178,"H"," ","U",211,"H"," ","U",278,"H"," ","U",206,"H"," ","U",244,"H"," ","U",256,"H"," ","U",244,"H"," ","U",200,"H"," ","U",183,"H"," ","U",189,"H"," ","U",178,"H"," ","U",NA," "," "," "
"74","USR0000CPIE",1989,6,"TMIN",50,"H"," ","U",83,"H"," ","U",83,"H"," ","U",78,"H"," ","U",72,"H"," ","U",78,"H"," ","U",67,"H"," ","U",61,"H"," ","U",89,"H"," ","U",83,"H"," ","U",106,"H"," ","U",94,"H"," ","U",106,"H"," ","U",100,"H"," ","U",83,"H"," ","U",72,"H"," ","U",56,"H"," ","U",89,"H"," ","U",83,"H"," ","U",67,"H"," ","U",67,"H"," ","U",100,"H"," ","U",100,"H"," ","U",111,"H"," ","U",100,"H"," ","U",94,"H"," ","U",72,"H"," ","U",72,"H"," ","U",72,"H"," ","U",72,"H"," ","U",NA," "," "," "
"75","USR0000CPIE",1989,6,"TAVG",156," "," ","U",193," "," ","U",150," "," ","U",114," "," ","U",121," "," ","U",149," "," ","U",128," "," ","U",161," "," ","U",162," "," ","U",169," "," ","U",173," "," ","U",184," "," ","U",187," "," ","U",183," "," ","U",149," "," ","U",129," "," ","U",156," "," ","U",173," "," ","U",150," "," ","U",126," "," ","U",144," "," ","U",190," "," ","U",154," "," ","U",171," "," ","U",178," "," ","U",173," "," ","U",141," "," ","U",122," "," ","U",122," "," ","U",115," "," ","U",NA," "," "," "
"76","USR0000CPIE",1989,7,"TMAX",211,"H"," ","U",250,"H"," ","U",261,"H"," ","U",261,"H"," ","U",261,"H"," ","U",294,"H"," ","U",294,"H"," ","U",278,"H"," ","U",250,"H"," ","U",244,"H"," ","U",261,"H"," ","U",261,"H"," ","U",283,"H"," ","U",283,"H"," ","U",239,"H"," ","U",228,"H"," ","U",267,"H"," ","U",311,"H"," ","U",322,"H"," ","U",294,"H"," ","U",283,"H"," ","U",278,"H"," ","U",278,"H"," ","U",272,"H"," ","U",289,"H"," ","U",272,"H"," ","U",278,"H"," ","U",272,"H"," ","U",261,"H"," ","U",250,"H"," ","U",211,"H"," ","U"
"77","USR0000CPIE",1989,7,"TMIN",28,"H"," ","U",61,"H"," ","U",83,"H"," ","U",94,"H"," ","U",83,"H"," ","U",106,"H"," ","U",150,"H"," ","U",139,"H"," ","U",83,"H"," ","U",72,"H"," ","U",78,"H"," ","U",122,"H"," ","U",106,"H"," ","U",100,"H"," ","U",83,"H"," ","U",100,"H"," ","U",89,"H"," ","U",111,"H"," ","U",139,"H"," ","U",133,"H"," ","U",117,"H"," ","U",106,"H"," ","U",122,"H"," ","U",133,"H"," ","U",100,"H"," ","U",128,"H"," ","U",83,"H"," ","U",78,"H"," ","U",106,"H"," ","U",111,"H"," ","U",83,"H"," ","U"
"78","USR0000CPIE",1989,7,"TAVG",129," "," ","U",163," "," ","U",181," "," ","U",182," "," ","U",188," "," ","U",212," "," ","U",238," "," ","U",216," "," ","U",175," "," ","U",183," "," ","U",182," "," ","U",192," "," ","U",195," "," ","U",193," "," ","U",176," "," ","U",162," "," ","U",187," "," ","U",219," "," ","U",236," "," ","U",223," "," ","U",198," "," ","U",202," "," ","U",204," "," ","U",202," "," ","U",208," "," ","U",204," "," ","U",186," "," ","U",186," "," ","U",183," "," ","U",172," "," ","U",134," "," ","U"
"79","USR0000CPIE",1989,8,"TMAX",222,"H"," ","U",239,"H"," ","U",267,"H"," ","U",272,"H"," ","U",278,"H"," ","U",283,"H"," ","U",272,"H"," ","U",228,"H"," ","U",250,"H"," ","U",250,"H"," ","U",250,"H"," ","U",244,"H"," ","U",289,"H"," ","U",294,"H"," ","U",283,"H"," ","U",272,"H"," ","U",250,"H"," ","U",272,"H"," ","U",278,"H"," ","U",233,"H"," ","U",256,"H"," ","U",217,"H"," ","U",156,"H"," ","U",194,"H"," ","U",233,"H"," ","U",250,"H"," ","U",267,"H"," ","U",272,"H"," ","U",233,"H"," ","U",211,"H"," ","U",256,"H"," ","U"
"80","USR0000CPIE",1989,8,"TMIN",61,"H"," ","U",61,"H"," ","U",72,"H"," ","U",78,"H"," ","U",106,"H"," ","U",111,"H"," ","U",122,"H"," ","U",128,"H"," ","U",106,"H"," ","U",94,"H"," ","U",106,"H"," ","U",111,"H"," ","U",67,"H"," ","U",100,"H"," ","U",100,"H"," ","U",100,"H"," ","U",89,"H"," ","U",78,"H"," ","U",94,"H"," ","U",106,"H"," ","U",83,"H"," ","U",94,"H"," ","U",56,"H"," ","U",22,"H"," ","U",50,"H"," ","U",67,"H"," ","U",72,"H"," ","U",89,"H"," ","U",56,"H"," ","U",44,"H"," ","U",61,"H"," ","U"
"81","USR0000CPIE",1989,8,"TAVG",137," "," ","U",156," "," ","U",177," "," ","U",188," "," ","U",198," "," ","U",209," "," ","U",179," "," ","U",161," "," ","U",182," "," ","U",171," "," ","U",183," "," ","U",176," "," ","U",188," "," ","U",203," "," ","U",193," "," ","U",192," "," ","U",173," "," ","U",176," "," ","U",188," "," ","U",155," "," ","U",171," "," ","U",152," "," ","U",106," "," ","U",126," "," ","U",148," "," ","U",161," "," ","U",172," "," ","U",181," "," ","U",153," "," ","U",123," "," ","U",159," "," ","U"
"82","USR0000CPIE",1989,9,"TMAX",222,"H"," ","U",250,"H"," ","U",272,"H"," ","U",272,"H"," ","U",256,"H"," ","U",217,"H"," ","U",217,"H"," ","U",256,"H"," ","U",267,"H"," ","U",256,"H"," ","U",244,"H"," ","U",222,"H"," ","U",261,"H"," ","U",261,"H"," ","U",267,"H"," ","U",222,"H"," ","U",72,"H"," ","U",117,"H"," ","U",194,"H"," ","U",211,"H"," ","U",233,"H"," ","U",256,"H"," ","U",261,"H"," ","U",267,"H"," ","U",211,"H"," ","U",189,"H"," ","U",217,"H"," ","U",239,"H"," ","U",144,"H"," ","U",161,"H"," ","U",NA," "," "," "
"83","USR0000CPIE",1989,9,"TMIN",72,"H"," ","U",61,"H"," ","U",83,"H"," ","U",89,"H"," ","U",83,"H"," ","U",50,"H"," ","U",44,"H"," ","U",50,"H"," ","U",78,"H"," ","U",94,"H"," ","U",78,"H"," ","U",72,"H"," ","U",78,"H"," ","U",94,"H"," ","U",100,"H"," ","U",78,"H"," ","U",33,"H"," ","U",33,"H"," ","U",22,"H"," ","U",44,"H"," ","U",67,"H"," ","U",100,"H"," ","U",100,"H"," ","U",94,"H"," ","U",83,"H"," ","U",72,"H"," ","U",67,"H"," ","U",78,"H"," ","U",56,"H"," ","U",33,"H"," ","U",NA," "," "," "
"84","USR0000CPIE",1989,9,"TAVG",149," "," ","U",159," "," ","U",178," "," ","U",184," "," ","U",178," "," ","U",116," "," ","U",124," "," ","U",161," "," ","U",165," "," ","U",169," "," ","U",160," "," ","U",151," "," ","U",181," "," ","U",177," "," ","U",188," "," ","U",122," "," ","U",54," "," ","U",61," "," ","U",107," "," ","U",129," "," ","U",156," "," ","U",174," "," ","U",172," "," ","U",173," "," ","U",144," "," ","U",113," "," ","U",137," "," ","U",146," "," ","U",91," "," ","U",75," "," ","U",NA," "," "," "
"85","USR0000CPIE",1989,10,"TMAX",183,"H"," ","U",78,"H"," ","U",128,"H"," ","U",172,"H"," ","U",194,"H"," ","U",211,"H"," ","U",217,"H"," ","U",250,"H"," ","U",272,"H"," ","U",222,"H"," ","U",217,"H"," ","U",206,"H"," ","U",200,"H"," ","U",194,"H"," ","U",194,"H"," ","U",200,"H"," ","U",228,"H"," ","U",200,"H"," ","U",194,"H"," ","U",161,"H"," ","U",61,"H"," ","U",72,"H"," ","U",56,"H"," ","U",39,"H"," ","U",NA," "," "," ",NA," "," "," ",NA," "," "," ",NA," "," "," ",NA," "," "," ",NA," "," "," ",NA," "," "," "
"86","USR0000CPIE",1989,10,"TMIN",17,"H"," ","U",22,"H"," ","U",-17,"H"," ","U",-17,"H"," ","U",22,"H"," ","U",33,"H"," ","U",44,"H"," ","U",50,"H"," ","U",72,"H"," ","U",78,"H"," ","U",56,"H"," ","U",89,"H"," ","U",56,"H"," ","U",22,"H"," ","U",22,"H"," ","U",28,"H"," ","U",44,"H"," ","U",61,"H"," ","U",67,"H"," ","U",50,"H"," ","U",39,"H"," ","U",33,"H"," ","U",0,"H"," ","U",0,"H"," ","U",NA," "," "," ",NA," "," "," ",NA," "," "," ",NA," "," "," ",NA," "," "," ",NA," "," "," ",NA," "," "," "
"87","USR0000CPIE",1989,10,"TAVG",92," "," ","U",49," "," ","U",52," "," ","U",77," "," ","U",104," "," ","U",117," "," ","U",127," "," ","U",142," "," ","U",168," "," ","U",142," "," ","U",128," "," ","U",149," "," ","U",119," "," ","U",107," "," ","U",104," "," ","U",111," "," ","U",126," "," ","U",129," "," ","U",121," "," ","U",98," "," ","U",47," "," ","U",52," "," ","U",22," "," ","U",26," "," ","U",NA," "," "," ",NA," "," "," ",NA," "," "," ",NA," "," "," ",NA," "," "," ",NA," "," "," ",NA," "," "," "
"88","USR0000CPIE",1990,5,"TMAX",NA," "," "," ",NA," "," "," ",NA," "," "," ",NA," "," "," ",NA," "," "," ",NA," "," "," ",NA," "," "," ",NA," "," "," ",NA," "," "," ",NA," "," "," ",NA," "," "," ",NA," "," "," ",NA," "," "," ",NA," "," "," ",172,"H"," ","U",194,"H"," ","U",178,"H"," ","U",156,"H"," ","U",94,"H"," ","U",67,"H"," ","U",122,"H"," ","U",144,"H"," ","U",50,"H"," ","U",2067,"H","X","U",144,"H"," ","U",100,"H"," ","U",72,"H"," ","U",89,"H"," ","U",100,"H"," ","U",56,"H"," ","U",56,"H"," ","U"
"89","USR0000CPIE",1990,5,"TMIN",NA," "," "," ",NA," "," "," ",NA," "," "," ",NA," "," "," ",NA," "," "," ",NA," "," "," ",NA," "," "," ",NA," "," "," ",NA," "," "," ",NA," "," "," ",NA," "," "," ",NA," "," "," ",NA," "," "," ",NA," "," "," ",50,"H"," ","U",11,"H"," ","U",50,"H"," ","U",11,"H"," ","U",0,"H"," ","U",0,"H"," ","U",33,"H"," ","U",50,"H"," ","U",0,"H"," ","U",-6,"H"," ","U",0,"H"," ","U",28,"H"," ","U",44,"H"," ","U",33,"H"," ","U",28,"H"," ","U",-6,"H"," ","U",-17,"H"," ","U"
"90","USR0000CPIE",1990,5,"TAVG",NA," "," "," ",NA," "," "," ",NA," "," "," ",NA," "," "," ",NA," "," "," ",NA," "," "," ",NA," "," "," ",NA," "," "," ",NA," "," "," ",NA," "," "," ",NA," "," "," ",NA," "," "," ",NA," "," "," ",NA," "," "," ",116," "," ","U",108," "," ","U",108," "," ","U",84," "," ","U",42," "," ","U",38," "," ","U",80," "," ","U",92," "," ","U",22," "," ","U",216," "," ","U",72," "," ","U",60," "," ","U",58," "," ","U",61," "," ","U",66," "," ","U",22," "," ","U",14," "," ","U"
"91","USR0000CPIE",1990,6,"TMAX",128,"H"," ","U",183,"H"," ","U",183,"H"," ","U",206,"H"," ","U",200,"H"," ","U",178,"H"," ","U",244,"H"," ","U",267,"H"," ","U",222,"H"," ","U",167,"H"," ","U",194,"H"," ","U",183,"H"," ","U",133,"H"," ","U",167,"H"," ","U",172,"H"," ","U",194,"H"," ","U",200,"H"," ","U",200,"H"," ","U",250,"H"," ","U",300,"H"," ","U",294,"H"," ","U",244,"H"," ","U",256,"H"," ","U",244,"H"," ","U",239,"H"," ","U",239,"H"," ","U",222,"H"," ","U",261,"H"," ","U",261,"H"," ","U",261,"H"," ","U",NA," "," "," "
"92","USR0000CPIE",1990,6,"TMIN",-39,"H"," ","U",44,"H"," ","U",72,"H"," ","U",72,"H"," ","U",61,"H"," ","U",83,"H"," ","U",67,"H"," ","U",94,"H"," ","U",83,"H"," ","U",61,"H"," ","U",33,"H"," ","U",44,"H"," ","U",22,"H"," ","U",6,"H"," ","U",56,"H"," ","U",33,"H"," ","U",39,"H"," ","U",50,"H"," ","U",106,"H"," ","U",139,"H"," ","U",128,"H"," ","U",122,"H"," ","U",72,"H"," ","U",111,"H"," ","U",83,"H"," ","U",83,"H"," ","U",83,"H"," ","U",72,"H"," ","U",94,"H"," ","U",106,"H"," ","U",NA," "," "," "
"93","USR0000CPIE",1990,6,"TAVG",49," "," ","U",116," "," ","U",128," "," ","U",138," "," ","U",133," "," ","U",124," "," ","U",157," "," ","U",184," "," ","U",163," "," ","U",117," "," ","U",116," "," ","U",114," "," ","U",66," "," ","U",97," "," ","U",108," "," ","U",119," "," ","U",123," "," ","U",138," "," ","U",184," "," ","U",221," "," ","U",218," "," ","U",189," "," ","U",172," "," ","U",173," "," ","U",169," "," ","U",166," "," ","U",159," "," ","U",178," "," ","U",184," "," ","U",192," "," ","U",NA," "," "," "
"94","USR0000CPIE",1990,7,"TMAX",250,"H"," ","U",200,"H"," ","U",228,"H"," ","U",217,"H"," ","U",200,"H"," ","U",244,"H"," ","U",272,"H"," ","U",261,"H"," ","U",278,"H"," ","U",311,"H"," ","U",311,"H"," ","U",300,"H"," ","U",322,"H"," ","U",317,"H"," ","U",328,"H"," ","U",294,"H"," ","U",278,"H"," ","U",294,"H"," ","U",272,"H"," ","U",283,"H"," ","U",311,"H"," ","U",294,"H"," ","U",261,"H"," ","U",222,"H"," ","U",222,"H"," ","U",272,"H"," ","U",306,"H"," ","U",311,"H"," ","U",311,"H"," ","U",294,"H"," ","U",300,"H"," ","U"
"95","USR0000CPIE",1990,7,"TMIN",133,"H"," ","U",83,"H"," ","U",50,"H"," ","U",83,"H"," ","U",78,"H"," ","U",83,"H"," ","U",72,"H"," ","U",89,"H"," ","U",100,"H"," ","U",128,"H"," ","U",150,"H"," ","U",156,"H"," ","U",161,"H"," ","U",150,"H"," ","U",150,"H"," ","U",167,"H"," ","U",144,"H"," ","U",122,"H"," ","U",133,"H"," ","U",122,"H"," ","U",133,"H"," ","U",133,"H"," ","U",133,"H"," ","U",111,"H"," ","U",89,"H"," ","U",83,"H"," ","U",111,"H"," ","U",128,"H"," ","U",133,"H"," ","U",128,"H"," ","U",117,"H"," ","U"
"96","USR0000CPIE",1990,7,"TAVG",190," "," ","U",144," "," ","U",150," "," ","U",150," "," ","U",135," "," ","U",156," "," ","U",181," "," ","U",187," "," ","U",200," "," ","U",209," "," ","U",237," "," ","U",224," "," ","U",231," "," ","U",226," "," ","U",232," "," ","U",227," "," ","U",201," "," ","U",193," "," ","U",199," "," ","U",211," "," ","U",226," "," ","U",216," "," ","U",186," "," ","U",159," "," ","U",155," "," ","U",183," "," ","U",214," "," ","U",229," "," ","U",229," "," ","U",214," "," ","U",215," "," ","U"
"97","USR0000CPIE",1990,8,"TMAX",306,"H"," ","U",306,"H"," ","U",311,"H"," ","U",333,"H"," ","U",333,"H"," ","U",344,"H"," ","U",333,"H"," ","U",317,"H"," ","U",300,"H"," ","U",306,"H"," ","U",289,"H"," ","U",300,"H"," ","U",311,"H"," ","U",300,"H"," ","U",250,"H"," ","U",222,"H"," ","U",200,"H"," ","U",172,"H"," ","U",150,"H"," ","U",183,"H"," ","U",228,"H"," ","U",244,"H"," ","U",261,"H"," ","U",217,"H"," ","U",156,"H"," ","U",156,"H"," ","U",217,"H"," ","U",256,"H"," ","U",244,"H"," ","U",228,"H"," ","U",261,"H"," ","U"
"98","USR0000CPIE",1990,8,"TMIN",128,"H"," ","U",128,"H"," ","U",139,"H"," ","U",139,"H"," ","U",144,"H"," ","U",167,"H"," ","U",183,"H"," ","U",144,"H"," ","U",133,"H"," ","U",144,"H"," ","U",139,"H"," ","U",117,"H"," ","U",133,"H"," ","U",133,"H"," ","U",106,"H"," ","U",100,"H"," ","U",72,"H"," ","U",50,"H"," ","U",50,"H"," ","U",44,"H"," ","U",44,"H"," ","U",72,"H"," ","U",100,"H"," ","U",72,"H"," ","U",56,"H"," ","U",39,"H"," ","U",72,"H"," ","U",83,"H"," ","U",100,"H"," ","U",83,"H"," ","U",67,"H"," ","U"
"99","USR0000CPIE",1990,8,"TAVG",218," "," ","U",223," "," ","U",231," "," ","U",237," "," ","U",249," "," ","U",244," "," ","U",228," "," ","U",202," "," ","U",224," "," ","U",225," "," ","U",213," "," ","U",219," "," ","U",225," "," ","U",207," "," ","U",178," "," ","U",151," "," ","U",138," "," ","U",117," "," ","U",88," "," ","U",107," "," ","U",138," "," ","U",164," "," ","U",181," "," ","U",147," "," ","U",99," "," ","U",96," "," ","U",143," "," ","U",171," "," ","U",163," "," ","U",148," "," ","U",164," "," ","U"
"100","USR0000CPIE",1990,9,"TMAX",267,"H"," ","U",256,"H"," ","U",244,"H"," ","U",267,"H"," ","U",267,"H"," ","U",272,"H"," ","U",261,"H"," ","U",272,"H"," ","U",300,"H"," ","U",294,"H"," ","U",278,"H"," ","U",261,"H"," ","U",283,"H"," ","U",211,"H"," ","U",206,"H"," ","U",222,"H"," ","U",217,"H"," ","U",250,"H"," ","U",233,"H"," ","U",217,"H"," ","U",239,"H"," ","U",233,"H"," ","U",194,"H"," ","U",189,"H"," ","U",133,"H"," ","U",144,"H"," ","U",200,"H"," ","U",233,"H"," ","U",244,"H"," ","U",272,"H"," ","U",NA," "," "," "
"101","USR0000CPIE",1990,9,"TMIN",94,"H"," ","U",72,"H"," ","U",106,"H"," ","U",89,"H"," ","U",133,"H"," ","U",117,"H"," ","U",122,"H"," ","U",89,"H"," ","U",78,"H"," ","U",122,"H"," ","U",117,"H"," ","U",117,"H"," ","U",78,"H"," ","U",78,"H"," ","U",50,"H"," ","U",44,"H"," ","U",61,"H"," ","U",72,"H"," ","U",72,"H"," ","U",94,"H"," ","U",89,"H"," ","U",106,"H"," ","U",67,"H"," ","U",33,"H"," ","U",44,"H"," ","U",50,"H"," ","U",50,"H"," ","U",100,"H"," ","U",122,"H"," ","U",106,"H"," ","U",NA," "," "," "
"102","USR0000CPIE",1990,9,"TAVG",174," "," ","U",165," "," ","U",167," "," ","U",176," "," ","U",192," "," ","U",192," "," ","U",186," "," ","U",180," "," ","U",204," "," ","U",210," "," ","U",193," "," ","U",177," "," ","U",175," "," ","U",147," "," ","U",125," "," ","U",132," "," ","U",138," "," ","U",150," "," ","U",151," "," ","U",156," "," ","U",170," "," ","U",171," "," ","U",126," "," ","U",105," "," ","U",70," "," ","U",80," "," ","U",114," "," ","U",168," "," ","U",181," "," ","U",184," "," ","U",NA," "," "," "
"103","USR0000CPIE",1990,10,"TMAX",250,"H"," ","U",200,"H"," ","U",211,"H"," ","U",233,"H"," ","U",194,"H"," ","U",122,"H"," ","U",100,"H"," ","U",150,"H"," ","U",217,"H"," ","U",211,"H"," ","U",206,"H"," ","U",200,"H"," ","U",211,"H"," ","U",222,"H"," ","U",200,"H"," ","U",156,"H"," ","U",189,"H"," ","U",111,"H"," ","U",83,"H"," ","U",150,"H"," ","U",194,"H"," ","U",178,"H"," ","U",222,"H"," ","U",233,"H"," ","U",200,"H"," ","U",206,"H"," ","U",206,"H"," ","U",172,"H"," ","U",167,"H"," ","U",156,"H"," ","U",61,"H"," ","U"
"104","USR0000CPIE",1990,10,"TMIN",94,"H"," ","U",67,"H"," ","U",50,"H"," ","U",94,"H"," ","U",72,"H"," ","U",6,"H"," ","U",0,"H"," ","U",0,"H"," ","U",22,"H"," ","U",39,"H"," ","U",6,"H"," ","U",22,"H"," ","U",72,"H"," ","U",39,"H"," ","U",89,"H"," ","U",17,"H"," ","U",0,"H"," ","U",17,"H"," ","U",-17,"H"," ","U",-28,"H"," ","U",6,"H"," ","U",56,"H"," ","U",22,"H"," ","U",61,"H"," ","U",89,"H"," ","U",50,"H"," ","U",50,"H"," ","U",78,"H"," ","U",50,"H"," ","U",39,"H"," ","U",-22,"H"," ","U"
"105","USR0000CPIE",1990,10,"TAVG",173," "," ","U",127," "," ","U",133," "," ","U",159," "," ","U",132," "," ","U",66," "," ","U",47," "," ","U",76," "," ","U",117," "," ","U",117," "," ","U",97," "," ","U",114," "," ","U",130," "," ","U",133," "," ","U",134," "," ","U",91," "," ","U",96," "," ","U",59," "," ","U",27," "," ","U",49," "," ","U",94," "," ","U",108," "," ","U",118," "," ","U",144," "," ","U",136," "," ","U",127," "," ","U",124," "," ","U",117," "," ","U",99," "," ","U",84," "," ","U",24," "," ","U"
"106","USR0000CPIE",1990,11,"TMAX",28,"H"," ","U",39,"H"," ","U",122,"H"," ","U",156,"H"," ","U",83,"H"," ","U",44,"H"," ","U",150,"H"," ","U",172,"H"," ","U",194,"H"," ","U",233,"H"," ","U",211,"H"," ","U",200,"H"," ","U",167,"H"," ","U",61,"H"," ","U",78,"H"," ","U",128,"H"," ","U",122,"H"," ","U",94,"H"," ","U",72,"H"," ","U",39,"H"," ","U",61,"H"," ","U",122,"H"," ","U",172,"H"," ","U",178,"H"," ","U",83,"H"," ","U",0,"H"," ","U",67,"H"," ","U",89,"H"," ","U",111,"H"," ","U",100,"H"," ","U",NA," "," "," "
"107","USR0000CPIE",1990,11,"TMIN",-50,"H"," ","U",-61,"H"," ","U",-44,"H"," ","U",-11,"H"," ","U",-22,"H"," ","U",-39,"H"," ","U",-56,"H"," ","U",22,"H"," ","U",-6,"H"," ","U",28,"H"," ","U",39,"H"," ","U",50,"H"," ","U",61,"H"," ","U",-33,"H"," ","U",-56,"H"," ","U",-11,"H"," ","U",33,"H"," ","U",11,"H"," ","U",-28,"H"," ","U",-83,"H"," ","U",-33,"H"," ","U",-56,"H"," ","U",-6,"H"," ","U",11,"H"," ","U",-56,"H"," ","U",-100,"H"," ","U",-122,"H"," ","U",-89,"H"," ","U",-33,"H"," ","U",-44,"H"," ","U",NA," "," "," "
"108","USR0000CPIE",1990,11,"TAVG",-13," "," ","U",-6," "," ","U",37," "," ","U",68," "," ","U",32," "," ","U",-9," "," ","U",40," "," ","U",83," "," ","U",90," "," ","U",118," "," ","U",109," "," ","U",114," "," ","U",101," "," ","U",17," "," ","U",12," "," ","U",53," "," ","U",69," "," ","U",44," "," ","U",11," "," ","U",-26," "," ","U",-4," "," ","U",26," "," ","U",59," "," ","U",89," "," ","U",23," "," ","U",-59," "," ","U",-47," "," ","U",-8," "," ","U",28," "," ","U",21," "," ","U",NA," "," "," "
"109","USR0000CPIE",1990,12,"TMAX",78,"H"," ","U",67,"H"," ","U",128,"H"," ","U",106,"H"," ","U",100,"H"," ","U",106,"H"," ","U",139,"H"," ","U",172,"H"," ","U",161,"H"," ","U",72,"H"," ","U",28,"H"," ","U",22,"H"," ","U",17,"H"," ","U",NA," "," "," ",NA," "," "," ",NA," "," "," ",NA," "," "," ",NA," "," "," ",NA," "," "," ",NA," "," "," ",NA," "," "," ",NA," "," "," ",NA," "," "," ",NA," "," "," ",NA," "," "," ",NA," "," "," ",NA," "," "," ",NA," "," "," ",NA," "," "," ",NA," "," "," ",NA," "," "," "
"110","USR0000CPIE",1990,12,"TMIN",-72,"H"," ","U",-61,"H"," ","U",-44,"H"," ","U",22,"H"," ","U",-33,"H"," ","U",-39,"H"," ","U",-33,"H"," ","U",0,"H"," ","U",39,"H"," ","U",0,"H"," ","U",-17,"H"," ","U",-33,"H"," ","U",-50,"H"," ","U",NA," "," "," ",NA," "," "," ",NA," "," "," ",NA," "," "," ",NA," "," "," ",NA," "," "," ",NA," "," "," ",NA," "," "," ",NA," "," "," ",NA," "," "," ",NA," "," "," ",NA," "," "," ",NA," "," "," ",NA," "," "," ",NA," "," "," ",NA," "," "," ",NA," "," "," ",NA," "," "," "
"111","USR0000CPIE",1990,12,"TAVG",0," "," ","U",-3," "," ","U",32," "," ","U",54," "," ","U",26," "," ","U",17," "," ","U",43," "," ","U",69," "," ","U",84," "," ","U",37," "," ","U",3," "," ","U",-6," "," ","U",-24," "," ","U",NA," "," "," ",NA," "," "," ",NA," "," "," ",NA," "," "," ",NA," "," "," ",NA," "," "," ",NA," "," "," ",NA," "," "," ",NA," "," "," ",NA," "," "," ",NA," "," "," ",NA," "," "," ",NA," "," "," ",NA," "," "," ",NA," "," "," ",NA," "," "," ",NA," "," "," ",NA," "," "," "
"112","USR0000CPIE",1991,5,"TMAX",NA," "," "," ",NA," "," "," ",NA," "," "," ",NA," "," "," ",NA," "," "," ",NA," "," "," ",NA," "," "," ",NA," "," "," ",NA," "," "," ",NA," "," "," ",NA," "," "," ",NA," "," "," ",50,"H"," ","U",156,"H"," ","U",211,"H"," ","U",156,"H"," ","U",72,"H"," ","U",67,"H"," ","U",117,"H"," ","U",106,"H"," ","U",200,"H"," ","U",222,"H"," ","U",217,"H"," ","U",217,"H"," ","U",194,"H"," ","U",139,"H"," ","U",189,"H"," ","U",172,"H"," ","U",133,"H"," ","U",78,"H"," ","U",172,"H"," ","U"
"113","USR0000CPIE",1991,5,"TMIN",NA," "," "," ",NA," "," "," ",NA," "," "," ",NA," "," "," ",NA," "," "," ",NA," "," "," ",NA," "," "," ",NA," "," "," ",NA," "," "," ",NA," "," "," ",NA," "," "," ",NA," "," "," ",0,"H"," ","U",11,"H"," ","U",39,"H"," ","U",-11,"H"," ","U",-17,"H"," ","U",-22,"H"," ","U",-17,"H"," ","U",28,"H"," ","U",33,"H"," ","U",50,"H"," ","U",61,"H"," ","U",61,"H"," ","U",33,"H"," ","U",22,"H"," ","U",17,"H"," ","U",28,"H"," ","U",22,"H"," ","U",11,"H"," ","U",-6,"H"," ","U"
"114","USR0000CPIE",1991,5,"TAVG",NA," "," "," ",NA," "," "," ",NA," "," "," ",NA," "," "," ",NA," "," "," ",NA," "," "," ",NA," "," "," ",NA," "," "," ",NA," "," "," ",NA," "," "," ",NA," "," "," ",NA," "," "," ",19," "," ","U",69," "," ","U",144," "," ","U",85," "," ","U",6," "," ","U",5," "," ","U",46," "," ","U",63," "," ","U",127," "," ","U",142," "," ","U",147," "," ","U",145," "," ","U",124," "," ","U",86," "," ","U",105," "," ","U",114," "," ","U",57," "," ","U",38," "," ","U",97," "," ","U"
"115","USR0000CPIE",1991,6,"TMAX",228,"H"," ","U",261,"H"," ","U",228,"H"," ","U",206,"H"," ","U",183,"H"," ","U",200,"H"," ","U",250,"H"," ","U",244,"H"," ","U",283,"H"," ","U",294,"H"," ","U",272,"H"," ","U",239,"H"," ","U",217,"H"," ","U",222,"H"," ","U",228,"H"," ","U",211,"H"," ","U",222,"H"," ","U",4856,"H","X","U",156,"H"," ","U",189,"H"," ","U",200,"H"," ","U",4289,"H","X","U",183,"H"," ","U",172,"H"," ","U",161,"H"," ","U",178,"H"," ","U",122,"H"," ","U",94,"H"," ","U",156,"H"," ","U",233,"H"," ","U",NA," "," "," "
"116","USR0000CPIE",1991,6,"TMIN",67,"H"," ","U",83,"H"," ","U",89,"H"," ","U",33,"H"," ","U",6,"H"," ","U",50,"H"," ","U",44,"H"," ","U",83,"H"," ","U",100,"H"," ","U",117,"H"," ","U",144,"H"," ","U",111,"H"," ","U",50,"H"," ","U",22,"H"," ","U",50,"H"," ","U",83,"H"," ","U",39,"H"," ","U",72,"H"," ","U",50,"H"," ","U",28,"H"," ","U",17,"H"," ","U",39,"H"," ","U",50,"H"," ","U",22,"H"," ","U",39,"H"," ","U",28,"H"," ","U",61,"H"," ","U",61,"H"," ","U",56,"H"," ","U",44,"H"," ","U",NA," "," "," "
"117","USR0000CPIE",1991,6,"TAVG",149," "," ","U",173," "," ","U",159," "," ","U",118," "," ","U",100," "," ","U",125," "," ","U",153," "," ","U",172," "," ","U",196," "," ","U",211," "," ","U",202," "," ","U",177," "," ","U",139," "," ","U",137," "," ","U",146," "," ","U",139," "," ","U",132," "," ","U",485," ","G","U",97," "," ","U",109," "," ","U",113," "," ","U",490," ","G","U",116," "," ","U",109," "," ","U",93," "," ","U",102," "," ","U",80," "," ","U",73," "," ","U",99," "," ","U",151," "," ","U",NA," "," "," "
"118","USR0000CPIE",1991,7,"TMAX",272,"H"," ","U",317,"H"," ","U",333,"H"," ","U",328,"H"," ","U",311,"H"," ","U",289,"H"," ","U",278,"H"," ","U",261,"H"," ","U",256,"H"," ","U",272,"H"," ","U",289,"H"," ","U",306,"H"," ","U",261,"H"," ","U",244,"H"," ","U",1522,"H","X","U",211,"H"," ","U",239,"H"," ","U",289,"H"," ","U",256,"H"," ","U",250,"H"," ","U",278,"H"," ","U",300,"H"," ","U",283,"H"," ","U",278,"H"," ","U",283,"H"," ","U",311,"H"," ","U",322,"H"," ","U",333,"H"," ","U",328,"H"," ","U",317,"H"," ","U",283,"H"," ","U"
"119","USR0000CPIE",1991,7,"TMIN",139,"H"," ","U",178,"H"," ","U",156,"H"," ","U",161,"H"," ","U",150,"H"," ","U",128,"H"," ","U",111,"H"," ","U",89,"H"," ","U",100,"H"," ","U",89,"H"," ","U",106,"H"," ","U",128,"H"," ","U",122,"H"," ","U",89,"H"," ","U",111,"H"," ","U",100,"H"," ","U",78,"H"," ","U",83,"H"," ","U",111,"H"," ","U",89,"H"," ","U",78,"H"," ","U",128,"H"," ","U",106,"H"," ","U",111,"H"," ","U",111,"H"," ","U",128,"H"," ","U",144,"H"," ","U",144,"H"," ","U",144,"H"," ","U",144,"H"," ","U",133,"H"," ","U"
"120","USR0000CPIE",1991,7,"TAVG",206," "," ","U",237," "," ","U",250," "," ","U",252," "," ","U",243," "," ","U",209," "," ","U",199," "," ","U",188," "," ","U",183," "," ","U",187," "," ","U",207," "," ","U",218," "," ","U",191," "," ","U",174," "," ","U",273," "," ","U",158," "," ","U",164," "," ","U",209," "," ","U",179," "," ","U",151," "," ","U",183," "," ","U",192," "," ","U",199," "," ","U",197," "," ","U",200," "," ","U",222," "," ","U",237," "," ","U",233," "," ","U",239," "," ","U",235," "," ","U",210," "," ","U"
"121","USR0000CPIE",1991,8,"TMAX",278,"H"," ","U",283,"H"," ","U",261,"H"," ","U",233,"H"," ","U",261,"H"," ","U",233,"H"," ","U",228,"H"," ","U",283,"H"," ","U",267,"H"," ","U",283,"H"," ","U",278,"H"," ","U",283,"H"," ","U",228,"H"," ","U",239,"H"," ","U",211,"H"," ","U",272,"H"," ","U",283,"H"," ","U",272,"H"," ","U",278,"H"," ","U",289,"H"," ","U",300,"H"," ","U",294,"H"," ","U",283,"H"," ","U",278,"H"," ","U",261,"H"," ","U",250,"H"," ","U",189,"H"," ","U",222,"H"," ","U",256,"H"," ","U",267,"H"," ","U",267,"H"," ","U"
"122","USR0000CPIE",1991,8,"TMIN",122,"H"," ","U",94,"H"," ","U",111,"H"," ","U",122,"H"," ","U",89,"H"," ","U",83,"H"," ","U",100,"H"," ","U",89,"H"," ","U",111,"H"," ","U",100,"H"," ","U",111,"H"," ","U",106,"H"," ","U",128,"H"," ","U",117,"H"," ","U",100,"H"," ","U",89,"H"," ","U",117,"H"," ","U",139,"H"," ","U",100,"H"," ","U",122,"H"," ","U",111,"H"," ","U",100,"H"," ","U",100,"H"," ","U",111,"H"," ","U",133,"H"," ","U",94,"H"," ","U",67,"H"," ","U",50,"H"," ","U",72,"H"," ","U",78,"H"," ","U",89,"H"," ","U"
"123","USR0000CPIE",1991,8,"TAVG",197," "," ","U",193," "," ","U",196," "," ","U",176," "," ","U",173," "," ","U",151," "," ","U",156," "," ","U",192," "," ","U",191," "," ","U",197," "," ","U",194," "," ","U",199," "," ","U",164," "," ","U",169," "," ","U",144," "," ","U",182," "," ","U",193," "," ","U",186," "," ","U",207," "," ","U",194," "," ","U",206," "," ","U",203," "," ","U",194," "," ","U",193," "," ","U",184," "," ","U",167," "," ","U",117," "," ","U",146," "," ","U",170," "," ","U",181," "," ","U",178," "," ","U"
"124","USR0000CPIE",1991,9,"TMAX",278,"H"," ","U",289,"H"," ","U",317,"H"," ","U",250,"H"," ","U",294,"H"," ","U",272,"H"," ","U",250,"H"," ","U",233,"H"," ","U",150,"H"," ","U",189,"H"," ","U",222,"H"," ","U",250,"H"," ","U",250,"H"," ","U",261,"H"," ","U",250,"H"," ","U",294,"H"," ","U",300,"H"," ","U",311,"H"," ","U",317,"H"," ","U",283,"H"," ","U",239,"H"," ","U",278,"H"," ","U",267,"H"," ","U",294,"H"," ","U",300,"H"," ","U",250,"H"," ","U",233,"H"," ","U",250,"H"," ","U",233,"H"," ","U",278,"H"," ","U",NA," "," "," "
"125","USR0000CPIE",1991,9,"TMIN",78,"H"," ","U",100,"H"," ","U",133,"H"," ","U",133,"H"," ","U",111,"H"," ","U",133,"H"," ","U",117,"H"," ","U",83,"H"," ","U",50,"H"," ","U",61,"H"," ","U",56,"H"," ","U",67,"H"," ","U",78,"H"," ","U",89,"H"," ","U",89,"H"," ","U",89,"H"," ","U",117,"H"," ","U",128,"H"," ","U",128,"H"," ","U",117,"H"," ","U",94,"H"," ","U",78,"H"," ","U",106,"H"," ","U",106,"H"," ","U",117,"H"," ","U",89,"H"," ","U",72,"H"," ","U",72,"H"," ","U",100,"H"," ","U",122,"H"," ","U",NA," "," "," "
"126","USR0000CPIE",1991,9,"TAVG",184," "," ","U",206," "," ","U",219," "," ","U",184," "," ","U",207," "," ","U",200," "," ","U",173," "," ","U",151," "," ","U",86," "," ","U",121," "," ","U",139," "," ","U",162," "," ","U",164," "," ","U",171," "," ","U",168," "," ","U",192," "," ","U",209," "," ","U",221," "," ","U",222," "," ","U",201," "," ","U",163," "," ","U",174," "," ","U",183," "," ","U",194," "," ","U",197," "," ","U",144," "," ","U",144," "," ","U",155," "," ","U",173," "," ","U",187," "," ","U",NA," "," "," "
"127","USR0000CPIE",1991,10,"TMAX",278,"H"," ","U",283,"H"," ","U",267,"H"," ","U",283,"H"," ","U",261,"H"," ","U",261,"H"," ","U",228,"H"," ","U",250,"H"," ","U",222,"H"," ","U",261,"H"," ","U",278,"H"," ","U",261,"H"," ","U",278,"H"," ","U",278,"H"," ","U",272,"H"," ","U",222,"H"," ","U",228,"H"," ","U",244,"H"," ","U",200,"H"," ","U",167,"H"," ","U",222,"H"," ","U",111,"H"," ","U",89,"H"," ","U",94,"H"," ","U",50,"H"," ","U",2061,"H","X","U",28,"H"," ","U",72,"H"," ","U",50,"H"," ","U",50,"H"," ","U",172,"H"," ","U"
"128","USR0000CPIE",1991,10,"TMIN",106,"H"," ","U",111,"H"," ","U",111,"H"," ","U",100,"H"," ","U",106,"H"," ","U",111,"H"," ","U",83,"H"," ","U",72,"H"," ","U",128,"H"," ","U",122,"H"," ","U",122,"H"," ","U",94,"H"," ","U",94,"H"," ","U",133,"H"," ","U",106,"H"," ","U",122,"H"," ","U",100,"H"," ","U",72,"H"," ","U",83,"H"," ","U",83,"H"," ","U",50,"H"," ","U",-17,"H"," ","U",-39,"H"," ","U",-22,"H"," ","U",6,"H"," ","U",-33,"H"," ","U",-61,"H"," ","U",-72,"H"," ","U",-56,"H"," ","U",-67,"H"," ","U",-44,"H"," ","U"
"129","USR0000CPIE",1991,10,"TAVG",190," "," ","U",183," "," ","U",179," "," ","U",189," "," ","U",181," "," ","U",172," "," ","U",151," "," ","U",153," "," ","U",159," "," ","U",197," "," ","U",172," "," ","U",176," "," ","U",180," "," ","U",206," "," ","U",171," "," ","U",167," "," ","U",156," "," ","U",155," "," ","U",143," "," ","U",119," "," ","U",136," "," ","U",68," "," ","U",18," "," ","U",22," "," ","U",26," "," ","U",232," "," ","U",-25," "," ","U",6," "," ","U",3," "," ","U",-20," "," ","U",48," "," ","U"
"130","USR0000CPIE",1991,11,"TMAX",172,"H"," ","U",178,"H"," ","U",150,"H"," ","U",183,"H"," ","U",211,"H"," ","U",211,"H"," ","U",239,"H"," ","U",161,"H"," ","U",4289,"H","X","U",150,"H"," ","U",183,"H"," ","U",167,"H"," ","U",122,"H"," ","U",0,"H"," ","U",56,"H"," ","U",83,"H"," ","U",17,"H"," ","U",83,"H"," ","U",122,"H"," ","U",33,"H"," ","U",61,"H"," ","U",83,"H"," ","U",139,"H"," ","U",144,"H"," ","U",128,"H"," ","U",3733,"H","X","U",33,"H","I","U",44,"H"," ","U",-11,"H"," ","U",-6,"H"," ","U",NA," "," "," "
"131","USR0000CPIE",1991,11,"TMIN",0,"H"," ","U",11,"H"," ","U",33,"H"," ","U",44,"H"," ","U",50,"H"," ","U",56,"H"," ","U",50,"H"," ","U",83,"H"," ","U",-150,"H","S","U",6,"H"," ","U",11,"H"," ","U",17,"H"," ","U",-6,"H"," ","U",-39,"H"," ","U",-56,"H"," ","U",-56,"H"," ","U",-17,"H"," ","U",-50,"H"," ","U",-67,"H"," ","U",6,"H"," ","U",-28,"H"," ","U",-61,"H"," ","U",-50,"H"," ","U",0,"H"," ","U",6,"H"," ","U",44,"H","I","U",-39,"H"," ","U",-56,"H"," ","U",-83,"H"," ","U",-94,"H"," ","U",NA," "," "," "
"132","USR0000CPIE",1991,11,"TAVG",66," "," ","U",74," "," ","U",86," "," ","U",124," "," ","U",121," "," ","U",124," "," ","U",131," "," ","U",115," "," ","U",248," "," ","U",63," "," ","U",77," "," ","U",89," "," ","U",58," "," ","U",-19," "," ","U",-11," "," ","U",10," "," ","U",-2," "," ","U",-7," "," ","U",16," "," ","U",19," "," ","U",11," "," ","U",-7," "," ","U",29," "," ","U",67," "," ","U",65," "," ","U",359," "," ","U",-1," "," ","U",-12," "," ","U",-44," "," ","U",-52," "," ","U",NA," "," "," "
"133","USR0000CPIE",1991,12,"TMAX",33,"H"," ","U",111,"H"," ","U",144,"H"," ","U",156,"H"," ","U",111,"H"," ","U",NA," "," "," ",NA," "," "," ",NA," "," "," ",NA," "," "," ",NA," "," "," ",NA," "," "," ",NA," "," "," ",NA," "," "," ",NA," "," "," ",NA," "," "," ",NA," "," "," ",NA," "," "," ",NA," "," "," ",NA," "," "," ",NA," "," "," ",NA," "," "," ",NA," "," "," ",NA," "," "," ",NA," "," "," ",NA," "," "," ",NA," "," "," ",NA," "," "," ",NA," "," "," ",NA," "," "," ",NA," "," "," ",NA," "," "," "
"134","USR0000CPIE",1991,12,"TMIN",-72,"H"," ","U",-17,"H"," ","U",-22,"H"," ","U",-22,"H"," ","U",-6,"H"," ","U",NA," "," "," ",NA," "," "," ",NA," "," "," ",NA," "," "," ",NA," "," "," ",NA," "," "," ",NA," "," "," ",NA," "," "," ",NA," "," "," ",NA," "," "," ",NA," "," "," ",NA," "," "," ",NA," "," "," ",NA," "," "," ",NA," "," "," ",NA," "," "," ",NA," "," "," ",NA," "," "," ",NA," "," "," ",NA," "," "," ",NA," "," "," ",NA," "," "," ",NA," "," "," ",NA," "," "," ",NA," "," "," ",NA," "," "," "
"135","USR0000CPIE",1991,12,"TAVG",-34," "," ","U",39," "," ","U",38," "," ","U",46," "," ","U",27," "," ","U",NA," "," "," ",NA," "," "," ",NA," "," "," ",NA," "," "," ",NA," "," "," ",NA," "," "," ",NA," "," "," ",NA," "," "," ",NA," "," "," ",NA," "," "," ",NA," "," "," ",NA," "," "," ",NA," "," "," ",NA," "," "," ",NA," "," "," ",NA," "," "," ",NA," "," "," ",NA," "," "," ",NA," "," "," ",NA," "," "," ",NA," "," "," ",NA," "," "," ",NA," "," "," ",NA," "," "," ",NA," "," "," ",NA," "," "," "
"136","USR0000CPIE",1992,5,"TMAX",NA," "," "," ",NA," "," "," ",NA," "," "," ",NA," "," "," ",NA," "," "," ",NA," "," "," ",NA," "," "," ",NA," "," "," ",NA," "," "," ",NA," "," "," ",NA," "," "," ",NA," "," "," ",NA," "," "," ",NA," "," "," ",NA," "," "," ",NA," "," "," ",NA," "," "," ",206,"H"," ","U",178,"H"," ","U",161,"H"," ","U",211,"H"," ","U",244,"H"," ","U",261,"H"," ","U",300,"H"," ","U",261,"H"," ","U",256,"H"," ","U",256,"H"," ","U",244,"H"," ","U",239,"H"," ","U",261,"H"," ","U",4300,"H","X","U"
"137","USR0000CPIE",1992,5,"TMIN",NA," "," "," ",NA," "," "," ",NA," "," "," ",NA," "," "," ",NA," "," "," ",NA," "," "," ",NA," "," "," ",NA," "," "," ",NA," "," "," ",NA," "," "," ",NA," "," "," ",NA," "," "," ",NA," "," "," ",NA," "," "," ",NA," "," "," ",NA," "," "," ",NA," "," "," ",83,"H"," ","U",17,"H"," ","U",17,"H"," ","U",22,"H"," ","U",78,"H"," ","U",83,"H"," ","U",156,"H"," ","U",128,"H"," ","U",94,"H"," ","U",83,"H"," ","U",100,"H"," ","U",94,"H"," ","U",144,"H"," ","U",111,"H"," ","U"
"138","USR0000CPIE",1992,5,"TAVG",NA," "," "," ",NA," "," "," ",NA," "," "," ",NA," "," "," ",NA," "," "," ",NA," "," "," ",NA," "," "," ",NA," "," "," ",NA," "," "," ",NA," "," "," ",NA," "," "," ",NA," "," "," ",NA," "," "," ",NA," "," "," ",NA," "," "," ",NA," "," "," ",NA," "," "," ",134," "," ","U",98," "," ","U",89," "," ","U",131," "," ","U",175," "," ","U",166," "," ","U",218," "," ","U",197," "," ","U",177," "," ","U",184," "," ","U",178," "," ","U",173," "," ","U",194," "," ","U",664," ","X","U"
"139","USR0000CPIE",1992,6,"TMAX",289,"H"," ","U",278,"H"," ","U",289,"H"," ","U",289,"H"," ","U",261,"H"," ","U",261,"H"," ","U",256,"H"," ","U",256,"H"," ","U",233,"H"," ","U",233,"H"," ","U",189,"H"," ","U",94,"H"," ","U",117,"H"," ","U",144,"H"," ","U",111,"H"," ","U",183,"H"," ","U",206,"H"," ","U",189,"H"," ","U",244,"H"," ","U",267,"H"," ","U",300,"H"," ","U",322,"H"," ","U",311,"H"," ","U",228,"H"," ","U",233,"H"," ","U",261,"H"," ","U",267,"H"," ","U",183,"H"," ","U",117,"H"," ","U",150,"H"," ","U",NA," "," "," "
"140","USR0000CPIE",1992,6,"TMIN",133,"H"," ","U",117,"H"," ","U",122,"H"," ","U",128,"H"," ","U",100,"H"," ","U",111,"H"," ","U",94,"H"," ","U",89,"H"," ","U",94,"H"," ","U",94,"H"," ","U",44,"H"," ","U",0,"H"," ","U",0,"H"," ","U",6,"H"," ","U",28,"H"," ","U",11,"H"," ","U",61,"H"," ","U",83,"H"," ","U",72,"H"," ","U",122,"H"," ","U",172,"H"," ","U",150,"H"," ","U",150,"H"," ","U",94,"H"," ","U",83,"H"," ","U",89,"H"," ","U",94,"H"," ","U",67,"H"," ","U",44,"H"," ","U",44,"H"," ","U",NA," "," "," "
"141","USR0000CPIE",1992,6,"TAVG",218," "," ","U",197," "," ","U",210," "," ","U",207," "," ","U",183," "," ","U",180," "," ","U",176," "," ","U",174," "," ","U",165," "," ","U",154," "," ","U",121," "," ","U",45," "," ","U",61," "," ","U",66," "," ","U",54," "," ","U",106," "," ","U",131," "," ","U",127," "," ","U",166," "," ","U",202," "," ","U",237," "," ","U",241," "," ","U",231," "," ","U",162," "," ","U",169," "," ","U",174," "," ","U",179," "," ","U",123," "," ","U",72," "," ","U",81," "," ","U",NA," "," "," "
"142","USR0000CPIE",1992,7,"TMAX",200,"H"," ","U",233,"H"," ","U",228,"H"," ","U",200,"H"," ","U",200,"H"," ","U",217,"H"," ","U",250,"H"," ","U",261,"H"," ","U",278,"H"," ","U",261,"H"," ","U",222,"H"," ","U",222,"H"," ","U",278,"H"," ","U",289,"H"," ","U",306,"H"," ","U",322,"H"," ","U",306,"H"," ","U",278,"H"," ","U",272,"H"," ","U",261,"H"," ","U",272,"H"," ","U",217,"H"," ","U",256,"H"," ","U",272,"H"," ","U",311,"H"," ","U",311,"H"," ","U",317,"H"," ","U",333,"H"," ","U",2639,"H","X","U",339,"H"," ","U",306,"H"," ","U"
"143","USR0000CPIE",1992,7,"TMIN",22,"H"," ","U",50,"H"," ","U",89,"H"," ","U",67,"H"," ","U",50,"H"," ","U",56,"H"," ","U",61,"H"," ","U",89,"H"," ","U",94,"H"," ","U",100,"H"," ","U",117,"H"," ","U",100,"H"," ","U",100,"H"," ","U",111,"H"," ","U",128,"H"," ","U",139,"H"," ","U",133,"H"," ","U",128,"H"," ","U",117,"H"," ","U",117,"H"," ","U",94,"H"," ","U",83,"H"," ","U",61,"H"," ","U",122,"H"," ","U",133,"H"," ","U",128,"H"," ","U",128,"H"," ","U",139,"H"," ","U",-139,"H","G","U",139,"H"," ","U",139,"H"," ","U"
"144","USR0000CPIE",1992,7,"TAVG",109," "," ","U",147," "," ","U",158," "," ","U",136," "," ","U",128," "," ","U",142," "," ","U",166," "," ","U",177," "," ","U",182," "," ","U",186," "," ","U",153," "," ","U",155," "," ","U",186," "," ","U",201," "," ","U",216," "," ","U",217," "," ","U",188," "," ","U",196," "," ","U",194," "," ","U",179," "," ","U",177," "," ","U",154," "," ","U",161," "," ","U",198," "," ","U",239," "," ","U",222," "," ","U",231," "," ","U",239," "," ","U",362," "," ","U",233," "," ","U",222," "," ","U"
"145","USR0000CPIE",1992,8,"TMAX",311,"H"," ","U",3744,"H","X","U",289,"H"," ","U",289,"H"," ","U",289,"H"," ","U",283,"H"," ","U",272,"H"," ","U",256,"H"," ","U",317,"H"," ","U",3200,"H","X","U",356,"H"," ","U",339,"H"," ","U",328,"H"," ","U",211,"H","S","U",3750,"H","X","U",4856,"H","X","U",NA," "," "," ",311,"H"," ","U",300,"H"," ","U",283,"H"," ","U",217,"H"," ","U",183,"H"," ","U",217,"H"," ","U",233,"H"," ","U",256,"H"," ","U",283,"H"," ","U",294,"H"," ","U",294,"H"," ","U",261,"H"," ","U",244,"H"," ","U",2639,"H","X","U"
"146","USR0000CPIE",1992,8,"TMIN",128,"H"," ","U",139,"H"," ","U",106,"H"," ","U",106,"H"," ","U",161,"H"," ","U",100,"H"," ","U",117,"H"," ","U",122,"H"," ","U",100,"H"," ","U",-139,"H","G","U",161,"H"," ","U",139,"H"," ","U",150,"H"," ","U",167,"H"," ","U",-133,"H","G","U",-144,"H","G","U",NA," "," "," ",189,"H"," ","U",133,"H"," ","U",139,"H"," ","U",89,"H"," ","U",67,"H"," ","U",44,"H"," ","U",78,"H"," ","U",78,"H"," ","U",94,"H"," ","U",122,"H"," ","U",117,"H"," ","U",133,"H"," ","U",117,"H"," ","U",-139,"H","G","U"
"147","USR0000CPIE",1992,8,"TAVG",220," "," ","U",552," ","G","U",206," "," ","U",207," "," ","U",222," "," ","U",194," "," ","U",194," "," ","U",185," "," ","U",214," "," ","U",448," ","G","U",258," "," ","U",232," "," ","U",231," "," ","U",181," "," ","U",427," ","G","U",511," ","G","U",NA," "," "," ",254," "," ","U",222," "," ","U",215," "," ","U",161," "," ","U",123," "," ","U",119," "," ","U",157," "," ","U",174," "," ","U",194," "," ","U",219," "," ","U",204," "," ","U",171," "," ","U",163," "," ","U",289," "," ","U"
"148","USR0000CPIE",1992,9,"TMAX",244,"H"," ","U",239,"H"," ","U",206,"H"," ","U",233,"H"," ","U",217,"H"," ","U",228,"H"," ","U",239,"H"," ","U",272,"H"," ","U",283,"H"," ","U",244,"H"," ","U",244,"H"," ","U",244,"H"," ","U",233,"H"," ","U",217,"H"," ","U",233,"H"," ","U",250,"H"," ","U",239,"H"," ","U",267,"H"," ","U",267,"H"," ","U",267,"H"," ","U",317,"H"," ","U",267,"H"," ","U",239,"H"," ","U",194,"H"," ","U",178,"H"," ","U",278,"H"," ","U",278,"H"," ","U",294,"H"," ","U",294,"H"," ","U",244,"H"," ","U",NA," "," "," "
"149","USR0000CPIE",1992,9,"TMIN",72,"H"," ","U",83,"H"," ","U",72,"H"," ","U",39,"H"," ","U",94,"H"," ","U",83,"H"," ","U",83,"H"," ","U",100,"H"," ","U",111,"H"," ","U",122,"H"," ","U",128,"H"," ","U",94,"H"," ","U",50,"H"," ","U",100,"H"," ","U",100,"H"," ","U",72,"H"," ","U",83,"H"," ","U",72,"H"," ","U",94,"H"," ","U",83,"H"," ","U",122,"H"," ","U",133,"H"," ","U",117,"H"," ","U",44,"H"," ","U",17,"H"," ","U",61,"H"," ","U",83,"H"," ","U",94,"H"," ","U",133,"H"," ","U",128,"H"," ","U",NA," "," "," "
"150","USR0000CPIE",1992,9,"TAVG",154," "," ","U",157," "," ","U",133," "," ","U",133," "," ","U",144," "," ","U",137," "," ","U",157," "," ","U",198," "," ","U",198," "," ","U",177," "," ","U",207," "," ","U",178," "," ","U",136," "," ","U",148," "," ","U",166," "," ","U",169," "," ","U",164," "," ","U",153," "," ","U",177," "," ","U",183," "," ","U",213," "," ","U",195," "," ","U",159," "," ","U",119," "," ","U",108," "," ","U",164," "," ","U",181," "," ","U",194," "," ","U",199," "," ","U",176," "," ","U",NA," "," "," "
"151","USR0000CPIE",1992,10,"TMAX",217,"H"," ","U",117,"H"," ","U",4850,"H","X","U",189,"H"," ","U",217,"H"," ","U",178,"H"," ","U",222,"H"," ","U",233,"H"," ","U",217,"H"," ","U",261,"H"," ","U",278,"H"," ","U",272,"H"," ","U",233,"H"," ","U",211,"H"," ","U",194,"H"," ","U",206,"H"," ","U",233,"H"," ","U",178,"H"," ","U",206,"H"," ","U",194,"H"," ","U",117,"H"," ","U",167,"H"," ","U",222,"H"," ","U",189,"H"," ","U",211,"H"," ","U",172,"H"," ","U",178,"H"," ","U",89,"H"," ","U",61,"H"," ","U",44,"H"," ","U",50,"H"," ","U"
"152","USR0000CPIE",1992,10,"TMIN",83,"H"," ","U",17,"H"," ","U",6,"H"," ","U",28,"H"," ","U",44,"H"," ","U",56,"H"," ","U",39,"H"," ","U",83,"H"," ","U",67,"H"," ","U",72,"H"," ","U",89,"H"," ","U",100,"H"," ","U",78,"H"," ","U",44,"H"," ","U",33,"H"," ","U",50,"H"," ","U",50,"H"," ","U",67,"H"," ","U",39,"H"," ","U",56,"H"," ","U",22,"H"," ","U",0,"H"," ","U",67,"H"," ","U",50,"H"," ","U",44,"H"," ","U",61,"H"," ","U",61,"H"," ","U",33,"H"," ","U",0,"H"," ","U",6,"H"," ","U",22,"H"," ","U"
"153","USR0000CPIE",1992,10,"TAVG",143," "," ","U",57," "," ","U",523," ","G","U",105," "," ","U",123," "," ","U",121," "," ","U",138," "," ","U",155," "," ","U",139," "," ","U",157," "," ","U",174," "," ","U",176," "," ","U",147," "," ","U",121," "," ","U",112," "," ","U",107," "," ","U",127," "," ","U",106," "," ","U",116," "," ","U",106," "," ","U",60," "," ","U",85," "," ","U",126," "," ","U",112," "," ","U",121," "," ","U",103," "," ","U",105," "," ","U",61," "," ","U",29," "," ","U",21," "," ","U",36," "," ","U"
"154","USR0000CPIE",1992,11,"TMAX",122,"H"," ","U",139,"H"," ","U",72,"H"," ","U",122,"H"," ","U",150,"H"," ","U",50,"H"," ","U",NA," "," "," ",NA," "," "," ",NA," "," "," ",NA," "," "," ",NA," "," "," ",NA," "," "," ",NA," "," "," ",NA," "," "," ",NA," "," "," ",NA," "," "," ",NA," "," "," ",NA," "," "," ",NA," "," "," ",NA," "," "," ",NA," "," "," ",NA," "," "," ",NA," "," "," ",NA," "," "," ",NA," "," "," ",NA," "," "," ",NA," "," "," ",NA," "," "," ",NA," "," "," ",NA," "," "," ",NA," "," "," "
"155","USR0000CPIE",1992,11,"TMIN",50,"H"," ","U",11,"H"," ","U",-6,"H"," ","U",-6,"H"," ","U",-6,"H"," ","U",22,"H"," ","U",NA," "," "," ",NA," "," "," ",NA," "," "," ",NA," "," "," ",NA," "," "," ",NA," "," "," ",NA," "," "," ",NA," "," "," ",NA," "," "," ",NA," "," "," ",NA," "," "," ",NA," "," "," ",NA," "," "," ",NA," "," "," ",NA," "," "," ",NA," "," "," ",NA," "," "," ",NA," "," "," ",NA," "," "," ",NA," "," "," ",NA," "," "," ",NA," "," "," ",NA," "," "," ",NA," "," "," ",NA," "," "," "
"156","USR0000CPIE",1992,11,"TAVG",76," "," ","U",72," "," ","U",28," "," ","U",54," "," ","U",68," "," ","U",32," "," ","U",NA," "," "," ",NA," "," "," ",NA," "," "," ",NA," "," "," ",NA," "," "," ",NA," "," "," ",NA," "," "," ",NA," "," "," ",NA," "," "," ",NA," "," "," ",NA," "," "," ",NA," "," "," ",NA," "," "," ",NA," "," "," ",NA," "," "," ",NA," "," "," ",NA," "," "," ",NA," "," "," ",NA," "," "," ",NA," "," "," ",NA," "," "," ",NA," "," "," ",NA," "," "," ",NA," "," "," ",NA," "," "," "
"157","USR0000CPIE",1993,5,"TMAX",NA," "," "," ",NA," "," "," ",NA," "," "," ",NA," "," "," ",NA," "," "," ",NA," "," "," ",NA," "," "," ",NA," "," "," ",NA," "," "," ",NA," "," "," ",NA," "," "," ",NA," "," "," ",NA," "," "," ",NA," "," "," ",NA," "," "," ",NA," "," "," ",NA," "," "," ",NA," "," "," ",NA," "," "," ",NA," "," "," ",NA," "," "," ",NA," "," "," ",NA," "," "," ",NA," "," "," ",NA," "," "," ",NA," "," "," ",NA," "," "," ",122,"H"," ","U",189,"H"," ","U",178,"H"," ","U",72,"H"," ","U"
"158","USR0000CPIE",1993,5,"TMIN",NA," "," "," ",NA," "," "," ",NA," "," "," ",NA," "," "," ",NA," "," "," ",NA," "," "," ",NA," "," "," ",NA," "," "," ",NA," "," "," ",NA," "," "," ",NA," "," "," ",NA," "," "," ",NA," "," "," ",NA," "," "," ",NA," "," "," ",NA," "," "," ",NA," "," "," ",NA," "," "," ",NA," "," "," ",NA," "," "," ",NA," "," "," ",NA," "," "," ",NA," "," "," ",NA," "," "," ",NA," "," "," ",NA," "," "," ",NA," "," "," ",33,"H"," ","U",11,"H"," ","U",78,"H"," ","U",67,"H"," ","U"
"159","USR0000CPIE",1993,5,"TAVG",NA," "," "," ",NA," "," "," ",NA," "," "," ",NA," "," "," ",NA," "," "," ",NA," "," "," ",NA," "," "," ",NA," "," "," ",NA," "," "," ",NA," "," "," ",NA," "," "," ",NA," "," "," ",NA," "," "," ",NA," "," "," ",NA," "," "," ",NA," "," "," ",NA," "," "," ",NA," "," "," ",NA," "," "," ",NA," "," "," ",NA," "," "," ",NA," "," "," ",NA," "," "," ",NA," "," "," ",NA," "," "," ",NA," "," "," ",NA," "," "," ",73," "," ","U",107," "," ","U",117," "," ","U",68," "," ","U"
"160","USR0000CPIE",1993,6,"TMAX",128,"H"," ","U",100,"H"," ","U",150,"H"," ","U",94,"H"," ","U",106,"H"," ","U",3172,"H","X","U",144,"H"," ","U",189,"H"," ","U",233,"H"," ","U",183,"H"," ","U",183,"H"," ","U",194,"H"," ","U",250,"H"," ","U",244,"H"," ","U",222,"H"," ","U",183,"H"," ","U",228,"H"," ","U",272,"H"," ","U",272,"H"," ","U",261,"H"," ","U",178,"H"," ","U",206,"H"," ","U",200,"H"," ","U",228,"H"," ","U",289,"H"," ","U",283,"H"," ","U",256,"H"," ","U",217,"H"," ","U",244,"H"," ","U",267,"H"," ","U",NA," "," "," "
"161","USR0000CPIE",1993,6,"TMIN",33,"H"," ","U",17,"H"," ","U",22,"H"," ","U",39,"H"," ","U",67,"H"," ","U",0,"H"," ","U",33,"H"," ","U",11,"H"," ","U",50,"H"," ","U",100,"H"," ","U",44,"H"," ","U",11,"H"," ","U",72,"H"," ","U",94,"H"," ","U",89,"H"," ","U",44,"H"," ","U",78,"H"," ","U",128,"H"," ","U",111,"H"," ","U",122,"H"," ","U",61,"H"," ","U",28,"H"," ","U",28,"H"," ","U",72,"H"," ","U",111,"H"," ","U",128,"H"," ","U",111,"H"," ","U",89,"H"," ","U",67,"H"," ","U",83,"H"," ","U",NA," "," "," "
"162","USR0000CPIE",1993,6,"TAVG",86," "," ","U",53," "," ","U",77," "," ","U",59," "," ","U",81," "," ","U",484," ","G","U",76," "," ","U",108," "," ","U",147," "," ","U",148," "," ","U",117," "," ","U",106," "," ","U",168," "," ","U",167," "," ","U",154," "," ","U",125," "," ","U",154," "," ","U",227," "," ","U",217," "," ","U",193," "," ","U",132," "," ","U",122," "," ","U",128," "," ","U",164," "," ","U",209," "," ","U",208," "," ","U",191," "," ","U",147," "," ","U",157," "," ","U",177," "," ","U",NA," "," "," "
"163","USR0000CPIE",1993,7,"TMAX",267,"H"," ","U",217,"H"," ","U",244,"H"," ","U",239,"H"," ","U",278,"H"," ","U",278,"H"," ","U",278,"H"," ","U",283,"H"," ","U",272,"H"," ","U",244,"H"," ","U",267,"H"," ","U",244,"H"," ","U",222,"H"," ","U",217,"H"," ","U",189,"H"," ","U",194,"H"," ","U",222,"H"," ","U",239,"H"," ","U",222,"H"," ","U",211,"H"," ","U",222,"H"," ","U",233,"H"," ","U",217,"H"," ","U",1522,"H","X","U",4850,"H","X","U",244,"H"," ","U",272,"H"," ","U",222,"H"," ","U",217,"H"," ","U",272,"H"," ","U",322,"H"," ","U"
"164","USR0000CPIE",1993,7,"TMIN",94,"H"," ","U",72,"H"," ","U",50,"H"," ","U",72,"H"," ","U",89,"H"," ","U",106,"H"," ","U",111,"H"," ","U",83,"H"," ","U",106,"H"," ","U",150,"H"," ","U",111,"H"," ","U",111,"H"," ","U",100,"H"," ","U",67,"H"," ","U",50,"H"," ","U",44,"H"," ","U",72,"H"," ","U",94,"H"," ","U",111,"H"," ","U",67,"H"," ","U",56,"H"," ","U",106,"H"," ","U",117,"H"," ","U",-144,"H","G","U",106,"H"," ","U",61,"H"," ","U",100,"H"," ","U",128,"H"," ","U",100,"H"," ","U",100,"H"," ","U",106,"H"," ","U"
"165","USR0000CPIE",1993,7,"TAVG",186," "," ","U",156," "," ","U",151," "," ","U",152," "," ","U",191," "," ","U",191," "," ","U",198," "," ","U",193," "," ","U",219," "," ","U",192," "," ","U",188," "," ","U",177," "," ","U",169," "," ","U",136," "," ","U",96," "," ","U",124," "," ","U",147," "," ","U",191," "," ","U",177," "," ","U",144," "," ","U",144," "," ","U",166," "," ","U",157," "," ","U",308," "," ","U",1108," ","X","U",163," "," ","U",184," "," ","U",155," "," ","U",148," "," ","U",205," "," ","U",221," "," ","U"
"166","USR0000CPIE",1993,8,"TMAX",333,"H"," ","U",344,"H"," ","U",300,"H"," ","U",289,"H"," ","U",306,"H"," ","U",278,"H"," ","U",250,"H"," ","U",261,"H"," ","U",250,"H"," ","U",239,"H"," ","U",4844,"H","X","U",244,"H"," ","U",267,"H"," ","U",228,"H"," ","U",156,"H"," ","U",206,"H"," ","U",250,"H"," ","U",272,"H"," ","U",189,"H"," ","U",200,"H"," ","U",261,"H"," ","U",283,"H"," ","U",278,"H"," ","U",2083,"H","X","U",239,"H"," ","U",261,"H"," ","U",294,"H"," ","U",289,"H"," ","U",250,"H"," ","U",261,"H"," ","U",261,"H"," ","U"
"167","USR0000CPIE",1993,8,"TMIN",161,"H"," ","U",178,"H"," ","U",156,"H"," ","U",150,"H"," ","U",122,"H"," ","U",117,"H"," ","U",100,"H"," ","U",100,"H"," ","U",111,"H"," ","U",106,"H"," ","U",78,"H"," ","U",78,"H"," ","U",89,"H"," ","U",89,"H"," ","U",28,"H"," ","U",11,"H"," ","U",61,"H"," ","U",89,"H"," ","U",61,"H"," ","U",50,"H"," ","U",56,"H"," ","U",106,"H"," ","U",100,"H"," ","U",89,"H"," ","U",44,"H"," ","U",67,"H"," ","U",94,"H"," ","U",117,"H"," ","U",89,"H"," ","U",89,"H"," ","U",89,"H"," ","U"
"168","USR0000CPIE",1993,8,"TAVG",246," "," ","U",254," "," ","U",231," "," ","U",221," "," ","U",218," "," ","U",202," "," ","U",175," "," ","U",178," "," ","U",176," "," ","U",174," "," ","U",569," ","X","U",156," "," ","U",182," "," ","U",158," "," ","U",94," "," ","U",108," "," ","U",162," "," ","U",178," "," ","U",137," "," ","U",121," "," ","U",164," "," ","U",194," "," ","U",188," "," ","U",283," "," ","U",141," "," ","U",167," "," ","U",196," "," ","U",195," "," ","U",168," "," ","U",171," "," ","U",174," "," ","U"
"169","USR0000CPIE",1993,9,"TMAX",261,"H"," ","U",289,"H"," ","U",278,"H"," ","U",272,"H"," ","U",278,"H"," ","U",256,"H"," ","U",294,"H"," ","U",306,"H"," ","U",322,"H"," ","U",306,"H"," ","U",278,"H"," ","U",211,"H"," ","U",194,"H"," ","U",206,"H"," ","U",200,"H"," ","U",183,"H"," ","U",156,"H"," ","U",211,"H"," ","U",194,"H"," ","U",211,"H"," ","U",211,"H"," ","U",183,"H"," ","U",200,"H"," ","U",244,"H"," ","U",272,"H"," ","U",283,"H"," ","U",278,"H"," ","U",289,"H"," ","U",289,"H"," ","U",272,"H"," ","U",NA," "," "," "
"170","USR0000CPIE",1993,9,"TMIN",89,"H"," ","U",100,"H"," ","U",117,"H"," ","U",111,"H"," ","U",106,"H"," ","U",94,"H"," ","U",89,"H"," ","U",128,"H"," ","U",128,"H"," ","U",128,"H"," ","U",117,"H"," ","U",83,"H"," ","U",61,"H"," ","U",61,"H"," ","U",61,"H"," ","U",50,"H"," ","U",22,"H"," ","U",39,"H"," ","U",28,"H"," ","U",67,"H"," ","U",33,"H"," ","U",50,"H"," ","U",28,"H"," ","U",33,"H"," ","U",50,"H"," ","U",111,"H"," ","U",94,"H"," ","U",94,"H"," ","U",106,"H"," ","U",100,"H"," ","U",NA," "," "," "
"171","USR0000CPIE",1993,9,"TAVG",188," "," ","U",211," "," ","U",197," "," ","U",188," "," ","U",171," "," ","U",176," "," ","U",189," "," ","U",218," "," ","U",243," "," ","U",215," "," ","U",190," "," ","U",140," "," ","U",113," "," ","U",129," "," ","U",129," "," ","U",108," "," ","U",81," "," ","U",121," "," ","U",113," "," ","U",129," "," ","U",116," "," ","U",108," "," ","U",115," "," ","U",138," "," ","U",164," "," ","U",188," "," ","U",183," "," ","U",188," "," ","U",191," "," ","U",185," "," ","U",NA," "," "," "
"172","USR0000CPIE",1993,10,"TMAX",272,"H"," ","U",267,"H"," ","U",272,"H"," ","U",183,"H"," ","U",167,"H"," ","U",167,"H"," ","U",167,"H"," ","U",161,"H"," ","U",111,"H"," ","U",167,"H"," ","U",89,"H"," ","U",156,"H"," ","U",156,"H"," ","U",78,"H"," ","U",83,"H"," ","U",3178,"H","X","U",94,"H"," ","U",150,"H"," ","U",183,"H"," ","U",194,"H"," ","U",178,"H"," ","U",206,"H"," ","U",200,"H"," ","U",211,"H"," ","U",183,"H"," ","U",144,"H"," ","U",194,"H"," ","U",189,"H"," ","U",144,"H"," ","U",183,"H"," ","U",172,"H"," ","U"
"173","USR0000CPIE",1993,10,"TMIN",94,"H"," ","U",111,"H"," ","U",100,"H"," ","U",67,"H"," ","U",50,"H"," ","U",39,"H"," ","U",28,"H"," ","U",-6,"H"," ","U",22,"H"," ","U",67,"H"," ","U",50,"H"," ","U",44,"H"," ","U",39,"H"," ","U",39,"H"," ","U",39,"H"," ","U",6,"H"," ","U",0,"H"," ","U",-11,"H"," ","U",6,"H"," ","U",22,"H"," ","U",50,"H"," ","U",22,"H"," ","U",50,"H"," ","U",39,"H"," ","U",50,"H"," ","U",39,"H"," ","U",22,"H"," ","U",33,"H"," ","U",50,"H"," ","U",17,"H"," ","U",44,"H"," ","U"
"174","USR0000CPIE",1993,10,"TAVG",166," "," ","U",173," "," ","U",186," "," ","U",119," "," ","U",84," "," ","U",94," "," ","U",91," "," ","U",71," "," ","U",67," "," ","U",108," "," ","U",72," "," ","U",88," "," ","U",81," "," ","U",57," "," ","U",55," "," ","U",314," "," ","U",41," "," ","U",61," "," ","U",88," "," ","U",100," "," ","U",103," "," ","U",104," "," ","U",114," "," ","U",109," "," ","U",124," "," ","U",99," "," ","U",97," "," ","U",108," "," ","U",89," "," ","U",98," "," ","U",93," "," ","U"
"175","USR0000CPIE",1993,11,"TMAX",89,"H"," ","U",194,"H"," ","U",189,"H"," ","U",167,"H"," ","U",117,"H"," ","U",167,"H"," ","U",156,"H"," ","U",156,"H"," ","U",122,"H"," ","U",100,"H"," ","U",117,"H"," ","U",67,"H"," ","U",72,"H"," ","U",33,"H"," ","U",139,"H"," ","U",106,"H"," ","U",83,"H"," ","U",56,"H"," ","U",NA," "," "," ",NA," "," "," ",NA," "," "," ",NA," "," "," ",NA," "," "," ",NA," "," "," ",NA," "," "," ",NA," "," "," ",NA," "," "," ",NA," "," "," ",NA," "," "," ",NA," "," "," ",NA," "," "," "
"176","USR0000CPIE",1993,11,"TMIN",0,"H"," ","U",-11,"H"," ","U",6,"H"," ","U",11,"H"," ","U",-11,"H"," ","U",-22,"H"," ","U",-6,"H"," ","U",-11,"H"," ","U",17,"H"," ","U",17,"H"," ","U",-11,"H"," ","U",-17,"H"," ","U",-56,"H"," ","U",-61,"H"," ","U",-56,"H"," ","U",-33,"H"," ","U",-6,"H"," ","U",-22,"H"," ","U",NA," "," "," ",NA," "," "," ",NA," "," "," ",NA," "," "," ",NA," "," "," ",NA," "," "," ",NA," "," "," ",NA," "," "," ",NA," "," "," ",NA," "," "," ",NA," "," "," ",NA," "," "," ",NA," "," "," "
"177","USR0000CPIE",1993,11,"TAVG",40," "," ","U",76," "," ","U",91," "," ","U",78," "," ","U",41," "," ","U",53," "," ","U",61," "," ","U",58," "," ","U",62," "," ","U",49," "," ","U",37," "," ","U",15," "," ","U",2," "," ","U",-22," "," ","U",22," "," ","U",31," "," ","U",29," "," ","U",-1," "," ","U",NA," "," "," ",NA," "," "," ",NA," "," "," ",NA," "," "," ",NA," "," "," ",NA," "," "," ",NA," "," "," ",NA," "," "," ",NA," "," "," ",NA," "," "," ",NA," "," "," ",NA," "," "," ",NA," "," "," "
"178","USR0000CPIE",1994,4,"TMAX",NA," "," "," ",NA," "," "," ",133,"H"," ","U",117,"H"," ","U",0,"H"," ","U",NA," "," "," ",NA," "," "," ",NA," "," "," ",NA," "," "," ",NA," "," "," ",NA," "," "," ",NA," "," "," ",NA," "," "," ",NA," "," "," ",NA," "," "," ",NA," "," "," ",NA," "," "," ",NA," "," "," ",NA," "," "," ",NA," "," "," ",NA," "," "," ",NA," "," "," ",NA," "," "," ",NA," "," "," ",NA," "," "," ",NA," "," "," ",NA," "," "," ",NA," "," "," ",NA," "," "," ",NA," "," "," ",NA," "," "," "
"179","USR0000CPIE",1994,4,"TMIN",NA," "," "," ",NA," "," "," ",122,"H"," ","U",-6,"H"," ","U",-28,"H"," ","U",NA," "," "," ",NA," "," "," ",NA," "," "," ",NA," "," "," ",NA," "," "," ",NA," "," "," ",NA," "," "," ",NA," "," "," ",NA," "," "," ",NA," "," "," ",NA," "," "," ",NA," "," "," ",NA," "," "," ",NA," "," "," ",NA," "," "," ",NA," "," "," ",NA," "," "," ",NA," "," "," ",NA," "," "," ",NA," "," "," ",NA," "," "," ",NA," "," "," ",NA," "," "," ",NA," "," "," ",NA," "," "," ",NA," "," "," "
"180","USR0000CPIE",1994,4,"TAVG",NA," "," "," ",NA," "," "," ",128," "," ","U",74," "," ","U",-14," "," ","U",NA," "," "," ",NA," "," "," ",NA," "," "," ",NA," "," "," ",NA," "," "," ",NA," "," "," ",NA," "," "," ",NA," "," "," ",NA," "," "," ",NA," "," "," ",NA," "," "," ",NA," "," "," ",NA," "," "," ",NA," "," "," ",NA," "," "," ",NA," "," "," ",NA," "," "," ",NA," "," "," ",NA," "," "," ",NA," "," "," ",NA," "," "," ",NA," "," "," ",NA," "," "," ",NA," "," "," ",NA," "," "," ",NA," "," "," "
"181","USR0000CPIE",1994,6,"TMAX",NA," "," "," ",NA," "," "," ",NA," "," "," ",NA," "," "," ",NA," "," "," ",NA," "," "," ",NA," "," "," ",NA," "," "," ",NA," "," "," ",NA," "," "," ",NA," "," "," ",NA," "," "," ",NA," "," "," ",NA," "," "," ",NA," "," "," ",178,"H"," ","U",194,"H"," ","U",233,"H"," ","U",3194,"H","X","U",261,"H"," ","U",267,"H"," ","U",256,"H"," ","U",256,"H"," ","U",272,"H"," ","U",244,"H"," ","U",278,"H"," ","U",278,"H"," ","U",294,"H"," ","U",283,"H"," ","U",272,"H"," ","U",NA," "," "," "
"182","USR0000CPIE",1994,6,"TMIN",NA," "," "," ",NA," "," "," ",NA," "," "," ",NA," "," "," ",NA," "," "," ",NA," "," "," ",NA," "," "," ",NA," "," "," ",NA," "," "," ",NA," "," "," ",NA," "," "," ",NA," "," "," ",NA," "," "," ",NA," "," "," ",NA," "," "," ",72,"H"," ","U",50,"H"," ","U",17,"H"," ","U",-144,"H","G","U",106,"H"," ","U",67,"H"," ","U",89,"H"," ","U",94,"H"," ","U",83,"H"," ","U",106,"H"," ","U",89,"H"," ","U",111,"H"," ","U",111,"H"," ","U",111,"H"," ","U",122,"H"," ","U",NA," "," "," "
"183","USR0000CPIE",1994,6,"TAVG",NA," "," "," ",NA," "," "," ",NA," "," "," ",NA," "," "," ",NA," "," "," ",NA," "," "," ",NA," "," "," ",NA," "," "," ",NA," "," "," ",NA," "," "," ",NA," "," "," ",NA," "," "," ",NA," "," "," ",NA," "," "," ",NA," "," "," ",108," "," ","U",117," "," ","U",138," "," ","U",274," "," ","U",181," "," ","U",179," "," ","U",181," "," ","U",177," "," ","U",183," "," ","U",174," "," ","U",188," "," ","U",203," "," ","U",211," "," ","U",207," "," ","U",196," "," ","U",NA," "," "," "
"184","USR0000CPIE",1994,7,"TMAX",278,"H"," ","U",261,"H"," ","U",250,"H"," ","U",261,"H"," ","U",267,"H"," ","U",272,"H"," ","U",306,"H"," ","U",339,"H"," ","U",306,"H"," ","U",306,"H"," ","U",306,"H"," ","U",306,"H"," ","U",317,"H"," ","U",328,"H"," ","U",333,"H"," ","U",350,"H"," ","U",311,"H"," ","U",322,"H"," ","U",322,"H"," ","U",344,"H"," ","U",344,"H"," ","U",272,"H"," ","U",311,"H"," ","U",283,"H"," ","U",311,"H"," ","U",311,"H"," ","U",317,"H"," ","U",322,"H"," ","U",311,"H"," ","U",322,"H"," ","U",294,"H"," ","U"
"185","USR0000CPIE",1994,7,"TMIN",89,"H"," ","U",106,"H"," ","U",100,"H"," ","U",106,"H"," ","U",100,"H"," ","U",61,"H"," ","U",117,"H"," ","U",139,"H"," ","U",150,"H"," ","U",111,"H"," ","U",128,"H"," ","U",133,"H"," ","U",133,"H"," ","U",133,"H"," ","U",139,"H"," ","U",144,"H"," ","U",128,"H"," ","U",128,"H"," ","U",133,"H"," ","U",156,"H"," ","U",161,"H"," ","U",150,"H"," ","U",133,"H"," ","U",122,"H"," ","U",94,"H"," ","U",117,"H"," ","U",111,"H"," ","U",128,"H"," ","U",144,"H"," ","U",161,"H"," ","U",150,"H"," ","U"
"186","USR0000CPIE",1994,7,"TAVG",190," "," ","U",192," "," ","U",178," "," ","U",186," "," ","U",177," "," ","U",177," "," ","U",222," "," ","U",238," "," ","U",221," "," ","U",207," "," ","U",233," "," ","U",238," "," ","U",228," "," ","U",223," "," ","U",240," "," ","U",232," "," ","U",208," "," ","U",231," "," ","U",238," "," ","U",251," "," ","U",242," "," ","U",202," "," ","U",219," "," ","U",211," "," ","U",205," "," ","U",209," "," ","U",219," "," ","U",231," "," ","U",235," "," ","U",232," "," ","U",218," "," ","U"
"187","USR0000CPIE",1994,8,"TMAX",294,"H"," ","U",294,"H"," ","U",322,"H"," ","U",317,"H"," ","U",311,"H"," ","U",317,"H"," ","U",294,"H"," ","U",261,"H"," ","U",278,"H"," ","U",289,"H"," ","U",294,"H"," ","U",300,"H"," ","U",317,"H"," ","U",311,"H"," ","U",311,"H"," ","U",322,"H"," ","U",300,"H"," ","U",283,"H"," ","U",283,"H"," ","U",283,"H"," ","U",272,"H"," ","U",272,"H"," ","U",278,"H"," ","U",272,"H"," ","U",272,"H"," ","U",272,"H"," ","U",278,"H"," ","U",256,"H"," ","U",283,"H"," ","U",294,"H"," ","U",278,"H"," ","U"
"188","USR0000CPIE",1994,8,"TMIN",111,"H"," ","U",100,"H"," ","U",100,"H"," ","U",128,"H"," ","U",111,"H"," ","U",100,"H"," ","U",122,"H"," ","U",133,"H"," ","U",111,"H"," ","U",139,"H"," ","U",117,"H"," ","U",122,"H"," ","U",139,"H"," ","U",150,"H"," ","U",122,"H"," ","U",106,"H"," ","U",117,"H"," ","U",122,"H"," ","U",100,"H"," ","U",89,"H"," ","U",89,"H"," ","U",83,"H"," ","U",89,"H"," ","U",83,"H"," ","U",83,"H"," ","U",100,"H"," ","U",133,"H"," ","U",111,"H"," ","U",67,"H"," ","U",111,"H"," ","U",89,"H"," ","U"
"189","USR0000CPIE",1994,8,"TAVG",201," "," ","U",201," "," ","U",217," "," ","U",226," "," ","U",195," "," ","U",212," "," ","U",211," "," ","U",186," "," ","U",198," "," ","U",208," "," ","U",205," "," ","U",214," "," ","U",227," "," ","U",229," "," ","U",224," "," ","U",219," "," ","U",202," "," ","U",207," "," ","U",197," "," ","U",188," "," ","U",174," "," ","U",179," "," ","U",183," "," ","U",180," "," ","U",175," "," ","U",188," "," ","U",199," "," ","U",174," "," ","U",182," "," ","U",203," "," ","U",188," "," ","U"
"190","USR0000CPIE",1994,9,"TMAX",261,"H"," ","U",217,"H"," ","U",250,"H"," ","U",283,"H"," ","U",283,"H"," ","U",289,"H"," ","U",272,"H"," ","U",250,"H"," ","U",206,"H"," ","U",183,"H"," ","U",183,"H"," ","U",183,"H"," ","U",172,"H"," ","U",239,"H"," ","U",250,"H"," ","U",272,"H"," ","U",289,"H"," ","U",283,"H"," ","U",272,"H"," ","U",272,"H"," ","U",267,"H"," ","U",294,"H"," ","U",294,"H"," ","U",267,"H"," ","U",256,"H"," ","U",289,"H"," ","U",322,"H"," ","U",144,"H"," ","U",178,"H"," ","U",206,"H"," ","U",NA," "," "," "
"191","USR0000CPIE",1994,9,"TMIN",89,"H"," ","U",78,"H"," ","U",56,"H"," ","U",67,"H"," ","U",106,"H"," ","U",100,"H"," ","U",117,"H"," ","U",100,"H"," ","U",61,"H"," ","U",28,"H"," ","U",22,"H"," ","U",11,"H"," ","U",0,"H"," ","U",39,"H"," ","U",89,"H"," ","U",94,"H"," ","U",122,"H"," ","U",106,"H"," ","U",133,"H"," ","U",150,"H"," ","U",144,"H"," ","U",111,"H"," ","U",111,"H"," ","U",78,"H"," ","U",67,"H"," ","U",106,"H"," ","U",100,"H"," ","U",78,"H"," ","U",44,"H"," ","U",22,"H"," ","U",NA," "," "," "
"192","USR0000CPIE",1994,9,"TAVG",173," "," ","U",146," "," ","U",151," "," ","U",183," "," ","U",192," "," ","U",197," "," ","U",189," "," ","U",166," "," ","U",125," "," ","U",96," "," ","U",87," "," ","U",81," "," ","U",96," "," ","U",145," "," ","U",173," "," ","U",182," "," ","U",186," "," ","U",192," "," ","U",204," "," ","U",205," "," ","U",200," "," ","U",196," "," ","U",176," "," ","U",151," "," ","U",165," "," ","U",201," "," ","U",190," "," ","U",115," "," ","U",90," "," ","U",107," "," ","U",NA," "," "," "
"193","USR0000CPIE",1994,10,"TMAX",222,"H"," ","U",244,"H"," ","U",111,"H"," ","U",67,"H"," ","U",122,"H"," ","U",156,"H"," ","U",183,"H"," ","U",217,"H"," ","U",206,"H"," ","U",189,"H"," ","U",178,"H"," ","U",144,"H"," ","U",150,"H"," ","U",100,"H"," ","U",67,"H"," ","U",94,"H"," ","U",161,"H"," ","U",167,"H"," ","U",167,"H"," ","U",167,"H"," ","U",189,"H"," ","U",206,"H"," ","U",211,"H"," ","U",211,"H"," ","U",172,"H"," ","U",150,"H"," ","U",178,"H"," ","U",156,"H"," ","U",117,"H"," ","U",156,"H"," ","U",178,"H"," ","U"
"194","USR0000CPIE",1994,10,"TMIN",50,"H"," ","U",72,"H"," ","U",-6,"H"," ","U",-6,"H"," ","U",-17,"H"," ","U",-6,"H"," ","U",17,"H"," ","U",39,"H"," ","U",50,"H"," ","U",61,"H"," ","U",17,"H"," ","U",-6,"H"," ","U",-6,"H"," ","U",-6,"H"," ","U",-17,"H"," ","U",-33,"H"," ","U",-28,"H"," ","U",0,"H"," ","U",6,"H"," ","U",28,"H"," ","U",6,"H"," ","U",17,"H"," ","U",28,"H"," ","U",44,"H"," ","U",17,"H"," ","U",61,"H"," ","U",56,"H"," ","U",6,"H"," ","U",-28,"H"," ","U",-39,"H"," ","U",28,"H"," ","U"
"195","USR0000CPIE",1994,10,"TAVG",137," "," ","U",148," "," ","U",54," "," ","U",14," "," ","U",49," "," ","U",74," "," ","U",100," "," ","U",127," "," ","U",125," "," ","U",114," "," ","U",100," "," ","U",70," "," ","U",71," "," ","U",51," "," ","U",16," "," ","U",23," "," ","U",60," "," ","U",79," "," ","U",83," "," ","U",88," "," ","U",98," "," ","U",104," "," ","U",117," "," ","U",119," "," ","U",99," "," ","U",98," "," ","U",99," "," ","U",76," "," ","U",37," "," ","U",57," "," ","U",100," "," ","U"
"196","USR0000CPIE",1994,11,"TMAX",78,"H"," ","U",33,"H"," ","U",22,"H"," ","U",50,"H"," ","U",22,"H"," ","U",28,"H"," ","U",50,"H"," ","U",NA," "," "," ",NA," "," "," ",NA," "," "," ",NA," "," "," ",NA," "," "," ",NA," "," "," ",NA," "," "," ",NA," "," "," ",NA," "," "," ",NA," "," "," ",NA," "," "," ",NA," "," "," ",NA," "," "," ",NA," "," "," ",NA," "," "," ",NA," "," "," ",NA," "," "," ",NA," "," "," ",NA," "," "," ",NA," "," "," ",NA," "," "," ",NA," "," "," ",NA," "," "," ",NA," "," "," "
"197","USR0000CPIE",1994,11,"TMIN",-22,"H"," ","U",-72,"H"," ","U",-89,"H"," ","U",-56,"H"," ","U",-22,"H"," ","U",0,"H"," ","U",-11,"H"," ","U",NA," "," "," ",NA," "," "," ",NA," "," "," ",NA," "," "," ",NA," "," "," ",NA," "," "," ",NA," "," "," ",NA," "," "," ",NA," "," "," ",NA," "," "," ",NA," "," "," ",NA," "," "," ",NA," "," "," ",NA," "," "," ",NA," "," "," ",NA," "," "," ",NA," "," "," ",NA," "," "," ",NA," "," "," ",NA," "," "," ",NA," "," "," ",NA," "," "," ",NA," "," "," ",NA," "," "," "
"198","USR0000CPIE",1994,11,"TAVG",34," "," ","U",-29," "," ","U",-34," "," ","U",-7," "," ","U",-1," "," ","U",9," "," ","U",4," "," ","U",NA," "," "," ",NA," "," "," ",NA," "," "," ",NA," "," "," ",NA," "," "," ",NA," "," "," ",NA," "," "," ",NA," "," "," ",NA," "," "," ",NA," "," "," ",NA," "," "," ",NA," "," "," ",NA," "," "," ",NA," "," "," ",NA," "," "," ",NA," "," "," ",NA," "," "," ",NA," "," "," ",NA," "," "," ",NA," "," "," ",NA," "," "," ",NA," "," "," ",NA," "," "," ",NA," "," "," "
"199","USR0000CPIE",1995,6,"TMAX",NA," "," "," ",NA," "," "," ",NA," "," "," ",NA," "," "," ",NA," "," "," ",NA," "," "," ",NA," "," "," ",NA," "," "," ",NA," "," "," ",NA," "," "," ",NA," "," "," ",228,"H"," ","U",222,"H"," ","U",83,"H"," ","U",83,"H"," ","U",122,"H"," ","U",100,"H"," ","U",111,"H"," ","U",150,"H"," ","U",156,"H"," ","U",200,"H"," ","U",239,"H"," ","U",272,"H"," ","U",283,"H"," ","U",317,"H"," ","U",300,"H"," ","U",272,"H"," ","U",267,"H"," ","U",272,"H"," ","U",244,"H"," ","U",NA," "," "," "
"200","USR0000CPIE",1995,6,"TMIN",NA," "," "," ",NA," "," "," ",NA," "," "," ",NA," "," "," ",NA," "," "," ",NA," "," "," ",NA," "," "," ",NA," "," "," ",NA," "," "," ",NA," "," "," ",NA," "," "," ",100,"H"," ","U",78,"H"," ","U",39,"H"," ","U",11,"H"," ","U",0,"H"," ","U",50,"H"," ","U",33,"H"," ","U",17,"H"," ","U",28,"H"," ","U",28,"H"," ","U",61,"H"," ","U",83,"H"," ","U",117,"H"," ","U",128,"H"," ","U",133,"H"," ","U",106,"H"," ","U",122,"H"," ","U",111,"H"," ","U",106,"H"," ","U",NA," "," "," "
"201","USR0000CPIE",1995,6,"TAVG",NA," "," "," ",NA," "," "," ",NA," "," "," ",NA," "," "," ",NA," "," "," ",NA," "," "," ",NA," "," "," ",NA," "," "," ",NA," "," "," ",NA," "," "," ",NA," "," "," ",161," "," ","U",142," "," ","U",59," "," ","U",46," "," ","U",61," "," ","U",71," "," ","U",70," "," ","U",78," "," ","U",88," "," ","U",121," "," ","U",161," "," ","U",191," "," ","U",208," "," ","U",220," "," ","U",189," "," ","U",194," "," ","U",199," "," ","U",195," "," ","U",163," "," ","U",NA," "," "," "
"202","USR0000CPIE",1995,7,"TMAX",250,"H"," ","U",250,"H"," ","U",244,"H"," ","U",272,"H"," ","U",278,"H"," ","U",217,"H"," ","U",222,"H"," ","U",239,"H"," ","U",211,"H"," ","U",206,"H"," ","U",211,"H"," ","U",172,"H"," ","U",228,"H"," ","U",278,"H"," ","U",300,"H"," ","U",322,"H"," ","U",289,"H"," ","U",211,"H"," ","U",244,"H"," ","U",261,"H"," ","U",233,"H"," ","U",239,"H"," ","U",256,"H"," ","U",272,"H"," ","U",261,"H"," ","U",283,"H"," ","U",300,"H"," ","U",300,"H"," ","U",250,"H"," ","U",250,"H"," ","U",306,"H"," ","U"
"203","USR0000CPIE",1995,7,"TMIN",78,"H"," ","U",94,"H"," ","U",117,"H"," ","U",72,"H"," ","U",111,"H"," ","U",117,"H"," ","U",89,"H"," ","U",106,"H"," ","U",94,"H"," ","U",78,"H"," ","U",61,"H"," ","U",50,"H"," ","U",44,"H"," ","U",100,"H"," ","U",111,"H"," ","U",128,"H"," ","U",122,"H"," ","U",94,"H"," ","U",89,"H"," ","U",89,"H"," ","U",89,"H"," ","U",67,"H"," ","U",78,"H"," ","U",78,"H"," ","U",67,"H"," ","U",72,"H"," ","U",111,"H"," ","U",150,"H"," ","U",128,"H"," ","U",83,"H"," ","U",106,"H"," ","U"
"204","USR0000CPIE",1995,7,"TAVG",174," "," ","U",172," "," ","U",174," "," ","U",177," "," ","U",195," "," ","U",156," "," ","U",161," "," ","U",169," "," ","U",156," "," ","U",148," "," ","U",130," "," ","U",106," "," ","U",142," "," ","U",191," "," ","U",212," "," ","U",222," "," ","U",189," "," ","U",136," "," ","U",176," "," ","U",179," "," ","U",157," "," ","U",158," "," ","U",174," "," ","U",182," "," ","U",172," "," ","U",186," "," ","U",215," "," ","U",227," "," ","U",193," "," ","U",176," "," ","U",210," "," ","U"
"205","USR0000CPIE",1995,8,"TMAX",306,"H"," ","U",300,"H"," ","U",300,"H"," ","U",311,"H"," ","U",306,"H"," ","U",261,"H"," ","U",228,"H"," ","U",250,"H"," ","U",267,"H"," ","U",211,"H"," ","U",244,"H"," ","U",256,"H"," ","U",272,"H"," ","U",306,"H"," ","U",272,"H"," ","U",217,"H"," ","U",211,"H"," ","U",244,"H"," ","U",306,"H"," ","U",300,"H"," ","U",283,"H"," ","U",272,"H"," ","U",272,"H"," ","U",250,"H"," ","U",244,"H"," ","U",250,"H"," ","U",244,"H"," ","U",239,"H"," ","U",239,"H"," ","U",261,"H"," ","U",283,"H"," ","U"
"206","USR0000CPIE",1995,8,"TMIN",122,"H"," ","U",139,"H"," ","U",122,"H"," ","U",128,"H"," ","U",139,"H"," ","U",117,"H"," ","U",72,"H"," ","U",56,"H"," ","U",106,"H"," ","U",94,"H"," ","U",50,"H"," ","U",67,"H"," ","U",83,"H"," ","U",106,"H"," ","U",122,"H"," ","U",83,"H"," ","U",61,"H"," ","U",50,"H"," ","U",106,"H"," ","U",122,"H"," ","U",144,"H"," ","U",133,"H"," ","U",139,"H"," ","U",122,"H"," ","U",94,"H"," ","U",100,"H"," ","U",83,"H"," ","U",100,"H"," ","U",83,"H"," ","U",67,"H"," ","U",94,"H"," ","U"
"207","USR0000CPIE",1995,8,"TAVG",218," "," ","U",223," "," ","U",219," "," ","U",227," "," ","U",222," "," ","U",193," "," ","U",163," "," ","U",157," "," ","U",196," "," ","U",156," "," ","U",148," "," ","U",171," "," ","U",184," "," ","U",206," "," ","U",193," "," ","U",154," "," ","U",130," "," ","U",156," "," ","U",208," "," ","U",216," "," ","U",213," "," ","U",198," "," ","U",200," "," ","U",182," "," ","U",172," "," ","U",171," "," ","U",164," "," ","U",161," "," ","U",156," "," ","U",170," "," ","U",189," "," ","U"
"208","USR0000CPIE",1995,9,"TMAX",289,"H"," ","U",283,"H"," ","U",261,"H"," ","U",233,"H"," ","U",272,"H"," ","U",261,"H"," ","U",250,"H"," ","U",261,"H"," ","U",256,"H"," ","U",272,"H"," ","U",289,"H"," ","U",300,"H"," ","U",306,"H"," ","U",317,"H"," ","U",294,"H"," ","U",250,"H"," ","U",261,"H"," ","U",278,"H"," ","U",294,"H"," ","U",294,"H"," ","U",211,"H"," ","U",244,"H"," ","U",244,"H"," ","U",228,"H"," ","U",178,"H"," ","U",178,"H"," ","U",189,"H"," ","U",167,"H"," ","U",156,"H"," ","U",217,"H"," ","U",NA," "," "," "
"209","USR0000CPIE",1995,9,"TMIN",111,"H"," ","U",111,"H"," ","U",111,"H"," ","U",89,"H"," ","U",44,"H"," ","U",89,"H"," ","U",83,"H"," ","U",72,"H"," ","U",78,"H"," ","U",72,"H"," ","U",100,"H"," ","U",100,"H"," ","U",111,"H"," ","U",133,"H"," ","U",133,"H"," ","U",117,"H"," ","U",67,"H"," ","U",111,"H"," ","U",117,"H"," ","U",111,"H"," ","U",94,"H"," ","U",83,"H"," ","U",72,"H"," ","U",94,"H"," ","U",72,"H"," ","U",56,"H"," ","U",67,"H"," ","U",39,"H"," ","U",11,"H"," ","U",33,"H"," ","U",NA," "," "," "
"210","USR0000CPIE",1995,9,"TAVG",191," "," ","U",197," "," ","U",186," "," ","U",154," "," ","U",161," "," ","U",174," "," ","U",166," "," ","U",168," "," ","U",168," "," ","U",177," "," ","U",191," "," ","U",205," "," ","U",208," "," ","U",217," "," ","U",206," "," ","U",176," "," ","U",168," "," ","U",195," "," ","U",203," "," ","U",197," "," ","U",153," "," ","U",154," "," ","U",161," "," ","U",148," "," ","U",119," "," ","U",112," "," ","U",113," "," ","U",94," "," ","U",80," "," ","U",113," "," ","U",NA," "," "," "
"211","USR0000CPIE",1995,10,"TMAX",189,"H"," ","U",239,"H"," ","U",222,"H"," ","U",128,"H"," ","U",200,"H"," ","U",200,"H"," ","U",206,"H"," ","U",189,"H"," ","U",217,"H"," ","U",233,"H"," ","U",189,"H"," ","U",133,"H"," ","U",172,"H"," ","U",261,"H"," ","U",228,"H"," ","U",206,"H"," ","U",244,"H"," ","U",189,"H"," ","U",222,"H"," ","U",217,"H"," ","U",156,"H"," ","U",72,"H"," ","U",144,"H"," ","U",156,"H"," ","U",161,"H"," ","U",222,"H"," ","U",233,"H"," ","U",194,"H"," ","U",211,"H"," ","U",156,"H"," ","U",150,"H"," ","U"
"212","USR0000CPIE",1995,10,"TMIN",33,"H"," ","U",56,"H"," ","U",22,"H"," ","U",0,"H"," ","U",22,"H"," ","U",67,"H"," ","U",28,"H"," ","U",28,"H"," ","U",33,"H"," ","U",67,"H"," ","U",89,"H"," ","U",33,"H"," ","U",17,"H"," ","U",39,"H"," ","U",78,"H"," ","U",61,"H"," ","U",33,"H"," ","U",56,"H"," ","U",61,"H"," ","U",72,"H"," ","U",0,"H"," ","U",-33,"H"," ","U",-11,"H"," ","U",-6,"H"," ","U",-6,"H"," ","U",50,"H"," ","U",33,"H"," ","U",89,"H"," ","U",72,"H"," ","U",72,"H"," ","U",50,"H"," ","U"
"213","USR0000CPIE",1995,10,"TAVG",118," "," ","U",142," "," ","U",124," "," ","U",61," "," ","U",104," "," ","U",121," "," ","U",115," "," ","U",111," "," ","U",123," "," ","U",145," "," ","U",123," "," ","U",80," "," ","U",91," "," ","U",136," "," ","U",138," "," ","U",124," "," ","U",153," "," ","U",127," "," ","U",124," "," ","U",138," "," ","U",83," "," ","U",24," "," ","U",66," "," ","U",69," "," ","U",87," "," ","U",125," "," ","U",125," "," ","U",127," "," ","U",124," "," ","U",99," "," ","U",91," "," ","U"
"214","USR0000CPIE",1995,11,"TMAX",167,"H"," ","U",133,"H"," ","U",139,"H"," ","U",144,"H"," ","U",117,"H"," ","U",122,"H"," ","U",178,"H"," ","U",150,"H"," ","U",117,"H"," ","U",133,"H"," ","U",172,"H"," ","U",172,"H"," ","U",217,"H"," ","U",239,"H"," ","U",178,"H"," ","U",133,"H"," ","U",178,"H"," ","U",144,"H"," ","U",172,"H"," ","U",200,"H"," ","U",94,"H"," ","U",122,"H"," ","U",189,"H"," ","U",189,"H"," ","U",133,"H"," ","U",56,"H"," ","U",100,"H"," ","U",111,"H"," ","U",156,"H"," ","U",117,"H"," ","U",NA," "," "," "
"215","USR0000CPIE",1995,11,"TMIN",11,"H"," ","U",-11,"H"," ","U",-28,"H"," ","U",-33,"H"," ","U",22,"H"," ","U",17,"H"," ","U",22,"H"," ","U",61,"H"," ","U",33,"H"," ","U",-6,"H"," ","U",72,"H"," ","U",56,"H"," ","U",39,"H"," ","U",39,"H"," ","U",61,"H"," ","U",50,"H"," ","U",33,"H"," ","U",33,"H"," ","U",11,"H"," ","U",28,"H"," ","U",6,"H"," ","U",-6,"H"," ","U",11,"H"," ","U",67,"H"," ","U",11,"H"," ","U",-28,"H"," ","U",-44,"H"," ","U",6,"H"," ","U",17,"H"," ","U",56,"H"," ","U",NA," "," "," "
"216","USR0000CPIE",1995,11,"TAVG",78," "," ","U",50," "," ","U",45," "," ","U",53," "," ","U",55," "," ","U",58," "," ","U",100," "," ","U",96," "," ","U",67," "," ","U",62," "," ","U",114," "," ","U",104," "," ","U",116," "," ","U",121," "," ","U",104," "," ","U",84," "," ","U",97," "," ","U",79," "," ","U",69," "," ","U",99," "," ","U",55," "," ","U",47," "," ","U",92," "," ","U",112," "," ","U",74," "," ","U",3," "," ","U",23," "," ","U",52," "," ","U",87," "," ","U",82," "," ","U",NA," "," "," "
"217","USR0000CPIE",1995,12,"TMAX",94,"H"," ","U",94,"H"," ","U",67,"H"," ","U",61,"H"," ","U",94,"H"," ","U",122,"H"," ","U",94,"H"," ","U",122,"H"," ","U",89,"H"," ","U",NA," "," "," ",NA," "," "," ",NA," "," "," ",NA," "," "," ",NA," "," "," ",NA," "," "," ",NA," "," "," ",NA," "," "," ",NA," "," "," ",NA," "," "," ",NA," "," "," ",NA," "," "," ",NA," "," "," ",NA," "," "," ",NA," "," "," ",NA," "," "," ",NA," "," "," ",NA," "," "," ",NA," "," "," ",NA," "," "," ",NA," "," "," ",NA," "," "," "
"218","USR0000CPIE",1995,12,"TMIN",33,"H"," ","U",-11,"H"," ","U",-17,"H"," ","U",39,"H"," ","U",44,"H"," ","U",22,"H"," ","U",0,"H"," ","U",-11,"H"," ","U",22,"H"," ","U",NA," "," "," ",NA," "," "," ",NA," "," "," ",NA," "," "," ",NA," "," "," ",NA," "," "," ",NA," "," "," ",NA," "," "," ",NA," "," "," ",NA," "," "," ",NA," "," "," ",NA," "," "," ",NA," "," "," ",NA," "," "," ",NA," "," "," ",NA," "," "," ",NA," "," "," ",NA," "," "," ",NA," "," "," ",NA," "," "," ",NA," "," "," ",NA," "," "," "
"219","USR0000CPIE",1995,12,"TAVG",61," "," ","U",34," "," ","U",16," "," ","U",53," "," ","U",67," "," ","U",58," "," ","U",34," "," ","U",43," "," ","U",38," "," ","U",NA," "," "," ",NA," "," "," ",NA," "," "," ",NA," "," "," ",NA," "," "," ",NA," "," "," ",NA," "," "," ",NA," "," "," ",NA," "," "," ",NA," "," "," ",NA," "," "," ",NA," "," "," ",NA," "," "," ",NA," "," "," ",NA," "," "," ",NA," "," "," ",NA," "," "," ",NA," "," "," ",NA," "," "," ",NA," "," "," ",NA," "," "," ",NA," "," "," "
"220","USR0000CPIE",1996,5,"TMAX",NA," "," "," ",NA," "," "," ",NA," "," "," ",144,"H"," ","U",156,"H"," ","U",172,"H"," ","U",178,"H"," ","U",167,"H"," ","U",183,"H"," ","U",228,"H"," ","U",272,"H"," ","U",278,"H"," ","U",222,"H"," ","U",133,"H"," ","U",133,"H"," ","U",72,"H"," ","U",72,"H"," ","U",61,"H"," ","U",122,"H"," ","U",161,"H"," ","U",89,"H"," ","U",133,"H"," ","U",89,"H"," ","U",144,"H"," ","U",194,"H"," ","U",211,"H"," ","U",178,"H"," ","U",183,"H"," ","U",167,"H"," ","U",178,"H"," ","U",206,"H"," ","U"
"221","USR0000CPIE",1996,5,"TMIN",NA," "," "," ",NA," "," "," ",NA," "," "," ",44,"H"," ","U",39,"H"," ","U",17,"H"," ","U",33,"H"," ","U",6,"H"," ","U",0,"H"," ","U",33,"H"," ","U",61,"H"," ","U",83,"H"," ","U",111,"H"," ","U",67,"H"," ","U",39,"H"," ","U",33,"H"," ","U",33,"H"," ","U",22,"H"," ","U",0,"H"," ","U",-17,"H"," ","U",44,"H"," ","U",11,"H"," ","U",-22,"H"," ","U",11,"H"," ","U",61,"H"," ","U",56,"H"," ","U",44,"H"," ","U",17,"H"," ","U",28,"H"," ","U",6,"H"," ","U",28,"H"," ","U"
"222","USR0000CPIE",1996,5,"TAVG",NA," "," "," ",NA," "," "," ",NA," "," "," ",83," "," ","U",89," "," ","U",96," "," ","U",96," "," ","U",90," "," ","U",98," "," ","U",134," "," ","U",174," "," ","U",187," "," ","U",157," "," ","U",98," "," ","U",73," "," ","U",54," "," ","U",54," "," ","U",37," "," ","U",47," "," ","U",78," "," ","U",62," "," ","U",68," "," ","U",32," "," ","U",80," "," ","U",124," "," ","U",125," "," ","U",100," "," ","U",105," "," ","U",75," "," ","U",96," "," ","U",125," "," ","U"
"223","USR0000CPIE",1996,6,"TMAX",256,"H"," ","U",294,"H"," ","U",294,"H"," ","U",289,"H"," ","U",300,"H"," ","U",317,"H"," ","U",294,"H"," ","U",278,"H"," ","U",250,"H"," ","U",250,"H"," ","U",261,"H"," ","U",278,"H"," ","U",261,"H"," ","U",261,"H"," ","U",261,"H"," ","U",233,"H"," ","U",217,"H"," ","U",228,"H"," ","U",244,"H"," ","U",228,"H"," ","U",189,"H"," ","U",239,"H"," ","U",206,"H"," ","U",172,"H"," ","U",150,"H"," ","U",139,"H"," ","U",167,"H"," ","U",228,"H"," ","U",278,"H"," ","U",311,"H"," ","U",NA," "," "," "
"224","USR0000CPIE",1996,6,"TMIN",61,"H"," ","U",106,"H"," ","U",128,"H"," ","U",106,"H"," ","U",111,"H"," ","U",133,"H"," ","U",139,"H"," ","U",117,"H"," ","U",94,"H"," ","U",72,"H"," ","U",72,"H"," ","U",106,"H"," ","U",94,"H"," ","U",89,"H"," ","U",83,"H"," ","U",67,"H"," ","U",72,"H"," ","U",39,"H"," ","U",61,"H"," ","U",100,"H"," ","U",83,"H"," ","U",61,"H"," ","U",67,"H"," ","U",61,"H"," ","U",33,"H"," ","U",50,"H"," ","U",44,"H"," ","U",28,"H"," ","U",78,"H"," ","U",117,"H"," ","U",NA," "," "," "
"225","USR0000CPIE",1996,6,"TAVG",164," "," ","U",206," "," ","U",209," "," ","U",204," "," ","U",211," "," ","U",226," "," ","U",216," "," ","U",200," "," ","U",177," "," ","U",170," "," ","U",177," "," ","U",193," "," ","U",174," "," ","U",181," "," ","U",179," "," ","U",157," "," ","U",136," "," ","U",144," "," ","U",160," "," ","U",161," "," ","U",129," "," ","U",151," "," ","U",136," "," ","U",112," "," ","U",93," "," ","U",83," "," ","U",83," "," ","U",134," "," ","U",181," "," ","U",218," "," ","U",NA," "," "," "
"226","USR0000CPIE",1996,7,"TMAX",317,"H"," ","U",294,"H"," ","U",267,"H"," ","U",256,"H"," ","U",289,"H"," ","U",333,"H"," ","U",333,"H"," ","U",306,"H"," ","U",311,"H"," ","U",317,"H"," ","U",322,"H"," ","U",333,"H"," ","U",311,"H"," ","U",306,"H"," ","U",289,"H"," ","U",267,"H"," ","U",228,"H"," ","U",228,"H"," ","U",272,"H"," ","U",311,"H"," ","U",328,"H"," ","U",350,"H"," ","U",333,"H"," ","U",328,"H"," ","U",328,"H"," ","U",333,"H"," ","U",311,"H"," ","U",250,"H"," ","U",311,"H"," ","U",306,"H"," ","U",300,"H"," ","U"
"227","USR0000CPIE",1996,7,"TMIN",117,"H"," ","U",128,"H"," ","U",128,"H"," ","U",111,"H"," ","U",78,"H"," ","U",133,"H"," ","U",144,"H"," ","U",156,"H"," ","U",133,"H"," ","U",128,"H"," ","U",150,"H"," ","U",144,"H"," ","U",133,"H"," ","U",133,"H"," ","U",139,"H"," ","U",94,"H"," ","U",89,"H"," ","U",83,"H"," ","U",50,"H"," ","U",100,"H"," ","U",133,"H"," ","U",144,"H"," ","U",150,"H"," ","U",156,"H"," ","U",144,"H"," ","U",133,"H"," ","U",161,"H"," ","U",144,"H"," ","U",122,"H"," ","U",133,"H"," ","U",133,"H"," ","U"
"228","USR0000CPIE",1996,7,"TAVG",226," "," ","U",218," "," ","U",202," "," ","U",184," "," ","U",195," "," ","U",232," "," ","U",239," "," ","U",223," "," ","U",231," "," ","U",229," "," ","U",237," "," ","U",232," "," ","U",212," "," ","U",226," "," ","U",211," "," ","U",191," "," ","U",167," "," ","U",150," "," ","U",172," "," ","U",211," "," ","U",239," "," ","U",253," "," ","U",243," "," ","U",247," "," ","U",237," "," ","U",240," "," ","U",237," "," ","U",183," "," ","U",219," "," ","U",226," "," ","U",216," "," ","U"
"229","USR0000CPIE",1996,8,"TMAX",289,"H"," ","U",261,"H"," ","U",233,"H"," ","U",272,"H"," ","U",250,"H"," ","U",272,"H"," ","U",311,"H"," ","U",328,"H"," ","U",350,"H"," ","U",333,"H"," ","U",328,"H"," ","U",306,"H"," ","U",322,"H"," ","U",300,"H"," ","U",306,"H"," ","U",306,"H"," ","U",283,"H"," ","U",256,"H"," ","U",250,"H"," ","U",250,"H"," ","U",283,"H"," ","U",317,"H"," ","U",333,"H"," ","U",322,"H"," ","U",311,"H"," ","U",267,"H"," ","U",250,"H"," ","U",322,"H"," ","U",333,"H"," ","U",311,"H"," ","U",311,"H"," ","U"
"230","USR0000CPIE",1996,8,"TMIN",117,"H"," ","U",106,"H"," ","U",100,"H"," ","U",67,"H"," ","U",111,"H"," ","U",72,"H"," ","U",111,"H"," ","U",128,"H"," ","U",144,"H"," ","U",139,"H"," ","U",172,"H"," ","U",161,"H"," ","U",144,"H"," ","U",133,"H"," ","U",117,"H"," ","U",133,"H"," ","U",106,"H"," ","U",94,"H"," ","U",83,"H"," ","U",72,"H"," ","U",78,"H"," ","U",117,"H"," ","U",139,"H"," ","U",161,"H"," ","U",144,"H"," ","U",106,"H"," ","U",89,"H"," ","U",89,"H"," ","U",139,"H"," ","U",117,"H"," ","U",133,"H"," ","U"
"231","USR0000CPIE",1996,8,"TAVG",202," "," ","U",190," "," ","U",163," "," ","U",176," "," ","U",176," "," ","U",180," "," ","U",220," "," ","U",231," "," ","U",247," "," ","U",242," "," ","U",246," "," ","U",214," "," ","U",222," "," ","U",218," "," ","U",221," "," ","U",219," "," ","U",199," "," ","U",163," "," ","U",164," "," ","U",165," "," ","U",183," "," ","U",213," "," ","U",225," "," ","U",214," "," ","U",210," "," ","U",182," "," ","U",158," "," ","U",204," "," ","U",234," "," ","U",222," "," ","U",214," "," ","U"
"232","USR0000CPIE",1996,9,"TMAX",300,"H"," ","U",283,"H"," ","U",261,"H"," ","U",217,"H"," ","U",211,"H"," ","U",250,"H"," ","U",261,"H"," ","U",272,"H"," ","U",300,"H"," ","U",289,"H"," ","U",272,"H"," ","U",217,"H"," ","U",106,"H"," ","U",189,"H"," ","U",128,"H"," ","U",144,"H"," ","U",183,"H"," ","U",200,"H"," ","U",239,"H"," ","U",261,"H"," ","U",233,"H"," ","U",222,"H"," ","U",239,"H"," ","U",250,"H"," ","U",250,"H"," ","U",211,"H"," ","U",217,"H"," ","U",272,"H"," ","U",289,"H"," ","U",250,"H"," ","U",NA," "," "," "
"233","USR0000CPIE",1996,9,"TMIN",100,"H"," ","U",94,"H"," ","U",100,"H"," ","U",78,"H"," ","U",22,"H"," ","U",50,"H"," ","U",61,"H"," ","U",83,"H"," ","U",100,"H"," ","U",106,"H"," ","U",117,"H"," ","U",61,"H"," ","U",44,"H"," ","U",22,"H"," ","U",56,"H"," ","U",0,"H"," ","U",6,"H"," ","U",22,"H"," ","U",50,"H"," ","U",50,"H"," ","U",106,"H"," ","U",56,"H"," ","U",50,"H"," ","U",61,"H"," ","U",72,"H"," ","U",72,"H"," ","U",78,"H"," ","U",78,"H"," ","U",100,"H"," ","U",111,"H"," ","U",NA," "," "," "
"234","USR0000CPIE",1996,9,"TAVG",199," "," ","U",191," "," ","U",177," "," ","U",136," "," ","U",115," "," ","U",150," "," ","U",166," "," ","U",190," "," ","U",189," "," ","U",199," "," ","U",181," "," ","U",138," "," ","U",73," "," ","U",106," "," ","U",85," "," ","U",76," "," ","U",106," "," ","U",103," "," ","U",135," "," ","U",158," "," ","U",158," "," ","U",127," "," ","U",140," "," ","U",153," "," ","U",138," "," ","U",144," "," ","U",149," "," ","U",173," "," ","U",189," "," ","U",171," "," ","U",NA," "," "," "
"235","USR0000CPIE",1996,10,"TMAX",256,"H"," ","U",272,"H"," ","U",267,"H"," ","U",244,"H"," ","U",267,"H"," ","U",306,"H"," ","U",300,"H"," ","U",317,"H"," ","U",306,"H"," ","U",250,"H"," ","U",222,"H"," ","U",206,"H"," ","U",167,"H"," ","U",211,"H"," ","U",183,"H"," ","U",122,"H"," ","U",167,"H"," ","U",78,"H"," ","U",61,"H"," ","U",61,"H"," ","U",133,"H"," ","U",128,"H"," ","U",144,"H"," ","U",89,"H"," ","U",33,"H"," ","U",39,"H"," ","U",83,"H"," ","U",111,"H"," ","U",22,"H"," ","U",44,"H"," ","U",56,"H"," ","U"
"236","USR0000CPIE",1996,10,"TMIN",94,"H"," ","U",83,"H"," ","U",89,"H"," ","U",89,"H"," ","U",67,"H"," ","U",89,"H"," ","U",117,"H"," ","U",117,"H"," ","U",128,"H"," ","U",100,"H"," ","U",94,"H"," ","U",78,"H"," ","U",28,"H"," ","U",11,"H"," ","U",0,"H"," ","U",-28,"H"," ","U",-22,"H"," ","U",-17,"H"," ","U",-56,"H"," ","U",-67,"H"," ","U",-56,"H"," ","U",-28,"H"," ","U",-28,"H"," ","U",-22,"H"," ","U",-44,"H"," ","U",-28,"H"," ","U",-17,"H"," ","U",-17,"H"," ","U",0,"H"," ","U",-11,"H"," ","U",0,"H"," ","U"
"237","USR0000CPIE",1996,10,"TAVG",161," "," ","U",172," "," ","U",173," "," ","U",158," "," ","U",165," "," ","U",189," "," ","U",200," "," ","U",209," "," ","U",202," "," ","U",163," "," ","U",146," "," ","U",128," "," ","U",90," "," ","U",100," "," ","U",90," "," ","U",34," "," ","U",74," "," ","U",35," "," ","U",-7," "," ","U",-4," "," ","U",27," "," ","U",42," "," ","U",54," "," ","U",42," "," ","U",-13," "," ","U",1," "," ","U",33," "," ","U",39," "," ","U",12," "," ","U",14," "," ","U",25," "," ","U"
"238","USR0000CPIE",1996,11,"TMAX",122,"H"," ","U",167,"H"," ","U",117,"H"," ","U",106,"H"," ","U",61,"H"," ","U",111,"H"," ","U",183,"H"," ","U",211,"H"," ","U",206,"H"," ","U",233,"H"," ","U",206,"H"," ","U",189,"H"," ","U",144,"H"," ","U",44,"H"," ","U",NA," "," "," ",NA," "," "," ",NA," "," "," ",NA," "," "," ",NA," "," "," ",NA," "," "," ",NA," "," "," ",NA," "," "," ",NA," "," "," ",NA," "," "," ",NA," "," "," ",NA," "," "," ",NA," "," "," ",NA," "," "," ",NA," "," "," ",NA," "," "," ",NA," "," "," "
"239","USR0000CPIE",1996,11,"TMIN",-6,"H"," ","U",6,"H"," ","U",-11,"H"," ","U",-28,"H"," ","U",-56,"H"," ","U",-56,"H"," ","U",-28,"H"," ","U",11,"H"," ","U",22,"H"," ","U",39,"H"," ","U",67,"H"," ","U",72,"H"," ","U",33,"H"," ","U",-17,"H"," ","U",NA," "," "," ",NA," "," "," ",NA," "," "," ",NA," "," "," ",NA," "," "," ",NA," "," "," ",NA," "," "," ",NA," "," "," ",NA," "," "," ",NA," "," "," ",NA," "," "," ",NA," "," "," ",NA," "," "," ",NA," "," "," ",NA," "," "," ",NA," "," "," ",NA," "," "," "
"240","USR0000CPIE",1996,11,"TAVG",47," "," ","U",72," "," ","U",53," "," ","U",30," "," ","U",-4," "," ","U",21," "," ","U",61," "," ","U",88," "," ","U",98," "," ","U",110," "," ","U",117," "," ","U",115," "," ","U",82," "," ","U",2," "," ","U",NA," "," "," ",NA," "," "," ",NA," "," "," ",NA," "," "," ",NA," "," "," ",NA," "," "," ",NA," "," "," ",NA," "," "," ",NA," "," "," ",NA," "," "," ",NA," "," "," ",NA," "," "," ",NA," "," "," ",NA," "," "," ",NA," "," "," ",NA," "," "," ",NA," "," "," "
"241","USR0000CPIE",1996,12,"TMAX",NA," "," "," ",NA," "," "," ",61,"H"," ","U",56,"H"," ","U",61,"H"," ","U",39,"H"," ","U",61,"H"," ","U",111,"H"," ","U",78,"H"," ","U",44,"H"," ","U",67,"H"," ","U",94,"H"," ","U",78,"H"," ","U",39,"H"," ","U",78,"H"," ","U",133,"H"," ","U",33,"H"," ","U",83,"H"," ","U",133,"H"," ","U",61,"H"," ","U",6,"H"," ","U",-6,"H"," ","U",33,"H"," ","U",56,"H"," ","U",106,"H"," ","U",50,"H"," ","U",44,"H"," ","U",50,"H"," ","U",56,"H"," ","U",72,"H"," ","U",106,"H"," ","U"
"242","USR0000CPIE",1996,12,"TMIN",NA," "," "," ",NA," "," "," ",-61,"H"," ","U",-56,"H"," ","U",0,"H"," ","U",-39,"H"," ","U",-44,"H"," ","U",50,"H"," ","U",33,"H"," ","U",0,"H"," ","U",0,"H"," ","U",22,"H"," ","U",-44,"H"," ","U",-67,"H"," ","U",-72,"H"," ","U",-78,"H"," ","U",-39,"H"," ","U",-78,"H"," ","U",-106,"H"," ","U",-56,"H"," ","U",-28,"H"," ","U",-33,"H"," ","U",-89,"H"," ","U",-156,"H"," ","U",-128,"H"," ","U",0,"H"," ","U",6,"H"," ","U",11,"H"," ","U",11,"H"," ","U",6,"H"," ","U",50,"H"," ","U"
"243","USR0000CPIE",1996,12,"TAVG",NA," "," "," ",NA," "," "," ",-5," "," ","U",8," "," ","U",29," "," ","U",0," "," ","U",14," "," ","U",72," "," ","U",53," "," ","U",11," "," ","U",31," "," ","U",43," "," ","U",26," "," ","U",-16," "," ","U",-17," "," ","U",-4," "," ","U",-8," "," ","U",-19," "," ","U",-19," "," ","U",-10," "," ","U",-11," "," ","U",-21," "," ","U",-16," "," ","U",-66," "," ","U",-27," "," ","U",22," "," ","U",17," "," ","U",24," "," ","U",37," "," ","U",45," "," ","U",77," "," ","U"
"244","USR0000CPIE",1997,1,"TMAX",100,"H"," ","U",83,"H"," ","U",72,"H"," ","U",50,"H"," ","U",-11,"H"," ","U",50,"H"," ","U",100,"H"," ","U",94,"H"," ","U",122,"H"," ","U",111,"H"," ","U",117,"H"," ","U",0,"H"," ","U",-78,"H"," ","U",33,"H"," ","U",50,"H"," ","U",100,"H"," ","U",128,"H"," ","U",139,"H"," ","U",122,"H"," ","U",28,"H"," ","U",33,"H"," ","U",6,"H"," ","U",83,"H"," ","U",44,"H"," ","U",56,"H"," ","U",NA," "," "," ",NA," "," "," ",NA," "," "," ",NA," "," "," ",NA," "," "," ",NA," "," "," "
"245","USR0000CPIE",1997,1,"TMIN",89,"H"," ","U",22,"H"," ","U",-39,"H"," ","U",-50,"H"," ","U",-56,"H"," ","U",-83,"H"," ","U",-100,"H"," ","U",-94,"H"," ","U",-67,"H"," ","U",-67,"H"," ","U",-78,"H"," ","U",-139,"H"," ","U",-167,"H"," ","U",-178,"H"," ","U",-128,"H"," ","U",-72,"H"," ","U",-22,"H"," ","U",-44,"H"," ","U",-28,"H"," ","U",-28,"H"," ","U",-28,"H"," ","U",-39,"H"," ","U",-56,"H"," ","U",-72,"H"," ","U",6,"H"," ","U",NA," "," "," ",NA," "," "," ",NA," "," "," ",NA," "," "," ",NA," "," "," ",NA," "," "," "
"246","USR0000CPIE",1997,1,"TAVG",95," "," ","U",48," "," ","U",12," "," ","U",-9," "," ","U",-34," "," ","U",-17," "," ","U",-23," "," ","U",-20," "," ","U",2," "," ","U",-7," "," ","U",-11," "," ","U",-61," "," ","U",-132," "," ","U",-88," "," ","U",-31," "," ","U",0," "," ","U",23," "," ","U",23," "," ","U",21," "," ","U",-3," "," ","U",-3," "," ","U",-14," "," ","U",-14," "," ","U",-18," "," ","U",28," "," ","U",NA," "," "," ",NA," "," "," ",NA," "," "," ",NA," "," "," ",NA," "," "," ",NA," "," "," "
"247","USR0000CPIE",1997,4,"TMAX",11,"H"," ","U",100,"H"," ","U",183,"H"," ","U",122,"H"," ","U",122,"H"," ","U",139,"H"," ","U",133,"H"," ","U",122,"H"," ","U",83,"H"," ","U",89,"H"," ","U",128,"H"," ","U",139,"H"," ","U",150,"H"," ","U",189,"H"," ","U",217,"H"," ","U",194,"H"," ","U",206,"H"," ","U",150,"H"," ","U",144,"H"," ","U",167,"H"," ","U",150,"H"," ","U",172,"H"," ","U",50,"H"," ","U",156,"H"," ","U",189,"H"," ","U",239,"H"," ","U",194,"H"," ","U",117,"H"," ","U",144,"H"," ","U",133,"H"," ","U",NA," "," "," "
"248","USR0000CPIE",1997,4,"TMIN",-22,"H"," ","U",-39,"H"," ","U",-33,"H"," ","U",-83,"H"," ","U",-56,"H"," ","U",-89,"H"," ","U",-33,"H"," ","U",-44,"H"," ","U",-39,"H"," ","U",-50,"H"," ","U",-56,"H"," ","U",-39,"H"," ","U",-33,"H"," ","U",-6,"H"," ","U",-28,"H"," ","U",-22,"H"," ","U",28,"H"," ","U",67,"H"," ","U",67,"H"," ","U",72,"H"," ","U",50,"H"," ","U",28,"H"," ","U",-17,"H"," ","U",-28,"H"," ","U",-33,"H"," ","U",-22,"H"," ","U",33,"H"," ","U",11,"H"," ","U",0,"H"," ","U",-11,"H"," ","U",NA," "," "," "
"249","USR0000CPIE",1997,4,"TAVG",-11," "," ","U",29," "," ","U",77," "," ","U",21," "," ","U",37," "," ","U",26," "," ","U",40," "," ","U",27," "," ","U",14," "," ","U",14," "," ","U",26," "," ","U",37," "," ","U",58," "," ","U",82," "," ","U",86," "," ","U",73," "," ","U",113," "," ","U",104," "," ","U",99," "," ","U",110," "," ","U",97," "," ","U",86," "," ","U",8," "," ","U",79," "," ","U",97," "," ","U",118," "," ","U",109," "," ","U",50," "," ","U",68," "," ","U",56," "," ","U",NA," "," "," "
"250","USR0000CPIE",1997,5,"TMAX",161,"H"," ","U",178,"H"," ","U",200,"H"," ","U",217,"H"," ","U",228,"H"," ","U",222,"H"," ","U",244,"H"," ","U",261,"H"," ","U",283,"H"," ","U",267,"H"," ","U",272,"H"," ","U",300,"H"," ","U",272,"H"," ","U",272,"H"," ","U",272,"H"," ","U",278,"H"," ","U",261,"H"," ","U",283,"H"," ","U",283,"H"," ","U",244,"H"," ","U",233,"H"," ","U",161,"H"," ","U",NA," "," "," ",NA," "," "," ",NA," "," "," ",NA," "," "," ",NA," "," "," ",NA," "," "," ",NA," "," "," ",NA," "," "," ",200,"H"," ","U"
"251","USR0000CPIE",1997,5,"TMIN",-33,"H"," ","U",-33,"H"," ","U",-33,"H"," ","U",6,"H"," ","U",-28,"H"," ","U",0,"H"," ","U",-22,"H"," ","U",-11,"H"," ","U",17,"H"," ","U",17,"H"," ","U",33,"H"," ","U",33,"H"," ","U",6,"H"," ","U",28,"H"," ","U",17,"H"," ","U",22,"H"," ","U",33,"H"," ","U",22,"H"," ","U",22,"H"," ","U",11,"H"," ","U",-11,"H"," ","U",44,"H"," ","U",NA," "," "," ",NA," "," "," ",NA," "," "," ",NA," "," "," ",NA," "," "," ",NA," "," "," ",NA," "," "," ",NA," "," "," ",94,"H"," ","U"
"252","USR0000CPIE",1997,5,"TAVG",58," "," ","U",62," "," ","U",86," "," ","U",124," "," ","U",96," "," ","U",108," "," ","U",96," "," ","U",128," "," ","U",154," "," ","U",138," "," ","U",141," "," ","U",158," "," ","U",127," "," ","U",132," "," ","U",126," "," ","U",141," "," ","U",134," "," ","U",155," "," ","U",157," "," ","U",122," "," ","U",118," "," ","U",83," "," ","U",NA," "," "," ",NA," "," "," ",NA," "," "," ",NA," "," "," ",NA," "," "," ",NA," "," "," ",NA," "," "," ",NA," "," "," ",140," "," ","U"
"253","USR0000CPIE",1997,6,"TMAX",211,"H"," ","U",217,"H"," ","U",156,"H"," ","U",111,"H"," ","U",172,"H"," ","U",217,"H"," ","U",250,"H"," ","U",211,"H"," ","U",194,"H"," ","U",194,"H"," ","U",206,"H"," ","U",172,"H"," ","U",178,"H"," ","U",211,"H"," ","U",256,"H"," ","U",294,"H"," ","U",256,"H"," ","U",272,"H"," ","U",256,"H"," ","U",250,"H"," ","U",217,"H"," ","U",217,"H"," ","U",217,"H"," ","U",244,"H"," ","U",267,"H"," ","U",261,"H"," ","U",244,"H"," ","U",206,"H"," ","U",194,"H"," ","U",94,"H"," ","U",NA," "," "," "
"254","USR0000CPIE",1997,6,"TMIN",78,"H"," ","U",44,"H"," ","U",61,"H"," ","U",39,"H"," ","U",17,"H"," ","U",56,"H"," ","U",72,"H"," ","U",72,"H"," ","U",72,"H"," ","U",67,"H"," ","U",67,"H"," ","U",39,"H"," ","U",39,"H"," ","U",89,"H"," ","U",100,"H"," ","U",117,"H"," ","U",111,"H"," ","U",100,"H"," ","U",100,"H"," ","U",89,"H"," ","U",78,"H"," ","U",67,"H"," ","U",39,"H"," ","U",67,"H"," ","U",139,"H"," ","U",106,"H"," ","U",100,"H"," ","U",67,"H"," ","U",22,"H"," ","U",17,"H"," ","U",NA," "," "," "
"255","USR0000CPIE",1997,6,"TAVG",127," "," ","U",139," "," ","U",94," "," ","U",76," "," ","U",96," "," ","U",139," "," ","U",152," "," ","U",128," "," ","U",113," "," ","U",122," "," ","U",138," "," ","U",94," "," ","U",108," "," ","U",152," "," ","U",178," "," ","U",203," "," ","U",193," "," ","U",194," "," ","U",176," "," ","U",166," "," ","U",156," "," ","U",134," "," ","U",135," "," ","U",144," "," ","U",214," "," ","U",181," "," ","U",173," "," ","U",140," "," ","U",112," "," ","U",52," "," ","U",NA," "," "," "
"256","USR0000CPIE",1997,7,"TMAX",217,"H"," ","U",222,"H"," ","U",294,"H"," ","U",289,"H"," ","U",267,"H"," ","U",283,"H"," ","U",311,"H"," ","U",306,"H"," ","U",267,"H"," ","U",239,"H"," ","U",239,"H"," ","U",272,"H"," ","U",300,"H"," ","U",300,"H"," ","U",294,"H"," ","U",256,"H"," ","U",244,"H"," ","U",267,"H"," ","U",294,"H"," ","U",317,"H"," ","U",300,"H"," ","U",194,"H"," ","U",294,"H"," ","U",278,"H"," ","U",294,"H"," ","U",300,"H"," ","U",289,"H"," ","U",294,"H"," ","U",267,"H"," ","U",272,"H"," ","U",272,"H"," ","U"
"257","USR0000CPIE",1997,7,"TMIN",-6,"H"," ","U",39,"H"," ","U",139,"H"," ","U",106,"H"," ","U",94,"H"," ","U",83,"H"," ","U",111,"H"," ","U",128,"H"," ","U",128,"H"," ","U",106,"H"," ","U",78,"H"," ","U",72,"H"," ","U",100,"H"," ","U",133,"H"," ","U",122,"H"," ","U",100,"H"," ","U",117,"H"," ","U",78,"H"," ","U",111,"H"," ","U",122,"H"," ","U",128,"H"," ","U",156,"H"," ","U",139,"H"," ","U",100,"H"," ","U",122,"H"," ","U",122,"H"," ","U",111,"H"," ","U",117,"H"," ","U",117,"H"," ","U",106,"H"," ","U",83,"H"," ","U"
"258","USR0000CPIE",1997,7,"TAVG",112," "," ","U",150," "," ","U",204," "," ","U",208," "," ","U",189," "," ","U",181," "," ","U",211," "," ","U",223," "," ","U",196," "," ","U",167," "," ","U",166," "," ","U",176," "," ","U",211," "," ","U",217," "," ","U",204," "," ","U",186," "," ","U",173," "," ","U",176," "," ","U",204," "," ","U",228," "," ","U",212," "," ","U",173," "," ","U",214," "," ","U",189," "," ","U",207," "," ","U",197," "," ","U",171," "," ","U",185," "," ","U",197," "," ","U",185," "," ","U",182," "," ","U"
"259","USR0000CPIE",1997,8,"TMAX",267,"H"," ","U",289,"H"," ","U",306,"H"," ","U",322,"H"," ","U",350,"H"," ","U",361,"H"," ","U",333,"H"," ","U",322,"H"," ","U",289,"H"," ","U",256,"H"," ","U",278,"H"," ","U",294,"H"," ","U",322,"H"," ","U",333,"H"," ","U",300,"H"," ","U",267,"H"," ","U",244,"H"," ","U",256,"H"," ","U",256,"H"," ","U",206,"H"," ","U",278,"H"," ","U",283,"H"," ","U",261,"H"," ","U",233,"H"," ","U",256,"H"," ","U",250,"H"," ","U",239,"H"," ","U",233,"H"," ","U",261,"H"," ","U",267,"H"," ","U",261,"H"," ","U"
"260","USR0000CPIE",1997,8,"TMIN",111,"H"," ","U",78,"H"," ","U",94,"H"," ","U",122,"H"," ","U",122,"H"," ","U",156,"H"," ","U",156,"H"," ","U",150,"H"," ","U",122,"H"," ","U",111,"H"," ","U",111,"H"," ","U",122,"H"," ","U",106,"H"," ","U",122,"H"," ","U",128,"H"," ","U",128,"H"," ","U",111,"H"," ","U",100,"H"," ","U",122,"H"," ","U",117,"H"," ","U",100,"H"," ","U",122,"H"," ","U",100,"H"," ","U",83,"H"," ","U",94,"H"," ","U",78,"H"," ","U",72,"H"," ","U",78,"H"," ","U",61,"H"," ","U",83,"H"," ","U",117,"H"," ","U"
"261","USR0000CPIE",1997,8,"TAVG",186," "," ","U",187," "," ","U",209," "," ","U",214," "," ","U",244," "," ","U",269," "," ","U",249," "," ","U",240," "," ","U",207," "," ","U",162," "," ","U",209," "," ","U",207," "," ","U",221," "," ","U",226," "," ","U",212," "," ","U",200," "," ","U",172," "," ","U",174," "," ","U",182," "," ","U",150," "," ","U",184," "," ","U",200," "," ","U",163," "," ","U",154," "," ","U",172," "," ","U",163," "," ","U",151," "," ","U",153," "," ","U",163," "," ","U",162," "," ","U",176," "," ","U"
"262","USR0000CPIE",1997,9,"TMAX",250,"H"," ","U",NA," "," "," ",NA," "," "," ",272,"H"," ","U",267,"H"," ","U",267,"H"," ","U",283,"H"," ","U",283,"H"," ","U",278,"H"," ","U",233,"H"," ","U",228,"H"," ","U",250,"H"," ","U",239,"H"," ","U",172,"H"," ","U",139,"H"," ","U",211,"H"," ","U",189,"H"," ","U",183,"H"," ","U",172,"H"," ","U",200,"H"," ","U",272,"H"," ","U",272,"H"," ","U",267,"H"," ","U",261,"H"," ","U",217,"H"," ","U",211,"H"," ","U",206,"H"," ","U",228,"H"," ","U",256,"H"," ","U",261,"H"," ","U",NA," "," "," "
"263","USR0000CPIE",1997,9,"TMIN",111,"H"," ","U",NA," "," "," ",NA," "," "," ",144,"H"," ","U",111,"H"," ","U",122,"H"," ","U",106,"H"," ","U",117,"H"," ","U",128,"H"," ","U",78,"H"," ","U",50,"H"," ","U",61,"H"," ","U",89,"H"," ","U",22,"H"," ","U",0,"H"," ","U",6,"H"," ","U",72,"H"," ","U",50,"H"," ","U",33,"H"," ","U",50,"H"," ","U",67,"H"," ","U",78,"H"," ","U",128,"H"," ","U",122,"H"," ","U",117,"H"," ","U",72,"H"," ","U",22,"H"," ","U",67,"H"," ","U",89,"H"," ","U",128,"H"," ","U",NA," "," "," "
"264","USR0000CPIE",1997,9,"TAVG",156," "," ","U",NA," "," "," ",NA," "," "," ",228," "," ","U",181," "," ","U",184," "," ","U",189," "," ","U",182," "," ","U",188," "," ","U",152," "," ","U",131," "," ","U",151," "," ","U",154," "," ","U",84," "," ","U",64," "," ","U",112," "," ","U",127," "," ","U",110," "," ","U",86," "," ","U",123," "," ","U",161," "," ","U",174," "," ","U",207," "," ","U",199," "," ","U",158," "," ","U",144," "," ","U",122," "," ","U",146," "," ","U",159," "," ","U",182," "," ","U",NA," "," "," "
"265","USR0000CPIE",1997,10,"TMAX",217,"H"," ","U",150,"H"," ","U",200,"H"," ","U",217,"H"," ","U",156,"H"," ","U",100,"H"," ","U",133,"H"," ","U",106,"H"," ","U",106,"H"," ","U",67,"H"," ","U",78,"H"," ","U",106,"H"," ","U",178,"H"," ","U",228,"H"," ","U",250,"H"," ","U",250,"H"," ","U",217,"H"," ","U",217,"H"," ","U",178,"H"," ","U",167,"H"," ","U",217,"H"," ","U",211,"H"," ","U",150,"H"," ","U",78,"H"," ","U",111,"H"," ","U",144,"H"," ","U",161,"H"," ","U",144,"H"," ","U",111,"H"," ","U",172,"H"," ","U",172,"H"," ","U"
"266","USR0000CPIE",1997,10,"TMIN",89,"H"," ","U",33,"H"," ","U",0,"H"," ","U",83,"H"," ","U",56,"H"," ","U",11,"H"," ","U",-11,"H"," ","U",11,"H"," ","U",0,"H"," ","U",-11,"H"," ","U",-28,"H"," ","U",-22,"H"," ","U",0,"H"," ","U",28,"H"," ","U",39,"H"," ","U",56,"H"," ","U",56,"H"," ","U",33,"H"," ","U",50,"H"," ","U",28,"H"," ","U",39,"H"," ","U",33,"H"," ","U",-17,"H"," ","U",-33,"H"," ","U",-11,"H"," ","U",-11,"H"," ","U",0,"H"," ","U",6,"H"," ","U",39,"H"," ","U",56,"H"," ","U",50,"H"," ","U"
"267","USR0000CPIE",1997,10,"TAVG",146," "," ","U",84," "," ","U",100," "," ","U",133," "," ","U",101," "," ","U",49," "," ","U",47," "," ","U",47," "," ","U",46," "," ","U",21," "," ","U",11," "," ","U",36," "," ","U",67," "," ","U",114," "," ","U",133," "," ","U",137," "," ","U",125," "," ","U",117," "," ","U",106," "," ","U",98," "," ","U",115," "," ","U",111," "," ","U",69," "," ","U",18," "," ","U",41," "," ","U",59," "," ","U",73," "," ","U",64," "," ","U",69," "," ","U",98," "," ","U",100," "," ","U"
"268","USR0000CPIE",1997,11,"TMAX",217,"H"," ","U",239,"H"," ","U",206,"H"," ","U",211,"H"," ","U",206,"H"," ","U",156,"H"," ","U",111,"H"," ","U",111,"H"," ","U",111,"H"," ","U",94,"H"," ","U",67,"H"," ","U",72,"H"," ","U",44,"H"," ","U",39,"H"," ","U",17,"H"," ","U",28,"H"," ","U",56,"H"," ","U",44,"H"," ","U",50,"H"," ","U",78,"H"," ","U",83,"H"," ","U",111,"H"," ","U",78,"H"," ","U",78,"H"," ","U",89,"H"," ","U",56,"H"," ","U",89,"H"," ","U",122,"H"," ","U",100,"H"," ","U",89,"H"," ","U",NA," "," "," "
"269","USR0000CPIE",1997,11,"TMIN",22,"H"," ","U",33,"H"," ","U",56,"H"," ","U",50,"H"," ","U",44,"H"," ","U",44,"H"," ","U",-11,"H"," ","U",-33,"H"," ","U",17,"H"," ","U",-6,"H"," ","U",6,"H"," ","U",-6,"H"," ","U",0,"H"," ","U",-22,"H"," ","U",-33,"H"," ","U",-17,"H"," ","U",-22,"H"," ","U",-33,"H"," ","U",0,"H"," ","U",-33,"H"," ","U",-22,"H"," ","U",-22,"H"," ","U",22,"H"," ","U",11,"H"," ","U",-17,"H"," ","U",0,"H"," ","U",-22,"H"," ","U",-39,"H"," ","U",-11,"H"," ","U",-6,"H"," ","U",NA," "," "," "
"270","USR0000CPIE",1997,11,"TAVG",108," "," ","U",118," "," ","U",111," "," ","U",114," "," ","U",112," "," ","U",95," "," ","U",46," "," ","U",25," "," ","U",39," "," ","U",31," "," ","U",25," "," ","U",27," "," ","U",12," "," ","U",7," "," ","U",-10," "," ","U",7," "," ","U",9," "," ","U",0," "," ","U",18," "," ","U",11," "," ","U",28," "," ","U",52," "," ","U",48," "," ","U",42," "," ","U",33," "," ","U",13," "," ","U",14," "," ","U",22," "," ","U",24," "," ","U",26," "," ","U",NA," "," "," "
"271","USR0000CPIE",1997,12,"TMAX",61,"H"," ","U",89,"H"," ","U",100,"H"," ","U",83,"H"," ","U",11,"H"," ","U",39,"H"," ","U",11,"H"," ","U",39,"H"," ","U",72,"H"," ","U",67,"H"," ","U",39,"H"," ","U",61,"H"," ","U",122,"H"," ","U",44,"H"," ","U",67,"H"," ","U",50,"H"," ","U",44,"H"," ","U",28,"H"," ","U",39,"H"," ","U",72,"H"," ","U",17,"H"," ","U",-6,"H"," ","U",50,"H"," ","U",6,"H"," ","U",44,"H"," ","U",94,"H"," ","U",117,"H"," ","U",133,"H"," ","U",144,"H"," ","U",133,"H"," ","U",106,"H"," ","U"
"272","USR0000CPIE",1997,12,"TMIN",-33,"H"," ","U",-50,"H"," ","U",-44,"H"," ","U",-28,"H"," ","U",-17,"H"," ","U",-11,"H"," ","U",-39,"H"," ","U",-56,"H"," ","U",-100,"H"," ","U",-89,"H"," ","U",-83,"H"," ","U",-94,"H"," ","U",-78,"H"," ","U",-22,"H"," ","U",-33,"H"," ","U",-22,"H"," ","U",-17,"H"," ","U",-78,"H"," ","U",-72,"H"," ","U",-78,"H"," ","U",-89,"H"," ","U",-89,"H"," ","U",-106,"H"," ","U",-67,"H"," ","U",-89,"H"," ","U",-100,"H"," ","U",-61,"H"," ","U",-28,"H"," ","U",-22,"H"," ","U",-33,"H"," ","U",6,"H"," ","U"
"273","USR0000CPIE",1997,12,"TAVG",-1," "," ","U",0," "," ","U",7," "," ","U",14," "," ","U",-7," "," ","U",5," "," ","U",-8," "," ","U",-27," "," ","U",-37," "," ","U",-33," "," ","U",-39," "," ","U",-45," "," ","U",6," "," ","U",3," "," ","U",1," "," ","U",20," "," ","U",14," "," ","U",-25," "," ","U",-32," "," ","U",-16," "," ","U",-51," "," ","U",-65," "," ","U",-38," "," ","U",-40," "," ","U",-47," "," ","U",-27," "," ","U",12," "," ","U",54," "," ","U",36," "," ","U",26," "," ","U",51," "," ","U"
"274","USR0000CPIE",1998,1,"TMAX",94,"H"," ","U",61,"H"," ","U",33,"H"," ","U",6,"H"," ","U",56,"H"," ","U",0,"H"," ","U",33,"H"," ","U",100,"H"," ","U",56,"H"," ","U",33,"H"," ","U",22,"H"," ","U",56,"H"," ","U",39,"H"," ","U",22,"H"," ","U",44,"H"," ","U",67,"H"," ","U",78,"H"," ","U",83,"H"," ","U",11,"H"," ","U",67,"H"," ","U",94,"H"," ","U",44,"H"," ","U",89,"H"," ","U",117,"H"," ","U",161,"H"," ","U",183,"H"," ","U",222,"H"," ","U",433,"H","G","U",556,"H","G","U",411,"H","G","U",367,"H","G","U"
"275","USR0000CPIE",1998,1,"TMIN",0,"H"," ","U",-6,"H"," ","U",-17,"H"," ","U",-83,"H"," ","U",-106,"H"," ","U",-111,"H"," ","U",-28,"H"," ","U",-44,"H"," ","U",-6,"H"," ","U",0,"H"," ","U",6,"H"," ","U",-11,"H"," ","U",-22,"H"," ","U",-22,"H"," ","U",6,"H"," ","U",28,"H"," ","U",28,"H"," ","U",-28,"H"," ","U",-44,"H"," ","U",-89,"H"," ","U",-111,"H"," ","U",-17,"H"," ","U",-6,"H"," ","U",0,"H"," ","U",-11,"H"," ","U",28,"H"," ","U",100,"H"," ","U",-6,"H"," ","U",156,"H","S","U",-39,"H"," ","U",-44,"H"," ","U"
"276","USR0000CPIE",1998,1,"TAVG",43," "," ","U",10," "," ","U",2," "," ","U",-37," "," ","U",-46," "," ","U",-53," "," ","U",-1," "," ","U",12," "," ","U",17," "," ","U",13," "," ","U",15," "," ","U",14," "," ","U",-6," "," ","U",1," "," ","U",24," "," ","U",48," "," ","U",46," "," ","U",17," "," ","U",-26," "," ","U",-26," "," ","U",-33," "," ","U",9," "," ","U",24," "," ","U",45," "," ","U",62," "," ","U",102," "," ","U",172," "," ","U",264," "," ","U",435," ","G","U",214," "," ","U",203," "," ","U"
"277","USR0000CPIE",1998,2,"TMAX",306,"H","S","U",211,"H","S","U",233,"H","S","U",244,"H","S","U",317,"H","S","U",283,"H","S","U",244,"H","S","U",267,"H","S","U",89,"H"," ","U",11,"H"," ","U",78,"H"," ","U",56,"H"," ","U",94,"H"," ","U",33,"H"," ","U",50,"H"," ","U",39,"H"," ","U",50,"H"," ","U",78,"H"," ","U",33,"H"," ","U",72,"H"," ","U",0,"H"," ","U",-22,"H"," ","U",NA," "," "," ",NA," "," "," ",NA," "," "," ",NA," "," "," ",NA," "," "," ",NA," "," "," ",NA," "," "," ",NA," "," "," ",NA," "," "," "
"278","USR0000CPIE",1998,2,"TMIN",-6,"H"," ","U",28,"H"," ","U",128,"H"," ","U",-50,"H"," ","U",233,"H","G","U",-17,"H"," ","U",-22,"H"," ","U",-56,"H"," ","U",-78,"H"," ","U",-50,"H"," ","U",-22,"H"," ","U",-6,"H"," ","U",-11,"H"," ","U",-33,"H"," ","U",-72,"H"," ","U",-78,"H"," ","U",-39,"H"," ","U",-33,"H"," ","U",-33,"H"," ","U",-50,"H"," ","U",-33,"H"," ","U",-33,"H"," ","U",NA," "," "," ",NA," "," "," ",NA," "," "," ",NA," "," "," ",NA," "," "," ",NA," "," "," ",NA," "," "," ",NA," "," "," ",NA," "," "," "
"279","USR0000CPIE",1998,2,"TAVG",208," "," ","U",121," "," ","U",193," "," ","U",167," "," ","U",256," "," ","U",230," "," ","U",97," "," ","U",107," "," ","U",-18," "," ","U",-17," "," ","U",2," "," ","U",26," "," ","U",35," "," ","U",-6," "," ","U",-23," "," ","U",-33," "," ","U",-12," "," ","U",9," "," ","U",-3," "," ","U",-12," "," ","U",-14," "," ","U",-28," "," ","U",NA," "," "," ",NA," "," "," ",NA," "," "," ",NA," "," "," ",NA," "," "," ",NA," "," "," ",NA," "," "," ",NA," "," "," ",NA," "," "," "
"280","USR0000CPIE",1998,4,"TMAX",NA," "," "," ",NA," "," "," ",NA," "," "," ",NA," "," "," ",NA," "," "," ",NA," "," "," ",NA," "," "," ",NA," "," "," ",NA," "," "," ",NA," "," "," ",NA," "," "," ",NA," "," "," ",NA," "," "," ",NA," "," "," ",NA," "," "," ",NA," "," "," ",NA," "," "," ",NA," "," "," ",NA," "," "," ",NA," "," "," ",NA," "," "," ",189,"H"," ","U",100,"H"," ","U",100,"H"," ","U",122,"H"," ","U",156,"H"," ","U",172,"H"," ","U",217,"H"," ","U",228,"H"," ","U",222,"H"," ","U",NA," "," "," "
"281","USR0000CPIE",1998,4,"TMIN",NA," "," "," ",NA," "," "," ",NA," "," "," ",NA," "," "," ",NA," "," "," ",NA," "," "," ",NA," "," "," ",NA," "," "," ",NA," "," "," ",NA," "," "," ",NA," "," "," ",NA," "," "," ",NA," "," "," ",NA," "," "," ",NA," "," "," ",NA," "," "," ",NA," "," "," ",NA," "," "," ",NA," "," "," ",NA," "," "," ",NA," "," "," ",83,"H"," ","U",11,"H"," ","U",-22,"H"," ","U",-28,"H"," ","U",11,"H"," ","U",39,"H"," ","U",56,"H"," ","U",56,"H"," ","U",44,"H"," ","U",NA," "," "," "
"282","USR0000CPIE",1998,4,"TAVG",NA," "," "," ",NA," "," "," ",NA," "," "," ",NA," "," "," ",NA," "," "," ",NA," "," "," ",NA," "," "," ",NA," "," "," ",NA," "," "," ",NA," "," "," ",NA," "," "," ",NA," "," "," ",NA," "," "," ",NA," "," "," ",NA," "," "," ",NA," "," "," ",NA," "," "," ",NA," "," "," ",NA," "," "," ",NA," "," "," ",NA," "," "," ",130," "," ","U",54," "," ","U",27," "," ","U",45," "," ","U",83," "," ","U",109," "," ","U",138," "," ","U",142," "," ","U",129," "," ","U",NA," "," "," "
"283","USR0000CPIE",1998,5,"TMAX",189,"H"," ","U",133,"H"," ","U",106,"H"," ","U",111,"H"," ","U",128,"H"," ","U",83,"H"," ","U",172,"H"," ","U",89,"H"," ","U",67,"H"," ","U",56,"H"," ","U",106,"H"," ","U",89,"H"," ","U",83,"H"," ","U",39,"H"," ","U",117,"H"," ","U",44,"H"," ","U",94,"H"," ","U",167,"H"," ","U",150,"H"," ","U",128,"H"," ","U",78,"H"," ","U",178,"H"," ","U",111,"H"," ","U",167,"H"," ","U",78,"H"," ","U",44,"H"," ","U",72,"H"," ","U",117,"H"," ","U",83,"H"," ","U",167,"H"," ","U",228,"H"," ","U"
"284","USR0000CPIE",1998,5,"TMIN",50,"H"," ","U",22,"H"," ","U",28,"H"," ","U",33,"H"," ","U",0,"H"," ","U",28,"H"," ","U",56,"H"," ","U",28,"H"," ","U",0,"H"," ","U",-6,"H"," ","U",-11,"H"," ","U",-28,"H"," ","U",-6,"H"," ","U",11,"H"," ","U",6,"H"," ","U",-17,"H"," ","U",-28,"H"," ","U",-6,"H"," ","U",11,"H"," ","U",-17,"H"," ","U",0,"H"," ","U",-17,"H"," ","U",44,"H"," ","U",28,"H"," ","U",-11,"H"," ","U",-17,"H"," ","U",-22,"H"," ","U",-6,"H"," ","U",-11,"H"," ","U",-11,"H"," ","U",44,"H"," ","U"
"285","USR0000CPIE",1998,5,"TAVG",106," "," ","U",63," "," ","U",56," "," ","U",62," "," ","U",64," "," ","U",54," "," ","U",99," "," ","U",66," "," ","U",23," "," ","U",25," "," ","U",40," "," ","U",15," "," ","U",27," "," ","U",21," "," ","U",51," "," ","U",12," "," ","U",26," "," ","U",76," "," ","U",77," "," ","U",53," "," ","U",28," "," ","U",80," "," ","U",72," "," ","U",87," "," ","U",33," "," ","U",4," "," ","U",23," "," ","U",38," "," ","U",25," "," ","U",86," "," ","U",134," "," ","U"
"286","USR0000CPIE",1998,6,"TMAX",228,"H"," ","U",172,"H"," ","U",128,"H"," ","U",167,"H"," ","U",194,"H"," ","U",194,"H"," ","U",167,"H"," ","U",172,"H"," ","U",200,"H"," ","U",100,"H"," ","U",144,"H"," ","U",200,"H"," ","U",217,"H"," ","U",228,"H"," ","U",239,"H"," ","U",150,"H"," ","U",233,"H"," ","U",233,"H"," ","U",244,"H"," ","U",256,"H"," ","U",244,"H"," ","U",233,"H"," ","U",217,"H"," ","U",200,"H"," ","U",178,"H"," ","U",217,"H"," ","U",256,"H"," ","U",250,"H"," ","U",256,"H"," ","U",250,"H"," ","U",NA," "," "," "
"287","USR0000CPIE",1998,6,"TMIN",61,"H"," ","U",61,"H"," ","U",50,"H"," ","U",50,"H"," ","U",33,"H"," ","U",61,"H"," ","U",33,"H"," ","U",44,"H"," ","U",56,"H"," ","U",67,"H"," ","U",67,"H"," ","U",50,"H"," ","U",78,"H"," ","U",67,"H"," ","U",83,"H"," ","U",44,"H"," ","U",33,"H"," ","U",78,"H"," ","U",94,"H"," ","U",72,"H"," ","U",89,"H"," ","U",72,"H"," ","U",56,"H"," ","U",56,"H"," ","U",56,"H"," ","U",33,"H"," ","U",50,"H"," ","U",89,"H"," ","U",83,"H"," ","U",72,"H"," ","U",NA," "," "," "
"288","USR0000CPIE",1998,6,"TAVG",136," "," ","U",110," "," ","U",77," "," ","U",94," "," ","U",120," "," ","U",112," "," ","U",77," "," ","U",102," "," ","U",126," "," ","U",88," "," ","U",92," "," ","U",114," "," ","U",140," "," ","U",151," "," ","U",162," "," ","U",95," "," ","U",145," "," ","U",144," "," ","U",163," "," ","U",164," "," ","U",161," "," ","U",143," "," ","U",127," "," ","U",128," "," ","U",122," "," ","U",124," "," ","U",158," "," ","U",171," "," ","U",175," "," ","U",167," "," ","U",NA," "," "," "
"289","USR0000CPIE",1998,7,"TMAX",261,"H"," ","U",261,"H"," ","U",261,"H"," ","U",261,"H"," ","U",300,"H"," ","U",300,"H"," ","U",283,"H"," ","U",289,"H"," ","U",272,"H"," ","U",244,"H"," ","U",261,"H"," ","U",300,"H"," ","U",283,"H"," ","U",283,"H"," ","U",311,"H"," ","U",356,"H"," ","U",328,"H"," ","U",322,"H"," ","U",333,"H"," ","U",328,"H"," ","U",322,"H"," ","U",272,"H"," ","U",278,"H"," ","U",283,"H"," ","U",289,"H"," ","U",311,"H"," ","U",306,"H"," ","U",317,"H"," ","U",278,"H"," ","U",244,"H"," ","U",244,"H"," ","U"
"290","USR0000CPIE",1998,7,"TMIN",56,"H"," ","U",78,"H"," ","U",78,"H"," ","U",78,"H"," ","U",83,"H"," ","U",117,"H"," ","U",106,"H"," ","U",100,"H"," ","U",100,"H"," ","U",100,"H"," ","U",56,"H"," ","U",83,"H"," ","U",100,"H"," ","U",94,"H"," ","U",89,"H"," ","U",139,"H"," ","U",156,"H"," ","U",122,"H"," ","U",128,"H"," ","U",133,"H"," ","U",111,"H"," ","U",156,"H"," ","U",133,"H"," ","U",117,"H"," ","U",117,"H"," ","U",128,"H"," ","U",117,"H"," ","U",133,"H"," ","U",117,"H"," ","U",83,"H"," ","U",83,"H"," ","U"
"291","USR0000CPIE",1998,7,"TAVG",171," "," ","U",168," "," ","U",171," "," ","U",174," "," ","U",189," "," ","U",199," "," ","U",197," "," ","U",197," "," ","U",191," "," ","U",172," "," ","U",172," "," ","U",201," "," ","U",193," "," ","U",192," "," ","U",211," "," ","U",251," "," ","U",248," "," ","U",233," "," ","U",234," "," ","U",232," "," ","U",248," "," ","U",207," "," ","U",203," "," ","U",180," "," ","U",204," "," ","U",207," "," ","U",222," "," ","U",226," "," ","U",196," "," ","U",162," "," ","U",157," "," ","U"
"292","USR0000CPIE",1998,8,"TMAX",283,"H"," ","U",328,"H"," ","U",333,"H"," ","U",350,"H"," ","U",333,"H"," ","U",317,"H"," ","U",289,"H"," ","U",283,"H"," ","U",289,"H"," ","U",306,"H"," ","U",322,"H"," ","U",356,"H"," ","U",361,"H"," ","U",344,"H"," ","U",300,"H"," ","U",283,"H"," ","U",250,"H"," ","U",250,"H"," ","U",250,"H"," ","U",239,"H"," ","U",250,"H"," ","U",272,"H"," ","U",283,"H"," ","U",294,"H"," ","U",267,"H"," ","U",267,"H"," ","U",328,"H"," ","U",333,"H"," ","U",339,"H"," ","U",322,"H"," ","U",333,"H"," ","U"
"293","USR0000CPIE",1998,8,"TMIN",94,"H"," ","U",122,"H"," ","U",139,"H"," ","U",161,"H"," ","U",156,"H"," ","U",150,"H"," ","U",122,"H"," ","U",89,"H"," ","U",89,"H"," ","U",106,"H"," ","U",117,"H"," ","U",144,"H"," ","U",167,"H"," ","U",161,"H"," ","U",133,"H"," ","U",117,"H"," ","U",94,"H"," ","U",61,"H"," ","U",72,"H"," ","U",72,"H"," ","U",50,"H"," ","U",61,"H"," ","U",100,"H"," ","U",83,"H"," ","U",94,"H"," ","U",72,"H"," ","U",78,"H"," ","U",111,"H"," ","U",133,"H"," ","U",150,"H"," ","U",133,"H"," ","U"
"294","USR0000CPIE",1998,8,"TAVG",194," "," ","U",225," "," ","U",245," "," ","U",259," "," ","U",251," "," ","U",232," "," ","U",210," "," ","U",194," "," ","U",195," "," ","U",212," "," ","U",227," "," ","U",247," "," ","U",257," "," ","U",241," "," ","U",217," "," ","U",199," "," ","U",171," "," ","U",156," "," ","U",159," "," ","U",154," "," ","U",156," "," ","U",168," "," ","U",183," "," ","U",189," "," ","U",180," "," ","U",171," "," ","U",208," "," ","U",221," "," ","U",234," "," ","U",231," "," ","U",235," "," ","U"
"295","USR0000CPIE",1998,9,"TMAX",344,"H"," ","U",344,"H"," ","U",344,"H"," ","U",333,"H"," ","U",300,"H"," ","U",300,"H"," ","U",272,"H"," ","U",250,"H"," ","U",211,"H"," ","U",172,"H"," ","U",228,"H"," ","U",250,"H"," ","U",267,"H"," ","U",294,"H"," ","U",289,"H"," ","U",289,"H"," ","U",239,"H"," ","U",211,"H"," ","U",200,"H"," ","U",228,"H"," ","U",211,"H"," ","U",211,"H"," ","U",217,"H"," ","U",233,"H"," ","U",133,"H"," ","U",94,"H"," ","U",106,"H"," ","U",200,"H"," ","U",222,"H"," ","U",239,"H"," ","U",NA," "," "," "
"296","USR0000CPIE",1998,9,"TMIN",156,"H"," ","U",139,"H"," ","U",139,"H"," ","U",144,"H"," ","U",161,"H"," ","U",139,"H"," ","U",122,"H"," ","U",111,"H"," ","U",39,"H"," ","U",22,"H"," ","U",78,"H"," ","U",89,"H"," ","U",94,"H"," ","U",100,"H"," ","U",122,"H"," ","U",111,"H"," ","U",89,"H"," ","U",56,"H"," ","U",28,"H"," ","U",61,"H"," ","U",44,"H"," ","U",56,"H"," ","U",39,"H"," ","U",72,"H"," ","U",72,"H"," ","U",22,"H"," ","U",11,"H"," ","U",11,"H"," ","U",72,"H"," ","U",61,"H"," ","U",NA," "," "," "
"297","USR0000CPIE",1998,9,"TAVG",246," "," ","U",249," "," ","U",242," "," ","U",231," "," ","U",209," "," ","U",209," "," ","U",192," "," ","U",171," "," ","U",133," "," ","U",96," "," ","U",150," "," ","U",168," "," ","U",179," "," ","U",197," "," ","U",197," "," ","U",193," "," ","U",162," "," ","U",123," "," ","U",116," "," ","U",136," "," ","U",119," "," ","U",118," "," ","U",126," "," ","U",133," "," ","U",92," "," ","U",61," "," ","U",60," "," ","U",105," "," ","U",134," "," ","U",143," "," ","U",NA," "," "," "
"298","USR0000CPIE",1998,10,"TMAX",206,"H"," ","U",167,"H"," ","U",100,"H"," ","U",139,"H"," ","U",150,"H"," ","U",206,"H"," ","U",194,"H"," ","U",167,"H"," ","U",144,"H"," ","U",172,"H"," ","U",206,"H"," ","U",222,"H"," ","U",144,"H"," ","U",122,"H"," ","U",111,"H"," ","U",100,"H"," ","U",172,"H"," ","U",144,"H"," ","U",150,"H"," ","U",167,"H"," ","U",194,"H"," ","U",200,"H"," ","U",194,"H"," ","U",106,"H"," ","U",100,"H"," ","U",167,"H"," ","U",167,"H"," ","U",106,"H"," ","U",72,"H"," ","U",111,"H"," ","U",156,"H"," ","U"
"299","USR0000CPIE",1998,10,"TMIN",72,"H"," ","U",39,"H"," ","U",0,"H"," ","U",-22,"H"," ","U",39,"H"," ","U",44,"H"," ","U",44,"H"," ","U",44,"H"," ","U",0,"H"," ","U",-33,"H"," ","U",6,"H"," ","U",67,"H"," ","U",22,"H"," ","U",0,"H"," ","U",0,"H"," ","U",-17,"H"," ","U",-17,"H"," ","U",0,"H"," ","U",39,"H"," ","U",44,"H"," ","U",33,"H"," ","U",33,"H"," ","U",33,"H"," ","U",11,"H"," ","U",6,"H"," ","U",6,"H"," ","U",11,"H"," ","U",39,"H"," ","U",-17,"H"," ","U",-22,"H"," ","U",-33,"H"," ","U"
"300","USR0000CPIE",1998,10,"TAVG",125," "," ","U",87," "," ","U",46," "," ","U",59," "," ","U",89," "," ","U",110," "," ","U",106," "," ","U",91," "," ","U",66," "," ","U",58," "," ","U",99," "," ","U",116," "," ","U",72," "," ","U",28," "," ","U",51," "," ","U",32," "," ","U",67," "," ","U",79," "," ","U",93," "," ","U",99," "," ","U",107," "," ","U",103," "," ","U",107," "," ","U",53," "," ","U",52," "," ","U",71," "," ","U",77," "," ","U",62," "," ","U",24," "," ","U",31," "," ","U",44," "," ","U"
"301","USR0000CPIE",1998,11,"TMAX",106,"H"," ","U",128,"H"," ","U",100,"H"," ","U",111,"H"," ","U",72,"H"," ","U",22,"H"," ","U",28,"H"," ","U",50,"H"," ","U",61,"H"," ","U",22,"H"," ","U",78,"H"," ","U",128,"H"," ","U",156,"H"," ","U",178,"H"," ","U",89,"H"," ","U",83,"H"," ","U",17,"H"," ","U",89,"H"," ","U",122,"H"," ","U",78,"H"," ","U",78,"H"," ","U",56,"H"," ","U",39,"H"," ","U",22,"H"," ","U",117,"H"," ","U",117,"H"," ","U",28,"H"," ","U",56,"H"," ","U",39,"H"," ","U",44,"H"," ","U",NA," "," "," "
"302","USR0000CPIE",1998,11,"TMIN",-22,"H"," ","U",-39,"H"," ","U",-6,"H"," ","U",-17,"H"," ","U",-33,"H"," ","U",-39,"H"," ","U",-17,"H"," ","U",-61,"H"," ","U",-78,"H"," ","U",-33,"H"," ","U",-28,"H"," ","U",-56,"H"," ","U",-22,"H"," ","U",11,"H"," ","U",0,"H"," ","U",-17,"H"," ","U",-22,"H"," ","U",-50,"H"," ","U",-67,"H"," ","U",-33,"H"," ","U",0,"H"," ","U",0,"H"," ","U",-17,"H"," ","U",-28,"H"," ","U",-11,"H"," ","U",0,"H"," ","U",-733,"H","G","U",-22,"H"," ","U",-33,"H"," ","U",-11,"H"," ","U",NA," "," "," "
"303","USR0000CPIE",1998,11,"TAVG",29," "," ","U",31," "," ","U",42," "," ","U",34," "," ","U",13," "," ","U",-16," "," ","U",-1," "," ","U",-19," "," ","U",-23," "," ","U",-13," "," ","U",8," "," ","U",21," "," ","U",53," "," ","U",62," "," ","U",36," "," ","U",31," "," ","U",1," "," ","U",-5," "," ","U",9," "," ","U",19," "," ","U",34," "," ","U",22," "," ","U",19," "," ","U",-4," "," ","U",36," "," ","U",45," "," ","U",-28," "," ","U",3," "," ","U",-2," "," ","U",18," "," ","U",NA," "," "," "
"304","USR0000CPIE",1998,12,"TMAX",78,"H"," ","U",44,"H"," ","U",33,"H"," ","U",39,"H"," ","U",-22,"H"," ","U",33,"H"," ","U",6,"H"," ","U",39,"H"," ","U",28,"H"," ","U",106,"H"," ","U",100,"H"," ","U",144,"H"," ","U",117,"H"," ","U",100,"H"," ","U",139,"H"," ","U",183,"H"," ","U",194,"H"," ","U",128,"H"," ","U",-11,"H"," ","U",-72,"H"," ","U",-17,"H"," ","U",-39,"H"," ","U",50,"H"," ","U",50,"H"," ","U",67,"H"," ","U",122,"H"," ","U",94,"H"," ","U",111,"H"," ","U",189,"H"," ","U",150,"H"," ","U",72,"H"," ","U"
"305","USR0000CPIE",1998,12,"TMIN",-33,"H"," ","U",-11,"H"," ","U",-61,"H"," ","U",-122,"H"," ","U",-161,"H"," ","U",-117,"H"," ","U",-139,"H"," ","U",-83,"H"," ","U",-94,"H"," ","U",-89,"H"," ","U",-28,"H"," ","U",0,"H"," ","U",-17,"H"," ","U",-39,"H"," ","U",-39,"H"," ","U",-17,"H"," ","U",-11,"H"," ","U",-39,"H"," ","U",-117,"H"," ","U",-194,"H"," ","U",-206,"H"," ","U",-178,"H"," ","U",-189,"H"," ","U",-78,"H"," ","U",-28,"H"," ","U",0,"H"," ","U",-6,"H"," ","U",6,"H"," ","U",-17,"H"," ","U",6,"H"," ","U",-50,"H"," ","U"
"306","USR0000CPIE",1998,12,"TAVG",3," "," ","U",22," "," ","U",-8," "," ","U",-63," "," ","U",-88," "," ","U",-71," "," ","U",-58," "," ","U",-28," "," ","U",-51," "," ","U",-10," "," ","U",27," "," ","U",56," "," ","U",49," "," ","U",7," "," ","U",19," "," ","U",53," "," ","U",68," "," ","U",32," "," ","U",-77," "," ","U",-118," "," ","U",-139," "," ","U",-134," "," ","U",-86," "," ","U",2," "," ","U",23," "," ","U",38," "," ","U",34," "," ","U",47," "," ","U",62," "," ","U",57," "," ","U",10," "," ","U"
"307","USR0000CPIE",1999,1,"TMAX",139,"H"," ","U",133,"H"," ","U",122,"H"," ","U",139,"H"," ","U",183,"H"," ","U",144,"H"," ","U",122,"H"," ","U",83,"H"," ","U",156,"H"," ","U",178,"H"," ","U",133,"H"," ","U",122,"H"," ","U",111,"H"," ","U",122,"H"," ","U",83,"H"," ","U",67,"H"," ","U",50,"H"," ","U",56,"H"," ","U",22,"H"," ","U",17,"H"," ","U",17,"H"," ","U",28,"H"," ","U",39,"H"," ","U",0,"H"," ","U",22,"H"," ","U",17,"H"," ","U",72,"H"," ","U",72,"H"," ","U",128,"H"," ","U",94,"H"," ","U",44,"H"," ","U"
"308","USR0000CPIE",1999,1,"TMIN",-56,"H"," ","U",-28,"H"," ","U",-39,"H"," ","U",-50,"H"," ","U",-6,"H"," ","U",-22,"H"," ","U",-39,"H"," ","U",-44,"H"," ","U",-33,"H"," ","U",-22,"H"," ","U",0,"H"," ","U",-39,"H"," ","U",-17,"H"," ","U",-11,"H"," ","U",6,"H"," ","U",-11,"H"," ","U",-6,"H"," ","U",6,"H"," ","U",-6,"H"," ","U",-17,"H"," ","U",-33,"H"," ","U",-33,"H"," ","U",-67,"H"," ","U",-83,"H"," ","U",-67,"H"," ","U",-50,"H"," ","U",-78,"H"," ","U",-78,"H"," ","U",-67,"H"," ","U",-28,"H"," ","U",-33,"H"," ","U"
"309","USR0000CPIE",1999,1,"TAVG",16," "," ","U",32," "," ","U",18," "," ","U",28," "," ","U",61," "," ","U",50," "," ","U",38," "," ","U",8," "," ","U",37," "," ","U",56," "," ","U",51," "," ","U",23," "," ","U",32," "," ","U",42," "," ","U",40," "," ","U",19," "," ","U",23," "," ","U",19," "," ","U",4," "," ","U",0," "," ","U",-17," "," ","U",1," "," ","U",-23," "," ","U",-54," "," ","U",-33," "," ","U",-28," "," ","U",-28," "," ","U",-18," "," ","U",12," "," ","U",12," "," ","U",-14," "," ","U"
"310","USR0000CPIE",1999,2,"TMAX",100,"H"," ","U",122,"H"," ","U",161,"H"," ","U",89,"H"," ","U",44,"H"," ","U",11,"H"," ","U",33,"H"," ","U",22,"H"," ","U",0,"H"," ","U",11,"H"," ","U",72,"H"," ","U",117,"H"," ","U",133,"H"," ","U",78,"H"," ","U",111,"H"," ","U",22,"H"," ","U",89,"H"," ","U",56,"H"," ","U",83,"H"," ","U",83,"H"," ","U",22,"H"," ","U",50,"H"," ","U",83,"H"," ","U",133,"H"," ","U",33,"H"," ","U",72,"H"," ","U",83,"H"," ","U",100,"H"," ","U",NA," "," "," ",NA," "," "," ",NA," "," "," "
"311","USR0000CPIE",1999,2,"TMIN",-83,"H"," ","U",-72,"H"," ","U",-33,"H"," ","U",-39,"H"," ","U",-56,"H"," ","U",-28,"H"," ","U",-6,"H"," ","U",-17,"H"," ","U",-100,"H"," ","U",-117,"H"," ","U",-133,"H"," ","U",-72,"H"," ","U",-22,"H"," ","U",-50,"H"," ","U",-78,"H"," ","U",-28,"H"," ","U",-17,"H"," ","U",-28,"H"," ","U",-78,"H"," ","U",-28,"H"," ","U",-50,"H"," ","U",-39,"H"," ","U",6,"H"," ","U",-6,"H"," ","U",-44,"H"," ","U",-78,"H"," ","U",-17,"H"," ","U",28,"H"," ","U",NA," "," "," ",NA," "," "," ",NA," "," "," "
"312","USR0000CPIE",1999,2,"TAVG",-24," "," ","U",8," "," ","U",38," "," ","U",17," "," ","U",-12," "," ","U",-6," "," ","U",8," "," ","U",-2," "," ","U",-49," "," ","U",-75," "," ","U",-46," "," ","U",-3," "," ","U",27," "," ","U",3," "," ","U",-6," "," ","U",-1," "," ","U",24," "," ","U",1," "," ","U",-8," "," ","U",3," "," ","U",-28," "," ","U",-4," "," ","U",37," "," ","U",39," "," ","U",-16," "," ","U",-9," "," ","U",31," "," ","U",44," "," ","U",NA," "," "," ",NA," "," "," ",NA," "," "," "
"313","USR0000CPIE",1999,3,"TMAX",122,"H"," ","U",133,"H"," ","U",72,"H"," ","U",78,"H"," ","U",89,"H"," ","U",78,"H"," ","U",61,"H"," ","U",0,"H"," ","U",33,"H"," ","U",78,"H"," ","U",111,"H"," ","U",150,"H"," ","U",150,"H"," ","U",117,"H"," ","U",139,"H"," ","U",156,"H"," ","U",156,"H"," ","U",161,"H"," ","U",128,"H"," ","U",50,"H"," ","U",72,"H"," ","U",111,"H"," ","U",94,"H"," ","U",67,"H"," ","U",139,"H"," ","U",139,"H"," ","U",117,"H"," ","U",100,"H"," ","U",100,"H"," ","U",33,"H"," ","U",50,"H"," ","U"
"314","USR0000CPIE",1999,3,"TMIN",-22,"H"," ","U",-28,"H"," ","U",-33,"H"," ","U",-56,"H"," ","U",-83,"H"," ","U",-50,"H"," ","U",-89,"H"," ","U",-44,"H"," ","U",-100,"H"," ","U",-100,"H"," ","U",-89,"H"," ","U",-78,"H"," ","U",-6,"H"," ","U",6,"H"," ","U",-17,"H"," ","U",-22,"H"," ","U",-28,"H"," ","U",0,"H"," ","U",17,"H"," ","U",-28,"H"," ","U",-733,"H","G","U",-50,"H"," ","U",-22,"H"," ","U",0,"H"," ","U",-6,"H"," ","U",-11,"H"," ","U",-33,"H"," ","U",-39,"H"," ","U",-17,"H"," ","U",-61,"H"," ","U",-94,"H"," ","U"
"315","USR0000CPIE",1999,3,"TAVG",41," "," ","U",46," "," ","U",12," "," ","U",-8," "," ","U",-5," "," ","U",-9," "," ","U",-14," "," ","U",-25," "," ","U",-41," "," ","U",-25," "," ","U",-8," "," ","U",32," "," ","U",55," "," ","U",46," "," ","U",57," "," ","U",58," "," ","U",61," "," ","U",71," "," ","U",73," "," ","U",12," "," ","U",-22," "," ","U",21," "," ","U",23," "," ","U",31," "," ","U",57," "," ","U",54," "," ","U",26," "," ","U",21," "," ","U",31," "," ","U",-29," "," ","U",-43," "," ","U"
"316","USR0000CPIE",1999,4,"TMAX",67,"H"," ","U",61,"H"," ","U",6,"H"," ","U",106,"H"," ","U",33,"H"," ","U",72,"H"," ","U",144,"H"," ","U",33,"H"," ","U",33,"H"," ","U",67,"H"," ","U",128,"H"," ","U",178,"H"," ","U",194,"H"," ","U",144,"H"," ","U",156,"H"," ","U",222,"H"," ","U",211,"H"," ","U",211,"H"," ","U",189,"H"," ","U",172,"H"," ","U",111,"H"," ","U",72,"H"," ","U",144,"H"," ","U",183,"H"," ","U",194,"H"," ","U",133,"H"," ","U",100,"H"," ","U",56,"H"," ","U",89,"H"," ","U",183,"H"," ","U",NA," "," "," "
"317","USR0000CPIE",1999,4,"TMIN",-94,"H"," ","U",-78,"H"," ","U",-72,"H"," ","U",-89,"H"," ","U",-72,"H"," ","U",-83,"H"," ","U",-17,"H"," ","U",-106,"H"," ","U",-117,"H"," ","U",-83,"H"," ","U",-6,"H"," ","U",17,"H"," ","U",11,"H"," ","U",11,"H"," ","U",50,"H"," ","U",22,"H"," ","U",50,"H"," ","U",50,"H"," ","U",56,"H"," ","U",28,"H"," ","U",11,"H"," ","U",-17,"H"," ","U",6,"H"," ","U",17,"H"," ","U",50,"H"," ","U",28,"H"," ","U",-28,"H"," ","U",-39,"H"," ","U",-22,"H"," ","U",17,"H"," ","U",NA," "," "," "
"318","USR0000CPIE",1999,4,"TAVG",-23," "," ","U",-7," "," ","U",-34," "," ","U",7," "," ","U",-29," "," ","U",1," "," ","U",31," "," ","U",-33," "," ","U",-38," "," ","U",-6," "," ","U",56," "," ","U",101," "," ","U",99," "," ","U",82," "," ","U",101," "," ","U",119," "," ","U",124," "," ","U",124," "," ","U",110," "," ","U",93," "," ","U",55," "," ","U",14," "," ","U",68," "," ","U",97," "," ","U",108," "," ","U",66," "," ","U",27," "," ","U",-8," "," ","U",36," "," ","U",94," "," ","U",NA," "," "," "
"319","USR0000CPIE",1999,5,"TMAX",161,"H"," ","U",44,"H"," ","U",39,"H"," ","U",128,"H"," ","U",183,"H"," ","U",200,"H"," ","U",172,"H"," ","U",139,"H"," ","U",139,"H"," ","U",150,"H"," ","U",161,"H"," ","U",167,"H"," ","U",133,"H"," ","U",89,"H"," ","U",122,"H"," ","U",183,"H"," ","U",200,"H"," ","U",194,"H"," ","U",206,"H"," ","U",194,"H"," ","U",233,"H"," ","U",233,"H"," ","U",278,"H"," ","U",289,"H"," ","U",283,"H"," ","U",278,"H"," ","U",267,"H"," ","U",244,"H"," ","U",194,"H"," ","U",228,"H"," ","U",239,"H"," ","U"
"320","USR0000CPIE",1999,5,"TMIN",22,"H"," ","U",-17,"H"," ","U",-6,"H"," ","U",-11,"H"," ","U",-17,"H"," ","U",33,"H"," ","U",0,"H"," ","U",-28,"H"," ","U",-44,"H"," ","U",-33,"H"," ","U",33,"H"," ","U",22,"H"," ","U",-28,"H"," ","U",-33,"H"," ","U",-50,"H"," ","U",-22,"H"," ","U",17,"H"," ","U",44,"H"," ","U",22,"H"," ","U",50,"H"," ","U",39,"H"," ","U",72,"H"," ","U",78,"H"," ","U",94,"H"," ","U",89,"H"," ","U",78,"H"," ","U",83,"H"," ","U",61,"H"," ","U",50,"H"," ","U",67,"H"," ","U",50,"H"," ","U"
"321","USR0000CPIE",1999,5,"TAVG",92," "," ","U",14," "," ","U",13," "," ","U",42," "," ","U",88," "," ","U",116," "," ","U",87," "," ","U",48," "," ","U",46," "," ","U",69," "," ","U",99," "," ","U",97," "," ","U",52," "," ","U",21," "," ","U",42," "," ","U",85," "," ","U",110," "," ","U",116," "," ","U",113," "," ","U",117," "," ","U",142," "," ","U",156," "," ","U",189," "," ","U",194," "," ","U",181," "," ","U",180," "," ","U",177," "," ","U",160," "," ","U",127," "," ","U",146," "," ","U",151," "," ","U"
"322","USR0000CPIE",1999,6,"TMAX",156,"H"," ","U",122,"H"," ","U",28,"H"," ","U",156,"H"," ","U",183,"H"," ","U",167,"H"," ","U",150,"H"," ","U",178,"H"," ","U",189,"H"," ","U",222,"H"," ","U",239,"H"," ","U",261,"H"," ","U",272,"H"," ","U",283,"H"," ","U",233,"H"," ","U",256,"H"," ","U",272,"H"," ","U",250,"H"," ","U",267,"H"," ","U",272,"H"," ","U",272,"H"," ","U",278,"H"," ","U",300,"H"," ","U",239,"H"," ","U",239,"H"," ","U",250,"H"," ","U",278,"H"," ","U",300,"H"," ","U",306,"H"," ","U",311,"H"," ","U",NA," "," "," "
"323","USR0000CPIE",1999,6,"TMIN",61,"H"," ","U",-11,"H"," ","U",-17,"H"," ","U",11,"H"," ","U",56,"H"," ","U",33,"H"," ","U",-733,"H","G","U",-6,"H"," ","U",6,"H"," ","U",22,"H"," ","U",50,"H"," ","U",56,"H"," ","U",78,"H"," ","U",72,"H"," ","U",106,"H"," ","U",72,"H"," ","U",67,"H"," ","U",100,"H"," ","U",94,"H"," ","U",83,"H"," ","U",128,"H"," ","U",94,"H"," ","U",106,"H"," ","U",100,"H"," ","U",72,"H"," ","U",50,"H"," ","U",61,"H"," ","U",89,"H"," ","U",111,"H"," ","U",122,"H"," ","U",NA," "," "," "
"324","USR0000CPIE",1999,6,"TAVG",114," "," ","U",51," "," ","U",8," "," ","U",90," "," ","U",125," "," ","U",106," "," ","U",42," "," ","U",89," "," ","U",101," "," ","U",127," "," ","U",151," "," ","U",142," "," ","U",182," "," ","U",187," "," ","U",166," "," ","U",167," "," ","U",175," "," ","U",175," "," ","U",184," "," ","U",179," "," ","U",192," "," ","U",192," "," ","U",205," "," ","U",176," "," ","U",157," "," ","U",156," "," ","U",177," "," ","U",198," "," ","U",212," "," ","U",223," "," ","U",NA," "," "," "
"325","USR0000CPIE",1999,7,"TMAX",311,"H"," ","U",261,"H"," ","U",200,"H"," ","U",233,"H"," ","U",289,"H"," ","U",300,"H"," ","U",294,"H"," ","U",294,"H"," ","U",322,"H"," ","U",344,"H"," ","U",344,"H"," ","U",350,"H"," ","U",344,"H"," ","U",283,"H"," ","U",278,"H"," ","U",244,"H"," ","U",250,"H"," ","U",261,"H"," ","U",250,"H"," ","U",228,"H"," ","U",250,"H"," ","U",278,"H"," ","U",256,"H"," ","U",256,"H"," ","U",300,"H"," ","U",294,"H"," ","U",300,"H"," ","U",300,"H"," ","U",278,"H"," ","U",294,"H"," ","U",300,"H"," ","U"
"326","USR0000CPIE",1999,7,"TMIN",133,"H"," ","U",106,"H"," ","U",67,"H"," ","U",22,"H"," ","U",67,"H"," ","U",100,"H"," ","U",100,"H"," ","U",89,"H"," ","U",83,"H"," ","U",122,"H"," ","U",144,"H"," ","U",161,"H"," ","U",172,"H"," ","U",150,"H"," ","U",117,"H"," ","U",89,"H"," ","U",83,"H"," ","U",61,"H"," ","U",94,"H"," ","U",83,"H"," ","U",61,"H"," ","U",72,"H"," ","U",72,"H"," ","U",67,"H"," ","U",83,"H"," ","U",100,"H"," ","U",106,"H"," ","U",133,"H"," ","U",128,"H"," ","U",94,"H"," ","U",106,"H"," ","U"
"327","USR0000CPIE",1999,7,"TAVG",218," "," ","U",188," "," ","U",133," "," ","U",132," "," ","U",185," "," ","U",201," "," ","U",193," "," ","U",203," "," ","U",211," "," ","U",239," "," ","U",252," "," ","U",266," "," ","U",223," "," ","U",212," "," ","U",190," "," ","U",169," "," ","U",165," "," ","U",169," "," ","U",170," "," ","U",156," "," ","U",169," "," ","U",178," "," ","U",168," "," ","U",160," "," ","U",194," "," ","U",199," "," ","U",210," "," ","U",214," "," ","U",191," "," ","U",196," "," ","U",202," "," ","U"
"328","USR0000CPIE",1999,8,"TMAX",272,"H"," ","U",283,"H"," ","U",294,"H"," ","U",317,"H"," ","U",261,"H"," ","U",161,"H"," ","U",211,"H"," ","U",250,"H"," ","U",278,"H"," ","U",206,"H"," ","U",239,"H"," ","U",250,"H"," ","U",233,"H"," ","U",228,"H"," ","U",267,"H"," ","U",300,"H"," ","U",311,"H"," ","U",283,"H"," ","U",300,"H"," ","U",294,"H"," ","U",311,"H"," ","U",328,"H"," ","U",306,"H"," ","U",306,"H"," ","U",322,"H"," ","U",306,"H"," ","U",267,"H"," ","U",294,"H"," ","U",283,"H"," ","U",150,"H"," ","U",194,"H"," ","U"
"329","USR0000CPIE",1999,8,"TMIN",94,"H"," ","U",83,"H"," ","U",89,"H"," ","U",106,"H"," ","U",100,"H"," ","U",67,"H"," ","U",33,"H"," ","U",56,"H"," ","U",83,"H"," ","U",83,"H"," ","U",83,"H"," ","U",72,"H"," ","U",83,"H"," ","U",56,"H"," ","U",50,"H"," ","U",83,"H"," ","U",111,"H"," ","U",106,"H"," ","U",61,"H"," ","U",100,"H"," ","U",89,"H"," ","U",144,"H"," ","U",133,"H"," ","U",89,"H"," ","U",111,"H"," ","U",139,"H"," ","U",117,"H"," ","U",100,"H"," ","U",94,"H"," ","U",17,"H"," ","U",0,"H"," ","U"
"330","USR0000CPIE",1999,8,"TAVG",187," "," ","U",184," "," ","U",198," "," ","U",208," "," ","U",176," "," ","U",115," "," ","U",132," "," ","U",145," "," ","U",166," "," ","U",122," "," ","U",143," "," ","U",162," "," ","U",150," "," ","U",143," "," ","U",162," "," ","U",194," "," ","U",210," "," ","U",194," "," ","U",186," "," ","U",198," "," ","U",206," "," ","U",225," "," ","U",206," "," ","U",201," "," ","U",207," "," ","U",211," "," ","U",173," "," ","U",197," "," ","U",183," "," ","U",102," "," ","U",104," "," ","U"
"331","USR0000CPIE",1999,9,"TMAX",206,"H"," ","U",233,"H"," ","U",217,"H"," ","U",278,"H"," ","U",283,"H"," ","U",294,"H"," ","U",306,"H"," ","U",317,"H"," ","U",278,"H"," ","U",278,"H"," ","U",278,"H"," ","U",289,"H"," ","U",294,"H"," ","U",294,"H"," ","U",300,"H"," ","U",289,"H"," ","U",289,"H"," ","U",256,"H"," ","U",283,"H"," ","U",278,"H"," ","U",294,"H"," ","U",283,"H"," ","U",278,"H"," ","U",272,"H"," ","U",306,"H"," ","U",261,"H"," ","U",211,"H"," ","U",189,"H"," ","U",278,"H"," ","U",272,"H"," ","U",NA," "," "," "
"332","USR0000CPIE",1999,9,"TMIN",11,"H"," ","U",33,"H"," ","U",39,"H"," ","U",83,"H"," ","U",78,"H"," ","U",89,"H"," ","U",89,"H"," ","U",100,"H"," ","U",106,"H"," ","U",78,"H"," ","U",139,"H"," ","U",106,"H"," ","U",117,"H"," ","U",128,"H"," ","U",100,"H"," ","U",106,"H"," ","U",100,"H"," ","U",111,"H"," ","U",122,"H"," ","U",89,"H"," ","U",100,"H"," ","U",100,"H"," ","U",100,"H"," ","U",111,"H"," ","U",83,"H"," ","U",67,"H"," ","U",22,"H"," ","U",50,"H"," ","U",50,"H"," ","U",83,"H"," ","U",NA," "," "," "
"333","USR0000CPIE",1999,9,"TAVG",109," "," ","U",129," "," ","U",124," "," ","U",166," "," ","U",180," "," ","U",188," "," ","U",195," "," ","U",205," "," ","U",172," "," ","U",171," "," ","U",197," "," ","U",198," "," ","U",192," "," ","U",206," "," ","U",181," "," ","U",188," "," ","U",188," "," ","U",181," "," ","U",183," "," ","U",176," "," ","U",189," "," ","U",185," "," ","U",179," "," ","U",181," "," ","U",180," "," ","U",149," "," ","U",114," "," ","U",115," "," ","U",173," "," ","U",171," "," ","U",NA," "," "," "
"334","USR0000CPIE",1999,10,"TMAX",256,"H"," ","U",261,"H"," ","U",272,"H"," ","U",239,"H"," ","U",194,"H"," ","U",106,"H"," ","U",217,"H"," ","U",261,"H"," ","U",256,"H"," ","U",267,"H"," ","U",250,"H"," ","U",256,"H"," ","U",272,"H"," ","U",256,"H"," ","U",161,"H"," ","U",117,"H"," ","U",217,"H"," ","U",233,"H"," ","U",261,"H"," ","U",267,"H"," ","U",283,"H"," ","U",250,"H"," ","U",222,"H"," ","U",217,"H"," ","U",217,"H"," ","U",183,"H"," ","U",133,"H"," ","U",67,"H"," ","U",161,"H"," ","U",211,"H"," ","U",211,"H"," ","U"
"335","USR0000CPIE",1999,10,"TMIN",78,"H"," ","U",72,"H"," ","U",78,"H"," ","U",89,"H"," ","U",50,"H"," ","U",11,"H"," ","U",0,"H"," ","U",56,"H"," ","U",67,"H"," ","U",67,"H"," ","U",100,"H"," ","U",61,"H"," ","U",61,"H"," ","U",78,"H"," ","U",11,"H"," ","U",-17,"H"," ","U",0,"H"," ","U",22,"H"," ","U",56,"H"," ","U",56,"H"," ","U",67,"H"," ","U",67,"H"," ","U",72,"H"," ","U",44,"H"," ","U",61,"H"," ","U",56,"H"," ","U",50,"H"," ","U",-17,"H"," ","U",-28,"H"," ","U",6,"H"," ","U",56,"H"," ","U"
"336","USR0000CPIE",1999,10,"TAVG",154," "," ","U",158," "," ","U",161," "," ","U",153," "," ","U",110," "," ","U",44," "," ","U",97," "," ","U",151," "," ","U",157," "," ","U",158," "," ","U",164," "," ","U",147," "," ","U",156," "," ","U",144," "," ","U",89," "," ","U",51," "," ","U",90," "," ","U",114," "," ","U",139," "," ","U",145," "," ","U",158," "," ","U",141," "," ","U",134," "," ","U",116," "," ","U",127," "," ","U",106," "," ","U",91," "," ","U",33," "," ","U",51," "," ","U",98," "," ","U",118," "," ","U"
"337","USR0000CPIE",1999,11,"TMAX",194,"H"," ","U",211,"H"," ","U",194,"H"," ","U",194,"H"," ","U",178,"H"," ","U",206,"H"," ","U",156,"H"," ","U",61,"H"," ","U",100,"H"," ","U",61,"H"," ","U",183,"H"," ","U",200,"H"," ","U",222,"H"," ","U",222,"H"," ","U",128,"H"," ","U",122,"H"," ","U",44,"H"," ","U",100,"H"," ","U",50,"H"," ","U",39,"H"," ","U",22,"H"," ","U",72,"H"," ","U",67,"H"," ","U",106,"H"," ","U",133,"H"," ","U",122,"H"," ","U",122,"H"," ","U",144,"H"," ","U",161,"H"," ","U",61,"H"," ","U",NA," "," "," "
"338","USR0000CPIE",1999,11,"TMIN",-733,"H","G","U",22,"H"," ","U",56,"H"," ","U",39,"H"," ","U",50,"H"," ","U",-733,"H","G","U",0,"H"," ","U",-11,"H"," ","U",-17,"H"," ","U",11,"H"," ","U",56,"H"," ","U",33,"H"," ","U",56,"H"," ","U",50,"H"," ","U",33,"H"," ","U",-6,"H"," ","U",-56,"H"," ","U",-61,"H"," ","U",0,"H"," ","U",-11,"H"," ","U",-72,"H"," ","U",-89,"H"," ","U",-61,"H"," ","U",-50,"H"," ","U",-17,"H"," ","U",17,"H"," ","U",11,"H"," ","U",11,"H"," ","U",44,"H"," ","U",-22,"H"," ","U",NA," "," "," "
"339","USR0000CPIE",1999,11,"TAVG",39," "," ","U",108," "," ","U",118," "," ","U",102," "," ","U",105," "," ","U",73," "," ","U",78," "," ","U",19," "," ","U",24," "," ","U",42," "," ","U",103," "," ","U",104," "," ","U",117," "," ","U",118," "," ","U",73," "," ","U",47," "," ","U",-8," "," ","U",16," "," ","U",17," "," ","U",9," "," ","U",-22," "," ","U",-20," "," ","U",-11," "," ","U",17," "," ","U",51," "," ","U",58," "," ","U",54," "," ","U",68," "," ","U",85," "," ","U",3," "," ","U",NA," "," "," "
"340","USR0000CPIE",1999,12,"TMAX",78,"H"," ","U",11,"H"," ","U",33,"H"," ","U",106,"H"," ","U",94,"H"," ","U",67,"H"," ","U",22,"H"," ","U",44,"H"," ","U",0,"H"," ","U",50,"H"," ","U",117,"H"," ","U",100,"H"," ","U",33,"H"," ","U",67,"H"," ","U",144,"H"," ","U",161,"H"," ","U",133,"H"," ","U",89,"H"," ","U",89,"H"," ","U",122,"H"," ","U",89,"H"," ","U",133,"H"," ","U",122,"H"," ","U",117,"H"," ","U",111,"H"," ","U",111,"H"," ","U",100,"H"," ","U",139,"H"," ","U",139,"H"," ","U",133,"H"," ","U",128,"H"," ","U"
"341","USR0000CPIE",1999,12,"TMIN",-39,"H"," ","U",-78,"H"," ","U",-89,"H"," ","U",-78,"H"," ","U",-17,"H"," ","U",-6,"H"," ","U",-78,"H"," ","U",-100,"H"," ","U",-67,"H"," ","U",-89,"H"," ","U",-72,"H"," ","U",-33,"H"," ","U",-89,"H"," ","U",-100,"H"," ","U",-50,"H"," ","U",-28,"H"," ","U",-22,"H"," ","U",-11,"H"," ","U",-33,"H"," ","U",-6,"H"," ","U",-28,"H"," ","U",-28,"H"," ","U",-33,"H"," ","U",-33,"H"," ","U",-22,"H"," ","U",-28,"H"," ","U",-33,"H"," ","U",-33,"H"," ","U",-50,"H"," ","U",-50,"H"," ","U",-39,"H"," ","U"
"342","USR0000CPIE",1999,12,"TAVG",-6," "," ","U",-25," "," ","U",-47," "," ","U",5," "," ","U",21," "," ","U",20," "," ","U",-26," "," ","U",-39," "," ","U",-31," "," ","U",-36," "," ","U",4," "," ","U",19," "," ","U",-25," "," ","U",-32," "," ","U",28," "," ","U",49," "," ","U",50," "," ","U",32," "," ","U",26," "," ","U",36," "," ","U",25," "," ","U",32," "," ","U",25," "," ","U",32," "," ","U",44," "," ","U",38," "," ","U",38," "," ","U",28," "," ","U",23," "," ","U",22," "," ","U",21," "," ","U"
"343","USR0000CPIE",2000,1,"TMAX",33,"H"," ","U",17,"H"," ","U",83,"H"," ","U",50,"H"," ","U",33,"H"," ","U",106,"H"," ","U",83,"H"," ","U",117,"H"," ","U",56,"H"," ","U",33,"H"," ","U",28,"H"," ","U",11,"H"," ","U",61,"H"," ","U",83,"H"," ","U",39,"H"," ","U",39,"H"," ","U",61,"H"," ","U",50,"H"," ","U",94,"H"," ","U",56,"H"," ","U",67,"H"," ","U",78,"H"," ","U",22,"H"," ","U",6,"H"," ","U",56,"H"," ","U",89,"H"," ","U",94,"H"," ","U",50,"H"," ","U",100,"H"," ","U",17,"H"," ","U",22,"H"," ","U"
"344","USR0000CPIE",2000,1,"TMIN",-83,"H"," ","U",-122,"H"," ","U",-44,"H"," ","U",-50,"H"," ","U",-67,"H"," ","U",-83,"H"," ","U",-33,"H"," ","U",-44,"H"," ","U",-22,"H"," ","U",0,"H"," ","U",-22,"H"," ","U",-39,"H"," ","U",-33,"H"," ","U",22,"H"," ","U",0,"H"," ","U",-50,"H"," ","U",-28,"H"," ","U",0,"H"," ","U",17,"H"," ","U",-733,"H","G","U",-39,"H"," ","U",-28,"H"," ","U",-11,"H"," ","U",0,"H"," ","U",0,"H"," ","U",-50,"H"," ","U",-72,"H"," ","U",-89,"H"," ","U",-100,"H"," ","U",-50,"H"," ","U",-33,"H"," ","U"
"345","USR0000CPIE",2000,1,"TAVG",-31," "," ","U",-52," "," ","U",9," "," ","U",-1," "," ","U",-39," "," ","U",-1," "," ","U",8," "," ","U",24," "," ","U",13," "," ","U",14," "," ","U",-1," "," ","U",-22," "," ","U",23," "," ","U",44," "," ","U",22," "," ","U",-6," "," ","U",14," "," ","U",22," "," ","U",42," "," ","U",-31," "," ","U",-6," "," ","U",8," "," ","U",2," "," ","U",1," "," ","U",27," "," ","U",11," "," ","U",-15," "," ","U",-38," "," ","U",-19," "," ","U",-10," "," ","U",-11," "," ","U"
"346","USR0000CPIE",2000,2,"TMAX",106,"H"," ","U",189,"H"," ","U",161,"H"," ","U",61,"H"," ","U",61,"H"," ","U",144,"H"," ","U",167,"H"," ","U",117,"H"," ","U",78,"H"," ","U",94,"H"," ","U",39,"H"," ","U",39,"H"," ","U",44,"H"," ","U",39,"H"," ","U",122,"H"," ","U",44,"H"," ","U",72,"H"," ","U",94,"H"," ","U",133,"H"," ","U",50,"H"," ","U",78,"H"," ","U",28,"H"," ","U",67,"H"," ","U",22,"H"," ","U",22,"H"," ","U",44,"H"," ","U",67,"H"," ","U",61,"H"," ","U",72,"H"," ","U",NA," "," "," ",NA," "," "," "
"347","USR0000CPIE",2000,2,"TMIN",-11,"H"," ","U",-17,"H"," ","U",-17,"H"," ","U",-28,"H"," ","U",-11,"H"," ","U",-22,"H"," ","U",-6,"H"," ","U",33,"H"," ","U",11,"H"," ","U",-17,"H"," ","U",-11,"H"," ","U",-28,"H"," ","U",-17,"H"," ","U",-6,"H"," ","U",-22,"H"," ","U",-17,"H"," ","U",-39,"H"," ","U",-67,"H"," ","U",-50,"H"," ","U",0,"H"," ","U",-11,"H"," ","U",-11,"H"," ","U",-56,"H"," ","U",-78,"H"," ","U",-50,"H"," ","U",-11,"H"," ","U",-17,"H"," ","U",-22,"H"," ","U",-61,"H"," ","U",NA," "," "," ",NA," "," "," "
"348","USR0000CPIE",2000,2,"TAVG",38," "," ","U",69," "," ","U",43," "," ","U",7," "," ","U",20," "," ","U",41," "," ","U",58," "," ","U",64," "," ","U",36," "," ","U",22," "," ","U",3," "," ","U",-5," "," ","U",11," "," ","U",9," "," ","U",23," "," ","U",3," "," ","U",3," "," ","U",2," "," ","U",31," "," ","U",21," "," ","U",20," "," ","U",7," "," ","U",-16," "," ","U",-38," "," ","U",-14," "," ","U",12," "," ","U",2," "," ","U",7," "," ","U",-3," "," ","U",NA," "," "," ",NA," "," "," "
"349","USR0000CPIE",2000,3,"TMAX",133,"H"," ","U",22,"H"," ","U",111,"H"," ","U",122,"H"," ","U",83,"H"," ","U",22,"H"," ","U",22,"H"," ","U",67,"H"," ","U",39,"H"," ","U",106,"H"," ","U",122,"H"," ","U",183,"H"," ","U",178,"H"," ","U",167,"H"," ","U",172,"H"," ","U",117,"H"," ","U",144,"H"," ","U",189,"H"," ","U",106,"H"," ","U",61,"H"," ","U",117,"H"," ","U",161,"H"," ","U",144,"H"," ","U",161,"H"," ","U",161,"H"," ","U",200,"H"," ","U",133,"H"," ","U",150,"H"," ","U",144,"H"," ","U",111,"H"," ","U",156,"H"," ","U"
"350","USR0000CPIE",2000,3,"TMIN",-89,"H"," ","U",-22,"H"," ","U",-17,"H"," ","U",-33,"H"," ","U",-17,"H"," ","U",-28,"H"," ","U",-33,"H"," ","U",-33,"H"," ","U",-44,"H"," ","U",-61,"H"," ","U",-11,"H"," ","U",-33,"H"," ","U",-22,"H"," ","U",17,"H"," ","U",-17,"H"," ","U",-22,"H"," ","U",-67,"H"," ","U",-11,"H"," ","U",-44,"H"," ","U",-56,"H"," ","U",-28,"H"," ","U",-17,"H"," ","U",6,"H"," ","U",-28,"H"," ","U",28,"H"," ","U",11,"H"," ","U",0,"H"," ","U",-28,"H"," ","U",-33,"H"," ","U",-50,"H"," ","U",17,"H"," ","U"
"351","USR0000CPIE",2000,3,"TAVG",7," "," ","U",2," "," ","U",33," "," ","U",39," "," ","U",19," "," ","U",-12," "," ","U",-12," "," ","U",-6," "," ","U",-17," "," ","U",15," "," ","U",34," "," ","U",57," "," ","U",77," "," ","U",80," "," ","U",72," "," ","U",38," "," ","U",41," "," ","U",83," "," ","U",43," "," ","U",-1," "," ","U",43," "," ","U",72," "," ","U",58," "," ","U",65," "," ","U",83," "," ","U",97," "," ","U",64," "," ","U",44," "," ","U",54," "," ","U",37," "," ","U",82," "," ","U"
"352","USR0000CPIE",2000,4,"TMAX",194,"H"," ","U",228,"H"," ","U",233,"H"," ","U",183,"H"," ","U",189,"H"," ","U",183,"H"," ","U",200,"H"," ","U",172,"H"," ","U",150,"H"," ","U",172,"H"," ","U",206,"H"," ","U",178,"H"," ","U",106,"H"," ","U",94,"H"," ","U",67,"H"," ","U",94,"H"," ","U",56,"H"," ","U",22,"H"," ","U",94,"H"," ","U",156,"H"," ","U",194,"H"," ","U",111,"H"," ","U",128,"H"," ","U",161,"H"," ","U",161,"H"," ","U",239,"H"," ","U",200,"H"," ","U",117,"H"," ","U",189,"H"," ","U",244,"H"," ","U",NA," "," "," "
"353","USR0000CPIE",2000,4,"TMIN",44,"H"," ","U",44,"H"," ","U",33,"H"," ","U",61,"H"," ","U",44,"H"," ","U",39,"H"," ","U",11,"H"," ","U",17,"H"," ","U",-17,"H"," ","U",0,"H"," ","U",-733,"H","G","U",56,"H"," ","U",6,"H"," ","U",-6,"H"," ","U",0,"H"," ","U",0,"H"," ","U",-11,"H"," ","U",-17,"H"," ","U",0,"H"," ","U",22,"H"," ","U",22,"H"," ","U",22,"H"," ","U",-17,"H"," ","U",-33,"H"," ","U",33,"H"," ","U",11,"H"," ","U",28,"H"," ","U",-28,"H"," ","U",-33,"H"," ","U",22,"H"," ","U",NA," "," "," "
"354","USR0000CPIE",2000,4,"TAVG",108," "," ","U",131," "," ","U",132," "," ","U",102," "," ","U",104," "," ","U",98," "," ","U",109," "," ","U",86," "," ","U",61," "," ","U",91," "," ","U",86," "," ","U",103," "," ","U",39," "," ","U",33," "," ","U",29," "," ","U",34," "," ","U",20," "," ","U",0," "," ","U",39," "," ","U",82," "," ","U",89," "," ","U",57," "," ","U",49," "," ","U",57," "," ","U",86," "," ","U",129," "," ","U",122," "," ","U",39," "," ","U",84," "," ","U",132," "," ","U",NA," "," "," "
"355","USR0000CPIE",2000,5,"TMAX",222,"H"," ","U",211,"H"," ","U",194,"H"," ","U",172,"H"," ","U",161,"H"," ","U",111,"H"," ","U",83,"H"," ","U",133,"H"," ","U",139,"H"," ","U",33,"H"," ","U",94,"H"," ","U",133,"H"," ","U",144,"H"," ","U",178,"H"," ","U",100,"H"," ","U",39,"H"," ","U",167,"H"," ","U",211,"H"," ","U",244,"H"," ","U",261,"H"," ","U",294,"H"," ","U",289,"H"," ","U",294,"H"," ","U",261,"H"," ","U",206,"H"," ","U",228,"H"," ","U",239,"H"," ","U",228,"H"," ","U",211,"H"," ","U",189,"H"," ","U",167,"H"," ","U"
"356","USR0000CPIE",2000,5,"TMIN",50,"H"," ","U",50,"H"," ","U",44,"H"," ","U",56,"H"," ","U",28,"H"," ","U",-6,"H"," ","U",0,"H"," ","U",28,"H"," ","U",28,"H"," ","U",-56,"H"," ","U",-78,"H"," ","U",-44,"H"," ","U",50,"H"," ","U",44,"H"," ","U",-11,"H"," ","U",-6,"H"," ","U",-6,"H"," ","U",22,"H"," ","U",61,"H"," ","U",72,"H"," ","U",100,"H"," ","U",94,"H"," ","U",106,"H"," ","U",117,"H"," ","U",78,"H"," ","U",50,"H"," ","U",78,"H"," ","U",78,"H"," ","U",61,"H"," ","U",28,"H"," ","U",-17,"H"," ","U"
"357","USR0000CPIE",2000,5,"TAVG",129," "," ","U",119," "," ","U",121," "," ","U",96," "," ","U",89," "," ","U",45," "," ","U",41," "," ","U",73," "," ","U",74," "," ","U",-4," "," ","U",6," "," ","U",56," "," ","U",90," "," ","U",92," "," ","U",43," "," ","U",24," "," ","U",80," "," ","U",121," "," ","U",157," "," ","U",178," "," ","U",201," "," ","U",193," "," ","U",201," "," ","U",184," "," ","U",133," "," ","U",141," "," ","U",160," "," ","U",146," "," ","U",129," "," ","U",111," "," ","U",92," "," ","U"
"358","USR0000CPIE",2000,6,"TMAX",261,"H"," ","U",250,"H"," ","U",278,"H"," ","U",267,"H"," ","U",222,"H"," ","U",239,"H"," ","U",211,"H"," ","U",111,"H"," ","U",133,"H"," ","U",183,"H"," ","U",200,"H"," ","U",228,"H"," ","U",272,"H"," ","U",322,"H"," ","U",306,"H"," ","U",228,"H"," ","U",289,"H"," ","U",272,"H"," ","U",267,"H"," ","U",283,"H"," ","U",311,"H"," ","U",300,"H"," ","U",283,"H"," ","U",294,"H"," ","U",306,"H"," ","U",311,"H"," ","U",311,"H"," ","U",322,"H"," ","U",317,"H"," ","U",272,"H"," ","U",NA," "," "," "
"359","USR0000CPIE",2000,6,"TMIN",44,"H"," ","U",56,"H"," ","U",50,"H"," ","U",67,"H"," ","U",83,"H"," ","U",50,"H"," ","U",56,"H"," ","U",44,"H"," ","U",33,"H"," ","U",22,"H"," ","U",17,"H"," ","U",78,"H"," ","U",72,"H"," ","U",139,"H"," ","U",117,"H"," ","U",106,"H"," ","U",122,"H"," ","U",111,"H"," ","U",83,"H"," ","U",100,"H"," ","U",111,"H"," ","U",111,"H"," ","U",100,"H"," ","U",100,"H"," ","U",100,"H"," ","U",106,"H"," ","U",122,"H"," ","U",133,"H"," ","U",128,"H"," ","U",122,"H"," ","U",NA," "," "," "
"360","USR0000CPIE",2000,6,"TAVG",157," "," ","U",158," "," ","U",173," "," ","U",176," "," ","U",151," "," ","U",154," "," ","U",128," "," ","U",67," "," ","U",79," "," ","U",101," "," ","U",123," "," ","U",142," "," ","U",187," "," ","U",236," "," ","U",219," "," ","U",174," "," ","U",199," "," ","U",189," "," ","U",181," "," ","U",190," "," ","U",216," "," ","U",210," "," ","U",201," "," ","U",203," "," ","U",214," "," ","U",214," "," ","U",220," "," ","U",229," "," ","U",227," "," ","U",185," "," ","U",NA," "," "," "
"361","USR0000CPIE",2000,7,"TMAX",NA," "," "," ",NA," "," "," ",178,"H"," ","U",217,"H"," ","U",178,"H"," ","U",222,"H"," ","U",211,"H"," ","U",233,"H"," ","U",267,"H"," ","U",289,"H"," ","U",300,"H"," ","U",289,"H"," ","U",289,"H"," ","U",278,"H"," ","U",272,"H"," ","U",244,"H"," ","U",261,"H"," ","U",278,"H"," ","U",311,"H"," ","U",322,"H"," ","U",317,"H"," ","U",294,"H"," ","U",306,"H"," ","U",306,"H"," ","U",306,"H"," ","U",294,"H"," ","U",306,"H"," ","U",322,"H"," ","U",344,"H"," ","U",328,"H"," ","U",361,"H"," ","U"
"362","USR0000CPIE",2000,7,"TMIN",NA," "," "," ",NA," "," "," ",72,"H"," ","U",39,"H"," ","U",50,"H"," ","U",33,"H"," ","U",78,"H"," ","U",39,"H"," ","U",56,"H"," ","U",94,"H"," ","U",100,"H"," ","U",100,"H"," ","U",100,"H"," ","U",94,"H"," ","U",94,"H"," ","U",133,"H"," ","U",106,"H"," ","U",72,"H"," ","U",83,"H"," ","U",106,"H"," ","U",106,"H"," ","U",100,"H"," ","U",-733,"H","G","U",89,"H"," ","U",117,"H"," ","U",111,"H"," ","U",89,"H"," ","U",94,"H"," ","U",106,"H"," ","U",128,"H"," ","U",150,"H"," ","U"
"363","USR0000CPIE",2000,7,"TAVG",NA," "," "," ",NA," "," "," ",121," "," ","U",129," "," ","U",114," "," ","U",137," "," ","U",145," "," ","U",141," "," ","U",186," "," ","U",203," "," ","U",201," "," ","U",200," "," ","U",192," "," ","U",192," "," ","U",187," "," ","U",183," "," ","U",177," "," ","U",181," "," ","U",204," "," ","U",220," "," ","U",210," "," ","U",197," "," ","U",171," "," ","U",222," "," ","U",207," "," ","U",199," "," ","U",213," "," ","U",211," "," ","U",231," "," ","U",236," "," ","U",248," "," ","U"
"364","USR0000CPIE",2000,8,"TMAX",350,"H"," ","U",350,"H"," ","U",306,"H"," ","U",300,"H"," ","U",306,"H"," ","U",317,"H"," ","U",328,"H"," ","U",300,"H"," ","U",272,"H"," ","U",244,"H"," ","U",294,"H"," ","U",306,"H"," ","U",289,"H"," ","U",300,"H"," ","U",306,"H"," ","U",322,"H"," ","U",289,"H"," ","U",267,"H"," ","U",244,"H"," ","U",261,"H"," ","U",294,"H"," ","U",294,"H"," ","U",289,"H"," ","U",283,"H"," ","U",300,"H"," ","U",289,"H"," ","U",294,"H"," ","U",311,"H"," ","U",306,"H"," ","U",222,"H"," ","U",233,"H"," ","U"
"365","USR0000CPIE",2000,8,"TMIN",156,"H"," ","U",150,"H"," ","U",172,"H"," ","U",161,"H"," ","U",122,"H"," ","U",122,"H"," ","U",133,"H"," ","U",111,"H"," ","U",117,"H"," ","U",78,"H"," ","U",67,"H"," ","U",83,"H"," ","U",100,"H"," ","U",78,"H"," ","U",106,"H"," ","U",94,"H"," ","U",100,"H"," ","U",106,"H"," ","U",61,"H"," ","U",50,"H"," ","U",83,"H"," ","U",94,"H"," ","U",100,"H"," ","U",89,"H"," ","U",78,"H"," ","U",122,"H"," ","U",106,"H"," ","U",111,"H"," ","U",133,"H"," ","U",111,"H"," ","U",89,"H"," ","U"
"366","USR0000CPIE",2000,8,"TAVG",251," "," ","U",251," "," ","U",231," "," ","U",228," "," ","U",218," "," ","U",224," "," ","U",217," "," ","U",208," "," ","U",191," "," ","U",159," "," ","U",186," "," ","U",198," "," ","U",194," "," ","U",194," "," ","U",207," "," ","U",209," "," ","U",199," "," ","U",182," "," ","U",148," "," ","U",159," "," ","U",187," "," ","U",194," "," ","U",191," "," ","U",196," "," ","U",192," "," ","U",199," "," ","U",208," "," ","U",208," "," ","U",189," "," ","U",157," "," ","U",147," "," ","U"
"367","USR0000CPIE",2000,9,"TMAX",100,"H"," ","U",100,"H"," ","U",117,"H"," ","U",150,"H"," ","U",161,"H"," ","U",183,"H"," ","U",261,"H"," ","U",239,"H"," ","U",261,"H"," ","U",261,"H"," ","U",300,"H"," ","U",306,"H"," ","U",294,"H"," ","U",272,"H"," ","U",261,"H"," ","U",256,"H"," ","U",272,"H"," ","U",289,"H"," ","U",306,"H"," ","U",300,"H"," ","U",244,"H"," ","U",122,"H"," ","U",172,"H"," ","U",233,"H"," ","U",244,"H"," ","U",250,"H"," ","U",256,"H"," ","U",239,"H"," ","U",256,"H"," ","U",294,"H"," ","U",NA," "," "," "
"368","USR0000CPIE",2000,9,"TMIN",39,"H"," ","U",28,"H"," ","U",28,"H"," ","U",11,"H"," ","U",-17,"H"," ","U",28,"H"," ","U",50,"H"," ","U",89,"H"," ","U",72,"H"," ","U",72,"H"," ","U",89,"H"," ","U",94,"H"," ","U",117,"H"," ","U",128,"H"," ","U",94,"H"," ","U",56,"H"," ","U",78,"H"," ","U",156,"H"," ","U",144,"H"," ","U",111,"H"," ","U",89,"H"," ","U",11,"H"," ","U",-22,"H"," ","U",22,"H"," ","U",44,"H"," ","U",50,"H"," ","U",61,"H"," ","U",89,"H"," ","U",61,"H"," ","U",100,"H"," ","U",NA," "," "," "
"369","USR0000CPIE",2000,9,"TAVG",77," "," ","U",50," "," ","U",74," "," ","U",74," "," ","U",68," "," ","U",114," "," ","U",153," "," ","U",152," "," ","U",162," "," ","U",164," "," ","U",189," "," ","U",187," "," ","U",201," "," ","U",195," "," ","U",166," "," ","U",153," "," ","U",179," "," ","U",216," "," ","U",221," "," ","U",209," "," ","U",164," "," ","U",72," "," ","U",66," "," ","U",122," "," ","U",137," "," ","U",146," "," ","U",154," "," ","U",153," "," ","U",162," "," ","U",183," "," ","U",NA," "," "," "
"370","USR0000CPIE",2000,10,"TMAX",272,"H"," ","U",250,"H"," ","U",256,"H"," ","U",261,"H"," ","U",261,"H"," ","U",278,"H"," ","U",267,"H"," ","U",261,"H"," ","U",150,"H"," ","U",72,"H"," ","U",50,"H"," ","U",83,"H"," ","U",122,"H"," ","U",183,"H"," ","U",167,"H"," ","U",200,"H"," ","U",217,"H"," ","U",194,"H"," ","U",217,"H"," ","U",139,"H"," ","U",61,"H"," ","U",67,"H"," ","U",161,"H"," ","U",167,"H"," ","U",100,"H"," ","U",100,"H"," ","U",139,"H"," ","U",67,"H"," ","U",44,"H"," ","U",61,"H"," ","U",100,"H"," ","U"
"371","USR0000CPIE",2000,10,"TMIN",94,"H"," ","U",89,"H"," ","U",56,"H"," ","U",72,"H"," ","U",61,"H"," ","U",72,"H"," ","U",89,"H"," ","U",72,"H"," ","U",11,"H"," ","U",6,"H"," ","U",0,"H"," ","U",-11,"H"," ","U",33,"H"," ","U",6,"H"," ","U",6,"H"," ","U",17,"H"," ","U",39,"H"," ","U",44,"H"," ","U",33,"H"," ","U",11,"H"," ","U",-22,"H"," ","U",-22,"H"," ","U",-22,"H"," ","U",22,"H"," ","U",6,"H"," ","U",-11,"H"," ","U",-22,"H"," ","U",0,"H"," ","U",-11,"H"," ","U",-11,"H"," ","U",-33,"H"," ","U"
"372","USR0000CPIE",2000,10,"TAVG",175," "," ","U",159," "," ","U",140," "," ","U",153," "," ","U",146," "," ","U",162," "," ","U",171," "," ","U",148," "," ","U",79," "," ","U",27," "," ","U",25," "," ","U",38," "," ","U",67," "," ","U",82," "," ","U",77," "," ","U",97," "," ","U",116," "," ","U",110," "," ","U",119," "," ","U",69," "," ","U",22," "," ","U",22," "," ","U",63," "," ","U",86," "," ","U",44," "," ","U",22," "," ","U",39," "," ","U",31," "," ","U",7," "," ","U",13," "," ","U",25," "," ","U"
"373","USR0000CPIE",2000,11,"TMAX",117,"H"," ","U",128,"H"," ","U",111,"H"," ","U",150,"H"," ","U",122,"H"," ","U",56,"H"," ","U",100,"H"," ","U",67,"H"," ","U",50,"H"," ","U",44,"H"," ","U",28,"H"," ","U",67,"H"," ","U",39,"H"," ","U",22,"H"," ","U",39,"H"," ","U",33,"H"," ","U",94,"H"," ","U",150,"H"," ","U",133,"H"," ","U",150,"H"," ","U",133,"H"," ","U",100,"H"," ","U",122,"H"," ","U",111,"H"," ","U",117,"H"," ","U",83,"H"," ","U",61,"H"," ","U",150,"H"," ","U",61,"H"," ","U",72,"H"," ","U",NA," "," "," "
"374","USR0000CPIE",2000,11,"TMIN",-28,"H"," ","U",-11,"H"," ","U",6,"H"," ","U",-17,"H"," ","U",17,"H"," ","U",-17,"H"," ","U",-33,"H"," ","U",-67,"H"," ","U",-83,"H"," ","U",-72,"H"," ","U",-100,"H"," ","U",-106,"H"," ","U",-89,"H"," ","U",-50,"H"," ","U",-67,"H"," ","U",-78,"H"," ","U",-89,"H"," ","U",-72,"H"," ","U",-17,"H"," ","U",-39,"H"," ","U",-11,"H"," ","U",-44,"H"," ","U",-39,"H"," ","U",-17,"H"," ","U",-28,"H"," ","U",0,"H"," ","U",22,"H"," ","U",11,"H"," ","U",-11,"H"," ","U",-50,"H"," ","U",NA," "," "," "
"375","USR0000CPIE",2000,11,"TAVG",33," "," ","U",49," "," ","U",46," "," ","U",55," "," ","U",54," "," ","U",17," "," ","U",24," "," ","U",4," "," ","U",-26," "," ","U",-38," "," ","U",-53," "," ","U",-32," "," ","U",-40," "," ","U",-32," "," ","U",-32," "," ","U",-38," "," ","U",-22," "," ","U",24," "," ","U",44," "," ","U",40," "," ","U",35," "," ","U",14," "," ","U",30," "," ","U",33," "," ","U",36," "," ","U",32," "," ","U",41," "," ","U",68," "," ","U",14," "," ","U",-7," "," ","U",NA," "," "," "
"376","USR0000CPIE",2000,12,"TMAX",111,"H"," ","U",144,"H"," ","U",167,"H"," ","U",144,"H"," ","U",161,"H"," ","U",133,"H"," ","U",144,"H"," ","U",122,"H"," ","U",44,"H"," ","U",72,"H"," ","U",33,"H"," ","U",56,"H"," ","U",6,"H"," ","U",6,"H"," ","U",72,"H"," ","U",144,"H"," ","U",50,"H"," ","U",83,"H"," ","U",117,"H"," ","U",128,"H"," ","U",100,"H"," ","U",50,"H"," ","U",61,"H"," ","U",56,"H"," ","U",33,"H"," ","U",122,"H"," ","U",100,"H"," ","U",144,"H"," ","U",150,"H"," ","U",156,"H"," ","U",128,"H"," ","U"
"377","USR0000CPIE",2000,12,"TMIN",-44,"H"," ","U",-39,"H"," ","U",-17,"H"," ","U",-6,"H"," ","U",-22,"H"," ","U",-17,"H"," ","U",0,"H"," ","U",-6,"H"," ","U",0,"H"," ","U",-39,"H"," ","U",-39,"H"," ","U",-33,"H"," ","U",-28,"H"," ","U",-11,"H"," ","U",-33,"H"," ","U",-44,"H"," ","U",-50,"H"," ","U",-78,"H"," ","U",-28,"H"," ","U",0,"H"," ","U",-6,"H"," ","U",-33,"H"," ","U",-44,"H"," ","U",-50,"H"," ","U",-56,"H"," ","U",-50,"H"," ","U",-39,"H"," ","U",-33,"H"," ","U",-28,"H"," ","U",-28,"H"," ","U",-28,"H"," ","U"
"378","USR0000CPIE",2000,12,"TAVG",12," "," ","U",31," "," ","U",46," "," ","U",41," "," ","U",44," "," ","U",42," "," ","U",50," "," ","U",47," "," ","U",23," "," ","U",16," "," ","U",-12," "," ","U",-6," "," ","U",-11," "," ","U",-3," "," ","U",12," "," ","U",39," "," ","U",-3," "," ","U",-16," "," ","U",46," "," ","U",51," "," ","U",24," "," ","U",-4," "," ","U",-6," "," ","U",-3," "," ","U",-15," "," ","U",6," "," ","U",16," "," ","U",28," "," ","U",37," "," ","U",42," "," ","U",29," "," ","U"
"379","USR0000CPIE",2001,1,"TMAX",133,"H"," ","U",122,"H"," ","U",172,"H"," ","U",189,"H"," ","U",189,"H"," ","U",150,"H"," ","U",128,"H"," ","U",56,"H"," ","U",44,"H"," ","U",22,"H"," ","U",NA," "," "," ",67,"H"," ","U",-33,"H"," ","U",33,"H"," ","U",-28,"H"," ","U",0,"H"," ","U",50,"H"," ","U",89,"H"," ","U",122,"H"," ","U",94,"H"," ","U",128,"H"," ","U",122,"H"," ","U",61,"H"," ","U",33,"H"," ","U",-17,"H"," ","U",17,"H"," ","U",22,"H"," ","U",100,"H"," ","U",33,"H"," ","U",6,"H"," ","U",67,"H"," ","U"
"380","USR0000CPIE",2001,1,"TMIN",-28,"H"," ","U",-17,"H"," ","U",-28,"H"," ","U",-6,"H"," ","U",0,"H"," ","U",-11,"H"," ","U",-17,"H"," ","U",-33,"H"," ","U",-39,"H"," ","U",-50,"H"," ","U",NA," "," "," ",-61,"H"," ","U",-33,"H"," ","U",-83,"H"," ","U",-50,"H"," ","U",-122,"H"," ","U",-133,"H"," ","U",-83,"H"," ","U",-39,"H"," ","U",-56,"H"," ","U",-17,"H"," ","U",-28,"H"," ","U",-33,"H"," ","U",-56,"H"," ","U",-50,"H"," ","U",-44,"H"," ","U",-72,"H"," ","U",-100,"H"," ","U",-100,"H"," ","U",-111,"H"," ","U",-111,"H"," ","U"
"381","USR0000CPIE",2001,1,"TAVG",39," "," ","U",34," "," ","U",52," "," ","U",64," "," ","U",69," "," ","U",49," "," ","U",45," "," ","U",11," "," ","U",-10," "," ","U",-8," "," ","U",NA," "," "," ",-9," "," ","U",-33," "," ","U",-32," "," ","U",-39," "," ","U",-61," "," ","U",-57," "," ","U",-3," "," ","U",23," "," ","U",12," "," ","U",34," "," ","U",25," "," ","U",12," "," ","U",-22," "," ","U",-39," "," ","U",-11," "," ","U",-22," "," ","U",-14," "," ","U",-36," "," ","U",-64," "," ","U",-42," "," ","U"
"382","USR0000CPIE",2001,2,"TMAX",117,"H"," ","U",83,"H"," ","U",161,"H"," ","U",172,"H"," ","U",144,"H"," ","U",17,"H"," ","U",-6,"H"," ","U",50,"H"," ","U",-6,"H"," ","U",-28,"H"," ","U",NA," "," "," ",NA," "," "," ",33,"H"," ","U",83,"H"," ","U",61,"H"," ","U",100,"H"," ","U",61,"H"," ","U",39,"H"," ","U",56,"H"," ","U",22,"H"," ","U",44,"H"," ","U",11,"H"," ","U",28,"H"," ","U",-33,"H","I","U",89,"H"," ","U",78,"H"," ","U",78,"H"," ","U",50,"H"," ","U",NA," "," "," ",NA," "," "," ",NA," "," "," "
"383","USR0000CPIE",2001,2,"TMIN",-78,"H"," ","U",11,"H"," ","U",22,"H"," ","U",11,"H"," ","U",6,"H"," ","U",-78,"H"," ","U",-106,"H"," ","U",-128,"H"," ","U",-56,"H"," ","U",-67,"H"," ","U",NA," "," "," ",NA," "," "," ",-89,"H"," ","U",-128,"H"," ","U",-89,"H"," ","U",-33,"H"," ","U",-28,"H"," ","U",-6,"H"," ","U",-17,"H"," ","U",-28,"H"," ","U",-17,"H"," ","U",-67,"H"," ","U",-89,"H"," ","U",-39,"H"," ","U",-17,"H","I","U",-28,"H"," ","U",-50,"H"," ","U",-67,"H"," ","U",NA," "," "," ",NA," "," "," ",NA," "," "," "
"384","USR0000CPIE",2001,2,"TAVG",11," "," ","U",33," "," ","U",72," "," ","U",79," "," ","U",66," "," ","U",-24," "," ","U",-66," "," ","U",-38," "," ","U",-37," "," ","U",-54," "," ","U",NA," "," "," ",NA," "," "," ",-23," "," ","U",-37," "," ","U",-11," "," ","U",13," "," ","U",15," "," ","U",12," "," ","U",3," "," ","U",-3," "," ","U",4," "," ","U",-29," "," ","U",-27," "," ","U",-37," "," ","U",20," "," ","U",16," "," ","U",12," "," ","U",-23," "," ","U",NA," "," "," ",NA," "," "," ",NA," "," "," "
"385","USR0000CPIE",2001,3,"TMAX",72,"H"," ","U",56,"H"," ","U",78,"H"," ","U",28,"H"," ","U",78,"H"," ","U",144,"H"," ","U",178,"H"," ","U",111,"H"," ","U",33,"H"," ","U",111,"H"," ","U",94,"H"," ","U",150,"H"," ","U",189,"H"," ","U",167,"H"," ","U",100,"H"," ","U",133,"H"," ","U",144,"H"," ","U",183,"H"," ","U",206,"H"," ","U",161,"H"," ","U",194,"H"," ","U",189,"H"," ","U",189,"H"," ","U",150,"H"," ","U",117,"H"," ","U",161,"H"," ","U",178,"H"," ","U",178,"H"," ","U",161,"H"," ","U",183,"H"," ","U",211,"H"," ","U"
"386","USR0000CPIE",2001,3,"TMIN",-94,"H"," ","U",-72,"H"," ","U",-100,"H"," ","U",-17,"H"," ","U",0,"H"," ","U",11,"H"," ","U",11,"H"," ","U",6,"H"," ","U",-39,"H"," ","U",-61,"H"," ","U",-33,"H"," ","U",-22,"H"," ","U",-17,"H"," ","U",-22,"H"," ","U",-28,"H"," ","U",-28,"H"," ","U",0,"H"," ","U",0,"H"," ","U",33,"H"," ","U",56,"H"," ","U",28,"H"," ","U",33,"H"," ","U",17,"H"," ","U",33,"H"," ","U",11,"H"," ","U",-33,"H"," ","U",-17,"H"," ","U",28,"H"," ","U",11,"H"," ","U",6,"H"," ","U",11,"H"," ","U"
"387","USR0000CPIE",2001,3,"TAVG",-11," "," ","U",-11," "," ","U",-13," "," ","U",5," "," ","U",26," "," ","U",69," "," ","U",82," "," ","U",48," "," ","U",-11," "," ","U",20," "," ","U",32," "," ","U",57," "," ","U",76," "," ","U",57," "," ","U",25," "," ","U",42," "," ","U",62," "," ","U",91," "," ","U",111," "," ","U",99," "," ","U",107," "," ","U",92," "," ","U",95," "," ","U",78," "," ","U",49," "," ","U",51," "," ","U",79," "," ","U",99," "," ","U",79," "," ","U",92," "," ","U",105," "," ","U"
"388","USR0000CPIE",2001,4,"TMAX",150,"H"," ","U",33,"H"," ","U",33,"H"," ","U",67,"H"," ","U",122,"H"," ","U",28,"H"," ","U",11,"H"," ","U",39,"H"," ","U",44,"H"," ","U",89,"H"," ","U",61,"H"," ","U",94,"H"," ","U",89,"H"," ","U",128,"H"," ","U",156,"H"," ","U",172,"H"," ","U",156,"H"," ","U",133,"H"," ","U",44,"H"," ","U",28,"H"," ","U",94,"H"," ","U",150,"H"," ","U",178,"H"," ","U",217,"H"," ","U",239,"H"," ","U",222,"H"," ","U",200,"H"," ","U",117,"H"," ","U",183,"H"," ","U",217,"H"," ","U",NA," "," "," "
"389","USR0000CPIE",2001,4,"TMIN",17,"H"," ","U",-44,"H"," ","U",-94,"H"," ","U",-72,"H"," ","U",-50,"H"," ","U",-39,"H"," ","U",-94,"H"," ","U",-89,"H"," ","U",-67,"H"," ","U",-56,"H"," ","U",-50,"H"," ","U",-67,"H"," ","U",-33,"H"," ","U",-50,"H"," ","U",-22,"H"," ","U",11,"H"," ","U",17,"H"," ","U",-6,"H"," ","U",-22,"H"," ","U",-28,"H"," ","U",-39,"H"," ","U",-28,"H"," ","U",0,"H"," ","U",44,"H"," ","U",56,"H"," ","U",72,"H"," ","U",39,"H"," ","U",0,"H"," ","U",-22,"H"," ","U",39,"H"," ","U",NA," "," "," "
"390","USR0000CPIE",2001,4,"TAVG",77," "," ","U",-8," "," ","U",-38," "," ","U",-2," "," ","U",38," "," ","U",-6," "," ","U",-38," "," ","U",-29," "," ","U",-9," "," ","U",8," "," ","U",-1," "," ","U",12," "," ","U",20," "," ","U",33," "," ","U",65," "," ","U",81," "," ","U",77," "," ","U",45," "," ","U",5," "," ","U",-3," "," ","U",18," "," ","U",58," "," ","U",92," "," ","U",131," "," ","U",146," "," ","U",143," "," ","U",118," "," ","U",57," "," ","U",79," "," ","U",129," "," ","U",NA," "," "," "
"391","USR0000CPIE",2001,5,"TMAX",194,"H"," ","U",111,"H"," ","U",156,"H"," ","U",222,"H"," ","U",217,"H"," ","U",239,"H"," ","U",267,"H"," ","U",278,"H"," ","U",256,"H"," ","U",267,"H"," ","U",289,"H"," ","U",239,"H"," ","U",211,"H"," ","U",183,"H"," ","U",128,"H"," ","U",222,"H"," ","U",239,"H"," ","U",239,"H"," ","U",250,"H"," ","U",261,"H"," ","U",244,"H"," ","U",300,"H"," ","U",294,"H"," ","U",294,"H"," ","U",278,"H"," ","U",250,"H"," ","U",233,"H"," ","U",233,"H"," ","U",261,"H"," ","U",267,"H"," ","U",317,"H"," ","U"
"392","USR0000CPIE",2001,5,"TMIN",-11,"H"," ","U",-733,"H","G","U",-22,"H"," ","U",17,"H"," ","U",39,"H"," ","U",28,"H"," ","U",61,"H"," ","U",83,"H"," ","U",72,"H"," ","U",72,"H"," ","U",89,"H"," ","U",89,"H"," ","U",67,"H"," ","U",61,"H"," ","U",67,"H"," ","U",72,"H"," ","U",44,"H"," ","U",61,"H"," ","U",83,"H"," ","U",89,"H"," ","U",89,"H"," ","U",94,"H"," ","U",111,"H"," ","U",83,"H"," ","U",94,"H"," ","U",94,"H"," ","U",67,"H"," ","U",44,"H"," ","U",61,"H"," ","U",89,"H"," ","U",144,"H"," ","U"
"393","USR0000CPIE",2001,5,"TAVG",99," "," ","U",11," "," ","U",66," "," ","U",138," "," ","U",131," "," ","U",144," "," ","U",166," "," ","U",179," "," ","U",175," "," ","U",171," "," ","U",173," "," ","U",154," "," ","U",139," "," ","U",113," "," ","U",96," "," ","U",137," "," ","U",150," "," ","U",155," "," ","U",172," "," ","U",177," "," ","U",179," "," ","U",204," "," ","U",202," "," ","U",189," "," ","U",177," "," ","U",168," "," ","U",146," "," ","U",138," "," ","U",164," "," ","U",186," "," ","U",217," "," ","U"
"394","USR0000CPIE",2001,6,"TMAX",244,"H"," ","U",189,"H"," ","U",178,"H"," ","U",222,"H"," ","U",183,"H"," ","U",256,"H"," ","U",261,"H"," ","U",256,"H"," ","U",250,"H"," ","U",244,"H"," ","U",206,"H"," ","U",194,"H"," ","U",194,"H"," ","U",272,"H"," ","U",272,"H"," ","U",294,"H"," ","U",278,"H"," ","U",289,"H"," ","U",294,"H"," ","U",328,"H"," ","U",339,"H"," ","U",306,"H"," ","U",272,"H"," ","U",211,"H"," ","U",178,"H"," ","U",156,"H"," ","U",161,"H"," ","U",239,"H"," ","U",272,"H"," ","U",300,"H"," ","U",NA," "," "," "
"395","USR0000CPIE",2001,6,"TMIN",94,"H"," ","U",61,"H"," ","U",11,"H"," ","U",-6,"H"," ","U",56,"H"," ","U",39,"H"," ","U",72,"H"," ","U",89,"H"," ","U",61,"H"," ","U",56,"H"," ","U",78,"H"," ","U",44,"H"," ","U",6,"H"," ","U",56,"H"," ","U",83,"H"," ","U",72,"H"," ","U",111,"H"," ","U",83,"H"," ","U",94,"H"," ","U",117,"H"," ","U",144,"H"," ","U",133,"H"," ","U",106,"H"," ","U",100,"H"," ","U",72,"H"," ","U",72,"H"," ","U",78,"H"," ","U",72,"H"," ","U",89,"H"," ","U",106,"H"," ","U",NA," "," "," "
"396","USR0000CPIE",2001,6,"TAVG",173," "," ","U",124," "," ","U",94," "," ","U",120," "," ","U",117," "," ","U",152," "," ","U",174," "," ","U",174," "," ","U",161," "," ","U",154," "," ","U",140," "," ","U",122," "," ","U",106," "," ","U",164," "," ","U",185," "," ","U",196," "," ","U",190," "," ","U",198," "," ","U",201," "," ","U",229," "," ","U",239," "," ","U",222," "," ","U",194," "," ","U",151," "," ","U",119," "," ","U",120," "," ","U",115," "," ","U",154," "," ","U",185," "," ","U",202," "," ","U",NA," "," "," "
"397","USR0000CPIE",2001,7,"TMAX",311,"H"," ","U",344,"H"," ","U",339,"H"," ","U",322,"H"," ","U",300,"H"," ","U",300,"H"," ","U",278,"H"," ","U",317,"H"," ","U",311,"H"," ","U",272,"H"," ","U",261,"H"," ","U",278,"H"," ","U",289,"H"," ","U",283,"H"," ","U",261,"H"," ","U",228,"H"," ","U",239,"H"," ","U",250,"H"," ","U",250,"H"," ","U",239,"H"," ","U",244,"H"," ","U",261,"H"," ","U",300,"H"," ","U",328,"H"," ","U",344,"H"," ","U",322,"H"," ","U",322,"H"," ","U",289,"H"," ","U",272,"H"," ","U",239,"H"," ","U",278,"H"," ","U"
"398","USR0000CPIE",2001,7,"TMIN",100,"H"," ","U",106,"H"," ","U",167,"H"," ","U",183,"H"," ","U",139,"H"," ","U",133,"H"," ","U",133,"H"," ","U",106,"H"," ","U",128,"H"," ","U",106,"H"," ","U",94,"H"," ","U",83,"H"," ","U",89,"H"," ","U",94,"H"," ","U",89,"H"," ","U",83,"H"," ","U",50,"H"," ","U",61,"H"," ","U",78,"H"," ","U",78,"H"," ","U",67,"H"," ","U",78,"H"," ","U",106,"H"," ","U",144,"H"," ","U",156,"H"," ","U",144,"H"," ","U",128,"H"," ","U",139,"H"," ","U",117,"H"," ","U",100,"H"," ","U",67,"H"," ","U"
"399","USR0000CPIE",2001,7,"TAVG",213," "," ","U",241," "," ","U",263," "," ","U",247," "," ","U",218," "," ","U",214," "," ","U",196," "," ","U",214," "," ","U",194," "," ","U",167," "," ","U",171," "," ","U",183," "," ","U",192," "," ","U",184," "," ","U",176," "," ","U",150," "," ","U",144," "," ","U",161," "," ","U",163," "," ","U",157," "," ","U",159," "," ","U",178," "," ","U",204," "," ","U",239," "," ","U",248," "," ","U",237," "," ","U",224," "," ","U",212," "," ","U",196," "," ","U",158," "," ","U",178," "," ","U"
"400","USR0000CPIE",2001,8,"TMAX",294,"H"," ","U",311,"H"," ","U",272,"H"," ","U",244,"H"," ","U",300,"H"," ","U",344,"H"," ","U",344,"H"," ","U",356,"H"," ","U",339,"H"," ","U",322,"H"," ","U",328,"H"," ","U",311,"H"," ","U",300,"H"," ","U",322,"H"," ","U",317,"H"," ","U",328,"H"," ","U",306,"H"," ","U",300,"H"," ","U",306,"H"," ","U",267,"H"," ","U",272,"H"," ","U",233,"H"," ","U",244,"H"," ","U",294,"H"," ","U",333,"H"," ","U",322,"H"," ","U",350,"H"," ","U",333,"H"," ","U",322,"H"," ","U",306,"H"," ","U",300,"H"," ","U"
"401","USR0000CPIE",2001,8,"TMIN",89,"H"," ","U",117,"H"," ","U",122,"H"," ","U",106,"H"," ","U",94,"H"," ","U",117,"H"," ","U",150,"H"," ","U",167,"H"," ","U",161,"H"," ","U",144,"H"," ","U",111,"H"," ","U",133,"H"," ","U",128,"H"," ","U",117,"H"," ","U",89,"H"," ","U",100,"H"," ","U",144,"H"," ","U",150,"H"," ","U",106,"H"," ","U",128,"H"," ","U",83,"H"," ","U",83,"H"," ","U",78,"H"," ","U",67,"H"," ","U",106,"H"," ","U",128,"H"," ","U",139,"H"," ","U",144,"H"," ","U",128,"H"," ","U",144,"H"," ","U",106,"H"," ","U"
"402","USR0000CPIE",2001,8,"TAVG",192," "," ","U",207," "," ","U",194," "," ","U",170," "," ","U",198," "," ","U",232," "," ","U",251," "," ","U",257," "," ","U",244," "," ","U",228," "," ","U",209," "," ","U",218," "," ","U",229," "," ","U",224," "," ","U",214," "," ","U",231," "," ","U",223," "," ","U",214," "," ","U",206," "," ","U",189," "," ","U",171," "," ","U",153," "," ","U",156," "," ","U",183," "," ","U",204," "," ","U",242," "," ","U",241," "," ","U",245," "," ","U",221," "," ","U",229," "," ","U",184," "," ","U"
"403","USR0000CPIE",2001,9,"TMAX",300,"H"," ","U",289,"H"," ","U",294,"H"," ","U",289,"H"," ","U",261,"H"," ","U",228,"H"," ","U",289,"H"," ","U",244,"H"," ","U",300,"H"," ","U",289,"H"," ","U",211,"H"," ","U",244,"H"," ","U",200,"H"," ","U",267,"H"," ","U",267,"H"," ","U",228,"H"," ","U",256,"H"," ","U",289,"H"," ","U",294,"H"," ","U",289,"H"," ","U",294,"H"," ","U",317,"H"," ","U",261,"H"," ","U",278,"H"," ","U",167,"H"," ","U",183,"H"," ","U",233,"H"," ","U",206,"H"," ","U",222,"H"," ","U",300,"H"," ","U",NA," "," "," "
"404","USR0000CPIE",2001,9,"TMIN",100,"H"," ","U",117,"H"," ","U",117,"H"," ","U",111,"H"," ","U",78,"H"," ","U",22,"H"," ","U",78,"H"," ","U",78,"H"," ","U",89,"H"," ","U",128,"H"," ","U",111,"H"," ","U",83,"H"," ","U",67,"H"," ","U",72,"H"," ","U",83,"H"," ","U",100,"H"," ","U",67,"H"," ","U",100,"H"," ","U",100,"H"," ","U",100,"H"," ","U",78,"H"," ","U",100,"H"," ","U",100,"H"," ","U",117,"H"," ","U",61,"H"," ","U",44,"H"," ","U",78,"H"," ","U",50,"H"," ","U",56,"H"," ","U",94,"H"," ","U",NA," "," "," "
"405","USR0000CPIE",2001,9,"TAVG",193," "," ","U",191," "," ","U",203," "," ","U",205," "," ","U",173," "," ","U",128," "," ","U",182," "," ","U",162," "," ","U",201," "," ","U",203," "," ","U",156," "," ","U",138," "," ","U",133," "," ","U",164," "," ","U",168," "," ","U",153," "," ","U",168," "," ","U",188," "," ","U",188," "," ","U",184," "," ","U",183," "," ","U",209," "," ","U",176," "," ","U",179," "," ","U",103," "," ","U",97," "," ","U",144," "," ","U",124," "," ","U",144," "," ","U",187," "," ","U",NA," "," "," "
"406","USR0000CPIE",2001,10,"TMAX",311,"H"," ","U",294,"H"," ","U",300,"H"," ","U",267,"H"," ","U",250,"H"," ","U",244,"H"," ","U",233,"H"," ","U",194,"H"," ","U",183,"H"," ","U",211,"H"," ","U",167,"H"," ","U",189,"H"," ","U",233,"H"," ","U",272,"H"," ","U",250,"H"," ","U",228,"H"," ","U",206,"H"," ","U",239,"H"," ","U",233,"H"," ","U",217,"H"," ","U",200,"H"," ","U",183,"H"," ","U",167,"H"," ","U",206,"H"," ","U",217,"H"," ","U",217,"H"," ","U",183,"H"," ","U",178,"H"," ","U",139,"H"," ","U",78,"H"," ","U",100,"H"," ","U"
"407","USR0000CPIE",2001,10,"TMIN",117,"H"," ","U",117,"H"," ","U",117,"H"," ","U",94,"H"," ","U",89,"H"," ","U",67,"H"," ","U",67,"H"," ","U",22,"H"," ","U",-22,"H"," ","U",6,"H"," ","U",33,"H"," ","U",6,"H"," ","U",33,"H"," ","U",61,"H"," ","U",72,"H"," ","U",111,"H"," ","U",67,"H"," ","U",28,"H"," ","U",44,"H"," ","U",50,"H"," ","U",61,"H"," ","U",44,"H"," ","U",-6,"H"," ","U",-17,"H"," ","U",6,"H"," ","U",61,"H"," ","U",61,"H"," ","U",50,"H"," ","U",61,"H"," ","U",17,"H"," ","U",6,"H"," ","U"
"408","USR0000CPIE",2001,10,"TAVG",198," "," ","U",198," "," ","U",197," "," ","U",175," "," ","U",157," "," ","U",151," "," ","U",146," "," ","U",113," "," ","U",72," "," ","U",111," "," ","U",103," "," ","U",96," "," ","U",127," "," ","U",151," "," ","U",153," "," ","U",158," "," ","U",127," "," ","U",119," "," ","U",132," "," ","U",123," "," ","U",118," "," ","U",107," "," ","U",81," "," ","U",78," "," ","U",98," "," ","U",128," "," ","U",112," "," ","U",96," "," ","U",92," "," ","U",52," "," ","U",53," "," ","U"
"409","USR0000CPIE",2001,11,"TMAX",161,"H"," ","U",178,"H"," ","U",172,"H"," ","U",206,"H"," ","U",144,"H"," ","U",144,"H"," ","U",133,"H"," ","U",183,"H"," ","U",167,"H"," ","U",156,"H"," ","U",100,"H"," ","U",83,"H"," ","U",NA," "," "," ",128,"H"," ","U",139,"H"," ","U",128,"H"," ","U",94,"H"," ","U",139,"H"," ","U",133,"H"," ","U",117,"H"," ","U",33,"H","I","U",44,"H"," ","U",39,"H"," ","U",NA," "," "," ",NA," "," "," ",11,"H"," ","U",17,"H"," ","U",-39,"H"," ","U",NA," "," "," ",NA," "," "," ",NA," "," "," "
"410","USR0000CPIE",2001,11,"TMIN",-11,"H"," ","U",17,"H"," ","U",22,"H"," ","U",39,"H"," ","U",22,"H"," ","U",0,"H"," ","U",-28,"H"," ","U",-6,"H"," ","U",6,"H"," ","U",22,"H"," ","U",50,"H"," ","U",83,"H"," ","U",NA," "," "," ",39,"H"," ","U",28,"H"," ","U",39,"H"," ","U",-28,"H"," ","U",-33,"H"," ","U",11,"H"," ","U",50,"H","I","U",28,"H"," ","U",-22,"H"," ","U",-33,"H"," ","U",NA," "," "," ",NA," "," "," ",-28,"H"," ","U",-56,"H"," ","U",-44,"H"," ","U",NA," "," "," ",NA," "," "," ",NA," "," "," "
"411","USR0000CPIE",2001,11,"TAVG",71," "," ","U",82," "," ","U",98," "," ","U",111," "," ","U",74," "," ","U",52," "," ","U",47," "," ","U",76," "," ","U",74," "," ","U",78," "," ","U",67," "," ","U",83," "," ","U",NA," "," "," ",83," "," ","U",80," "," ","U",68," "," ","U",39," "," ","U",35," "," ","U",63," "," ","U",62," "," ","U",29," "," ","U",6," "," ","U",8," "," ","U",NA," "," "," ",NA," "," "," ",-6," "," ","U",-27," "," ","U",-39," "," ","U",NA," "," "," ",NA," "," "," ",NA," "," "," "
"412","USR0000CPIE",2002,1,"TMAX",NA," "," "," ",NA," "," "," ",NA," "," "," ",NA," "," "," ",NA," "," "," ",NA," "," "," ",NA," "," "," ",NA," "," "," ",NA," "," "," ",NA," "," "," ",61,"H"," ","U",128,"H"," ","U",144,"H"," ","U",61,"H"," ","U",6,"H"," ","U",44,"H"," ","U",39,"H"," ","U",83,"H"," ","U",11,"H"," ","U",72,"H"," ","U",6,"H"," ","U",6,"H"," ","U",28,"H"," ","U",100,"H"," ","U",61,"H"," ","U",6,"H"," ","U",-6,"H"," ","U",-44,"H"," ","U",0,"H"," ","U",17,"H"," ","U",67,"H"," ","U"
"413","USR0000CPIE",2002,1,"TMIN",NA," "," "," ",NA," "," "," ",NA," "," "," ",NA," "," "," ",NA," "," "," ",NA," "," "," ",NA," "," "," ",NA," "," "," ",NA," "," "," ",NA," "," "," ",33,"H"," ","U",-33,"H"," ","U",-50,"H"," ","U",-78,"H"," ","U",-89,"H"," ","U",-94,"H"," ","U",-89,"H"," ","U",-117,"H"," ","U",-94,"H"," ","U",-94,"H"," ","U",-94,"H"," ","U",-133,"H"," ","U",-139,"H"," ","U",-100,"H"," ","U",-17,"H"," ","U",-56,"H"," ","U",-117,"H"," ","U",-139,"H"," ","U",-150,"H"," ","U",-167,"H"," ","U",-128,"H"," ","U"
"414","USR0000CPIE",2002,1,"TAVG",NA," "," "," ",NA," "," "," ",NA," "," "," ",NA," "," "," ",NA," "," "," ",NA," "," "," ",NA," "," "," ",NA," "," "," ",NA," "," "," ",NA," "," "," ",47," "," ","U",50," "," ","U",25," "," ","U",-13," "," ","U",-56," "," ","U",-41," "," ","U",-40," "," ","U",-32," "," ","U",-42," "," ","U",-26," "," ","U",-25," "," ","U",-76," "," ","U",-69," "," ","U",-1," "," ","U",17," "," ","U",-19," "," ","U",-62," "," ","U",-99," "," ","U",-85," "," ","U",-84," "," ","U",-44," "," ","U"
"415","USR0000CPIE",2002,2,"TMAX",61,"H"," ","U",89,"H"," ","U",111,"H"," ","U",128,"H"," ","U",122,"H"," ","U",128,"H"," ","U",72,"H"," ","U",72,"H"," ","U",72,"H"," ","U",156,"H"," ","U",161,"H"," ","U",89,"H"," ","U",78,"H"," ","U",117,"H"," ","U",111,"H"," ","U",89,"H"," ","U",78,"H"," ","U",39,"H"," ","U",22,"H"," ","U",106,"H"," ","U",183,"H"," ","U",178,"H"," ","U",22,"H","I","U",139,"H"," ","U",122,"H"," ","U",178,"H"," ","U",133,"H"," ","U",133,"H"," ","U",NA," "," "," ",NA," "," "," ",NA," "," "," "
"416","USR0000CPIE",2002,2,"TMIN",-61,"H"," ","U",-72,"H"," ","U",-83,"H"," ","U",-78,"H"," ","U",-61,"H"," ","U",-39,"H"," ","U",-22,"H"," ","U",-67,"H"," ","U",-67,"H"," ","U",-50,"H"," ","U",-22,"H"," ","U",-6,"H"," ","U",-17,"H"," ","U",-33,"H"," ","U",-33,"H"," ","U",0,"H"," ","U",-39,"H"," ","U",-28,"H"," ","U",-17,"H"," ","U",11,"H"," ","U",6,"H"," ","U",44,"H","I","U",-6,"H"," ","U",-61,"H"," ","U",-39,"H"," ","U",-39,"H"," ","U",-22,"H"," ","U",-72,"H"," ","U",NA," "," "," ",NA," "," "," ",NA," "," "," "
"417","USR0000CPIE",2002,2,"TAVG",-19," "," ","U",-13," "," ","U",-3," "," ","U",6," "," ","U",20," "," ","U",31," "," ","U",12," "," ","U",-13," "," ","U",-3," "," ","U",38," "," ","U",59," "," ","U",41," "," ","U",24," "," ","U",17," "," ","U",24," "," ","U",34," "," ","U",5," "," ","U",0," "," ","U",5," "," ","U",43," "," ","U",77," "," ","U",96," "," ","U",2," "," ","U",34," "," ","U",28," "," ","U",59," "," ","U",55," "," ","U",23," "," ","U",NA," "," "," ",NA," "," "," ",NA," "," "," "
"418","USR0000CPIE",2002,3,"TMAX",72,"H"," ","U",83,"H"," ","U",133,"H"," ","U",144,"H"," ","U",128,"H"," ","U",39,"H"," ","U",6,"H"," ","U",56,"H"," ","U",83,"H"," ","U",44,"H"," ","U",117,"H"," ","U",83,"H"," ","U",50,"H"," ","U",33,"H"," ","U",22,"H"," ","U",22,"H"," ","U",22,"H"," ","U",94,"H"," ","U",172,"H"," ","U",172,"H"," ","U",172,"H"," ","U",111,"H"," ","U",61,"H"," ","U",89,"H"," ","U",117,"H"," ","U",144,"H"," ","U",167,"H"," ","U",178,"H"," ","U",200,"H"," ","U",211,"H"," ","U",222,"H"," ","U"
"419","USR0000CPIE",2002,3,"TMIN",-94,"H"," ","U",-83,"H"," ","U",-67,"H"," ","U",-39,"H"," ","U",-11,"H"," ","U",-6,"H"," ","U",-111,"H"," ","U",-139,"H"," ","U",-78,"H"," ","U",-11,"H"," ","U",-17,"H"," ","U",-44,"H"," ","U",-78,"H"," ","U",-89,"H"," ","U",-100,"H"," ","U",-61,"H"," ","U",-100,"H"," ","U",-122,"H"," ","U",-50,"H"," ","U",6,"H"," ","U",39,"H"," ","U",-6,"H"," ","U",-22,"H"," ","U",-33,"H"," ","U",-67,"H"," ","U",-28,"H"," ","U",-17,"H"," ","U",17,"H"," ","U",28,"H"," ","U",28,"H"," ","U",33,"H"," ","U"
"420","USR0000CPIE",2002,3,"TAVG",-29," "," ","U",-11," "," ","U",7," "," ","U",34," "," ","U",33," "," ","U",17," "," ","U",-35," "," ","U",-43," "," ","U",12," "," ","U",5," "," ","U",46," "," ","U",29," "," ","U",-37," "," ","U",-41," "," ","U",-44," "," ","U",-41," "," ","U",-52," "," ","U",-21," "," ","U",57," "," ","U",84," "," ","U",97," "," ","U",49," "," ","U",8," "," ","U",14," "," ","U",19," "," ","U",54," "," ","U",74," "," ","U",92," "," ","U",112," "," ","U",114," "," ","U",123," "," ","U"
"421","USR0000CPIE",2002,4,"TMAX",217,"H"," ","U",206,"H"," ","U",228,"H"," ","U",228,"H"," ","U",139,"H"," ","U",167,"H"," ","U",172,"H"," ","U",172,"H"," ","U",78,"H"," ","U",144,"H"," ","U",144,"H"," ","U",217,"H"," ","U",239,"H"," ","U",172,"H"," ","U",44,"H"," ","U",17,"H"," ","U",33,"H"," ","U",44,"H"," ","U",67,"H"," ","U",122,"H"," ","U",161,"H"," ","U",183,"H"," ","U",206,"H"," ","U",211,"H"," ","U",200,"H"," ","U",117,"H"," ","U",44,"H"," ","U",94,"H"," ","U",67,"H"," ","U",83,"H"," ","U",NA," "," "," "
"422","USR0000CPIE",2002,4,"TMIN",39,"H"," ","U",44,"H"," ","U",33,"H"," ","U",44,"H"," ","U",22,"H"," ","U",-6,"H"," ","U",0,"H"," ","U",11,"H"," ","U",39,"H"," ","U",33,"H"," ","U",28,"H"," ","U",6,"H"," ","U",44,"H"," ","U",22,"H"," ","U",-33,"H"," ","U",-39,"H"," ","U",-44,"H"," ","U",-56,"H"," ","U",-17,"H"," ","U",-39,"H"," ","U",-28,"H"," ","U",0,"H"," ","U",17,"H"," ","U",11,"H"," ","U",39,"H"," ","U",0,"H"," ","U",-22,"H"," ","U",-28,"H"," ","U",-11,"H"," ","U",-28,"H"," ","U",NA," "," "," "
"423","USR0000CPIE",2002,4,"TAVG",129," "," ","U",127," "," ","U",132," "," ","U",117," "," ","U",70," "," ","U",75," "," ","U",95," "," ","U",91," "," ","U",53," "," ","U",74," "," ","U",84," "," ","U",107," "," ","U",140," "," ","U",108," "," ","U",6," "," ","U",-17," "," ","U",-26," "," ","U",-7," "," ","U",19," "," ","U",44," "," ","U",73," "," ","U",95," "," ","U",111," "," ","U",107," "," ","U",118," "," ","U",46," "," ","U",8," "," ","U",31," "," ","U",23," "," ","U",15," "," ","U",NA," "," "," "
"424","USR0000CPIE",2002,5,"TMAX",111,"H"," ","U",172,"H"," ","U",183,"H"," ","U",200,"H"," ","U",189,"H"," ","U",189,"H"," ","U",106,"H"," ","U",167,"H"," ","U",156,"H"," ","U",89,"H"," ","U",156,"H"," ","U",222,"H"," ","U",183,"H"," ","U",200,"H"," ","U",211,"H"," ","U",239,"H"," ","U",233,"H"," ","U",211,"H"," ","U",139,"H"," ","U",39,"H"," ","U",78,"H"," ","U",144,"H"," ","U",167,"H"," ","U",217,"H"," ","U",233,"H"," ","U",217,"H"," ","U",200,"H"," ","U",211,"H"," ","U",289,"H"," ","U",283,"H"," ","U",283,"H"," ","U"
"425","USR0000CPIE",2002,5,"TMIN",-11,"H"," ","U",0,"H"," ","U",50,"H"," ","U",17,"H"," ","U",22,"H"," ","U",28,"H"," ","U",6,"H"," ","U",-17,"H"," ","U",11,"H"," ","U",0,"H"," ","U",-6,"H"," ","U",22,"H"," ","U",61,"H"," ","U",17,"H"," ","U",44,"H"," ","U",33,"H"," ","U",56,"H"," ","U",72,"H"," ","U",6,"H"," ","U",-28,"H"," ","U",-22,"H"," ","U",-33,"H"," ","U",0,"H"," ","U",28,"H"," ","U",50,"H"," ","U",61,"H"," ","U",72,"H"," ","U",61,"H"," ","U",72,"H"," ","U",106,"H"," ","U",100,"H"," ","U"
"426","USR0000CPIE",2002,5,"TAVG",44," "," ","U",88," "," ","U",103," "," ","U",112," "," ","U",107," "," ","U",101," "," ","U",53," "," ","U",76," "," ","U",79," "," ","U",33," "," ","U",69," "," ","U",126," "," ","U",124," "," ","U",113," "," ","U",121," "," ","U",138," "," ","U",143," "," ","U",130," "," ","U",61," "," ","U",8," "," ","U",19," "," ","U",49," "," ","U",84," "," ","U",133," "," ","U",138," "," ","U",138," "," ","U",128," "," ","U",141," "," ","U",186," "," ","U",193," "," ","U",192," "," ","U"
"427","USR0000CPIE",2002,6,"TMAX",217,"H"," ","U",239,"H"," ","U",250,"H"," ","U",278,"H"," ","U",300,"H"," ","U",278,"H"," ","U",250,"H"," ","U",156,"H"," ","U",133,"H"," ","U",183,"H"," ","U",250,"H"," ","U",283,"H"," ","U",294,"H"," ","U",267,"H"," ","U",283,"H"," ","U",256,"H"," ","U",244,"H"," ","U",239,"H"," ","U",256,"H"," ","U",272,"H"," ","U",261,"H"," ","U",256,"H"," ","U",256,"H"," ","U",283,"H"," ","U",328,"H"," ","U",300,"H"," ","U",289,"H"," ","U",272,"H"," ","U",267,"H"," ","U",306,"H"," ","U",NA," "," "," "
"428","USR0000CPIE",2002,6,"TMIN",83,"H"," ","U",44,"H"," ","U",56,"H"," ","U",83,"H"," ","U",94,"H"," ","U",94,"H"," ","U",50,"H"," ","U",6,"H"," ","U",-6,"H"," ","U",28,"H"," ","U",56,"H"," ","U",78,"H"," ","U",100,"H"," ","U",89,"H"," ","U",61,"H"," ","U",61,"H"," ","U",106,"H"," ","U",94,"H"," ","U",61,"H"," ","U",100,"H"," ","U",94,"H"," ","U",72,"H"," ","U",83,"H"," ","U",72,"H"," ","U",117,"H"," ","U",128,"H"," ","U",122,"H"," ","U",111,"H"," ","U",122,"H"," ","U",94,"H"," ","U",NA," "," "," "
"429","USR0000CPIE",2002,6,"TAVG",138," "," ","U",121," "," ","U",154," "," ","U",183," "," ","U",198," "," ","U",186," "," ","U",156," "," ","U",67," "," ","U",74," "," ","U",110," "," ","U",158," "," ","U",187," "," ","U",207," "," ","U",181," "," ","U",177," "," ","U",167," "," ","U",174," "," ","U",161," "," ","U",164," "," ","U",184," "," ","U",167," "," ","U",171," "," ","U",173," "," ","U",188," "," ","U",219," "," ","U",209," "," ","U",199," "," ","U",193," "," ","U",189," "," ","U",206," "," ","U",NA," "," "," "
"430","USR0000CPIE",2002,7,"TMAX",311,"H"," ","U",294,"H"," ","U",272,"H"," ","U",272,"H"," ","U",278,"H"," ","U",300,"H"," ","U",267,"H"," ","U",300,"H"," ","U",372,"H"," ","U",378,"H"," ","U",383,"H"," ","U",339,"H"," ","U",328,"H"," ","U",311,"H"," ","U",294,"H"," ","U",294,"H"," ","U",289,"H"," ","U",283,"H"," ","U",294,"H"," ","U",317,"H"," ","U",322,"H"," ","U",294,"H"," ","U",294,"H"," ","U",294,"H"," ","U",289,"H"," ","U",311,"H"," ","U",322,"H"," ","U",322,"H"," ","U",344,"H"," ","U",322,"H"," ","U",322,"H"," ","U"
"431","USR0000CPIE",2002,7,"TMIN",100,"H"," ","U",128,"H"," ","U",133,"H"," ","U",89,"H"," ","U",94,"H"," ","U",100,"H"," ","U",106,"H"," ","U",78,"H"," ","U",144,"H"," ","U",156,"H"," ","U",172,"H"," ","U",183,"H"," ","U",167,"H"," ","U",150,"H"," ","U",133,"H"," ","U",133,"H"," ","U",128,"H"," ","U",117,"H"," ","U",100,"H"," ","U",128,"H"," ","U",139,"H"," ","U",128,"H"," ","U",83,"H"," ","U",133,"H"," ","U",100,"H"," ","U",111,"H"," ","U",133,"H"," ","U",133,"H"," ","U",156,"H"," ","U",139,"H"," ","U",150,"H"," ","U"
"432","USR0000CPIE",2002,7,"TAVG",214," "," ","U",214," "," ","U",203," "," ","U",201," "," ","U",193," "," ","U",207," "," ","U",187," "," ","U",192," "," ","U",239," "," ","U",277," "," ","U",276," "," ","U",260," "," ","U",249," "," ","U",232," "," ","U",209," "," ","U",212," "," ","U",201," "," ","U",178," "," ","U",204," "," ","U",227," "," ","U",221," "," ","U",212," "," ","U",197," "," ","U",216," "," ","U",199," "," ","U",217," "," ","U",226," "," ","U",236," "," ","U",251," "," ","U",233," "," ","U",236," "," ","U"
"433","USR0000CPIE",2002,8,"TMAX",328,"H"," ","U",311,"H"," ","U",261,"H"," ","U",228,"H"," ","U",217,"H"," ","U",228,"H"," ","U",250,"H"," ","U",283,"H"," ","U",311,"H"," ","U",344,"H"," ","U",344,"H"," ","U",361,"H"," ","U",356,"H"," ","U",367,"H"," ","U",350,"H"," ","U",333,"H"," ","U",322,"H"," ","U",317,"H"," ","U",283,"H"," ","U",233,"H"," ","U",244,"H"," ","U",256,"H"," ","U",267,"H"," ","U",272,"H"," ","U",278,"H"," ","U",278,"H"," ","U",256,"H"," ","U",283,"H"," ","U",300,"H"," ","U",289,"H"," ","U",294,"H"," ","U"
"434","USR0000CPIE",2002,8,"TMIN",128,"H"," ","U",122,"H"," ","U",111,"H"," ","U",83,"H"," ","U",67,"H"," ","U",39,"H"," ","U",44,"H"," ","U",89,"H"," ","U",122,"H"," ","U",139,"H"," ","U",128,"H"," ","U",139,"H"," ","U",172,"H"," ","U",156,"H"," ","U",156,"H"," ","U",150,"H"," ","U",139,"H"," ","U",111,"H"," ","U",111,"H"," ","U",78,"H"," ","U",44,"H"," ","U",61,"H"," ","U",67,"H"," ","U",72,"H"," ","U",56,"H"," ","U",83,"H"," ","U",122,"H"," ","U",117,"H"," ","U",139,"H"," ","U",111,"H"," ","U",94,"H"," ","U"
"435","USR0000CPIE",2002,8,"TAVG",226," "," ","U",216," "," ","U",184," "," ","U",151," "," ","U",137," "," ","U",135," "," ","U",156," "," ","U",189," "," ","U",218," "," ","U",252," "," ","U",239," "," ","U",252," "," ","U",264," "," ","U",260," "," ","U",251," "," ","U",239," "," ","U",229," "," ","U",214," "," ","U",188," "," ","U",153," "," ","U",146," "," ","U",160," "," ","U",163," "," ","U",172," "," ","U",172," "," ","U",182," "," ","U",188," "," ","U",200," "," ","U",196," "," ","U",192," "," ","U",188," "," ","U"
"436","USR0000CPIE",2002,9,"TMAX",322,"H"," ","U",328,"H"," ","U",272,"H"," ","U",239,"H"," ","U",211,"H"," ","U",172,"H"," ","U",194,"H"," ","U",233,"H"," ","U",261,"H"," ","U",289,"H"," ","U",300,"H"," ","U",300,"H"," ","U",311,"H"," ","U",289,"H"," ","U",256,"H"," ","U",239,"H"," ","U",211,"H"," ","U",211,"H"," ","U",267,"H"," ","U",306,"H"," ","U",294,"H"," ","U",311,"H"," ","U",311,"H"," ","U",294,"H"," ","U",261,"H"," ","U",272,"H"," ","U",244,"H"," ","U",206,"H"," ","U",161,"H"," ","U",167,"H"," ","U",NA," "," "," "
"437","USR0000CPIE",2002,9,"TMIN",156,"H"," ","U",133,"H"," ","U",128,"H"," ","U",106,"H"," ","U",94,"H"," ","U",28,"H"," ","U",-6,"H"," ","U",28,"H"," ","U",67,"H"," ","U",89,"H"," ","U",100,"H"," ","U",100,"H"," ","U",100,"H"," ","U",111,"H"," ","U",72,"H"," ","U",33,"H"," ","U",83,"H"," ","U",67,"H"," ","U",78,"H"," ","U",94,"H"," ","U",94,"H"," ","U",106,"H"," ","U",117,"H"," ","U",83,"H"," ","U",94,"H"," ","U",78,"H"," ","U",78,"H"," ","U",28,"H"," ","U",44,"H"," ","U",0,"H"," ","U",NA," "," "," "
"438","USR0000CPIE",2002,9,"TAVG",253," "," ","U",228," "," ","U",198," "," ","U",164," "," ","U",143," "," ","U",105," "," ","U",94," "," ","U",128," "," ","U",167," "," ","U",184," "," ","U",201," "," ","U",202," "," ","U",204," "," ","U",197," "," ","U",177," "," ","U",136," "," ","U",139," "," ","U",136," "," ","U",168," "," ","U",194," "," ","U",193," "," ","U",203," "," ","U",202," "," ","U",190," "," ","U",173," "," ","U",172," "," ","U",152," "," ","U",110," "," ","U",88," "," ","U",81," "," ","U",NA," "," "," "
"439","USR0000CPIE",2002,10,"TMAX",117,"H"," ","U",128,"H"," ","U",217,"H"," ","U",178,"H"," ","U",217,"H"," ","U",228,"H"," ","U",261,"H"," ","U",267,"H"," ","U",244,"H"," ","U",206,"H"," ","U",183,"H"," ","U",194,"H"," ","U",239,"H"," ","U",233,"H"," ","U",233,"H"," ","U",222,"H"," ","U",250,"H"," ","U",250,"H"," ","U",228,"H"," ","U",206,"H"," ","U",161,"H"," ","U",183,"H"," ","U",178,"H"," ","U",156,"H"," ","U",122,"H"," ","U",178,"H"," ","U",167,"H"," ","U",156,"H"," ","U",144,"H"," ","U",128,"H"," ","U",100,"H"," ","U"
"440","USR0000CPIE",2002,10,"TMIN",-17,"H"," ","U",-11,"H"," ","U",6,"H"," ","U",33,"H"," ","U",28,"H"," ","U",67,"H"," ","U",78,"H"," ","U",72,"H"," ","U",72,"H"," ","U",50,"H"," ","U",0,"H"," ","U",33,"H"," ","U",28,"H"," ","U",56,"H"," ","U",83,"H"," ","U",67,"H"," ","U",61,"H"," ","U",56,"H"," ","U",33,"H"," ","U",33,"H"," ","U",11,"H"," ","U",-6,"H"," ","U",0,"H"," ","U",-6,"H"," ","U",17,"H"," ","U",11,"H"," ","U",0,"H"," ","U",11,"H"," ","U",-22,"H"," ","U",-56,"H"," ","U",-61,"H"," ","U"
"441","USR0000CPIE",2002,10,"TAVG",39," "," ","U",56," "," ","U",97," "," ","U",93," "," ","U",120," "," ","U",142," "," ","U",159," "," ","U",157," "," ","U",150," "," ","U",134," "," ","U",82," "," ","U",99," "," ","U",126," "," ","U",141," "," ","U",137," "," ","U",128," "," ","U",148," "," ","U",121," "," ","U",119," "," ","U",104," "," ","U",69," "," ","U",79," "," ","U",79," "," ","U",63," "," ","U",68," "," ","U",79," "," ","U",78," "," ","U",73," "," ","U",48," "," ","U",17," "," ","U",3," "," ","U"
"442","USR0000CPIE",2002,11,"TMAX",67,"H"," ","U",156,"H"," ","U",144,"H"," ","U",183,"H"," ","U",189,"H"," ","U",133,"H"," ","U",78,"H"," ","U",28,"H"," ","U",NA," "," "," ",NA," "," "," ",117,"H"," ","U",144,"H"," ","U",122,"H"," ","U",117,"H"," ","U",144,"H"," ","U",122,"H"," ","U",94,"H"," ","U",139,"H"," ","U",172,"H"," ","U",161,"H"," ","U",150,"H"," ","U",150,"H"," ","U",150,"H"," ","U",139,"H"," ","U",78,"H"," ","U",133,"H"," ","U",106,"H"," ","U",139,"H"," ","U",117,"H"," ","U",128,"H"," ","U",NA," "," "," "
"443","USR0000CPIE",2002,11,"TMIN",-83,"H"," ","U",-83,"H"," ","U",-39,"H"," ","U",-44,"H"," ","U",-6,"H"," ","U",22,"H"," ","U",0,"H"," ","U",28,"H"," ","U",NA," "," "," ",NA," "," "," ",6,"H"," ","U",11,"H"," ","U",0,"H"," ","U",-22,"H"," ","U",-17,"H"," ","U",22,"H"," ","U",-6,"H"," ","U",-22,"H"," ","U",11,"H"," ","U",28,"H"," ","U",28,"H"," ","U",50,"H"," ","U",6,"H"," ","U",-17,"H"," ","U",-39,"H"," ","U",-33,"H"," ","U",-6,"H"," ","U",0,"H"," ","U",-17,"H"," ","U",-11,"H"," ","U",NA," "," "," "
"444","USR0000CPIE",2002,11,"TAVG",-26," "," ","U",21," "," ","U",31," "," ","U",55," "," ","U",69," "," ","U",79," "," ","U",34," "," ","U",28," "," ","U",NA," "," "," ",NA," "," "," ",57," "," ","U",56," "," ","U",44," "," ","U",37," "," ","U",49," "," ","U",67," "," ","U",36," "," ","U",41," "," ","U",87," "," ","U",83," "," ","U",82," "," ","U",78," "," ","U",68," "," ","U",39," "," ","U",12," "," ","U",42," "," ","U",47," "," ","U",52," "," ","U",42," "," ","U",41," "," ","U",NA," "," "," "
"445","USR0000CPIE",2002,12,"TMAX",117,"H"," ","U",133,"H"," ","U",122,"H"," ","U",139,"H"," ","U",139,"H"," ","U",122,"H"," ","U",122,"H"," ","U",122,"H"," ","U",83,"H"," ","U",39,"H"," ","U",50,"H"," ","U",100,"H"," ","U",28,"H"," ","U",NA," "," "," ",NA," "," "," ",NA," "," "," ",NA," "," "," ",NA," "," "," ",NA," "," "," ",NA," "," "," ",NA," "," "," ",NA," "," "," ",NA," "," "," ",NA," "," "," ",NA," "," "," ",NA," "," "," ",NA," "," "," ",NA," "," "," ",NA," "," "," ",NA," "," "," ",NA," "," "," "
"446","USR0000CPIE",2002,12,"TMIN",-28,"H"," ","U",-28,"H"," ","U",-28,"H"," ","U",-17,"H"," ","U",11,"H"," ","U",-6,"H"," ","U",-28,"H"," ","U",-28,"H"," ","U",0,"H"," ","U",-17,"H"," ","U",-39,"H"," ","U",22,"H"," ","U",0,"H"," ","U",NA," "," "," ",NA," "," "," ",NA," "," "," ",NA," "," "," ",NA," "," "," ",NA," "," "," ",NA," "," "," ",NA," "," "," ",NA," "," "," ",NA," "," "," ",NA," "," "," ",NA," "," "," ",NA," "," "," ",NA," "," "," ",NA," "," "," ",NA," "," "," ",NA," "," "," ",NA," "," "," "
"447","USR0000CPIE",2002,12,"TAVG",32," "," ","U",32," "," ","U",34," "," ","U",47," "," ","U",51," "," ","U",36," "," ","U",27," "," ","U",29," "," ","U",27," "," ","U",7," "," ","U",13," "," ","U",52," "," ","U",10," "," ","U",NA," "," "," ",NA," "," "," ",NA," "," "," ",NA," "," "," ",NA," "," "," ",NA," "," "," ",NA," "," "," ",NA," "," "," ",NA," "," "," ",NA," "," "," ",NA," "," "," ",NA," "," "," ",NA," "," "," ",NA," "," "," ",NA," "," "," ",NA," "," "," ",NA," "," "," ",NA," "," "," "
"448","USR0000CPIE",2003,1,"TMAX",NA," "," "," ",NA," "," "," ",NA," "," "," ",NA," "," "," ",NA," "," "," ",NA," "," "," ",NA," "," "," ",NA," "," "," ",NA," "," "," ",44,"H"," ","U",67,"H"," ","U",56,"H"," ","U",111,"H"," ","U",61,"H"," ","U",122,"H"," ","U",172,"H"," ","U",167,"H"," ","U",178,"H"," ","U",200,"H"," ","U",161,"H"," ","U",94,"H"," ","U",72,"H"," ","U",78,"H"," ","U",89,"H"," ","U",133,"H"," ","U",167,"H"," ","U",89,"H"," ","U",83,"H"," ","U",150,"H"," ","U",133,"H"," ","U",172,"H"," ","U"
"449","USR0000CPIE",2003,1,"TMIN",NA," "," "," ",NA," "," "," ",NA," "," "," ",NA," "," "," ",NA," "," "," ",NA," "," "," ",NA," "," "," ",NA," "," "," ",NA," "," "," ",0,"H"," ","U",6,"H"," ","U",-6,"H"," ","U",0,"H"," ","U",-11,"H"," ","U",-50,"H"," ","U",-39,"H"," ","U",-6,"H"," ","U",-11,"H"," ","U",-6,"H"," ","U",0,"H"," ","U",0,"H"," ","U",22,"H"," ","U",-11,"H"," ","U",-17,"H"," ","U",22,"H"," ","U",17,"H"," ","U",0,"H"," ","U",-17,"H"," ","U",-22,"H"," ","U",33,"H"," ","U",22,"H"," ","U"
"450","USR0000CPIE",2003,1,"TAVG",NA," "," "," ",NA," "," "," ",NA," "," "," ",NA," "," "," ",NA," "," "," ",NA," "," "," ",NA," "," "," ",NA," "," "," ",NA," "," "," ",13," "," ","U",24," "," ","U",15," "," ","U",36," "," ","U",8," "," ","U",17," "," ","U",43," "," ","U",56," "," ","U",58," "," ","U",65," "," ","U",65," "," ","U",31," "," ","U",38," "," ","U",37," "," ","U",27," "," ","U",56," "," ","U",76," "," ","U",48," "," ","U",19," "," ","U",44," "," ","U",68," "," ","U",84," "," ","U"
"451","USR0000CPIE",2003,2,"TMAX",72,"H"," ","U",67,"H"," ","U",122,"H"," ","U",28,"H"," ","U",78,"H"," ","U",-6,"H"," ","U",22,"H"," ","U",100,"H"," ","U",144,"H"," ","U",156,"H"," ","U",128,"H"," ","U",78,"H"," ","U",83,"H"," ","U",122,"H"," ","U",100,"H"," ","U",33,"H"," ","U",106,"H"," ","U",106,"H"," ","U",61,"H"," ","U",122,"H"," ","U",144,"H"," ","U",122,"H"," ","U",139,"H"," ","U",94,"H"," ","U",44,"H"," ","U",72,"H"," ","U",33,"H"," ","U",67,"H"," ","U",NA," "," "," ",NA," "," "," ",NA," "," "," "
"452","USR0000CPIE",2003,2,"TMIN",-44,"H"," ","U",-56,"H"," ","U",-78,"H"," ","U",-78,"H"," ","U",-106,"H"," ","U",-89,"H"," ","U",-100,"H"," ","U",-100,"H"," ","U",-78,"H"," ","U",-39,"H"," ","U",-17,"H"," ","U",-17,"H"," ","U",0,"H"," ","U",-6,"H"," ","U",-6,"H"," ","U",-33,"H"," ","U",-61,"H"," ","U",-44,"H"," ","U",-33,"H"," ","U",-28,"H"," ","U",-50,"H"," ","U",-28,"H"," ","U",-50,"H"," ","U",-17,"H"," ","U",-56,"H"," ","U",-89,"H"," ","U",-56,"H"," ","U",-83,"H"," ","U",NA," "," "," ",NA," "," "," ",NA," "," "," "
"453","USR0000CPIE",2003,2,"TAVG",14," "," ","U",-15," "," ","U",3," "," ","U",-32," "," ","U",-26," "," ","U",-49," "," ","U",-48," "," ","U",-16," "," ","U",15," "," ","U",34," "," ","U",40," "," ","U",29," "," ","U",30," "," ","U",42," "," ","U",29," "," ","U",-4," "," ","U",2," "," ","U",1," "," ","U",-1," "," ","U",30," "," ","U",38," "," ","U",32," "," ","U",33," "," ","U",25," "," ","U",-14," "," ","U",-17," "," ","U",-18," "," ","U",-18," "," ","U",NA," "," "," ",NA," "," "," ",NA," "," "," "
"454","USR0000CPIE",2003,3,"TMAX",56,"H"," ","U",111,"H"," ","U",22,"H"," ","U",78,"H"," ","U",133,"H"," ","U",122,"H"," ","U",122,"H"," ","U",133,"H"," ","U",122,"H"," ","U",106,"H"," ","U",150,"H"," ","U",172,"H"," ","U",133,"H"," ","U",56,"H"," ","U",44,"H"," ","U",44,"H"," ","U",56,"H"," ","U",72,"H"," ","U",139,"H"," ","U",111,"H"," ","U",133,"H"," ","U",111,"H"," ","U",100,"H"," ","U",117,"H"," ","U",128,"H"," ","U",61,"H"," ","U",72,"H"," ","U",94,"H"," ","U",178,"H"," ","U",228,"H"," ","U",178,"H"," ","U"
"455","USR0000CPIE",2003,3,"TMIN",-44,"H"," ","U",-67,"H"," ","U",-78,"H"," ","U",-89,"H"," ","U",-56,"H"," ","U",-6,"H"," ","U",-6,"H"," ","U",-17,"H"," ","U",6,"H"," ","U",11,"H"," ","U",11,"H"," ","U",11,"H"," ","U",22,"H"," ","U",11,"H"," ","U",-28,"H"," ","U",-33,"H"," ","U",-39,"H"," ","U",-61,"H"," ","U",-39,"H"," ","U",-6,"H"," ","U",-11,"H"," ","U",11,"H"," ","U",0,"H"," ","U",-11,"H"," ","U",-11,"H"," ","U",-17,"H"," ","U",-44,"H"," ","U",-33,"H"," ","U",-11,"H"," ","U",11,"H"," ","U",61,"H"," ","U"
"456","USR0000CPIE",2003,3,"TAVG",-5," "," ","U",19," "," ","U",-21," "," ","U",-8," "," ","U",33," "," ","U",33," "," ","U",39," "," ","U",53," "," ","U",55," "," ","U",49," "," ","U",66," "," ","U",79," "," ","U",76," "," ","U",29," "," ","U",10," "," ","U",-7," "," ","U",-3," "," ","U",-2," "," ","U",32," "," ","U",32," "," ","U",55," "," ","U",54," "," ","U",37," "," ","U",42," "," ","U",57," "," ","U",32," "," ","U",9," "," ","U",22," "," ","U",83," "," ","U",132," "," ","U",103," "," ","U"
"457","USR0000CPIE",2003,4,"TMAX",56,"H"," ","U",6,"H"," ","U",39,"H"," ","U",28,"H"," ","U",83,"H"," ","U",33,"H"," ","U",144,"H"," ","U",161,"H"," ","U",183,"H"," ","U",133,"H"," ","U",78,"H"," ","U",33,"H"," ","U",61,"H"," ","U",117,"H"," ","U",67,"H"," ","U",89,"H"," ","U",83,"H"," ","U",78,"H"," ","U",144,"H"," ","U",128,"H"," ","U",56,"H"," ","U",100,"H"," ","U",67,"H"," ","U",33,"H"," ","U",28,"H"," ","U",100,"H"," ","U",111,"H"," ","U",67,"H"," ","U",56,"H"," ","U",111,"H"," ","U",NA," "," "," "
"458","USR0000CPIE",2003,4,"TMIN",-22,"H"," ","U",-61,"H"," ","U",-72,"H"," ","U",-83,"H"," ","U",-83,"H"," ","U",-28,"H"," ","U",-44,"H"," ","U",0,"H"," ","U",28,"H"," ","U",33,"H"," ","U",33,"H"," ","U",-22,"H"," ","U",-44,"H"," ","U",-56,"H"," ","U",-67,"H"," ","U",-22,"H"," ","U",-6,"H"," ","U",-33,"H"," ","U",-22,"H"," ","U",-6,"H"," ","U",-28,"H"," ","U",-28,"H"," ","U",6,"H"," ","U",-33,"H"," ","U",-44,"H"," ","U",-39,"H"," ","U",-39,"H"," ","U",-17,"H"," ","U",-28,"H"," ","U",-17,"H"," ","U",NA," "," "," "
"459","USR0000CPIE",2003,4,"TAVG",23," "," ","U",-34," "," ","U",-27," "," ","U",-30," "," ","U",-16," "," ","U",-3," "," ","U",51," "," ","U",84," "," ","U",96," "," ","U",71," "," ","U",53," "," ","U",4," "," ","U",-8," "," ","U",8," "," ","U",-4," "," ","U",22," "," ","U",24," "," ","U",20," "," ","U",56," "," ","U",60," "," ","U",13," "," ","U",31," "," ","U",29," "," ","U",3," "," ","U",-15," "," ","U",9," "," ","U",30," "," ","U",16," "," ","U",7," "," ","U",31," "," ","U",NA," "," "," "
"460","USR0000CPIE",2003,5,"TMAX",139,"H"," ","U",61,"H"," ","U",94,"H"," ","U",61,"H"," ","U",122,"H"," ","U",72,"H"," ","U",83,"H"," ","U",94,"H"," ","U",72,"H"," ","U",122,"H"," ","U",144,"H"," ","U",183,"H"," ","U",228,"H"," ","U",228,"H"," ","U",189,"H"," ","U",200,"H"," ","U",189,"H"," ","U",144,"H"," ","U",183,"H"," ","U",233,"H"," ","U",267,"H"," ","U",278,"H"," ","U",294,"H"," ","U",267,"H"," ","U",206,"H"," ","U",233,"H"," ","U",306,"H"," ","U",300,"H"," ","U",283,"H"," ","U",233,"H"," ","U",256,"H"," ","U"
"461","USR0000CPIE",2003,5,"TMIN",-17,"H"," ","U",22,"H"," ","U",0,"H"," ","U",-6,"H"," ","U",-22,"H"," ","U",-22,"H"," ","U",-6,"H"," ","U",-28,"H"," ","U",-17,"H"," ","U",-6,"H"," ","U",-11,"H"," ","U",17,"H"," ","U",33,"H"," ","U",56,"H"," ","U",44,"H"," ","U",22,"H"," ","U",-6,"H"," ","U",-33,"H"," ","U",28,"H"," ","U",39,"H"," ","U",72,"H"," ","U",83,"H"," ","U",94,"H"," ","U",94,"H"," ","U",72,"H"," ","U",61,"H"," ","U",67,"H"," ","U",139,"H"," ","U",122,"H"," ","U",89,"H"," ","U",78,"H"," ","U"
"462","USR0000CPIE",2003,5,"TAVG",60," "," ","U",36," "," ","U",35," "," ","U",18," "," ","U",47," "," ","U",24," "," ","U",27," "," ","U",1," "," ","U",16," "," ","U",39," "," ","U",63," "," ","U",104," "," ","U",133," "," ","U",142," "," ","U",111," "," ","U",109," "," ","U",93," "," ","U",58," "," ","U",87," "," ","U",143," "," ","U",172," "," ","U",188," "," ","U",188," "," ","U",176," "," ","U",132," "," ","U",146," "," ","U",194," "," ","U",216," "," ","U",186," "," ","U",159," "," ","U",164," "," ","U"
"463","USR0000CPIE",2003,6,"TMAX",289,"H"," ","U",283,"H"," ","U",306,"H"," ","U",289,"H"," ","U",283,"H"," ","U",317,"H"," ","U",311,"H"," ","U",289,"H"," ","U",267,"H"," ","U",250,"H"," ","U",256,"H"," ","U",233,"H"," ","U",233,"H"," ","U",250,"H"," ","U",278,"H"," ","U",311,"H"," ","U",322,"H"," ","U",261,"H"," ","U",233,"H"," ","U",206,"H"," ","U",217,"H"," ","U",211,"H"," ","U",156,"H"," ","U",206,"H"," ","U",250,"H"," ","U",294,"H"," ","U",317,"H"," ","U",328,"H"," ","U",261,"H"," ","U",256,"H"," ","U",NA," "," "," "
"464","USR0000CPIE",2003,6,"TMIN",61,"H"," ","U",94,"H"," ","U",106,"H"," ","U",122,"H"," ","U",111,"H"," ","U",111,"H"," ","U",128,"H"," ","U",111,"H"," ","U",94,"H"," ","U",72,"H"," ","U",72,"H"," ","U",72,"H"," ","U",72,"H"," ","U",50,"H"," ","U",78,"H"," ","U",111,"H"," ","U",128,"H"," ","U",111,"H"," ","U",72,"H"," ","U",72,"H"," ","U",56,"H"," ","U",50,"H"," ","U",22,"H"," ","U",17,"H"," ","U",100,"H"," ","U",111,"H"," ","U",111,"H"," ","U",133,"H"," ","U",106,"H"," ","U",72,"H"," ","U",NA," "," "," "
"465","USR0000CPIE",2003,6,"TAVG",184," "," ","U",194," "," ","U",212," "," ","U",205," "," ","U",201," "," ","U",217," "," ","U",212," "," ","U",201," "," ","U",181," "," ","U",166," "," ","U",159," "," ","U",149," "," ","U",144," "," ","U",159," "," ","U",181," "," ","U",212," "," ","U",224," "," ","U",177," "," ","U",154," "," ","U",136," "," ","U",131," "," ","U",122," "," ","U",67," "," ","U",123," "," ","U",178," "," ","U",207," "," ","U",221," "," ","U",231," "," ","U",189," "," ","U",168," "," ","U",NA," "," "," "
"466","USR0000CPIE",2003,7,"TMAX",244,"H"," ","U",244,"H"," ","U",250,"H"," ","U",283,"H"," ","U",294,"H"," ","U",289,"H"," ","U",261,"H"," ","U",278,"H"," ","U",322,"H"," ","U",300,"H"," ","U",311,"H"," ","U",283,"H"," ","U",289,"H"," ","U",306,"H"," ","U",294,"H"," ","U",306,"H"," ","U",333,"H"," ","U",328,"H"," ","U",356,"H"," ","U",356,"H"," ","U",361,"H"," ","U",367,"H"," ","U",356,"H"," ","U",294,"H"," ","U",289,"H"," ","U",300,"H"," ","U",322,"H"," ","U",344,"H"," ","U",361,"H"," ","U",361,"H"," ","U",322,"H"," ","U"
"467","USR0000CPIE",2003,7,"TMIN",89,"H"," ","U",78,"H"," ","U",94,"H"," ","U",72,"H"," ","U",94,"H"," ","U",89,"H"," ","U",94,"H"," ","U",78,"H"," ","U",94,"H"," ","U",111,"H"," ","U",100,"H"," ","U",111,"H"," ","U",122,"H"," ","U",100,"H"," ","U",117,"H"," ","U",106,"H"," ","U",133,"H"," ","U",144,"H"," ","U",167,"H"," ","U",167,"H"," ","U",172,"H"," ","U",161,"H"," ","U",167,"H"," ","U",156,"H"," ","U",133,"H"," ","U",128,"H"," ","U",133,"H"," ","U",172,"H"," ","U",161,"H"," ","U",189,"H"," ","U",161,"H"," ","U"
"468","USR0000CPIE",2003,7,"TAVG",161," "," ","U",166," "," ","U",176," "," ","U",187," "," ","U",196," "," ","U",192," "," ","U",177," "," ","U",184," "," ","U",217," "," ","U",209," "," ","U",210," "," ","U",200," "," ","U",200," "," ","U",211," "," ","U",210," "," ","U",212," "," ","U",234," "," ","U",244," "," ","U",259," "," ","U",258," "," ","U",262," "," ","U",262," "," ","U",243," "," ","U",220," "," ","U",213," "," ","U",218," "," ","U",227," "," ","U",274," "," ","U",267," "," ","U",252," "," ","U",226," "," ","U"
"469","USR0000CPIE",2003,8,"TMAX",283,"H"," ","U",156,"H"," ","U",239,"H"," ","U",267,"H"," ","U",233,"H"," ","U",239,"H"," ","U",250,"H"," ","U",261,"H"," ","U",278,"H"," ","U",278,"H"," ","U",267,"H"," ","U",272,"H"," ","U",289,"H"," ","U",306,"H"," ","U",306,"H"," ","U",300,"H"," ","U",328,"H"," ","U",350,"H"," ","U",317,"H"," ","U",322,"H"," ","U",217,"H"," ","U",172,"H"," ","U",250,"H"," ","U",289,"H"," ","U",300,"H"," ","U",267,"H"," ","U",278,"H"," ","U",272,"H"," ","U",272,"H"," ","U",306,"H"," ","U",294,"H"," ","U"
"470","USR0000CPIE",2003,8,"TMIN",122,"H"," ","U",117,"H"," ","U",117,"H"," ","U",94,"H"," ","U",100,"H"," ","U",78,"H"," ","U",72,"H"," ","U",83,"H"," ","U",94,"H"," ","U",100,"H"," ","U",106,"H"," ","U",61,"H"," ","U",83,"H"," ","U",111,"H"," ","U",139,"H"," ","U",89,"H"," ","U",106,"H"," ","U",133,"H"," ","U",150,"H"," ","U",122,"H"," ","U",128,"H"," ","U",89,"H"," ","U",61,"H"," ","U",100,"H"," ","U",100,"H"," ","U",111,"H"," ","U",106,"H"," ","U",117,"H"," ","U",78,"H"," ","U",133,"H"," ","U",139,"H"," ","U"
"471","USR0000CPIE",2003,8,"TAVG",195," "," ","U",140," "," ","U",183," "," ","U",172," "," ","U",163," "," ","U",151," "," ","U",158," "," ","U",167," "," ","U",181," "," ","U",188," "," ","U",182," "," ","U",172," "," ","U",187," "," ","U",212," "," ","U",217," "," ","U",200," "," ","U",218," "," ","U",242," "," ","U",227," "," ","U",225," "," ","U",169," "," ","U",126," "," ","U",158," "," ","U",193," "," ","U",195," "," ","U",179," "," ","U",187," "," ","U",186," "," ","U",179," "," ","U",219," "," ","U",209," "," ","U"
"472","USR0000CPIE",2003,9,"TMAX",289,"H"," ","U",328,"H"," ","U",311,"H"," ","U",311,"H"," ","U",272,"H"," ","U",267,"H"," ","U",222,"H"," ","U",194,"H"," ","U",139,"H"," ","U",211,"H"," ","U",261,"H"," ","U",267,"H"," ","U",211,"H"," ","U",278,"H"," ","U",250,"H"," ","U",222,"H"," ","U",167,"H"," ","U",239,"H"," ","U",267,"H"," ","U",272,"H"," ","U",300,"H"," ","U",317,"H"," ","U",328,"H"," ","U",317,"H"," ","U",311,"H"," ","U",300,"H"," ","U",328,"H"," ","U",328,"H"," ","U",250,"H"," ","U",272,"H"," ","U",NA," "," "," "
"473","USR0000CPIE",2003,9,"TMIN",122,"H"," ","U",133,"H"," ","U",156,"H"," ","U",111,"H"," ","U",106,"H"," ","U",122,"H"," ","U",100,"H"," ","U",67,"H"," ","U",50,"H"," ","U",39,"H"," ","U",78,"H"," ","U",89,"H"," ","U",89,"H"," ","U",78,"H"," ","U",111,"H"," ","U",72,"H"," ","U",11,"H"," ","U",56,"H"," ","U",67,"H"," ","U",83,"H"," ","U",111,"H"," ","U",117,"H"," ","U",128,"H"," ","U",117,"H"," ","U",144,"H"," ","U",133,"H"," ","U",128,"H"," ","U",122,"H"," ","U",117,"H"," ","U",83,"H"," ","U",NA," "," "," "
"474","USR0000CPIE",2003,9,"TAVG",208," "," ","U",225," "," ","U",211," "," ","U",189," "," ","U",189," "," ","U",182," "," ","U",150," "," ","U",126," "," ","U",89," "," ","U",122," "," ","U",168," "," ","U",175," "," ","U",144," "," ","U",175," "," ","U",169," "," ","U",137," "," ","U",88," "," ","U",136," "," ","U",170," "," ","U",178," "," ","U",198," "," ","U",208," "," ","U",215," "," ","U",218," "," ","U",221," "," ","U",212," "," ","U",218," "," ","U",208," "," ","U",172," "," ","U",178," "," ","U",NA," "," "," "
"475","USR0000CPIE",2003,10,"TMAX",244,"H"," ","U",233,"H"," ","U",244,"H"," ","U",244,"H"," ","U",244,"H"," ","U",272,"H"," ","U",239,"H"," ","U",239,"H"," ","U",211,"H"," ","U",133,"H"," ","U",211,"H"," ","U",222,"H"," ","U",206,"H"," ","U",211,"H"," ","U",194,"H"," ","U",228,"H"," ","U",261,"H"," ","U",222,"H"," ","U",228,"H"," ","U",261,"H"," ","U",278,"H"," ","U",244,"H"," ","U",194,"H"," ","U",211,"H"," ","U",183,"H"," ","U",222,"H"," ","U",250,"H"," ","U",267,"H"," ","U",178,"H"," ","U",83,"H"," ","U",11,"H"," ","U"
"476","USR0000CPIE",2003,10,"TMIN",94,"H"," ","U",61,"H"," ","U",78,"H"," ","U",94,"H"," ","U",72,"H"," ","U",78,"H"," ","U",94,"H"," ","U",100,"H"," ","U",0,"H"," ","U",-17,"H"," ","U",11,"H"," ","U",56,"H"," ","U",11,"H"," ","U",72,"H"," ","U",56,"H"," ","U",44,"H"," ","U",72,"H"," ","U",100,"H"," ","U",94,"H"," ","U",94,"H"," ","U",94,"H"," ","U",89,"H"," ","U",44,"H"," ","U",28,"H"," ","U",72,"H"," ","U",56,"H"," ","U",61,"H"," ","U",94,"H"," ","U",-22,"H"," ","U",-50,"H"," ","U",-44,"H"," ","U"
"477","USR0000CPIE",2003,10,"TAVG",164," "," ","U",139," "," ","U",152," "," ","U",150," "," ","U",144," "," ","U",163," "," ","U",157," "," ","U",157," "," ","U",111," "," ","U",60," "," ","U",112," "," ","U",126," "," ","U",104," "," ","U",127," "," ","U",112," "," ","U",132," "," ","U",154," "," ","U",152," "," ","U",153," "," ","U",168," "," ","U",169," "," ","U",152," "," ","U",110," "," ","U",108," "," ","U",122," "," ","U",139," "," ","U",151," "," ","U",168," "," ","U",101," "," ","U",-1," "," ","U",-21," "," ","U"
"478","USR0000CPIE",2003,11,"TMAX",83,"H"," ","U",0,"H"," ","U",44,"H"," ","U",61,"H"," ","U",28,"H"," ","U",111,"H"," ","U",44,"H"," ","U",72,"H"," ","U",56,"H"," ","U",94,"H"," ","U",128,"H"," ","U",100,"H"," ","U",39,"H"," ","U",50,"H"," ","U",39,"H"," ","U",39,"H"," ","U",78,"H"," ","U",172,"H"," ","U",133,"H"," ","U",106,"H"," ","U",28,"H"," ","U",6,"H"," ","U",83,"H"," ","U",78,"H"," ","U",50,"H"," ","U",67,"H"," ","U",100,"H"," ","U",89,"H"," ","U",78,"H"," ","U",83,"H"," ","U",NA," "," "," "
"479","USR0000CPIE",2003,11,"TMIN",-89,"H"," ","U",-61,"H"," ","U",-33,"H"," ","U",-67,"H"," ","U",-39,"H"," ","U",-50,"H"," ","U",6,"H"," ","U",0,"H"," ","U",-6,"H"," ","U",-33,"H"," ","U",-44,"H"," ","U",-22,"H"," ","U",-17,"H"," ","U",0,"H"," ","U",6,"H"," ","U",11,"H"," ","U",-6,"H"," ","U",-17,"H"," ","U",39,"H"," ","U",-11,"H"," ","U",-78,"H"," ","U",-100,"H"," ","U",-94,"H"," ","U",-39,"H"," ","U",-50,"H"," ","U",-50,"H"," ","U",-44,"H"," ","U",17,"H"," ","U",17,"H"," ","U",17,"H"," ","U",NA," "," "," "
"480","USR0000CPIE",2003,11,"TAVG",-16," "," ","U",-31," "," ","U",-7," "," ","U",-9," "," ","U",-10," "," ","U",18," "," ","U",20," "," ","U",33," "," ","U",14," "," ","U",27," "," ","U",25," "," ","U",38," "," ","U",17," "," ","U",25," "," ","U",21," "," ","U",21," "," ","U",33," "," ","U",62," "," ","U",74," "," ","U",47," "," ","U",-36," "," ","U",-48," "," ","U",-7," "," ","U",12," "," ","U",-9," "," ","U",-3," "," ","U",18," "," ","U",46," "," ","U",48," "," ","U",44," "," ","U",NA," "," "," "
"481","USR0000CPIE",2003,12,"TMAX",56,"H"," ","U",78,"H"," ","U",128,"H"," ","U",100,"H"," ","U",67,"H"," ","U",56,"H"," ","U",28,"H"," ","U",61,"H"," ","U",50,"H"," ","U",22,"H"," ","U",61,"H"," ","U",17,"H"," ","U",33,"H"," ","U",67,"H"," ","U",44,"H"," ","U",61,"H"," ","U",100,"H"," ","U",133,"H"," ","U",150,"H"," ","U",72,"H"," ","U",50,"H"," ","U",83,"H"," ","U",50,"H"," ","U",11,"H"," ","U",17,"H"," ","U",17,"H"," ","U",11,"H"," ","U",-6,"H"," ","U",-6,"H"," ","U",72,"H"," ","U",17,"H"," ","U"
"482","USR0000CPIE",2003,12,"TMIN",39,"H"," ","U",22,"H"," ","U",-50,"H"," ","U",-11,"H"," ","U",33,"H"," ","U",22,"H"," ","U",-11,"H"," ","U",-67,"H"," ","U",-61,"H"," ","U",-22,"H"," ","U",-50,"H"," ","U",-44,"H"," ","U",6,"H"," ","U",-83,"H"," ","U",-100,"H"," ","U",-83,"H"," ","U",-56,"H"," ","U",-67,"H"," ","U",-11,"H"," ","U",0,"H"," ","U",-17,"H"," ","U",-28,"H"," ","U",-17,"H"," ","U",-11,"H"," ","U",-89,"H"," ","U",-106,"H"," ","U",-117,"H"," ","U",-94,"H"," ","U",-33,"H"," ","U",-33,"H"," ","U",-28,"H"," ","U"
"483","USR0000CPIE",2003,12,"TAVG",46," "," ","U",44," "," ","U",52," "," ","U",36," "," ","U",47," "," ","U",34," "," ","U",4," "," ","U",-12," "," ","U",-14," "," ","U",-4," "," ","U",-18," "," ","U",-7," "," ","U",18," "," ","U",-14," "," ","U",-47," "," ","U",-23," "," ","U",-11," "," ","U",2," "," ","U",52," "," ","U",18," "," ","U",8," "," ","U",7," "," ","U",14," "," ","U",1," "," ","U",-32," "," ","U",-59," "," ","U",-61," "," ","U",-53," "," ","U",-17," "," ","U",-1," "," ","U",-9," "," ","U"
"484","USR0000CPIE",2004,1,"TMAX",-6,"H"," ","U",-17,"H"," ","U",11,"H"," ","U",6,"H"," ","U",72,"H"," ","U",22,"H"," ","U",39,"H"," ","U",72,"H"," ","U",106,"H"," ","U",44,"H"," ","U",56,"H"," ","U",122,"H"," ","U",133,"H"," ","U",128,"H"," ","U",106,"H"," ","U",111,"H"," ","U",128,"H"," ","U",128,"H"," ","U",117,"H"," ","U",22,"H"," ","U",78,"H"," ","U",122,"H"," ","U",111,"H"," ","U",50,"H"," ","U",50,"H"," ","U",-6,"H"," ","U",28,"H"," ","U",67,"H"," ","U",139,"H"," ","U",28,"H"," ","U",61,"H"," ","U"
"485","USR0000CPIE",2004,1,"TMIN",-56,"H"," ","U",-106,"H"," ","U",-150,"H"," ","U",-117,"H"," ","U",-117,"H"," ","U",-44,"H"," ","U",-17,"H"," ","U",6,"H"," ","U",6,"H"," ","U",6,"H"," ","U",-11,"H"," ","U",-11,"H"," ","U",-6,"H"," ","U",-22,"H"," ","U",-22,"H"," ","U",-33,"H"," ","U",-50,"H"," ","U",-11,"H"," ","U",-39,"H"," ","U",-39,"H"," ","U",-67,"H"," ","U",-89,"H"," ","U",-50,"H"," ","U",-28,"H"," ","U",-106,"H"," ","U",-89,"H"," ","U",-44,"H"," ","U",-67,"H"," ","U",-44,"H"," ","U",-56,"H"," ","U",-106,"H"," ","U"
"486","USR0000CPIE",2004,1,"TAVG",-27," "," ","U",-57," "," ","U",-83," "," ","U",-72," "," ","U",-56," "," ","U",-10," "," ","U",2," "," ","U",37," "," ","U",37," "," ","U",24," "," ","U",6," "," ","U",51," "," ","U",39," "," ","U",33," "," ","U",23," "," ","U",16," "," ","U",3," "," ","U",32," "," ","U",19," "," ","U",-4," "," ","U",-16," "," ","U",-6," "," ","U",9," "," ","U",-4," "," ","U",-38," "," ","U",-36," "," ","U",-6," "," ","U",-13," "," ","U",27," "," ","U",-6," "," ","U",-33," "," ","U"
"487","USR0000CPIE",2004,2,"TMAX",22,"H"," ","U",11,"H"," ","U",50,"H"," ","U",50,"H"," ","U",61,"H"," ","U",89,"H"," ","U",72,"H"," ","U",78,"H"," ","U",28,"H"," ","U",89,"H"," ","U",128,"H"," ","U",111,"H"," ","U",67,"H"," ","U",67,"H"," ","U",72,"H"," ","U",56,"H"," ","U",44,"H"," ","U",94,"H"," ","U",78,"H"," ","U",61,"H"," ","U",56,"H"," ","U",61,"H"," ","U",83,"H"," ","U",56,"H"," ","U",6,"H"," ","U",67,"H"," ","U",39,"H"," ","U",89,"H"," ","U",72,"H"," ","U",NA," "," "," ",NA," "," "," "
"488","USR0000CPIE",2004,2,"TMIN",-67,"H"," ","U",-33,"H"," ","U",-67,"H"," ","U",-100,"H"," ","U",-89,"H"," ","U",-61,"H"," ","U",-83,"H"," ","U",-100,"H"," ","U",-67,"H"," ","U",-100,"H"," ","U",-67,"H"," ","U",-72,"H"," ","U",-56,"H"," ","U",-39,"H"," ","U",-6,"H"," ","U",0,"H"," ","U",0,"H"," ","U",-44,"H"," ","U",-61,"H"," ","U",-56,"H"," ","U",-33,"H"," ","U",-28,"H"," ","U",-22,"H"," ","U",-33,"H"," ","U",-22,"H"," ","U",-44,"H"," ","U",-61,"H"," ","U",-50,"H"," ","U",-44,"H"," ","U",NA," "," "," ",NA," "," "," "
"489","USR0000CPIE",2004,2,"TAVG",-17," "," ","U",-12," "," ","U",-17," "," ","U",-38," "," ","U",-30," "," ","U",-6," "," ","U",-23," "," ","U",-29," "," ","U",-29," "," ","U",-23," "," ","U",2," "," ","U",1," "," ","U",-2," "," ","U",9," "," ","U",16," "," ","U",32," "," ","U",13," "," ","U",10," "," ","U",0," "," ","U",6," "," ","U",1," "," ","U",3," "," ","U",16," "," ","U",3," "," ","U",-4," "," ","U",-10," "," ","U",-24," "," ","U",-3," "," ","U",-2," "," ","U",NA," "," "," ",NA," "," "," "
"490","USR0000CPIE",2004,3,"TMAX",11,"H"," ","U",22,"H"," ","U",94,"H"," ","U",94,"H"," ","U",94,"H"," ","U",156,"H"," ","U",161,"H"," ","U",183,"H"," ","U",217,"H"," ","U",150,"H"," ","U",178,"H"," ","U",200,"H"," ","U",222,"H"," ","U",211,"H"," ","U",183,"H"," ","U",194,"H"," ","U",222,"H"," ","U",189,"H"," ","U",194,"H"," ","U",250,"H"," ","U",222,"H"," ","U",200,"H"," ","U",183,"H"," ","U",133,"H"," ","U",56,"H"," ","U",28,"H"," ","U",117,"H"," ","U",156,"H"," ","U",200,"H"," ","U",156,"H"," ","U",128,"H"," ","U"
"491","USR0000CPIE",2004,3,"TMIN",-22,"H"," ","U",-44,"H"," ","U",-78,"H"," ","U",-61,"H"," ","U",-50,"H"," ","U",11,"H"," ","U",0,"H"," ","U",28,"H"," ","U",22,"H"," ","U",6,"H"," ","U",17,"H"," ","U",6,"H"," ","U",6,"H"," ","U",28,"H"," ","U",22,"H"," ","U",17,"H"," ","U",22,"H"," ","U",33,"H"," ","U",50,"H"," ","U",22,"H"," ","U",61,"H"," ","U",39,"H"," ","U",39,"H"," ","U",22,"H"," ","U",-22,"H"," ","U",-44,"H"," ","U",-6,"H"," ","U",-11,"H"," ","U",11,"H"," ","U",33,"H"," ","U",-17,"H"," ","U"
"492","USR0000CPIE",2004,3,"TAVG",-7," "," ","U",-10," "," ","U",2," "," ","U",7," "," ","U",21," "," ","U",68," "," ","U",81," "," ","U",103," "," ","U",106," "," ","U",78," "," ","U",86," "," ","U",89," "," ","U",106," "," ","U",107," "," ","U",95," "," ","U",100," "," ","U",113," "," ","U",109," "," ","U",111," "," ","U",128," "," ","U",131," "," ","U",115," "," ","U",98," "," ","U",64," "," ","U",7," "," ","U",-5," "," ","U",44," "," ","U",74," "," ","U",108," "," ","U",85," "," ","U",56," "," ","U"
"493","USR0000CPIE",2004,4,"TMAX",83,"H"," ","U",128,"H"," ","U",194,"H"," ","U",183,"H"," ","U",167,"H"," ","U",161,"H"," ","U",194,"H"," ","U",194,"H"," ","U",194,"H"," ","U",172,"H"," ","U",217,"H"," ","U",172,"H"," ","U",133,"H"," ","U",117,"H"," ","U",67,"H"," ","U",94,"H"," ","U",83,"H"," ","U",28,"H"," ","U",44,"H"," ","U",89,"H"," ","U",72,"H"," ","U",133,"H"," ","U",178,"H"," ","U",206,"H"," ","U",228,"H"," ","U",256,"H"," ","U",244,"H"," ","U",133,"H"," ","U",167,"H"," ","U",233,"H"," ","U",NA," "," "," "
"494","USR0000CPIE",2004,4,"TMIN",-39,"H"," ","U",-33,"H"," ","U",28,"H"," ","U",28,"H"," ","U",6,"H"," ","U",-22,"H"," ","U",6,"H"," ","U",17,"H"," ","U",22,"H"," ","U",39,"H"," ","U",44,"H"," ","U",33,"H"," ","U",11,"H"," ","U",-6,"H"," ","U",-28,"H"," ","U",-44,"H"," ","U",-50,"H"," ","U",-22,"H"," ","U",-17,"H"," ","U",0,"H"," ","U",-17,"H"," ","U",-28,"H"," ","U",11,"H"," ","U",22,"H"," ","U",39,"H"," ","U",50,"H"," ","U",72,"H"," ","U",22,"H"," ","U",-22,"H"," ","U",17,"H"," ","U",NA," "," "," "
"495","USR0000CPIE",2004,4,"TAVG",14," "," ","U",42," "," ","U",104," "," ","U",94," "," ","U",80," "," ","U",72," "," ","U",97," "," ","U",107," "," ","U",111," "," ","U",102," "," ","U",121," "," ","U",103," "," ","U",61," "," ","U",40," "," ","U",9," "," ","U",22," "," ","U",5," "," ","U",-2," "," ","U",8," "," ","U",27," "," ","U",18," "," ","U",51," "," ","U",94," "," ","U",117," "," ","U",136," "," ","U",153," "," ","U",156," "," ","U",90," "," ","U",77," "," ","U",127," "," ","U",NA," "," "," "
"496","USR0000CPIE",2004,5,"TMAX",239,"H"," ","U",267,"H"," ","U",267,"H"," ","U",233,"H"," ","U",211,"H"," ","U",183,"H"," ","U",167,"H"," ","U",172,"H"," ","U",206,"H"," ","U",78,"H"," ","U",78,"H"," ","U",172,"H"," ","U",200,"H"," ","U",206,"H"," ","U",194,"H"," ","U",200,"H"," ","U",178,"H"," ","U",133,"H"," ","U",178,"H"," ","U",156,"H"," ","U",144,"H"," ","U",161,"H"," ","U",189,"H"," ","U",183,"H"," ","U",194,"H"," ","U",244,"H"," ","U",189,"H"," ","U",111,"H"," ","U",189,"H"," ","U",239,"H"," ","U",250,"H"," ","U"
"497","USR0000CPIE",2004,5,"TMIN",44,"H"," ","U",50,"H"," ","U",67,"H"," ","U",94,"H"," ","U",67,"H"," ","U",72,"H"," ","U",39,"H"," ","U",39,"H"," ","U",-6,"H"," ","U",0,"H"," ","U",-28,"H"," ","U",-28,"H"," ","U",6,"H"," ","U",33,"H"," ","U",56,"H"," ","U",22,"H"," ","U",33,"H"," ","U",6,"H"," ","U",0,"H"," ","U",6,"H"," ","U",6,"H"," ","U",17,"H"," ","U",28,"H"," ","U",28,"H"," ","U",44,"H"," ","U",56,"H"," ","U",72,"H"," ","U",33,"H"," ","U",0,"H"," ","U",28,"H"," ","U",56,"H"," ","U"
"498","USR0000CPIE",2004,5,"TAVG",148," "," ","U",166," "," ","U",170," "," ","U",161," "," ","U",138," "," ","U",115," "," ","U",102," "," ","U",96," "," ","U",106," "," ","U",31," "," ","U",27," "," ","U",77," "," ","U",109," "," ","U",126," "," ","U",114," "," ","U",111," "," ","U",95," "," ","U",55," "," ","U",80," "," ","U",75," "," ","U",63," "," ","U",80," "," ","U",89," "," ","U",106," "," ","U",125," "," ","U",154," "," ","U",118," "," ","U",64," "," ","U",94," "," ","U",137," "," ","U",160," "," ","U"
"499","USR0000CPIE",2004,6,"TMAX",256,"H"," ","U",267,"H"," ","U",256,"H"," ","U",278,"H"," ","U",256,"H"," ","U",228,"H"," ","U",172,"H"," ","U",133,"H"," ","U",133,"H"," ","U",172,"H"," ","U",206,"H"," ","U",233,"H"," ","U",250,"H"," ","U",267,"H"," ","U",267,"H"," ","U",256,"H"," ","U",256,"H"," ","U",261,"H"," ","U",261,"H"," ","U",272,"H"," ","U",272,"H"," ","U",294,"H"," ","U",283,"H"," ","U",283,"H"," ","U",267,"H"," ","U",272,"H"," ","U",294,"H"," ","U",261,"H"," ","U",256,"H"," ","U",244,"H"," ","U",NA," "," "," "
"500","USR0000CPIE",2004,6,"TMIN",61,"H"," ","U",72,"H"," ","U",94,"H"," ","U",83,"H"," ","U",111,"H"," ","U",94,"H"," ","U",33,"H"," ","U",11,"H"," ","U",11,"H"," ","U",50,"H"," ","U",28,"H"," ","U",44,"H"," ","U",89,"H"," ","U",83,"H"," ","U",100,"H"," ","U",100,"H"," ","U",100,"H"," ","U",83,"H"," ","U",72,"H"," ","U",78,"H"," ","U",111,"H"," ","U",111,"H"," ","U",111,"H"," ","U",100,"H"," ","U",78,"H"," ","U",72,"H"," ","U",89,"H"," ","U",89,"H"," ","U",78,"H"," ","U",89,"H"," ","U",NA," "," "," "
"501","USR0000CPIE",2004,6,"TAVG",166," "," ","U",178," "," ","U",176," "," ","U",182," "," ","U",178," "," ","U",154," "," ","U",108," "," ","U",63," "," ","U",68," "," ","U",101," "," ","U",120," "," ","U",144," "," ","U",169," "," ","U",176," "," ","U",174," "," ","U",179," "," ","U",175," "," ","U",169," "," ","U",174," "," ","U",177," "," ","U",195," "," ","U",201," "," ","U",193," "," ","U",188," "," ","U",177," "," ","U",180," "," ","U",167," "," ","U",153," "," ","U",146," "," ","U",136," "," ","U",NA," "," "," "
"502","USR0000CPIE",2004,7,"TMAX",256,"H"," ","U",278,"H"," ","U",278,"H"," ","U",289,"H"," ","U",317,"H"," ","U",317,"H"," ","U",278,"H"," ","U",267,"H"," ","U",239,"H"," ","U",244,"H"," ","U",272,"H"," ","U",283,"H"," ","U",289,"H"," ","U",283,"H"," ","U",289,"H"," ","U",300,"H"," ","U",289,"H"," ","U",289,"H"," ","U",278,"H"," ","U",283,"H"," ","U",306,"H"," ","U",322,"H"," ","U",NA," "," "," ",333,"H"," ","U",322,"H"," ","U",311,"H"," ","U",333,"H"," ","U",339,"H"," ","U",294,"H"," ","U",294,"H"," ","U",283,"H"," ","U"
"503","USR0000CPIE",2004,7,"TMIN",78,"H"," ","U",83,"H"," ","U",106,"H"," ","U",106,"H"," ","U",117,"H"," ","U",139,"H"," ","U",133,"H"," ","U",89,"H"," ","U",94,"H"," ","U",78,"H"," ","U",67,"H"," ","U",128,"H"," ","U",111,"H"," ","U",111,"H"," ","U",106,"H"," ","U",106,"H"," ","U",150,"H"," ","U",144,"H"," ","U",122,"H"," ","U",106,"H"," ","U",89,"H"," ","U",122,"H"," ","U",NA," "," "," ",167,"H"," ","U",133,"H"," ","U",128,"H"," ","U",117,"H"," ","U",133,"H"," ","U",111,"H"," ","U",106,"H"," ","U",89,"H"," ","U"
"504","USR0000CPIE",2004,7,"TAVG",150," "," ","U",181," "," ","U",184," "," ","U",201," "," ","U",221," "," ","U",223," "," ","U",206," "," ","U",182," "," ","U",166," "," ","U",163," "," ","U",182," "," ","U",202," "," ","U",199," "," ","U",199," "," ","U",199," "," ","U",206," "," ","U",219," "," ","U",203," "," ","U",199," "," ","U",196," "," ","U",211," "," ","U",208," "," ","U",NA," "," "," ",258," "," ","U",231," "," ","U",218," "," ","U",223," "," ","U",229," "," ","U",208," "," ","U",201," "," ","U",190," "," ","U"
"505","USR0000CPIE",2004,8,"TMAX",283,"H"," ","U",250,"H"," ","U",278,"H"," ","U",256,"H"," ","U",244,"H"," ","U",250,"H"," ","U",306,"H"," ","U",339,"H"," ","U",328,"H"," ","U",328,"H"," ","U",350,"H"," ","U",344,"H"," ","U",339,"H"," ","U",322,"H"," ","U",300,"H"," ","U",283,"H"," ","U",311,"H"," ","U",306,"H"," ","U",322,"H"," ","U",322,"H"," ","U",294,"H"," ","U",206,"H"," ","U",211,"H"," ","U",239,"H"," ","U",233,"H"," ","U",200,"H"," ","U",233,"H"," ","U",294,"H"," ","U",311,"H"," ","U",322,"H"," ","U",306,"H"," ","U"
"506","USR0000CPIE",2004,8,"TMIN",94,"H"," ","U",89,"H"," ","U",72,"H"," ","U",89,"H"," ","U",94,"H"," ","U",83,"H"," ","U",67,"H"," ","U",122,"H"," ","U",139,"H"," ","U",111,"H"," ","U",133,"H"," ","U",144,"H"," ","U",156,"H"," ","U",144,"H"," ","U",139,"H"," ","U",128,"H"," ","U",106,"H"," ","U",122,"H"," ","U",144,"H"," ","U",111,"H"," ","U",111,"H"," ","U",122,"H"," ","U",100,"H"," ","U",94,"H"," ","U",89,"H"," ","U",94,"H"," ","U",72,"H"," ","U",94,"H"," ","U",117,"H"," ","U",117,"H"," ","U",117,"H"," ","U"
"507","USR0000CPIE",2004,8,"TAVG",194," "," ","U",168," "," ","U",178," "," ","U",171," "," ","U",165," "," ","U",163," "," ","U",192," "," ","U",228," "," ","U",223," "," ","U",227," "," ","U",238," "," ","U",247," "," ","U",239," "," ","U",222," "," ","U",199," "," ","U",199," "," ","U",204," "," ","U",218," "," ","U",222," "," ","U",217," "," ","U",202," "," ","U",156," "," ","U",140," "," ","U",150," "," ","U",149," "," ","U",137," "," ","U",157," "," ","U",192," "," ","U",209," "," ","U",212," "," ","U",212," "," ","U"
"508","USR0000CPIE",2004,9,"TMAX",278,"H"," ","U",222,"H"," ","U",183,"H"," ","U",261,"H"," ","U",294,"H"," ","U",311,"H"," ","U",311,"H"," ","U",300,"H"," ","U",294,"H"," ","U",294,"H"," ","U",294,"H"," ","U",256,"H"," ","U",239,"H"," ","U",211,"H"," ","U",278,"H"," ","U",272,"H"," ","U",239,"H"," ","U",150,"H"," ","U",100,"H"," ","U",111,"H"," ","U",178,"H"," ","U",267,"H"," ","U",261,"H"," ","U",283,"H"," ","U",283,"H"," ","U",272,"H"," ","U",283,"H"," ","U",278,"H"," ","U",261,"H"," ","U",244,"H"," ","U",NA," "," "," "
"509","USR0000CPIE",2004,9,"TMIN",128,"H"," ","U",83,"H"," ","U",33,"H"," ","U",67,"H"," ","U",78,"H"," ","U",94,"H"," ","U",94,"H"," ","U",94,"H"," ","U",94,"H"," ","U",89,"H"," ","U",100,"H"," ","U",100,"H"," ","U",56,"H"," ","U",22,"H"," ","U",56,"H"," ","U",67,"H"," ","U",89,"H"," ","U",11,"H"," ","U",6,"H"," ","U",6,"H"," ","U",0,"H"," ","U",39,"H"," ","U",56,"H"," ","U",61,"H"," ","U",83,"H"," ","U",61,"H"," ","U",67,"H"," ","U",72,"H"," ","U",78,"H"," ","U",50,"H"," ","U",NA," "," "," "
"510","USR0000CPIE",2004,9,"TAVG",189," "," ","U",147," "," ","U",111," "," ","U",158," "," ","U",187," "," ","U",197," "," ","U",201," "," ","U",194," "," ","U",190," "," ","U",190," "," ","U",198," "," ","U",172," "," ","U",144," "," ","U",119," "," ","U",162," "," ","U",164," "," ","U",155," "," ","U",78," "," ","U",35," "," ","U",50," "," ","U",87," "," ","U",145," "," ","U",156," "," ","U",165," "," ","U",169," "," ","U",153," "," ","U",167," "," ","U",163," "," ","U",144," "," ","U",135," "," ","U",NA," "," "," "
"511","USR0000CPIE",2004,10,"TMAX",244,"H"," ","U",250,"H"," ","U",250,"H"," ","U",256,"H"," ","U",256,"H"," ","U",244,"H"," ","U",250,"H"," ","U",244,"H"," ","U",167,"H"," ","U",144,"H"," ","U",161,"H"," ","U",211,"H"," ","U",222,"H"," ","U",289,"H"," ","U",289,"H"," ","U",206,"H"," ","U",67,"H"," ","U",44,"H"," ","U",44,"H"," ","U",61,"H"," ","U",111,"H"," ","U",78,"H"," ","U",33,"H"," ","U",89,"H"," ","U",50,"H"," ","U",61,"H"," ","U",106,"H"," ","U",6,"H"," ","U",122,"H"," ","U",117,"H"," ","U",67,"H"," ","U"
"512","USR0000CPIE",2004,10,"TMIN",56,"H"," ","U",89,"H"," ","U",61,"H"," ","U",100,"H"," ","U",61,"H"," ","U",61,"H"," ","U",61,"H"," ","U",72,"H"," ","U",33,"H"," ","U",17,"H"," ","U",17,"H"," ","U",50,"H"," ","U",78,"H"," ","U",83,"H"," ","U",78,"H"," ","U",67,"H"," ","U",0,"H"," ","U",-11,"H"," ","U",0,"H"," ","U",-6,"H"," ","U",-39,"H"," ","U",-17,"H"," ","U",0,"H"," ","U",-11,"H"," ","U",-17,"H"," ","U",-50,"H"," ","U",-78,"H"," ","U",-17,"H"," ","U",-22,"H"," ","U",-33,"H"," ","U",-50,"H"," ","U"
"513","USR0000CPIE",2004,10,"TAVG",152," "," ","U",146," "," ","U",144," "," ","U",158," "," ","U",148," "," ","U",143," "," ","U",144," "," ","U",142," "," ","U",85," "," ","U",72," "," ","U",94," "," ","U",137," "," ","U",149," "," ","U",165," "," ","U",167," "," ","U",128," "," ","U",38," "," ","U",14," "," ","U",15," "," ","U",17," "," ","U",20," "," ","U",30," "," ","U",24," "," ","U",28," "," ","U",16," "," ","U",-2," "," ","U",6," "," ","U",-6," "," ","U",21," "," ","U",26," "," ","U",2," "," ","U"
"514","USR0000CPIE",2004,11,"TMAX",111,"H"," ","U",150,"H"," ","U",39,"H"," ","U",94,"H"," ","U",128,"H"," ","U",150,"H"," ","U",167,"H"," ","U",183,"H"," ","U",56,"H"," ","U",72,"H"," ","U",72,"H"," ","U",106,"H"," ","U",61,"H"," ","U",83,"H"," ","U",89,"H"," ","U",106,"H"," ","U",167,"H"," ","U",150,"H"," ","U",61,"H"," ","U",44,"H"," ","U",39,"H"," ","U",106,"H"," ","U",100,"H"," ","U",156,"H"," ","U",50,"H"," ","U",44,"H"," ","U",33,"H"," ","U",-11,"H"," ","U",50,"H"," ","U",50,"H"," ","U",NA," "," "," "
"515","USR0000CPIE",2004,11,"TMIN",-33,"H"," ","U",-17,"H"," ","U",-11,"H"," ","U",-6,"H"," ","U",6,"H"," ","U",6,"H"," ","U",11,"H"," ","U",28,"H"," ","U",22,"H"," ","U",0,"H"," ","U",0,"H"," ","U",0,"H"," ","U",11,"H"," ","U",-6,"H"," ","U",-11,"H"," ","U",0,"H"," ","U",-11,"H"," ","U",-6,"H"," ","U",-33,"H"," ","U",-67,"H"," ","U",-61,"H"," ","U",-44,"H"," ","U",-28,"H"," ","U",-17,"H"," ","U",-11,"H"," ","U",-50,"H"," ","U",-78,"H"," ","U",-106,"H"," ","U",-122,"H"," ","U",-117,"H"," ","U",NA," "," "," "
"516","USR0000CPIE",2004,11,"TAVG",23," "," ","U",61," "," ","U",4," "," ","U",36," "," ","U",73," "," ","U",78," "," ","U",92," "," ","U",88," "," ","U",36," "," ","U",31," "," ","U",23," "," ","U",34," "," ","U",39," "," ","U",27," "," ","U",31," "," ","U",52," "," ","U",54," "," ","U",53," "," ","U",9," "," ","U",-18," "," ","U",-17," "," ","U",14," "," ","U",21," "," ","U",54," "," ","U",17," "," ","U",-3," "," ","U",-24," "," ","U",-62," "," ","U",-63," "," ","U",-39," "," ","U",NA," "," "," "
"517","USR0000CPIE",2004,12,"TMAX",6,"H"," ","U",11,"H"," ","U",94,"H"," ","U",89,"H"," ","U",61,"H"," ","U",22,"H"," ","U",28,"H"," ","U",44,"H"," ","U",83,"H"," ","U",178,"H"," ","U",206,"H"," ","U",167,"H"," ","U",156,"H"," ","U",144,"H"," ","U",128,"H"," ","U",94,"H"," ","U",100,"H"," ","U",144,"H"," ","U",167,"H"," ","U",100,"H"," ","U",89,"H"," ","U",44,"H"," ","U",61,"H"," ","U",133,"H"," ","U",106,"H"," ","U",67,"H"," ","U",39,"H"," ","U",11,"H"," ","U",11,"H"," ","U",6,"H"," ","U",44,"H"," ","U"
"518","USR0000CPIE",2004,12,"TMIN",-100,"H"," ","U",-61,"H"," ","U",-89,"H"," ","U",-106,"H"," ","U",-56,"H"," ","U",-33,"H"," ","U",-11,"H"," ","U",-6,"H"," ","U",17,"H"," ","U",6,"H"," ","U",33,"H"," ","U",28,"H"," ","U",17,"H"," ","U",-11,"H"," ","U",-22,"H"," ","U",-33,"H"," ","U",-44,"H"," ","U",-17,"H"," ","U",-11,"H"," ","U",-11,"H"," ","U",-61,"H"," ","U",-61,"H"," ","U",-44,"H"," ","U",-50,"H"," ","U",-33,"H"," ","U",-6,"H"," ","U",-11,"H"," ","U",-17,"H"," ","U",-39,"H"," ","U",-39,"H"," ","U",-50,"H"," ","U"
"519","USR0000CPIE",2004,12,"TAVG",-47," "," ","U",-32," "," ","U",-29," "," ","U",-22," "," ","U",-6," "," ","U",-11," "," ","U",-1," "," ","U",23," "," ","U",48," "," ","U",67," "," ","U",91," "," ","U",79," "," ","U",60," "," ","U",44," "," ","U",28," "," ","U",19," "," ","U",16," "," ","U",36," "," ","U",57," "," ","U",23," "," ","U",5," "," ","U",-16," "," ","U",-8," "," ","U",14," "," ","U",23," "," ","U",23," "," ","U",20," "," ","U",0," "," ","U",-14," "," ","U",-26," "," ","U",-25," "," ","U"
"520","USR0000CPIE",2005,1,"TMAX",11,"H"," ","U",11,"H"," ","U",17,"H"," ","U",11,"H"," ","U",17,"H"," ","U",6,"H"," ","U",6,"H"," ","U",-22,"H"," ","U",39,"H"," ","U",56,"H"," ","U",44,"H"," ","U",78,"H"," ","U",72,"H"," ","U",94,"H"," ","U",144,"H"," ","U",117,"H"," ","U",144,"H"," ","U",167,"H"," ","U",222,"H"," ","U",178,"H"," ","U",194,"H"," ","U",200,"H"," ","U",183,"H"," ","U",167,"H"," ","U",89,"H"," ","U",56,"H"," ","U",67,"H"," ","U",56,"H"," ","U",61,"H"," ","U",83,"H"," ","U",133,"H"," ","U"
"521","USR0000CPIE",2005,1,"TMIN",-50,"H"," ","U",-39,"H"," ","U",-50,"H"," ","U",-78,"H"," ","U",-50,"H"," ","U",-39,"H"," ","U",-44,"H"," ","U",-50,"H"," ","U",-61,"H"," ","U",-56,"H"," ","U",-78,"H"," ","U",-106,"H"," ","U",-89,"H"," ","U",-67,"H"," ","U",-11,"H"," ","U",0,"H"," ","U",-11,"H"," ","U",6,"H"," ","U",11,"H"," ","U",6,"H"," ","U",0,"H"," ","U",-17,"H"," ","U",-17,"H"," ","U",-17,"H"," ","U",17,"H"," ","U",0,"H"," ","U",0,"H"," ","U",-44,"H"," ","U",-78,"H"," ","U",-56,"H"," ","U",-50,"H"," ","U"
"522","USR0000CPIE",2005,1,"TAVG",-28," "," ","U",-23," "," ","U",-23," "," ","U",-41," "," ","U",-23," "," ","U",-24," "," ","U",-23," "," ","U",-35," "," ","U",-16," "," ","U",-4," "," ","U",-28," "," ","U",-37," "," ","U",-26," "," ","U",1," "," ","U",49," "," ","U",34," "," ","U",42," "," ","U",69," "," ","U",82," "," ","U",71," "," ","U",71," "," ","U",62," "," ","U",60," "," ","U",57," "," ","U",39," "," ","U",22," "," ","U",16," "," ","U",-2," "," ","U",-23," "," ","U",-4," "," ","U",18," "," ","U"
"523","USR0000CPIE",2005,2,"TMAX",111,"H"," ","U",106,"H"," ","U",144,"H"," ","U",128,"H"," ","U",111,"H"," ","U",67,"H"," ","U",67,"H"," ","U",61,"H"," ","U",106,"H"," ","U",72,"H"," ","U",94,"H"," ","U",117,"H"," ","U",28,"H"," ","U",44,"H"," ","U",33,"H"," ","U",39,"H"," ","U",72,"H"," ","U",78,"H"," ","U",83,"H"," ","U",89,"H"," ","U",67,"H"," ","U",83,"H"," ","U",106,"H"," ","U",122,"H"," ","U",139,"H"," ","U",117,"H"," ","U",89,"H"," ","U",67,"H"," ","U",NA," "," "," ",NA," "," "," ",NA," "," "," "
"524","USR0000CPIE",2005,2,"TMIN",-28,"H"," ","U",-33,"H"," ","U",-28,"H"," ","U",-39,"H"," ","U",-39,"H"," ","U",-44,"H"," ","U",-50,"H"," ","U",-67,"H"," ","U",-67,"H"," ","U",-56,"H"," ","U",-44,"H"," ","U",-11,"H"," ","U",0,"H"," ","U",0,"H"," ","U",-11,"H"," ","U",-17,"H"," ","U",-11,"H"," ","U",-28,"H"," ","U",-17,"H"," ","U",-11,"H"," ","U",0,"H"," ","U",0,"H"," ","U",11,"H"," ","U",-17,"H"," ","U",-28,"H"," ","U",-33,"H"," ","U",-11,"H"," ","U",-39,"H"," ","U",NA," "," "," ",NA," "," "," ",NA," "," "," "
"525","USR0000CPIE",2005,2,"TAVG",32," "," ","U",30," "," ","U",36," "," ","U",36," "," ","U",21," "," ","U",4," "," ","U",-3," "," ","U",-19," "," ","U",-3," "," ","U",3," "," ","U",16," "," ","U",35," "," ","U",10," "," ","U",12," "," ","U",2," "," ","U",2," "," ","U",20," "," ","U",12," "," ","U",19," "," ","U",18," "," ","U",22," "," ","U",28," "," ","U",40," "," ","U",43," "," ","U",26," "," ","U",28," "," ","U",27," "," ","U",8," "," ","U",NA," "," "," ",NA," "," "," ",NA," "," "," "
"526","USR0000CPIE",2005,3,"TMAX",100,"H"," ","U",122,"H"," ","U",117,"H"," ","U",106,"H"," ","U",128,"H"," ","U",156,"H"," ","U",217,"H"," ","U",228,"H"," ","U",217,"H"," ","U",178,"H"," ","U",217,"H"," ","U",211,"H"," ","U",128,"H"," ","U",89,"H"," ","U",144,"H"," ","U",94,"H"," ","U",67,"H"," ","U",78,"H"," ","U",44,"H"," ","U",33,"H"," ","U",61,"H"," ","U",50,"H"," ","U",50,"H"," ","U",89,"H"," ","U",83,"H"," ","U",133,"H"," ","U",106,"H"," ","U",72,"H"," ","U",50,"H"," ","U",94,"H"," ","U",150,"H"," ","U"
"527","USR0000CPIE",2005,3,"TMIN",-61,"H"," ","U",-33,"H"," ","U",-50,"H"," ","U",0,"H"," ","U",-17,"H"," ","U",0,"H"," ","U",6,"H"," ","U",17,"H"," ","U",22,"H"," ","U",28,"H"," ","U",22,"H"," ","U",28,"H"," ","U",-17,"H"," ","U",-17,"H"," ","U",-39,"H"," ","U",-11,"H"," ","U",-11,"H"," ","U",0,"H"," ","U",-11,"H"," ","U",-17,"H"," ","U",-6,"H"," ","U",-6,"H"," ","U",-17,"H"," ","U",-39,"H"," ","U",-61,"H"," ","U",-22,"H"," ","U",6,"H"," ","U",-11,"H"," ","U",-61,"H"," ","U",-83,"H"," ","U",-28,"H"," ","U"
"528","USR0000CPIE",2005,3,"TAVG",13," "," ","U",20," "," ","U",27," "," ","U",46," "," ","U",57," "," ","U",67," "," ","U",94," "," ","U",106," "," ","U",109," "," ","U",104," "," ","U",114," "," ","U",109," "," ","U",46," "," ","U",24," "," ","U",46," "," ","U",37," "," ","U",19," "," ","U",32," "," ","U",10," "," ","U",3," "," ","U",13," "," ","U",12," "," ","U",7," "," ","U",3," "," ","U",11," "," ","U",49," "," ","U",48," "," ","U",17," "," ","U",1," "," ","U",10," "," ","U",58," "," ","U"
"529","USR0000CPIE",2005,4,"TMAX",150,"H"," ","U",133,"H"," ","U",28,"H"," ","U",67,"H"," ","U",183,"H"," ","U",178,"H"," ","U",78,"H"," ","U",33,"H"," ","U",83,"H"," ","U",139,"H"," ","U",128,"H"," ","U",111,"H"," ","U",67,"H"," ","U",94,"H"," ","U",167,"H"," ","U",194,"H"," ","U",133,"H"," ","U",100,"H"," ","U",78,"H"," ","U",100,"H"," ","U",156,"H"," ","U",206,"H"," ","U",89,"H"," ","U",72,"H"," ","U",167,"H"," ","U",172,"H"," ","U",172,"H"," ","U",122,"H"," ","U",139,"H"," ","U",161,"H"," ","U",NA," "," "," "
"530","USR0000CPIE",2005,4,"TMIN",6,"H"," ","U",-11,"H"," ","U",-22,"H"," ","U",-39,"H"," ","U",-17,"H"," ","U",39,"H"," ","U",-33,"H"," ","U",-28,"H"," ","U",-44,"H"," ","U",-44,"H"," ","U",6,"H"," ","U",0,"H"," ","U",-72,"H"," ","U",-89,"H"," ","U",-28,"H"," ","U",6,"H"," ","U",-17,"H"," ","U",-33,"H"," ","U",-22,"H"," ","U",-39,"H"," ","U",-17,"H"," ","U",17,"H"," ","U",0,"H"," ","U",0,"H"," ","U",-11,"H"," ","U",0,"H"," ","U",17,"H"," ","U",11,"H"," ","U",28,"H"," ","U",28,"H"," ","U",NA," "," "," "
"531","USR0000CPIE",2005,4,"TAVG",62," "," ","U",55," "," ","U",2," "," ","U",9," "," ","U",74," "," ","U",109," "," ","U",16," "," ","U",-8," "," ","U",20," "," ","U",49," "," ","U",55," "," ","U",43," "," ","U",-8," "," ","U",4," "," ","U",69," "," ","U",96," "," ","U",68," "," ","U",12," "," ","U",13," "," ","U",33," "," ","U",69," "," ","U",91," "," ","U",30," "," ","U",31," "," ","U",76," "," ","U",82," "," ","U",63," "," ","U",49," "," ","U",71," "," ","U",77," "," ","U",NA," "," "," "
"532","USR0000CPIE",2005,5,"TMAX",122,"H"," ","U",161,"H"," ","U",189,"H"," ","U",117,"H"," ","U",122,"H"," ","U",50,"H"," ","U",139,"H"," ","U",72,"H"," ","U",44,"H"," ","U",106,"H"," ","U",150,"H"," ","U",200,"H"," ","U",211,"H"," ","U",233,"H"," ","U",122,"H"," ","U",111,"H"," ","U",106,"H"," ","U",94,"H"," ","U",106,"H"," ","U",150,"H"," ","U",228,"H"," ","U",222,"H"," ","U",239,"H"," ","U",244,"H"," ","U",250,"H"," ","U",278,"H"," ","U",294,"H"," ","U",217,"H"," ","U",172,"H"," ","U",239,"H"," ","U",244,"H"," ","U"
"533","USR0000CPIE",2005,5,"TMIN",11,"H"," ","U",11,"H"," ","U",0,"H"," ","U",44,"H"," ","U",33,"H"," ","U",28,"H"," ","U",17,"H"," ","U",17,"H"," ","U",0,"H"," ","U",-11,"H"," ","U",-28,"H"," ","U",6,"H"," ","U",39,"H"," ","U",39,"H"," ","U",78,"H"," ","U",0,"H"," ","U",6,"H"," ","U",11,"H"," ","U",50,"H"," ","U",0,"H"," ","U",-6,"H"," ","U",56,"H"," ","U",39,"H"," ","U",39,"H"," ","U",83,"H"," ","U",94,"H"," ","U",89,"H"," ","U",17,"H"," ","U",6,"H"," ","U",50,"H"," ","U",72,"H"," ","U"
"534","USR0000CPIE",2005,5,"TAVG",56," "," ","U",80," "," ","U",96," "," ","U",73," "," ","U",65," "," ","U",37," "," ","U",67," "," ","U",43," "," ","U",16," "," ","U",29," "," ","U",60," "," ","U",100," "," ","U",115," "," ","U",143," "," ","U",98," "," ","U",66," "," ","U",46," "," ","U",59," "," ","U",76," "," ","U",92," "," ","U",119," "," ","U",144," "," ","U",141," "," ","U",151," "," ","U",164," "," ","U",177," "," ","U",187," "," ","U",126," "," ","U",87," "," ","U",148," "," ","U",159," "," ","U"
"535","USR0000CPIE",2005,6,"TMAX",206,"H"," ","U",178,"H"," ","U",228,"H"," ","U",233,"H"," ","U",156,"H"," ","U",111,"H"," ","U",133,"H"," ","U",83,"H"," ","U",161,"H"," ","U",211,"H"," ","U",222,"H"," ","U",233,"H"," ","U",261,"H"," ","U",250,"H"," ","U",250,"H"," ","U",167,"H"," ","U",78,"H"," ","U",111,"H"," ","U",189,"H"," ","U",244,"H"," ","U",222,"H"," ","U",244,"H"," ","U",267,"H"," ","U",256,"H"," ","U",217,"H"," ","U",233,"H"," ","U",211,"H"," ","U",250,"H"," ","U",278,"H"," ","U",311,"H"," ","U",NA," "," "," "
"536","USR0000CPIE",2005,6,"TMIN",56,"H"," ","U",28,"H"," ","U",22,"H"," ","U",44,"H"," ","U",11,"H"," ","U",-22,"H"," ","U",-33,"H"," ","U",11,"H"," ","U",56,"H"," ","U",28,"H"," ","U",39,"H"," ","U",17,"H"," ","U",56,"H"," ","U",72,"H"," ","U",83,"H"," ","U",28,"H"," ","U",0,"H"," ","U",0,"H"," ","U",0,"H"," ","U",44,"H"," ","U",78,"H"," ","U",22,"H"," ","U",56,"H"," ","U",72,"H"," ","U",56,"H"," ","U",56,"H"," ","U",89,"H"," ","U",67,"H"," ","U",89,"H"," ","U",111,"H"," ","U",NA," "," "," "
"537","USR0000CPIE",2005,6,"TAVG",123," "," ","U",102," "," ","U",129," "," ","U",143," "," ","U",89," "," ","U",39," "," ","U",53," "," ","U",51," "," ","U",101," "," ","U",106," "," ","U",127," "," ","U",131," "," ","U",164," "," ","U",162," "," ","U",161," "," ","U",89," "," ","U",35," "," ","U",56," "," ","U",101," "," ","U",146," "," ","U",149," "," ","U",152," "," ","U",161," "," ","U",162," "," ","U",147," "," ","U",146," "," ","U",147," "," ","U",163," "," ","U",184," "," ","U",209," "," ","U",NA," "," "," "
"538","USR0000CPIE",2005,7,"TMAX",294,"H"," ","U",283,"H"," ","U",283,"H"," ","U",300,"H"," ","U",311,"H"," ","U",300,"H"," ","U",283,"H"," ","U",272,"H"," ","U",233,"H"," ","U",250,"H"," ","U",311,"H"," ","U",333,"H"," ","U",322,"H"," ","U",350,"H"," ","U",311,"H"," ","U",344,"H"," ","U",344,"H"," ","U",344,"H"," ","U",322,"H"," ","U",328,"H"," ","U",311,"H"," ","U",289,"H"," ","U",328,"H"," ","U",306,"H"," ","U",317,"H"," ","U",328,"H"," ","U",322,"H"," ","U",306,"H"," ","U",300,"H"," ","U",306,"H"," ","U",300,"H"," ","U"
"539","USR0000CPIE",2005,7,"TMIN",117,"H"," ","U",111,"H"," ","U",100,"H"," ","U",94,"H"," ","U",106,"H"," ","U",117,"H"," ","U",122,"H"," ","U",100,"H"," ","U",94,"H"," ","U",100,"H"," ","U",72,"H"," ","U",111,"H"," ","U",122,"H"," ","U",133,"H"," ","U",144,"H"," ","U",139,"H"," ","U",150,"H"," ","U",161,"H"," ","U",144,"H"," ","U",133,"H"," ","U",139,"H"," ","U",133,"H"," ","U",100,"H"," ","U",117,"H"," ","U",106,"H"," ","U",139,"H"," ","U",128,"H"," ","U",128,"H"," ","U",133,"H"," ","U",122,"H"," ","U",117,"H"," ","U"
"540","USR0000CPIE",2005,7,"TAVG",207," "," ","U",199," "," ","U",193," "," ","U",201," "," ","U",212," "," ","U",210," "," ","U",202," "," ","U",188," "," ","U",161," "," ","U",171," "," ","U",199," "," ","U",225," "," ","U",229," "," ","U",239," "," ","U",198," "," ","U",245," "," ","U",250," "," ","U",252," "," ","U",235," "," ","U",231," "," ","U",216," "," ","U",208," "," ","U",217," "," ","U",212," "," ","U",213," "," ","U",231," "," ","U",231," "," ","U",224," "," ","U",219," "," ","U",214," "," ","U",204," "," ","U"
"541","USR0000CPIE",2005,8,"TMAX",278,"H"," ","U",289,"H"," ","U",311,"H"," ","U",339,"H"," ","U",333,"H"," ","U",333,"H"," ","U",322,"H"," ","U",300,"H"," ","U",306,"H"," ","U",306,"H"," ","U",317,"H"," ","U",322,"H"," ","U",311,"H"," ","U",328,"H"," ","U",306,"H"," ","U",300,"H"," ","U",272,"H"," ","U",278,"H"," ","U",289,"H"," ","U",317,"H"," ","U",311,"H"," ","U",317,"H"," ","U",311,"H"," ","U",294,"H"," ","U",289,"H"," ","U",289,"H"," ","U",311,"H"," ","U",306,"H"," ","U",250,"H"," ","U",228,"H"," ","U",278,"H"," ","U"
"542","USR0000CPIE",2005,8,"TMIN",89,"H"," ","U",89,"H"," ","U",94,"H"," ","U",117,"H"," ","U",128,"H"," ","U",139,"H"," ","U",150,"H"," ","U",156,"H"," ","U",128,"H"," ","U",106,"H"," ","U",100,"H"," ","U",106,"H"," ","U",117,"H"," ","U",122,"H"," ","U",128,"H"," ","U",100,"H"," ","U",100,"H"," ","U",100,"H"," ","U",83,"H"," ","U",89,"H"," ","U",106,"H"," ","U",89,"H"," ","U",106,"H"," ","U",100,"H"," ","U",100,"H"," ","U",133,"H"," ","U",106,"H"," ","U",94,"H"," ","U",72,"H"," ","U",39,"H"," ","U",100,"H"," ","U"
"543","USR0000CPIE",2005,8,"TAVG",188," "," ","U",190," "," ","U",208," "," ","U",228," "," ","U",236," "," ","U",237," "," ","U",233," "," ","U",224," "," ","U",213," "," ","U",206," "," ","U",208," "," ","U",211," "," ","U",214," "," ","U",222," "," ","U",193," "," ","U",188," "," ","U",189," "," ","U",181," "," ","U",184," "," ","U",202," "," ","U",201," "," ","U",204," "," ","U",201," "," ","U",191," "," ","U",193," "," ","U",203," "," ","U",207," "," ","U",202," "," ","U",172," "," ","U",143," "," ","U",183," "," ","U"
"544","USR0000CPIE",2005,9,"TMAX",311,"H"," ","U",289,"H"," ","U",272,"H"," ","U",244,"H"," ","U",267,"H"," ","U",278,"H"," ","U",300,"H"," ","U",256,"H"," ","U",217,"H"," ","U",156,"H"," ","U",139,"H"," ","U",200,"H"," ","U",222,"H"," ","U",244,"H"," ","U",239,"H"," ","U",200,"H"," ","U",178,"H"," ","U",206,"H"," ","U",272,"H"," ","U",278,"H"," ","U",261,"H"," ","U",250,"H"," ","U",189,"H"," ","U",150,"H"," ","U",172,"H"," ","U",183,"H"," ","U",206,"H"," ","U",233,"H"," ","U",306,"H"," ","U",267,"H"," ","U",NA," "," "," "
"545","USR0000CPIE",2005,9,"TMIN",100,"H"," ","U",94,"H"," ","U",78,"H"," ","U",78,"H"," ","U",61,"H"," ","U",56,"H"," ","U",67,"H"," ","U",83,"H"," ","U",39,"H"," ","U",11,"H"," ","U",0,"H"," ","U",0,"H"," ","U",28,"H"," ","U",44,"H"," ","U",44,"H"," ","U",50,"H"," ","U",44,"H"," ","U",28,"H"," ","U",67,"H"," ","U",89,"H"," ","U",94,"H"," ","U",67,"H"," ","U",11,"H"," ","U",-11,"H"," ","U",33,"H"," ","U",61,"H"," ","U",67,"H"," ","U",67,"H"," ","U",61,"H"," ","U",78,"H"," ","U",NA," "," "," "
"546","USR0000CPIE",2005,9,"TAVG",197," "," ","U",184," "," ","U",168," "," ","U",155," "," ","U",157," "," ","U",160," "," ","U",179," "," ","U",161," "," ","U",126," "," ","U",67," "," ","U",60," "," ","U",96," "," ","U",119," "," ","U",138," "," ","U",138," "," ","U",107," "," ","U",99," "," ","U",121," "," ","U",169," "," ","U",173," "," ","U",171," "," ","U",151," "," ","U",98," "," ","U",68," "," ","U",98," "," ","U",117," "," ","U",128," "," ","U",147," "," ","U",171," "," ","U",166," "," ","U",NA," "," "," "
"547","USR0000CPIE",2005,10,"TMAX",200,"H"," ","U",156,"H"," ","U",94,"H"," ","U",122,"H"," ","U",156,"H"," ","U",244,"H"," ","U",222,"H"," ","U",189,"H"," ","U",161,"H"," ","U",222,"H"," ","U",217,"H"," ","U",233,"H"," ","U",256,"H"," ","U",228,"H"," ","U",117,"H"," ","U",178,"H"," ","U",228,"H"," ","U",233,"H"," ","U",122,"H"," ","U",200,"H"," ","U",222,"H"," ","U",250,"H"," ","U",228,"H"," ","U",233,"H"," ","U",161,"H"," ","U",67,"H"," ","U",83,"H"," ","U",61,"H"," ","U",111,"H"," ","U",150,"H"," ","U",206,"H"," ","U"
"548","USR0000CPIE",2005,10,"TMIN",83,"H"," ","U",33,"H"," ","U",0,"H"," ","U",-22,"H"," ","U",22,"H"," ","U",22,"H"," ","U",50,"H"," ","U",28,"H"," ","U",6,"H"," ","U",17,"H"," ","U",44,"H"," ","U",28,"H"," ","U",50,"H"," ","U",67,"H"," ","U",0,"H"," ","U",28,"H"," ","U",44,"H"," ","U",56,"H"," ","U",22,"H"," ","U",0,"H"," ","U",28,"H"," ","U",39,"H"," ","U",50,"H"," ","U",50,"H"," ","U",50,"H"," ","U",33,"H"," ","U",0,"H"," ","U",0,"H"," ","U",0,"H"," ","U",-22,"H"," ","U",11,"H"," ","U"
"549","USR0000CPIE",2005,10,"TAVG",133," "," ","U",82," "," ","U",36," "," ","U",48," "," ","U",83," "," ","U",126," "," ","U",124," "," ","U",91," "," ","U",83," "," ","U",106," "," ","U",121," "," ","U",123," "," ","U",141," "," ","U",136," "," ","U",42," "," ","U",103," "," ","U",122," "," ","U",121," "," ","U",74," "," ","U",86," "," ","U",112," "," ","U",124," "," ","U",118," "," ","U",126," "," ","U",96," "," ","U",49," "," ","U",35," "," ","U",32," "," ","U",50," "," ","U",51," "," ","U",96," "," ","U"
"550","USR0000CPIE",2005,11,"TMAX",183,"H"," ","U",94,"H"," ","U",56,"H"," ","U",56,"H"," ","U",89,"H"," ","U",111,"H"," ","U",83,"H"," ","U",100,"H"," ","U",128,"H"," ","U",172,"H"," ","U",100,"H"," ","U",128,"H"," ","U",106,"H"," ","U",139,"H"," ","U",100,"H"," ","U",167,"H"," ","U",156,"H"," ","U",194,"H"," ","U",189,"H"," ","U",200,"H"," ","U",194,"H"," ","U",167,"H"," ","U",183,"H"," ","U",139,"H"," ","U",67,"H"," ","U",22,"H"," ","U",28,"H"," ","U",0,"H"," ","U",28,"H"," ","U",33,"H"," ","U",NA," "," "," "
"551","USR0000CPIE",2005,11,"TMIN",50,"H"," ","U",-6,"H"," ","U",-11,"H"," ","U",6,"H"," ","U",-6,"H"," ","U",50,"H"," ","U",28,"H"," ","U",0,"H"," ","U",0,"H"," ","U",11,"H"," ","U",22,"H"," ","U",11,"H"," ","U",28,"H"," ","U",28,"H"," ","U",-28,"H"," ","U",-28,"H"," ","U",-11,"H"," ","U",-11,"H"," ","U",6,"H"," ","U",6,"H"," ","U",0,"H"," ","U",0,"H"," ","U",0,"H"," ","U",0,"H"," ","U",-17,"H"," ","U",-89,"H"," ","U",-89,"H"," ","U",-33,"H"," ","U",-11,"H"," ","U",-28,"H"," ","U",NA," "," "," "
"552","USR0000CPIE",2005,11,"TAVG",103," "," ","U",43," "," ","U",10," "," ","U",25," "," ","U",37," "," ","U",68," "," ","U",56," "," ","U",38," "," ","U",60," "," ","U",71," "," ","U",51," "," ","U",52," "," ","U",63," "," ","U",68," "," ","U",18," "," ","U",42," "," ","U",56," "," ","U",64," "," ","U",71," "," ","U",73," "," ","U",72," "," ","U",58," "," ","U",67," "," ","U",64," "," ","U",27," "," ","U",-36," "," ","U",-32," "," ","U",-18," "," ","U",7," "," ","U",3," "," ","U",NA," "," "," "
"553","USR0000CPIE",2005,12,"TMAX",50,"H"," ","U",11,"H"," ","U",33,"H"," ","U",50,"H"," ","U",94,"H"," ","U",100,"H"," ","U",39,"H"," ","U",28,"H"," ","U",56,"H"," ","U",78,"H"," ","U",50,"H"," ","U",83,"H"," ","U",100,"H"," ","U",22,"H"," ","U",72,"H"," ","U",106,"H"," ","U",22,"H"," ","U",44,"H"," ","U",61,"H"," ","U",122,"H"," ","U",83,"H"," ","U",72,"H"," ","U",161,"H"," ","U",167,"H"," ","U",72,"H"," ","U",39,"H"," ","U",39,"H"," ","U",50,"H"," ","U",67,"H"," ","U",50,"H"," ","U",44,"H"," ","U"
"554","USR0000CPIE",2005,12,"TMIN",0,"H"," ","U",-44,"H"," ","U",-89,"H"," ","U",-89,"H"," ","U",-83,"H"," ","U",-56,"H"," ","U",-17,"H"," ","U",-28,"H"," ","U",-50,"H"," ","U",-61,"H"," ","U",-72,"H"," ","U",-72,"H"," ","U",-39,"H"," ","U",-72,"H"," ","U",-100,"H"," ","U",-78,"H"," ","U",-22,"H"," ","U",-6,"H"," ","U",22,"H"," ","U",28,"H"," ","U",44,"H"," ","U",56,"H"," ","U",28,"H"," ","U",22,"H"," ","U",0,"H"," ","U",-6,"H"," ","U",-6,"H"," ","U",-6,"H"," ","U",-39,"H"," ","U",-6,"H"," ","U",-11,"H"," ","U"
"555","USR0000CPIE",2005,12,"TAVG",35," "," ","U",-17," "," ","U",-38," "," ","U",-33," "," ","U",-12," "," ","U",6," "," ","U",-1," "," ","U",-3," "," ","U",-12," "," ","U",-13," "," ","U",-41," "," ","U",-7," "," ","U",16," "," ","U",-34," "," ","U",-37," "," ","U",-3," "," ","U",-8," "," ","U",16," "," ","U",43," "," ","U",62," "," ","U",60," "," ","U",66," "," ","U",78," "," ","U",78," "," ","U",42," "," ","U",7," "," ","U",14," "," ","U",17," "," ","U",-1," "," ","U",26," "," ","U",7," "," ","U"
"556","USR0000CPIE",2006,1,"TMAX",44,"H"," ","U",33,"H"," ","U",22,"H"," ","U",128,"H"," ","U",167,"H"," ","U",206,"H"," ","U",44,"H"," ","U",106,"H"," ","U",117,"H"," ","U",83,"H"," ","U",72,"H"," ","U",83,"H"," ","U",117,"H"," ","U",44,"H"," ","U",50,"H"," ","U",11,"H"," ","U",50,"H"," ","U",22,"H"," ","U",50,"H"," ","U",50,"H"," ","U",83,"H"," ","U",44,"H"," ","U",78,"H"," ","U",133,"H"," ","U",122,"H"," ","U",33,"H"," ","U",28,"H"," ","U",33,"H"," ","U",50,"H"," ","U",39,"H"," ","U",28,"H"," ","U"
"557","USR0000CPIE",2006,1,"TMIN",-33,"H"," ","U",-11,"H"," ","U",-28,"H"," ","U",-6,"H"," ","U",-11,"H"," ","U",17,"H"," ","U",0,"H"," ","U",-44,"H"," ","U",-56,"H"," ","U",-6,"H"," ","U",-28,"H"," ","U",-39,"H"," ","U",28,"H"," ","U",-39,"H"," ","U",-100,"H"," ","U",-83,"H"," ","U",-11,"H"," ","U",-39,"H"," ","U",-89,"H"," ","U",-94,"H"," ","U",-39,"H"," ","U",-56,"H"," ","U",-72,"H"," ","U",-33,"H"," ","U",-50,"H"," ","U",-33,"H"," ","U",-33,"H"," ","U",-28,"H"," ","U",-6,"H"," ","U",-33,"H"," ","U",-78,"H"," ","U"
"558","USR0000CPIE",2006,1,"TAVG",0," "," ","U",4," "," ","U",-11," "," ","U",27," "," ","U",42," "," ","U",72," "," ","U",10," "," ","U",4," "," ","U",17," "," ","U",25," "," ","U",22," "," ","U",18," "," ","U",63," "," ","U",3," "," ","U",-44," "," ","U",-27," "," ","U",12," "," ","U",-16," "," ","U",-33," "," ","U",-36," "," ","U",-4," "," ","U",-23," "," ","U",8," "," ","U",26," "," ","U",12," "," ","U",-8," "," ","U",-14," "," ","U",-2," "," ","U",12," "," ","U",7," "," ","U",-22," "," ","U"
"559","USR0000CPIE",2006,2,"TMAX",33,"H"," ","U",78,"H"," ","U",144,"H"," ","U",50,"H"," ","U",122,"H"," ","U",167,"H"," ","U",189,"H"," ","U",172,"H"," ","U",139,"H"," ","U",156,"H"," ","U",167,"H"," ","U",183,"H"," ","U",178,"H"," ","U",122,"H"," ","U",11,"H"," ","U",39,"H"," ","U",0,"H"," ","U",0,"H"," ","U",39,"H"," ","U",61,"H"," ","U",106,"H"," ","U",139,"H"," ","U",150,"H"," ","U",156,"H"," ","U",161,"H"," ","U",122,"H"," ","U",56,"H"," ","U",22,"H"," ","U",NA," "," "," ",NA," "," "," ",NA," "," "," "
"560","USR0000CPIE",2006,2,"TMIN",-11,"H"," ","U",11,"H"," ","U",-17,"H"," ","U",-67,"H"," ","U",-94,"H"," ","U",-67,"H"," ","U",-17,"H"," ","U",-33,"H"," ","U",-17,"H"," ","U",-28,"H"," ","U",-33,"H"," ","U",-17,"H"," ","U",-11,"H"," ","U",-61,"H"," ","U",-117,"H"," ","U",-139,"H"," ","U",-94,"H"," ","U",-100,"H"," ","U",-100,"H"," ","U",-122,"H"," ","U",-106,"H"," ","U",-56,"H"," ","U",-33,"H"," ","U",-28,"H"," ","U",-17,"H"," ","U",6,"H"," ","U",6,"H"," ","U",-22,"H"," ","U",NA," "," "," ",NA," "," "," ",NA," "," "," "
"561","USR0000CPIE",2006,2,"TAVG",16," "," ","U",36," "," ","U",48," "," ","U",7," "," ","U",-6," "," ","U",35," "," ","U",57," "," ","U",45," "," ","U",46," "," ","U",44," "," ","U",46," "," ","U",60," "," ","U",58," "," ","U",17," "," ","U",-61," "," ","U",-61," "," ","U",-52," "," ","U",-56," "," ","U",-53," "," ","U",-49," "," ","U",-12," "," ","U",26," "," ","U",41," "," ","U",47," "," ","U",53," "," ","U",48," "," ","U",30," "," ","U",-4," "," ","U",NA," "," "," ",NA," "," "," ",NA," "," "," "
"562","USR0000CPIE",2006,3,"TMAX",56,"H"," ","U",44,"H"," ","U",0,"H"," ","U",50,"H"," ","U",56,"H"," ","U",56,"H"," ","U",56,"H"," ","U",78,"H"," ","U",72,"H"," ","U",22,"H"," ","U",44,"H"," ","U",28,"H"," ","U",22,"H"," ","U",44,"H"," ","U",33,"H"," ","U",44,"H"," ","U",83,"H"," ","U",61,"H"," ","U",28,"H"," ","U",28,"H"," ","U",67,"H"," ","U",128,"H"," ","U",144,"H"," ","U",67,"H"," ","U",22,"H"," ","U",106,"H"," ","U",133,"H"," ","U",72,"H"," ","U",94,"H"," ","U",78,"H"," ","U",94,"H"," ","U"
"563","USR0000CPIE",2006,3,"TMIN",-56,"H"," ","U",-56,"H"," ","U",-50,"H"," ","U",-56,"H"," ","U",-33,"H"," ","U",-17,"H"," ","U",-67,"H"," ","U",-89,"H"," ","U",-78,"H"," ","U",-100,"H"," ","U",-111,"H"," ","U",-122,"H"," ","U",-78,"H"," ","U",-56,"H"," ","U",-50,"H"," ","U",-22,"H"," ","U",-67,"H"," ","U",-83,"H"," ","U",-94,"H"," ","U",-78,"H"," ","U",-50,"H"," ","U",-67,"H"," ","U",6,"H"," ","U",6,"H"," ","U",-33,"H"," ","U",-39,"H"," ","U",-28,"H"," ","U",-39,"H"," ","U",-44,"H"," ","U",-50,"H"," ","U",-28,"H"," ","U"
"564","USR0000CPIE",2006,3,"TAVG",-1," "," ","U",-17," "," ","U",-28," "," ","U",-17," "," ","U",8," "," ","U",-1," "," ","U",-8," "," ","U",-12," "," ","U",-16," "," ","U",-56," "," ","U",-55," "," ","U",-57," "," ","U",-32," "," ","U",-23," "," ","U",-16," "," ","U",2," "," ","U",2," "," ","U",-22," "," ","U",-36," "," ","U",-26," "," ","U",-7," "," ","U",24," "," ","U",62," "," ","U",34," "," ","U",-4," "," ","U",21," "," ","U",48," "," ","U",13," "," ","U",-3," "," ","U",9," "," ","U",10," "," ","U"
"565","USR0000CPIE",2006,4,"TMAX",61,"H"," ","U",33,"H"," ","U",56,"H"," ","U",78,"H"," ","U",56,"H"," ","U",122,"H"," ","U",156,"H"," ","U",78,"H"," ","U",56,"H"," ","U",72,"H"," ","U",67,"H"," ","U",106,"H"," ","U",183,"H"," ","U",133,"H"," ","U",56,"H"," ","U",33,"H"," ","U",106,"H"," ","U",89,"H"," ","U",183,"H"," ","U",206,"H"," ","U",144,"H"," ","U",94,"H"," ","U",139,"H"," ","U",167,"H"," ","U",172,"H"," ","U",200,"H"," ","U",211,"H"," ","U",228,"H"," ","U",239,"H"," ","U",211,"H"," ","U",NA," "," "," "
"566","USR0000CPIE",2006,4,"TMIN",-33,"H"," ","U",-17,"H"," ","U",0,"H"," ","U",-11,"H"," ","U",-17,"H"," ","U",-6,"H"," ","U",-6,"H"," ","U",-17,"H"," ","U",-11,"H"," ","U",-11,"H"," ","U",-11,"H"," ","U",0,"H"," ","U",11,"H"," ","U",33,"H"," ","U",0,"H"," ","U",-39,"H"," ","U",-56,"H"," ","U",-39,"H"," ","U",-28,"H"," ","U",0,"H"," ","U",17,"H"," ","U",6,"H"," ","U",0,"H"," ","U",6,"H"," ","U",0,"H"," ","U",11,"H"," ","U",39,"H"," ","U",72,"H"," ","U",56,"H"," ","U",28,"H"," ","U",NA," "," "," "
"567","USR0000CPIE",2006,4,"TAVG",3," "," ","U",7," "," ","U",22," "," ","U",16," "," ","U",6," "," ","U",37," "," ","U",50," "," ","U",17," "," ","U",16," "," ","U",17," "," ","U",17," "," ","U",34," "," ","U",78," "," ","U",76," "," ","U",18," "," ","U",-6," "," ","U",0," "," ","U",31," "," ","U",76," "," ","U",97," "," ","U",64," "," ","U",34," "," ","U",58," "," ","U",69," "," ","U",71," "," ","U",107," "," ","U",135," "," ","U",144," "," ","U",141," "," ","U",121," "," ","U",NA," "," "," "
"568","USR0000CPIE",2006,5,"TMAX",233,"H"," ","U",178,"H"," ","U",178,"H"," ","U",206,"H"," ","U",206,"H"," ","U",189,"H"," ","U",183,"H"," ","U",211,"H"," ","U",189,"H"," ","U",228,"H"," ","U",239,"H"," ","U",244,"H"," ","U",244,"H"," ","U",278,"H"," ","U",278,"H"," ","U",294,"H"," ","U",306,"H"," ","U",267,"H"," ","U",228,"H"," ","U",178,"H"," ","U",161,"H"," ","U",100,"H"," ","U",106,"H"," ","U",178,"H"," ","U",189,"H"," ","U",133,"H"," ","U",78,"H"," ","U",139,"H"," ","U",183,"H"," ","U",211,"H"," ","U",256,"H"," ","U"
"569","USR0000CPIE",2006,5,"TMIN",28,"H"," ","U",11,"H"," ","U",39,"H"," ","U",22,"H"," ","U",17,"H"," ","U",22,"H"," ","U",28,"H"," ","U",39,"H"," ","U",11,"H"," ","U",50,"H"," ","U",78,"H"," ","U",50,"H"," ","U",56,"H"," ","U",56,"H"," ","U",117,"H"," ","U",89,"H"," ","U",94,"H"," ","U",122,"H"," ","U",56,"H"," ","U",50,"H"," ","U",39,"H"," ","U",39,"H"," ","U",33,"H"," ","U",39,"H"," ","U",17,"H"," ","U",0,"H"," ","U",-11,"H"," ","U",-11,"H"," ","U",-11,"H"," ","U",11,"H"," ","U",56,"H"," ","U"
"570","USR0000CPIE",2006,5,"TAVG",128," "," ","U",97," "," ","U",101," "," ","U",112," "," ","U",113," "," ","U",107," "," ","U",110," "," ","U",116," "," ","U",101," "," ","U",136," "," ","U",152," "," ","U",153," "," ","U",153," "," ","U",176," "," ","U",200," "," ","U",168," "," ","U",192," "," ","U",184," "," ","U",135," "," ","U",111," "," ","U",86," "," ","U",62," "," ","U",68," "," ","U",101," "," ","U",103," "," ","U",67," "," ","U",18," "," ","U",50," "," ","U",82," "," ","U",119," "," ","U",156," "," ","U"
"571","USR0000CPIE",2006,6,"TMAX",222,"H"," ","U",211,"H"," ","U",256,"H"," ","U",233,"H"," ","U",272,"H"," ","U",289,"H"," ","U",256,"H"," ","U",233,"H"," ","U",233,"H"," ","U",239,"H"," ","U",222,"H"," ","U",211,"H"," ","U",133,"H"," ","U",172,"H"," ","U",211,"H"," ","U",283,"H"," ","U",283,"H"," ","U",272,"H"," ","U",261,"H"," ","U",278,"H"," ","U",272,"H"," ","U",322,"H"," ","U",333,"H"," ","U",333,"H"," ","U",339,"H"," ","U",339,"H"," ","U",317,"H"," ","U",256,"H"," ","U",272,"H"," ","U",294,"H"," ","U",NA," "," "," "
"572","USR0000CPIE",2006,6,"TMIN",78,"H"," ","U",100,"H"," ","U",89,"H"," ","U",83,"H"," ","U",56,"H"," ","U",61,"H"," ","U",100,"H"," ","U",72,"H"," ","U",33,"H"," ","U",50,"H"," ","U",61,"H"," ","U",50,"H"," ","U",33,"H"," ","U",39,"H"," ","U",33,"H"," ","U",67,"H"," ","U",72,"H"," ","U",78,"H"," ","U",67,"H"," ","U",89,"H"," ","U",94,"H"," ","U",100,"H"," ","U",128,"H"," ","U",144,"H"," ","U",156,"H"," ","U",144,"H"," ","U",144,"H"," ","U",106,"H"," ","U",89,"H"," ","U",100,"H"," ","U",NA," "," "," "
"573","USR0000CPIE",2006,6,"TAVG",148," "," ","U",143," "," ","U",165," "," ","U",156," "," ","U",173," "," ","U",183," "," ","U",171," "," ","U",147," "," ","U",138," "," ","U",145," "," ","U",148," "," ","U",129," "," ","U",78," "," ","U",94," "," ","U",127," "," ","U",176," "," ","U",183," "," ","U",178," "," ","U",174," "," ","U",188," "," ","U",186," "," ","U",216," "," ","U",236," "," ","U",239," "," ","U",247," "," ","U",226," "," ","U",212," "," ","U",158," "," ","U",179," "," ","U",190," "," ","U",NA," "," "," "
"574","USR0000CPIE",2006,7,"TMAX",289,"H"," ","U",283,"H"," ","U",289,"H"," ","U",289,"H"," ","U",261,"H"," ","U",250,"H"," ","U",311,"H"," ","U",300,"H"," ","U",300,"H"," ","U",294,"H"," ","U",278,"H"," ","U",256,"H"," ","U",294,"H"," ","U",306,"H"," ","U",306,"H"," ","U",317,"H"," ","U",344,"H"," ","U",350,"H"," ","U",339,"H"," ","U",350,"H"," ","U",306,"H"," ","U",356,"H"," ","U",372,"H"," ","U",356,"H"," ","U",356,"H"," ","U",344,"H"," ","U",344,"H"," ","U",311,"H"," ","U",272,"H"," ","U",272,"H"," ","U",244,"H"," ","U"
"575","USR0000CPIE",2006,7,"TMIN",89,"H"," ","U",89,"H"," ","U",89,"H"," ","U",111,"H"," ","U",83,"H"," ","U",78,"H"," ","U",61,"H"," ","U",106,"H"," ","U",106,"H"," ","U",117,"H"," ","U",111,"H"," ","U",94,"H"," ","U",72,"H"," ","U",106,"H"," ","U",106,"H"," ","U",133,"H"," ","U",133,"H"," ","U",144,"H"," ","U",144,"H"," ","U",144,"H"," ","U",156,"H"," ","U",156,"H"," ","U",167,"H"," ","U",156,"H"," ","U",161,"H"," ","U",150,"H"," ","U",144,"H"," ","U",111,"H"," ","U",122,"H"," ","U",100,"H"," ","U",83,"H"," ","U"
"576","USR0000CPIE",2006,7,"TAVG",192," "," ","U",188," "," ","U",191," "," ","U",193," "," ","U",176," "," ","U",167," "," ","U",196," "," ","U",190," "," ","U",210," "," ","U",202," "," ","U",194," "," ","U",176," "," ","U",189," "," ","U",207," "," ","U",214," "," ","U",229," "," ","U",244," "," ","U",251," "," ","U",240," "," ","U",248," "," ","U",224," "," ","U",253," "," ","U",262," "," ","U",256," "," ","U",254," "," ","U",244," "," ","U",238," "," ","U",214," "," ","U",194," "," ","U",178," "," ","U",159," "," ","U"
"577","USR0000CPIE",2006,8,"TMAX",272,"H"," ","U",300,"H"," ","U",300,"H"," ","U",311,"H"," ","U",306,"H"," ","U",306,"H"," ","U",272,"H"," ","U",261,"H"," ","U",306,"H"," ","U",278,"H"," ","U",289,"H"," ","U",294,"H"," ","U",311,"H"," ","U",294,"H"," ","U",283,"H"," ","U",244,"H"," ","U",267,"H"," ","U",294,"H"," ","U",311,"H"," ","U",322,"H"," ","U",294,"H"," ","U",294,"H"," ","U",283,"H"," ","U",278,"H"," ","U",283,"H"," ","U",278,"H"," ","U",306,"H"," ","U",322,"H"," ","U",289,"H"," ","U",283,"H"," ","U",278,"H"," ","U"
"578","USR0000CPIE",2006,8,"TMIN",56,"H"," ","U",83,"H"," ","U",94,"H"," ","U",106,"H"," ","U",139,"H"," ","U",106,"H"," ","U",89,"H"," ","U",56,"H"," ","U",89,"H"," ","U",100,"H"," ","U",100,"H"," ","U",72,"H"," ","U",106,"H"," ","U",111,"H"," ","U",78,"H"," ","U",78,"H"," ","U",56,"H"," ","U",111,"H"," ","U",106,"H"," ","U",106,"H"," ","U",89,"H"," ","U",89,"H"," ","U",100,"H"," ","U",72,"H"," ","U",72,"H"," ","U",94,"H"," ","U",106,"H"," ","U",128,"H"," ","U",106,"H"," ","U",106,"H"," ","U",61,"H"," ","U"
"579","USR0000CPIE",2006,8,"TAVG",166," "," ","U",194," "," ","U",198," "," ","U",207," "," ","U",208," "," ","U",203," "," ","U",179," "," ","U",161," "," ","U",197," "," ","U",195," "," ","U",186," "," ","U",186," "," ","U",207," "," ","U",192," "," ","U",173," "," ","U",157," "," ","U",165," "," ","U",203," "," ","U",206," "," ","U",206," "," ","U",193," "," ","U",197," "," ","U",190," "," ","U",172," "," ","U",176," "," ","U",185," "," ","U",205," "," ","U",210," "," ","U",188," "," ","U",182," "," ","U",170," "," ","U"
"580","USR0000CPIE",2006,9,"TMAX",300,"H"," ","U",317,"H"," ","U",300,"H"," ","U",306,"H"," ","U",317,"H"," ","U",306,"H"," ","U",294,"H"," ","U",283,"H"," ","U",256,"H"," ","U",289,"H"," ","U",311,"H"," ","U",333,"H"," ","U",317,"H"," ","U",206,"H"," ","U",83,"H"," ","U",172,"H"," ","U",244,"H"," ","U",261,"H"," ","U",206,"H"," ","U",189,"H"," ","U",228,"H"," ","U",139,"H"," ","U",172,"H"," ","U",233,"H"," ","U",256,"H"," ","U",272,"H"," ","U",272,"H"," ","U",294,"H"," ","U",294,"H"," ","U",239,"H"," ","U",NA," "," "," "
"581","USR0000CPIE",2006,9,"TMIN",117,"H"," ","U",111,"H"," ","U",128,"H"," ","U",128,"H"," ","U",117,"H"," ","U",122,"H"," ","U",94,"H"," ","U",117,"H"," ","U",94,"H"," ","U",56,"H"," ","U",100,"H"," ","U",111,"H"," ","U",133,"H"," ","U",61,"H"," ","U",0,"H"," ","U",-28,"H"," ","U",28,"H"," ","U",56,"H"," ","U",28,"H"," ","U",0,"H"," ","U",28,"H"," ","U",0,"H"," ","U",39,"H"," ","U",39,"H"," ","U",50,"H"," ","U",67,"H"," ","U",72,"H"," ","U",83,"H"," ","U",83,"H"," ","U",78,"H"," ","U",NA," "," "," "
"582","USR0000CPIE",2006,9,"TAVG",200," "," ","U",205," "," ","U",208," "," ","U",208," "," ","U",206," "," ","U",216," "," ","U",196," "," ","U",188," "," ","U",162," "," ","U",170," "," ","U",203," "," ","U",218," "," ","U",211," "," ","U",137," "," ","U",48," "," ","U",72," "," ","U",130," "," ","U",158," "," ","U",122," "," ","U",92," "," ","U",122," "," ","U",74," "," ","U",101," "," ","U",135," "," ","U",147," "," ","U",160," "," ","U",166," "," ","U",176," "," ","U",178," "," ","U",153," "," ","U",NA," "," "," "
"583","USR0000CPIE",2006,10,"TMAX",233,"H"," ","U",172,"H"," ","U",206,"H"," ","U",156,"H"," ","U",94,"H"," ","U",161,"H"," ","U",161,"H"," ","U",178,"H"," ","U",183,"H"," ","U",117,"H"," ","U",172,"H"," ","U",211,"H"," ","U",228,"H"," ","U",256,"H"," ","U",183,"H"," ","U",150,"H"," ","U",100,"H"," ","U",183,"H"," ","U",206,"H"," ","U",211,"H"," ","U",178,"H"," ","U",228,"H"," ","U",222,"H"," ","U",189,"H"," ","U",100,"H"," ","U",156,"H"," ","U",217,"H"," ","U",228,"H"," ","U",167,"H"," ","U",156,"H"," ","U",156,"H"," ","U"
"584","USR0000CPIE",2006,10,"TMIN",50,"H"," ","U",17,"H"," ","U",39,"H"," ","U",33,"H"," ","U",11,"H"," ","U",0,"H"," ","U",0,"H"," ","U",28,"H"," ","U",50,"H"," ","U",11,"H"," ","U",44,"H"," ","U",67,"H"," ","U",50,"H"," ","U",39,"H"," ","U",56,"H"," ","U",6,"H"," ","U",-11,"H"," ","U",-22,"H"," ","U",17,"H"," ","U",39,"H"," ","U",6,"H"," ","U",6,"H"," ","U",33,"H"," ","U",-6,"H"," ","U",-39,"H"," ","U",-22,"H"," ","U",0,"H"," ","U",0,"H"," ","U",33,"H"," ","U",11,"H"," ","U",0,"H"," ","U"
"585","USR0000CPIE",2006,10,"TAVG",124," "," ","U",83," "," ","U",111," "," ","U",71," "," ","U",45," "," ","U",68," "," ","U",68," "," ","U",98," "," ","U",102," "," ","U",58," "," ","U",101," "," ","U",126," "," ","U",130," "," ","U",132," "," ","U",106," "," ","U",59," "," ","U",32," "," ","U",64," "," ","U",102," "," ","U",109," "," ","U",76," "," ","U",106," "," ","U",118," "," ","U",95," "," ","U",27," "," ","U",56," "," ","U",83," "," ","U",99," "," ","U",91," "," ","U",70," "," ","U",62," "," ","U"
"586","USR0000CPIE",2006,11,"TMAX",94,"H"," ","U",89,"H"," ","U",78,"H"," ","U",139,"H"," ","U",156,"H"," ","U",200,"H"," ","U",206,"H"," ","U",139,"H"," ","U",94,"H"," ","U",111,"H"," ","U",33,"H"," ","U",56,"H"," ","U",56,"H"," ","U",89,"H"," ","U",161,"H"," ","U",94,"H"," ","U",111,"H"," ","U",178,"H"," ","U",178,"H"," ","U",144,"H"," ","U",83,"H"," ","U",89,"H"," ","U",83,"H"," ","U",100,"H"," ","U",72,"H"," ","U",0,"H"," ","U",6,"H"," ","U",-22,"H"," ","U",-6,"H"," ","U",128,"H"," ","U",NA," "," "," "
"587","USR0000CPIE",2006,11,"TMIN",-11,"H"," ","U",22,"H"," ","U",6,"H"," ","U",11,"H"," ","U",28,"H"," ","U",39,"H"," ","U",56,"H"," ","U",-11,"H"," ","U",-39,"H"," ","U",-39,"H"," ","U",-56,"H"," ","U",-67,"H"," ","U",-6,"H"," ","U",-11,"H"," ","U",-17,"H"," ","U",28,"H"," ","U",33,"H"," ","U",0,"H"," ","U",44,"H"," ","U",39,"H"," ","U",11,"H"," ","U",0,"H"," ","U",-61,"H"," ","U",-83,"H"," ","U",-67,"H"," ","U",-28,"H"," ","U",-56,"H"," ","U",-117,"H"," ","U",-128,"H"," ","U",-94,"H"," ","U",NA," "," "," "
"588","USR0000CPIE",2006,11,"TAVG",37," "," ","U",48," "," ","U",34," "," ","U",56," "," ","U",74," "," ","U",107," "," ","U",123," "," ","U",61," "," ","U",12," "," ","U",32," "," ","U",-7," "," ","U",-6," "," ","U",22," "," ","U",29," "," ","U",63," "," ","U",57," "," ","U",67," "," ","U",71," "," ","U",82," "," ","U",75," "," ","U",44," "," ","U",27," "," ","U",-9," "," ","U",-8," "," ","U",-7," "," ","U",-14," "," ","U",-31," "," ","U",-64," "," ","U",-73," "," ","U",6," "," ","U",NA," "," "," "
"589","USR0000CPIE",2006,12,"TMAX",94,"H"," ","U",56,"H"," ","U",100,"H"," ","U",156,"H"," ","U",161,"H"," ","U",161,"H"," ","U",172,"H"," ","U",117,"H"," ","U",50,"H"," ","U",17,"H"," ","U",22,"H"," ","U",39,"H"," ","U",67,"H"," ","U",67,"H"," ","U",33,"H"," ","U",-28,"H"," ","U",22,"H"," ","U",28,"H"," ","U",72,"H"," ","U",89,"H"," ","U",22,"H"," ","U",56,"H"," ","U",39,"H"," ","U",78,"H"," ","U",100,"H"," ","U",61,"H"," ","U",0,"H"," ","U",0,"H"," ","U",61,"H"," ","U",133,"H"," ","U",72,"H"," ","U"
"590","USR0000CPIE",2006,12,"TMIN",-33,"H"," ","U",-72,"H"," ","U",-89,"H"," ","U",-61,"H"," ","U",-28,"H"," ","U",-28,"H"," ","U",-17,"H"," ","U",17,"H"," ","U",0,"H"," ","U",-17,"H"," ","U",-22,"H"," ","U",0,"H"," ","U",28,"H"," ","U",33,"H"," ","U",-94,"H"," ","U",-100,"H"," ","U",-100,"H"," ","U",-122,"H"," ","U",-94,"H"," ","U",-72,"H"," ","U",-11,"H"," ","U",-56,"H"," ","U",-39,"H"," ","U",-22,"H"," ","U",22,"H"," ","U",0,"H"," ","U",-78,"H"," ","U",-89,"H"," ","U",-94,"H"," ","U",-89,"H"," ","U",-33,"H"," ","U"
"591","USR0000CPIE",2006,12,"TAVG",13," "," ","U",-24," "," ","U",-16," "," ","U",21," "," ","U",44," "," ","U",41," "," ","U",58," "," ","U",55," "," ","U",24," "," ","U",-11," "," ","U",-1," "," ","U",23," "," ","U",50," "," ","U",50," "," ","U",-17," "," ","U",-65," "," ","U",-51," "," ","U",-53," "," ","U",-28," "," ","U",-4," "," ","U",4," "," ","U",-18," "," ","U",7," "," ","U",19," "," ","U",54," "," ","U",26," "," ","U",-32," "," ","U",-60," "," ","U",-38," "," ","U",-6," "," ","U",9," "," ","U"
"592","USR0000CPIE",2007,1,"TMAX",83,"H"," ","U",122,"H"," ","U",89,"H"," ","U",33,"H"," ","U",6,"H"," ","U",56,"H"," ","U",128,"H"," ","U",117,"H"," ","U",144,"H"," ","U",89,"H"," ","U",-11,"H"," ","U",-56,"H"," ","U",6,"H"," ","U",-6,"H"," ","U",50,"H"," ","U",78,"H"," ","U",17,"H"," ","U",61,"H"," ","U",89,"H"," ","U",56,"H"," ","U",11,"H"," ","U",100,"H"," ","U",172,"H"," ","U",167,"H"," ","U",156,"H"," ","U",133,"H"," ","U",78,"H"," ","U",56,"H"," ","U",78,"H"," ","U",100,"H"," ","U",100,"H"," ","U"
"593","USR0000CPIE",2007,1,"TMIN",-39,"H"," ","U",-28,"H"," ","U",17,"H"," ","U",-72,"H"," ","U",-100,"H"," ","U",-100,"H"," ","U",-61,"H"," ","U",-28,"H"," ","U",-33,"H"," ","U",-28,"H"," ","U",-117,"H"," ","U",-133,"H"," ","U",-150,"H"," ","U",-111,"H"," ","U",-128,"H"," ","U",-100,"H"," ","U",-67,"H"," ","U",-78,"H"," ","U",-67,"H"," ","U",-50,"H"," ","U",-67,"H"," ","U",-78,"H"," ","U",-56,"H"," ","U",-33,"H"," ","U",-11,"H"," ","U",-17,"H"," ","U",-33,"H"," ","U",-33,"H"," ","U",-28,"H"," ","U",-44,"H"," ","U",-56,"H"," ","U"
"594","USR0000CPIE",2007,1,"TAVG",7," "," ","U",22," "," ","U",41," "," ","U",-16," "," ","U",-66," "," ","U",-16," "," ","U",12," "," ","U",35," "," ","U",36," "," ","U",22," "," ","U",-70," "," ","U",-104," "," ","U",-69," "," ","U",-66," "," ","U",-61," "," ","U",-23," "," ","U",-27," "," ","U",-22," "," ","U",-6," "," ","U",-16," "," ","U",-36," "," ","U",-8," "," ","U",24," "," ","U",43," "," ","U",48," "," ","U",30," "," ","U",14," "," ","U",9," "," ","U",12," "," ","U",11," "," ","U",10," "," ","U"
"595","USR0000CPIE",2007,2,"TMAX",111,"H"," ","U",122,"H"," ","U",150,"H"," ","U",178,"H"," ","U",167,"H"," ","U",150,"H"," ","U",56,"H"," ","U",56,"H"," ","U",56,"H"," ","U",50,"H"," ","U",56,"H"," ","U",61,"H"," ","U",83,"H"," ","U",100,"H"," ","U",150,"H"," ","U",139,"H"," ","U",150,"H"," ","U",111,"H"," ","U",72,"H"," ","U",83,"H"," ","U",72,"H"," ","U",11,"H"," ","U",33,"H"," ","U",17,"H"," ","U",6,"H"," ","U",6,"H"," ","U",33,"H"," ","U",22,"H"," ","U",NA," "," "," ",NA," "," "," ",NA," "," "," "
"596","USR0000CPIE",2007,2,"TMIN",-50,"H"," ","U",-72,"H"," ","U",-28,"H"," ","U",0,"H"," ","U",17,"H"," ","U",33,"H"," ","U",6,"H"," ","U",-6,"H"," ","U",0,"H"," ","U",0,"H"," ","U",-11,"H"," ","U",-39,"H"," ","U",-50,"H"," ","U",-61,"H"," ","U",0,"H"," ","U",0,"H"," ","U",28,"H"," ","U",-50,"H"," ","U",-83,"H"," ","U",-11,"H"," ","U",0,"H"," ","U",-61,"H"," ","U",-78,"H"," ","U",-67,"H"," ","U",-44,"H"," ","U",-67,"H"," ","U",-83,"H"," ","U",-67,"H"," ","U",NA," "," "," ",NA," "," "," ",NA," "," "," "
"597","USR0000CPIE",2007,2,"TAVG",15," "," ","U",9," "," ","U",54," "," ","U",73," "," ","U",74," "," ","U",80," "," ","U",28," "," ","U",22," "," ","U",20," "," ","U",26," "," ","U",9," "," ","U",-5," "," ","U",1," "," ","U",7," "," ","U",44," "," ","U",54," "," ","U",73," "," ","U",28," "," ","U",-9," "," ","U",21," "," ","U",19," "," ","U",-18," "," ","U",-36," "," ","U",-21," "," ","U",-23," "," ","U",-33," "," ","U",-44," "," ","U",-43," "," ","U",NA," "," "," ",NA," "," "," ",NA," "," "," "
"598","USR0000CPIE",2007,3,"TMAX",0,"H"," ","U",106,"H"," ","U",89,"H"," ","U",161,"H"," ","U",156,"H"," ","U",161,"H"," ","U",128,"H"," ","U",139,"H"," ","U",111,"H"," ","U",189,"H"," ","U",217,"H"," ","U",222,"H"," ","U",206,"H"," ","U",189,"H"," ","U",189,"H"," ","U",228,"H"," ","U",211,"H"," ","U",194,"H"," ","U",161,"H"," ","U",83,"H"," ","U",89,"H"," ","U",150,"H"," ","U",194,"H"," ","U",211,"H"," ","U",150,"H"," ","U",111,"H"," ","U",50,"H"," ","U",94,"H"," ","U",150,"H"," ","U",172,"H"," ","U",172,"H"," ","U"
"599","USR0000CPIE",2007,3,"TMIN",-78,"H"," ","U",-61,"H"," ","U",-33,"H"," ","U",-28,"H"," ","U",0,"H"," ","U",-17,"H"," ","U",6,"H"," ","U",-6,"H"," ","U",-11,"H"," ","U",-22,"H"," ","U",11,"H"," ","U",28,"H"," ","U",39,"H"," ","U",44,"H"," ","U",6,"H"," ","U",39,"H"," ","U",50,"H"," ","U",11,"H"," ","U",28,"H"," ","U",-28,"H"," ","U",-33,"H"," ","U",-22,"H"," ","U",6,"H"," ","U",17,"H"," ","U",22,"H"," ","U",-39,"H"," ","U",-100,"H"," ","U",-78,"H"," ","U",-33,"H"," ","U",-11,"H"," ","U",39,"H"," ","U"
"600","USR0000CPIE",2007,3,"TAVG",-38," "," ","U",2," "," ","U",27," "," ","U",48," "," ","U",54," "," ","U",62," "," ","U",53," "," ","U",54," "," ","U",39," "," ","U",69," "," ","U",106," "," ","U",118," "," ","U",117," "," ","U",103," "," ","U",94," "," ","U",123," "," ","U",119," "," ","U",93," "," ","U",78," "," ","U",24," "," ","U",19," "," ","U",57," "," ","U",94," "," ","U",106," "," ","U",78," "," ","U",21," "," ","U",-18," "," ","U",12," "," ","U",55," "," ","U",83," "," ","U",93," "," ","U"
"601","USR0000CPIE",2007,4,"TMAX",156,"H"," ","U",161,"H"," ","U",194,"H"," ","U",183,"H"," ","U",222,"H"," ","U",239,"H"," ","U",150,"H"," ","U",167,"H"," ","U",117,"H"," ","U",122,"H"," ","U",56,"H"," ","U",78,"H"," ","U",178,"H"," ","U",28,"H"," ","U",106,"H"," ","U",200,"H"," ","U",111,"H"," ","U",33,"H"," ","U",22,"H"," ","U",117,"H"," ","U",39,"H"," ","U",94,"H"," ","U",150,"H"," ","U",211,"H"," ","U",172,"H"," ","U",206,"H"," ","U",267,"H"," ","U",244,"H"," ","U",222,"H"," ","U",222,"H"," ","U",NA," "," "," "
"602","USR0000CPIE",2007,4,"TMIN",39,"H"," ","U",6,"H"," ","U",0,"H"," ","U",28,"H"," ","U",17,"H"," ","U",44,"H"," ","U",28,"H"," ","U",17,"H"," ","U",-22,"H"," ","U",-33,"H"," ","U",-33,"H"," ","U",-56,"H"," ","U",-33,"H"," ","U",-6,"H"," ","U",-11,"H"," ","U",-28,"H"," ","U",-44,"H"," ","U",-61,"H"," ","U",-67,"H"," ","U",-56,"H"," ","U",-11,"H"," ","U",-17,"H"," ","U",-28,"H"," ","U",6,"H"," ","U",17,"H"," ","U",6,"H"," ","U",44,"H"," ","U",72,"H"," ","U",78,"H"," ","U",50,"H"," ","U",NA," "," "," "
"603","USR0000CPIE",2007,4,"TAVG",82," "," ","U",80," "," ","U",93," "," ","U",101," "," ","U",114," "," ","U",138," "," ","U",86," "," ","U",84," "," ","U",49," "," ","U",37," "," ","U",8," "," ","U",6," "," ","U",66," "," ","U",11," "," ","U",28," "," ","U",88," "," ","U",31," "," ","U",-21," "," ","U",-26," "," ","U",25," "," ","U",9," "," ","U",13," "," ","U",54," "," ","U",100," "," ","U",85," "," ","U",107," "," ","U",152," "," ","U",158," "," ","U",140," "," ","U",128," "," ","U",NA," "," "," "
"604","USR0000CPIE",2007,5,"TMAX",189,"H"," ","U",39,"H"," ","U",56,"H"," ","U",83,"H"," ","U",117,"H"," ","U",194,"H"," ","U",222,"H"," ","U",256,"H"," ","U",239,"H"," ","U",228,"H"," ","U",233,"H"," ","U",194,"H"," ","U",211,"H"," ","U",222,"H"," ","U",283,"H"," ","U",261,"H"," ","U",244,"H"," ","U",233,"H"," ","U",233,"H"," ","U",206,"H"," ","U",178,"H"," ","U",156,"H"," ","U",194,"H"," ","U",233,"H"," ","U",250,"H"," ","U",261,"H"," ","U",239,"H"," ","U",244,"H"," ","U",272,"H"," ","U",278,"H"," ","U",283,"H"," ","U"
"605","USR0000CPIE",2007,5,"TMIN",33,"H"," ","U",-28,"H"," ","U",-33,"H"," ","U",-17,"H"," ","U",-28,"H"," ","U",33,"H"," ","U",78,"H"," ","U",61,"H"," ","U",39,"H"," ","U",56,"H"," ","U",56,"H"," ","U",39,"H"," ","U",6,"H"," ","U",61,"H"," ","U",72,"H"," ","U",61,"H"," ","U",56,"H"," ","U",39,"H"," ","U",39,"H"," ","U",44,"H"," ","U",17,"H"," ","U",6,"H"," ","U",39,"H"," ","U",44,"H"," ","U",56,"H"," ","U",61,"H"," ","U",72,"H"," ","U",44,"H"," ","U",61,"H"," ","U",78,"H"," ","U",94,"H"," ","U"
"606","USR0000CPIE",2007,5,"TAVG",104," "," ","U",17," "," ","U",4," "," ","U",19," "," ","U",46," "," ","U",116," "," ","U",145," "," ","U",152," "," ","U",146," "," ","U",139," "," ","U",140," "," ","U",115," "," ","U",113," "," ","U",141," "," ","U",173," "," ","U",156," "," ","U",144," "," ","U",138," "," ","U",136," "," ","U",120," "," ","U",89," "," ","U",82," "," ","U",109," "," ","U",138," "," ","U",151," "," ","U",161," "," ","U",152," "," ","U",151," "," ","U",167," "," ","U",182," "," ","U",174," "," ","U"
"607","USR0000CPIE",2007,6,"TMAX",306,"H"," ","U",283,"H"," ","U",256,"H"," ","U",256,"H"," ","U",111,"H"," ","U",111,"H"," ","U",194,"H"," ","U",233,"H"," ","U",250,"H"," ","U",200,"H"," ","U",250,"H"," ","U",272,"H"," ","U",294,"H"," ","U",306,"H"," ","U",300,"H"," ","U",272,"H"," ","U",278,"H"," ","U",306,"H"," ","U",294,"H"," ","U",272,"H"," ","U",283,"H"," ","U",289,"H"," ","U",256,"H"," ","U",233,"H"," ","U",278,"H"," ","U",294,"H"," ","U",289,"H"," ","U",250,"H"," ","U",239,"H"," ","U",278,"H"," ","U",NA," "," "," "
"608","USR0000CPIE",2007,6,"TMIN",89,"H"," ","U",94,"H"," ","U",78,"H"," ","U",106,"H"," ","U",6,"H"," ","U",-17,"H"," ","U",-17,"H"," ","U",28,"H"," ","U",50,"H"," ","U",89,"H"," ","U",56,"H"," ","U",61,"H"," ","U",94,"H"," ","U",100,"H"," ","U",100,"H"," ","U",111,"H"," ","U",61,"H"," ","U",78,"H"," ","U",106,"H"," ","U",111,"H"," ","U",72,"H"," ","U",72,"H"," ","U",89,"H"," ","U",50,"H"," ","U",44,"H"," ","U",100,"H"," ","U",83,"H"," ","U",94,"H"," ","U",83,"H"," ","U",72,"H"," ","U",NA," "," "," "
"609","USR0000CPIE",2007,6,"TAVG",179," "," ","U",182," "," ","U",171," "," ","U",161," "," ","U",62," "," ","U",38," "," ","U",89," "," ","U",132," "," ","U",154," "," ","U",145," "," ","U",154," "," ","U",178," "," ","U",199," "," ","U",203," "," ","U",201," "," ","U",193," "," ","U",174," "," ","U",197," "," ","U",199," "," ","U",188," "," ","U",184," "," ","U",181," "," ","U",167," "," ","U",147," "," ","U",164," "," ","U",196," "," ","U",187," "," ","U",174," "," ","U",158," "," ","U",173," "," ","U",NA," "," "," "
"610","USR0000CPIE",2007,7,"TMAX",278,"H"," ","U",278,"H"," ","U",333,"H"," ","U",378,"H"," ","U",400,"H"," ","U",361,"H"," ","U",328,"H"," ","U",328,"H"," ","U",339,"H"," ","U",333,"H"," ","U",278,"H"," ","U",300,"H"," ","U",306,"H"," ","U",322,"H"," ","U",311,"H"," ","U",306,"H"," ","U",272,"H"," ","U",172,"H"," ","U",250,"H"," ","U",261,"H"," ","U",283,"H"," ","U",328,"H"," ","U",322,"H"," ","U",306,"H"," ","U",317,"H"," ","U",322,"H"," ","U",333,"H"," ","U",328,"H"," ","U",322,"H"," ","U",333,"H"," ","U",344,"H"," ","U"
"611","USR0000CPIE",2007,7,"TMIN",89,"H"," ","U",100,"H"," ","U",89,"H"," ","U",139,"H"," ","U",161,"H"," ","U",189,"H"," ","U",161,"H"," ","U",139,"H"," ","U",150,"H"," ","U",144,"H"," ","U",139,"H"," ","U",106,"H"," ","U",111,"H"," ","U",100,"H"," ","U",100,"H"," ","U",117,"H"," ","U",128,"H"," ","U",78,"H"," ","U",56,"H"," ","U",61,"H"," ","U",83,"H"," ","U",111,"H"," ","U",117,"H"," ","U",133,"H"," ","U",133,"H"," ","U",100,"H"," ","U",111,"H"," ","U",111,"H"," ","U",122,"H"," ","U",122,"H"," ","U",122,"H"," ","U"
"612","USR0000CPIE",2007,7,"TAVG",183," "," ","U",188," "," ","U",221," "," ","U",261," "," ","U",271," "," ","U",247," "," ","U",238," "," ","U",234," "," ","U",245," "," ","U",233," "," ","U",202," "," ","U",204," "," ","U",211," "," ","U",209," "," ","U",209," "," ","U",209," "," ","U",190," "," ","U",128," "," ","U",152," "," ","U",164," "," ","U",187," "," ","U",216," "," ","U",228," "," ","U",215," "," ","U",219," "," ","U",218," "," ","U",223," "," ","U",223," "," ","U",221," "," ","U",225," "," ","U",236," "," ","U"
"613","USR0000CPIE",2007,8,"TMAX",344,"H"," ","U",339,"H"," ","U",328,"H"," ","U",306,"H"," ","U",267,"H"," ","U",256,"H"," ","U",272,"H"," ","U",300,"H"," ","U",278,"H"," ","U",283,"H"," ","U",278,"H"," ","U",278,"H"," ","U",300,"H"," ","U",328,"H"," ","U",328,"H"," ","U",294,"H"," ","U",300,"H"," ","U",272,"H"," ","U",228,"H"," ","U",289,"H"," ","U",322,"H"," ","U",311,"H"," ","U",311,"H"," ","U",344,"H"," ","U",328,"H"," ","U",306,"H"," ","U",311,"H"," ","U",339,"H"," ","U",333,"H"," ","U",322,"H"," ","U",300,"H"," ","U"
"614","USR0000CPIE",2007,8,"TMIN",144,"H"," ","U",167,"H"," ","U",139,"H"," ","U",122,"H"," ","U",106,"H"," ","U",78,"H"," ","U",56,"H"," ","U",67,"H"," ","U",94,"H"," ","U",89,"H"," ","U",83,"H"," ","U",100,"H"," ","U",100,"H"," ","U",100,"H"," ","U",144,"H"," ","U",117,"H"," ","U",61,"H"," ","U",78,"H"," ","U",106,"H"," ","U",100,"H"," ","U",106,"H"," ","U",111,"H"," ","U",111,"H"," ","U",128,"H"," ","U",133,"H"," ","U",122,"H"," ","U",100,"H"," ","U",106,"H"," ","U",139,"H"," ","U",139,"H"," ","U",133,"H"," ","U"
"615","USR0000CPIE",2007,8,"TAVG",243," "," ","U",236," "," ","U",229," "," ","U",209," "," ","U",184," "," ","U",162," "," ","U",163," "," ","U",187," "," ","U",187," "," ","U",188," "," ","U",182," "," ","U",186," "," ","U",197," "," ","U",214," "," ","U",224," "," ","U",200," "," ","U",179," "," ","U",173," "," ","U",157," "," ","U",196," "," ","U",211," "," ","U",212," "," ","U",219," "," ","U",239," "," ","U",224," "," ","U",208," "," ","U",207," "," ","U",225," "," ","U",229," "," ","U",226," "," ","U",216," "," ","U"
"616","USR0000CPIE",2007,9,"TMAX",311,"H"," ","U",328,"H"," ","U",317,"H"," ","U",239,"H"," ","U",244,"H"," ","U",267,"H"," ","U",294,"H"," ","U",261,"H"," ","U",NA," "," "," ",NA," "," "," ",NA," "," "," ",256,"H"," ","U",217,"H"," ","U",172,"H"," ","U",222,"H"," ","U",206,"H"," ","U",211,"H"," ","U",206,"H"," ","U",150,"H"," ","U",189,"H"," ","U",206,"H"," ","U",144,"H"," ","U",117,"H"," ","U",144,"H"," ","U",189,"H"," ","U",217,"H"," ","U",217,"H"," ","U",139,"H"," ","U",128,"H"," ","U",183,"H"," ","U",NA," "," "," "
"617","USR0000CPIE",2007,9,"TMIN",133,"H"," ","U",122,"H"," ","U",128,"H"," ","U",78,"H"," ","U",50,"H"," ","U",89,"H"," ","U",100,"H"," ","U",111,"H"," ","U",NA," "," "," ",NA," "," "," ",NA," "," "," ",133,"H"," ","U",50,"H"," ","U",33,"H"," ","U",28,"H"," ","U",56,"H"," ","U",72,"H"," ","U",56,"H"," ","U",33,"H"," ","U",39,"H"," ","U",111,"H"," ","U",44,"H"," ","U",28,"H"," ","U",6,"H"," ","U",11,"H"," ","U",44,"H"," ","U",67,"H"," ","U",-17,"H"," ","U",-33,"H"," ","U",11,"H"," ","U",NA," "," "," "
"618","USR0000CPIE",2007,9,"TAVG",219," "," ","U",221," "," ","U",212," "," ","U",157," "," ","U",153," "," ","U",173," "," ","U",184," "," ","U",183," "," ","U",NA," "," "," ",NA," "," "," ",NA," "," "," ",178," "," ","U",139," "," ","U",101," "," ","U",127," "," ","U",132," "," ","U",135," "," ","U",124," "," ","U",97," "," ","U",120," "," ","U",165," "," ","U",86," "," ","U",61," "," ","U",73," "," ","U",104," "," ","U",134," "," ","U",138," "," ","U",70," "," ","U",42," "," ","U",93," "," ","U",NA," "," "," "
"619","USR0000CPIE",2007,10,"TMAX",139,"H"," ","U",206,"H"," ","U",167,"H"," ","U",89,"H"," ","U",50,"H"," ","U",122,"H"," ","U",189,"H"," ","U",206,"H"," ","U",172,"H"," ","U",89,"H"," ","U",161,"H"," ","U",78,"H"," ","U",156,"H"," ","U",183,"H"," ","U",128,"H"," ","U",56,"H"," ","U",56,"H"," ","U",78,"H"," ","U",128,"H"," ","U",61,"H"," ","U",83,"H"," ","U",183,"H"," ","U",250,"H"," ","U",233,"H"," ","U",200,"H"," ","U",122,"H"," ","U",172,"H"," ","U",156,"H"," ","U",178,"H"," ","U",122,"H"," ","U",139,"H"," ","U"
"620","USR0000CPIE",2007,10,"TMIN",22,"H"," ","U",28,"H"," ","U",67,"H"," ","U",0,"H"," ","U",-17,"H"," ","U",-28,"H"," ","U",6,"H"," ","U",33,"H"," ","U",72,"H"," ","U",0,"H"," ","U",0,"H"," ","U",11,"H"," ","U",-11,"H"," ","U",39,"H"," ","U",44,"H"," ","U",6,"H"," ","U",0,"H"," ","U",11,"H"," ","U",22,"H"," ","U",0,"H"," ","U",0,"H"," ","U",17,"H"," ","U",50,"H"," ","U",67,"H"," ","U",61,"H"," ","U",11,"H"," ","U",22,"H"," ","U",39,"H"," ","U",56,"H"," ","U",44,"H"," ","U",39,"H"," ","U"
"621","USR0000CPIE",2007,10,"TAVG",64," "," ","U",116," "," ","U",109," "," ","U",49," "," ","U",7," "," ","U",42," "," ","U",92," "," ","U",117," "," ","U",116," "," ","U",38," "," ","U",74," "," ","U",48," "," ","U",73," "," ","U",109," "," ","U",78," "," ","U",29," "," ","U",14," "," ","U",43," "," ","U",82," "," ","U",21," "," ","U",41," "," ","U",93," "," ","U",143," "," ","U",148," "," ","U",137," "," ","U",66," "," ","U",81," "," ","U",87," "," ","U",94," "," ","U",72," "," ","U",68," "," ","U"
"622","USR0000CPIE",2007,11,"TMAX",122,"H"," ","U",144,"H"," ","U",161,"H"," ","U",206,"H"," ","U",217,"H"," ","U",206,"H"," ","U",211,"H"," ","U",189,"H"," ","U",156,"H"," ","U",83,"H"," ","U",83,"H"," ","U",100,"H"," ","U",128,"H"," ","U",156,"H"," ","U",156,"H"," ","U",144,"H"," ","U",139,"H"," ","U",150,"H"," ","U",72,"H"," ","U",28,"H"," ","U",50,"H"," ","U",44,"H"," ","U",67,"H"," ","U",144,"H"," ","U",100,"H"," ","U",100,"H"," ","U",83,"H"," ","U",94,"H"," ","U",83,"H"," ","U",22,"H"," ","U",NA," "," "," "
"623","USR0000CPIE",2007,11,"TMIN",11,"H"," ","U",11,"H"," ","U",28,"H"," ","U",17,"H"," ","U",11,"H"," ","U",33,"H"," ","U",39,"H"," ","U",50,"H"," ","U",22,"H"," ","U",17,"H"," ","U",6,"H"," ","U",-11,"H"," ","U",50,"H"," ","U",33,"H"," ","U",28,"H"," ","U",56,"H"," ","U",56,"H"," ","U",50,"H"," ","U",-11,"H"," ","U",-44,"H"," ","U",-50,"H"," ","U",-56,"H"," ","U",-33,"H"," ","U",-33,"H"," ","U",0,"H"," ","U",0,"H"," ","U",-28,"H"," ","U",-50,"H"," ","U",-33,"H"," ","U",-67,"H"," ","U",NA," "," "," "
"624","USR0000CPIE",2007,11,"TAVG",67," "," ","U",68," "," ","U",77," "," ","U",92," "," ","U",99," "," ","U",106," "," ","U",116," "," ","U",114," "," ","U",88," "," ","U",47," "," ","U",34," "," ","U",44," "," ","U",75," "," ","U",76," "," ","U",91," "," ","U",89," "," ","U",89," "," ","U",86," "," ","U",39," "," ","U",-11," "," ","U",-9," "," ","U",-9," "," ","U",8," "," ","U",41," "," ","U",43," "," ","U",44," "," ","U",19," "," ","U",19," "," ","U",26," "," ","U",-29," "," ","U",NA," "," "," "
"625","USR0000CPIE",2007,12,"TMAX",6,"H"," ","U",28,"H"," ","U",89,"H"," ","U",94,"H"," ","U",106,"H"," ","U",33,"H"," ","U",0,"H"," ","U",-22,"H"," ","U",44,"H"," ","U",56,"H"," ","U",33,"H"," ","U",78,"H"," ","U",44,"H"," ","U",89,"H"," ","U",56,"H"," ","U",50,"H"," ","U",6,"H"," ","U",17,"H"," ","U",11,"H"," ","U",22,"H"," ","U",-11,"H"," ","U",44,"H"," ","U",150,"H"," ","U",61,"H"," ","U",50,"H"," ","U",-11,"H"," ","U",-11,"H"," ","U",-28,"H"," ","U",6,"H"," ","U",39,"H"," ","U",17,"H"," ","U"
"626","USR0000CPIE",2007,12,"TMIN",-89,"H"," ","U",-33,"H"," ","U",0,"H"," ","U",39,"H"," ","U",11,"H"," ","U",0,"H"," ","U",-50,"H"," ","U",-61,"H"," ","U",-89,"H"," ","U",-67,"H"," ","U",-83,"H"," ","U",-67,"H"," ","U",-50,"H"," ","U",-67,"H"," ","U",-22,"H"," ","U",-28,"H"," ","U",-17,"H"," ","U",-6,"H"," ","U",-11,"H"," ","U",-83,"H"," ","U",-94,"H"," ","U",-100,"H"," ","U",-6,"H"," ","U",-78,"H"," ","U",-100,"H"," ","U",-106,"H"," ","U",-117,"H"," ","U",-61,"H"," ","U",-28,"H"," ","U",-83,"H"," ","U",-106,"H"," ","U"
"627","USR0000CPIE",2007,12,"TAVG",-39," "," ","U",-1," "," ","U",39," "," ","U",62," "," ","U",47," "," ","U",12," "," ","U",-16," "," ","U",-42," "," ","U",-31," "," ","U",-29," "," ","U",-43," "," ","U",-10," "," ","U",-13," "," ","U",6," "," ","U",8," "," ","U",4," "," ","U",-8," "," ","U",3," "," ","U",-6," "," ","U",-30," "," ","U",-63," "," ","U",-23," "," ","U",51," "," ","U",-6," "," ","U",-22," "," ","U",-55," "," ","U",-77," "," ","U",-41," "," ","U",-10," "," ","U",-13," "," ","U",-57," "," ","U"
"628","USR0000CPIE",2008,1,"TMAX",72,"H"," ","U",111,"H"," ","U",78,"H"," ","U",33,"H"," ","U",-22,"H"," ","U",-22,"H"," ","U",-11,"H"," ","U",-11,"H"," ","U",11,"H"," ","U",22,"H"," ","U",83,"H"," ","U",72,"H"," ","U",156,"H"," ","U",117,"H"," ","U",100,"H"," ","U",-39,"H"," ","U",61,"H"," ","U",83,"H"," ","U",106,"H"," ","U",6,"H"," ","U",-11,"H"," ","U",-44,"H"," ","U",-22,"H"," ","U",-11,"H"," ","U",6,"H"," ","U",56,"H"," ","U",11,"H"," ","U",-22,"H"," ","U",-28,"H"," ","U",-17,"H"," ","U",-11,"H"," ","U"
"629","USR0000CPIE",2008,1,"TMIN",-83,"H"," ","U",-39,"H"," ","U",-11,"H"," ","U",-33,"H"," ","U",-50,"H"," ","U",-56,"H"," ","U",-44,"H"," ","U",-44,"H"," ","U",-22,"H"," ","U",-17,"H"," ","U",-6,"H"," ","U",-28,"H"," ","U",-39,"H"," ","U",-67,"H"," ","U",-106,"H"," ","U",-106,"H"," ","U",-106,"H"," ","U",-44,"H"," ","U",-61,"H"," ","U",-56,"H"," ","U",-67,"H"," ","U",-83,"H"," ","U",-61,"H"," ","U",-67,"H"," ","U",-61,"H"," ","U",0,"H"," ","U",-56,"H"," ","U",-78,"H"," ","U",-78,"H"," ","U",-83,"H"," ","U",-56,"H"," ","U"
"630","USR0000CPIE",2008,1,"TAVG",-26," "," ","U",32," "," ","U",24," "," ","U",2," "," ","U",-41," "," ","U",-44," "," ","U",-33," "," ","U",-24," "," ","U",-13," "," ","U",4," "," ","U",23," "," ","U",17," "," ","U",27," "," ","U",23," "," ","U",-8," "," ","U",-76," "," ","U",-36," "," ","U",3," "," ","U",13," "," ","U",-24," "," ","U",-46," "," ","U",-64," "," ","U",-44," "," ","U",-42," "," ","U",-25," "," ","U",17," "," ","U",-6," "," ","U",-61," "," ","U",-58," "," ","U",-56," "," ","U",-29," "," ","U"
"631","USR0000CPIE",2008,2,"TMAX",-17,"H"," ","U",-11,"H"," ","U",-11,"H"," ","U",-11,"H"," ","U",111,"H"," ","U",50,"H"," ","U",67,"H"," ","U",128,"H"," ","U",183,"H"," ","U",150,"H"," ","U",133,"H"," ","U",194,"H"," ","U",56,"H"," ","U",6,"H"," ","U",89,"H"," ","U",150,"H"," ","U",106,"H"," ","U",133,"H"," ","U",94,"H"," ","U",67,"H"," ","U",11,"H"," ","U",33,"H"," ","U",22,"H"," ","U",22,"H"," ","U",100,"H"," ","U",156,"H"," ","U",161,"H"," ","U",128,"H"," ","U",150,"H"," ","U",NA," "," "," ",NA," "," "," "
"632","USR0000CPIE",2008,2,"TMIN",-72,"H"," ","U",-78,"H"," ","U",-78,"H"," ","U",-100,"H"," ","U",-106,"H"," ","U",-28,"H"," ","U",-28,"H"," ","U",-44,"H"," ","U",-28,"H"," ","U",6,"H"," ","U",6,"H"," ","U",-6,"H"," ","U",-61,"H"," ","U",-72,"H"," ","U",-61,"H"," ","U",-22,"H"," ","U",-11,"H"," ","U",-22,"H"," ","U",-6,"H"," ","U",-17,"H"," ","U",-28,"H"," ","U",-39,"H"," ","U",-56,"H"," ","U",-22,"H"," ","U",-28,"H"," ","U",-28,"H"," ","U",-6,"H"," ","U",6,"H"," ","U",6,"H"," ","U",NA," "," "," ",NA," "," "," "
"633","USR0000CPIE",2008,2,"TAVG",-45," "," ","U",-38," "," ","U",-35," "," ","U",-64," "," ","U",-13," "," ","U",2," "," ","U",18," "," ","U",23," "," ","U",57," "," ","U",66," "," ","U",56," "," ","U",78," "," ","U",-3," "," ","U",-32," "," ","U",12," "," ","U",52," "," ","U",38," "," ","U",46," "," ","U",24," "," ","U",18," "," ","U",-6," "," ","U",-7," "," ","U",-17," "," ","U",-1," "," ","U",29," "," ","U",51," "," ","U",72," "," ","U",64," "," ","U",68," "," ","U",NA," "," "," ",NA," "," "," "
"634","USR0000CPIE",2008,3,"TMAX",56,"H"," ","U",33,"H"," ","U",128,"H"," ","U",122,"H"," ","U",50,"H"," ","U",144,"H"," ","U",117,"H"," ","U",89,"H"," ","U",150,"H"," ","U",144,"H"," ","U",133,"H"," ","U",122,"H"," ","U",56,"H"," ","U",22,"H"," ","U",33,"H"," ","U",33,"H"," ","U",133,"H"," ","U",128,"H"," ","U",78,"H"," ","U",61,"H"," ","U",100,"H"," ","U",133,"H"," ","U",139,"H"," ","U",122,"H"," ","U",94,"H"," ","U",39,"H"," ","U",72,"H"," ","U",56,"H"," ","U",22,"H"," ","U",39,"H"," ","U",61,"H"," ","U"
"635","USR0000CPIE",2008,3,"TMIN",-39,"H"," ","U",-56,"H"," ","U",-39,"H"," ","U",-33,"H"," ","U",-50,"H"," ","U",-50,"H"," ","U",-17,"H"," ","U",0,"H"," ","U",-17,"H"," ","U",6,"H"," ","U",39,"H"," ","U",17,"H"," ","U",-22,"H"," ","U",-44,"H"," ","U",-67,"H"," ","U",-50,"H"," ","U",-56,"H"," ","U",0,"H"," ","U",0,"H"," ","U",-6,"H"," ","U",-11,"H"," ","U",-6,"H"," ","U",0,"H"," ","U",28,"H"," ","U",11,"H"," ","U",-17,"H"," ","U",-39,"H"," ","U",-17,"H"," ","U",0,"H"," ","U",-50,"H"," ","U",-72,"H"," ","U"
"636","USR0000CPIE",2008,3,"TAVG",11," "," ","U",-11," "," ","U",41," "," ","U",35," "," ","U",-5," "," ","U",31," "," ","U",48," "," ","U",35," "," ","U",62," "," ","U",73," "," ","U",79," "," ","U",62," "," ","U",22," "," ","U",-14," "," ","U",-23," "," ","U",-14," "," ","U",34," "," ","U",63," "," ","U",28," "," ","U",21," "," ","U",38," "," ","U",56," "," ","U",68," "," ","U",68," "," ","U",49," "," ","U",4," "," ","U",15," "," ","U",13," "," ","U",6," "," ","U",-2," "," ","U",-1," "," ","U"
"637","USR0000CPIE",2008,4,"TMAX",72,"H"," ","U",139,"H"," ","U",144,"H"," ","U",100,"H"," ","U",111,"H"," ","U",89,"H"," ","U",67,"H"," ","U",22,"H"," ","U",83,"H"," ","U",133,"H"," ","U",144,"H"," ","U",211,"H"," ","U",211,"H"," ","U",111,"H"," ","U",61,"H"," ","U",106,"H"," ","U",189,"H"," ","U",161,"H"," ","U",89,"H"," ","U",17,"H"," ","U",67,"H"," ","U",100,"H"," ","U",33,"H"," ","U",100,"H"," ","U",156,"H"," ","U",172,"H"," ","U",217,"H"," ","U",194,"H"," ","U",94,"H"," ","U",72,"H"," ","U",NA," "," "," "
"638","USR0000CPIE",2008,4,"TMIN",-17,"H"," ","U",-28,"H"," ","U",-17,"H"," ","U",11,"H"," ","U",0,"H"," ","U",-6,"H"," ","U",-33,"H"," ","U",-22,"H"," ","U",-44,"H"," ","U",-17,"H"," ","U",28,"H"," ","U",39,"H"," ","U",50,"H"," ","U",-22,"H"," ","U",-50,"H"," ","U",-39,"H"," ","U",0,"H"," ","U",44,"H"," ","U",-56,"H"," ","U",-83,"H"," ","U",-61,"H"," ","U",0,"H"," ","U",-28,"H"," ","U",-61,"H"," ","U",-6,"H"," ","U",22,"H"," ","U",50,"H"," ","U",89,"H"," ","U",0,"H"," ","U",-50,"H"," ","U",NA," "," "," "
"639","USR0000CPIE",2008,4,"TAVG",19," "," ","U",51," "," ","U",69," "," ","U",48," "," ","U",41," "," ","U",28," "," ","U",22," "," ","U",-4," "," ","U",24," "," ","U",57," "," ","U",90," "," ","U",133," "," ","U",134," "," ","U",64," "," ","U",3," "," ","U",32," "," ","U",101," "," ","U",96," "," ","U",27," "," ","U",-28," "," ","U",4," "," ","U",33," "," ","U",2," "," ","U",27," "," ","U",83," "," ","U",113," "," ","U",144," "," ","U",139," "," ","U",53," "," ","U",9," "," ","U",NA," "," "," "
"640","USR0000CPIE",2008,5,"TMAX",122,"H"," ","U",167,"H"," ","U",172,"H"," ","U",139,"H"," ","U",217,"H"," ","U",200,"H"," ","U",156,"H"," ","U",167,"H"," ","U",183,"H"," ","U",206,"H"," ","U",172,"H"," ","U",133,"H"," ","U",217,"H"," ","U",206,"H"," ","U",228,"H"," ","U",311,"H"," ","U",317,"H"," ","U",283,"H"," ","U",300,"H"," ","U",217,"H"," ","U",122,"H"," ","U",94,"H"," ","U",89,"H"," ","U",61,"H"," ","U",100,"H"," ","U",100,"H"," ","U",106,"H"," ","U",89,"H"," ","U",144,"H"," ","U",183,"H"," ","U",172,"H"," ","U"
"641","USR0000CPIE",2008,5,"TMIN",-44,"H"," ","U",6,"H"," ","U",6,"H"," ","U",17,"H"," ","U",61,"H"," ","U",67,"H"," ","U",50,"H"," ","U",17,"H"," ","U",22,"H"," ","U",33,"H"," ","U",28,"H"," ","U",0,"H"," ","U",28,"H"," ","U",89,"H"," ","U",111,"H"," ","U",139,"H"," ","U",133,"H"," ","U",133,"H"," ","U",117,"H"," ","U",44,"H"," ","U",0,"H"," ","U",0,"H"," ","U",6,"H"," ","U",17,"H"," ","U",11,"H"," ","U",44,"H"," ","U",33,"H"," ","U",33,"H"," ","U",33,"H"," ","U",17,"H"," ","U",61,"H"," ","U"
"642","USR0000CPIE",2008,5,"TAVG",42," "," ","U",87," "," ","U",86," "," ","U",85," "," ","U",140," "," ","U",136," "," ","U",94," "," ","U",97," "," ","U",101," "," ","U",128," "," ","U",110," "," ","U",69," "," ","U",127," "," ","U",146," "," ","U",173," "," ","U",224," "," ","U",234," "," ","U",214," "," ","U",215," "," ","U",147," "," ","U",54," "," ","U",47," "," ","U",38," "," ","U",35," "," ","U",51," "," ","U",62," "," ","U",61," "," ","U",60," "," ","U",80," "," ","U",103," "," ","U",114," "," ","U"
"643","USR0000CPIE",2008,6,"TMAX",189,"H"," ","U",200,"H"," ","U",161,"H"," ","U",122,"H"," ","U",200,"H"," ","U",178,"H"," ","U",167,"H"," ","U",222,"H"," ","U",256,"H"," ","U",161,"H"," ","U",194,"H"," ","U",206,"H"," ","U",272,"H"," ","U",261,"H"," ","U",261,"H"," ","U",267,"H"," ","U",256,"H"," ","U",244,"H"," ","U",261,"H"," ","U",272,"H"," ","U",278,"H"," ","U",256,"H"," ","U",256,"H"," ","U",272,"H"," ","U",261,"H"," ","U",267,"H"," ","U",306,"H"," ","U",322,"H"," ","U",300,"H"," ","U",283,"H"," ","U",NA," "," "," "
"644","USR0000CPIE",2008,6,"TMIN",39,"H"," ","U",39,"H"," ","U",89,"H"," ","U",22,"H"," ","U",11,"H"," ","U",39,"H"," ","U",11,"H"," ","U",50,"H"," ","U",83,"H"," ","U",50,"H"," ","U",6,"H"," ","U",61,"H"," ","U",89,"H"," ","U",100,"H"," ","U",106,"H"," ","U",100,"H"," ","U",89,"H"," ","U",111,"H"," ","U",78,"H"," ","U",106,"H"," ","U",150,"H"," ","U",128,"H"," ","U",94,"H"," ","U",100,"H"," ","U",111,"H"," ","U",100,"H"," ","U",150,"H"," ","U",144,"H"," ","U",128,"H"," ","U",122,"H"," ","U",NA," "," "," "
"645","USR0000CPIE",2008,6,"TAVG",119," "," ","U",126," "," ","U",117," "," ","U",69," "," ","U",117," "," ","U",111," "," ","U",94," "," ","U",144," "," ","U",176," "," ","U",110," "," ","U",106," "," ","U",143," "," ","U",196," "," ","U",193," "," ","U",192," "," ","U",185," "," ","U",181," "," ","U",177," "," ","U",180," "," ","U",204," "," ","U",206," "," ","U",186," "," ","U",179," "," ","U",189," "," ","U",186," "," ","U",201," "," ","U",226," "," ","U",229," "," ","U",220," "," ","U",202," "," ","U",NA," "," "," "
"646","USR0000CPIE",2008,7,"TMAX",272,"H"," ","U",289,"H"," ","U",267,"H"," ","U",239,"H"," ","U",272,"H"," ","U",289,"H"," ","U",339,"H"," ","U",306,"H"," ","U",333,"H"," ","U",317,"H"," ","U",289,"H"," ","U",328,"H"," ","U",306,"H"," ","U",283,"H"," ","U",289,"H"," ","U",272,"H"," ","U",283,"H"," ","U",289,"H"," ","U",300,"H"," ","U",283,"H"," ","U",261,"H"," ","U",261,"H"," ","U",272,"H"," ","U",289,"H"," ","U",289,"H"," ","U",272,"H"," ","U",283,"H"," ","U",278,"H"," ","U",267,"H"," ","U",278,"H"," ","U",278,"H"," ","U"
"647","USR0000CPIE",2008,7,"TMIN",106,"H"," ","U",111,"H"," ","U",139,"H"," ","U",122,"H"," ","U",78,"H"," ","U",111,"H"," ","U",172,"H"," ","U",200,"H"," ","U",178,"H"," ","U",156,"H"," ","U",144,"H"," ","U",161,"H"," ","U",133,"H"," ","U",144,"H"," ","U",117,"H"," ","U",117,"H"," ","U",106,"H"," ","U",106,"H"," ","U",122,"H"," ","U",144,"H"," ","U",139,"H"," ","U",100,"H"," ","U",100,"H"," ","U",106,"H"," ","U",111,"H"," ","U",111,"H"," ","U",122,"H"," ","U",117,"H"," ","U",139,"H"," ","U",100,"H"," ","U",106,"H"," ","U"
"648","USR0000CPIE",2008,7,"TAVG",199," "," ","U",203," "," ","U",202," "," ","U",175," "," ","U",183," "," ","U",212," "," ","U",252," "," ","U",251," "," ","U",261," "," ","U",244," "," ","U",226," "," ","U",240," "," ","U",229," "," ","U",214," "," ","U",206," "," ","U",199," "," ","U",197," "," ","U",202," "," ","U",214," "," ","U",208," "," ","U",194," "," ","U",189," "," ","U",192," "," ","U",202," "," ","U",204," "," ","U",196," "," ","U",203," "," ","U",202," "," ","U",192," "," ","U",192," "," ","U",203," "," ","U"
"649","USR0000CPIE",2008,8,"TMAX",283,"H"," ","U",267,"H"," ","U",283,"H"," ","U",289,"H"," ","U",294,"H"," ","U",283,"H"," ","U",294,"H"," ","U",261,"H"," ","U",244,"H"," ","U",272,"H"," ","U",300,"H"," ","U",306,"H"," ","U",333,"H"," ","U",339,"H"," ","U",333,"H"," ","U",333,"H"," ","U",300,"H"," ","U",233,"H"," ","U",222,"H"," ","U",256,"H"," ","U",267,"H"," ","U",289,"H"," ","U",283,"H"," ","U",300,"H"," ","U",261,"H"," ","U",278,"H"," ","U",311,"H"," ","U",283,"H"," ","U",311,"H"," ","U",278,"H"," ","U",194,"H"," ","U"
"650","USR0000CPIE",2008,8,"TMIN",128,"H"," ","U",106,"H"," ","U",111,"H"," ","U",106,"H"," ","U",139,"H"," ","U",161,"H"," ","U",139,"H"," ","U",128,"H"," ","U",111,"H"," ","U",78,"H"," ","U",128,"H"," ","U",128,"H"," ","U",150,"H"," ","U",189,"H"," ","U",161,"H"," ","U",167,"H"," ","U",156,"H"," ","U",122,"H"," ","U",94,"H"," ","U",111,"H"," ","U",128,"H"," ","U",106,"H"," ","U",128,"H"," ","U",128,"H"," ","U",139,"H"," ","U",94,"H"," ","U",133,"H"," ","U",128,"H"," ","U",156,"H"," ","U",144,"H"," ","U",50,"H"," ","U"
"651","USR0000CPIE",2008,8,"TAVG",200," "," ","U",193," "," ","U",202," "," ","U",208," "," ","U",221," "," ","U",222," "," ","U",218," "," ","U",191," "," ","U",177," "," ","U",186," "," ","U",218," "," ","U",228," "," ","U",250," "," ","U",264," "," ","U",262," "," ","U",254," "," ","U",228," "," ","U",180," "," ","U",151," "," ","U",177," "," ","U",190," "," ","U",209," "," ","U",206," "," ","U",218," "," ","U",199," "," ","U",188," "," ","U",224," "," ","U",219," "," ","U",238," "," ","U",211," "," ","U",123," "," ","U"
"652","USR0000CPIE",2008,9,"TMAX",167,"H"," ","U",244,"H"," ","U",278,"H"," ","U",294,"H"," ","U",272,"H"," ","U",300,"H"," ","U",294,"H"," ","U",289,"H"," ","U",239,"H"," ","U",244,"H"," ","U",261,"H"," ","U",278,"H"," ","U",278,"H"," ","U",289,"H"," ","U",289,"H"," ","U",306,"H"," ","U",256,"H"," ","U",244,"H"," ","U",183,"H"," ","U",172,"H"," ","U",172,"H"," ","U",200,"H"," ","U",244,"H"," ","U",233,"H"," ","U",233,"H"," ","U",244,"H"," ","U",256,"H"," ","U",261,"H"," ","U",267,"H"," ","U",239,"H"," ","U",NA," "," "," "
"653","USR0000CPIE",2008,9,"TMIN",11,"H"," ","U",72,"H"," ","U",94,"H"," ","U",117,"H"," ","U",122,"H"," ","U",139,"H"," ","U",128,"H"," ","U",128,"H"," ","U",111,"H"," ","U",106,"H"," ","U",100,"H"," ","U",100,"H"," ","U",111,"H"," ","U",128,"H"," ","U",122,"H"," ","U",133,"H"," ","U",122,"H"," ","U",128,"H"," ","U",67,"H"," ","U",50,"H"," ","U",28,"H"," ","U",28,"H"," ","U",56,"H"," ","U",100,"H"," ","U",128,"H"," ","U",106,"H"," ","U",100,"H"," ","U",100,"H"," ","U",128,"H"," ","U",106,"H"," ","U",NA," "," "," "
"654","USR0000CPIE",2008,9,"TAVG",100," "," ","U",168," "," ","U",191," "," ","U",210," "," ","U",207," "," ","U",224," "," ","U",213," "," ","U",204," "," ","U",181," "," ","U",183," "," ","U",185," "," ","U",195," "," ","U",199," "," ","U",212," "," ","U",214," "," ","U",205," "," ","U",184," "," ","U",175," "," ","U",129," "," ","U",106," "," ","U",106," "," ","U",117," "," ","U",152," "," ","U",171," "," ","U",172," "," ","U",173," "," ","U",177," "," ","U",193," "," ","U",184," "," ","U",172," "," ","U",NA," "," "," "
"655","USR0000CPIE",2008,10,"TMAX",239,"H"," ","U",161,"H"," ","U",117,"H"," ","U",94,"H"," ","U",117,"H"," ","U",217,"H"," ","U",217,"H"," ","U",211,"H"," ","U",89,"H"," ","U",28,"H"," ","U",50,"H"," ","U",72,"H"," ","U",133,"H"," ","U",217,"H"," ","U",206,"H"," ","U",228,"H"," ","U",222,"H"," ","U",183,"H"," ","U",178,"H"," ","U",156,"H"," ","U",133,"H"," ","U",156,"H"," ","U",222,"H"," ","U",233,"H"," ","U",250,"H"," ","U",222,"H"," ","U",228,"H"," ","U",200,"H"," ","U",194,"H"," ","U",183,"H"," ","U",94,"H"," ","U"
"656","USR0000CPIE",2008,10,"TMIN",111,"H"," ","U",89,"H"," ","U",56,"H"," ","U",56,"H"," ","U",33,"H"," ","U",11,"H"," ","U",61,"H"," ","U",56,"H"," ","U",-17,"H"," ","U",-33,"H"," ","U",-33,"H"," ","U",-28,"H"," ","U",11,"H"," ","U",22,"H"," ","U",56,"H"," ","U",56,"H"," ","U",78,"H"," ","U",72,"H"," ","U",50,"H"," ","U",50,"H"," ","U",11,"H"," ","U",39,"H"," ","U",39,"H"," ","U",39,"H"," ","U",67,"H"," ","U",83,"H"," ","U",67,"H"," ","U",72,"H"," ","U",67,"H"," ","U",78,"H"," ","U",44,"H"," ","U"
"657","USR0000CPIE",2008,10,"TAVG",172," "," ","U",127," "," ","U",81," "," ","U",68," "," ","U",74," "," ","U",121," "," ","U",138," "," ","U",127," "," ","U",42," "," ","U",-12," "," ","U",-3," "," ","U",26," "," ","U",71," "," ","U",122," "," ","U",126," "," ","U",138," "," ","U",147," "," ","U",117," "," ","U",109," "," ","U",100," "," ","U",74," "," ","U",89," "," ","U",126," "," ","U",133," "," ","U",146," "," ","U",141," "," ","U",144," "," ","U",135," "," ","U",129," "," ","U",121," "," ","U",72," "," ","U"
"658","USR0000CPIE",2008,11,"TMAX",78,"H"," ","U",50,"H"," ","U",39,"H"," ","U",28,"H"," ","U",44,"H"," ","U",111,"H"," ","U",167,"H"," ","U",122,"H"," ","U",72,"H"," ","U",67,"H"," ","U",56,"H"," ","U",150,"H"," ","U",150,"H"," ","U",133,"H"," ","U",183,"H"," ","U",233,"H"," ","U",194,"H"," ","U",189,"H"," ","U",150,"H"," ","U",89,"H"," ","U",111,"H"," ","U",100,"H"," ","U",139,"H"," ","U",144,"H"," ","U",117,"H"," ","U",106,"H"," ","U",122,"H"," ","U",128,"H"," ","U",150,"H"," ","U",183,"H"," ","U",NA," "," "," "
"659","USR0000CPIE",2008,11,"TMIN",28,"H"," ","U",11,"H"," ","U",0,"H"," ","U",-28,"H"," ","U",-50,"H"," ","U",0,"H"," ","U",17,"H"," ","U",11,"H"," ","U",0,"H"," ","U",-17,"H"," ","U",22,"H"," ","U",33,"H"," ","U",28,"H"," ","U",28,"H"," ","U",39,"H"," ","U",56,"H"," ","U",61,"H"," ","U",72,"H"," ","U",61,"H"," ","U",6,"H"," ","U",-17,"H"," ","U",6,"H"," ","U",-6,"H"," ","U",0,"H"," ","U",22,"H"," ","U",28,"H"," ","U",6,"H"," ","U",-11,"H"," ","U",33,"H"," ","U",33,"H"," ","U",NA," "," "," "
"660","USR0000CPIE",2008,11,"TAVG",53," "," ","U",34," "," ","U",17," "," ","U",-6," "," ","U",-3," "," ","U",49," "," ","U",81," "," ","U",62," "," ","U",27," "," ","U",23," "," ","U",38," "," ","U",82," "," ","U",81," "," ","U",81," "," ","U",92," "," ","U",123," "," ","U",121," "," ","U",117," "," ","U",97," "," ","U",56," "," ","U",39," "," ","U",39," "," ","U",44," "," ","U",52," "," ","U",60," "," ","U",64," "," ","U",52," "," ","U",53," "," ","U",83," "," ","U",87," "," ","U",NA," "," "," "
"661","USR0000CPIE",2008,12,"TMAX",161,"H"," ","U",122,"H"," ","U",144,"H"," ","U",89,"H"," ","U",106,"H"," ","U",133,"H"," ","U",122,"H"," ","U",33,"H"," ","U",89,"H"," ","U",150,"H"," ","U",156,"H"," ","U",106,"H"," ","U",11,"H"," ","U",-33,"H"," ","U",-22,"H"," ","U",0,"H"," ","U",11,"H"," ","U",-17,"H"," ","U",-11,"H"," ","U",33,"H"," ","U",33,"H"," ","U",0,"H"," ","U",-6,"H"," ","U",6,"H"," ","U",-6,"H"," ","U",6,"H"," ","U",6,"H"," ","U",33,"H"," ","U",78,"H"," ","U",106,"H"," ","U",83,"H"," ","U"
"662","USR0000CPIE",2008,12,"TMIN",50,"H"," ","U",0,"H"," ","U",-17,"H"," ","U",-6,"H"," ","U",-28,"H"," ","U",-22,"H"," ","U",0,"H"," ","U",-28,"H"," ","U",-39,"H"," ","U",-17,"H"," ","U",6,"H"," ","U",0,"H"," ","U",-67,"H"," ","U",-67,"H"," ","U",-72,"H"," ","U",-111,"H"," ","U",-150,"H"," ","U",-117,"H"," ","U",-50,"H"," ","U",-72,"H"," ","U",-6,"H"," ","U",-67,"H"," ","U",-67,"H"," ","U",-50,"H"," ","U",-78,"H"," ","U",-117,"H"," ","U",-78,"H"," ","U",0,"H"," ","U",0,"H"," ","U",-56,"H"," ","U",0,"H"," ","U"
"663","USR0000CPIE",2008,12,"TAVG",100," "," ","U",54," "," ","U",42," "," ","U",32," "," ","U",33," "," ","U",46," "," ","U",52," "," ","U",6," "," ","U",10," "," ","U",43," "," ","U",57," "," ","U",36," "," ","U",-48," "," ","U",-54," "," ","U",-56," "," ","U",-73," "," ","U",-81," "," ","U",-54," "," ","U",-33," "," ","U",-17," "," ","U",12," "," ","U",-41," "," ","U",-42," "," ","U",-18," "," ","U",-43," "," ","U",-76," "," ","U",-28," "," ","U",16," "," ","U",26," "," ","U",17," "," ","U",36," "," ","U"
"664","USR0000CPIE",2009,1,"TMAX",72,"H"," ","U",39,"H"," ","U",-28,"H"," ","U",6,"H"," ","U",6,"H"," ","U",106,"H"," ","U",133,"H"," ","U",61,"H"," ","U",33,"H"," ","U",144,"H"," ","U",128,"H"," ","U",89,"H"," ","U",183,"H"," ","U",194,"H"," ","U",133,"H"," ","U",117,"H"," ","U",150,"H"," ","U",100,"H"," ","U",106,"H"," ","U",133,"H"," ","U",72,"H"," ","U",39,"H"," ","U",72,"H"," ","U",33,"H"," ","U",17,"H"," ","U",-6,"H"," ","U",56,"H"," ","U",67,"H"," ","U",111,"H"," ","U",117,"H"," ","U",144,"H"," ","U"
"665","USR0000CPIE",2009,1,"TMIN",6,"H"," ","U",-56,"H"," ","U",-89,"H"," ","U",-111,"H"," ","U",-33,"H"," ","U",-22,"H"," ","U",6,"H"," ","U",-33,"H"," ","U",-56,"H"," ","U",-44,"H"," ","U",0,"H"," ","U",22,"H"," ","U",-6,"H"," ","U",17,"H"," ","U",17,"H"," ","U",0,"H"," ","U",-6,"H"," ","U",-17,"H"," ","U",-22,"H"," ","U",-22,"H"," ","U",0,"H"," ","U",17,"H"," ","U",11,"H"," ","U",-11,"H"," ","U",-56,"H"," ","U",-122,"H"," ","U",-133,"H"," ","U",-17,"H"," ","U",-28,"H"," ","U",-11,"H"," ","U",-17,"H"," ","U"
"666","USR0000CPIE",2009,1,"TAVG",38," "," ","U",1," "," ","U",-59," "," ","U",-44," "," ","U",-15," "," ","U",38," "," ","U",68," "," ","U",26," "," ","U",-18," "," ","U",34," "," ","U",54," "," ","U",59," "," ","U",70," "," ","U",82," "," ","U",73," "," ","U",48," "," ","U",44," "," ","U",34," "," ","U",27," "," ","U",38," "," ","U",32," "," ","U",25," "," ","U",37," "," ","U",14," "," ","U",-19," "," ","U",-59," "," ","U",-31," "," ","U",15," "," ","U",25," "," ","U",38," "," ","U",47," "," ","U"
"667","USR0000CPIE",2009,2,"TMAX",100,"H"," ","U",161,"H"," ","U",156,"H"," ","U",133,"H"," ","U",50,"H"," ","U",39,"H"," ","U",44,"H"," ","U",22,"H"," ","U",6,"H"," ","U",-11,"H"," ","U",-11,"H"," ","U",6,"H"," ","U",-17,"H"," ","U",-17,"H"," ","U",11,"H"," ","U",28,"H"," ","U",11,"H"," ","U",56,"H"," ","U",94,"H"," ","U",122,"H"," ","U",128,"H"," ","U",50,"H"," ","U",72,"H"," ","U",56,"H"," ","U",33,"H"," ","U",44,"H"," ","U",89,"H"," ","U",150,"H"," ","U",NA," "," "," ",NA," "," "," ",NA," "," "," "
"668","USR0000CPIE",2009,2,"TMIN",-33,"H"," ","U",-22,"H"," ","U",0,"H"," ","U",-11,"H"," ","U",-6,"H"," ","U",-11,"H"," ","U",-17,"H"," ","U",-39,"H"," ","U",-100,"H"," ","U",-122,"H"," ","U",-50,"H"," ","U",-83,"H"," ","U",-56,"H"," ","U",-67,"H"," ","U",-28,"H"," ","U",-39,"H"," ","U",-33,"H"," ","U",-39,"H"," ","U",-33,"H"," ","U",-11,"H"," ","U",-17,"H"," ","U",0,"H"," ","U",0,"H"," ","U",0,"H"," ","U",0,"H"," ","U",0,"H"," ","U",-39,"H"," ","U",-11,"H"," ","U",NA," "," "," ",NA," "," "," ",NA," "," "," "
"669","USR0000CPIE",2009,2,"TAVG",27," "," ","U",55," "," ","U",59," "," ","U",55," "," ","U",20," "," ","U",10," "," ","U",12," "," ","U",-9," "," ","U",-47," "," ","U",-63," "," ","U",-34," "," ","U",-36," "," ","U",-41," "," ","U",-37," "," ","U",-11," "," ","U",-13," "," ","U",-16," "," ","U",-2," "," ","U",25," "," ","U",43," "," ","U",54," "," ","U",28," "," ","U",30," "," ","U",24," "," ","U",11," "," ","U",11," "," ","U",25," "," ","U",66," "," ","U",NA," "," "," ",NA," "," "," ",NA," "," "," "
"670","USR0000CPIE",2009,3,"TMAX",56,"H"," ","U",50,"H"," ","U",0,"H"," ","U",11,"H"," ","U",39,"H"," ","U",33,"H"," ","U",94,"H"," ","U",61,"H"," ","U",22,"H"," ","U",89,"H"," ","U",111,"H"," ","U",78,"H"," ","U",144,"H"," ","U",72,"H"," ","U",56,"H"," ","U",50,"H"," ","U",106,"H"," ","U",156,"H"," ","U",150,"H"," ","U",144,"H"," ","U",78,"H"," ","U",6,"H"," ","U",67,"H"," ","U",111,"H"," ","U",106,"H"," ","U",83,"H"," ","U",122,"H"," ","U",156,"H"," ","U",61,"H"," ","U",89,"H"," ","U",122,"H"," ","U"
"671","USR0000CPIE",2009,3,"TMIN",17,"H"," ","U",-6,"H"," ","U",-28,"H"," ","U",-61,"H"," ","U",-56,"H"," ","U",-56,"H"," ","U",-83,"H"," ","U",-17,"H"," ","U",-100,"H"," ","U",-111,"H"," ","U",-61,"H"," ","U",-39,"H"," ","U",-33,"H"," ","U",-6,"H"," ","U",-11,"H"," ","U",11,"H"," ","U",0,"H"," ","U",-6,"H"," ","U",22,"H"," ","U",6,"H"," ","U",-28,"H"," ","U",-89,"H"," ","U",-94,"H"," ","U",-44,"H"," ","U",0,"H"," ","U",22,"H"," ","U",-6,"H"," ","U",6,"H"," ","U",-39,"H"," ","U",-56,"H"," ","U",-17,"H"," ","U"
"672","USR0000CPIE",2009,3,"TAVG",31," "," ","U",19," "," ","U",-14," "," ","U",-28," "," ","U",-18," "," ","U",-18," "," ","U",3," "," ","U",11," "," ","U",-37," "," ","U",-12," "," ","U",14," "," ","U",18," "," ","U",53," "," ","U",25," "," ","U",14," "," ","U",33," "," ","U",51," "," ","U",76," "," ","U",86," "," ","U",76," "," ","U",21," "," ","U",-34," "," ","U",-16," "," ","U",32," "," ","U",49," "," ","U",44," "," ","U",60," "," ","U",83," "," ","U",-3," "," ","U",12," "," ","U",51," "," ","U"
"673","USR0000CPIE",2009,4,"TMAX",133,"H"," ","U",83,"H"," ","U",11,"H"," ","U",72,"H"," ","U",133,"H"," ","U",156,"H"," ","U",133,"H"," ","U",39,"H"," ","U",22,"H"," ","U",61,"H"," ","U",94,"H"," ","U",150,"H"," ","U",139,"H"," ","U",22,"H"," ","U",50,"H"," ","U",128,"H"," ","U",172,"H"," ","U",183,"H"," ","U",217,"H"," ","U",228,"H"," ","U",256,"H"," ","U",211,"H"," ","U",133,"H"," ","U",56,"H"," ","U",111,"H"," ","U",111,"H"," ","U",106,"H"," ","U",56,"H"," ","U",111,"H"," ","U",128,"H"," ","U",NA," "," "," "
"674","USR0000CPIE",2009,4,"TMIN",-17,"H"," ","U",-17,"H"," ","U",-50,"H"," ","U",-56,"H"," ","U",-22,"H"," ","U",28,"H"," ","U",6,"H"," ","U",-6,"H"," ","U",-6,"H"," ","U",-6,"H"," ","U",-33,"H"," ","U",0,"H"," ","U",28,"H"," ","U",-56,"H"," ","U",-50,"H"," ","U",-28,"H"," ","U",0,"H"," ","U",44,"H"," ","U",67,"H"," ","U",72,"H"," ","U",78,"H"," ","U",83,"H"," ","U",39,"H"," ","U",-17,"H"," ","U",-33,"H"," ","U",6,"H"," ","U",11,"H"," ","U",-11,"H"," ","U",-17,"H"," ","U",0,"H"," ","U",NA," "," "," "
"675","USR0000CPIE",2009,4,"TAVG",57," "," ","U",43," "," ","U",-19," "," ","U",8," "," ","U",67," "," ","U",97," "," ","U",57," "," ","U",7," "," ","U",5," "," ","U",15," "," ","U",33," "," ","U",77," "," ","U",73," "," ","U",-26," "," ","U",-2," "," ","U",51," "," ","U",98," "," ","U",124," "," ","U",145," "," ","U",162," "," ","U",171," "," ","U",152," "," ","U",91," "," ","U",9," "," ","U",42," "," ","U",59," "," ","U",52," "," ","U",12," "," ","U",40," "," ","U",60," "," ","U",NA," "," "," "
"676","USR0000CPIE",2009,5,"TMAX",94,"H"," ","U",44,"H"," ","U",89,"H"," ","U",83,"H"," ","U",122,"H"," ","U",122,"H"," ","U",161,"H"," ","U",161,"H"," ","U",189,"H"," ","U",211,"H"," ","U",183,"H"," ","U",156,"H"," ","U",172,"H"," ","U",178,"H"," ","U",211,"H"," ","U",272,"H"," ","U",278,"H"," ","U",261,"H"," ","U",206,"H"," ","U",211,"H"," ","U",239,"H"," ","U",244,"H"," ","U",233,"H"," ","U",222,"H"," ","U",228,"H"," ","U",228,"H"," ","U",256,"H"," ","U",250,"H"," ","U",250,"H"," ","U",222,"H"," ","U",239,"H"," ","U"
"677","USR0000CPIE",2009,5,"TMIN",17,"H"," ","U",17,"H"," ","U",22,"H"," ","U",17,"H"," ","U",50,"H"," ","U",50,"H"," ","U",50,"H"," ","U",11,"H"," ","U",39,"H"," ","U",50,"H"," ","U",78,"H"," ","U",33,"H"," ","U",6,"H"," ","U",67,"H"," ","U",56,"H"," ","U",94,"H"," ","U",122,"H"," ","U",128,"H"," ","U",94,"H"," ","U",61,"H"," ","U",67,"H"," ","U",78,"H"," ","U",83,"H"," ","U",56,"H"," ","U",72,"H"," ","U",94,"H"," ","U",106,"H"," ","U",111,"H"," ","U",100,"H"," ","U",106,"H"," ","U",106,"H"," ","U"
"678","USR0000CPIE",2009,5,"TAVG",57," "," ","U",34," "," ","U",49," "," ","U",58," "," ","U",84," "," ","U",87," "," ","U",98," "," ","U",93," "," ","U",118," "," ","U",132," "," ","U",128," "," ","U",97," "," ","U",95," "," ","U",119," "," ","U",147," "," ","U",189," "," ","U",209," "," ","U",204," "," ","U",158," "," ","U",142," "," ","U",156," "," ","U",164," "," ","U",158," "," ","U",139," "," ","U",154," "," ","U",172," "," ","U",184," "," ","U",173," "," ","U",173," "," ","U",173," "," ","U",171," "," ","U"
"679","USR0000CPIE",2009,6,"TMAX",206,"H"," ","U",183,"H"," ","U",183,"H"," ","U",139,"H"," ","U",111,"H"," ","U",72,"H"," ","U",167,"H"," ","U",200,"H"," ","U",183,"H"," ","U",167,"H"," ","U",161,"H"," ","U",172,"H"," ","U",156,"H"," ","U",183,"H"," ","U",200,"H"," ","U",217,"H"," ","U",211,"H"," ","U",261,"H"," ","U",217,"H"," ","U",200,"H"," ","U",178,"H"," ","U",200,"H"," ","U",256,"H"," ","U",278,"H"," ","U",256,"H"," ","U",272,"H"," ","U",306,"H"," ","U",306,"H"," ","U",306,"H"," ","U",289,"H"," ","U",NA," "," "," "
"680","USR0000CPIE",2009,6,"TMIN",83,"H"," ","U",61,"H"," ","U",56,"H"," ","U",50,"H"," ","U",39,"H"," ","U",39,"H"," ","U",61,"H"," ","U",50,"H"," ","U",61,"H"," ","U",56,"H"," ","U",56,"H"," ","U",39,"H"," ","U",56,"H"," ","U",50,"H"," ","U",56,"H"," ","U",67,"H"," ","U",100,"H"," ","U",89,"H"," ","U",100,"H"," ","U",72,"H"," ","U",50,"H"," ","U",28,"H"," ","U",94,"H"," ","U",111,"H"," ","U",111,"H"," ","U",100,"H"," ","U",128,"H"," ","U",144,"H"," ","U",144,"H"," ","U",128,"H"," ","U",NA," "," "," "
"681","USR0000CPIE",2009,6,"TAVG",148," "," ","U",115," "," ","U",101," "," ","U",88," "," ","U",61," "," ","U",57," "," ","U",106," "," ","U",126," "," ","U",121," "," ","U",106," "," ","U",104," "," ","U",114," "," ","U",109," "," ","U",117," "," ","U",133," "," ","U",148," "," ","U",156," "," ","U",181," "," ","U",164," "," ","U",132," "," ","U",107," "," ","U",131," "," ","U",181," "," ","U",204," "," ","U",194," "," ","U",201," "," ","U",223," "," ","U",234," "," ","U",231," "," ","U",218," "," ","U",NA," "," "," "
"682","USR0000CPIE",2009,7,"TMAX",300,"H"," ","U",289,"H"," ","U",283,"H"," ","U",272,"H"," ","U",267,"H"," ","U",233,"H"," ","U",217,"H"," ","U",222,"H"," ","U",228,"H"," ","U",244,"H"," ","U",250,"H"," ","U",228,"H"," ","U",256,"H"," ","U",300,"H"," ","U",306,"H"," ","U",317,"H"," ","U",317,"H"," ","U",322,"H"," ","U",322,"H"," ","U",311,"H"," ","U",300,"H"," ","U",311,"H"," ","U",317,"H"," ","U",306,"H"," ","U",311,"H"," ","U",322,"H"," ","U",339,"H"," ","U",328,"H"," ","U",317,"H"," ","U",322,"H"," ","U",339,"H"," ","U"
"683","USR0000CPIE",2009,7,"TMIN",156,"H"," ","U",144,"H"," ","U",133,"H"," ","U",117,"H"," ","U",106,"H"," ","U",106,"H"," ","U",61,"H"," ","U",56,"H"," ","U",56,"H"," ","U",94,"H"," ","U",117,"H"," ","U",111,"H"," ","U",61,"H"," ","U",122,"H"," ","U",128,"H"," ","U",144,"H"," ","U",133,"H"," ","U",172,"H"," ","U",156,"H"," ","U",161,"H"," ","U",144,"H"," ","U",128,"H"," ","U",144,"H"," ","U",139,"H"," ","U",117,"H"," ","U",139,"H"," ","U",161,"H"," ","U",183,"H"," ","U",156,"H"," ","U",150,"H"," ","U",161,"H"," ","U"
"684","USR0000CPIE",2009,7,"TAVG",224," "," ","U",219," "," ","U",212," "," ","U",201," "," ","U",188," "," ","U",164," "," ","U",149," "," ","U",148," "," ","U",155," "," ","U",170," "," ","U",182," "," ","U",168," "," ","U",173," "," ","U",216," "," ","U",222," "," ","U",229," "," ","U",242," "," ","U",254," "," ","U",251," "," ","U",244," "," ","U",229," "," ","U",227," "," ","U",236," "," ","U",228," "," ","U",231," "," ","U",243," "," ","U",255," "," ","U",256," "," ","U",231," "," ","U",239," "," ","U",248," "," ","U"
"685","USR0000CPIE",2009,8,"TMAX",317,"H"," ","U",294,"H"," ","U",283,"H"," ","U",261,"H"," ","U",244,"H"," ","U",167,"H"," ","U",161,"H"," ","U",233,"H"," ","U",272,"H"," ","U",294,"H"," ","U",278,"H"," ","U",283,"H"," ","U",256,"H"," ","U",244,"H"," ","U",233,"H"," ","U",272,"H"," ","U",283,"H"," ","U",317,"H"," ","U",339,"H"," ","U",333,"H"," ","U",317,"H"," ","U",311,"H"," ","U",239,"H"," ","U",256,"H"," ","U",261,"H"," ","U",283,"H"," ","U",294,"H"," ","U",289,"H"," ","U",289,"H"," ","U",267,"H"," ","U",261,"H"," ","U"
"686","USR0000CPIE",2009,8,"TMIN",156,"H"," ","U",144,"H"," ","U",122,"H"," ","U",133,"H"," ","U",94,"H"," ","U",67,"H"," ","U",56,"H"," ","U",50,"H"," ","U",100,"H"," ","U",122,"H"," ","U",133,"H"," ","U",133,"H"," ","U",128,"H"," ","U",106,"H"," ","U",67,"H"," ","U",83,"H"," ","U",128,"H"," ","U",144,"H"," ","U",144,"H"," ","U",150,"H"," ","U",150,"H"," ","U",139,"H"," ","U",117,"H"," ","U",83,"H"," ","U",100,"H"," ","U",128,"H"," ","U",128,"H"," ","U",139,"H"," ","U",144,"H"," ","U",150,"H"," ","U",139,"H"," ","U"
"687","USR0000CPIE",2009,8,"TAVG",234," "," ","U",212," "," ","U",203," "," ","U",194," "," ","U",165," "," ","U",101," "," ","U",106," "," ","U",151," "," ","U",192," "," ","U",216," "," ","U",213," "," ","U",205," "," ","U",187," "," ","U",171," "," ","U",158," "," ","U",193," "," ","U",212," "," ","U",228," "," ","U",248," "," ","U",246," "," ","U",239," "," ","U",223," "," ","U",181," "," ","U",178," "," ","U",187," "," ","U",206," "," ","U",219," "," ","U",212," "," ","U",217," "," ","U",202," "," ","U",194," "," ","U"
"688","USR0000CPIE",2009,9,"TMAX",261,"H"," ","U",289,"H"," ","U",267,"H"," ","U",267,"H"," ","U",233,"H"," ","U",211,"H"," ","U",233,"H"," ","U",256,"H"," ","U",278,"H"," ","U",300,"H"," ","U",328,"H"," ","U",283,"H"," ","U",222,"H"," ","U",189,"H"," ","U",261,"H"," ","U",272,"H"," ","U",283,"H"," ","U",289,"H"," ","U",256,"H"," ","U",244,"H"," ","U",228,"H"," ","U",289,"H"," ","U",311,"H"," ","U",311,"H"," ","U",311,"H"," ","U",328,"H"," ","U",311,"H"," ","U",250,"H"," ","U",139,"H"," ","U",122,"H"," ","U",NA," "," "," "
"689","USR0000CPIE",2009,9,"TMIN",128,"H"," ","U",150,"H"," ","U",128,"H"," ","U",106,"H"," ","U",111,"H"," ","U",100,"H"," ","U",50,"H"," ","U",78,"H"," ","U",111,"H"," ","U",122,"H"," ","U",133,"H"," ","U",150,"H"," ","U",78,"H"," ","U",67,"H"," ","U",61,"H"," ","U",100,"H"," ","U",100,"H"," ","U",133,"H"," ","U",139,"H"," ","U",94,"H"," ","U",94,"H"," ","U",117,"H"," ","U",133,"H"," ","U",128,"H"," ","U",133,"H"," ","U",144,"H"," ","U",139,"H"," ","U",128,"H"," ","U",0,"H"," ","U",-17,"H"," ","U",NA," "," "," "
"690","USR0000CPIE",2009,9,"TAVG",191," "," ","U",209," "," ","U",201," "," ","U",189," "," ","U",170," "," ","U",144," "," ","U",146," "," ","U",177," "," ","U",196," "," ","U",215," "," ","U",233," "," ","U",200," "," ","U",153," "," ","U",117," "," ","U",164," "," ","U",191," "," ","U",192," "," ","U",212," "," ","U",184," "," ","U",177," "," ","U",172," "," ","U",207," "," ","U",224," "," ","U",221," "," ","U",222," "," ","U",232," "," ","U",225," "," ","U",181," "," ","U",92," "," ","U",50," "," ","U",NA," "," "," "
"691","USR0000CPIE",2009,10,"TMAX",189,"H"," ","U",189,"H"," ","U",122,"H"," ","U",44,"H"," ","U",72,"H"," ","U",133,"H"," ","U",206,"H"," ","U",217,"H"," ","U",211,"H"," ","U",194,"H"," ","U",183,"H"," ","U",144,"H"," ","U",78,"H"," ","U",100,"H"," ","U",150,"H"," ","U",206,"H"," ","U",222,"H"," ","U",178,"H"," ","U",78,"H"," ","U",161,"H"," ","U",200,"H"," ","U",189,"H"," ","U",211,"H"," ","U",183,"H"," ","U",161,"H"," ","U",167,"H"," ","U",56,"H"," ","U",39,"H"," ","U",94,"H"," ","U",194,"H"," ","U",189,"H"," ","U"
"692","USR0000CPIE",2009,10,"TMIN",39,"H"," ","U",28,"H"," ","U",-11,"H"," ","U",-39,"H"," ","U",-11,"H"," ","U",6,"H"," ","U",0,"H"," ","U",28,"H"," ","U",39,"H"," ","U",50,"H"," ","U",56,"H"," ","U",50,"H"," ","U",28,"H"," ","U",50,"H"," ","U",61,"H"," ","U",50,"H"," ","U",78,"H"," ","U",50,"H"," ","U",6,"H"," ","U",0,"H"," ","U",28,"H"," ","U",33,"H"," ","U",50,"H"," ","U",33,"H"," ","U",22,"H"," ","U",6,"H"," ","U",-33,"H"," ","U",-44,"H"," ","U",-44,"H"," ","U",17,"H"," ","U",39,"H"," ","U"
"693","USR0000CPIE",2009,10,"TAVG",100," "," ","U",104," "," ","U",51," "," ","U",-1," "," ","U",31," "," ","U",63," "," ","U",103," "," ","U",118," "," ","U",122," "," ","U",119," "," ","U",112," "," ","U",82," "," ","U",49," "," ","U",71," "," ","U",96," "," ","U",128," "," ","U",143," "," ","U",119," "," ","U",37," "," ","U",68," "," ","U",102," "," ","U",104," "," ","U",122," "," ","U",94," "," ","U",87," "," ","U",92," "," ","U",-1," "," ","U",-11," "," ","U",31," "," ","U",94," "," ","U",110," "," ","U"
"694","USR0000CPIE",2009,11,"TMAX",211,"H"," ","U",211,"H"," ","U",222,"H"," ","U",206,"H"," ","U",133,"H"," ","U",89,"H"," ","U",100,"H"," ","U",111,"H"," ","U",122,"H"," ","U",122,"H"," ","U",94,"H"," ","U",61,"H"," ","U",39,"H"," ","U",56,"H"," ","U",122,"H"," ","U",133,"H"," ","U",122,"H"," ","U",67,"H"," ","U",144,"H"," ","U",72,"H"," ","U",56,"H"," ","U",39,"H"," ","U",100,"H"," ","U",156,"H"," ","U",122,"H"," ","U",133,"H"," ","U",56,"H"," ","U",39,"H"," ","U",67,"H"," ","U",122,"H"," ","U",NA," "," "," "
"695","USR0000CPIE",2009,11,"TMIN",33,"H"," ","U",44,"H"," ","U",44,"H"," ","U",78,"H"," ","U",44,"H"," ","U",39,"H"," ","U",-11,"H"," ","U",-33,"H"," ","U",-11,"H"," ","U",6,"H"," ","U",6,"H"," ","U",-33,"H"," ","U",-44,"H"," ","U",-33,"H"," ","U",-50,"H"," ","U",-17,"H"," ","U",0,"H"," ","U",-50,"H"," ","U",-39,"H"," ","U",-17,"H"," ","U",-50,"H"," ","U",-33,"H"," ","U",-56,"H"," ","U",-22,"H"," ","U",-6,"H"," ","U",0,"H"," ","U",-11,"H"," ","U",-28,"H"," ","U",-22,"H"," ","U",-17,"H"," ","U",NA," "," "," "
"696","USR0000CPIE",2009,11,"TAVG",114," "," ","U",119," "," ","U",127," "," ","U",135," "," ","U",81," "," ","U",51," "," ","U",44," "," ","U",28," "," ","U",42," "," ","U",59," "," ","U",58," "," ","U",13," "," ","U",0," "," ","U",1," "," ","U",23," "," ","U",61," "," ","U",58," "," ","U",8," "," ","U",50," "," ","U",19," "," ","U",-3," "," ","U",4," "," ","U",12," "," ","U",46," "," ","U",46," "," ","U",56," "," ","U",19," "," ","U",-2," "," ","U",20," "," ","U",38," "," ","U",NA," "," "," "
"697","USR0000CPIE",2009,12,"TMAX",144,"H"," ","U",111,"H"," ","U",61,"H"," ","U",94,"H"," ","U",6,"H"," ","U",-50,"H"," ","U",-44,"H"," ","U",-17,"H"," ","U",39,"H"," ","U",39,"H"," ","U",39,"H"," ","U",44,"H"," ","U",50,"H"," ","U",50,"H"," ","U",56,"H"," ","U",56,"H"," ","U",117,"H"," ","U",150,"H"," ","U",139,"H"," ","U",78,"H"," ","U",72,"H"," ","U",0,"H"," ","U",61,"H"," ","U",78,"H"," ","U",100,"H"," ","U",67,"H"," ","U",56,"H"," ","U",0,"H"," ","U",17,"H"," ","U",33,"H"," ","U",33,"H"," ","U"
"698","USR0000CPIE",2009,12,"TMIN",-11,"H"," ","U",-33,"H"," ","U",-50,"H"," ","U",-44,"H"," ","U",-111,"H"," ","U",-128,"H"," ","U",-156,"H"," ","U",-183,"H"," ","U",-161,"H"," ","U",-117,"H"," ","U",-28,"H"," ","U",-17,"H"," ","U",-17,"H"," ","U",-11,"H"," ","U",-6,"H"," ","U",-6,"H"," ","U",-17,"H"," ","U",-11,"H"," ","U",0,"H"," ","U",11,"H"," ","U",-39,"H"," ","U",-94,"H"," ","U",-106,"H"," ","U",-61,"H"," ","U",-50,"H"," ","U",-72,"H"," ","U",-50,"H"," ","U",-78,"H"," ","U",-72,"H"," ","U",-61,"H"," ","U",-44,"H"," ","U"
"699","USR0000CPIE",2009,12,"TAVG",44," "," ","U",18," "," ","U",-6," "," ","U",16," "," ","U",-43," "," ","U",-89," "," ","U",-104," "," ","U",-101," "," ","U",-72," "," ","U",-36," "," ","U",-2," "," ","U",6," "," ","U",1," "," ","U",-1," "," ","U",15," "," ","U",14," "," ","U",27," "," ","U",49," "," ","U",46," "," ","U",41," "," ","U",16," "," ","U",-56," "," ","U",-34," "," ","U",-13," "," ","U",6," "," ","U",-16," "," ","U",-9," "," ","U",-39," "," ","U",-34," "," ","U",-14," "," ","U",-3," "," ","U"
"700","USR0000CPIE",2010,1,"TMAX",39,"H"," ","U",106,"H"," ","U",128,"H"," ","U",128,"H"," ","U",133,"H"," ","U",117,"H"," ","U",78,"H"," ","U",78,"H"," ","U",111,"H"," ","U",139,"H"," ","U",117,"H"," ","U",72,"H"," ","U",67,"H"," ","U",78,"H"," ","U",111,"H"," ","U",106,"H"," ","U",22,"H"," ","U",33,"H"," ","U",11,"H"," ","U",0,"H"," ","U",-6,"H"," ","U",17,"H"," ","U",6,"H"," ","U",0,"H"," ","U",44,"H"," ","U",50,"H"," ","U",39,"H"," ","U",89,"H"," ","U",78,"H"," ","U",28,"H"," ","U",67,"H"," ","U"
"701","USR0000CPIE",2010,1,"TMIN",11,"H"," ","U",-6,"H"," ","U",-22,"H"," ","U",-22,"H"," ","U",6,"H"," ","U",0,"H"," ","U",6,"H"," ","U",0,"H"," ","U",6,"H"," ","U",6,"H"," ","U",28,"H"," ","U",11,"H"," ","U",-17,"H"," ","U",-50,"H"," ","U",-22,"H"," ","U",6,"H"," ","U",-6,"H"," ","U",-17,"H"," ","U",-22,"H"," ","U",-33,"H"," ","U",-39,"H"," ","U",-44,"H"," ","U",-50,"H"," ","U",-56,"H"," ","U",-11,"H"," ","U",-11,"H"," ","U",-39,"H"," ","U",-33,"H"," ","U",-22,"H"," ","U",-17,"H"," ","U",-72,"H"," ","U"
"702","USR0000CPIE",2010,1,"TAVG",23," "," ","U",24," "," ","U",24," "," ","U",44," "," ","U",50," "," ","U",44," "," ","U",32," "," ","U",31," "," ","U",44," "," ","U",48," "," ","U",71," "," ","U",36," "," ","U",14," "," ","U",11," "," ","U",34," "," ","U",36," "," ","U",7," "," ","U",1," "," ","U",-7," "," ","U",-19," "," ","U",-26," "," ","U",-25," "," ","U",-27," "," ","U",-22," "," ","U",8," "," ","U",11," "," ","U",-4," "," ","U",7," "," ","U",16," "," ","U",3," "," ","U",-1," "," ","U"
"703","USR0000CPIE",2010,2,"TMAX",39,"H"," ","U",100,"H"," ","U",44,"H"," ","U",39,"H"," ","U",61,"H"," ","U",56,"H"," ","U",44,"H"," ","U",78,"H"," ","U",17,"H"," ","U",44,"H"," ","U",56,"H"," ","U",94,"H"," ","U",133,"H"," ","U",133,"H"," ","U",144,"H"," ","U",156,"H"," ","U",161,"H"," ","U",144,"H"," ","U",100,"H"," ","U",78,"H"," ","U",39,"H"," ","U",50,"H"," ","U",17,"H"," ","U",72,"H"," ","U",106,"H"," ","U",56,"H"," ","U",78,"H"," ","U",94,"H"," ","U",NA," "," "," ",NA," "," "," ",NA," "," "," "
"704","USR0000CPIE",2010,2,"TMIN",-28,"H"," ","U",-44,"H"," ","U",-11,"H"," ","U",-6,"H"," ","U",-6,"H"," ","U",-6,"H"," ","U",-28,"H"," ","U",-17,"H"," ","U",-22,"H"," ","U",-67,"H"," ","U",-11,"H"," ","U",0,"H"," ","U",-6,"H"," ","U",-6,"H"," ","U",0,"H"," ","U",11,"H"," ","U",0,"H"," ","U",-6,"H"," ","U",-11,"H"," ","U",-39,"H"," ","U",-61,"H"," ","U",-89,"H"," ","U",-67,"H"," ","U",0,"H"," ","U",-28,"H"," ","U",-17,"H"," ","U",-22,"H"," ","U",-33,"H"," ","U",NA," "," "," ",NA," "," "," ",NA," "," "," "
"705","USR0000CPIE",2010,2,"TAVG",1," "," ","U",16," "," ","U",7," "," ","U",13," "," ","U",17," "," ","U",11," "," ","U",7," "," ","U",16," "," ","U",-7," "," ","U",0," "," ","U",12," "," ","U",26," "," ","U",49," "," ","U",49," "," ","U",67," "," ","U",67," "," ","U",68," "," ","U",58," "," ","U",34," "," ","U",4," "," ","U",-19," "," ","U",-29," "," ","U",-16," "," ","U",19," "," ","U",32," "," ","U",25," "," ","U",11," "," ","U",29," "," ","U",NA," "," "," ",NA," "," "," ",NA," "," "," "
"706","USR0000CPIE",2010,3,"TMAX",122,"H"," ","U",39,"H"," ","U",44,"H"," ","U",33,"H"," ","U",83,"H"," ","U",72,"H"," ","U",122,"H"," ","U",39,"H"," ","U",39,"H"," ","U",56,"H"," ","U",83,"H"," ","U",39,"H"," ","U",33,"H"," ","U",78,"H"," ","U",161,"H"," ","U",167,"H"," ","U",194,"H"," ","U",111,"H"," ","U",178,"H"," ","U",161,"H"," ","U",106,"H"," ","U",111,"H"," ","U",144,"H"," ","U",144,"H"," ","U",44,"H"," ","U",72,"H"," ","U",133,"H"," ","U",128,"H"," ","U",78,"H"," ","U",11,"H"," ","U",39,"H"," ","U"
"707","USR0000CPIE",2010,3,"TMIN",0,"H"," ","U",-6,"H"," ","U",-72,"H"," ","U",-89,"H"," ","U",-61,"H"," ","U",11,"H"," ","U",-28,"H"," ","U",-67,"H"," ","U",-94,"H"," ","U",-72,"H"," ","U",-67,"H"," ","U",-61,"H"," ","U",-94,"H"," ","U",-50,"H"," ","U",-17,"H"," ","U",39,"H"," ","U",28,"H"," ","U",11,"H"," ","U",-6,"H"," ","U",11,"H"," ","U",22,"H"," ","U",0,"H"," ","U",-22,"H"," ","U",-17,"H"," ","U",-33,"H"," ","U",-67,"H"," ","U",-6,"H"," ","U",28,"H"," ","U",17,"H"," ","U",-39,"H"," ","U",-50,"H"," ","U"
"708","USR0000CPIE",2010,3,"TAVG",54," "," ","U",13," "," ","U",-19," "," ","U",-22," "," ","U",16," "," ","U",36," "," ","U",47," "," ","U",-6," "," ","U",-31," "," ","U",-18," "," ","U",11," "," ","U",-1," "," ","U",-28," "," ","U",16," "," ","U",71," "," ","U",96," "," ","U",100," "," ","U",58," "," ","U",79," "," ","U",80," "," ","U",59," "," ","U",50," "," ","U",54," "," ","U",62," "," ","U",-5," "," ","U",8," "," ","U",52," "," ","U",71," "," ","U",42," "," ","U",-14," "," ","U",-17," "," ","U"
"709","USR0000CPIE",2010,4,"TMAX",39,"H"," ","U",11,"H"," ","U",33,"H"," ","U",22,"H"," ","U",28,"H"," ","U",100,"H"," ","U",156,"H"," ","U",139,"H"," ","U",89,"H"," ","U",89,"H"," ","U",72,"H"," ","U",33,"H"," ","U",83,"H"," ","U",61,"H"," ","U",161,"H"," ","U",128,"H"," ","U",161,"H"," ","U",200,"H"," ","U",167,"H"," ","U",61,"H"," ","U",56,"H"," ","U",100,"H"," ","U",172,"H"," ","U",161,"H"," ","U",183,"H"," ","U",167,"H"," ","U",56,"H"," ","U",33,"H"," ","U",44,"H"," ","U",106,"H"," ","U",NA," "," "," "
"710","USR0000CPIE",2010,4,"TMIN",-56,"H"," ","U",-56,"H"," ","U",-61,"H"," ","U",-61,"H"," ","U",-61,"H"," ","U",-44,"H"," ","U",-6,"H"," ","U",6,"H"," ","U",-39,"H"," ","U",6,"H"," ","U",-17,"H"," ","U",-11,"H"," ","U",-17,"H"," ","U",-17,"H"," ","U",-22,"H"," ","U",33,"H"," ","U",0,"H"," ","U",0,"H"," ","U",44,"H"," ","U",-11,"H"," ","U",-17,"H"," ","U",0,"H"," ","U",11,"H"," ","U",22,"H"," ","U",6,"H"," ","U",28,"H"," ","U",-22,"H"," ","U",-44,"H"," ","U",-50,"H"," ","U",-44,"H"," ","U",NA," "," "," "
"711","USR0000CPIE",2010,4,"TAVG",-11," "," ","U",-14," "," ","U",-20," "," ","U",-16," "," ","U",-19," "," ","U",25," "," ","U",75," "," ","U",62," "," ","U",34," "," ","U",43," "," ","U",27," "," ","U",2," "," ","U",23," "," ","U",21," "," ","U",71," "," ","U",71," "," ","U",83," "," ","U",108," "," ","U",96," "," ","U",19," "," ","U",14," "," ","U",49," "," ","U",96," "," ","U",91," "," ","U",100," "," ","U",101," "," ","U",17," "," ","U",-17," "," ","U",0," "," ","U",32," "," ","U",NA," "," "," "
"712","USR0000CPIE",2010,5,"TMAX",144,"H"," ","U",150,"H"," ","U",172,"H"," ","U",161,"H"," ","U",111,"H"," ","U",78,"H"," ","U",156,"H"," ","U",122,"H"," ","U",117,"H"," ","U",22,"H"," ","U",89,"H"," ","U",139,"H"," ","U",161,"H"," ","U",194,"H"," ","U",200,"H"," ","U",189,"H"," ","U",122,"H"," ","U",111,"H"," ","U",122,"H"," ","U",133,"H"," ","U",78,"H"," ","U",28,"H"," ","U",106,"H"," ","U",89,"H"," ","U",117,"H"," ","U",72,"H"," ","U",61,"H"," ","U",94,"H"," ","U",172,"H"," ","U",206,"H"," ","U",167,"H"," ","U"
"713","USR0000CPIE",2010,5,"TMIN",0,"H"," ","U",-11,"H"," ","U",22,"H"," ","U",6,"H"," ","U",-22,"H"," ","U",-28,"H"," ","U",11,"H"," ","U",17,"H"," ","U",0,"H"," ","U",-33,"H"," ","U",-28,"H"," ","U",6,"H"," ","U",33,"H"," ","U",28,"H"," ","U",56,"H"," ","U",78,"H"," ","U",28,"H"," ","U",17,"H"," ","U",28,"H"," ","U",11,"H"," ","U",-44,"H"," ","U",-50,"H"," ","U",-39,"H"," ","U",0,"H"," ","U",-6,"H"," ","U",0,"H"," ","U",-6,"H"," ","U",-6,"H"," ","U",0,"H"," ","U",39,"H"," ","U",83,"H"," ","U"
"714","USR0000CPIE",2010,5,"TAVG",69," "," ","U",74," "," ","U",105," "," ","U",87," "," ","U",51," "," ","U",28," "," ","U",83," "," ","U",72," "," ","U",51," "," ","U",-4," "," ","U",33," "," ","U",79," "," ","U",100," "," ","U",118," "," ","U",129," "," ","U",132," "," ","U",71," "," ","U",61," "," ","U",70," "," ","U",71," "," ","U",21," "," ","U",-14," "," ","U",36," "," ","U",41," "," ","U",44," "," ","U",32," "," ","U",19," "," ","U",39," "," ","U",94," "," ","U",127," "," ","U",121," "," ","U"
"715","USR0000CPIE",2010,6,"TMAX",178,"H"," ","U",189,"H"," ","U",150,"H"," ","U",144,"H"," ","U",194,"H"," ","U",211,"H"," ","U",233,"H"," ","U",217,"H"," ","U",161,"H"," ","U",117,"H"," ","U",150,"H"," ","U",206,"H"," ","U",244,"H"," ","U",244,"H"," ","U",211,"H"," ","U",167,"H"," ","U",194,"H"," ","U",189,"H"," ","U",178,"H"," ","U",183,"H"," ","U",211,"H"," ","U",250,"H"," ","U",244,"H"," ","U",228,"H"," ","U",228,"H"," ","U",283,"H"," ","U",306,"H"," ","U",300,"H"," ","U",261,"H"," ","U",233,"H"," ","U",NA," "," "," "
"716","USR0000CPIE",2010,6,"TMIN",78,"H"," ","U",83,"H"," ","U",89,"H"," ","U",83,"H"," ","U",94,"H"," ","U",106,"H"," ","U",106,"H"," ","U",89,"H"," ","U",56,"H"," ","U",33,"H"," ","U",28,"H"," ","U",61,"H"," ","U",83,"H"," ","U",89,"H"," ","U",61,"H"," ","U",22,"H"," ","U",33,"H"," ","U",44,"H"," ","U",50,"H"," ","U",28,"H"," ","U",56,"H"," ","U",78,"H"," ","U",94,"H"," ","U",111,"H"," ","U",122,"H"," ","U",94,"H"," ","U",133,"H"," ","U",139,"H"," ","U",122,"H"," ","U",111,"H"," ","U",NA," "," "," "
"717","USR0000CPIE",2010,6,"TAVG",121," "," ","U",120," "," ","U",109," "," ","U",106," "," ","U",151," "," ","U",158," "," ","U",166," "," ","U",154," "," ","U",111," "," ","U",73," "," ","U",87," "," ","U",136," "," ","U",173," "," ","U",173," "," ","U",149," "," ","U",94," "," ","U",120," "," ","U",124," "," ","U",116," "," ","U",113," "," ","U",137," "," ","U",170," "," ","U",174," "," ","U",174," "," ","U",160," "," ","U",201," "," ","U",226," "," ","U",229," "," ","U",198," "," ","U",173," "," ","U",NA," "," "," "
"718","USR0000CPIE",2010,7,"TMAX",222,"H"," ","U",233,"H"," ","U",228,"H"," ","U",256,"H"," ","U",278,"H"," ","U",272,"H"," ","U",289,"H"," ","U",289,"H"," ","U",300,"H"," ","U",283,"H"," ","U",289,"H"," ","U",278,"H"," ","U",267,"H"," ","U",289,"H"," ","U",311,"H"," ","U",311,"H"," ","U",311,"H"," ","U",289,"H"," ","U",306,"H"," ","U",300,"H"," ","U",272,"H"," ","U",306,"H"," ","U",328,"H"," ","U",328,"H"," ","U",317,"H"," ","U",300,"H"," ","U",283,"H"," ","U",272,"H"," ","U",272,"H"," ","U",272,"H"," ","U",256,"H"," ","U"
"719","USR0000CPIE",2010,7,"TMIN",67,"H"," ","U",83,"H"," ","U",39,"H"," ","U",117,"H"," ","U",106,"H"," ","U",111,"H"," ","U",139,"H"," ","U",133,"H"," ","U",144,"H"," ","U",122,"H"," ","U",117,"H"," ","U",128,"H"," ","U",156,"H"," ","U",111,"H"," ","U",139,"H"," ","U",156,"H"," ","U",167,"H"," ","U",150,"H"," ","U",128,"H"," ","U",128,"H"," ","U",122,"H"," ","U",117,"H"," ","U",128,"H"," ","U",156,"H"," ","U",156,"H"," ","U",150,"H"," ","U",133,"H"," ","U",144,"H"," ","U",111,"H"," ","U",83,"H"," ","U",106,"H"," ","U"
"720","USR0000CPIE",2010,7,"TAVG",153," "," ","U",156," "," ","U",146," "," ","U",180," "," ","U",200," "," ","U",199," "," ","U",204," "," ","U",212," "," ","U",199," "," ","U",210," "," ","U",213," "," ","U",214," "," ","U",204," "," ","U",207," "," ","U",239," "," ","U",244," "," ","U",241," "," ","U",224," "," ","U",223," "," ","U",221," "," ","U",204," "," ","U",222," "," ","U",238," "," ","U",246," "," ","U",237," "," ","U",218," "," ","U",208," "," ","U",200," "," ","U",199," "," ","U",188," "," ","U",182," "," ","U"
"721","USR0000CPIE",2010,8,"TMAX",272,"H"," ","U",261,"H"," ","U",283,"H"," ","U",278,"H"," ","U",289,"H"," ","U",278,"H"," ","U",283,"H"," ","U",272,"H"," ","U",256,"H"," ","U",228,"H"," ","U",211,"H"," ","U",250,"H"," ","U",289,"H"," ","U",294,"H"," ","U",283,"H"," ","U",306,"H"," ","U",278,"H"," ","U",261,"H"," ","U",283,"H"," ","U",261,"H"," ","U",239,"H"," ","U",222,"H"," ","U",244,"H"," ","U",317,"H"," ","U",322,"H"," ","U",306,"H"," ","U",256,"H"," ","U",133,"H"," ","U",139,"H"," ","U",144,"H"," ","U",217,"H"," ","U"
"722","USR0000CPIE",2010,8,"TMIN",83,"H"," ","U",100,"H"," ","U",94,"H"," ","U",117,"H"," ","U",111,"H"," ","U",106,"H"," ","U",117,"H"," ","U",122,"H"," ","U",94,"H"," ","U",94,"H"," ","U",111,"H"," ","U",78,"H"," ","U",106,"H"," ","U",117,"H"," ","U",128,"H"," ","U",128,"H"," ","U",139,"H"," ","U",128,"H"," ","U",83,"H"," ","U",89,"H"," ","U",106,"H"," ","U",83,"H"," ","U",117,"H"," ","U",128,"H"," ","U",144,"H"," ","U",167,"H"," ","U",100,"H"," ","U",50,"H"," ","U",39,"H"," ","U",50,"H"," ","U",33,"H"," ","U"
"723","USR0000CPIE",2010,8,"TAVG",189," "," ","U",186," "," ","U",197," "," ","U",202," "," ","U",197," "," ","U",198," "," ","U",203," "," ","U",192," "," ","U",178," "," ","U",163," "," ","U",161," "," ","U",173," "," ","U",203," "," ","U",207," "," ","U",203," "," ","U",224," "," ","U",207," "," ","U",193," "," ","U",189," "," ","U",186," "," ","U",169," "," ","U",154," "," ","U",184," "," ","U",231," "," ","U",245," "," ","U",230," "," ","U",179," "," ","U",89," "," ","U",86," "," ","U",96," "," ","U",132," "," ","U"
"724","USR0000CPIE",2010,9,"TMAX",272,"H"," ","U",306,"H"," ","U",294,"H"," ","U",267,"H"," ","U",250,"H"," ","U",256,"H"," ","U",222,"H"," ","U",150,"H"," ","U",161,"H"," ","U",228,"H"," ","U",244,"H"," ","U",256,"H"," ","U",233,"H"," ","U",233,"H"," ","U",228,"H"," ","U",250,"H"," ","U",228,"H"," ","U",233,"H"," ","U",144,"H"," ","U",206,"H"," ","U",178,"H"," ","U",194,"H"," ","U",233,"H"," ","U",272,"H"," ","U",283,"H"," ","U",289,"H"," ","U",311,"H"," ","U",306,"H"," ","U",317,"H"," ","U",311,"H"," ","U",NA," "," "," "
"725","USR0000CPIE",2010,9,"TMIN",83,"H"," ","U",139,"H"," ","U",128,"H"," ","U",128,"H"," ","U",111,"H"," ","U",72,"H"," ","U",100,"H"," ","U",50,"H"," ","U",39,"H"," ","U",28,"H"," ","U",72,"H"," ","U",78,"H"," ","U",100,"H"," ","U",89,"H"," ","U",72,"H"," ","U",78,"H"," ","U",100,"H"," ","U",89,"H"," ","U",72,"H"," ","U",39,"H"," ","U",39,"H"," ","U",33,"H"," ","U",28,"H"," ","U",61,"H"," ","U",122,"H"," ","U",106,"H"," ","U",133,"H"," ","U",128,"H"," ","U",133,"H"," ","U",133,"H"," ","U",NA," "," "," "
"726","USR0000CPIE",2010,9,"TAVG",182," "," ","U",218," "," ","U",217," "," ","U",199," "," ","U",173," "," ","U",159," "," ","U",159," "," ","U",96," "," ","U",84," "," ","U",132," "," ","U",162," "," ","U",172," "," ","U",162," "," ","U",156," "," ","U",156," "," ","U",169," "," ","U",155," "," ","U",154," "," ","U",103," "," ","U",121," "," ","U",111," "," ","U",116," "," ","U",132," "," ","U",172," "," ","U",203," "," ","U",201," "," ","U",219," "," ","U",219," "," ","U",224," "," ","U",227," "," ","U",NA," "," "," "
"727","USR0000CPIE",2010,10,"TMAX",317,"H"," ","U",256,"H"," ","U",144,"H"," ","U",122,"H"," ","U",89,"H"," ","U",133,"H"," ","U",72,"H"," ","U",161,"H"," ","U",228,"H"," ","U",244,"H"," ","U",183,"H"," ","U",200,"H"," ","U",233,"H"," ","U",228,"H"," ","U",206,"H"," ","U",189,"H"," ","U",122,"H"," ","U",167,"H"," ","U",178,"H"," ","U",211,"H"," ","U",150,"H"," ","U",117,"H"," ","U",67,"H"," ","U",83,"H"," ","U",61,"H"," ","U",61,"H"," ","U",117,"H"," ","U",133,"H"," ","U",128,"H"," ","U",61,"H"," ","U",94,"H"," ","U"
"728","USR0000CPIE",2010,10,"TMIN",139,"H"," ","U",122,"H"," ","U",89,"H"," ","U",50,"H"," ","U",39,"H"," ","U",50,"H"," ","U",33,"H"," ","U",17,"H"," ","U",44,"H"," ","U",94,"H"," ","U",89,"H"," ","U",50,"H"," ","U",56,"H"," ","U",78,"H"," ","U",89,"H"," ","U",106,"H"," ","U",50,"H"," ","U",78,"H"," ","U",89,"H"," ","U",61,"H"," ","U",44,"H"," ","U",39,"H"," ","U",0,"H"," ","U",0,"H"," ","U",-6,"H"," ","U",-17,"H"," ","U",-28,"H"," ","U",61,"H"," ","U",39,"H"," ","U",22,"H"," ","U",11,"H"," ","U"
"729","USR0000CPIE",2010,10,"TAVG",219," "," ","U",191," "," ","U",122," "," ","U",81," "," ","U",66," "," ","U",91," "," ","U",58," "," ","U",91," "," ","U",131," "," ","U",162," "," ","U",133," "," ","U",118," "," ","U",143," "," ","U",150," "," ","U",144," "," ","U",135," "," ","U",86," "," ","U",122," "," ","U",131," "," ","U",129," "," ","U",92," "," ","U",66," "," ","U",32," "," ","U",59," "," ","U",18," "," ","U",11," "," ","U",44," "," ","U",88," "," ","U",79," "," ","U",38," "," ","U",51," "," ","U"
"730","USR0000CPIE",2010,11,"TMAX",178,"H"," ","U",178,"H"," ","U",217,"H"," ","U",222,"H"," ","U",189,"H"," ","U",156,"H"," ","U",72,"H"," ","U",50,"H"," ","U",33,"H"," ","U",39,"H"," ","U",106,"H"," ","U",122,"H"," ","U",106,"H"," ","U",133,"H"," ","U",139,"H"," ","U",128,"H"," ","U",150,"H"," ","U",111,"H"," ","U",50,"H"," ","U",11,"H"," ","U",-17,"H"," ","U",6,"H"," ","U",0,"H"," ","U",6,"H"," ","U",61,"H"," ","U",83,"H"," ","U",6,"H"," ","U",0,"H"," ","U",44,"H"," ","U",56,"H"," ","U",NA," "," "," "
"731","USR0000CPIE",2010,11,"TMIN",28,"H"," ","U",56,"H"," ","U",56,"H"," ","U",72,"H"," ","U",111,"H"," ","U",72,"H"," ","U",-11,"H"," ","U",-50,"H"," ","U",-67,"H"," ","U",-28,"H"," ","U",-44,"H"," ","U",-17,"H"," ","U",-28,"H"," ","U",17,"H"," ","U",28,"H"," ","U",0,"H"," ","U",-6,"H"," ","U",22,"H"," ","U",-33,"H"," ","U",-50,"H"," ","U",-56,"H"," ","U",-39,"H"," ","U",-133,"H"," ","U",-172,"H"," ","U",-122,"H"," ","U",-89,"H"," ","U",-72,"H"," ","U",-94,"H"," ","U",-117,"H"," ","U",-50,"H"," ","U",NA," "," "," "
"732","USR0000CPIE",2010,11,"TAVG",97," "," ","U",117," "," ","U",137," "," ","U",135," "," ","U",141," "," ","U",113," "," ","U",28," "," ","U",-10," "," ","U",-17," "," ","U",5," "," ","U",16," "," ","U",36," "," ","U",33," "," ","U",78," "," ","U",76," "," ","U",52," "," ","U",66," "," ","U",57," "," ","U",15," "," ","U",-24," "," ","U",-39," "," ","U",-21," "," ","U",-50," "," ","U",-91," "," ","U",-56," "," ","U",-10," "," ","U",-27," "," ","U",-58," "," ","U",-43," "," ","U",1," "," ","U",NA," "," "," "
"733","USR0000CPIE",2010,12,"TMAX",100,"H"," ","U",94,"H"," ","U",83,"H"," ","U",72,"H"," ","U",94,"H"," ","U",44,"H"," ","U",133,"H"," ","U",56,"H"," ","U",61,"H"," ","U",56,"H"," ","U",72,"H"," ","U",133,"H"," ","U",111,"H"," ","U",44,"H"," ","U",56,"H"," ","U",33,"H"," ","U",6,"H"," ","U",28,"H"," ","U",11,"H"," ","U",6,"H"," ","U",39,"H"," ","U",50,"H"," ","U",78,"H"," ","U",89,"H"," ","U",89,"H"," ","U",11,"H"," ","U",83,"H"," ","U",17,"H"," ","U",0,"H"," ","U",-17,"H"," ","U",0,"H"," ","U"
"734","USR0000CPIE",2010,12,"TMIN",0,"H"," ","U",0,"H"," ","U",0,"H"," ","U",11,"H"," ","U",6,"H"," ","U",0,"H"," ","U",-11,"H"," ","U",6,"H"," ","U",28,"H"," ","U",28,"H"," ","U",11,"H"," ","U",0,"H"," ","U",33,"H"," ","U",-44,"H"," ","U",-83,"H"," ","U",-94,"H"," ","U",-78,"H"," ","U",0,"H"," ","U",-33,"H"," ","U",-39,"H"," ","U",-33,"H"," ","U",-17,"H"," ","U",-17,"H"," ","U",-6,"H"," ","U",-17,"H"," ","U",-28,"H"," ","U",-28,"H"," ","U",-11,"H"," ","U",-100,"H"," ","U",-122,"H"," ","U",-150,"H"," ","U"
"735","USR0000CPIE",2010,12,"TAVG",42," "," ","U",32," "," ","U",36," "," ","U",37," "," ","U",37," "," ","U",15," "," ","U",48," "," ","U",32," "," ","U",38," "," ","U",41," "," ","U",44," "," ","U",71," "," ","U",69," "," ","U",12," "," ","U",-32," "," ","U",-49," "," ","U",-26," "," ","U",9," "," ","U",-8," "," ","U",-24," "," ","U",-7," "," ","U",7," "," ","U",11," "," ","U",33," "," ","U",30," "," ","U",-10," "," ","U",3," "," ","U",1," "," ","U",-43," "," ","U",-77," "," ","U",-83," "," ","U"
"736","USR0000CPIE",2011,1,"TMAX",39,"H"," ","U",6,"H"," ","U",33,"H"," ","U",83,"H"," ","U",117,"H"," ","U",150,"H"," ","U",139,"H"," ","U",83,"H"," ","U",-6,"H"," ","U",28,"H"," ","U",11,"H"," ","U",67,"H"," ","U",44,"H"," ","U",156,"H"," ","U",150,"H"," ","U",106,"H"," ","U",150,"H"," ","U",139,"H"," ","U",56,"H"," ","U",133,"H"," ","U",183,"H"," ","U",100,"H"," ","U",128,"H"," ","U",150,"H"," ","U",122,"H"," ","U",94,"H"," ","U",161,"H"," ","U",122,"H"," ","U",100,"H"," ","U",50,"H"," ","U",78,"H"," ","U"
"737","USR0000CPIE",2011,1,"TMIN",-83,"H"," ","U",-89,"H"," ","U",-83,"H"," ","U",-122,"H"," ","U",-83,"H"," ","U",-61,"H"," ","U",-44,"H"," ","U",-56,"H"," ","U",-111,"H"," ","U",-133,"H"," ","U",-61,"H"," ","U",-6,"H"," ","U",28,"H"," ","U",-11,"H"," ","U",11,"H"," ","U",61,"H"," ","U",11,"H"," ","U",-11,"H"," ","U",-6,"H"," ","U",-39,"H"," ","U",0,"H"," ","U",0,"H"," ","U",-17,"H"," ","U",0,"H"," ","U",-11,"H"," ","U",0,"H"," ","U",-22,"H"," ","U",0,"H"," ","U",-6,"H"," ","U",-28,"H"," ","U",-44,"H"," ","U"
"738","USR0000CPIE",2011,1,"TAVG",-42," "," ","U",-53," "," ","U",-39," "," ","U",-37," "," ","U",-3," "," ","U",12," "," ","U",28," "," ","U",1," "," ","U",-62," "," ","U",-63," "," ","U",-22," "," ","U",28," "," ","U",34," "," ","U",50," "," ","U",71," "," ","U",78," "," ","U",73," "," ","U",56," "," ","U",24," "," ","U",29," "," ","U",72," "," ","U",44," "," ","U",41," "," ","U",56," "," ","U",48," "," ","U",33," "," ","U",54," "," ","U",57," "," ","U",39," "," ","U",4," "," ","U",13," "," ","U"
"739","USR0000CPIE",2011,2,"TMAX",11,"H"," ","U",61,"H"," ","U",94,"H"," ","U",144,"H"," ","U",89,"H"," ","U",144,"H"," ","U",122,"H"," ","U",-6,"H"," ","U",28,"H"," ","U",100,"H"," ","U",144,"H"," ","U",117,"H"," ","U",133,"H"," ","U",50,"H"," ","U",44,"H"," ","U",6,"H"," ","U",-22,"H"," ","U",28,"H"," ","U",6,"H"," ","U",17,"H"," ","U",11,"H"," ","U",33,"H"," ","U",44,"H"," ","U",-17,"H"," ","U",-11,"H"," ","U",-22,"H"," ","U",50,"H"," ","U",28,"H"," ","U",NA," "," "," ",NA," "," "," ",NA," "," "," "
"740","USR0000CPIE",2011,2,"TMIN",-67,"H"," ","U",-89,"H"," ","U",-39,"H"," ","U",11,"H"," ","U",11,"H"," ","U",11,"H"," ","U",-44,"H"," ","U",-56,"H"," ","U",-61,"H"," ","U",-56,"H"," ","U",-11,"H"," ","U",0,"H"," ","U",6,"H"," ","U",-11,"H"," ","U",-6,"H"," ","U",-61,"H"," ","U",-67,"H"," ","U",-67,"H"," ","U",-78,"H"," ","U",-150,"H"," ","U",-83,"H"," ","U",-117,"H"," ","U",-67,"H"," ","U",-44,"H"," ","U",-100,"H"," ","U",-139,"H"," ","U",-133,"H"," ","U",-56,"H"," ","U",NA," "," "," ",NA," "," "," ",NA," "," "," "
"741","USR0000CPIE",2011,2,"TAVG",-19," "," ","U",-16," "," ","U",29," "," ","U",71," "," ","U",53," "," ","U",68," "," ","U",34," "," ","U",-32," "," ","U",-19," "," ","U",14," "," ","U",52," "," ","U",57," "," ","U",66," "," ","U",27," "," ","U",13," "," ","U",-36," "," ","U",-43," "," ","U",-31," "," ","U",-33," "," ","U",-59," "," ","U",-40," "," ","U",-36," "," ","U",-21," "," ","U",-34," "," ","U",-51," "," ","U",-80," "," ","U",-39," "," ","U",-19," "," ","U",NA," "," "," ",NA," "," "," ",NA," "," "," "
"742","USR0000CPIE",2011,3,"TMAX",100,"H"," ","U",44,"H"," ","U",50,"H"," ","U",111,"H"," ","U",106,"H"," ","U",33,"H"," ","U",33,"H"," ","U",61,"H"," ","U",128,"H"," ","U",61,"H"," ","U",94,"H"," ","U",72,"H"," ","U",61,"H"," ","U",89,"H"," ","U",72,"H"," ","U",28,"H"," ","U",56,"H"," ","U",11,"H"," ","U",6,"H"," ","U",28,"H"," ","U",33,"H"," ","U",61,"H"," ","U",11,"H"," ","U",-11,"H"," ","U",22,"H"," ","U",17,"H"," ","U",50,"H"," ","U",111,"H"," ","U",117,"H"," ","U",161,"H"," ","U",278,"H"," ","U"
"743","USR0000CPIE",2011,3,"TMIN",-50,"H"," ","U",-6,"H"," ","U",-28,"H"," ","U",-56,"H"," ","U",0,"H"," ","U",0,"H"," ","U",-22,"H"," ","U",-22,"H"," ","U",6,"H"," ","U",6,"H"," ","U",-17,"H"," ","U",-6,"H"," ","U",-6,"H"," ","U",-6,"H"," ","U",6,"H"," ","U",-33,"H"," ","U",-67,"H"," ","U",-50,"H"," ","U",-56,"H"," ","U",-33,"H"," ","U",-39,"H"," ","U",-50,"H"," ","U",-28,"H"," ","U",-44,"H"," ","U",-44,"H"," ","U",-22,"H"," ","U",-28,"H"," ","U",-11,"H"," ","U",-17,"H"," ","U",11,"H"," ","U",28,"H"," ","U"
"744","USR0000CPIE",2011,3,"TAVG",19," "," ","U",14," "," ","U",9," "," ","U",19," "," ","U",33," "," ","U",13," "," ","U",1," "," ","U",19," "," ","U",62," "," ","U",32," "," ","U",30," "," ","U",23," "," ","U",20," "," ","U",26," "," ","U",31," "," ","U",-7," "," ","U",-6," "," ","U",-23," "," ","U",-24," "," ","U",-8," "," ","U",-17," "," ","U",-10," "," ","U",-11," "," ","U",-26," "," ","U",-11," "," ","U",-8," "," ","U",3," "," ","U",37," "," ","U",47," "," ","U",82," "," ","U",133," "," ","U"
"745","USR0000CPIE",2011,4,"TMAX",222,"H"," ","U",139,"H"," ","U",67,"H"," ","U",189,"H"," ","U",122,"H"," ","U",106,"H"," ","U",11,"H"," ","U",28,"H"," ","U",78,"H"," ","U",117,"H"," ","U",100,"H"," ","U",111,"H"," ","U",22,"H"," ","U",78,"H"," ","U",89,"H"," ","U",167,"H"," ","U",128,"H"," ","U",61,"H"," ","U",117,"H"," ","U",83,"H"," ","U",72,"H"," ","U",100,"H"," ","U",39,"H"," ","U",56,"H"," ","U",61,"H"," ","U",89,"H"," ","U",133,"H"," ","U",94,"H"," ","U",56,"H"," ","U",89,"H"," ","U",NA," "," "," "
"746","USR0000CPIE",2011,4,"TMIN",50,"H"," ","U",-28,"H"," ","U",-50,"H"," ","U",-6,"H"," ","U",0,"H"," ","U",-33,"H"," ","U",-83,"H"," ","U",-72,"H"," ","U",-67,"H"," ","U",-17,"H"," ","U",0,"H"," ","U",-22,"H"," ","U",-28,"H"," ","U",-33,"H"," ","U",6,"H"," ","U",28,"H"," ","U",39,"H"," ","U",17,"H"," ","U",17,"H"," ","U",11,"H"," ","U",-11,"H"," ","U",-17,"H"," ","U",0,"H"," ","U",0,"H"," ","U",-22,"H"," ","U",-39,"H"," ","U",0,"H"," ","U",-33,"H"," ","U",-61,"H"," ","U",-28,"H"," ","U",NA," "," "," "
"747","USR0000CPIE",2011,4,"TAVG",129," "," ","U",62," "," ","U",8," "," ","U",87," "," ","U",58," "," ","U",28," "," ","U",-43," "," ","U",-32," "," ","U",10," "," ","U",47," "," ","U",38," "," ","U",38," "," ","U",-3," "," ","U",26," "," ","U",49," "," ","U",94," "," ","U",79," "," ","U",35," "," ","U",58," "," ","U",40," "," ","U",27," "," ","U",31," "," ","U",18," "," ","U",30," "," ","U",17," "," ","U",32," "," ","U",67," "," ","U",33," "," ","U",-5," "," ","U",30," "," ","U",NA," "," "," "
"748","USR0000CPIE",2011,5,"TMAX",133,"H"," ","U",161,"H"," ","U",172,"H"," ","U",183,"H"," ","U",211,"H"," ","U",211,"H"," ","U",156,"H"," ","U",72,"H"," ","U",78,"H"," ","U",161,"H"," ","U",172,"H"," ","U",161,"H"," ","U",206,"H"," ","U",111,"H"," ","U",6,"H"," ","U",61,"H"," ","U",28,"H"," ","U",100,"H"," ","U",156,"H"," ","U",183,"H"," ","U",167,"H"," ","U",161,"H"," ","U",100,"H"," ","U",150,"H"," ","U",67,"H"," ","U",78,"H"," ","U",61,"H"," ","U",56,"H"," ","U",83,"H"," ","U",100,"H"," ","U",106,"H"," ","U"
"749","USR0000CPIE",2011,5,"TMIN",6,"H"," ","U",33,"H"," ","U",28,"H"," ","U",11,"H"," ","U",50,"H"," ","U",94,"H"," ","U",22,"H"," ","U",0,"H"," ","U",-11,"H"," ","U",6,"H"," ","U",22,"H"," ","U",44,"H"," ","U",61,"H"," ","U",11,"H"," ","U",-22,"H"," ","U",-22,"H"," ","U",0,"H"," ","U",-11,"H"," ","U",6,"H"," ","U",28,"H"," ","U",61,"H"," ","U",33,"H"," ","U",6,"H"," ","U",0,"H"," ","U",-17,"H"," ","U",-17,"H"," ","U",11,"H"," ","U",-17,"H"," ","U",-11,"H"," ","U",0,"H"," ","U",11,"H"," ","U"
"750","USR0000CPIE",2011,5,"TAVG",73," "," ","U",98," "," ","U",101," "," ","U",102," "," ","U",137," "," ","U",143," "," ","U",90," "," ","U",31," "," ","U",29," "," ","U",89," "," ","U",101," "," ","U",106," "," ","U",129," "," ","U",66," "," ","U",-6," "," ","U",11," "," ","U",7," "," ","U",40," "," ","U",77," "," ","U",111," "," ","U",108," "," ","U",92," "," ","U",54," "," ","U",73," "," ","U",20," "," ","U",33," "," ","U",39," "," ","U",17," "," ","U",29," "," ","U",52," "," ","U",54," "," ","U"
"751","USR0000CPIE",2011,6,"TMAX",61,"H"," ","U",567,"H","G","U",111,"H"," ","U",117,"H"," ","U",139,"H"," ","U",56,"H"," ","U",183,"H"," ","U",189,"H"," ","U",217,"H"," ","U",200,"H"," ","U",172,"H"," ","U",217,"H"," ","U",217,"H"," ","U",256,"H"," ","U",256,"H"," ","U",172,"H"," ","U",233,"H"," ","U",222,"H"," ","U",200,"H"," ","U",278,"H"," ","U",294,"H"," ","U",272,"H"," ","U",239,"H"," ","U",233,"H"," ","U",233,"H"," ","U",250,"H"," ","U",239,"H"," ","U",150,"H"," ","U",183,"H"," ","U",217,"H"," ","U",NA," "," "," "
"752","USR0000CPIE",2011,6,"TMIN",-6,"H"," ","U",-11,"H"," ","U",39,"H"," ","U",39,"H"," ","U",28,"H"," ","U",39,"H"," ","U",22,"H"," ","U",56,"H"," ","U",44,"H"," ","U",72,"H"," ","U",67,"H"," ","U",56,"H"," ","U",106,"H"," ","U",89,"H"," ","U",94,"H"," ","U",83,"H"," ","U",50,"H"," ","U",83,"H"," ","U",50,"H"," ","U",89,"H"," ","U",128,"H"," ","U",117,"H"," ","U",122,"H"," ","U",83,"H"," ","U",67,"H"," ","U",83,"H"," ","U",100,"H"," ","U",78,"H"," ","U",56,"H"," ","U",50,"H"," ","U",NA," "," "," "
"753","USR0000CPIE",2011,6,"TAVG",20," "," ","U",100," "," ","U",75," "," ","U",75," "," ","U",72," "," ","U",47," "," ","U",109," "," ","U",128," "," ","U",139," "," ","U",139," "," ","U",121," "," ","U",144," "," ","U",159," "," ","U",181," "," ","U",173," "," ","U",130," "," ","U",157," "," ","U",158," "," ","U",132," "," ","U",190," "," ","U",214," "," ","U",207," "," ","U",184," "," ","U",162," "," ","U",160," "," ","U",176," "," ","U",173," "," ","U",111," "," ","U",112," "," ","U",143," "," ","U",NA," "," "," "
"754","USR0000CPIE",2011,7,"TMAX",272,"H"," ","U",278,"H"," ","U",283,"H"," ","U",283,"H"," ","U",306,"H"," ","U",300,"H"," ","U",272,"H"," ","U",261,"H"," ","U",256,"H"," ","U",250,"H"," ","U",233,"H"," ","U",228,"H"," ","U",206,"H"," ","U",211,"H"," ","U",228,"H"," ","U",206,"H"," ","U",211,"H"," ","U",222,"H"," ","U",228,"H"," ","U",250,"H"," ","U",256,"H"," ","U",272,"H"," ","U",278,"H"," ","U",278,"H"," ","U",250,"H"," ","U",256,"H"," ","U",278,"H"," ","U",306,"H"," ","U",311,"H"," ","U",294,"H"," ","U",278,"H"," ","U"
"755","USR0000CPIE",2011,7,"TMIN",89,"H"," ","U",128,"H"," ","U",122,"H"," ","U",100,"H"," ","U",128,"H"," ","U",144,"H"," ","U",144,"H"," ","U",106,"H"," ","U",106,"H"," ","U",100,"H"," ","U",89,"H"," ","U",89,"H"," ","U",67,"H"," ","U",56,"H"," ","U",56,"H"," ","U",56,"H"," ","U",83,"H"," ","U",100,"H"," ","U",89,"H"," ","U",89,"H"," ","U",94,"H"," ","U",106,"H"," ","U",106,"H"," ","U",139,"H"," ","U",128,"H"," ","U",78,"H"," ","U",100,"H"," ","U",128,"H"," ","U",144,"H"," ","U",150,"H"," ","U",144,"H"," ","U"
"756","USR0000CPIE",2011,7,"TAVG",187," "," ","U",214," "," ","U",209," "," ","U",210," "," ","U",230," "," ","U",228," "," ","U",209," "," ","U",198," "," ","U",187," "," ","U",178," "," ","U",171," "," ","U",159," "," ","U",140," "," ","U",138," "," ","U",146," "," ","U",138," "," ","U",150," "," ","U",159," "," ","U",162," "," ","U",175," "," ","U",184," "," ","U",192," "," ","U",204," "," ","U",205," "," ","U",189," "," ","U",177," "," ","U",200," "," ","U",223," "," ","U",239," "," ","U",228," "," ","U",215," "," ","U"
"757","USR0000CPIE",2011,8,"TMAX",278,"H"," ","U",267,"H"," ","U",278,"H"," ","U",244,"H"," ","U",272,"H"," ","U",256,"H"," ","U",256,"H"," ","U",261,"H"," ","U",272,"H"," ","U",261,"H"," ","U",278,"H"," ","U",272,"H"," ","U",272,"H"," ","U",250,"H"," ","U",250,"H"," ","U",272,"H"," ","U",272,"H"," ","U",283,"H"," ","U",278,"H"," ","U",272,"H"," ","U",272,"H"," ","U",267,"H"," ","U",306,"H"," ","U",306,"H"," ","U",278,"H"," ","U",300,"H"," ","U",300,"H"," ","U",300,"H"," ","U",289,"H"," ","U",278,"H"," ","U",250,"H"," ","U"
"758","USR0000CPIE",2011,8,"TMIN",144,"H"," ","U",128,"H"," ","U",106,"H"," ","U",139,"H"," ","U",89,"H"," ","U",106,"H"," ","U",89,"H"," ","U",83,"H"," ","U",94,"H"," ","U",111,"H"," ","U",139,"H"," ","U",106,"H"," ","U",111,"H"," ","U",128,"H"," ","U",72,"H"," ","U",89,"H"," ","U",94,"H"," ","U",100,"H"," ","U",100,"H"," ","U",117,"H"," ","U",139,"H"," ","U",94,"H"," ","U",89,"H"," ","U",156,"H"," ","U",117,"H"," ","U",128,"H"," ","U",178,"H"," ","U",150,"H"," ","U",106,"H"," ","U",106,"H"," ","U",106,"H"," ","U"
"759","USR0000CPIE",2011,8,"TAVG",204," "," ","U",203," "," ","U",200," "," ","U",189," "," ","U",189," "," ","U",188," "," ","U",179," "," ","U",183," "," ","U",190," "," ","U",181," "," ","U",223," "," ","U",193," "," ","U",198," "," ","U",183," "," ","U",174," "," ","U",183," "," ","U",189," "," ","U",200," "," ","U",197," "," ","U",194," "," ","U",196," "," ","U",191," "," ","U",212," "," ","U",217," "," ","U",208," "," ","U",223," "," ","U",232," "," ","U",218," "," ","U",202," "," ","U",191," "," ","U",183," "," ","U"
"760","USR0000CPIE",2011,9,"TMAX",228,"H"," ","U",267,"H"," ","U",294,"H"," ","U",283,"H"," ","U",272,"H"," ","U",300,"H"," ","U",311,"H"," ","U",294,"H"," ","U",289,"H"," ","U",283,"H"," ","U",256,"H"," ","U",239,"H"," ","U",261,"H"," ","U",261,"H"," ","U",233,"H"," ","U",211,"H"," ","U",228,"H"," ","U",272,"H"," ","U",278,"H"," ","U",283,"H"," ","U",300,"H"," ","U",300,"H"," ","U",306,"H"," ","U",261,"H"," ","U",178,"H"," ","U",250,"H"," ","U",261,"H"," ","U",283,"H"," ","U",278,"H"," ","U",267,"H"," ","U",NA," "," "," "
"761","USR0000CPIE",2011,9,"TMIN",78,"H"," ","U",100,"H"," ","U",122,"H"," ","U",117,"H"," ","U",122,"H"," ","U",106,"H"," ","U",133,"H"," ","U",161,"H"," ","U",178,"H"," ","U",167,"H"," ","U",122,"H"," ","U",100,"H"," ","U",89,"H"," ","U",106,"H"," ","U",94,"H"," ","U",78,"H"," ","U",56,"H"," ","U",67,"H"," ","U",106,"H"," ","U",100,"H"," ","U",117,"H"," ","U",111,"H"," ","U",139,"H"," ","U",122,"H"," ","U",72,"H"," ","U",50,"H"," ","U",100,"H"," ","U",106,"H"," ","U",117,"H"," ","U",133,"H"," ","U",NA," "," "," "
"762","USR0000CPIE",2011,9,"TAVG",169," "," ","U",190," "," ","U",207," "," ","U",202," "," ","U",199," "," ","U",207," "," ","U",214," "," ","U",224," "," ","U",223," "," ","U",212," "," ","U",170," "," ","U",163," "," ","U",177," "," ","U",174," "," ","U",167," "," ","U",139," "," ","U",144," "," ","U",179," "," ","U",191," "," ","U",194," "," ","U",206," "," ","U",212," "," ","U",217," "," ","U",187," "," ","U",117," "," ","U",148," "," ","U",181," "," ","U",194," "," ","U",197," "," ","U",190," "," ","U",NA," "," "," "
"763","USR0000CPIE",2011,10,"TMAX",200,"H"," ","U",189,"H"," ","U",156,"H"," ","U",94,"H"," ","U",72,"H"," ","U",61,"H"," ","U",156,"H"," ","U",156,"H"," ","U",172,"H"," ","U",100,"H"," ","U",161,"H"," ","U",228,"H"," ","U",222,"H"," ","U",233,"H"," ","U",200,"H"," ","U",189,"H"," ","U",183,"H"," ","U",239,"H"," ","U",200,"H"," ","U",194,"H"," ","U",200,"H"," ","U",217,"H"," ","U",222,"H"," ","U",161,"H"," ","U",106,"H"," ","U",78,"H"," ","U",139,"H"," ","U",172,"H"," ","U",172,"H"," ","U",211,"H"," ","U",189,"H"," ","U"
"764","USR0000CPIE",2011,10,"TMIN",89,"H"," ","U",61,"H"," ","U",50,"H"," ","U",22,"H"," ","U",-11,"H"," ","U",-17,"H"," ","U",-17,"H"," ","U",17,"H"," ","U",22,"H"," ","U",61,"H"," ","U",56,"H"," ","U",22,"H"," ","U",83,"H"," ","U",83,"H"," ","U",111,"H"," ","U",78,"H"," ","U",50,"H"," ","U",61,"H"," ","U",67,"H"," ","U",50,"H"," ","U",33,"H"," ","U",50,"H"," ","U",61,"H"," ","U",50,"H"," ","U",6,"H"," ","U",-28,"H"," ","U",-6,"H"," ","U",6,"H"," ","U",28,"H"," ","U",56,"H"," ","U",33,"H"," ","U"
"765","USR0000CPIE",2011,10,"TAVG",141," "," ","U",121," "," ","U",96," "," ","U",57," "," ","U",14," "," ","U",22," "," ","U",67," "," ","U",86," "," ","U",99," "," ","U",84," "," ","U",106," "," ","U",127," "," ","U",147," "," ","U",157," "," ","U",151," "," ","U",138," "," ","U",114," "," ","U",138," "," ","U",127," "," ","U",118," "," ","U",118," "," ","U",132," "," ","U",134," "," ","U",114," "," ","U",51," "," ","U",25," "," ","U",54," "," ","U",84," "," ","U",101," "," ","U",123," "," ","U",103," "," ","U"
"766","USR0000CPIE",2011,11,"TMAX",61,"H"," ","U",144,"H"," ","U",78,"H"," ","U",11,"H"," ","U",-11,"H"," ","U",11,"H"," ","U",78,"H"," ","U",83,"H"," ","U",94,"H"," ","U",133,"H"," ","U",111,"H"," ","U",78,"H"," ","U",94,"H"," ","U",117,"H"," ","U",111,"H"," ","U",117,"H"," ","U",56,"H"," ","U",22,"H"," ","U",22,"H"," ","U",28,"H"," ","U",22,"H"," ","U",50,"H"," ","U",83,"H"," ","U",28,"H"," ","U",89,"H"," ","U",156,"H"," ","U",156,"H"," ","U",139,"H"," ","U",167,"H"," ","U",39,"H"," ","U",NA," "," "," "
"767","USR0000CPIE",2011,11,"TMIN",-22,"H"," ","U",-11,"H"," ","U",-28,"H"," ","U",-67,"H"," ","U",-89,"H"," ","U",-22,"H"," ","U",-39,"H"," ","U",-61,"H"," ","U",-33,"H"," ","U",0,"H"," ","U",11,"H"," ","U",6,"H"," ","U",0,"H"," ","U",0,"H"," ","U",0,"H"," ","U",0,"H"," ","U",22,"H"," ","U",-50,"H"," ","U",-61,"H"," ","U",-39,"H"," ","U",-33,"H"," ","U",0,"H"," ","U",0,"H"," ","U",0,"H"," ","U",0,"H"," ","U",-6,"H"," ","U",22,"H"," ","U",22,"H"," ","U",0,"H"," ","U",-22,"H"," ","U",NA," "," "," "
"768","USR0000CPIE",2011,11,"TAVG",21," "," ","U",58," "," ","U",29," "," ","U",-26," "," ","U",-39," "," ","U",-12," "," ","U",2," "," ","U",6," "," ","U",21," "," ","U",52," "," ","U",47," "," ","U",28," "," ","U",48," "," ","U",52," "," ","U",44," "," ","U",50," "," ","U",41," "," ","U",-12," "," ","U",-21," "," ","U",-11," "," ","U",-3," "," ","U",17," "," ","U",33," "," ","U",13," "," ","U",33," "," ","U",54," "," ","U",79," "," ","U",75," "," ","U",68," "," ","U",9," "," ","U",NA," "," "," "
"769","USR0000CPIE",2011,12,"TMAX",39,"H"," ","U",94,"H"," ","U",11,"H"," ","U",89,"H"," ","U",22,"H"," ","U",106,"H"," ","U",139,"H"," ","U",83,"H"," ","U",100,"H"," ","U",117,"H"," ","U",72,"H"," ","U",22,"H"," ","U",56,"H"," ","U",61,"H"," ","U",33,"H"," ","U",33,"H"," ","U",94,"H"," ","U",122,"H"," ","U",33,"H"," ","U",83,"H"," ","U",50,"H"," ","U",28,"H"," ","U",106,"H"," ","U",111,"H"," ","U",122,"H"," ","U",111,"H"," ","U",117,"H"," ","U",100,"H"," ","U",89,"H"," ","U",67,"H"," ","U",89,"H"," ","U"
"770","USR0000CPIE",2011,12,"TMIN",-33,"H"," ","U",-39,"H"," ","U",-56,"H"," ","U",-61,"H"," ","U",-61,"H"," ","U",-67,"H"," ","U",-22,"H"," ","U",-11,"H"," ","U",-33,"H"," ","U",-39,"H"," ","U",-11,"H"," ","U",-39,"H"," ","U",-67,"H"," ","U",-67,"H"," ","U",-22,"H"," ","U",-28,"H"," ","U",-22,"H"," ","U",-39,"H"," ","U",-17,"H"," ","U",-39,"H"," ","U",-56,"H"," ","U",-89,"H"," ","U",-61,"H"," ","U",-39,"H"," ","U",-44,"H"," ","U",-6,"H"," ","U",-11,"H"," ","U",39,"H"," ","U",44,"H"," ","U",11,"H"," ","U",-33,"H"," ","U"
"771","USR0000CPIE",2011,12,"TAVG",1," "," ","U",24," "," ","U",-33," "," ","U",1," "," ","U",-32," "," ","U",6," "," ","U",39," "," ","U",34," "," ","U",17," "," ","U",23," "," ","U",17," "," ","U",-7," "," ","U",-14," "," ","U",-7," "," ","U",-2," "," ","U",6," "," ","U",24," "," ","U",29," "," ","U",4," "," ","U",19," "," ","U",-1," "," ","U",-39," "," ","U",6," "," ","U",18," "," ","U",35," "," ","U",46," "," ","U",42," "," ","U",68," "," ","U",65," "," ","U",42," "," ","U",17," "," ","U"
"772","USR0000CPIE",2012,1,"TMAX",150,"H"," ","U",144,"H"," ","U",150,"H"," ","U",161,"H"," ","U",139,"H"," ","U",100,"H"," ","U",44,"H"," ","U",117,"H"," ","U",133,"H"," ","U",122,"H"," ","U",83,"H"," ","U",83,"H"," ","U",139,"H"," ","U",111,"H"," ","U",72,"H"," ","U",-6,"H"," ","U",11,"H"," ","U",17,"H"," ","U",11,"H"," ","U",56,"H"," ","U",17,"H"," ","U",6,"H"," ","U",100,"H"," ","U",72,"H"," ","U",122,"H"," ","U",83,"H"," ","U",33,"H"," ","U",89,"H"," ","U",133,"H"," ","U",122,"H"," ","U",117,"H"," ","U"
"773","USR0000CPIE",2012,1,"TMIN",-22,"H"," ","U",33,"H"," ","U",39,"H"," ","U",39,"H"," ","U",11,"H"," ","U",0,"H"," ","U",-33,"H"," ","U",-33,"H"," ","U",-28,"H"," ","U",0,"H"," ","U",-33,"H"," ","U",-50,"H"," ","U",-44,"H"," ","U",11,"H"," ","U",-78,"H"," ","U",-117,"H"," ","U",-94,"H"," ","U",-22,"H"," ","U",-11,"H"," ","U",6,"H"," ","U",-28,"H"," ","U",-39,"H"," ","U",-22,"H"," ","U",-39,"H"," ","U",22,"H"," ","U",-11,"H"," ","U",-39,"H"," ","U",-56,"H"," ","U",-22,"H"," ","U",0,"H"," ","U",-17,"H"," ","U"
"774","USR0000CPIE",2012,1,"TAVG",35," "," ","U",82," "," ","U",82," "," ","U",89," "," ","U",82," "," ","U",34," "," ","U",-3," "," ","U",18," "," ","U",37," "," ","U",51," "," ","U",12," "," ","U",2," "," ","U",34," "," ","U",56," "," ","U",8," "," ","U",-66," "," ","U",-42," "," ","U",-3," "," ","U",1," "," ","U",32," "," ","U",-7," "," ","U",-15," "," ","U",10," "," ","U",18," "," ","U",58," "," ","U",41," "," ","U",-8," "," ","U",3," "," ","U",44," "," ","U",52," "," ","U",36," "," ","U"
"775","USR0000CPIE",2012,2,"TMAX",67,"H"," ","U",44,"H"," ","U",39,"H"," ","U",39,"H"," ","U",72,"H"," ","U",94,"H"," ","U",17,"H"," ","U",128,"H"," ","U",144,"H"," ","U",89,"H"," ","U",83,"H"," ","U",72,"H"," ","U",44,"H"," ","U",61,"H"," ","U",6,"H"," ","U",83,"H"," ","U",128,"H"," ","U",61,"H"," ","U",56,"H"," ","U",67,"H"," ","U",106,"H"," ","U",144,"H"," ","U",78,"H"," ","U",156,"H"," ","U",61,"H"," ","U",39,"H"," ","U",-17,"H"," ","U",0,"H"," ","U",6,"H"," ","U",NA," "," "," ",NA," "," "," "
"776","USR0000CPIE",2012,2,"TMIN",-17,"H"," ","U",-39,"H"," ","U",-50,"H"," ","U",-44,"H"," ","U",-28,"H"," ","U",-33,"H"," ","U",-11,"H"," ","U",-6,"H"," ","U",6,"H"," ","U",17,"H"," ","U",-17,"H"," ","U",-39,"H"," ","U",-28,"H"," ","U",-50,"H"," ","U",-72,"H"," ","U",-78,"H"," ","U",-33,"H"," ","U",-50,"H"," ","U",-78,"H"," ","U",-33,"H"," ","U",-11,"H"," ","U",17,"H"," ","U",-11,"H"," ","U",-11,"H"," ","U",-83,"H"," ","U",-94,"H"," ","U",-61,"H"," ","U",-78,"H"," ","U",-44,"H"," ","U",NA," "," "," ",NA," "," "," "
"777","USR0000CPIE",2012,2,"TAVG",11," "," ","U",-7," "," ","U",-9," "," ","U",4," "," ","U",18," "," ","U",21," "," ","U",7," "," ","U",48," "," ","U",68," "," ","U",46," "," ","U",22," "," ","U",11," "," ","U",-6," "," ","U",1," "," ","U",-32," "," ","U",1," "," ","U",40," "," ","U",6," "," ","U",-10," "," ","U",3," "," ","U",52," "," ","U",68," "," ","U",29," "," ","U",69," "," ","U",-6," "," ","U",-27," "," ","U",-41," "," ","U",-34," "," ","U",-27," "," ","U",NA," "," "," ",NA," "," "," "
"778","USR0000CPIE",2012,3,"TMAX",6,"H"," ","U",83,"H"," ","U",183,"H"," ","U",189,"H"," ","U",139,"H"," ","U",28,"H","I","U",22,"H"," ","U",150,"H"," ","U",161,"H"," ","U",117,"H"," ","U",39,"H"," ","U",50,"H"," ","U",50,"H"," ","U",50,"H"," ","U",56,"H"," ","U",33,"H"," ","U",61,"H"," ","U",17,"H"," ","U",44,"H"," ","U",56,"H"," ","U",106,"H"," ","U",106,"H"," ","U",83,"H"," ","U",89,"H"," ","U",61,"H"," ","U",28,"H"," ","U",39,"H"," ","U",61,"H"," ","U",56,"H"," ","U",117,"H"," ","U",56,"H"," ","U"
"779","USR0000CPIE",2012,3,"TMIN",-72,"H"," ","U",-100,"H"," ","U",-33,"H"," ","U",-6,"H"," ","U",44,"H","I","U",-78,"H"," ","U",-89,"H"," ","U",-33,"H"," ","U",-6,"H"," ","U",28,"H"," ","U",0,"H"," ","U",-11,"H"," ","U",0,"H"," ","U",0,"H"," ","U",22,"H"," ","U",-17,"H"," ","U",-61,"H"," ","U",-72,"H"," ","U",-106,"H"," ","U",-28,"H"," ","U",28,"H"," ","U",0,"H"," ","U",-39,"H"," ","U",17,"H"," ","U",-28,"H"," ","U",-33,"H"," ","U",0,"H"," ","U",0,"H"," ","U",0,"H"," ","U",17,"H"," ","U",-28,"H"," ","U"
"780","USR0000CPIE",2012,3,"TAVG",-35," "," ","U",-11," "," ","U",60," "," ","U",83," "," ","U",78," "," ","U",-37," "," ","U",-26," "," ","U",47," "," ","U",74," "," ","U",66," "," ","U",11," "," ","U",15," "," ","U",12," "," ","U",24," "," ","U",39," "," ","U",8," "," ","U",-3," "," ","U",-38," "," ","U",-32," "," ","U",14," "," ","U",55," "," ","U",47," "," ","U",20," "," ","U",47," "," ","U",14," "," ","U",-4," "," ","U",16," "," ","U",19," "," ","U",22," "," ","U",53," "," ","U",4," "," ","U"
"781","USR0000CPIE",2012,4,"TMAX",67,"H"," ","U",100,"H"," ","U",133,"H"," ","U",33,"H"," ","U",39,"H"," ","U",56,"H"," ","U",133,"H"," ","U",161,"H"," ","U",161,"H"," ","U",111,"H"," ","U",50,"H"," ","U",33,"H"," ","U",44,"H"," ","U",78,"H"," ","U",128,"H"," ","U",122,"H"," ","U",150,"H"," ","U",139,"H"," ","U",172,"H"," ","U",239,"H"," ","U",244,"H"," ","U",244,"H"," ","U",228,"H"," ","U",194,"H"," ","U",111,"H"," ","U",61,"H"," ","U",139,"H"," ","U",161,"H"," ","U",206,"H"," ","U",161,"H"," ","U",NA," "," "," "
"782","USR0000CPIE",2012,4,"TMIN",-28,"H"," ","U",-39,"H"," ","U",0,"H"," ","U",-61,"H"," ","U",-72,"H"," ","U",-94,"H"," ","U",-33,"H"," ","U",28,"H"," ","U",56,"H"," ","U",17,"H"," ","U",-17,"H"," ","U",-17,"H"," ","U",-17,"H"," ","U",-17,"H"," ","U",-6,"H"," ","U",22,"H"," ","U",17,"H"," ","U",28,"H"," ","U",44,"H"," ","U",56,"H"," ","U",61,"H"," ","U",89,"H"," ","U",89,"H"," ","U",72,"H"," ","U",50,"H"," ","U",0,"H"," ","U",-17,"H"," ","U",6,"H"," ","U",61,"H"," ","U",83,"H"," ","U",NA," "," "," "
"783","USR0000CPIE",2012,4,"TAVG",6," "," ","U",32," "," ","U",58," "," ","U",-21," "," ","U",-36," "," ","U",-8," "," ","U",54," "," ","U",88," "," ","U",98," "," ","U",64," "," ","U",7," "," ","U",-2," "," ","U",2," "," ","U",29," "," ","U",62," "," ","U",68," "," ","U",80," "," ","U",76," "," ","U",103," "," ","U",153," "," ","U",164," "," ","U",174," "," ","U",159," "," ","U",124," "," ","U",79," "," ","U",33," "," ","U",59," "," ","U",90," "," ","U",131," "," ","U",120," "," ","U",NA," "," "," "
"784","USR0000CPIE",2012,5,"TMAX",161,"H"," ","U",144,"H"," ","U",67,"H"," ","U",100,"H"," ","U",122,"H"," ","U",161,"H"," ","U",189,"H"," ","U",250,"H"," ","U",228,"H"," ","U",156,"H"," ","U",200,"H"," ","U",233,"H"," ","U",250,"H"," ","U",206,"H"," ","U",261,"H"," ","U",239,"H"," ","U",194,"H"," ","U",183,"H"," ","U",222,"H"," ","U",256,"H"," ","U",217,"H"," ","U",172,"H"," ","U",161,"H"," ","U",150,"H"," ","U",83,"H"," ","U",106,"H"," ","U",133,"H"," ","U",172,"H"," ","U",206,"H"," ","U",256,"H"," ","U",283,"H"," ","U"
"785","USR0000CPIE",2012,5,"TMIN",44,"H"," ","U",28,"H"," ","U",22,"H"," ","U",6,"H"," ","U",-11,"H"," ","U",17,"H"," ","U",22,"H"," ","U",106,"H"," ","U",72,"H"," ","U",50,"H"," ","U",39,"H"," ","U",61,"H"," ","U",89,"H"," ","U",100,"H"," ","U",78,"H"," ","U",117,"H"," ","U",50,"H"," ","U",17,"H"," ","U",44,"H"," ","U",61,"H"," ","U",94,"H"," ","U",61,"H"," ","U",44,"H"," ","U",0,"H"," ","U",-6,"H"," ","U",22,"H"," ","U",17,"H"," ","U",22,"H"," ","U",39,"H"," ","U",56,"H"," ","U",106,"H"," ","U"
"786","USR0000CPIE",2012,5,"TAVG",99," "," ","U",82," "," ","U",44," "," ","U",47," "," ","U",58," "," ","U",92," "," ","U",118," "," ","U",167," "," ","U",153," "," ","U",106," "," ","U",126," "," ","U",158," "," ","U",182," "," ","U",142," "," ","U",175," "," ","U",174," "," ","U",123," "," ","U",109," "," ","U",140," "," ","U",172," "," ","U",148," "," ","U",117," "," ","U",99," "," ","U",70," "," ","U",38," "," ","U",52," "," ","U",71," "," ","U",101," "," ","U",129," "," ","U",170," "," ","U",203," "," ","U"
"787","USR0000CPIE",2012,6,"TMAX",283,"H"," ","U",228,"H"," ","U",233,"H"," ","U",122,"H"," ","U",67,"H"," ","U",161,"H"," ","U",178,"H"," ","U",161,"H"," ","U",139,"H"," ","U",183,"H"," ","U",256,"H"," ","U",244,"H"," ","U",261,"H"," ","U",261,"H"," ","U",250,"H"," ","U",272,"H"," ","U",283,"H"," ","U",239,"H"," ","U",233,"H"," ","U",272,"H"," ","U",261,"H"," ","U",189,"H"," ","U",150,"H"," ","U",178,"H"," ","U",156,"H"," ","U",183,"H"," ","U",239,"H"," ","U",217,"H"," ","U",233,"H"," ","U",233,"H"," ","U",NA," "," "," "
"788","USR0000CPIE",2012,6,"TMIN",133,"H"," ","U",111,"H"," ","U",106,"H"," ","U",0,"H"," ","U",-11,"H"," ","U",0,"H"," ","U",44,"H"," ","U",61,"H"," ","U",11,"H"," ","U",56,"H"," ","U",78,"H"," ","U",89,"H"," ","U",89,"H"," ","U",111,"H"," ","U",111,"H"," ","U",133,"H"," ","U",150,"H"," ","U",111,"H"," ","U",50,"H"," ","U",78,"H"," ","U",100,"H"," ","U",61,"H"," ","U",39,"H"," ","U",39,"H"," ","U",39,"H"," ","U",22,"H"," ","U",56,"H"," ","U",106,"H"," ","U",94,"H"," ","U",83,"H"," ","U",NA," "," "," "
"789","USR0000CPIE",2012,6,"TAVG",209," "," ","U",173," "," ","U",164," "," ","U",63," "," ","U",26," "," ","U",83," "," ","U",114," "," ","U",110," "," ","U",81," "," ","U",128," "," ","U",174," "," ","U",170," "," ","U",181," "," ","U",191," "," ","U",186," "," ","U",209," "," ","U",217," "," ","U",183," "," ","U",152," "," ","U",186," "," ","U",179," "," ","U",112," "," ","U",86," "," ","U",109," "," ","U",97," "," ","U",112," "," ","U",153," "," ","U",161," "," ","U",171," "," ","U",161," "," ","U",NA," "," "," "
"790","USR0000CPIE",2012,7,"TMAX",239,"H"," ","U",267,"H"," ","U",272,"H"," ","U",250,"H"," ","U",239,"H"," ","U",261,"H"," ","U",294,"H"," ","U",294,"H"," ","U",278,"H"," ","U",300,"H"," ","U",306,"H"," ","U",300,"H"," ","U",283,"H"," ","U",267,"H"," ","U",267,"H"," ","U",233,"H"," ","U",206,"H"," ","U",228,"H"," ","U",211,"H"," ","U",250,"H"," ","U",300,"H"," ","U",289,"H"," ","U",289,"H"," ","U",272,"H"," ","U",283,"H"," ","U",261,"H"," ","U",261,"H"," ","U",272,"H"," ","U",278,"H"," ","U",289,"H"," ","U",294,"H"," ","U"
"791","USR0000CPIE",2012,7,"TMIN",111,"H"," ","U",111,"H"," ","U",117,"H"," ","U",106,"H"," ","U",111,"H"," ","U",117,"H"," ","U",117,"H"," ","U",139,"H"," ","U",111,"H"," ","U",111,"H"," ","U",122,"H"," ","U",128,"H"," ","U",144,"H"," ","U",122,"H"," ","U",106,"H"," ","U",106,"H"," ","U",94,"H"," ","U",72,"H"," ","U",106,"H"," ","U",122,"H"," ","U",117,"H"," ","U",139,"H"," ","U",161,"H"," ","U",139,"H"," ","U",122,"H"," ","U",100,"H"," ","U",111,"H"," ","U",100,"H"," ","U",100,"H"," ","U",100,"H"," ","U",106,"H"," ","U"
"792","USR0000CPIE",2012,7,"TAVG",175," "," ","U",193," "," ","U",196," "," ","U",181," "," ","U",180," "," ","U",197," "," ","U",215," "," ","U",217," "," ","U",212," "," ","U",218," "," ","U",226," "," ","U",223," "," ","U",217," "," ","U",198," "," ","U",194," "," ","U",172," "," ","U",139," "," ","U",153," "," ","U",158," "," ","U",184," "," ","U",217," "," ","U",222," "," ","U",214," "," ","U",206," "," ","U",201," "," ","U",192," "," ","U",189," "," ","U",188," "," ","U",195," "," ","U",203," "," ","U",207," "," ","U"
"793","USR0000CPIE",2012,8,"TMAX",278,"H"," ","U",294,"H"," ","U",311,"H"," ","U",322,"H"," ","U",294,"H"," ","U",283,"H"," ","U",294,"H"," ","U",306,"H"," ","U",322,"H"," ","U",311,"H"," ","U",333,"H"," ","U",328,"H"," ","U",328,"H"," ","U",328,"H"," ","U",300,"H"," ","U",328,"H"," ","U",306,"H"," ","U",289,"H"," ","U",300,"H"," ","U",289,"H"," ","U",272,"H"," ","U",289,"H"," ","U",278,"H"," ","U",294,"H"," ","U",272,"H"," ","U",244,"H"," ","U",250,"H"," ","U",250,"H"," ","U",272,"H"," ","U",278,"H"," ","U",250,"H"," ","U"
"794","USR0000CPIE",2012,8,"TMIN",111,"H"," ","U",117,"H"," ","U",117,"H"," ","U",150,"H"," ","U",161,"H"," ","U",128,"H"," ","U",139,"H"," ","U",122,"H"," ","U",139,"H"," ","U",133,"H"," ","U",133,"H"," ","U",172,"H"," ","U",161,"H"," ","U",156,"H"," ","U",172,"H"," ","U",128,"H"," ","U",150,"H"," ","U",161,"H"," ","U",128,"H"," ","U",122,"H"," ","U",106,"H"," ","U",106,"H"," ","U",122,"H"," ","U",111,"H"," ","U",150,"H"," ","U",117,"H"," ","U",106,"H"," ","U",117,"H"," ","U",83,"H"," ","U",94,"H"," ","U",111,"H"," ","U"
"795","USR0000CPIE",2012,8,"TAVG",204," "," ","U",212," "," ","U",227," "," ","U",235," "," ","U",221," "," ","U",211," "," ","U",214," "," ","U",226," "," ","U",239," "," ","U",231," "," ","U",245," "," ","U",252," "," ","U",240," "," ","U",246," "," ","U",232," "," ","U",236," "," ","U",233," "," ","U",217," "," ","U",212," "," ","U",209," "," ","U",201," "," ","U",199," "," ","U",199," "," ","U",200," "," ","U",205," "," ","U",177," "," ","U",172," "," ","U",183," "," ","U",188," "," ","U",193," "," ","U",177," "," ","U"
"796","USR0000CPIE",2012,9,"TMAX",239,"H"," ","U",278,"H"," ","U",283,"H"," ","U",272,"H"," ","U",278,"H"," ","U",256,"H"," ","U",283,"H"," ","U",278,"H"," ","U",261,"H"," ","U",250,"H"," ","U",267,"H"," ","U",278,"H"," ","U",300,"H"," ","U",267,"H"," ","U",261,"H"," ","U",256,"H"," ","U",261,"H"," ","U",289,"H"," ","U",278,"H"," ","U",289,"H"," ","U",272,"H"," ","U",256,"H"," ","U",217,"H"," ","U",217,"H"," ","U",228,"H"," ","U",244,"H"," ","U",256,"H"," ","U",261,"H"," ","U",272,"H"," ","U",283,"H"," ","U",NA," "," "," "
"797","USR0000CPIE",2012,9,"TMIN",78,"H"," ","U",89,"H"," ","U",106,"H"," ","U",106,"H"," ","U",111,"H"," ","U",122,"H"," ","U",111,"H"," ","U",144,"H"," ","U",139,"H"," ","U",89,"H"," ","U",100,"H"," ","U",122,"H"," ","U",144,"H"," ","U",117,"H"," ","U",139,"H"," ","U",100,"H"," ","U",100,"H"," ","U",111,"H"," ","U",117,"H"," ","U",111,"H"," ","U",111,"H"," ","U",111,"H"," ","U",128,"H"," ","U",94,"H"," ","U",89,"H"," ","U",100,"H"," ","U",100,"H"," ","U",106,"H"," ","U",111,"H"," ","U",106,"H"," ","U",NA," "," "," "
"798","USR0000CPIE",2012,9,"TAVG",161," "," ","U",191," "," ","U",199," "," ","U",194," "," ","U",191," "," ","U",189," "," ","U",197," "," ","U",210," "," ","U",189," "," ","U",180," "," ","U",183," "," ","U",200," "," ","U",215," "," ","U",194," "," ","U",194," "," ","U",187," "," ","U",191," "," ","U",194," "," ","U",197," "," ","U",201," "," ","U",192," "," ","U",185," "," ","U",166," "," ","U",152," "," ","U",161," "," ","U",173," "," ","U",184," "," ","U",187," "," ","U",187," "," ","U",199," "," ","U",NA," "," "," "
"799","USR0000CPIE",2012,10,"TMAX",294,"H"," ","U",289,"H"," ","U",261,"H"," ","U",239,"H"," ","U",200,"H"," ","U",206,"H"," ","U",211,"H"," ","U",178,"H"," ","U",178,"H"," ","U",206,"H"," ","U",211,"H"," ","U",167,"H"," ","U",189,"H"," ","U",222,"H"," ","U",211,"H"," ","U",217,"H"," ","U",222,"H"," ","U",239,"H"," ","U",211,"H"," ","U",172,"H"," ","U",122,"H"," ","U",22,"H"," ","U",44,"H"," ","U",44,"H"," ","U",61,"H"," ","U",144,"H"," ","U",161,"H"," ","U",183,"H"," ","U",183,"H"," ","U",189,"H"," ","U",139,"H"," ","U"
"800","USR0000CPIE",2012,10,"TMIN",128,"H"," ","U",122,"H"," ","U",117,"H"," ","U",100,"H"," ","U",67,"H"," ","U",50,"H"," ","U",56,"H"," ","U",50,"H"," ","U",44,"H"," ","U",50,"H"," ","U",44,"H"," ","U",33,"H"," ","U",22,"H"," ","U",67,"H"," ","U",106,"H"," ","U",61,"H"," ","U",39,"H"," ","U",50,"H"," ","U",106,"H"," ","U",67,"H"," ","U",11,"H"," ","U",-11,"H"," ","U",-22,"H"," ","U",-17,"H"," ","U",-6,"H"," ","U",-28,"H"," ","U",22,"H"," ","U",39,"H"," ","U",89,"H"," ","U",61,"H"," ","U",39,"H"," ","U"
"801","USR0000CPIE",2012,10,"TAVG",206," "," ","U",203," "," ","U",186," "," ","U",168," "," ","U",132," "," ","U",124," "," ","U",127," "," ","U",110," "," ","U",107," "," ","U",123," "," ","U",128," "," ","U",86," "," ","U",109," "," ","U",141," "," ","U",149," "," ","U",142," "," ","U",113," "," ","U",148," "," ","U",146," "," ","U",108," "," ","U",66," "," ","U",2," "," ","U",-3," "," ","U",3," "," ","U",19," "," ","U",57," "," ","U",87," "," ","U",111," "," ","U",126," "," ","U",121," "," ","U",93," "," ","U"
"802","USR0000CPIE",2012,11,"TMAX",106,"H"," ","U",133,"H"," ","U",178,"H"," ","U",194,"H"," ","U",206,"H"," ","U",211,"H"," ","U",167,"H"," ","U",83,"H"," ","U",22,"H"," ","U",17,"H"," ","U",83,"H"," ","U",83,"H"," ","U",128,"H"," ","U",133,"H"," ","U",144,"H"," ","U",44,"H"," ","U",56,"H"," ","U",33,"H"," ","U",44,"H"," ","U",83,"H"," ","U",56,"H"," ","U",106,"H"," ","U",156,"H"," ","U",156,"H"," ","U",133,"H"," ","U",139,"H"," ","U",117,"H"," ","U",83,"H"," ","U",72,"H"," ","U",50,"H"," ","U",NA," "," "," "
"803","USR0000CPIE",2012,11,"TMIN",33,"H"," ","U",0,"H"," ","U",39,"H"," ","U",50,"H"," ","U",61,"H"," ","U",56,"H"," ","U",78,"H"," ","U",-44,"H"," ","U",-56,"H"," ","U",-78,"H"," ","U",-94,"H"," ","U",-22,"H"," ","U",-22,"H"," ","U",22,"H"," ","U",11,"H"," ","U",22,"H"," ","U",0,"H"," ","U",0,"H"," ","U",0,"H"," ","U",39,"H"," ","U",0,"H"," ","U",-17,"H"," ","U",0,"H"," ","U",11,"H"," ","U",11,"H"," ","U",0,"H"," ","U",44,"H"," ","U",11,"H"," ","U",28,"H"," ","U",17,"H"," ","U",NA," "," "," "
"804","USR0000CPIE",2012,11,"TAVG",60," "," ","U",64," "," ","U",98," "," ","U",114," "," ","U",128," "," ","U",128," "," ","U",118," "," ","U",7," "," ","U",-29," "," ","U",-38," "," ","U",-20," "," ","U",19," "," ","U",42," "," ","U",70," "," ","U",69," "," ","U",36," "," ","U",27," "," ","U",11," "," ","U",27," "," ","U",53," "," ","U",35," "," ","U",33," "," ","U",66," "," ","U",76," "," ","U",60," "," ","U",62," "," ","U",75," "," ","U",41," "," ","U",43," "," ","U",36," "," ","U",NA," "," "," "
"805","USR0000CPIE",2012,12,"TMAX",78,"H"," ","U",61,"H"," ","U",78,"H"," ","U",39,"H"," ","U",72,"H"," ","U",89,"H"," ","U",89,"H"," ","U",89,"H"," ","U",78,"H"," ","U",111,"H"," ","U",100,"H"," ","U",6,"H"," ","U",0,"H"," ","U",-11,"H"," ","U",-22,"H"," ","U",22,"H"," ","U",22,"H"," ","U",0,"H"," ","U",6,"H"," ","U",33,"H"," ","U",11,"H"," ","U",0,"H"," ","U",6,"H"," ","U",44,"H"," ","U",0,"H"," ","U",6,"H"," ","U",44,"H"," ","U",-6,"H"," ","U",33,"H"," ","U",-33,"H"," ","U",39,"H"," ","U"
"806","USR0000CPIE",2012,12,"TMIN",28,"H"," ","U",0,"H"," ","U",-11,"H"," ","U",6,"H"," ","U",28,"H"," ","U",-6,"H"," ","U",-22,"H"," ","U",-22,"H"," ","U",-22,"H"," ","U",-22,"H"," ","U",-6,"H"," ","U",-44,"H"," ","U",-67,"H"," ","U",-83,"H"," ","U",-89,"H"," ","U",-33,"H"," ","U",-39,"H"," ","U",-106,"H"," ","U",-128,"H"," ","U",-61,"H"," ","U",-33,"H"," ","U",-33,"H"," ","U",-22,"H"," ","U",-67,"H"," ","U",-72,"H"," ","U",-50,"H"," ","U",-100,"H"," ","U",-106,"H"," ","U",-67,"H"," ","U",-111,"H"," ","U",-144,"H"," ","U"
"807","USR0000CPIE",2012,12,"TAVG",49," "," ","U",22," "," ","U",29," "," ","U",22," "," ","U",48," "," ","U",39," "," ","U",32," "," ","U",23," "," ","U",15," "," ","U",38," "," ","U",34," "," ","U",-17," "," ","U",-37," "," ","U",-48," "," ","U",-48," "," ","U",-5," "," ","U",-3," "," ","U",-62," "," ","U",-57," "," ","U",-8," "," ","U",-4," "," ","U",-17," "," ","U",-8," "," ","U",-23," "," ","U",-26," "," ","U",-25," "," ","U",-43," "," ","U",-58," "," ","U",-36," "," ","U",-62," "," ","U",-62," "," ","U"
"808","USR0000CPIE",2013,1,"TMAX",0,"H"," ","U",44,"H"," ","U",94,"H"," ","U",111,"H"," ","U",61,"H"," ","U",56,"H"," ","U",72,"H"," ","U",167,"H"," ","U",72,"H"," ","U",-17,"H"," ","U",-28,"H"," ","U",11,"H"," ","U",-6,"H"," ","U",11,"H"," ","U",106,"H"," ","U",94,"H"," ","U",89,"H"," ","U",111,"H"," ","U",117,"H"," ","U",117,"H"," ","U",172,"H"," ","U",167,"H"," ","U",94,"H"," ","U",83,"H"," ","U",78,"H"," ","U",50,"H"," ","U",-6,"H"," ","U",6,"H"," ","U",72,"H"," ","U",178,"H"," ","U",150,"H"," ","U"
"809","USR0000CPIE",2013,1,"TMIN",-117,"H"," ","U",-106,"H"," ","U",-122,"H"," ","U",-56,"H"," ","U",-33,"H"," ","U",-44,"H"," ","U",-50,"H"," ","U",-11,"H"," ","U",-56,"H"," ","U",-89,"H"," ","U",-128,"H"," ","U",-167,"H"," ","U",-161,"H"," ","U",-161,"H"," ","U",-83,"H"," ","U",-33,"H"," ","U",-61,"H"," ","U",-72,"H"," ","U",-61,"H"," ","U",-61,"H"," ","U",-39,"H"," ","U",-6,"H"," ","U",17,"H"," ","U",6,"H"," ","U",17,"H"," ","U",-33,"H"," ","U",-89,"H"," ","U",-100,"H"," ","U",-28,"H"," ","U",-22,"H"," ","U",-6,"H"," ","U"
"810","USR0000CPIE",2013,1,"TAVG",-66," "," ","U",-57," "," ","U",-32," "," ","U",-1," "," ","U",7," "," ","U",-11," "," ","U",6," "," ","U",56," "," ","U",14," "," ","U",-63," "," ","U",-74," "," ","U",-95," "," ","U",-105," "," ","U",-82," "," ","U",8," "," ","U",19," "," ","U",4," "," ","U",-10," "," ","U",-6," "," ","U",9," "," ","U",38," "," ","U",63," "," ","U",53," "," ","U",32," "," ","U",39," "," ","U",19," "," ","U",-46," "," ","U",-36," "," ","U",17," "," ","U",42," "," ","U",54," "," ","U"
"811","USR0000CPIE",2013,2,"TMAX",189,"H"," ","U",139,"H"," ","U",133,"H"," ","U",122,"H"," ","U",83,"H"," ","U",106,"H"," ","U",28,"H"," ","U",0,"H"," ","U",17,"H"," ","U",17,"H"," ","U",61,"H"," ","U",111,"H"," ","U",122,"H"," ","U",56,"H"," ","U",133,"H"," ","U",144,"H"," ","U",106,"H"," ","U",83,"H"," ","U",-11,"H"," ","U",44,"H"," ","U",50,"H"," ","U",89,"H"," ","U",6,"H"," ","U",50,"H"," ","U",61,"H"," ","U",56,"H"," ","U",106,"H"," ","U",117,"H"," ","U",NA," "," "," ",NA," "," "," ",NA," "," "," "
"812","USR0000CPIE",2013,2,"TMIN",-17,"H"," ","U",-11,"H"," ","U",-22,"H"," ","U",-11,"H"," ","U",-11,"H"," ","U",-44,"H"," ","U",-50,"H"," ","U",-72,"H"," ","U",-83,"H"," ","U",-50,"H"," ","U",-56,"H"," ","U",-33,"H"," ","U",-28,"H"," ","U",6,"H"," ","U",0,"H"," ","U",0,"H"," ","U",-17,"H"," ","U",-28,"H"," ","U",-67,"H"," ","U",-72,"H"," ","U",-67,"H"," ","U",-56,"H"," ","U",-50,"H"," ","U",-72,"H"," ","U",-39,"H"," ","U",-72,"H"," ","U",-44,"H"," ","U",11,"H"," ","U",NA," "," "," ",NA," "," "," ",NA," "," "," "
"813","USR0000CPIE",2013,2,"TAVG",53," "," ","U",39," "," ","U",46," "," ","U",57," "," ","U",32," "," ","U",19," "," ","U",-21," "," ","U",-42," "," ","U",-29," "," ","U",-16," "," ","U",4," "," ","U",24," "," ","U",40," "," ","U",31," "," ","U",58," "," ","U",56," "," ","U",32," "," ","U",17," "," ","U",-34," "," ","U",-26," "," ","U",-14," "," ","U",17," "," ","U",-20," "," ","U",-13," "," ","U",8," "," ","U",-13," "," ","U",32," "," ","U",57," "," ","U",NA," "," "," ",NA," "," "," ",NA," "," "," "
"814","USR0000CPIE",2013,3,"TMAX",161,"H"," ","U",133,"H"," ","U",67,"H"," ","U",106,"H"," ","U",78,"H"," ","U",11,"H"," ","U",50,"H"," ","U",72,"H"," ","U",83,"H"," ","U",128,"H"," ","U",161,"H"," ","U",178,"H"," ","U",172,"H"," ","U",167,"H"," ","U",150,"H"," ","U",133,"H"," ","U",122,"H"," ","U",111,"H"," ","U",106,"H"," ","U",67,"H"," ","U",89,"H"," ","U",56,"H"," ","U",117,"H"," ","U",133,"H"," ","U",128,"H"," ","U",100,"H"," ","U",106,"H"," ","U",106,"H"," ","U",167,"H"," ","U",167,"H"," ","U",61,"H"," ","U"
"815","USR0000CPIE",2013,3,"TMIN",0,"H"," ","U",39,"H"," ","U",6,"H"," ","U",-39,"H"," ","U",0,"H"," ","U",-50,"H"," ","U",-72,"H"," ","U",-50,"H"," ","U",-33,"H"," ","U",-17,"H"," ","U",6,"H"," ","U",22,"H"," ","U",39,"H"," ","U",72,"H"," ","U",44,"H"," ","U",11,"H"," ","U",11,"H"," ","U",-6,"H"," ","U",17,"H"," ","U",0,"H"," ","U",-28,"H"," ","U",-67,"H"," ","U",-67,"H"," ","U",-6,"H"," ","U",17,"H"," ","U",17,"H"," ","U",22,"H"," ","U",22,"H"," ","U",6,"H"," ","U",39,"H"," ","U",0,"H"," ","U"
"816","USR0000CPIE",2013,3,"TAVG",81," "," ","U",77," "," ","U",30," "," ","U",28," "," ","U",37," "," ","U",-19," "," ","U",-14," "," ","U",6," "," ","U",27," "," ","U",52," "," ","U",83," "," ","U",101," "," ","U",109," "," ","U",116," "," ","U",91," "," ","U",66," "," ","U",56," "," ","U",57," "," ","U",49," "," ","U",29," "," ","U",27," "," ","U",-11," "," ","U",26," "," ","U",64," "," ","U",71," "," ","U",49," "," ","U",57," "," ","U",53," "," ","U",88," "," ","U",98," "," ","U",37," "," ","U"
"817","USR0000CPIE",2013,4,"TMAX",94,"H"," ","U",139,"H"," ","U",178,"H"," ","U",94,"H"," ","U",94,"H"," ","U",100,"H"," ","U",89,"H"," ","U",44,"H"," ","U",100,"H"," ","U",189,"H"," ","U",139,"H"," ","U",178,"H"," ","U",150,"H"," ","U",106,"H"," ","U",22,"H"," ","U",33,"H"," ","U",72,"H"," ","U",133,"H"," ","U",172,"H"," ","U",167,"H"," ","U",200,"H"," ","U",167,"H"," ","U",150,"H"," ","U",139,"H"," ","U",206,"H"," ","U",217,"H"," ","U",222,"H"," ","U",233,"H"," ","U",222,"H"," ","U",156,"H"," ","U",NA," "," "," "
"818","USR0000CPIE",2013,4,"TMIN",11,"H"," ","U",0,"H"," ","U",22,"H"," ","U",33,"H"," ","U",17,"H"," ","U",22,"H"," ","U",0,"H"," ","U",-28,"H"," ","U",-17,"H"," ","U",33,"H"," ","U",6,"H"," ","U",11,"H"," ","U",28,"H"," ","U",-17,"H"," ","U",-28,"H"," ","U",-44,"H"," ","U",-50,"H"," ","U",-6,"H"," ","U",22,"H"," ","U",6,"H"," ","U",33,"H"," ","U",28,"H"," ","U",11,"H"," ","U",39,"H"," ","U",39,"H"," ","U",50,"H"," ","U",61,"H"," ","U",78,"H"," ","U",56,"H"," ","U",28,"H"," ","U",NA," "," "," "
"819","USR0000CPIE",2013,4,"TAVG",41," "," ","U",71," "," ","U",98," "," ","U",56," "," ","U",53," "," ","U",49," "," ","U",38," "," ","U",6," "," ","U",43," "," ","U",104," "," ","U",73," "," ","U",100," "," ","U",88," "," ","U",43," "," ","U",-6," "," ","U",-12," "," ","U",10," "," ","U",66," "," ","U",87," "," ","U",89," "," ","U",119," "," ","U",96," "," ","U",79," "," ","U",92," "," ","U",126," "," ","U",146," "," ","U",155," "," ","U",152," "," ","U",133," "," ","U",88," "," ","U",NA," "," "," "
"820","USR0000CPIE",2013,5,"TMAX",128,"H"," ","U",217,"H"," ","U",217,"H"," ","U",156,"H"," ","U",150,"H"," ","U",144,"H"," ","U",89,"H"," ","U",172,"H"," ","U",206,"H"," ","U",239,"H"," ","U",256,"H"," ","U",239,"H"," ","U",244,"H"," ","U",239,"H"," ","U",194,"H"," ","U",89,"H"," ","U",133,"H"," ","U",172,"H"," ","U",161,"H"," ","U",217,"H"," ","U",156,"H"," ","U",117,"H"," ","U",128,"H"," ","U",172,"H"," ","U",178,"H"," ","U",156,"H"," ","U",78,"H"," ","U",156,"H"," ","U",167,"H"," ","U",200,"H"," ","U",233,"H"," ","U"
"821","USR0000CPIE",2013,5,"TMIN",0,"H"," ","U",56,"H"," ","U",67,"H"," ","U",67,"H"," ","U",61,"H"," ","U",33,"H"," ","U",6,"H"," ","U",56,"H"," ","U",28,"H"," ","U",89,"H"," ","U",100,"H"," ","U",100,"H"," ","U",122,"H"," ","U",72,"H"," ","U",78,"H"," ","U",50,"H"," ","U",39,"H"," ","U",17,"H"," ","U",28,"H"," ","U",56,"H"," ","U",39,"H"," ","U",-39,"H"," ","U",0,"H"," ","U",6,"H"," ","U",33,"H"," ","U",39,"H"," ","U",44,"H"," ","U",44,"H"," ","U",61,"H"," ","U",28,"H"," ","U",39,"H"," ","U"
"822","USR0000CPIE",2013,5,"TAVG",67," "," ","U",131," "," ","U",150," "," ","U",110," "," ","U",89," "," ","U",66," "," ","U",56," "," ","U",100," "," ","U",128," "," ","U",166," "," ","U",184," "," ","U",179," "," ","U",179," "," ","U",168," "," ","U",139," "," ","U",67," "," ","U",79," "," ","U",96," "," ","U",95," "," ","U",136," "," ","U",112," "," ","U",44," "," ","U",62," "," ","U",91," "," ","U",104," "," ","U",94," "," ","U",62," "," ","U",89," "," ","U",106," "," ","U",122," "," ","U",148," "," ","U"
"823","USR0000CPIE",2013,6,"TMAX",267,"H"," ","U",261,"H"," ","U",267,"H"," ","U",283,"H"," ","U",300,"H"," ","U",300,"H"," ","U",317,"H"," ","U",311,"H"," ","U",339,"H"," ","U",200,"H"," ","U",206,"H"," ","U",200,"H"," ","U",189,"H"," ","U",211,"H"," ","U",239,"H"," ","U",233,"H"," ","U",228,"H"," ","U",183,"H"," ","U",161,"H"," ","U",183,"H"," ","U",206,"H"," ","U",244,"H"," ","U",172,"H"," ","U",111,"H"," ","U",139,"H"," ","U",222,"H"," ","U",267,"H"," ","U",317,"H"," ","U",311,"H"," ","U",328,"H"," ","U",NA," "," "," "
"824","USR0000CPIE",2013,6,"TMIN",94,"H"," ","U",100,"H"," ","U",100,"H"," ","U",122,"H"," ","U",133,"H"," ","U",144,"H"," ","U",139,"H"," ","U",156,"H"," ","U",172,"H"," ","U",83,"H"," ","U",78,"H"," ","U",78,"H"," ","U",50,"H"," ","U",28,"H"," ","U",83,"H"," ","U",78,"H"," ","U",89,"H"," ","U",39,"H"," ","U",33,"H"," ","U",11,"H"," ","U",33,"H"," ","U",72,"H"," ","U",94,"H"," ","U",72,"H"," ","U",78,"H"," ","U",106,"H"," ","U",117,"H"," ","U",133,"H"," ","U",144,"H"," ","U",156,"H"," ","U",NA," "," "," "
"825","USR0000CPIE",2013,6,"TAVG",190," "," ","U",189," "," ","U",186," "," ","U",210," "," ","U",226," "," ","U",228," "," ","U",238," "," ","U",239," "," ","U",247," "," ","U",156," "," ","U",146," "," ","U",142," "," ","U",122," "," ","U",125," "," ","U",166," "," ","U",164," "," ","U",156," "," ","U",118," "," ","U",84," "," ","U",109," "," ","U",130," "," ","U",163," "," ","U",131," "," ","U",88," "," ","U",108," "," ","U",160," "," ","U",204," "," ","U",238," "," ","U",243," "," ","U",248," "," ","U",NA," "," "," "
"826","USR0000CPIE",2013,7,"TMAX",339,"H"," ","U",344,"H"," ","U",328,"H"," ","U",317,"H"," ","U",283,"H"," ","U",272,"H"," ","U",278,"H"," ","U",278,"H"," ","U",272,"H"," ","U",278,"H"," ","U",256,"H"," ","U",250,"H"," ","U",267,"H"," ","U",283,"H"," ","U",294,"H"," ","U",250,"H"," ","U",272,"H"," ","U",322,"H"," ","U",339,"H"," ","U",350,"H"," ","U",350,"H"," ","U",333,"H"," ","U",300,"H"," ","U",306,"H"," ","U",317,"H"," ","U",306,"H"," ","U",300,"H"," ","U",283,"H"," ","U",267,"H"," ","U",272,"H"," ","U",256,"H"," ","U"
"827","USR0000CPIE",2013,7,"TMIN",161,"H"," ","U",178,"H"," ","U",156,"H"," ","U",167,"H"," ","U",161,"H"," ","U",128,"H"," ","U",106,"H"," ","U",128,"H"," ","U",128,"H"," ","U",117,"H"," ","U",139,"H"," ","U",106,"H"," ","U",94,"H"," ","U",122,"H"," ","U",144,"H"," ","U",128,"H"," ","U",83,"H"," ","U",100,"H"," ","U",144,"H"," ","U",167,"H"," ","U",172,"H"," ","U",178,"H"," ","U",156,"H"," ","U",167,"H"," ","U",156,"H"," ","U",150,"H"," ","U",139,"H"," ","U",139,"H"," ","U",106,"H"," ","U",111,"H"," ","U",133,"H"," ","U"
"828","USR0000CPIE",2013,7,"TAVG",261," "," ","U",244," "," ","U",246," "," ","U",246," "," ","U",222," "," ","U",201," "," ","U",201," "," ","U",207," "," ","U",211," "," ","U",206," "," ","U",200," "," ","U",189," "," ","U",192," "," ","U",207," "," ","U",217," "," ","U",192," "," ","U",194," "," ","U",227," "," ","U",254," "," ","U",267," "," ","U",268," "," ","U",247," "," ","U",221," "," ","U",233," "," ","U",216," "," ","U",225," "," ","U",226," "," ","U",212," "," ","U",192," "," ","U",197," "," ","U",191," "," ","U"
"829","USR0000CPIE",2013,8,"TMAX",233,"H"," ","U",256,"H"," ","U",272,"H"," ","U",283,"H"," ","U",294,"H"," ","U",300,"H"," ","U",244,"H"," ","U",233,"H"," ","U",233,"H"," ","U",228,"H"," ","U",250,"H"," ","U",244,"H"," ","U",278,"H"," ","U",283,"H"," ","U",283,"H"," ","U",283,"H"," ","U",306,"H"," ","U",328,"H"," ","U",311,"H"," ","U",306,"H"," ","U",278,"H"," ","U",250,"H"," ","U",261,"H"," ","U",239,"H"," ","U",217,"H"," ","U",228,"H"," ","U",267,"H"," ","U",256,"H"," ","U",250,"H"," ","U",283,"H"," ","U",294,"H"," ","U"
"830","USR0000CPIE",2013,8,"TMIN",94,"H"," ","U",72,"H"," ","U",100,"H"," ","U",111,"H"," ","U",111,"H"," ","U",100,"H"," ","U",106,"H"," ","U",94,"H"," ","U",89,"H"," ","U",89,"H"," ","U",67,"H"," ","U",89,"H"," ","U",83,"H"," ","U",106,"H"," ","U",106,"H"," ","U",122,"H"," ","U",106,"H"," ","U",150,"H"," ","U",172,"H"," ","U",172,"H"," ","U",122,"H"," ","U",117,"H"," ","U",100,"H"," ","U",89,"H"," ","U",111,"H"," ","U",106,"H"," ","U",111,"H"," ","U",117,"H"," ","U",128,"H"," ","U",128,"H"," ","U",117,"H"," ","U"
"831","USR0000CPIE",2013,8,"TAVG",166," "," ","U",173," "," ","U",188," "," ","U",197," "," ","U",203," "," ","U",206," "," ","U",177," "," ","U",159," "," ","U",157," "," ","U",158," "," ","U",167," "," ","U",178," "," ","U",195," "," ","U",201," "," ","U",201," "," ","U",203," "," ","U",214," "," ","U",242," "," ","U",224," "," ","U",226," "," ","U",183," "," ","U",186," "," ","U",178," "," ","U",166," "," ","U",147," "," ","U",167," "," ","U",186," "," ","U",184," "," ","U",187," "," ","U",204," "," ","U",208," "," ","U"
"832","USR0000CPIE",2013,9,"TMAX",233,"H"," ","U",150,"H"," ","U",222,"H"," ","U",244,"H"," ","U",217,"H"," ","U",244,"H"," ","U",261,"H"," ","U",278,"H"," ","U",267,"H"," ","U",261,"H"," ","U",272,"H"," ","U",267,"H"," ","U",261,"H"," ","U",289,"H"," ","U",239,"H"," ","U",244,"H"," ","U",178,"H"," ","U",206,"H"," ","U",256,"H"," ","U",206,"H"," ","U",111,"H"," ","U",150,"H"," ","U",206,"H"," ","U",161,"H"," ","U",72,"H"," ","U",94,"H"," ","U",161,"H"," ","U",161,"H"," ","U",139,"H"," ","U",144,"H"," ","U",NA," "," "," "
"833","USR0000CPIE",2013,9,"TMIN",133,"H"," ","U",117,"H"," ","U",139,"H"," ","U",133,"H"," ","U",89,"H"," ","U",56,"H"," ","U",111,"H"," ","U",100,"H"," ","U",133,"H"," ","U",139,"H"," ","U",117,"H"," ","U",133,"H"," ","U",122,"H"," ","U",128,"H"," ","U",117,"H"," ","U",117,"H"," ","U",56,"H"," ","U",17,"H"," ","U",89,"H"," ","U",100,"H"," ","U",33,"H"," ","U",28,"H"," ","U",22,"H"," ","U",39,"H"," ","U",0,"H"," ","U",-6,"H"," ","U",-6,"H"," ","U",44,"H"," ","U",83,"H"," ","U",72,"H"," ","U",NA," "," "," "
"834","USR0000CPIE",2013,9,"TAVG",187," "," ","U",136," "," ","U",172," "," ","U",180," "," ","U",157," "," ","U",162," "," ","U",187," "," ","U",195," "," ","U",205," "," ","U",204," "," ","U",201," "," ","U",183," "," ","U",182," "," ","U",201," "," ","U",176," "," ","U",171," "," ","U",123," "," ","U",108," "," ","U",162," "," ","U",151," "," ","U",69," "," ","U",83," "," ","U",117," "," ","U",100," "," ","U",31," "," ","U",42," "," ","U",78," "," ","U",108," "," ","U",101," "," ","U",97," "," ","U",NA," "," "," "
"835","USR0000CPIE",2013,10,"TMAX",178,"H"," ","U",161,"H"," ","U",94,"H"," ","U",111,"H"," ","U",194,"H"," ","U",211,"H"," ","U",189,"H"," ","U",156,"H"," ","U",72,"H"," ","U",161,"H"," ","U",161,"H"," ","U",139,"H"," ","U",89,"H"," ","U",122,"H"," ","U",111,"H"," ","U",144,"H"," ","U",194,"H"," ","U",222,"H"," ","U",217,"H"," ","U",200,"H"," ","U",206,"H"," ","U",222,"H"," ","U",222,"H"," ","U",206,"H"," ","U",211,"H"," ","U",211,"H"," ","U",161,"H"," ","U",11,"H"," ","U",56,"H"," ","U",117,"H"," ","U",172,"H"," ","U"
"836","USR0000CPIE",2013,10,"TMIN",44,"H"," ","U",0,"H"," ","U",-11,"H"," ","U",0,"H"," ","U",28,"H"," ","U",39,"H"," ","U",56,"H"," ","U",6,"H"," ","U",6,"H"," ","U",0,"H"," ","U",0,"H"," ","U",0,"H"," ","U",6,"H"," ","U",0,"H"," ","U",17,"H"," ","U",6,"H"," ","U",17,"H"," ","U",39,"H"," ","U",33,"H"," ","U",50,"H"," ","U",67,"H"," ","U",61,"H"," ","U",56,"H"," ","U",56,"H"," ","U",28,"H"," ","U",56,"H"," ","U",-11,"H"," ","U",-11,"H"," ","U",0,"H"," ","U",-17,"H"," ","U",0,"H"," ","U"
"837","USR0000CPIE",2013,10,"TAVG",106," "," ","U",78," "," ","U",38," "," ","U",55," "," ","U",106," "," ","U",124," "," ","U",121," "," ","U",79," "," ","U",35," "," ","U",72," "," ","U",82," "," ","U",59," "," ","U",39," "," ","U",58," "," ","U",61," "," ","U",79," "," ","U",101," "," ","U",113," "," ","U",122," "," ","U",129," "," ","U",132," "," ","U",132," "," ","U",131," "," ","U",127," "," ","U",118," "," ","U",124," "," ","U",77," "," ","U",-2," "," ","U",12," "," ","U",34," "," ","U",76," "," ","U"
"838","USR0000CPIE",2013,11,"TMAX",167,"H"," ","U",128,"H"," ","U",56,"H"," ","U",61,"H"," ","U",144,"H"," ","U",172,"H"," ","U",144,"H"," ","U",139,"H"," ","U",161,"H"," ","U",178,"H"," ","U",194,"H"," ","U",150,"H"," ","U",NA," "," "," ",NA," "," "," ",NA," "," "," ",NA," "," "," ",NA," "," "," ",NA," "," "," ",NA," "," "," ",NA," "," "," ",NA," "," "," ",NA," "," "," ",NA," "," "," ",NA," "," "," ",NA," "," "," ",NA," "," "," ",NA," "," "," ",NA," "," "," ",NA," "," "," ",NA," "," "," ",NA," "," "," "
"839","USR0000CPIE",2013,11,"TMIN",11,"H"," ","U",6,"H"," ","U",-39,"H"," ","U",-28,"H"," ","U",-33,"H"," ","U",6,"H"," ","U",50,"H"," ","U",39,"H"," ","U",11,"H"," ","U",39,"H"," ","U",67,"H"," ","U",89,"H"," ","U",NA," "," "," ",NA," "," "," ",NA," "," "," ",NA," "," "," ",NA," "," "," ",NA," "," "," ",NA," "," "," ",NA," "," "," ",NA," "," "," ",NA," "," "," ",NA," "," "," ",NA," "," "," ",NA," "," "," ",NA," "," "," ",NA," "," "," ",NA," "," "," ",NA," "," "," ",NA," "," "," ",NA," "," "," "
"840","USR0000CPIE",2013,11,"TAVG",87," "," ","U",72," "," ","U",6," "," ","U",10," "," ","U",50," "," ","U",84," "," ","U",90," "," ","U",81," "," ","U",84," "," ","U",104," "," ","U",122," "," ","U",117," "," ","U",NA," "," "," ",NA," "," "," ",NA," "," "," ",NA," "," "," ",NA," "," "," ",NA," "," "," ",NA," "," "," ",NA," "," "," ",NA," "," "," ",NA," "," "," ",NA," "," "," ",NA," "," "," ",NA," "," "," ",NA," "," "," ",NA," "," "," ",NA," "," "," ",NA," "," "," ",NA," "," "," ",NA," "," "," "
"841","USR0000CPIE",2013,12,"TMAX",NA," "," "," ",NA," "," "," ",NA," "," "," ",-50,"H"," ","U",NA," "," "," ",NA," "," "," ",NA," "," "," ",NA," "," "," ",NA," "," "," ",NA," "," "," ",NA," "," "," ",NA," "," "," ",NA," "," "," ",NA," "," "," ",NA," "," "," ",NA," "," "," ",NA," "," "," ",NA," "," "," ",NA," "," "," ",NA," "," "," ",NA," "," "," ",NA," "," "," ",NA," "," "," ",NA," "," "," ",NA," "," "," ",39,"H"," ","U",NA," "," "," ",NA," "," "," ",NA," "," "," ",NA," "," "," ",NA," "," "," "
"842","USR0000CPIE",2013,12,"TMIN",NA," "," "," ",NA," "," "," ",NA," "," "," ",-61,"H"," ","U",NA," "," "," ",NA," "," "," ",NA," "," "," ",NA," "," "," ",NA," "," "," ",NA," "," "," ",NA," "," "," ",NA," "," "," ",NA," "," "," ",NA," "," "," ",NA," "," "," ",NA," "," "," ",NA," "," "," ",NA," "," "," ",NA," "," "," ",NA," "," "," ",NA," "," "," ",NA," "," "," ",NA," "," "," ",NA," "," "," ",NA," "," "," ",39,"H"," ","U",NA," "," "," ",NA," "," "," ",NA," "," "," ",NA," "," "," ",NA," "," "," "
"843","USR0000CPIE",2013,12,"TAVG",NA," "," "," ",NA," "," "," ",NA," "," "," ",-56," "," ","U",NA," "," "," ",NA," "," "," ",NA," "," "," ",NA," "," "," ",NA," "," "," ",NA," "," "," ",NA," "," "," ",NA," "," "," ",NA," "," "," ",NA," "," "," ",NA," "," "," ",NA," "," "," ",NA," "," "," ",NA," "," "," ",NA," "," "," ",NA," "," "," ",NA," "," "," ",NA," "," "," ",NA," "," "," ",NA," "," "," ",NA," "," "," ",39," "," ","U",NA," "," "," ",NA," "," "," ",NA," "," "," ",NA," "," "," ",NA," "," "," "
"844","USR0000CPIE",2014,1,"TMAX",NA," "," "," ",NA," "," "," ",NA," "," "," ",NA," "," "," ",NA," "," "," ",NA," "," "," ",100,"H"," ","U",61,"H"," ","U",67,"H"," ","U",111,"H"," ","U",44,"H"," ","U",61,"H"," ","U",128,"H"," ","U",150,"H"," ","U",150,"H"," ","U",139,"H"," ","U",172,"H"," ","U",161,"H"," ","U",144,"H"," ","U",156,"H"," ","U",150,"H"," ","U",150,"H"," ","U",67,"H"," ","U",106,"H"," ","U",144,"H"," ","U",156,"H"," ","U",117,"H"," ","U",128,"H"," ","U",78,"H"," ","U",72,"H"," ","U",33,"H"," ","U"
"845","USR0000CPIE",2014,1,"TMIN",NA," "," "," ",NA," "," "," ",NA," "," "," ",NA," "," "," ",NA," "," "," ",NA," "," "," ",17,"H"," ","U",6,"H"," ","U",0,"H"," ","U",-11,"H"," ","U",-28,"H"," ","U",-50,"H"," ","U",-22,"H"," ","U",0,"H"," ","U",6,"H"," ","U",0,"H"," ","U",0,"H"," ","U",0,"H"," ","U",0,"H"," ","U",0,"H"," ","U",0,"H"," ","U",0,"H"," ","U",0,"H"," ","U",6,"H"," ","U",-17,"H"," ","U",0,"H"," ","U",6,"H"," ","U",33,"H"," ","U",11,"H"," ","U",-22,"H"," ","U",-61,"H"," ","U"
"846","USR0000CPIE",2014,1,"TAVG",NA," "," "," ",NA," "," "," ",NA," "," "," ",NA," "," "," ",NA," "," "," ",NA," "," "," ",49," "," ","U",28," "," ","U",18," "," ","U",42," "," ","U",22," "," ","U",-1," "," ","U",39," "," ","U",67," "," ","U",68," "," ","U",66," "," ","U",62," "," ","U",59," "," ","U",64," "," ","U",58," "," ","U",55," "," ","U",60," "," ","U",27," "," ","U",43," "," ","U",52," "," ","U",68," "," ","U",63," "," ","U",73," "," ","U",52," "," ","U",13," "," ","U",-25," "," ","U"
"847","USR0000CPIE",2014,2,"TMAX",50,"H"," ","U",6,"H"," ","U",22,"H"," ","U",44,"H"," ","U",56,"H"," ","U",6,"H"," ","U",11,"H"," ","U",50,"H"," ","U",61,"H"," ","U",94,"H"," ","U",100,"H"," ","U",111,"H"," ","U",83,"H"," ","U",106,"H"," ","U",117,"H"," ","U",78,"H"," ","U",83,"H"," ","U",100,"H"," ","U",72,"H"," ","U",117,"H"," ","U",111,"H"," ","U",139,"H"," ","U",139,"H"," ","U",156,"H"," ","U",167,"H"," ","U",78,"H"," ","U",39,"H"," ","U",39,"H"," ","U",NA," "," "," ",NA," "," "," ",NA," "," "," "
"848","USR0000CPIE",2014,2,"TMIN",-94,"H"," ","U",-50,"H"," ","U",-56,"H"," ","U",-67,"H"," ","U",-50,"H"," ","U",-33,"H"," ","U",-6,"H"," ","U",0,"H"," ","U",28,"H"," ","U",0,"H"," ","U",-17,"H"," ","U",28,"H"," ","U",39,"H"," ","U",56,"H"," ","U",0,"H"," ","U",-6,"H"," ","U",0,"H"," ","U",-17,"H"," ","U",-33,"H"," ","U",-44,"H"," ","U",-17,"H"," ","U",-17,"H"," ","U",-6,"H"," ","U",0,"H"," ","U",28,"H"," ","U",11,"H"," ","U",-6,"H"," ","U",-11,"H"," ","U",NA," "," "," ",NA," "," "," ",NA," "," "," "
"849","USR0000CPIE",2014,2,"TAVG",-23," "," ","U",-22," "," ","U",-24," "," ","U",-22," "," ","U",-9," "," ","U",-12," "," ","U",1," "," ","U",28," "," ","U",41," "," ","U",38," "," ","U",41," "," ","U",61," "," ","U",59," "," ","U",78," "," ","U",61," "," ","U",27," "," ","U",30," "," ","U",36," "," ","U",16," "," ","U",29," "," ","U",40," "," ","U",56," "," ","U",66," "," ","U",80," "," ","U",90," "," ","U",52," "," ","U",16," "," ","U",11," "," ","U",NA," "," "," ",NA," "," "," ",NA," "," "," "
"850","USR0000CPIE",2014,3,"TMAX",56,"H"," ","U",50,"H"," ","U",33,"H"," ","U",106,"H"," ","U",89,"H"," ","U",61,"H"," ","U",94,"H"," ","U",167,"H"," ","U",89,"H"," ","U",61,"H"," ","U",56,"H"," ","U",94,"H"," ","U",161,"H"," ","U",139,"H"," ","U",189,"H"," ","U",172,"H"," ","U",72,"H"," ","U",67,"H"," ","U",133,"H"," ","U",161,"H"," ","U",156,"H"," ","U",144,"H"," ","U",161,"H"," ","U",178,"H"," ","U",100,"H"," ","U",17,"H"," ","U",50,"H"," ","U",61,"H"," ","U",28,"H"," ","U",72,"H"," ","U",33,"H"," ","U"
"851","USR0000CPIE",2014,3,"TMIN",-6,"H"," ","U",6,"H"," ","U",0,"H"," ","U",6,"H"," ","U",33,"H"," ","U",-17,"H"," ","U",-33,"H"," ","U",0,"H"," ","U",28,"H"," ","U",-33,"H"," ","U",-33,"H"," ","U",-11,"H"," ","U",-17,"H"," ","U",17,"H"," ","U",-6,"H"," ","U",33,"H"," ","U",0,"H"," ","U",-28,"H"," ","U",-22,"H"," ","U",6,"H"," ","U",0,"H"," ","U",-11,"H"," ","U",0,"H"," ","U",11,"H"," ","U",6,"H"," ","U",-17,"H"," ","U",-17,"H"," ","U",0,"H"," ","U",0,"H"," ","U",-28,"H"," ","U",-33,"H"," ","U"
"852","USR0000CPIE",2014,3,"TAVG",19," "," ","U",31," "," ","U",19," "," ","U",47," "," ","U",53," "," ","U",22," "," ","U",25," "," ","U",76," "," ","U",64," "," ","U",21," "," ","U",10," "," ","U",38," "," ","U",72," "," ","U",75," "," ","U",93," "," ","U",101," "," ","U",33," "," ","U",19," "," ","U",58," "," ","U",80," "," ","U",69," "," ","U",58," "," ","U",78," "," ","U",94," "," ","U",47," "," ","U",0," "," ","U",7," "," ","U",29," "," ","U",8," "," ","U",11," "," ","U",-7," "," ","U"
"853","USR0000CPIE",2014,4,"TMAX",28,"H"," ","U",83,"H"," ","U",100,"H"," ","U",72,"H"," ","U",139,"H"," ","U",150,"H"," ","U",206,"H"," ","U",194,"H"," ","U",183,"H"," ","U",200,"H"," ","U",211,"H"," ","U",206,"H"," ","U",139,"H"," ","U",200,"H"," ","U",189,"H"," ","U",194,"H"," ","U",189,"H"," ","U",194,"H"," ","U",167,"H"," ","U",189,"H"," ","U",161,"H"," ","U",67,"H"," ","U",128,"H"," ","U",139,"H"," ","U",33,"H"," ","U",61,"H"," ","U",78,"H"," ","U",139,"H"," ","U",161,"H"," ","U",194,"H"," ","U",NA," "," "," "
"854","USR0000CPIE",2014,4,"TMIN",-39,"H"," ","U",-61,"H"," ","U",-39,"H"," ","U",-6,"H"," ","U",-28,"H"," ","U",17,"H"," ","U",39,"H"," ","U",44,"H"," ","U",61,"H"," ","U",28,"H"," ","U",44,"H"," ","U",44,"H"," ","U",6,"H"," ","U",44,"H"," ","U",67,"H"," ","U",33,"H"," ","U",56,"H"," ","U",33,"H"," ","U",28,"H"," ","U",6,"H"," ","U",44,"H"," ","U",-6,"H"," ","U",-11,"H"," ","U",0,"H"," ","U",-17,"H"," ","U",-33,"H"," ","U",-6,"H"," ","U",-11,"H"," ","U",56,"H"," ","U",83,"H"," ","U",NA," "," "," "
"855","USR0000CPIE",2014,4,"TAVG",-12," "," ","U",15," "," ","U",22," "," ","U",17," "," ","U",43," "," ","U",81," "," ","U",122," "," ","U",125," "," ","U",116," "," ","U",126," "," ","U",133," "," ","U",127," "," ","U",77," "," ","U",122," "," ","U",121," "," ","U",117," "," ","U",118," "," ","U",112," "," ","U",103," "," ","U",111," "," ","U",97," "," ","U",24," "," ","U",57," "," ","U",68," "," ","U",3," "," ","U",12," "," ","U",28," "," ","U",71," "," ","U",113," "," ","U",136," "," ","U",NA," "," "," "
"856","USR0000CPIE",2014,5,"TMAX",244,"H"," ","U",222,"H"," ","U",183,"H"," ","U",150,"H"," ","U",117,"H"," ","U",117,"H"," ","U",156,"H"," ","U",128,"H"," ","U",117,"H"," ","U",94,"H"," ","U",156,"H"," ","U",172,"H"," ","U",222,"H"," ","U",250,"H"," ","U",250,"H"," ","U",222,"H"," ","U",200,"H"," ","U",161,"H"," ","U",150,"H"," ","U",139,"H"," ","U",167,"H"," ","U",200,"H"," ","U",256,"H"," ","U",256,"H"," ","U",261,"H"," ","U",228,"H"," ","U",206,"H"," ","U",183,"H"," ","U",200,"H"," ","U",200,"H"," ","U",222,"H"," ","U"
"857","USR0000CPIE",2014,5,"TMIN",100,"H"," ","U",61,"H"," ","U",56,"H"," ","U",44,"H"," ","U",0,"H"," ","U",0,"H"," ","U",0,"H"," ","U",28,"H"," ","U",33,"H"," ","U",0,"H"," ","U",-6,"H"," ","U",67,"H"," ","U",94,"H"," ","U",67,"H"," ","U",100,"H"," ","U",111,"H"," ","U",78,"H"," ","U",61,"H"," ","U",28,"H"," ","U",17,"H"," ","U",50,"H"," ","U",67,"H"," ","U",72,"H"," ","U",100,"H"," ","U",100,"H"," ","U",117,"H"," ","U",94,"H"," ","U",56,"H"," ","U",56,"H"," ","U",67,"H"," ","U",61,"H"," ","U"
"858","USR0000CPIE",2014,5,"TAVG",166," "," ","U",147," "," ","U",121," "," ","U",89," "," ","U",58," "," ","U",54," "," ","U",79," "," ","U",72," "," ","U",66," "," ","U",43," "," ","U",72," "," ","U",122," "," ","U",151," "," ","U",178," "," ","U",173," "," ","U",166," "," ","U",144," "," ","U",94," "," ","U",82," "," ","U",81," "," ","U",104," "," ","U",135," "," ","U",161," "," ","U",171," "," ","U",187," "," ","U",170," "," ","U",148," "," ","U",112," "," ","U",127," "," ","U",133," "," ","U",143," "," ","U"
"859","USR0000CPIE",2014,6,"TMAX",244,"H"," ","U",222,"H"," ","U",233,"H"," ","U",261,"H"," ","U",278,"H"," ","U",283,"H"," ","U",289,"H"," ","U",272,"H"," ","U",283,"H"," ","U",283,"H"," ","U",261,"H"," ","U",211,"H"," ","U",194,"H"," ","U",194,"H"," ","U",194,"H"," ","U",150,"H"," ","U",156,"H"," ","U",239,"H"," ","U",250,"H"," ","U",233,"H"," ","U",244,"H"," ","U",261,"H"," ","U",272,"H"," ","U",256,"H"," ","U",233,"H"," ","U",133,"H"," ","U",217,"H"," ","U",239,"H"," ","U",283,"H"," ","U",311,"H"," ","U",NA," "," "," "
"860","USR0000CPIE",2014,6,"TMIN",72,"H"," ","U",100,"H"," ","U",72,"H"," ","U",72,"H"," ","U",117,"H"," ","U",128,"H"," ","U",128,"H"," ","U",133,"H"," ","U",144,"H"," ","U",128,"H"," ","U",128,"H"," ","U",89,"H"," ","U",67,"H"," ","U",39,"H"," ","U",94,"H"," ","U",17,"H"," ","U",6,"H"," ","U",33,"H"," ","U",83,"H"," ","U",111,"H"," ","U",94,"H"," ","U",83,"H"," ","U",94,"H"," ","U",122,"H"," ","U",111,"H"," ","U",89,"H"," ","U",89,"H"," ","U",83,"H"," ","U",106,"H"," ","U",139,"H"," ","U",NA," "," "," "
"861","USR0000CPIE",2014,6,"TAVG",166," "," ","U",161," "," ","U",160," "," ","U",186," "," ","U",207," "," ","U",210," "," ","U",212," "," ","U",203," "," ","U",219," "," ","U",207," "," ","U",193," "," ","U",158," "," ","U",127," "," ","U",131," "," ","U",143," "," ","U",106," "," ","U",81," "," ","U",143," "," ","U",173," "," ","U",177," "," ","U",171," "," ","U",183," "," ","U",194," "," ","U",187," "," ","U",157," "," ","U",112," "," ","U",148," "," ","U",172," "," ","U",206," "," ","U",237," "," ","U",NA," "," "," "
"862","USR0000CPIE",2014,7,"TMAX",328,"H"," ","U",283,"H"," ","U",300,"H"," ","U",278,"H"," ","U",283,"H"," ","U",322,"H"," ","U",350,"H"," ","U",300,"H"," ","U",306,"H"," ","U",311,"H"," ","U",272,"H"," ","U",333,"H"," ","U",339,"H"," ","U",339,"H"," ","U",344,"H"," ","U",344,"H"," ","U",306,"H"," ","U",317,"H"," ","U",328,"H"," ","U",267,"H"," ","U",211,"H"," ","U",239,"H"," ","U",239,"H"," ","U",283,"H"," ","U",278,"H"," ","U",300,"H"," ","U",300,"H"," ","U",322,"H"," ","U",306,"H"," ","U",272,"H"," ","U",306,"H"," ","U"
"863","USR0000CPIE",2014,7,"TMIN",183,"H"," ","U",150,"H"," ","U",144,"H"," ","U",128,"H"," ","U",144,"H"," ","U",117,"H"," ","U",172,"H"," ","U",200,"H"," ","U",167,"H"," ","U",156,"H"," ","U",167,"H"," ","U",144,"H"," ","U",167,"H"," ","U",161,"H"," ","U",178,"H"," ","U",178,"H"," ","U",172,"H"," ","U",150,"H"," ","U",150,"H"," ","U",150,"H"," ","U",133,"H"," ","U",117,"H"," ","U",128,"H"," ","U",89,"H"," ","U",128,"H"," ","U",122,"H"," ","U",133,"H"," ","U",161,"H"," ","U",167,"H"," ","U",150,"H"," ","U",139,"H"," ","U"
"864","USR0000CPIE",2014,7,"TAVG",244," "," ","U",222," "," ","U",221," "," ","U",208," "," ","U",219," "," ","U",236," "," ","U",263," "," ","U",229," "," ","U",237," "," ","U",232," "," ","U",211," "," ","U",232," "," ","U",258," "," ","U",256," "," ","U",254," "," ","U",246," "," ","U",227," "," ","U",223," "," ","U",220," "," ","U",199," "," ","U",168," "," ","U",178," "," ","U",179," "," ","U",189," "," ","U",208," "," ","U",223," "," ","U",228," "," ","U",244," "," ","U",231," "," ","U",203," "," ","U",219," "," ","U"
"865","USR0000CPIE",2014,8,"TMAX",306,"H"," ","U",306,"H"," ","U",294,"H"," ","U",211,"H"," ","U",144,"H"," ","U",239,"H"," ","U",261,"H"," ","U",278,"H"," ","U",278,"H"," ","U",278,"H"," ","U",261,"H"," ","U",222,"H"," ","U",211,"H"," ","U",228,"H"," ","U",261,"H"," ","U",283,"H"," ","U",283,"H"," ","U",278,"H"," ","U",278,"H"," ","U",261,"H"," ","U",261,"H"," ","U",233,"H"," ","U",250,"H"," ","U",267,"H"," ","U",222,"H"," ","U",261,"H"," ","U",300,"H"," ","U",294,"H"," ","U",244,"H"," ","U",256,"H"," ","U",267,"H"," ","U"
"866","USR0000CPIE",2014,8,"TMIN",150,"H"," ","U",150,"H"," ","U",144,"H"," ","U",122,"H"," ","U",89,"H"," ","U",106,"H"," ","U",111,"H"," ","U",133,"H"," ","U",128,"H"," ","U",150,"H"," ","U",139,"H"," ","U",139,"H"," ","U",117,"H"," ","U",78,"H"," ","U",106,"H"," ","U",111,"H"," ","U",111,"H"," ","U",122,"H"," ","U",128,"H"," ","U",111,"H"," ","U",106,"H"," ","U",128,"H"," ","U",100,"H"," ","U",122,"H"," ","U",117,"H"," ","U",94,"H"," ","U",122,"H"," ","U",133,"H"," ","U",117,"H"," ","U",133,"H"," ","U",106,"H"," ","U"
"867","USR0000CPIE",2014,8,"TAVG",228," "," ","U",231," "," ","U",213," "," ","U",168," "," ","U",116," "," ","U",170," "," ","U",202," "," ","U",206," "," ","U",210," "," ","U",203," "," ","U",189," "," ","U",178," "," ","U",160," "," ","U",162," "," ","U",187," "," ","U",202," "," ","U",199," "," ","U",199," "," ","U",203," "," ","U",190," "," ","U",180," "," ","U",174," "," ","U",177," "," ","U",192," "," ","U",169," "," ","U",186," "," ","U",214," "," ","U",218," "," ","U",188," "," ","U",185," "," ","U",184," "," ","U"
"868","USR0000CPIE",2014,9,"TMAX",283,"H"," ","U",278,"H"," ","U",261,"H"," ","U",239,"H"," ","U",272,"H"," ","U",272,"H"," ","U",272,"H"," ","U",256,"H"," ","U",261,"H"," ","U",278,"H"," ","U",294,"H"," ","U",289,"H"," ","U",272,"H"," ","U",278,"H"," ","U",250,"H"," ","U",267,"H"," ","U",244,"H"," ","U",200,"H"," ","U",244,"H"," ","U",283,"H"," ","U",211,"H"," ","U",256,"H"," ","U",233,"H"," ","U",239,"H"," ","U",133,"H"," ","U",133,"H"," ","U",106,"H"," ","U",128,"H"," ","U",211,"H"," ","U",189,"H"," ","U",NA," "," "," "
"869","USR0000CPIE",2014,9,"TMIN",106,"H"," ","U",133,"H"," ","U",117,"H"," ","U",111,"H"," ","U",111,"H"," ","U",128,"H"," ","U",122,"H"," ","U",106,"H"," ","U",89,"H"," ","U",100,"H"," ","U",111,"H"," ","U",117,"H"," ","U",111,"H"," ","U",106,"H"," ","U",128,"H"," ","U",139,"H"," ","U",144,"H"," ","U",100,"H"," ","U",78,"H"," ","U",178,"H"," ","U",133,"H"," ","U",83,"H"," ","U",117,"H"," ","U",111,"H"," ","U",39,"H"," ","U",22,"H"," ","U",44,"H"," ","U",56,"H"," ","U",50,"H"," ","U",72,"H"," ","U",NA," "," "," "
"870","USR0000CPIE",2014,9,"TAVG",199," "," ","U",206," "," ","U",190," "," ","U",176," "," ","U",193," "," ","U",196," "," ","U",196," "," ","U",177," "," ","U",173," "," ","U",194," "," ","U",208," "," ","U",201," "," ","U",188," "," ","U",198," "," ","U",191," "," ","U",201," "," ","U",191," "," ","U",147," "," ","U",178," "," ","U",226," "," ","U",166," "," ","U",169," "," ","U",166," "," ","U",167," "," ","U",86," "," ","U",83," "," ","U",70," "," ","U",81," "," ","U",124," "," ","U",118," "," ","U",NA," "," "," "
"871","USR0000CPIE",2014,10,"TMAX",156,"H"," ","U",244,"H"," ","U",261,"H"," ","U",278,"H"," ","U",261,"H"," ","U",278,"H"," ","U",261,"H"," ","U",239,"H"," ","U",228,"H"," ","U",228,"H"," ","U",244,"H"," ","U",178,"H"," ","U",244,"H"," ","U",200,"H"," ","U",89,"H"," ","U",156,"H"," ","U",144,"H"," ","U",194,"H"," ","U",200,"H"," ","U",150,"H"," ","U",117,"H"," ","U",156,"H"," ","U",111,"H"," ","U",194,"H"," ","U",111,"H"," ","U",94,"H"," ","U",133,"H"," ","U",172,"H"," ","U",200,"H"," ","U",172,"H"," ","U",106,"H"," ","U"
"872","USR0000CPIE",2014,10,"TMIN",39,"H"," ","U",33,"H"," ","U",78,"H"," ","U",100,"H"," ","U",89,"H"," ","U",111,"H"," ","U",111,"H"," ","U",83,"H"," ","U",72,"H"," ","U",78,"H"," ","U",78,"H"," ","U",33,"H"," ","U",61,"H"," ","U",78,"H"," ","U",33,"H"," ","U",28,"H"," ","U",56,"H"," ","U",28,"H"," ","U",56,"H"," ","U",28,"H"," ","U",6,"H"," ","U",28,"H"," ","U",72,"H"," ","U",72,"H"," ","U",22,"H"," ","U",6,"H"," ","U",0,"H"," ","U",11,"H"," ","U",61,"H"," ","U",67,"H"," ","U",22,"H"," ","U"
"873","USR0000CPIE",2014,10,"TAVG",91," "," ","U",139," "," ","U",170," "," ","U",182," "," ","U",183," "," ","U",191," "," ","U",183," "," ","U",154," "," ","U",150," "," ","U",152," "," ","U",151," "," ","U",109," "," ","U",150," "," ","U",138," "," ","U",60," "," ","U",93," "," ","U",86," "," ","U",109," "," ","U",123," "," ","U",88," "," ","U",59," "," ","U",82," "," ","U",84," "," ","U",129," "," ","U",64," "," ","U",44," "," ","U",54," "," ","U",92," "," ","U",119," "," ","U",113," "," ","U",62," "," ","U"
"874","USR0000CPIE",2014,11,"TMAX",50,"H"," ","U",72,"H"," ","U",100,"H"," ","U",156,"H"," ","U",167,"H"," ","U",183,"H"," ","U",189,"H"," ","U",211,"H"," ","U",189,"H"," ","U",150,"H"," ","U",122,"H"," ","U",100,"H"," ","U",61,"H"," ","U",72,"H"," ","U",94,"H"," ","U",67,"H"," ","U",106,"H"," ","U",122,"H"," ","U",94,"H"," ","U",72,"H"," ","U",50,"H"," ","U",72,"H"," ","U",50,"H"," ","U",111,"H"," ","U",139,"H"," ","U",178,"H"," ","U",150,"H"," ","U",117,"H"," ","U",67,"H"," ","U",50,"H"," ","U",NA," "," "," "
"875","USR0000CPIE",2014,11,"TMIN",-6,"H"," ","U",-22,"H"," ","U",-17,"H"," ","U",6,"H"," ","U",33,"H"," ","U",61,"H"," ","U",61,"H"," ","U",61,"H"," ","U",61,"H"," ","U",28,"H"," ","U",28,"H"," ","U",6,"H"," ","U",28,"H"," ","U",28,"H"," ","U",-44,"H"," ","U",-78,"H"," ","U",-67,"H"," ","U",-39,"H"," ","U",11,"H"," ","U",0,"H"," ","U",0,"H"," ","U",-6,"H"," ","U",-33,"H"," ","U",-33,"H"," ","U",0,"H"," ","U",28,"H"," ","U",72,"H"," ","U",0,"H"," ","U",11,"H"," ","U",0,"H"," ","U",NA," "," "," "
"876","USR0000CPIE",2014,11,"TAVG",16," "," ","U",16," "," ","U",36," "," ","U",76," "," ","U",99," "," ","U",115," "," ","U",120," "," ","U",119," "," ","U",120," "," ","U",96," "," ","U",79," "," ","U",48," "," ","U",43," "," ","U",42," "," ","U",27," "," ","U",-22," "," ","U",1," "," ","U",42," "," ","U",49," "," ","U",27," "," ","U",21," "," ","U",32," "," ","U",3," "," ","U",33," "," ","U",69," "," ","U",104," "," ","U",99," "," ","U",67," "," ","U",34," "," ","U",20," "," ","U",NA," "," "," "
"877","USR0000CPIE",2014,12,"TMAX",67,"H"," ","U",28,"H"," ","U",56,"H"," ","U",61,"H"," ","U",72,"H"," ","U",78,"H"," ","U",106,"H"," ","U",94,"H"," ","U",94,"H"," ","U",111,"H"," ","U",89,"H"," ","U",33,"H"," ","U",44,"H"," ","U",50,"H"," ","U",17,"H"," ","U",56,"H"," ","U",39,"H"," ","U",22,"H"," ","U",56,"H"," ","U",33,"H"," ","U",78,"H"," ","U",117,"H"," ","U",133,"H"," ","U",61,"H"," ","U",0,"H"," ","U",-11,"H"," ","U",56,"H"," ","U",56,"H"," ","U",28,"H"," ","U",-39,"H"," ","U",-6,"H"," ","U"
"878","USR0000CPIE",2014,12,"TMIN",11,"H"," ","U",0,"H"," ","U",0,"H"," ","U",28,"H"," ","U",22,"H"," ","U",33,"H"," ","U",17,"H"," ","U",28,"H"," ","U",39,"H"," ","U",28,"H"," ","U",0,"H"," ","U",-17,"H"," ","U",-39,"H"," ","U",-50,"H"," ","U",-17,"H"," ","U",0,"H"," ","U",-6,"H"," ","U",-11,"H"," ","U",0,"H"," ","U",6,"H"," ","U",28,"H"," ","U",11,"H"," ","U",6,"H"," ","U",-44,"H"," ","U",-50,"H"," ","U",-61,"H"," ","U",-78,"H"," ","U",-39,"H"," ","U",-61,"H"," ","U",-106,"H"," ","U",-111,"H"," ","U"
"879","USR0000CPIE",2014,12,"TAVG",39," "," ","U",11," "," ","U",29," "," ","U",39," "," ","U",51," "," ","U",53," "," ","U",49," "," ","U",63," "," ","U",61," "," ","U",66," "," ","U",24," "," ","U",4," "," ","U",-14," "," ","U",-16," "," ","U",-1," "," ","U",11," "," ","U",8," "," ","U",5," "," ","U",11," "," ","U",21," "," ","U",52," "," ","U",60," "," ","U",53," "," ","U",12," "," ","U",-28," "," ","U",-38," "," ","U",-16," "," ","U",6," "," ","U",-22," "," ","U",-78," "," ","U",-68," "," ","U"
"880","USR0000CPIE",2015,1,"TMAX",50,"H"," ","U",94,"H"," ","U",111,"H"," ","U",94,"H"," ","U",161,"H"," ","U",172,"H"," ","U",172,"H"," ","U",150,"H"," ","U",122,"H"," ","U",78,"H"," ","U",100,"H"," ","U",83,"H"," ","U",39,"H"," ","U",94,"H"," ","U",67,"H"," ","U",50,"H"," ","U",100,"H"," ","U",94,"H"," ","U",122,"H"," ","U",67,"H"," ","U",72,"H"," ","U",111,"H"," ","U",111,"H"," ","U",150,"H"," ","U",156,"H"," ","U",167,"H"," ","U",72,"H"," ","U",111,"H"," ","U",106,"H"," ","U",94,"H"," ","U",106,"H"," ","U"
"881","USR0000CPIE",2015,1,"TMIN",-111,"H"," ","U",-72,"H"," ","U",-22,"H"," ","U",17,"H"," ","U",11,"H"," ","U",28,"H"," ","U",11,"H"," ","U",6,"H"," ","U",6,"H"," ","U",17,"H"," ","U",22,"H"," ","U",0,"H"," ","U",-17,"H"," ","U",-44,"H"," ","U",-17,"H"," ","U",0,"H"," ","U",33,"H"," ","U",50,"H"," ","U",17,"H"," ","U",-11,"H"," ","U",-33,"H"," ","U",-39,"H"," ","U",0,"H"," ","U",0,"H"," ","U",39,"H"," ","U",39,"H"," ","U",0,"H"," ","U",-11,"H"," ","U",6,"H"," ","U",6,"H"," ","U",0,"H"," ","U"
"882","USR0000CPIE",2015,1,"TAVG",-39," "," ","U",2," "," ","U",38," "," ","U",48," "," ","U",78," "," ","U",84," "," ","U",77," "," ","U",67," "," ","U",61," "," ","U",51," "," ","U",55," "," ","U",32," "," ","U",8," "," ","U",8," "," ","U",27," "," ","U",36," "," ","U",66," "," ","U",67," "," ","U",57," "," ","U",17," "," ","U",9," "," ","U",27," "," ","U",47," "," ","U",75," "," ","U",103," "," ","U",95," "," ","U",40," "," ","U",49," "," ","U",53," "," ","U",44," "," ","U",47," "," ","U"
"883","USR0000CPIE",2015,2,"TMAX",156,"H"," ","U",72,"H"," ","U",100,"H"," ","U",133,"H"," ","U",133,"H"," ","U",111,"H"," ","U",83,"H"," ","U",78,"H"," ","U",39,"H"," ","U",94,"H"," ","U",139,"H"," ","U",183,"H"," ","U",167,"H"," ","U",183,"H"," ","U",122,"H"," ","U",150,"H"," ","U",172,"H"," ","U",178,"H"," ","U",172,"H"," ","U",133,"H"," ","U",111,"H"," ","U",28,"H"," ","U",33,"H"," ","U",156,"H"," ","U",139,"H"," ","U",106,"H"," ","U",56,"H"," ","U",22,"H"," ","U",NA," "," "," ",NA," "," "," ",NA," "," "," "
"884","USR0000CPIE",2015,2,"TMIN",0,"H"," ","U",39,"H"," ","U",11,"H"," ","U",56,"H"," ","U",61,"H"," ","U",6,"H"," ","U",28,"H"," ","U",17,"H"," ","U",0,"H"," ","U",-33,"H"," ","U",17,"H"," ","U",22,"H"," ","U",50,"H"," ","U",56,"H"," ","U",17,"H"," ","U",6,"H"," ","U",0,"H"," ","U",28,"H"," ","U",33,"H"," ","U",11,"H"," ","U",-11,"H"," ","U",-39,"H"," ","U",-61,"H"," ","U",-50,"H"," ","U",17,"H"," ","U",0,"H"," ","U",-11,"H"," ","U",-28,"H"," ","U",NA," "," "," ",NA," "," "," ",NA," "," "," "
"885","USR0000CPIE",2015,2,"TAVG",62," "," ","U",58," "," ","U",63," "," ","U",82," "," ","U",94," "," ","U",52," "," ","U",53," "," ","U",44," "," ","U",23," "," ","U",28," "," ","U",66," "," ","U",95," "," ","U",103," "," ","U",112," "," ","U",73," "," ","U",64," "," ","U",87," "," ","U",99," "," ","U",93," "," ","U",67," "," ","U",38," "," ","U",-9," "," ","U",-21," "," ","U",53," "," ","U",71," "," ","U",49," "," ","U",19," "," ","U",-2," "," ","U",NA," "," "," ",NA," "," "," ",NA," "," "," "
"886","USR0000CPIE",2015,3,"TMAX",44,"H"," ","U",50,"H"," ","U",67,"H"," ","U",111,"H"," ","U",150,"H"," ","U",144,"H"," ","U",167,"H"," ","U",189,"H"," ","U",194,"H"," ","U",172,"H"," ","U",83,"H"," ","U",122,"H"," ","U",194,"H"," ","U",178,"H"," ","U",156,"H"," ","U",150,"H"," ","U",139,"H"," ","U",144,"H"," ","U",194,"H"," ","U",150,"H"," ","U",150,"H"," ","U",94,"H"," ","U",56,"H"," ","U",72,"H"," ","U",144,"H"," ","U",211,"H"," ","U",183,"H"," ","U",117,"H"," ","U",NA," "," "," ",NA," "," "," ",NA," "," "," "
"887","USR0000CPIE",2015,3,"TMIN",-33,"H"," ","U",-39,"H"," ","U",-17,"H"," ","U",-39,"H"," ","U",-22,"H"," ","U",0,"H"," ","U",22,"H"," ","U",17,"H"," ","U",11,"H"," ","U",33,"H"," ","U",22,"H"," ","U",-6,"H"," ","U",50,"H"," ","U",83,"H"," ","U",61,"H"," ","U",39,"H"," ","U",28,"H"," ","U",11,"H"," ","U",17,"H"," ","U",28,"H"," ","U",33,"H"," ","U",6,"H"," ","U",0,"H"," ","U",0,"H"," ","U",6,"H"," ","U",50,"H"," ","U",61,"H"," ","U",44,"H"," ","U",NA," "," "," ",NA," "," "," ",NA," "," "," "
"888","USR0000CPIE",2015,3,"TAVG",4," "," ","U",4," "," ","U",12," "," ","U",24," "," ","U",61," "," ","U",78," "," ","U",91," "," ","U",102," "," ","U",107," "," ","U",96," "," ","U",51," "," ","U",67," "," ","U",120," "," ","U",128," "," ","U",113," "," ","U",88," "," ","U",75," "," ","U",74," "," ","U",103," "," ","U",86," "," ","U",83," "," ","U",51," "," ","U",17," "," ","U",31," "," ","U",78," "," ","U",128," "," ","U",125," "," ","U",71," "," ","U",NA," "," "," ",NA," "," "," ",NA," "," "," "
"889","USR0000CPIE",2015,4,"TMAX",NA," "," "," ",NA," "," "," ",128,"H"," ","U",106,"H"," ","U",17,"H"," ","U",44,"H"," ","U",28,"H"," ","U",94,"H"," ","U",133,"H"," ","U",133,"H"," ","U",133,"H"," ","U",189,"H"," ","U",167,"H"," ","U",56,"H"," ","U",89,"H"," ","U",150,"H"," ","U",194,"H"," ","U",200,"H"," ","U",200,"H"," ","U",217,"H"," ","U",206,"H"," ","U",156,"H"," ","U",189,"H"," ","U",89,"H"," ","U",72,"H"," ","U",150,"H"," ","U",172,"H"," ","U",211,"H"," ","U",206,"H"," ","U",172,"H"," ","U",NA," "," "," "
"890","USR0000CPIE",2015,4,"TMIN",NA," "," "," ",NA," "," "," ",33,"H"," ","U",0,"H"," ","U",-28,"H"," ","U",-39,"H"," ","U",-22,"H"," ","U",-28,"H"," ","U",-22,"H"," ","U",0,"H"," ","U",22,"H"," ","U",0,"H"," ","U",28,"H"," ","U",-39,"H"," ","U",-28,"H"," ","U",0,"H"," ","U",17,"H"," ","U",50,"H"," ","U",61,"H"," ","U",28,"H"," ","U",61,"H"," ","U",44,"H"," ","U",28,"H"," ","U",0,"H"," ","U",0,"H"," ","U",6,"H"," ","U",61,"H"," ","U",56,"H"," ","U",72,"H"," ","U",50,"H"," ","U",NA," "," "," "
"891","USR0000CPIE",2015,4,"TAVG",NA," "," "," ",NA," "," "," ",79," "," ","U",47," "," ","U",-8," "," ","U",4," "," ","U",-3," "," ","U",24," "," ","U",55," "," ","U",62," "," ","U",66," "," ","U",100," "," ","U",95," "," ","U",6," "," ","U",33," "," ","U",77," "," ","U",120," "," ","U",136," "," ","U",131," "," ","U",137," "," ","U",120," "," ","U",97," "," ","U",97," "," ","U",38," "," ","U",38," "," ","U",77," "," ","U",116," "," ","U",134," "," ","U",135," "," ","U",118," "," ","U",NA," "," "," "
"892","USR0000CPIE",2015,5,"TMAX",217,"H"," ","U",206,"H"," ","U",200,"H"," ","U",211,"H"," ","U",183,"H"," ","U",128,"H"," ","U",117,"H"," ","U",172,"H"," ","U",189,"H"," ","U",200,"H"," ","U",156,"H"," ","U",61,"H"," ","U",111,"H"," ","U",128,"H"," ","U",50,"H"," ","U",144,"H"," ","U",117,"H"," ","U",144,"H"," ","U",128,"H"," ","U",139,"H"," ","U",156,"H"," ","U",139,"H"," ","U",122,"H"," ","U",200,"H"," ","U",194,"H"," ","U",200,"H"," ","U",211,"H"," ","U",244,"H"," ","U",250,"H"," ","U",233,"H"," ","U",228,"H"," ","U"
"893","USR0000CPIE",2015,5,"TMIN",78,"H"," ","U",72,"H"," ","U",67,"H"," ","U",56,"H"," ","U",50,"H"," ","U",22,"H"," ","U",0,"H"," ","U",17,"H"," ","U",39,"H"," ","U",44,"H"," ","U",33,"H"," ","U",6,"H"," ","U",0,"H"," ","U",6,"H"," ","U",17,"H"," ","U",11,"H"," ","U",28,"H"," ","U",22,"H"," ","U",50,"H"," ","U",50,"H"," ","U",22,"H"," ","U",50,"H"," ","U",61,"H"," ","U",56,"H"," ","U",83,"H"," ","U",67,"H"," ","U",72,"H"," ","U",72,"H"," ","U",106,"H"," ","U",122,"H"," ","U",94,"H"," ","U"
"894","USR0000CPIE",2015,5,"TAVG",152," "," ","U",145," "," ","U",137," "," ","U",130," "," ","U",112," "," ","U",72," "," ","U",53," "," ","U",86," "," ","U",118," "," ","U",126," "," ","U",97," "," ","U",31," "," ","U",53," "," ","U",59," "," ","U",37," "," ","U",77," "," ","U",60," "," ","U",73," "," ","U",77," "," ","U",85," "," ","U",84," "," ","U",81," "," ","U",93," "," ","U",122," "," ","U",133," "," ","U",142," "," ","U",151," "," ","U",166," "," ","U",177," "," ","U",179," "," ","U",165," "," ","U"
"895","USR0000CPIE",2015,6,"TMAX",161,"H"," ","U",200,"H"," ","U",206,"H"," ","U",172,"H"," ","U",217,"H"," ","U",228,"H"," ","U",250,"H"," ","U",283,"H"," ","U",272,"H"," ","U",211,"H"," ","U",272,"H"," ","U",294,"H"," ","U",278,"H"," ","U",272,"H"," ","U",250,"H"," ","U",261,"H"," ","U",278,"H"," ","U",256,"H"," ","U",256,"H"," ","U",267,"H"," ","U",217,"H"," ","U",239,"H"," ","U",278,"H"," ","U",311,"H"," ","U",322,"H"," ","U",339,"H"," ","U",311,"H"," ","U",278,"H"," ","U",306,"H"," ","U",333,"H"," ","U",NA," "," "," "
"896","USR0000CPIE",2015,6,"TMIN",72,"H"," ","U",50,"H"," ","U",83,"H"," ","U",72,"H"," ","U",94,"H"," ","U",83,"H"," ","U",94,"H"," ","U",139,"H"," ","U",139,"H"," ","U",128,"H"," ","U",83,"H"," ","U",156,"H"," ","U",139,"H"," ","U",122,"H"," ","U",122,"H"," ","U",100,"H"," ","U",106,"H"," ","U",117,"H"," ","U",106,"H"," ","U",106,"H"," ","U",117,"H"," ","U",78,"H"," ","U",94,"H"," ","U",139,"H"," ","U",167,"H"," ","U",156,"H"," ","U",178,"H"," ","U",167,"H"," ","U",172,"H"," ","U",167,"H"," ","U",NA," "," "," "
"897","USR0000CPIE",2015,6,"TAVG",118," "," ","U",125," "," ","U",129," "," ","U",117," "," ","U",144," "," ","U",151," "," ","U",188," "," ","U",220," "," ","U",197," "," ","U",158," "," ","U",190," "," ","U",228," "," ","U",214," "," ","U",205," "," ","U",192," "," ","U",194," "," ","U",199," "," ","U",193," "," ","U",188," "," ","U",192," "," ","U",171," "," ","U",172," "," ","U",199," "," ","U",233," "," ","U",249," "," ","U",253," "," ","U",239," "," ","U",218," "," ","U",237," "," ","U",250," "," ","U",NA," "," "," "
"898","USR0000CPIE",2015,7,"TMAX",322,"H"," ","U",333,"H"," ","U",294,"H"," ","U",300,"H"," ","U",283,"H"," ","U",278,"H"," ","U",261,"H"," ","U",NA," "," "," ",NA," "," "," ",NA," "," "," ",NA," "," "," ",NA," "," "," ",244,"H"," ","U",250,"H"," ","U",272,"H"," ","U",300,"H"," ","U",283,"H"," ","U",283,"H"," ","U",294,"H"," ","U",294,"H"," ","U",289,"H"," ","U",239,"H"," ","U",233,"H"," ","U",239,"H"," ","U",250,"H"," ","U",244,"H"," ","U",233,"H"," ","U",261,"H"," ","U",311,"H"," ","U",328,"H"," ","U",300,"H"," ","U"
"899","USR0000CPIE",2015,7,"TMIN",178,"H"," ","U",167,"H"," ","U",161,"H"," ","U",150,"H"," ","U",139,"H"," ","U",144,"H"," ","U",117,"H"," ","U",NA," "," "," ",NA," "," "," ",NA," "," "," ",NA," "," "," ",NA," "," "," ",139,"H"," ","U",94,"H"," ","U",106,"H"," ","U",139,"H"," ","U",144,"H"," ","U",122,"H"," ","U",133,"H"," ","U",133,"H"," ","U",128,"H"," ","U",128,"H"," ","U",111,"H"," ","U",117,"H"," ","U",100,"H"," ","U",89,"H"," ","U",83,"H"," ","U",106,"H"," ","U",144,"H"," ","U",150,"H"," ","U",189,"H"," ","U"
"900","USR0000CPIE",2015,7,"TAVG",244," "," ","U",236," "," ","U",216," "," ","U",203," "," ","U",212," "," ","U",216," "," ","U",190," "," ","U",NA," "," "," ",NA," "," "," ",NA," "," "," ",NA," "," "," ",NA," "," "," ",192," "," ","U",180," "," ","U",198," "," ","U",228," "," ","U",214," "," ","U",203," "," ","U",212," "," ","U",217," "," ","U",187," "," ","U",182," "," ","U",172," "," ","U",174," "," ","U",174," "," ","U",170," "," ","U",170," "," ","U",193," "," ","U",235," "," ","U",247," "," ","U",244," "," ","U"
"901","USR0000CPIE",2015,8,"TMAX",333,"H"," ","U",228,"H"," ","U",267,"H"," ","U",250,"H"," ","U",256,"H"," ","U",261,"H"," ","U",239,"H"," ","U",250,"H"," ","U",278,"H"," ","U",261,"H"," ","U",261,"H"," ","U",272,"H"," ","U",289,"H"," ","U",250,"H"," ","U",294,"H"," ","U",306,"H"," ","U",322,"H"," ","U",328,"H"," ","U",311,"H"," ","U",289,"H"," ","U",283,"H"," ","U",317,"H"," ","U",283,"H"," ","U",289,"H"," ","U",278,"H"," ","U",278,"H"," ","U",283,"H"," ","U",278,"H"," ","U",200,"H"," ","U",233,"H"," ","U",272,"H"," ","U"
"902","USR0000CPIE",2015,8,"TMIN",178,"H"," ","U",150,"H"," ","U",122,"H"," ","U",100,"H"," ","U",106,"H"," ","U",111,"H"," ","U",111,"H"," ","U",83,"H"," ","U",106,"H"," ","U",128,"H"," ","U",133,"H"," ","U",106,"H"," ","U",133,"H"," ","U",122,"H"," ","U",94,"H"," ","U",128,"H"," ","U",133,"H"," ","U",150,"H"," ","U",150,"H"," ","U",144,"H"," ","U",133,"H"," ","U",133,"H"," ","U",122,"H"," ","U",150,"H"," ","U",150,"H"," ","U",156,"H"," ","U",161,"H"," ","U",133,"H"," ","U",89,"H"," ","U",94,"H"," ","U",78,"H"," ","U"
"903","USR0000CPIE",2015,8,"TAVG",241," "," ","U",192," "," ","U",197," "," ","U",180," "," ","U",186," "," ","U",195," "," ","U",169," "," ","U",173," "," ","U",195," "," ","U",196," "," ","U",189," "," ","U",196," "," ","U",204," "," ","U",184," "," ","U",199," "," ","U",222," "," ","U",234," "," ","U",241," "," ","U",231," "," ","U",213," "," ","U",210," "," ","U",218," "," ","U",207," "," ","U",213," "," ","U",216," "," ","U",212," "," ","U",214," "," ","U",208," "," ","U",157," "," ","U",157," "," ","U",179," "," ","U"
"904","USR0000CPIE",2015,9,"TMAX",261,"H"," ","U",228,"H"," ","U",206,"H"," ","U",161,"H"," ","U",167,"H"," ","U",239,"H"," ","U",261,"H"," ","U",289,"H"," ","U",289,"H"," ","U",328,"H"," ","U",322,"H"," ","U",333,"H"," ","U",278,"H"," ","U",200,"H"," ","U",144,"H"," ","U",106,"H"," ","U",161,"H"," ","U",244,"H"," ","U",256,"H"," ","U",272,"H"," ","U",289,"H"," ","U",250,"H"," ","U",250,"H"," ","U",267,"H"," ","U",261,"H"," ","U",250,"H"," ","U",250,"H"," ","U",244,"H"," ","U",239,"H"," ","U",178,"H"," ","U",NA," "," "," "
"905","USR0000CPIE",2015,9,"TMIN",106,"H"," ","U",111,"H"," ","U",89,"H"," ","U",56,"H"," ","U",17,"H"," ","U",56,"H"," ","U",83,"H"," ","U",106,"H"," ","U",139,"H"," ","U",139,"H"," ","U",156,"H"," ","U",167,"H"," ","U",167,"H"," ","U",111,"H"," ","U",61,"H"," ","U",33,"H"," ","U",50,"H"," ","U",50,"H"," ","U",89,"H"," ","U",106,"H"," ","U",106,"H"," ","U",128,"H"," ","U",106,"H"," ","U",106,"H"," ","U",150,"H"," ","U",133,"H"," ","U",106,"H"," ","U",100,"H"," ","U",89,"H"," ","U",106,"H"," ","U",NA," "," "," "
"906","USR0000CPIE",2015,9,"TAVG",182," "," ","U",168," "," ","U",139," "," ","U",107," "," ","U",101," "," ","U",151," "," ","U",183," "," ","U",205," "," ","U",217," "," ","U",234," "," ","U",238," "," ","U",239," "," ","U",217," "," ","U",158," "," ","U",103," "," ","U",61," "," ","U",101," "," ","U",147," "," ","U",181," "," ","U",199," "," ","U",200," "," ","U",188," "," ","U",178," "," ","U",184," "," ","U",202," "," ","U",184," "," ","U",177," "," ","U",174," "," ","U",168," "," ","U",137," "," ","U",NA," "," "," "
"907","USR0000CPIE",2015,10,"TMAX",133,"H"," ","U",211,"H"," ","U",194,"H"," ","U",172,"H"," ","U",211,"H"," ","U",228,"H"," ","U",239,"H"," ","U",261,"H"," ","U",261,"H"," ","U",233,"H"," ","U",261,"H"," ","U",278,"H"," ","U",278,"H"," ","U",289,"H"," ","U",261,"H"," ","U",228,"H"," ","U",139,"H"," ","U",144,"H"," ","U",150,"H"," ","U",144,"H"," ","U",156,"H"," ","U",172,"H"," ","U",178,"H"," ","U",161,"H"," ","U",172,"H"," ","U",189,"H"," ","U",133,"H"," ","U",83,"H"," ","U",111,"H"," ","U",183,"H"," ","U",178,"H"," ","U"
"908","USR0000CPIE",2015,10,"TMIN",72,"H"," ","U",44,"H"," ","U",56,"H"," ","U",72,"H"," ","U",78,"H"," ","U",72,"H"," ","U",89,"H"," ","U",111,"H"," ","U",111,"H"," ","U",117,"H"," ","U",94,"H"," ","U",111,"H"," ","U",111,"H"," ","U",122,"H"," ","U",133,"H"," ","U",128,"H"," ","U",61,"H"," ","U",22,"H"," ","U",28,"H"," ","U",39,"H"," ","U",39,"H"," ","U",33,"H"," ","U",50,"H"," ","U",56,"H"," ","U",72,"H"," ","U",67,"H"," ","U",56,"H"," ","U",11,"H"," ","U",11,"H"," ","U",11,"H"," ","U",61,"H"," ","U"
"909","USR0000CPIE",2015,10,"TAVG",98," "," ","U",132," "," ","U",101," "," ","U",123," "," ","U",145," "," ","U",156," "," ","U",164," "," ","U",182," "," ","U",184," "," ","U",168," "," ","U",176," "," ","U",190," "," ","U",199," "," ","U",198," "," ","U",192," "," ","U",165," "," ","U",102," "," ","U",78," "," ","U",79," "," ","U",86," "," ","U",92," "," ","U",102," "," ","U",116," "," ","U",107," "," ","U",111," "," ","U",118," "," ","U",92," "," ","U",58," "," ","U",60," "," ","U",99," "," ","U",122," "," ","U"
"910","USR0000CPIE",2015,11,"TMAX",106,"H"," ","U",22,"H"," ","U",72,"H"," ","U",39,"H"," ","U",89,"H"," ","U",89,"H"," ","U",128,"H"," ","U",83,"H"," ","U",28,"H"," ","U",50,"H"," ","U",83,"H"," ","U",111,"H"," ","U",150,"H"," ","U",133,"H"," ","U",39,"H"," ","U",33,"H"," ","U",89,"H"," ","U",122,"H"," ","U",139,"H"," ","U",94,"H"," ","U",111,"H"," ","U",133,"H"," ","U",122,"H"," ","U",39,"H"," ","U",-22,"H"," ","U",-11,"H"," ","U",-22,"H"," ","U",0,"H"," ","U",61,"H"," ","U",28,"H"," ","U",NA," "," "," "
"911","USR0000CPIE",2015,11,"TMIN",11,"H"," ","U",0,"H"," ","U",-17,"H"," ","U",-33,"H"," ","U",-50,"H"," ","U",-22,"H"," ","U",-17,"H"," ","U",0,"H"," ","U",-11,"H"," ","U",-33,"H"," ","U",-67,"H"," ","U",-33,"H"," ","U",-17,"H"," ","U",22,"H"," ","U",-39,"H"," ","U",-56,"H"," ","U",-39,"H"," ","U",0,"H"," ","U",6,"H"," ","U",11,"H"," ","U",6,"H"," ","U",0,"H"," ","U",28,"H"," ","U",-56,"H"," ","U",-78,"H"," ","U",-83,"H"," ","U",-89,"H"," ","U",-106,"H"," ","U",-100,"H"," ","U",-94,"H"," ","U",NA," "," "," "
"912","USR0000CPIE",2015,11,"TAVG",76," "," ","U",9," "," ","U",11," "," ","U",-7," "," ","U",11," "," ","U",29," "," ","U",57," "," ","U",27," "," ","U",-1," "," ","U",4," "," ","U",6," "," ","U",28," "," ","U",58," "," ","U",74," "," ","U",1," "," ","U",-21," "," ","U",19," "," ","U",57," "," ","U",73," "," ","U",56," "," ","U",47," "," ","U",61," "," ","U",73," "," ","U",-9," "," ","U",-50," "," ","U",-58," "," ","U",-57," "," ","U",-59," "," ","U",-31," "," ","U",-20," "," ","U",NA," "," "," "
"913","USR0000CPIE",2015,12,"TMAX",111,"H"," ","U",122,"H"," ","U",100,"H"," ","U",44,"H"," ","U",89,"H"," ","U",56,"H"," ","U",67,"H"," ","U",122,"H"," ","U",72,"H"," ","U",72,"H"," ","U",11,"H"," ","U",6,"H"," ","U",22,"H"," ","U",-22,"H"," ","U",6,"H"," ","U",56,"H"," ","U",22,"H"," ","U",56,"H"," ","U",17,"H"," ","U",-6,"H"," ","U",33,"H"," ","U",50,"H"," ","U",11,"H"," ","U",-28,"H"," ","U",-11,"H"," ","U",-22,"H"," ","U",6,"H"," ","U",6,"H"," ","U",33,"H"," ","U",17,"H"," ","U",-28,"H"," ","U"
"914","USR0000CPIE",2015,12,"TMIN",-44,"H"," ","U",17,"H"," ","U",0,"H"," ","U",-28,"H"," ","U",-44,"H"," ","U",-6,"H"," ","U",39,"H"," ","U",28,"H"," ","U",39,"H"," ","U",-11,"H"," ","U",-22,"H"," ","U",-50,"H"," ","U",-61,"H"," ","U",-89,"H"," ","U",-78,"H"," ","U",-89,"H"," ","U",-11,"H"," ","U",0,"H"," ","U",-56,"H"," ","U",-50,"H"," ","U",0,"H"," ","U",6,"H"," ","U",-39,"H"," ","U",-61,"H"," ","U",-94,"H"," ","U",-94,"H"," ","U",-94,"H"," ","U",-61,"H"," ","U",-83,"H"," ","U",-61,"H"," ","U",-100,"H"," ","U"
"915","USR0000CPIE",2015,12,"TAVG",19," "," ","U",61," "," ","U",40," "," ","U",-1," "," ","U",12," "," ","U",32," "," ","U",48," "," ","U",62," "," ","U",58," "," ","U",16," "," ","U",-11," "," ","U",-16," "," ","U",-13," "," ","U",-58," "," ","U",-45," "," ","U",-13," "," ","U",7," "," ","U",17," "," ","U",-12," "," ","U",-23," "," ","U",12," "," ","U",29," "," ","U",-21," "," ","U",-44," "," ","U",-56," "," ","U",-62," "," ","U",-48," "," ","U",-36," "," ","U",-32," "," ","U",-29," "," ","U",-74," "," ","U"
"916","USR0000CPIE",2016,1,"TMAX",-61,"H"," ","U",72,"H"," ","U",83,"H"," ","U",56,"H"," ","U",28,"H"," ","U",22,"H"," ","U",67,"H"," ","U",67,"H"," ","U",11,"H"," ","U",44,"H"," ","U",67,"H"," ","U",128,"H"," ","U",39,"H"," ","U",0,"H"," ","U",67,"H"," ","U",67,"H"," ","U",67,"H"," ","U",61,"H"," ","U",67,"H"," ","U",78,"H"," ","U",122,"H"," ","U",50,"H"," ","U",39,"H"," ","U",39,"H"," ","U",100,"H"," ","U",89,"H"," ","U",167,"H"," ","U",100,"H"," ","U",72,"H"," ","U",50,"H"," ","U",-17,"H"," ","U"
"917","USR0000CPIE",2016,1,"TMIN",-122,"H"," ","U",-128,"H"," ","U",-28,"H"," ","U",-17,"H"," ","U",0,"H"," ","U",-22,"H"," ","U",-28,"H"," ","U",-78,"H"," ","U",-28,"H"," ","U",-56,"H"," ","U",-44,"H"," ","U",-28,"H"," ","U",-22,"H"," ","U",-39,"H"," ","U",-39,"H"," ","U",0,"H"," ","U",6,"H"," ","U",6,"H"," ","U",11,"H"," ","U",6,"H"," ","U",28,"H"," ","U",11,"H"," ","U",0,"H"," ","U",-11,"H"," ","U",-44,"H"," ","U",-50,"H"," ","U",-17,"H"," ","U",0,"H"," ","U",0,"H"," ","U",-39,"H"," ","U",-67,"H"," ","U"
"918","USR0000CPIE",2016,1,"TAVG",-94," "," ","U",-38," "," ","U",19," "," ","U",8," "," ","U",11," "," ","U",-4," "," ","U",0," "," ","U",-14," "," ","U",-8," "," ","U",-16," "," ","U",4," "," ","U",30," "," ","U",-1," "," ","U",-17," "," ","U",6," "," ","U",31," "," ","U",31," "," ","U",27," "," ","U",34," "," ","U",39," "," ","U",67," "," ","U",33," "," ","U",11," "," ","U",6," "," ","U",7," "," ","U",12," "," ","U",54," "," ","U",34," "," ","U",48," "," ","U",-8," "," ","U",-41," "," ","U"
"919","USR0000CPIE",2016,2,"TMAX",56,"H"," ","U",0,"H"," ","U",6,"H"," ","U",122,"H"," ","U",144,"H"," ","U",144,"H"," ","U",106,"H"," ","U",111,"H"," ","U",183,"H"," ","U",161,"H"," ","U",183,"H"," ","U",156,"H"," ","U",150,"H"," ","U",122,"H"," ","U",144,"H"," ","U",167,"H"," ","U",106,"H"," ","U",11,"H"," ","U",11,"H"," ","U",133,"H"," ","U",133,"H"," ","U",111,"H"," ","U",117,"H"," ","U",150,"H"," ","U",161,"H"," ","U",156,"H"," ","U",111,"H"," ","U",133,"H"," ","U",122,"H"," ","U",NA," "," "," ",NA," "," "," "
"920","USR0000CPIE",2016,2,"TMIN",-89,"H"," ","U",-89,"H"," ","U",-89,"H"," ","U",-33,"H"," ","U",-44,"H"," ","U",6,"H"," ","U",0,"H"," ","U",6,"H"," ","U",11,"H"," ","U",33,"H"," ","U",44,"H"," ","U",39,"H"," ","U",17,"H"," ","U",28,"H"," ","U",33,"H"," ","U",44,"H"," ","U",-11,"H"," ","U",-17,"H"," ","U",-17,"H"," ","U",-6,"H"," ","U",-22,"H"," ","U",-28,"H"," ","U",-11,"H"," ","U",11,"H"," ","U",17,"H"," ","U",44,"H"," ","U",28,"H"," ","U",33,"H"," ","U",28,"H"," ","U",NA," "," "," ",NA," "," "," "
"921","USR0000CPIE",2016,2,"TAVG",-42," "," ","U",-43," "," ","U",-31," "," ","U",15," "," ","U",36," "," ","U",61," "," ","U",54," "," ","U",69," "," ","U",86," "," ","U",93," "," ","U",99," "," ","U",90," "," ","U",79," "," ","U",71," "," ","U",87," "," ","U",101," "," ","U",60," "," ","U",-4," "," ","U",3," "," ","U",42," "," ","U",45," "," ","U",42," "," ","U",41," "," ","U",76," "," ","U",92," "," ","U",87," "," ","U",63," "," ","U",71," "," ","U",71," "," ","U",NA," "," "," ",NA," "," "," "
"922","USR0000CPIE",2016,3,"TMAX",122,"H"," ","U",150,"H"," ","U",72,"H"," ","U",89,"H"," ","U",72,"H"," ","U",28,"H"," ","U",33,"H"," ","U",33,"H"," ","U",61,"H"," ","U",61,"H"," ","U",39,"H"," ","U",33,"H"," ","U",39,"H"," ","U",39,"H"," ","U",100,"H"," ","U",133,"H"," ","U",167,"H"," ","U",161,"H"," ","U",167,"H"," ","U",78,"H"," ","U",44,"H"," ","U",61,"H"," ","U",117,"H"," ","U",122,"H"," ","U",139,"H"," ","U",128,"H"," ","U",106,"H"," ","U",22,"H"," ","U",44,"H"," ","U",111,"H"," ","U",172,"H"," ","U"
"923","USR0000CPIE",2016,3,"TMIN",28,"H"," ","U",44,"H"," ","U",39,"H"," ","U",22,"H"," ","U",22,"H"," ","U",-11,"H"," ","U",-28,"H"," ","U",-50,"H"," ","U",0,"H"," ","U",11,"H"," ","U",0,"H"," ","U",0,"H"," ","U",0,"H"," ","U",-11,"H"," ","U",-33,"H"," ","U",-11,"H"," ","U",11,"H"," ","U",11,"H"," ","U",33,"H"," ","U",6,"H"," ","U",-17,"H"," ","U",-28,"H"," ","U",-39,"H"," ","U",0,"H"," ","U",6,"H"," ","U",-17,"H"," ","U",6,"H"," ","U",-33,"H"," ","U",-22,"H"," ","U",-6,"H"," ","U",0,"H"," ","U"
"924","USR0000CPIE",2016,3,"TAVG",71," "," ","U",84," "," ","U",58," "," ","U",54," "," ","U",47," "," ","U",3," "," ","U",3," "," ","U",-4," "," ","U",39," "," ","U",34," "," ","U",16," "," ","U",9," "," ","U",19," "," ","U",9," "," ","U",32," "," ","U",63," "," ","U",86," "," ","U",93," "," ","U",96," "," ","U",52," "," ","U",6," "," ","U",-2," "," ","U",45," "," ","U",62," "," ","U",61," "," ","U",62," "," ","U",59," "," ","U",-7," "," ","U",9," "," ","U",53," "," ","U",89," "," ","U"
"925","USR0000CPIE",2016,4,"TMAX",194,"H"," ","U",178,"H"," ","U",172,"H"," ","U",156,"H"," ","U",144,"H"," ","U",189,"H"," ","U",206,"H"," ","U",194,"H"," ","U",122,"H"," ","U",117,"H"," ","U",139,"H"," ","U",106,"H"," ","U",100,"H"," ","U",39,"H"," ","U",94,"H"," ","U",144,"H"," ","U",183,"H"," ","U",222,"H"," ","U",217,"H"," ","U",189,"H"," ","U",161,"H"," ","U",72,"H"," ","U",100,"H"," ","U",128,"H"," ","U",78,"H"," ","U",111,"H"," ","U",100,"H"," ","U",128,"H"," ","U",139,"H"," ","U",128,"H"," ","U",NA," "," "," "
"926","USR0000CPIE",2016,4,"TMIN",50,"H"," ","U",39,"H"," ","U",44,"H"," ","U",33,"H"," ","U",0,"H"," ","U",83,"H"," ","U",100,"H"," ","U",72,"H"," ","U",56,"H"," ","U",50,"H"," ","U",44,"H"," ","U",50,"H"," ","U",6,"H"," ","U",-22,"H"," ","U",-22,"H"," ","U",17,"H"," ","U",50,"H"," ","U",56,"H"," ","U",67,"H"," ","U",67,"H"," ","U",61,"H"," ","U",0,"H"," ","U",6,"H"," ","U",-11,"H"," ","U",-22,"H"," ","U",-17,"H"," ","U",6,"H"," ","U",11,"H"," ","U",17,"H"," ","U",11,"H"," ","U",NA," "," "," "
"927","USR0000CPIE",2016,4,"TAVG",120," "," ","U",107," "," ","U",106," "," ","U",94," "," ","U",89," "," ","U",139," "," ","U",159," "," ","U",124," "," ","U",79," "," ","U",73," "," ","U",88," "," ","U",72," "," ","U",57," "," ","U",5," "," ","U",39," "," ","U",91," "," ","U",125," "," ","U",144," "," ","U",146," "," ","U",127," "," ","U",110," "," ","U",25," "," ","U",44," "," ","U",43," "," ","U",23," "," ","U",52," "," ","U",44," "," ","U",68," "," ","U",67," "," ","U",67," "," ","U",NA," "," "," "
"928","USR0000CPIE",2016,5,"TMAX",156,"H"," ","U",167,"H"," ","U",183,"H"," ","U",161,"H"," ","U",94,"H"," ","U",139,"H"," ","U",111,"H"," ","U",194,"H"," ","U",178,"H"," ","U",156,"H"," ","U",211,"H"," ","U",222,"H"," ","U",233,"H"," ","U",144,"H"," ","U",161,"H"," ","U",156,"H"," ","U",189,"H"," ","U",222,"H"," ","U",172,"H"," ","U",61,"H"," ","U",67,"H"," ","U",89,"H"," ","U",106,"H"," ","U",133,"H"," ","U",156,"H"," ","U",189,"H"," ","U",183,"H"," ","U",200,"H"," ","U",222,"H"," ","U",244,"H"," ","U",261,"H"," ","U"
"929","USR0000CPIE",2016,5,"TMIN",44,"H"," ","U",50,"H"," ","U",39,"H"," ","U",61,"H"," ","U",50,"H"," ","U",39,"H"," ","U",50,"H"," ","U",67,"H"," ","U",67,"H"," ","U",39,"H"," ","U",72,"H"," ","U",89,"H"," ","U",100,"H"," ","U",56,"H"," ","U",39,"H"," ","U",28,"H"," ","U",50,"H"," ","U",78,"H"," ","U",39,"H"," ","U",0,"H"," ","U",-6,"H"," ","U",6,"H"," ","U",0,"H"," ","U",28,"H"," ","U",39,"H"," ","U",56,"H"," ","U",61,"H"," ","U",78,"H"," ","U",67,"H"," ","U",100,"H"," ","U",117,"H"," ","U"
"930","USR0000CPIE",2016,5,"TAVG",100," "," ","U",112," "," ","U",111," "," ","U",102," "," ","U",69," "," ","U",72," "," ","U",78," "," ","U",119," "," ","U",115," "," ","U",102," "," ","U",137," "," ","U",161," "," ","U",165," "," ","U",101," "," ","U",97," "," ","U",94," "," ","U",126," "," ","U",149," "," ","U",121," "," ","U",18," "," ","U",25," "," ","U",48," "," ","U",59," "," ","U",71," "," ","U",96," "," ","U",118," "," ","U",122," "," ","U",139," "," ","U",159," "," ","U",178," "," ","U",194," "," ","U"
"931","USR0000CPIE",2016,6,"TMAX",250,"H"," ","U",256,"H"," ","U",294,"H"," ","U",289,"H"," ","U",256,"H"," ","U",272,"H"," ","U",267,"H"," ","U",239,"H"," ","U",211,"H"," ","U",167,"H"," ","U",194,"H"," ","U",217,"H"," ","U",206,"H"," ","U",150,"H"," ","U",100,"H"," ","U",122,"H"," ","U",144,"H"," ","U",161,"H"," ","U",233,"H"," ","U",250,"H"," ","U",267,"H"," ","U",256,"H"," ","U",228,"H"," ","U",239,"H"," ","U",272,"H"," ","U",278,"H"," ","U",289,"H"," ","U",289,"H"," ","U",289,"H"," ","U",283,"H"," ","U",NA," "," "," "
"932","USR0000CPIE",2016,6,"TMIN",133,"H"," ","U",111,"H"," ","U",111,"H"," ","U",150,"H"," ","U",128,"H"," ","U",117,"H"," ","U",150,"H"," ","U",128,"H"," ","U",100,"H"," ","U",72,"H"," ","U",56,"H"," ","U",100,"H"," ","U",83,"H"," ","U",50,"H"," ","U",22,"H"," ","U",22,"H"," ","U",61,"H"," ","U",61,"H"," ","U",61,"H"," ","U",111,"H"," ","U",117,"H"," ","U",122,"H"," ","U",122,"H"," ","U",111,"H"," ","U",100,"H"," ","U",128,"H"," ","U",128,"H"," ","U",133,"H"," ","U",144,"H"," ","U",139,"H"," ","U",NA," "," "," "
"933","USR0000CPIE",2016,6,"TAVG",194," "," ","U",190," "," ","U",209," "," ","U",220," "," ","U",183," "," ","U",201," "," ","U",207," "," ","U",181," "," ","U",154," "," ","U",126," "," ","U",132," "," ","U",158," "," ","U",149," "," ","U",101," "," ","U",58," "," ","U",71," "," ","U",99," "," ","U",104," "," ","U",157," "," ","U",187," "," ","U",200," "," ","U",196," "," ","U",174," "," ","U",172," "," ","U",193," "," ","U",212," "," ","U",218," "," ","U",222," "," ","U",221," "," ","U",224," "," ","U",NA," "," "," "
"934","USR0000CPIE",2016,7,"TMAX",278,"H"," ","U",272,"H"," ","U",267,"H"," ","U",256,"H"," ","U",244,"H"," ","U",233,"H"," ","U",239,"H"," ","U",222,"H"," ","U",194,"H"," ","U",189,"H"," ","U",233,"H"," ","U",239,"H"," ","U",283,"H"," ","U",294,"H"," ","U",278,"H"," ","U",261,"H"," ","U",244,"H"," ","U",211,"H"," ","U",217,"H"," ","U",250,"H"," ","U",256,"H"," ","U",267,"H"," ","U",294,"H"," ","U",300,"H"," ","U",294,"H"," ","U",322,"H"," ","U",322,"H"," ","U",328,"H"," ","U",333,"H"," ","U",300,"H"," ","U",283,"H"," ","U"
"935","USR0000CPIE",2016,7,"TMIN",161,"H"," ","U",144,"H"," ","U",133,"H"," ","U",117,"H"," ","U",111,"H"," ","U",111,"H"," ","U",106,"H"," ","U",117,"H"," ","U",78,"H"," ","U",67,"H"," ","U",56,"H"," ","U",89,"H"," ","U",106,"H"," ","U",122,"H"," ","U",133,"H"," ","U",122,"H"," ","U",122,"H"," ","U",111,"H"," ","U",100,"H"," ","U",117,"H"," ","U",144,"H"," ","U",128,"H"," ","U",111,"H"," ","U",156,"H"," ","U",144,"H"," ","U",150,"H"," ","U",144,"H"," ","U",178,"H"," ","U",189,"H"," ","U",172,"H"," ","U",161,"H"," ","U"
"936","USR0000CPIE",2016,7,"TAVG",227," "," ","U",210," "," ","U",202," "," ","U",193," "," ","U",183," "," ","U",177," "," ","U",177," "," ","U",169," "," ","U",144," "," ","U",122," "," ","U",152," "," ","U",172," "," ","U",203," "," ","U",218," "," ","U",212," "," ","U",198," "," ","U",182," "," ","U",160," "," ","U",162," "," ","U",184," "," ","U",196," "," ","U",198," "," ","U",215," "," ","U",230," "," ","U",225," "," ","U",243," "," ","U",249," "," ","U",262," "," ","U",266," "," ","U",243," "," ","U",227," "," ","U"
"937","USR0000CPIE",2016,8,"TMAX",300,"H"," ","U",289,"H"," ","U",306,"H"," ","U",283,"H"," ","U",250,"H"," ","U",256,"H"," ","U",250,"H"," ","U",244,"H"," ","U",250,"H"," ","U",256,"H"," ","U",289,"H"," ","U",311,"H"," ","U",317,"H"," ","U",278,"H"," ","U",300,"H"," ","U",322,"H"," ","U",317,"H"," ","U",322,"H"," ","U",328,"H"," ","U",317,"H"," ","U",311,"H"," ","U",278,"H"," ","U",283,"H"," ","U",278,"H"," ","U",278,"H"," ","U",278,"H"," ","U",272,"H"," ","U",272,"H"," ","U",272,"H"," ","U",256,"H"," ","U",250,"H"," ","U"
"938","USR0000CPIE",2016,8,"TMIN",139,"H"," ","U",156,"H"," ","U",128,"H"," ","U",139,"H"," ","U",144,"H"," ","U",94,"H"," ","U",94,"H"," ","U",106,"H"," ","U",94,"H"," ","U",111,"H"," ","U",111,"H"," ","U",150,"H"," ","U",156,"H"," ","U",150,"H"," ","U",133,"H"," ","U",128,"H"," ","U",178,"H"," ","U",161,"H"," ","U",189,"H"," ","U",183,"H"," ","U",178,"H"," ","U",128,"H"," ","U",156,"H"," ","U",111,"H"," ","U",117,"H"," ","U",122,"H"," ","U",111,"H"," ","U",111,"H"," ","U",139,"H"," ","U",161,"H"," ","U",133,"H"," ","U"
"939","USR0000CPIE",2016,8,"TAVG",219," "," ","U",222," "," ","U",224," "," ","U",221," "," ","U",194," "," ","U",182," "," ","U",179," "," ","U",177," "," ","U",178," "," ","U",186," "," ","U",216," "," ","U",236," "," ","U",242," "," ","U",218," "," ","U",220," "," ","U",237," "," ","U",248," "," ","U",243," "," ","U",257," "," ","U",243," "," ","U",233," "," ","U",213," "," ","U",209," "," ","U",198," "," ","U",197," "," ","U",200," "," ","U",198," "," ","U",194," "," ","U",203," "," ","U",200," "," ","U",190," "," ","U"
"940","USR0000CPIE",2016,9,"TMAX",233,"H"," ","U",222,"H"," ","U",211,"H"," ","U",194,"H"," ","U",206,"H"," ","U",244,"H"," ","U",267,"H"," ","U",272,"H"," ","U",256,"H"," ","U",294,"H"," ","U",261,"H"," ","U",200,"H"," ","U",194,"H"," ","U",200,"H"," ","U",217,"H"," ","U",239,"H"," ","U",267,"H"," ","U",272,"H"," ","U",256,"H"," ","U",239,"H"," ","U",183,"H"," ","U",94,"H"," ","U",183,"H"," ","U",217,"H"," ","U",228,"H"," ","U",278,"H"," ","U",283,"H"," ","U",267,"H"," ","U",228,"H"," ","U",200,"H"," ","U",NA," "," "," "
"941","USR0000CPIE",2016,9,"TMIN",89,"H"," ","U",100,"H"," ","U",83,"H"," ","U",67,"H"," ","U",61,"H"," ","U",78,"H"," ","U",89,"H"," ","U",117,"H"," ","U",128,"H"," ","U",133,"H"," ","U",128,"H"," ","U",89,"H"," ","U",61,"H"," ","U",50,"H"," ","U",78,"H"," ","U",78,"H"," ","U",111,"H"," ","U",128,"H"," ","U",144,"H"," ","U",133,"H"," ","U",56,"H"," ","U",28,"H"," ","U",89,"H"," ","U",61,"H"," ","U",139,"H"," ","U",144,"H"," ","U",128,"H"," ","U",133,"H"," ","U",122,"H"," ","U",72,"H"," ","U",NA," "," "," "
"942","USR0000CPIE",2016,9,"TAVG",167," "," ","U",163," "," ","U",147," "," ","U",124," "," ","U",149," "," ","U",166," "," ","U",184," "," ","U",198," "," ","U",196," "," ","U",217," "," ","U",194," "," ","U",134," "," ","U",124," "," ","U",131," "," ","U",158," "," ","U",165," "," ","U",192," "," ","U",199," "," ","U",197," "," ","U",182," "," ","U",132," "," ","U",58," "," ","U",138," "," ","U",152," "," ","U",183," "," ","U",211," "," ","U",207," "," ","U",198," "," ","U",175," "," ","U",141," "," ","U",NA," "," "," "
"943","USR0000CPIE",2016,10,"TMAX",150,"H"," ","U",89,"H"," ","U",17,"H","I","U",111,"H"," ","U",117,"H"," ","U",167,"H"," ","U",217,"H"," ","U",222,"H"," ","U",211,"H"," ","U",189,"H"," ","U",189,"H"," ","U",194,"H"," ","U",161,"H"," ","U",89,"H"," ","U",94,"H"," ","U",83,"H"," ","U",78,"H"," ","U",94,"H"," ","U",144,"H"," ","U",194,"H"," ","U",178,"H"," ","U",161,"H"," ","U",167,"H"," ","U",106,"H"," ","U",89,"H"," ","U",161,"H"," ","U",106,"H"," ","U",89,"H"," ","U",128,"H"," ","U",89,"H"," ","U",56,"H","I","U"
"944","USR0000CPIE",2016,10,"TMIN",78,"H"," ","U",28,"H"," ","U",-11,"H"," ","U",44,"H"," ","U",61,"H"," ","U",78,"H"," ","U",44,"H"," ","U",78,"H"," ","U",72,"H"," ","U",94,"H"," ","U",72,"H"," ","U",44,"H"," ","U",83,"H"," ","U",56,"H"," ","U",44,"H"," ","U",39,"H"," ","U",56,"H"," ","U",56,"H"," ","U",61,"H"," ","U",28,"H"," ","U",67,"H"," ","U",72,"H"," ","U",89,"H"," ","U",50,"H"," ","U",61,"H"," ","U",72,"H"," ","U",78,"H"," ","U",67,"H"," ","U",67,"H"," ","U",72,"H","I","U",6,"H"," ","U"
"945","USR0000CPIE",2016,10,"TAVG",120," "," ","U",60," "," ","U",0," "," ","U",74," "," ","U",91," "," ","U",121," "," ","U",136," "," ","U",154," "," ","U",149," "," ","U",135," "," ","U",125," "," ","U",119," "," ","U",111," "," ","U",69," "," ","U",63," "," ","U",56," "," ","U",66," "," ","U",80," "," ","U",108," "," ","U",122," "," ","U",127," "," ","U",112," "," ","U",124," "," ","U",77," "," ","U",72," "," ","U",111," "," ","U",88," "," ","U",74," "," ","U",87," "," ","U",80," "," ","U",39," "," ","U"
"946","USR0000CPIE",2016,11,"TMAX",56,"H"," ","U",150,"H"," ","U",161,"H"," ","U",183,"H"," ","U",156,"H"," ","U",106,"H"," ","U",178,"H"," ","U",200,"H"," ","U",206,"H"," ","U",200,"H"," ","U",167,"H"," ","U",139,"H"," ","U",156,"H"," ","U",167,"H"," ","U",133,"H"," ","U",44,"H","I","U",67,"H"," ","U",111,"H"," ","U",61,"H"," ","U",44,"H","I","U",61,"H"," ","U",NA," "," "," ",-39,"H","I","U",89,"H"," ","U",78,"H"," ","U",67,"H"," ","U",NA," "," "," ",NA," "," "," ",67,"H"," ","U",17,"H"," ","U",NA," "," "," "
"947","USR0000CPIE",2016,11,"TMIN",39,"H"," ","U",0,"H"," ","U",6,"H"," ","U",39,"H"," ","U",56,"H"," ","U",56,"H"," ","U",56,"H"," ","U",83,"H"," ","U",100,"H"," ","U",61,"H"," ","U",78,"H"," ","U",72,"H"," ","U",78,"H"," ","U",72,"H"," ","U",56,"H","I","U",-33,"H"," ","U",-67,"H"," ","U",-33,"H"," ","U",0,"H"," ","U",22,"H"," ","U",61,"H","I","U",NA," "," "," ",-39,"H"," ","U",0,"H","I","U",-11,"H"," ","U",0,"H"," ","U",NA," "," "," ",NA," "," "," ",-33,"H"," ","U",-50,"H"," ","U",NA," "," "," "
"948","USR0000CPIE",2016,11,"TAVG",46," "," ","U",87," "," ","U",85," "," ","U",113," "," ","U",106," "," ","U",78," "," ","U",108," "," ","U",138," "," ","U",147," "," ","U",126," "," ","U",123," "," ","U",97," "," ","U",109," "," ","U",114," "," ","U",86," "," ","U",7," "," ","U",-11," "," ","U",59," "," ","U",29," "," ","U",35," "," ","U",61," "," ","U",NA," "," "," ",-39," "," ","U",38," "," ","U",33," "," ","U",36," "," ","U",NA," "," "," ",NA," "," "," ",4," "," ","U",-8," "," ","U",NA," "," "," "
"949","USR0000CPIE",2016,12,"TMAX",-33,"H"," ","U",0,"H","I","U",122,"H"," ","U",72,"H"," ","U",50,"H"," ","U",-28,"H"," ","U",-94,"H","I","U",50,"H"," ","U",61,"H"," ","U",44,"H"," ","U",11,"H","I","U",67,"H"," ","U",NA," "," "," ",56,"H"," ","U",NA," "," "," ",NA," "," "," ",NA," "," "," ",NA," "," "," ",NA," "," "," ",106,"H"," ","U",28,"H"," ","U",-17,"H","I","U",NA," "," "," ",NA," "," "," ",-128,"H","S","U",-122,"H"," ","U",0,"H","N","U",111,"H"," ","U",122,"H"," ","U",94,"H"," ","U",67,"H"," ","U"
"950","USR0000CPIE",2016,12,"TMIN",-33,"H"," ","U",-33,"H"," ","U",33,"H","I","U",17,"H"," ","U",-28,"H"," ","U",-50,"H"," ","U",-94,"H"," ","U",50,"H"," ","U",44,"H"," ","U",44,"H"," ","U",-6,"H"," ","U",67,"H"," ","U",NA," "," "," ",50,"H"," ","U",NA," "," "," ",NA," "," "," ",NA," "," "," ",NA," "," "," ",NA," "," "," ",33,"H"," ","U",6,"H","I","U",-17,"H"," ","U",NA," "," "," ",NA," "," "," ",-128,"H"," ","U",-122,"H"," ","U",0,"H","N","U",-11,"H"," ","U",-22,"H"," ","U",28,"H"," ","U",-11,"H"," ","U"
"951","USR0000CPIE",2016,12,"TAVG",-33," "," ","U",-17," "," ","U",88," "," ","U",54," "," ","U",-2," "," ","U",-39," "," ","U",-94," "," ","U",50," "," ","U",49," "," ","U",44," "," ","U",3," "," ","U",67," "," ","U",NA," "," "," ",52," "," ","U",NA," "," "," ",NA," "," "," ",NA," "," "," ",NA," "," "," ",NA," "," "," ",83," "," ","U",13," "," ","U",-17," "," ","U",NA," "," "," ",NA," "," "," ",-128," "," ","U",-122," "," ","U",0," "," ","U",74," "," ","U",58," "," ","U",63," "," ","U",42," "," ","U"
"952","USR0000CPIE",2017,1,"TMAX",28,"H"," ","U",NA," "," "," ",NA," "," "," ",NA," "," "," ",NA," "," "," ",NA," "," "," ",NA," "," "," ",NA," "," "," ",NA," "," "," ",-6,"H"," ","U",NA," "," "," ",NA," "," "," ",NA," "," "," ",NA," "," "," ",NA," "," "," ",-72,"H"," ","U",NA," "," "," ",NA," "," "," ",NA," "," "," ",NA," "," "," ",NA," "," "," ",NA," "," "," ",-56,"H"," ","U",-61,"H"," ","U",NA," "," "," ",NA," "," "," ",-67,"H"," ","U",-61,"H","I","U",89,"H","I","U",189,"H"," ","U",117,"H"," ","U"
"953","USR0000CPIE",2017,1,"TMIN",-28,"H"," ","U",NA," "," "," ",NA," "," "," ",NA," "," "," ",NA," "," "," ",NA," "," "," ",NA," "," "," ",NA," "," "," ",NA," "," "," ",-6,"H"," ","U",NA," "," "," ",NA," "," "," ",NA," "," "," ",NA," "," "," ",NA," "," "," ",-72,"H"," ","U",NA," "," "," ",NA," "," "," ",NA," "," "," ",NA," "," "," ",NA," "," "," ",NA," "," "," ",-56,"H"," ","U",-61,"H"," ","U",NA," "," "," ",NA," "," "," ",-67,"H"," ","U",-61,"H"," ","U",89,"H","I","U",117,"H","I","U",83,"H"," ","U"
"954","USR0000CPIE",2017,1,"TAVG",-7," "," ","U",NA," "," "," ",NA," "," "," ",NA," "," "," ",NA," "," "," ",NA," "," "," ",NA," "," "," ",NA," "," "," ",NA," "," "," ",-6," "," ","U",NA," "," "," ",NA," "," "," ",NA," "," "," ",NA," "," "," ",NA," "," "," ",-72," "," ","U",NA," "," "," ",NA," "," "," ",NA," "," "," ",NA," "," "," ",NA," "," "," ",NA," "," "," ",-56," "," ","U",-61," "," ","U",NA," "," "," ",NA," "," "," ",-67," "," ","U",-61," "," ","U",89," "," ","U",146," "," ","U",96," "," ","U"
"955","USR0000CPIE",2017,2,"TMAX",83,"H"," ","U",NA," "," "," ",NA," "," "," ",NA," "," "," ",72,"H"," ","U",NA," "," "," ",44,"H"," ","U",50,"H"," ","U",83,"H"," ","U",NA," "," "," ",-6,"H"," ","U",72,"H"," ","U",67,"H","I","U",156,"H"," ","U",106,"H"," ","U",NA," "," "," ",NA," "," "," ",NA," "," "," ",NA," "," "," ",NA," "," "," ",NA," "," "," ",NA," "," "," ",NA," "," "," ",-150,"H","G","U",NA," "," "," ",NA," "," "," ",NA," "," "," ",NA," "," "," ",NA," "," "," ",NA," "," "," ",NA," "," "," "
"956","USR0000CPIE",2017,2,"TMIN",28,"H"," ","U",NA," "," "," ",NA," "," "," ",NA," "," "," ",72,"H"," ","U",NA," "," "," ",44,"H"," ","U",50,"H"," ","U",28,"H"," ","U",NA," "," "," ",-17,"H"," ","U",-33,"H"," ","U",67,"H"," ","U",100,"H","I","U",83,"H"," ","U",NA," "," "," ",NA," "," "," ",NA," "," "," ",NA," "," "," ",NA," "," "," ",NA," "," "," ",NA," "," "," ",NA," "," "," ",-150,"H"," ","U",NA," "," "," ",NA," "," "," ",NA," "," "," ",NA," "," "," ",NA," "," "," ",NA," "," "," ",NA," "," "," "
"957","USR0000CPIE",2017,2,"TAVG",50," "," ","U",NA," "," "," ",NA," "," "," ",NA," "," "," ",72," "," ","U",NA," "," "," ",44," "," ","U",50," "," ","U",65," "," ","U",NA," "," "," ",-11," "," ","U",2," "," ","U",67," "," ","U",129," "," ","U",93," "," ","U",NA," "," "," ",NA," "," "," ",NA," "," "," ",NA," "," "," ",NA," "," "," ",NA," "," "," ",NA," "," "," ",NA," "," "," ",-150," "," ","U",NA," "," "," ",NA," "," "," ",NA," "," "," ",NA," "," "," ",NA," "," "," ",NA," "," "," ",NA," "," "," "
"958","USR0000CPIE",2017,3,"TMAX",111,"H"," ","U",172,"H"," ","U",117,"H"," ","U",NA," "," "," ",-89,"H","I","U",-67,"H"," ","U",NA," "," "," ",117,"H"," ","U",194,"H"," ","U",161,"H"," ","U",150,"H"," ","U",211,"H"," ","U",233,"H"," ","U",206,"H"," ","U",133,"H"," ","U",128,"H"," ","U",161,"H"," ","U",106,"H"," ","U",133,"H"," ","U",122,"H"," ","U",NA," "," "," ",NA," "," "," ",67,"H"," ","U",NA," "," "," ",78,"H"," ","U",NA," "," "," ",61,"H"," ","U",100,"H"," ","U",144,"H"," ","U",NA," "," "," ",89,"H"," ","U"
"959","USR0000CPIE",2017,3,"TMIN",78,"H","S","U",100,"H"," ","U",78,"H"," ","U",NA," "," "," ",-89,"H"," ","U",-67,"H","I","U",NA," "," "," ",83,"H"," ","U",94,"H"," ","U",94,"H"," ","U",89,"H"," ","U",61,"H"," ","U",39,"H"," ","U",78,"H"," ","U",67,"H"," ","U",50,"H"," ","U",100,"H"," ","U",61,"H"," ","U",83,"H"," ","U",39,"H"," ","U",NA," "," "," ",NA," "," "," ",56,"H"," ","U",NA," "," "," ",50,"H"," ","U",NA," "," "," ",56,"H"," ","U",56,"H"," ","U",67,"H"," ","U",NA," "," "," ",56,"H"," ","U"
"960","USR0000CPIE",2017,3,"TAVG",93," "," ","U",124," "," ","U",98," "," ","U",NA," "," "," ",-89," "," ","U",-67," "," ","U",NA," "," "," ",104," "," ","U",146," "," ","U",133," "," ","U",131," "," ","U",148," "," ","U",133," "," ","U",136," "," ","U",96," "," ","U",87," "," ","U",138," "," ","U",85," "," ","U",106," "," ","U",84," "," ","U",NA," "," "," ",NA," "," "," ",60," "," ","U",NA," "," "," ",64," "," ","U",NA," "," "," ",59," "," ","U",78," "," ","U",108," "," ","U",NA," "," "," ",79," "," ","U"
"961","USR0000CPIE",2017,4,"TMAX",167,"H"," ","U",144,"H"," ","U",122,"H"," ","U",150,"H"," ","U",156,"H"," ","U",61,"H","I","U",NA," "," "," ",NA," "," "," ",NA," "," "," ",78,"H"," ","U",NA," "," "," ",89,"H"," ","U",NA," "," "," ",-56,"H","I","U",128,"H"," ","U",122,"H"," ","U",94,"H"," ","U",111,"H"," ","U",111,"H"," ","U",94,"H"," ","U",172,"H"," ","U",139,"H"," ","U",128,"H"," ","U",NA," "," "," ",94,"H"," ","U",94,"H"," ","U",111,"H"," ","U",83,"H"," ","U",161,"H"," ","U",189,"H"," ","U",NA," "," "," "
"962","USR0000CPIE",2017,4,"TMIN",94,"H"," ","U",78,"H"," ","U",72,"H"," ","U",83,"H"," ","U",72,"H","I","U",39,"H"," ","U",NA," "," "," ",NA," "," "," ",NA," "," "," ",61,"H"," ","U",NA," "," "," ",61,"H"," ","U",NA," "," "," ",-56,"H"," ","U",-28,"H","I","U",50,"H"," ","U",67,"H"," ","U",72,"H"," ","U",50,"H"," ","U",61,"H"," ","U",89,"H"," ","U",72,"H"," ","U",67,"H"," ","U",NA," "," "," ",56,"H"," ","U",39,"H"," ","U",17,"H"," ","U",56,"H"," ","U",78,"H"," ","U",106,"H"," ","U",NA," "," "," "
"963","USR0000CPIE",2017,4,"TAVG",126," "," ","U",123," "," ","U",101," "," ","U",117," "," ","U",128," "," ","U",52," "," ","U",NA," "," "," ",NA," "," "," ",NA," "," "," ",72," "," ","U",NA," "," "," ",81," "," ","U",NA," "," "," ",-56," "," ","U",98," "," ","U",92," "," ","U",78," "," ","U",93," "," ","U",93," "," ","U",76," "," ","U",133," "," ","U",116," "," ","U",106," "," ","U",NA," "," "," ",76," "," ","U",74," "," ","U",74," "," ","U",72," "," ","U",128," "," ","U",157," "," ","U",NA," "," "," "
"964","USR0000CPIE",2017,5,"TMAX",206,"H"," ","U",194,"H"," ","U",222,"H"," ","U",244,"H"," ","U",189,"H"," ","U",117,"H"," ","U",156,"H"," ","U",183,"H"," ","U",222,"H"," ","U",206,"H"," ","U",161,"H"," ","U",94,"H"," ","U",89,"H"," ","U",106,"H"," ","U",144,"H"," ","U",NA," "," "," ",111,"H"," ","U",161,"H"," ","U",217,"H"," ","U",233,"H"," ","U",222,"H"," ","U",256,"H"," ","U",272,"H"," ","U",228,"H"," ","U",194,"H"," ","U",200,"H"," ","U",211,"H"," ","U",244,"H"," ","U",250,"H"," ","U",233,"H"," ","U",133,"H"," ","U"
"965","USR0000CPIE",2017,5,"TMIN",94,"H"," ","U",83,"H"," ","U",106,"H"," ","U",100,"H"," ","U",83,"H"," ","U",56,"H"," ","U",33,"H"," ","U",106,"H"," ","U",106,"H"," ","U",94,"H"," ","U",61,"H"," ","U",61,"H"," ","U",72,"H"," ","U",67,"H"," ","U",83,"H"," ","U",NA," "," "," ",61,"H"," ","U",89,"H"," ","U",117,"H"," ","U",78,"H"," ","U",72,"H"," ","U",122,"H"," ","U",111,"H"," ","U",111,"H"," ","U",72,"H"," ","U",56,"H"," ","U",78,"H"," ","U",83,"H"," ","U",106,"H"," ","U",106,"H"," ","U",72,"H"," ","U"
"966","USR0000CPIE",2017,5,"TAVG",153," "," ","U",146," "," ","U",167," "," ","U",177," "," ","U",137," "," ","U",84," "," ","U",119," "," ","U",140," "," ","U",172," "," ","U",156," "," ","U",110," "," ","U",78," "," ","U",78," "," ","U",83," "," ","U",114," "," ","U",NA," "," "," ",88," "," ","U",124," "," ","U",169," "," ","U",172," "," ","U",166," "," ","U",189," "," ","U",203," "," ","U",173," "," ","U",133," "," ","U",126," "," ","U",158," "," ","U",182," "," ","U",178," "," ","U",167," "," ","U",100," "," ","U"
"967","USR0000CPIE",2017,6,"TMAX",200,"H"," ","U",239,"H"," ","U",222,"H"," ","U",211,"H"," ","U",239,"H"," ","U",244,"H"," ","U",222,"H"," ","U",117,"H"," ","U",111,"H"," ","U",128,"H"," ","U",72,"H"," ","U",83,"H"," ","U",183,"H"," ","U",217,"H"," ","U",228,"H"," ","U",267,"H"," ","U",283,"H"," ","U",278,"H"," ","U",294,"H"," ","U",306,"H"," ","U",306,"H"," ","U",278,"H"," ","U",300,"H"," ","U",317,"H"," ","U",300,"H"," ","U",250,"H"," ","U",244,"H"," ","U",244,"H"," ","U",272,"H"," ","U",289,"H"," ","U",NA," "," "," "
"968","USR0000CPIE",2017,6,"TMIN",61,"H"," ","U",67,"H"," ","U",100,"H"," ","U",94,"H"," ","U",72,"H"," ","U",89,"H"," ","U",100,"H"," ","U",56,"H"," ","U",50,"H"," ","U",39,"H"," ","U",6,"H"," ","U",11,"H"," ","U",33,"H"," ","U",61,"H"," ","U",83,"H"," ","U",106,"H"," ","U",150,"H"," ","U",161,"H"," ","U",183,"H"," ","U",167,"H"," ","U",172,"H"," ","U",150,"H"," ","U",156,"H"," ","U",167,"H"," ","U",172,"H"," ","U",133,"H"," ","U",111,"H"," ","U",106,"H"," ","U",111,"H"," ","U",133,"H"," ","U",NA," "," "," "
"969","USR0000CPIE",2017,6,"TAVG",133," "," ","U",166," "," ","U",158," "," ","U",162," "," ","U",162," "," ","U",178," "," ","U",161," "," ","U",87," "," ","U",77," "," ","U",74," "," ","U",39," "," ","U",41," "," ","U",116," "," ","U",149," "," ","U",166," "," ","U",195," "," ","U",210," "," ","U",229," "," ","U",231," "," ","U",243," "," ","U",238," "," ","U",222," "," ","U",236," "," ","U",248," "," ","U",236," "," ","U",198," "," ","U",182," "," ","U",184," "," ","U",198," "," ","U",218," "," ","U",NA," "," "," "
"970","USR0000CPIE",2017,7,"TMAX",278,"H"," ","U",289,"H"," ","U",267,"H"," ","U",261,"H"," ","U",278,"H"," ","U",294,"H"," ","U",294,"H"," ","U",300,"H"," ","U",289,"H"," ","U",272,"H"," ","U",267,"H"," ","U",278,"H"," ","U",278,"H"," ","U",283,"H"," ","U",294,"H"," ","U",294,"H"," ","U",267,"H"," ","U",244,"H"," ","U",261,"H"," ","U",261,"H"," ","U",283,"H"," ","U",322,"H"," ","U",300,"H"," ","U",294,"H"," ","U",283,"H"," ","U",261,"H"," ","U",289,"H"," ","U",294,"H"," ","U",306,"H"," ","U",322,"H"," ","U",339,"H"," ","U"
"971","USR0000CPIE",2017,7,"TMIN",122,"H"," ","U",144,"H"," ","U",122,"H"," ","U",139,"H"," ","U",144,"H"," ","U",139,"H"," ","U",156,"H"," ","U",156,"H"," ","U",167,"H"," ","U",161,"H"," ","U",144,"H"," ","U",128,"H"," ","U",117,"H"," ","U",139,"H"," ","U",133,"H"," ","U",139,"H"," ","U",144,"H"," ","U",122,"H"," ","U",100,"H"," ","U",106,"H"," ","U",106,"H"," ","U",139,"H"," ","U",161,"H"," ","U",156,"H"," ","U",161,"H"," ","U",117,"H"," ","U",111,"H"," ","U",144,"H"," ","U",150,"H"," ","U",150,"H"," ","U",178,"H"," ","U"
"972","USR0000CPIE",2017,7,"TAVG",211," "," ","U",222," "," ","U",206," "," ","U",203," "," ","U",213," "," ","U",232," "," ","U",236," "," ","U",238," "," ","U",232," "," ","U",221," "," ","U",211," "," ","U",211," "," ","U",212," "," ","U",220," "," ","U",221," "," ","U",227," "," ","U",210," "," ","U",189," "," ","U",191," "," ","U",194," "," ","U",206," "," ","U",236," "," ","U",239," "," ","U",227," "," ","U",216," "," ","U",199," "," ","U",215," "," ","U",228," "," ","U",232," "," ","U",244," "," ","U",262," "," ","U"
"973","USR0000CPIE",2017,8,"TMAX",350,"H"," ","U",344,"H"," ","U",328,"H"," ","U",306,"H"," ","U",250,"H"," ","U",267,"H"," ","U",261,"H"," ","U",267,"H"," ","U",289,"H"," ","U",272,"H"," ","U",261,"H"," ","U",261,"H"," ","U",261,"H"," ","U",256,"H"," ","U",261,"H"," ","U",283,"H"," ","U",306,"H"," ","U",311,"H"," ","U",300,"H"," ","U",289,"H"," ","U",300,"H"," ","U",272,"H"," ","U",278,"H"," ","U",272,"H"," ","U",272,"H"," ","U",300,"H"," ","U",311,"H"," ","U",306,"H"," ","U",311,"H"," ","U",294,"H"," ","U",289,"H"," ","U"
"974","USR0000CPIE",2017,8,"TMIN",189,"H"," ","U",194,"H"," ","U",167,"H"," ","U",183,"H"," ","U",161,"H"," ","U",111,"H"," ","U",94,"H"," ","U",122,"H"," ","U",133,"H"," ","U",117,"H"," ","U",117,"H"," ","U",128,"H"," ","U",122,"H"," ","U",133,"H"," ","U",117,"H"," ","U",133,"H"," ","U",161,"H"," ","U",161,"H"," ","U",156,"H"," ","U",150,"H"," ","U",172,"H"," ","U",150,"H"," ","U",139,"H"," ","U",139,"H"," ","U",117,"H"," ","U",150,"H"," ","U",161,"H"," ","U",178,"H"," ","U",156,"H"," ","U",156,"H"," ","U",122,"H"," ","U"
"975","USR0000CPIE",2017,8,"TAVG",271," "," ","U",261," "," ","U",244," "," ","U",234," "," ","U",204," "," ","U",175," "," ","U",183," "," ","U",203," "," ","U",188," "," ","U",197," "," ","U",194," "," ","U",197," "," ","U",193," "," ","U",184," "," ","U",191," "," ","U",211," "," ","U",231," "," ","U",241," "," ","U",231," "," ","U",224," "," ","U",220," "," ","U",201," "," ","U",206," "," ","U",206," "," ","U",206," "," ","U",236," "," ","U",238," "," ","U",242," "," ","U",238," "," ","U",225," "," ","U",217," "," ","U"
"976","USR0000CPIE",2017,9,"TMAX",294,"H"," ","U",328,"H"," ","U",333,"H"," ","U",322,"H"," ","U",328,"H"," ","U",294,"H"," ","U",239,"H"," ","U",244,"H"," ","U",261,"H"," ","U",267,"H"," ","U",289,"H"," ","U",267,"H"," ","U",272,"H"," ","U",200,"H"," ","U",183,"H"," ","U",194,"H"," ","U",206,"H"," ","U",167,"H"," ","U",156,"H"," ","U",139,"H"," ","U",78,"H"," ","U",94,"H"," ","U",117,"H"," ","U",156,"H"," ","U",167,"H"," ","U",172,"H"," ","U",200,"H"," ","U",228,"H"," ","U",178,"H"," ","U",189,"H"," ","U",NA," "," "," "
"977","USR0000CPIE",2017,9,"TMIN",167,"H"," ","U",172,"H"," ","U",167,"H"," ","U",189,"H"," ","U",183,"H"," ","U",139,"H"," ","U",117,"H"," ","U",106,"H"," ","U",83,"H"," ","U",111,"H"," ","U",161,"H"," ","U",144,"H"," ","U",128,"H"," ","U",94,"H"," ","U",61,"H"," ","U",94,"H"," ","U",61,"H"," ","U",83,"H"," ","U",39,"H"," ","U",33,"H"," ","U",11,"H"," ","U",-17,"H"," ","U",17,"H"," ","U",39,"H"," ","U",50,"H"," ","U",94,"H"," ","U",100,"H"," ","U",72,"H"," ","U",78,"H"," ","U",61,"H"," ","U",NA," "," "," "
"978","USR0000CPIE",2017,9,"TAVG",236," "," ","U",258," "," ","U",249," "," ","U",252," "," ","U",240," "," ","U",192," "," ","U",174," "," ","U",160," "," ","U",180," "," ","U",210," "," ","U",222," "," ","U",187," "," ","U",193," "," ","U",144," "," ","U",126," "," ","U",137," "," ","U",134," "," ","U",118," "," ","U",92," "," ","U",80," "," ","U",41," "," ","U",38," "," ","U",68," "," ","U",89," "," ","U",113," "," ","U",134," "," ","U",144," "," ","U",153," "," ","U",131," "," ","U",123," "," ","U",NA," "," "," "
"979","USR0000CPIE",2017,10,"TMAX",133,"H"," ","U",128,"H"," ","U",106,"H"," ","U",156,"H"," ","U",178,"H"," ","U",233,"H"," ","U",217,"H"," ","U",111,"H"," ","U",111,"H"," ","U",156,"H"," ","U",128,"H"," ","U",139,"H"," ","U",150,"H"," ","U",100,"H"," ","U",200,"H"," ","U",228,"H"," ","U",206,"H"," ","U",211,"H"," ","U",144,"H"," ","U",33,"H"," ","U",83,"H"," ","U",178,"H"," ","U",189,"H"," ","U",189,"H"," ","U",250,"H"," ","U",250,"H"," ","U",217,"H"," ","U",239,"H"," ","U",228,"H"," ","U",183,"H"," ","U",156,"H"," ","U"
"980","USR0000CPIE",2017,10,"TMIN",28,"H"," ","U",6,"H"," ","U",17,"H"," ","U",-6,"H"," ","U",33,"H"," ","U",50,"H"," ","U",72,"H"," ","U",17,"H"," ","U",28,"H"," ","U",39,"H"," ","U",-11,"H"," ","U",-33,"H"," ","U",-6,"H"," ","U",-6,"H"," ","U",0,"H"," ","U",44,"H"," ","U",83,"H"," ","U",50,"H"," ","U",6,"H"," ","U",-17,"H"," ","U",-22,"H"," ","U",50,"H"," ","U",72,"H"," ","U",94,"H"," ","U",78,"H"," ","U",72,"H"," ","U",72,"H"," ","U",89,"H"," ","U",78,"H"," ","U",50,"H"," ","U",11,"H"," ","U"
"981","USR0000CPIE",2017,10,"TAVG",73," "," ","U",61," "," ","U",52," "," ","U",77," "," ","U",103," "," ","U",148," "," ","U",145," "," ","U",70," "," ","U",69," "," ","U",96," "," ","U",68," "," ","U",51," "," ","U",68," "," ","U",43," "," ","U",101," "," ","U",142," "," ","U",138," "," ","U",128," "," ","U",94," "," ","U",7," "," ","U",39," "," ","U",111," "," ","U",134," "," ","U",137," "," ","U",152," "," ","U",149," "," ","U",142," "," ","U",151," "," ","U",151," "," ","U",116," "," ","U",81," "," ","U"
"982","USR0000CPIE",2017,11,"TMAX",167,"H"," ","U",83,"H"," ","U",33,"H"," ","U",33,"H"," ","U",39,"H"," ","U",61,"H"," ","U",117,"H"," ","U",100,"H"," ","U",50,"H"," ","U",61,"H"," ","U",106,"H"," ","U",78,"H"," ","U",78,"H"," ","U",89,"H"," ","U",50,"H"," ","U",56,"H"," ","U",39,"H"," ","U",106,"H"," ","U",89,"H"," ","U",78,"H"," ","U",167,"H"," ","U",200,"H"," ","U",156,"H"," ","U",117,"H"," ","U",178,"H"," ","U",128,"H"," ","U",50,"H"," ","U",83,"H"," ","U",61,"H"," ","U",106,"H"," ","U",NA," "," "," "
"983","USR0000CPIE",2017,11,"TMIN",28,"H"," ","U",33,"H"," ","U",17,"H"," ","U",6,"H"," ","U",0,"H"," ","U",-11,"H"," ","U",-39,"H"," ","U",11,"H"," ","U",28,"H"," ","U",22,"H"," ","U",6,"H"," ","U",17,"H"," ","U",33,"H"," ","U",11,"H"," ","U",0,"H"," ","U",11,"H"," ","U",-33,"H"," ","U",-56,"H"," ","U",6,"H"," ","U",28,"H"," ","U",72,"H"," ","U",89,"H"," ","U",72,"H"," ","U",67,"H"," ","U",67,"H"," ","U",17,"H"," ","U",-11,"H"," ","U",-22,"H"," ","U",-22,"H"," ","U",-17,"H"," ","U",NA," "," "," "
"984","USR0000CPIE",2017,11,"TAVG",94," "," ","U",55," "," ","U",25," "," ","U",20," "," ","U",14," "," ","U",12," "," ","U",29," "," ","U",50," "," ","U",37," "," ","U",37," "," ","U",49," "," ","U",39," "," ","U",49," "," ","U",41," "," ","U",19," "," ","U",33," "," ","U",0," "," ","U",17," "," ","U",44," "," ","U",58," "," ","U",108," "," ","U",132," "," ","U",101," "," ","U",83," "," ","U",113," "," ","U",75," "," ","U",9," "," ","U",26," "," ","U",18," "," ","U",38," "," ","U",NA," "," "," "
"985","USR0000CPIE",2017,12,"TMAX",94,"H"," ","U",72,"H"," ","U",17,"H"," ","U",-11,"H"," ","U",56,"H"," ","U",61,"H"," ","U",100,"H"," ","U",139,"H"," ","U",111,"H"," ","U",117,"H"," ","U",128,"H"," ","U",139,"H"," ","U",161,"H"," ","U",117,"H"," ","U",133,"H"," ","U",-6,"H","I","U",61,"H"," ","U",144,"H"," ","U",89,"H"," ","U",0,"H"," ","U",11,"H"," ","U",67,"H"," ","U",83,"H"," ","U",78,"H"," ","U",89,"H"," ","U",128,"H"," ","U",111,"H"," ","U",150,"H"," ","U",150,"H"," ","U",117,"H"," ","U",122,"H"," ","U"
"986","USR0000CPIE",2017,12,"TMIN",-11,"H"," ","U",0,"H"," ","U",-61,"H"," ","U",-56,"H"," ","U",-72,"H"," ","U",-44,"H"," ","U",-39,"H"," ","U",-22,"H"," ","U",-28,"H"," ","U",-28,"H"," ","U",-28,"H"," ","U",-28,"H"," ","U",-17,"H"," ","U",0,"H"," ","U",6,"H","I","U",-56,"H"," ","U",-72,"H"," ","U",-33,"H"," ","U",-6,"H"," ","U",-72,"H"," ","U",-78,"H"," ","U",-50,"H"," ","U",6,"H"," ","U",17,"H"," ","U",-22,"H"," ","U",-11,"H"," ","U",22,"H"," ","U",11,"H"," ","U",67,"H"," ","U",56,"H"," ","U",22,"H"," ","U"
"987","USR0000CPIE",2017,12,"TAVG",38," "," ","U",34," "," ","U",-24," "," ","U",-39," "," ","U",-19," "," ","U",12," "," ","U",24," "," ","U",33," "," ","U",23," "," ","U",24," "," ","U",28," "," ","U",30," "," ","U",63," "," ","U",46," "," ","U",75," "," ","U",-28," "," ","U",-15," "," ","U",42," "," ","U",46," "," ","U",-41," "," ","U",-44," "," ","U",7," "," ","U",42," "," ","U",37," "," ","U",36," "," ","U",51," "," ","U",62," "," ","U",71," "," ","U",94," "," ","U",78," "," ","U",69," "," ","U"
"988","USR0000CPIE",2018,1,"TMAX",161,"H"," ","U",128,"H"," ","U",117,"H"," ","U",72,"H"," ","U",67,"H"," ","U",83,"H"," ","U",89,"H"," ","U",61,"H"," ","U",67,"H"," ","U",39,"H"," ","U",72,"H"," ","U",106,"H"," ","U",122,"H"," ","U",128,"H"," ","U",117,"H"," ","U",94,"H"," ","U",117,"H"," ","U",83,"H"," ","U",39,"H"," ","U",44,"H"," ","U",39,"H"," ","U",39,"H"," ","U",106,"H"," ","U",67,"H"," ","U",-11,"H"," ","U",-6,"H"," ","U",56,"H"," ","U",167,"H"," ","U",144,"H"," ","U",122,"H"," ","U",128,"H"," ","U"
"989","USR0000CPIE",2018,1,"TMIN",33,"H"," ","U",11,"H"," ","U",22,"H"," ","U",33,"H"," ","U",39,"H"," ","U",-6,"H"," ","U",-28,"H"," ","U",28,"H"," ","U",17,"H"," ","U",6,"H"," ","U",11,"H"," ","U",0,"H"," ","U",6,"H"," ","U",17,"H"," ","U",39,"H"," ","U",0,"H"," ","U",28,"H"," ","U",22,"H"," ","U",-61,"H"," ","U",-89,"H"," ","U",-72,"H"," ","U",-33,"H"," ","U",-61,"H"," ","U",-22,"H"," ","U",-61,"H"," ","U",-44,"H"," ","U",-39,"H"," ","U",-17,"H"," ","U",17,"H"," ","U",50,"H"," ","U",39,"H"," ","U"
"990","USR0000CPIE",2018,1,"TAVG",79," "," ","U",53," "," ","U",62," "," ","U",55," "," ","U",54," "," ","U",34," "," ","U",29," "," ","U",42," "," ","U",43," "," ","U",19," "," ","U",38," "," ","U",40," "," ","U",64," "," ","U",67," "," ","U",70," "," ","U",42," "," ","U",67," "," ","U",59," "," ","U",-21," "," ","U",-38," "," ","U",-29," "," ","U",1," "," ","U",7," "," ","U",13," "," ","U",-36," "," ","U",-29," "," ","U",8," "," ","U",61," "," ","U",73," "," ","U",79," "," ","U",75," "," ","U"
"991","USR0000CPIE",2018,2,"TMAX",133,"H"," ","U",161,"H"," ","U",144,"H"," ","U",167,"H"," ","U",139,"H"," ","U",100,"H"," ","U",144,"H"," ","U",189,"H"," ","U",128,"H"," ","U",44,"H"," ","U",39,"H"," ","U",6,"H"," ","U",61,"H"," ","U",44,"H"," ","U",50,"H"," ","U",122,"H"," ","U",117,"H"," ","U",33,"H"," ","U",-22,"H"," ","U",-11,"H"," ","U",28,"H"," ","U",-22,"H"," ","U",-6,"H"," ","U",-6,"H"," ","U",44,"H"," ","U",-17,"H"," ","U",6,"H"," ","U",17,"H"," ","U",NA," "," "," ",NA," "," "," ",NA," "," "," "
"992","USR0000CPIE",2018,2,"TMIN",39,"H"," ","U",28,"H"," ","U",33,"H"," ","U",33,"H"," ","U",22,"H"," ","U",6,"H"," ","U",11,"H"," ","U",28,"H"," ","U",39,"H"," ","U",-22,"H"," ","U",-56,"H"," ","U",-61,"H"," ","U",-78,"H"," ","U",-44,"H"," ","U",-78,"H"," ","U",-44,"H"," ","U",-17,"H"," ","U",-94,"H"," ","U",-111,"H"," ","U",-139,"H"," ","U",-111,"H"," ","U",-100,"H"," ","U",-117,"H"," ","U",-94,"H"," ","U",-89,"H"," ","U",-83,"H"," ","U",-100,"H"," ","U",-106,"H"," ","U",NA," "," "," ",NA," "," "," ",NA," "," "," "
"993","USR0000CPIE",2018,2,"TAVG",81," "," ","U",90," "," ","U",83," "," ","U",87," "," ","U",72," "," ","U",51," "," ","U",71," "," ","U",98," "," ","U",75," "," ","U",17," "," ","U",-14," "," ","U",-37," "," ","U",-11," "," ","U",1," "," ","U",-19," "," ","U",29," "," ","U",50," "," ","U",-18," "," ","U",-79," "," ","U",-73," "," ","U",-39," "," ","U",-62," "," ","U",-64," "," ","U",-48," "," ","U",-19," "," ","U",-49," "," ","U",-53," "," ","U",-41," "," ","U",NA," "," "," ",NA," "," "," ",NA," "," "," "
"994","USR0000CPIE",2018,3,"TMAX",0,"H"," ","U",-11,"H"," ","U",-11,"H"," ","U",33,"H"," ","U",106,"H"," ","U",144,"H"," ","U",144,"H"," ","U",67,"H"," ","U",78,"H"," ","U",61,"H"," ","U",128,"H"," ","U",133,"H"," ","U",67,"H"," ","U",22,"H"," ","U",0,"H"," ","U",28,"H"," ","U",44,"H"," ","U",56,"H"," ","U",83,"H"," ","U",72,"H"," ","U",89,"H"," ","U",67,"H"," ","U",44,"H"," ","U",33,"H"," ","U",39,"H"," ","U",56,"H"," ","U",133,"H"," ","U",156,"H"," ","U",167,"H"," ","U",167,"H"," ","U",167,"H"," ","U"
"995","USR0000CPIE",2018,3,"TMIN",-50,"H"," ","U",-94,"H"," ","U",-67,"H"," ","U",-83,"H"," ","U",-111,"H"," ","U",-61,"H"," ","U",-11,"H"," ","U",6,"H"," ","U",-6,"H"," ","U",-11,"H"," ","U",-17,"H"," ","U",22,"H"," ","U",-17,"H"," ","U",-33,"H"," ","U",-56,"H"," ","U",-56,"H"," ","U",-61,"H"," ","U",-94,"H"," ","U",-50,"H"," ","U",-6,"H"," ","U",0,"H"," ","U",-6,"H"," ","U",-28,"H"," ","U",-56,"H"," ","U",-61,"H"," ","U",-67,"H"," ","U",-6,"H"," ","U",28,"H"," ","U",11,"H"," ","U",33,"H"," ","U",50,"H"," ","U"
"996","USR0000CPIE",2018,3,"TAVG",-19," "," ","U",-53," "," ","U",-47," "," ","U",-34," "," ","U",-9," "," ","U",25," "," ","U",48," "," ","U",36," "," ","U",35," "," ","U",12," "," ","U",40," "," ","U",78," "," ","U",28," "," ","U",-13," "," ","U",-29," "," ","U",-25," "," ","U",-27," "," ","U",-14," "," ","U",21," "," ","U",22," "," ","U",39," "," ","U",21," "," ","U",-3," "," ","U",-19," "," ","U",-28," "," ","U",5," "," ","U",64," "," ","U",91," "," ","U",102," "," ","U",107," "," ","U",107," "," ","U"
"997","USR0000CPIE",2018,4,"TMAX",161,"H"," ","U",128,"H"," ","U",150,"H"," ","U",156,"H"," ","U",117,"H"," ","U",78,"H"," ","U",78,"H"," ","U",122,"H"," ","U",194,"H"," ","U",133,"H"," ","U",100,"H"," ","U",11,"H"," ","U",133,"H"," ","U",144,"H"," ","U",117,"H"," ","U",50,"H"," ","U",111,"H"," ","U",39,"H"," ","U",72,"H"," ","U",172,"H"," ","U",206,"H"," ","U",189,"H"," ","U",172,"H"," ","U",183,"H"," ","U",233,"H"," ","U",239,"H"," ","U",117,"H"," ","U",83,"H"," ","U",56,"H"," ","U",89,"H"," ","U",NA," "," "," "
"998","USR0000CPIE",2018,4,"TMIN",22,"H"," ","U",17,"H"," ","U",-17,"H"," ","U",39,"H"," ","U",22,"H"," ","U",28,"H"," ","U",6,"H"," ","U",-6,"H"," ","U",6,"H"," ","U",44,"H"," ","U",-39,"H"," ","U",-56,"H"," ","U",-56,"H"," ","U",6,"H"," ","U",-28,"H"," ","U",-50,"H"," ","U",-78,"H"," ","U",-28,"H"," ","U",-33,"H"," ","U",6,"H"," ","U",33,"H"," ","U",39,"H"," ","U",44,"H"," ","U",61,"H"," ","U",72,"H"," ","U",78,"H"," ","U",28,"H"," ","U",6,"H"," ","U",-6,"H"," ","U",-39,"H"," ","U",NA," "," "," "
"999","USR0000CPIE",2018,4,"TAVG",94," "," ","U",75," "," ","U",71," "," ","U",96," "," ","U",67," "," ","U",58," "," ","U",47," "," ","U",51," "," ","U",111," "," ","U",83," "," ","U",37," "," ","U",-22," "," ","U",43," "," ","U",81," "," ","U",42," "," ","U",-16," "," ","U",10," "," ","U",-1," "," ","U",23," "," ","U",96," "," ","U",129," "," ","U",118," "," ","U",115," "," ","U",127," "," ","U",159," "," ","U",157," "," ","U",78," "," ","U",30," "," ","U",17," "," ","U",32," "," ","U",NA," "," "," "
"1000","USR0000CPIE",2018,5,"TMAX",128,"H"," ","U",161,"H"," ","U",206,"H"," ","U",211,"H"," ","U",200,"H"," ","U",183,"H"," ","U",233,"H"," ","U",233,"H"," ","U",189,"H"," ","U",189,"H"," ","U",111,"H"," ","U",133,"H"," ","U",178,"H"," ","U",172,"H"," ","U",161,"H"," ","U",150,"H"," ","U",156,"H"," ","U",194,"H"," ","U",189,"H"," ","U",183,"H"," ","U",200,"H"," ","U",206,"H"," ","U",178,"H"," ","U",189,"H"," ","U",78,"H"," ","U",122,"H"," ","U",189,"H"," ","U",228,"H"," ","U",244,"H"," ","U",194,"H"," ","U",133,"H"," ","U"
"1001","USR0000CPIE",2018,5,"TMIN",6,"H"," ","U",17,"H"," ","U",33,"H"," ","U",67,"H"," ","U",78,"H"," ","U",83,"H"," ","U",61,"H"," ","U",94,"H"," ","U",89,"H"," ","U",56,"H"," ","U",28,"H"," ","U",39,"H"," ","U",67,"H"," ","U",67,"H"," ","U",50,"H"," ","U",33,"H"," ","U",61,"H"," ","U",67,"H"," ","U",61,"H"," ","U",61,"H"," ","U",61,"H"," ","U",72,"H"," ","U",78,"H"," ","U",61,"H"," ","U",33,"H"," ","U",28,"H"," ","U",61,"H"," ","U",100,"H"," ","U",100,"H"," ","U",78,"H"," ","U",44,"H"," ","U"
"1002","USR0000CPIE",2018,5,"TAVG",61," "," ","U",93," "," ","U",131," "," ","U",143," "," ","U",139," "," ","U",134," "," ","U",156," "," ","U",163," "," ","U",137," "," ","U",122," "," ","U",64," "," ","U",84," "," ","U",114," "," ","U",121," "," ","U",104," "," ","U",78," "," ","U",99," "," ","U",128," "," ","U",123," "," ","U",122," "," ","U",129," "," ","U",140," "," ","U",123," "," ","U",122," "," ","U",63," "," ","U",69," "," ","U",131," "," ","U",161," "," ","U",176," "," ","U",144," "," ","U",89," "," ","U"
"1003","USR0000CPIE",2018,6,"TMAX",200,"H"," ","U",250,"H"," ","U",256,"H"," ","U",228,"H"," ","U",228,"H"," ","U",206,"H"," ","U",211,"H"," ","U",211,"H"," ","U",133,"H"," ","U",172,"H"," ","U",244,"H"," ","U",272,"H"," ","U",256,"H"," ","U",244,"H"," ","U",222,"H"," ","U",200,"H"," ","U",117,"H"," ","U",183,"H"," ","U",239,"H"," ","U",244,"H"," ","U",261,"H"," ","U",278,"H"," ","U",267,"H"," ","U",294,"H"," ","U",261,"H"," ","U",267,"H"," ","U",256,"H"," ","U",228,"H"," ","U",244,"H"," ","U",267,"H"," ","U",NA," "," "," "
"1004","USR0000CPIE",2018,6,"TMIN",17,"H"," ","U",106,"H"," ","U",122,"H"," ","U",122,"H"," ","U",106,"H"," ","U",72,"H"," ","U",78,"H"," ","U",67,"H"," ","U",11,"H"," ","U",-11,"H"," ","U",50,"H"," ","U",111,"H"," ","U",117,"H"," ","U",117,"H"," ","U",117,"H"," ","U",78,"H"," ","U",61,"H"," ","U",33,"H"," ","U",78,"H"," ","U",111,"H"," ","U",94,"H"," ","U",117,"H"," ","U",117,"H"," ","U",122,"H"," ","U",139,"H"," ","U",122,"H"," ","U",122,"H"," ","U",122,"H"," ","U",100,"H"," ","U",128,"H"," ","U",NA," "," "," "
"1005","USR0000CPIE",2018,6,"TAVG",123," "," ","U",183," "," ","U",197," "," ","U",178," "," ","U",162," "," ","U",149," "," ","U",145," "," ","U",149," "," ","U",83," "," ","U",93," "," ","U",163," "," ","U",197," "," ","U",193," "," ","U",184," "," ","U",167," "," ","U",139," "," ","U",89," "," ","U",119," "," ","U",169," "," ","U",183," "," ","U",188," "," ","U",204," "," ","U",196," "," ","U",218," "," ","U",207," "," ","U",202," "," ","U",190," "," ","U",171," "," ","U",173," "," ","U",195," "," ","U",NA," "," "," "
"1006","USR0000CPIE",2018,7,"TMAX",294,"H"," ","U",278,"H"," ","U",250,"H"," ","U",233,"H"," ","U",244,"H"," ","U",222,"H"," ","U",267,"H"," ","U",278,"H"," ","U",272,"H"," ","U",272,"H"," ","U",289,"H"," ","U",311,"H"," ","U",272,"H"," ","U",317,"H"," ","U",300,"H"," ","U",300,"H"," ","U",317,"H"," ","U",311,"H"," ","U",311,"H"," ","U",300,"H"," ","U",283,"H"," ","U",300,"H"," ","U",300,"H"," ","U",311,"H"," ","U",311,"H"," ","U",322,"H"," ","U",306,"H"," ","U",306,"H"," ","U",306,"H"," ","U",311,"H"," ","U",311,"H"," ","U"
"1007","USR0000CPIE",2018,7,"TMIN",139,"H"," ","U",139,"H"," ","U",111,"H"," ","U",139,"H"," ","U",128,"H"," ","U",133,"H"," ","U",144,"H"," ","U",150,"H"," ","U",144,"H"," ","U",106,"H"," ","U",122,"H"," ","U",150,"H"," ","U",167,"H"," ","U",156,"H"," ","U",183,"H"," ","U",139,"H"," ","U",156,"H"," ","U",161,"H"," ","U",156,"H"," ","U",150,"H"," ","U",178,"H"," ","U",144,"H"," ","U",144,"H"," ","U",167,"H"," ","U",156,"H"," ","U",167,"H"," ","U",167,"H"," ","U",150,"H"," ","U",156,"H"," ","U",167,"H"," ","U",183,"H"," ","U"
"1008","USR0000CPIE",2018,7,"TAVG",224," "," ","U",212," "," ","U",179," "," ","U",184," "," ","U",181," "," ","U",173," "," ","U",209," "," ","U",216," "," ","U",209," "," ","U",208," "," ","U",222," "," ","U",236," "," ","U",217," "," ","U",242," "," ","U",234," "," ","U",232," "," ","U",241," "," ","U",243," "," ","U",241," "," ","U",232," "," ","U",228," "," ","U",217," "," ","U",227," "," ","U",240," "," ","U",243," "," ","U",251," "," ","U",242," "," ","U",230," "," ","U",232," "," ","U",248," "," ","U",247," "," ","U"
"1009","USR0000CPIE",2018,8,"TMAX",300,"H"," ","U",278,"H"," ","U",272,"H"," ","U",244,"H"," ","U",250,"H"," ","U",300,"H"," ","U",322,"H"," ","U",311,"H"," ","U",333,"H"," ","U",311,"H"," ","U",294,"H"," ","U",289,"H"," ","U",283,"H"," ","U",294,"H"," ","U",289,"H"," ","U",272,"H"," ","U",283,"H"," ","U",289,"H"," ","U",294,"H"," ","U",278,"H"," ","U",272,"H"," ","U",261,"H"," ","U",261,"H"," ","U",239,"H"," ","U",239,"H"," ","U",239,"H"," ","U",233,"H"," ","U",261,"H"," ","U",244,"H"," ","U",217,"H"," ","U",239,"H"," ","U"
"1010","USR0000CPIE",2018,8,"TMIN",161,"H"," ","U",144,"H"," ","U",128,"H"," ","U",122,"H"," ","U",106,"H"," ","U",106,"H"," ","U",144,"H"," ","U",156,"H"," ","U",150,"H"," ","U",183,"H"," ","U",156,"H"," ","U",144,"H"," ","U",156,"H"," ","U",144,"H"," ","U",172,"H"," ","U",139,"H"," ","U",139,"H"," ","U",133,"H"," ","U",133,"H"," ","U",133,"H"," ","U",111,"H"," ","U",117,"H"," ","U",100,"H"," ","U",117,"H"," ","U",78,"H"," ","U",94,"H"," ","U",111,"H"," ","U",100,"H"," ","U",106,"H"," ","U",100,"H"," ","U",67,"H"," ","U"
"1011","USR0000CPIE",2018,8,"TAVG",234," "," ","U",213," "," ","U",201," "," ","U",183," "," ","U",179," "," ","U",209," "," ","U",238," "," ","U",233," "," ","U",244," "," ","U",243," "," ","U",232," "," ","U",226," "," ","U",226," "," ","U",224," "," ","U",227," "," ","U",214," "," ","U",216," "," ","U",214," "," ","U",216," "," ","U",204," "," ","U",192," "," ","U",187," "," ","U",176," "," ","U",169," "," ","U",166," "," ","U",166," "," ","U",172," "," ","U",183," "," ","U",177," "," ","U",158," "," ","U",164," "," ","U"
"1012","USR0000CPIE",2018,9,"TMAX",256,"H"," ","U",283,"H"," ","U",289,"H"," ","U",283,"H"," ","U",278,"H"," ","U",267,"H"," ","U",278,"H"," ","U",256,"H"," ","U",261,"H"," ","U",261,"H"," ","U",228,"H"," ","U",167,"H"," ","U",172,"H"," ","U",194,"H"," ","U",172,"H"," ","U",206,"H"," ","U",206,"H"," ","U",206,"H"," ","U",211,"H"," ","U",228,"H"," ","U",250,"H"," ","U",228,"H"," ","U",217,"H"," ","U",206,"H"," ","U",228,"H"," ","U",283,"H"," ","U",283,"H"," ","U",256,"H"," ","U",183,"H"," ","U",178,"H"," ","U",NA," "," "," "
"1013","USR0000CPIE",2018,9,"TMIN",106,"H"," ","U",122,"H"," ","U",133,"H"," ","U",133,"H"," ","U",133,"H"," ","U",139,"H"," ","U",117,"H"," ","U",133,"H"," ","U",94,"H"," ","U",100,"H"," ","U",117,"H"," ","U",72,"H"," ","U",61,"H"," ","U",39,"H"," ","U",72,"H"," ","U",67,"H"," ","U",61,"H"," ","U",56,"H"," ","U",56,"H"," ","U",67,"H"," ","U",89,"H"," ","U",117,"H"," ","U",106,"H"," ","U",72,"H"," ","U",94,"H"," ","U",78,"H"," ","U",111,"H"," ","U",117,"H"," ","U",72,"H"," ","U",78,"H"," ","U",NA," "," "," "
"1014","USR0000CPIE",2018,9,"TAVG",190," "," ","U",212," "," ","U",215," "," ","U",211," "," ","U",209," "," ","U",201," "," ","U",197," "," ","U",192," "," ","U",187," "," ","U",182," "," ","U",167," "," ","U",112," "," ","U",110," "," ","U",122," "," ","U",122," "," ","U",133," "," ","U",140," "," ","U",137," "," ","U",134," "," ","U",149," "," ","U",172," "," ","U",170," "," ","U",158," "," ","U",143," "," ","U",158," "," ","U",188," "," ","U",205," "," ","U",187," "," ","U",130," "," ","U",119," "," ","U",NA," "," "," "
"1015","USR0000CPIE",2018,10,"TMAX",167,"H"," ","U",206,"H"," ","U",156,"H"," ","U",106,"H"," ","U",122,"H"," ","U",117,"H"," ","U",111,"H"," ","U",156,"H"," ","U",178,"H"," ","U",144,"H"," ","U",128,"H"," ","U",161,"H"," ","U",172,"H"," ","U",83,"H"," ","U",139,"H"," ","U",156,"H"," ","U",189,"H"," ","U",206,"H"," ","U",183,"H"," ","U",200,"H"," ","U",189,"H"," ","U",183,"H"," ","U",144,"H"," ","U",156,"H"," ","U",200,"H"," ","U",211,"H"," ","U",194,"H"," ","U",161,"H"," ","U",100,"H"," ","U",94,"H"," ","U",156,"H"," ","U"
"1016","USR0000CPIE",2018,10,"TMIN",106,"H"," ","U",111,"H"," ","U",78,"H"," ","U",56,"H"," ","U",28,"H"," ","U",39,"H"," ","U",6,"H"," ","U",28,"H"," ","U",39,"H"," ","U",17,"H"," ","U",17,"H"," ","U",33,"H"," ","U",39,"H"," ","U",11,"H"," ","U",-6,"H"," ","U",11,"H"," ","U",44,"H"," ","U",39,"H"," ","U",67,"H"," ","U",78,"H"," ","U",44,"H"," ","U",44,"H"," ","U",28,"H"," ","U",44,"H"," ","U",28,"H"," ","U",72,"H"," ","U",100,"H"," ","U",78,"H"," ","U",11,"H"," ","U",-6,"H"," ","U",6,"H"," ","U"
"1017","USR0000CPIE",2018,10,"TAVG",133," "," ","U",145," "," ","U",111," "," ","U",79," "," ","U",73," "," ","U",71," "," ","U",65," "," ","U",96," "," ","U",102," "," ","U",73," "," ","U",71," "," ","U",100," "," ","U",107," "," ","U",47," "," ","U",66," "," ","U",93," "," ","U",110," "," ","U",124," "," ","U",132," "," ","U",131," "," ","U",121," "," ","U",113," "," ","U",90," "," ","U",100," "," ","U",114," "," ","U",138," "," ","U",139," "," ","U",106," "," ","U",61," "," ","U",45," "," ","U",81," "," ","U"
"1018","USR0000CPIE",2018,11,"TMAX",194,"H"," ","U",194,"H"," ","U",172,"H"," ","U",167,"H"," ","U",161,"H"," ","U",156,"H"," ","U",133,"H"," ","U",50,"H"," ","U",133,"H"," ","U",139,"H"," ","U",72,"H"," ","U",117,"H"," ","U",117,"H"," ","U",178,"H"," ","U",178,"H"," ","U",178,"H"," ","U",150,"H"," ","U",156,"H"," ","U",150,"H"," ","U",144,"H"," ","U",67,"H"," ","U",33,"H"," ","U",56,"H"," ","U",94,"H"," ","U",89,"H"," ","U",100,"H"," ","U",56,"H"," ","U",33,"H"," ","U",22,"H"," ","U",28,"H"," ","U",NA," "," "," "
"1019","USR0000CPIE",2018,11,"TMIN",50,"H"," ","U",50,"H"," ","U",33,"H"," ","U",56,"H"," ","U",17,"H"," ","U",-6,"H"," ","U",-6,"H"," ","U",-22,"H"," ","U",-22,"H"," ","U",-6,"H"," ","U",-28,"H"," ","U",-17,"H"," ","U",-11,"H"," ","U",-11,"H"," ","U",28,"H"," ","U",11,"H"," ","U",6,"H"," ","U",-11,"H"," ","U",-11,"H"," ","U",-22,"H"," ","U",0,"H"," ","U",6,"H"," ","U",11,"H"," ","U",6,"H"," ","U",-17,"H"," ","U",-6,"H"," ","U",28,"H"," ","U",11,"H"," ","U",-6,"H"," ","U",-22,"H"," ","U",NA," "," "," "
"1020","USR0000CPIE",2018,11,"TAVG",111," "," ","U",111," "," ","U",98," "," ","U",99," "," ","U",80," "," ","U",72," "," ","U",54," "," ","U",13," "," ","U",44," "," ","U",55," "," ","U",14," "," ","U",44," "," ","U",42," "," ","U",77," "," ","U",82," "," ","U",79," "," ","U",71," "," ","U",57," "," ","U",47," "," ","U",52," "," ","U",43," "," ","U",15," "," ","U",33," "," ","U",47," "," ","U",26," "," ","U",38," "," ","U",37," "," ","U",23," "," ","U",8," "," ","U",-3," "," ","U",NA," "," "," "
"1021","USR0000CPIE",2018,12,"TMAX",-6,"H"," ","U",50,"H"," ","U",22,"H"," ","U",-11,"H"," ","U",33,"H"," ","U",-17,"H"," ","U",50,"H"," ","U",122,"H"," ","U",56,"H"," ","U",67,"H"," ","U",78,"H"," ","U",72,"H"," ","U",128,"H"," ","U",94,"H"," ","U",67,"H"," ","U",83,"H"," ","U",28,"H"," ","U",39,"H"," ","U",122,"H"," ","U",83,"H"," ","U",50,"H"," ","U",33,"H"," ","U",33,"H"," ","U",33,"H"," ","U",22,"H"," ","U",56,"H"," ","U",-6,"H"," ","U",-6,"H"," ","U",78,"H"," ","U",83,"H"," ","U",-33,"H"," ","U"
"1022","USR0000CPIE",2018,12,"TMIN",-50,"H"," ","U",-67,"H"," ","U",-100,"H"," ","U",-44,"H"," ","U",-44,"H"," ","U",-50,"H"," ","U",-72,"H"," ","U",-61,"H"," ","U",-78,"H"," ","U",-17,"H"," ","U",-28,"H"," ","U",-17,"H"," ","U",-28,"H"," ","U",22,"H"," ","U",11,"H"," ","U",6,"H"," ","U",-6,"H"," ","U",-6,"H"," ","U",0,"H"," ","U",0,"H"," ","U",-33,"H"," ","U",-56,"H"," ","U",0,"H"," ","U",6,"H"," ","U",-50,"H"," ","U",-67,"H"," ","U",-61,"H"," ","U",-72,"H"," ","U",-67,"H"," ","U",-44,"H"," ","U",-83,"H"," ","U"
"1023","USR0000CPIE",2018,12,"TAVG",-25," "," ","U",-36," "," ","U",-43," "," ","U",-30," "," ","U",-24," "," ","U",-39," "," ","U",-18," "," ","U",7," "," ","U",-16," "," ","U",11," "," ","U",14," "," ","U",18," "," ","U",38," "," ","U",47," "," ","U",36," "," ","U",37," "," ","U",8," "," ","U",22," "," ","U",51," "," ","U",46," "," ","U",13," "," ","U",-6," "," ","U",10," "," ","U",15," "," ","U",-16," "," ","U",-12," "," ","U",-37," "," ","U",-50," "," ","U",8," "," ","U",23," "," ","U",-61," "," ","U"
"1024","USR0000CPIE",2019,1,"TMAX",0,"H"," ","U",89,"H"," ","U",94,"H"," ","U",100,"H"," ","U",72,"H"," ","U",-6,"H"," ","U",22,"H"," ","U",78,"H"," ","U",50,"H"," ","U",83,"H"," ","U",89,"H"," ","U",61,"H"," ","U",56,"H"," ","U",33,"H"," ","U",17,"H"," ","U",NA," "," "," ",22,"H"," ","U",22,"H"," ","U",61,"H"," ","U",44,"H"," ","U",-6,"H","I","U",44,"H"," ","U",106,"H"," ","U",89,"H"," ","U",106,"H"," ","U",89,"H"," ","U",156,"H"," ","U",117,"H"," ","U",161,"H"," ","U",183,"H"," ","U",128,"H"," ","U"
"1025","USR0000CPIE",2019,1,"TMIN",-94,"H"," ","U",-72,"H"," ","U",-22,"H"," ","U",-11,"H"," ","U",-17,"H"," ","U",-39,"H"," ","U",-6,"H"," ","U",6,"H"," ","U",6,"H"," ","U",-17,"H"," ","U",-17,"H"," ","U",-22,"H"," ","U",-39,"H"," ","U",-22,"H"," ","U",-17,"H"," ","U",NA," "," "," ",-17,"H"," ","U",-17,"H"," ","U",22,"H"," ","U",28,"H","I","U",-67,"H"," ","U",-83,"H"," ","U",-50,"H"," ","U",-33,"H"," ","U",-33,"H"," ","U",0,"H"," ","U",0,"H"," ","U",22,"H"," ","U",17,"H"," ","U",-6,"H"," ","U",11,"H"," ","U"
"1026","USR0000CPIE",2019,1,"TAVG",-57," "," ","U",-4," "," ","U",29," "," ","U",34," "," ","U",14," "," ","U",-24," "," ","U",4," "," ","U",39," "," ","U",23," "," ","U",26," "," ","U",18," "," ","U",16," "," ","U",9," "," ","U",0," "," ","U",-4," "," ","U",NA," "," "," ",-9," "," ","U",1," "," ","U",38," "," ","U",37," "," ","U",-39," "," ","U",-30," "," ","U",7," "," ","U",5," "," ","U",21," "," ","U",39," "," ","U",54," "," ","U",47," "," ","U",63," "," ","U",69," "," ","U",53," "," ","U"
"1027","USR0000CPIE",2019,2,"TMAX",56,"H"," ","U",61,"H"," ","U",11,"H"," ","U",-17,"H"," ","U",-28,"H"," ","U",-11,"H"," ","U",56,"H"," ","U",-17,"H"," ","U",-22,"H"," ","U",-50,"H"," ","U",-17,"H"," ","U",22,"H"," ","U",44,"H"," ","U",50,"H"," ","U",-17,"H"," ","U",-6,"H"," ","U",-28,"H"," ","U",17,"H"," ","U",61,"H"," ","U",11,"H"," ","U",-33,"H"," ","U",89,"H"," ","U",17,"H"," ","U",6,"H"," ","U",33,"H"," ","U",11,"H"," ","U",56,"H"," ","U",28,"H"," ","U",NA," "," "," ",NA," "," "," ",NA," "," "," "
"1028","USR0000CPIE",2019,2,"TMIN",22,"H"," ","U",-11,"H"," ","U",-28,"H"," ","U",-83,"H"," ","U",-100,"H"," ","U",-100,"H"," ","U",-122,"H"," ","U",-67,"H"," ","U",-72,"H"," ","U",-106,"H"," ","U",-78,"H"," ","U",-72,"H"," ","U",-17,"H"," ","U",-39,"H"," ","U",-56,"H"," ","U",-72,"H"," ","U",-83,"H"," ","U",-106,"H"," ","U",-122,"H"," ","U",-78,"H"," ","U",-89,"H"," ","U",-133,"H"," ","U",-83,"H"," ","U",-28,"H"," ","U",-17,"H"," ","U",-11,"H"," ","U",-6,"H"," ","U",-28,"H"," ","U",NA," "," "," ",NA," "," "," ",NA," "," "," "
"1029","USR0000CPIE",2019,2,"TAVG",36," "," ","U",9," "," ","U",-13," "," ","U",-47," "," ","U",-71," "," ","U",-62," "," ","U",-54," "," ","U",-45," "," ","U",-41," "," ","U",-74," "," ","U",-58," "," ","U",-23," "," ","U",8," "," ","U",6," "," ","U",-46," "," ","U",-46," "," ","U",-66," "," ","U",-68," "," ","U",-43," "," ","U",-46," "," ","U",-73," "," ","U",-59," "," ","U",-34," "," ","U",-16," "," ","U",-4," "," ","U",-1," "," ","U",19," "," ","U",3," "," ","U",NA," "," "," ",NA," "," "," ",NA," "," "," "
"1030","USR0000CPIE",2019,3,"TMAX",50,"H"," ","U",111,"H"," ","U",44,"H"," ","U",50,"H"," ","U",61,"H"," ","U",61,"H"," ","U",39,"H"," ","U",11,"H"," ","U",6,"H"," ","U",44,"H"," ","U",83,"H"," ","U",56,"H"," ","U",33,"H"," ","U",44,"H"," ","U",100,"H"," ","U",167,"H"," ","U",200,"H"," ","U",172,"H"," ","U",150,"H"," ","U",72,"H"," ","U",100,"H"," ","U",33,"H"," ","U",44,"H"," ","U",139,"H"," ","U",78,"H"," ","U",67,"H"," ","U",39,"H"," ","U",50,"H"," ","U",78,"H"," ","U",89,"H"," ","U",144,"H"," ","U"
"1031","USR0000CPIE",2019,3,"TMIN",-33,"H"," ","U",-11,"H"," ","U",6,"H"," ","U",-17,"H"," ","U",-22,"H"," ","U",-6,"H"," ","U",-28,"H"," ","U",-50,"H"," ","U",-61,"H"," ","U",-56,"H"," ","U",-39,"H"," ","U",-56,"H"," ","U",-83,"H"," ","U",-61,"H"," ","U",-39,"H"," ","U",-11,"H"," ","U",6,"H"," ","U",17,"H"," ","U",39,"H"," ","U",0,"H"," ","U",-17,"H"," ","U",-17,"H"," ","U",-17,"H"," ","U",-61,"H"," ","U",0,"H"," ","U",11,"H"," ","U",-11,"H"," ","U",-28,"H"," ","U",-28,"H"," ","U",-17,"H"," ","U",0,"H"," ","U"
"1032","USR0000CPIE",2019,3,"TAVG",3," "," ","U",17," "," ","U",16," "," ","U",14," "," ","U",15," "," ","U",22," "," ","U",2," "," ","U",-31," "," ","U",-31," "," ","U",-8," "," ","U",8," "," ","U",-16," "," ","U",-28," "," ","U",-9," "," ","U",28," "," ","U",59," "," ","U",79," "," ","U",84," "," ","U",93," "," ","U",30," "," ","U",27," "," ","U",9," "," ","U",2," "," ","U",29," "," ","U",36," "," ","U",33," "," ","U",11," "," ","U",0," "," ","U",14," "," ","U",39," "," ","U",67," "," ","U"
"1033","USR0000CPIE",2019,4,"TMAX",122,"H"," ","U",78,"H"," ","U",89,"H"," ","U",78,"H"," ","U",56,"H"," ","U",50,"H"," ","U",89,"H"," ","U",111,"H"," ","U",61,"H"," ","U",100,"H"," ","U",67,"H"," ","U",100,"H"," ","U",150,"H"," ","U",117,"H"," ","U",78,"H"," ","U",106,"H"," ","U",183,"H"," ","U",211,"H"," ","U",200,"H"," ","U",117,"H"," ","U",128,"H"," ","U",161,"H"," ","U",211,"H"," ","U",222,"H"," ","U",217,"H"," ","U",211,"H"," ","U",200,"H"," ","U",150,"H"," ","U",178,"H"," ","U",83,"H"," ","U",NA," "," "," "
"1034","USR0000CPIE",2019,4,"TMIN",22,"H"," ","U",11,"H"," ","U",17,"H"," ","U",22,"H"," ","U",6,"H"," ","U",6,"H"," ","U",50,"H"," ","U",39,"H"," ","U",-11,"H"," ","U",-44,"H"," ","U",0,"H"," ","U",-17,"H"," ","U",-6,"H"," ","U",39,"H"," ","U",0,"H"," ","U",0,"H"," ","U",6,"H"," ","U",56,"H"," ","U",67,"H"," ","U",28,"H"," ","U",11,"H"," ","U",44,"H"," ","U",83,"H"," ","U",89,"H"," ","U",72,"H"," ","U",89,"H"," ","U",56,"H"," ","U",56,"H"," ","U",33,"H"," ","U",11,"H"," ","U",NA," "," "," "
"1035","USR0000CPIE",2019,4,"TAVG",59," "," ","U",31," "," ","U",42," "," ","U",44," "," ","U",25," "," ","U",32," "," ","U",67," "," ","U",71," "," ","U",17," "," ","U",31," "," ","U",25," "," ","U",43," "," ","U",73," "," ","U",63," "," ","U",27," "," ","U",49," "," ","U",100," "," ","U",122," "," ","U",128," "," ","U",75," "," ","U",72," "," ","U",91," "," ","U",139," "," ","U",151," "," ","U",154," "," ","U",142," "," ","U",127," "," ","U",104," "," ","U",89," "," ","U",51," "," ","U",NA," "," "," "
"1036","USR0000CPIE",2019,5,"TMAX",128,"H"," ","U",167,"H"," ","U",194,"H"," ","U",206,"H"," ","U",211,"H"," ","U",211,"H"," ","U",206,"H"," ","U",194,"H"," ","U",183,"H"," ","U",167,"H"," ","U",228,"H"," ","U",228,"H"," ","U",200,"H"," ","U",156,"H"," ","U",83,"H"," ","U",44,"H"," ","U",83,"H"," ","U",89,"H"," ","U",67,"H"," ","U",83,"H"," ","U",33,"H"," ","U",122,"H"," ","U",106,"H"," ","U",133,"H"," ","U",128,"H"," ","U",83,"H"," ","U",122,"H"," ","U",161,"H"," ","U",183,"H"," ","U",156,"H"," ","U",194,"H"," ","U"
"1037","USR0000CPIE",2019,5,"TMIN",-6,"H"," ","U",0,"H"," ","U",33,"H"," ","U",50,"H"," ","U",50,"H"," ","U",72,"H"," ","U",44,"H"," ","U",78,"H"," ","U",83,"H"," ","U",67,"H"," ","U",56,"H"," ","U",83,"H"," ","U",83,"H"," ","U",83,"H"," ","U",39,"H"," ","U",0,"H"," ","U",0,"H"," ","U",0,"H"," ","U",-6,"H"," ","U",0,"H"," ","U",-6,"H"," ","U",6,"H"," ","U",44,"H"," ","U",33,"H"," ","U",28,"H"," ","U",11,"H"," ","U",17,"H"," ","U",50,"H"," ","U",67,"H"," ","U",56,"H"," ","U",39,"H"," ","U"
"1038","USR0000CPIE",2019,5,"TAVG",67," "," ","U",98," "," ","U",123," "," ","U",134," "," ","U",135," "," ","U",129," "," ","U",132," "," ","U",138," "," ","U",128," "," ","U",121," "," ","U",157," "," ","U",163," "," ","U",141," "," ","U",109," "," ","U",64," "," ","U",19," "," ","U",35," "," ","U",36," "," ","U",23," "," ","U",33," "," ","U",13," "," ","U",57," "," ","U",69," "," ","U",91," "," ","U",75," "," ","U",42," "," ","U",67," "," ","U",104," "," ","U",115," "," ","U",88," "," ","U",121," "," ","U"
"1039","USR0000CPIE",2019,6,"TMAX",200,"H"," ","U",233,"H"," ","U",239,"H"," ","U",261,"H"," ","U",256,"H"," ","U",194,"H"," ","U",133,"H"," ","U",150,"H"," ","U",211,"H"," ","U",267,"H"," ","U",289,"H"," ","U",250,"H"," ","U",256,"H"," ","U",267,"H"," ","U",267,"H"," ","U",267,"H"," ","U",272,"H"," ","U",283,"H"," ","U",278,"H"," ","U",228,"H"," ","U",183,"H"," ","U",200,"H"," ","U",256,"H"," ","U",228,"H"," ","U",206,"H"," ","U",178,"H"," ","U",172,"H"," ","U",189,"H"," ","U",222,"H"," ","U",222,"H"," ","U",NA," "," "," "
"1040","USR0000CPIE",2019,6,"TMIN",78,"H"," ","U",106,"H"," ","U",94,"H"," ","U",111,"H"," ","U",128,"H"," ","U",89,"H"," ","U",44,"H"," ","U",28,"H"," ","U",83,"H"," ","U",100,"H"," ","U",122,"H"," ","U",133,"H"," ","U",133,"H"," ","U",128,"H"," ","U",128,"H"," ","U",128,"H"," ","U",161,"H"," ","U",144,"H"," ","U",139,"H"," ","U",72,"H"," ","U",44,"H"," ","U",78,"H"," ","U",89,"H"," ","U",89,"H"," ","U",106,"H"," ","U",61,"H"," ","U",44,"H"," ","U",61,"H"," ","U",61,"H"," ","U",78,"H"," ","U",NA," "," "," "
"1041","USR0000CPIE",2019,6,"TAVG",138," "," ","U",159," "," ","U",172," "," ","U",196," "," ","U",193," "," ","U",147," "," ","U",87," "," ","U",96," "," ","U",147," "," ","U",199," "," ","U",217," "," ","U",192," "," ","U",188," "," ","U",199," "," ","U",196," "," ","U",203," "," ","U",219," "," ","U",217," "," ","U",211," "," ","U",166," "," ","U",124," "," ","U",145," "," ","U",178," "," ","U",167," "," ","U",158," "," ","U",125," "," ","U",108," "," ","U",128," "," ","U",148," "," ","U",157," "," ","U",NA," "," "," "
"1042","USR0000CPIE",2019,7,"TMAX",228,"H"," ","U",222,"H"," ","U",228,"H"," ","U",244,"H"," ","U",267,"H"," ","U",261,"H"," ","U",228,"H"," ","U",228,"H"," ","U",233,"H"," ","U",250,"H"," ","U",278,"H"," ","U",283,"H"," ","U",283,"H"," ","U",261,"H"," ","U",256,"H"," ","U",261,"H"," ","U",272,"H"," ","U",261,"H"," ","U",267,"H"," ","U",272,"H"," ","U",272,"H"," ","U",283,"H"," ","U",278,"H"," ","U",278,"H"," ","U",294,"H"," ","U",272,"H"," ","U",300,"H"," ","U",294,"H"," ","U",272,"H"," ","U",261,"H"," ","U",267,"H"," ","U"
"1043","USR0000CPIE",2019,7,"TMIN",78,"H"," ","U",89,"H"," ","U",89,"H"," ","U",78,"H"," ","U",111,"H"," ","U",100,"H"," ","U",111,"H"," ","U",94,"H"," ","U",78,"H"," ","U",122,"H"," ","U",128,"H"," ","U",133,"H"," ","U",128,"H"," ","U",133,"H"," ","U",117,"H"," ","U",117,"H"," ","U",122,"H"," ","U",144,"H"," ","U",117,"H"," ","U",117,"H"," ","U",139,"H"," ","U",150,"H"," ","U",161,"H"," ","U",150,"H"," ","U",150,"H"," ","U",172,"H"," ","U",144,"H"," ","U",144,"H"," ","U",144,"H"," ","U",128,"H"," ","U",122,"H"," ","U"
"1044","USR0000CPIE",2019,7,"TAVG",159," "," ","U",159," "," ","U",157," "," ","U",174," "," ","U",194," "," ","U",188," "," ","U",174," "," ","U",162," "," ","U",167," "," ","U",186," "," ","U",206," "," ","U",212," "," ","U",208," "," ","U",199," "," ","U",193," "," ","U",189," "," ","U",199," "," ","U",197," "," ","U",196," "," ","U",205," "," ","U",206," "," ","U",218," "," ","U",217," "," ","U",219," "," ","U",226," "," ","U",222," "," ","U",228," "," ","U",234," "," ","U",211," "," ","U",201," "," ","U",198," "," ","U"
"1045","USR0000CPIE",2019,8,"TMAX",261,"H"," ","U",278,"H"," ","U",294,"H"," ","U",272,"H"," ","U",267,"H"," ","U",272,"H"," ","U",278,"H"," ","U",250,"H"," ","U",206,"H"," ","U",178,"H"," ","U",228,"H"," ","U",267,"H"," ","U",278,"H"," ","U",306,"H"," ","U",306,"H"," ","U",289,"H"," ","U",283,"H"," ","U",261,"H"," ","U",256,"H"," ","U",261,"H"," ","U",272,"H"," ","U",261,"H"," ","U",294,"H"," ","U",283,"H"," ","U",278,"H"," ","U",311,"H"," ","U",322,"H"," ","U",300,"H"," ","U",256,"H"," ","U",261,"H"," ","U",267,"H"," ","U"
"1046","USR0000CPIE",2019,8,"TMIN",100,"H"," ","U",106,"H"," ","U",122,"H"," ","U",122,"H"," ","U",100,"H"," ","U",156,"H"," ","U",156,"H"," ","U",156,"H"," ","U",111,"H"," ","U",83,"H"," ","U",72,"H"," ","U",106,"H"," ","U",122,"H"," ","U",133,"H"," ","U",150,"H"," ","U",144,"H"," ","U",133,"H"," ","U",133,"H"," ","U",133,"H"," ","U",117,"H"," ","U",106,"H"," ","U",128,"H"," ","U",139,"H"," ","U",139,"H"," ","U",156,"H"," ","U",139,"H"," ","U",167,"H"," ","U",178,"H"," ","U",139,"H"," ","U",111,"H"," ","U",117,"H"," ","U"
"1047","USR0000CPIE",2019,8,"TAVG",193," "," ","U",202," "," ","U",218," "," ","U",206," "," ","U",200," "," ","U",217," "," ","U",218," "," ","U",199," "," ","U",163," "," ","U",128," "," ","U",156," "," ","U",191," "," ","U",208," "," ","U",227," "," ","U",232," "," ","U",220," "," ","U",213," "," ","U",197," "," ","U",193," "," ","U",195," "," ","U",192," "," ","U",201," "," ","U",219," "," ","U",211," "," ","U",211," "," ","U",228," "," ","U",247," "," ","U",230," "," ","U",196," "," ","U",189," "," ","U",196," "," ","U"
"1048","USR0000CPIE",2019,9,"TMAX",267,"H"," ","U",272,"H"," ","U",278,"H"," ","U",278,"H"," ","U",272,"H"," ","U",250,"H"," ","U",233,"H"," ","U",200,"H"," ","U",183,"H"," ","U",122,"H"," ","U",206,"H"," ","U",239,"H"," ","U",256,"H"," ","U",261,"H"," ","U",233,"H"," ","U",94,"H","I","U",161,"H"," ","U",128,"H"," ","U",122,"H"," ","U",156,"H"," ","U",189,"H"," ","U",189,"H"," ","U",178,"H"," ","U",228,"H"," ","U",228,"H"," ","U",256,"H"," ","U",194,"H"," ","U",83,"H"," ","U",56,"H"," ","U",50,"H"," ","U",NA," "," "," "
"1049","USR0000CPIE",2019,9,"TMIN",111,"H"," ","U",156,"H"," ","U",161,"H"," ","U",144,"H"," ","U",150,"H"," ","U",150,"H"," ","U",100,"H"," ","U",83,"H"," ","U",67,"H"," ","U",56,"H"," ","U",33,"H"," ","U",122,"H"," ","U",111,"H"," ","U",117,"H"," ","U",106,"H","I","U",39,"H"," ","U",11,"H"," ","U",11,"H"," ","U",22,"H"," ","U",28,"H"," ","U",56,"H"," ","U",56,"H"," ","U",67,"H"," ","U",94,"H"," ","U",133,"H"," ","U",117,"H"," ","U",89,"H"," ","U",-17,"H"," ","U",-28,"H"," ","U",-11,"H"," ","U",NA," "," "," "
"1050","USR0000CPIE",2019,9,"TAVG",194," "," ","U",213," "," ","U",218," "," ","U",209," "," ","U",208," "," ","U",197," "," ","U",163," "," ","U",132," "," ","U",120," "," ","U",88," "," ","U",128," "," ","U",179," "," ","U",188," "," ","U",190," "," ","U",177," "," ","U",67," "," ","U",91," "," ","U",69," "," ","U",61," "," ","U",93," "," ","U",117," "," ","U",127," "," ","U",131," "," ","U",171," "," ","U",182," "," ","U",183," "," ","U",138," "," ","U",38," "," ","U",8," "," ","U",8," "," ","U",NA," "," "," "
"1051","USR0000CPIE",2019,10,"TMAX",83,"H"," ","U",161,"H"," ","U",139,"H"," ","U",133,"H"," ","U",183,"H"," ","U",194,"H"," ","U",211,"H"," ","U",194,"H"," ","U",89,"H"," ","U",83,"H"," ","U",172,"H"," ","U",183,"H"," ","U",156,"H"," ","U",178,"H"," ","U",183,"H"," ","U",172,"H"," ","U",117,"H"," ","U",117,"H"," ","U",94,"H"," ","U",150,"H"," ","U",178,"H"," ","U",194,"H"," ","U",150,"H"," ","U",161,"H"," ","U",211,"H"," ","U",194,"H"," ","U",33,"H"," ","U",122,"H"," ","U",33,"H"," ","U",67,"H"," ","U",167,"H"," ","U"
"1052","USR0000CPIE",2019,10,"TMIN",-28,"H"," ","U",-11,"H"," ","U",33,"H"," ","U",28,"H"," ","U",22,"H"," ","U",67,"H"," ","U",67,"H"," ","U",72,"H"," ","U",-11,"H"," ","U",-22,"H"," ","U",6,"H"," ","U",28,"H"," ","U",44,"H"," ","U",17,"H"," ","U",56,"H"," ","U",-103,"H","S","U",6,"H"," ","U",-6,"H"," ","U",22,"H"," ","U",-6,"H"," ","U",39,"H"," ","U",61,"H"," ","U",83,"H"," ","U",50,"H"," ","U",44,"H"," ","U",-17,"H"," ","U",-44,"H"," ","U",-44,"H"," ","U",-61,"H"," ","U",-72,"H"," ","U",-50,"H"," ","U"
"1053","USR0000CPIE",2019,10,"TAVG",27," "," ","U",75," "," ","U",83," "," ","U",72," "," ","U",103," "," ","U",119," "," ","U",142," "," ","U",133," "," ","U",42," "," ","U",31," "," ","U",79," "," ","U",104," "," ","U",98," "," ","U",103," "," ","U",121," "," ","U",110," "," ","U",55," "," ","U",46," "," ","U",51," "," ","U",74," "," ","U",102," "," ","U",122," "," ","U",116," "," ","U",104," "," ","U",137," "," ","U",99," "," ","U",-7," "," ","U",41," "," ","U",-6," "," ","U",-12," "," ","U",47," "," ","U"
"1054","USR0000CPIE",2019,11,"TMAX",133,"H"," ","U",189,"H"," ","U",206,"H"," ","U",189,"H"," ","U",206,"H"," ","U",206,"H"," ","U",194,"H"," ","U",206,"H"," ","U",211,"H"," ","U",189,"H"," ","U",156,"H"," ","U",178,"H"," ","U",178,"H"," ","U",161,"H"," ","U",150,"H"," ","U",156,"H"," ","U",211,"H"," ","U",183,"H"," ","U",117,"H"," ","U",44,"H"," ","U",89,"H"," ","U",106,"H"," ","U",94,"H"," ","U",139,"H"," ","U",28,"H"," ","U",-33,"H"," ","U",-22,"H"," ","U",-11,"H"," ","U",-22,"H"," ","U",-17,"H"," ","U",NA," "," "," "
"1055","USR0000CPIE",2019,11,"TMIN",17,"H"," ","U",22,"H"," ","U",39,"H"," ","U",56,"H"," ","U",61,"H"," ","U",67,"H"," ","U",56,"H"," ","U",56,"H"," ","U",44,"H"," ","U",72,"H"," ","U",56,"H"," ","U",44,"H"," ","U",56,"H"," ","U",67,"H"," ","U",56,"H"," ","U",28,"H"," ","U",44,"H"," ","U",44,"H"," ","U",11,"H"," ","U",6,"H"," ","U",-17,"H"," ","U",-22,"H"," ","U",0,"H"," ","U",-22,"H"," ","U",-56,"H"," ","U",-78,"H"," ","U",-78,"H"," ","U",-83,"H"," ","U",-78,"H"," ","U",-78,"H"," ","U",NA," "," "," "
"1056","USR0000CPIE",2019,11,"TAVG",76," "," ","U",98," "," ","U",116," "," ","U",116," "," ","U",127," "," ","U",126," "," ","U",112," "," ","U",121," "," ","U",122," "," ","U",125," "," ","U",104," "," ","U",106," "," ","U",108," "," ","U",105," "," ","U",89," "," ","U",84," "," ","U",113," "," ","U",116," "," ","U",65," "," ","U",18," "," ","U",31," "," ","U",37," "," ","U",37," "," ","U",51," "," ","U",-9," "," ","U",-53," "," ","U",-48," "," ","U",-52," "," ","U",-53," "," ","U",-46," "," ","U",NA," "," "," "
"1057","USR0000CPIE",2019,12,"TMAX",22,"H"," ","U",78,"H"," ","U",94,"H"," ","U",17,"H"," ","U",72,"H"," ","U",83,"H"," ","U",39,"H"," ","U",67,"H"," ","U",94,"H"," ","U",100,"H"," ","U",44,"H"," ","U",61,"H"," ","U",33,"H"," ","U",22,"H"," ","U",-6,"H"," ","U",33,"H"," ","U",-11,"H"," ","U",11,"H"," ","U",39,"H"," ","U",83,"H"," ","U",89,"H"," ","U",67,"H"," ","U",17,"H"," ","U",0,"H"," ","U",6,"H"," ","U",11,"H"," ","U",44,"H"," ","U",72,"H"," ","U",61,"H"," ","U",67,"H"," ","U",94,"H"," ","U"
"1058","USR0000CPIE",2019,12,"TMIN",-28,"H"," ","U",6,"H"," ","U",-11,"H"," ","U",-17,"H"," ","U",0,"H"," ","U",-6,"H"," ","U",11,"H"," ","U",-11,"H"," ","U",-28,"H"," ","U",-33,"H"," ","U",0,"H"," ","U",33,"H"," ","U",6,"H"," ","U",-39,"H"," ","U",-67,"H"," ","U",-94,"H"," ","U",-78,"H"," ","U",-61,"H"," ","U",0,"H"," ","U",22,"H"," ","U",39,"H"," ","U",-11,"H"," ","U",-44,"H"," ","U",-44,"H"," ","U",-56,"H"," ","U",-61,"H"," ","U",-83,"H"," ","U",-56,"H"," ","U",-22,"H"," ","U",-22,"H"," ","U",-39,"H"," ","U"
"1059","USR0000CPIE",2019,12,"TAVG",6," "," ","U",28," "," ","U",21," "," ","U",1," "," ","U",31," "," ","U",43," "," ","U",22," "," ","U",22," "," ","U",19," "," ","U",20," "," ","U",23," "," ","U",46," "," ","U",24," "," ","U",-12," "," ","U",-38," "," ","U",-38," "," ","U",-47," "," ","U",-13," "," ","U",16," "," ","U",44," "," ","U",61," "," ","U",22," "," ","U",-14," "," ","U",-26," "," ","U",-30," "," ","U",-31," "," ","U",-17," "," ","U",2," "," ","U",7," "," ","U",16," "," ","U",22," "," ","U"
"1060","USR0000CPIE",2020,1,"TMAX",78,"H"," ","U",100,"H"," ","U",144,"H"," ","U",44,"H"," ","U",33,"H"," ","U",100,"H"," ","U",89,"H"," ","U",11,"H"," ","U",17,"H"," ","U",61,"H"," ","U",11,"H"," ","U",-11,"H"," ","U",11,"H"," ","U",-11,"H"," ","U",28,"H"," ","U",0,"H"," ","U",-11,"H"," ","U",94,"H"," ","U",78,"H"," ","U",83,"H"," ","U",33,"H"," ","U",83,"H"," ","U",94,"H"," ","U",61,"H"," ","U",78,"H"," ","U",56,"H"," ","U",44,"H"," ","U",56,"H"," ","U",94,"H"," ","U",117,"H"," ","U",161,"H"," ","U"
"1061","USR0000CPIE",2020,1,"TMIN",0,"H"," ","U",-22,"H"," ","U",0,"H"," ","U",-6,"H"," ","U",-39,"H"," ","U",-50,"H"," ","U",-22,"H"," ","U",-28,"H"," ","U",-61,"H"," ","U",-89,"H"," ","U",-33,"H"," ","U",-44,"H"," ","U",-28,"H"," ","U",-56,"H"," ","U",-89,"H"," ","U",-50,"H"," ","U",-61,"H"," ","U",-50,"H"," ","U",-128,"H"," ","U",11,"H"," ","U",11,"H"," ","U",6,"H"," ","U",0,"H"," ","U",22,"H"," ","U",22,"H"," ","U",11,"H"," ","U",6,"H"," ","U",-17,"H"," ","U",-28,"H"," ","U",11,"H"," ","U",11,"H"," ","U"
"1062","USR0000CPIE",2020,1,"TAVG",36," "," ","U",26," "," ","U",59," "," ","U",21," "," ","U",-5," "," ","U",26," "," ","U",28," "," ","U",-14," "," ","U",-20," "," ","U",-13," "," ","U",-17," "," ","U",-27," "," ","U",-15," "," ","U",-34," "," ","U",-24," "," ","U",-25," "," ","U",-41," "," ","U",1," "," ","U",8," "," ","U",36," "," ","U",19," "," ","U",28," "," ","U",40," "," ","U",34," "," ","U",50," "," ","U",25," "," ","U",19," "," ","U",12," "," ","U",22," "," ","U",51," "," ","U",76," "," ","U"
"1063","USR0000CPIE",2020,2,"TMAX",161,"H"," ","U",56,"H"," ","U",-17,"H"," ","U",-11,"H"," ","U",83,"H"," ","U",128,"H"," ","U",144,"H"," ","U",94,"H"," ","U",28,"H"," ","U",78,"H"," ","U",111,"H"," ","U",83,"H"," ","U",111,"H"," ","U",111,"H"," ","U",83,"H"," ","U",78,"H"," ","U",67,"H"," ","U",89,"H"," ","U",78,"H"," ","U",111,"H"," ","U",128,"H"," ","U",122,"H"," ","U",117,"H"," ","U",106,"H"," ","U",117,"H"," ","U",156,"H"," ","U",161,"H"," ","U",144,"H"," ","U",100,"H"," ","U",NA," "," "," ",NA," "," "," "
"1064","USR0000CPIE",2020,2,"TMIN",28,"H"," ","U",-89,"H"," ","U",-106,"H"," ","U",-94,"H"," ","U",-50,"H"," ","U",0,"H"," ","U",-6,"H"," ","U",-44,"H"," ","U",-50,"H"," ","U",-50,"H"," ","U",-106,"H"," ","U",-11,"H"," ","U",-28,"H"," ","U",11,"H"," ","U",17,"H"," ","U",6,"H"," ","U",-39,"H"," ","U",-56,"H"," ","U",-50,"H"," ","U",-22,"H"," ","U",0,"H"," ","U",11,"H"," ","U",-11,"H"," ","U",-22,"H"," ","U",0,"H"," ","U",0,"H"," ","U",11,"H"," ","U",22,"H"," ","U",-44,"H"," ","U",NA," "," "," ",NA," "," "," "
"1065","USR0000CPIE",2020,2,"TAVG",86," "," ","U",-14," "," ","U",-66," "," ","U",-54," "," ","U",20," "," ","U",56," "," ","U",68," "," ","U",31," "," ","U",-18," "," ","U",17," "," ","U",36," "," ","U",36," "," ","U",41," "," ","U",49," "," ","U",43," "," ","U",42," "," ","U",8," "," ","U",4," "," ","U",13," "," ","U",36," "," ","U",57," "," ","U",66," "," ","U",55," "," ","U",46," "," ","U",55," "," ","U",79," "," ","U",81," "," ","U",78," "," ","U",29," "," ","U",NA," "," "," ",NA," "," "," "
"1066","USR0000CPIE",2020,3,"TMAX",6,"H"," ","U",89,"H"," ","U",139,"H"," ","U",172,"H"," ","U",156,"H"," ","U",139,"H"," ","U",33,"H"," ","U",33,"H"," ","U",72,"H"," ","U",106,"H"," ","U",150,"H"," ","U",133,"H"," ","U",128,"H"," ","U",6,"H"," ","U",-6,"H"," ","U",22,"H"," ","U",-22,"H"," ","U",28,"H"," ","U",94,"H"," ","U",72,"H"," ","U",128,"H"," ","U",161,"H"," ","U",56,"H"," ","U",44,"H"," ","U",67,"H"," ","U",39,"H"," ","U",78,"H"," ","U",67,"H"," ","U",50,"H"," ","U",33,"H"," ","U",61,"H"," ","U"
"1067","USR0000CPIE",2020,3,"TMIN",-50,"H"," ","U",-39,"H"," ","U",6,"H"," ","U",17,"H"," ","U",28,"H"," ","U",33,"H"," ","U",-17,"H"," ","U",-28,"H"," ","U",-11,"H"," ","U",-98,"H"," ","U",22,"H"," ","U",28,"H"," ","U",6,"H"," ","U",-44,"H"," ","U",-61,"H"," ","U",-61,"H"," ","U",-50,"H"," ","U",-56,"H"," ","U",-67,"H"," ","U",-67,"H"," ","U",-39,"H"," ","U",-33,"H"," ","U",-22,"H"," ","U",-39,"H"," ","U",-72,"H"," ","U",-83,"H"," ","U",-78,"H"," ","U",-17,"H"," ","U",-11,"H"," ","U",0,"H"," ","U",22,"H"," ","U"
"1068","USR0000CPIE",2020,3,"TAVG",-27," "," ","U",23," "," ","U",75," "," ","U",96," "," ","U",91," "," ","U",83," "," ","U",7," "," ","U",1," "," ","U",18," "," ","U",50," "," ","U",86," "," ","U",81," "," ","U",57," "," ","U",-21," "," ","U",-36," "," ","U",-22," "," ","U",-39," "," ","U",-30," "," ","U",-8," "," ","U",6," "," ","U",36," "," ","U",47," "," ","U",18," "," ","U",-6," "," ","U",-34," "," ","U",-14," "," ","U",0," "," ","U",12," "," ","U",17," "," ","U",18," "," ","U",37," "," ","U"
"1069","USR0000CPIE",2020,4,"TMAX",67,"H"," ","U",72,"H"," ","U",89,"H"," ","U",44,"H"," ","U",28,"H"," ","U",78,"H"," ","U",106,"H"," ","U",144,"H"," ","U",172,"H"," ","U",167,"H"," ","U",172,"H"," ","U",133,"H"," ","U",100,"H"," ","U",150,"H"," ","U",167,"H"," ","U",111,"H"," ","U",144,"H"," ","U",133,"H"," ","U",106,"H"," ","U",128,"H"," ","U",172,"H"," ","U",167,"H"," ","U",189,"H"," ","U",194,"H"," ","U",194,"H"," ","U",200,"H"," ","U",189,"H"," ","U",250,"H"," ","U",217,"H"," ","U",161,"H"," ","U",NA," "," "," "
"1070","USR0000CPIE",2020,4,"TMIN",-39,"H"," ","U",-67,"H"," ","U",-22,"H"," ","U",-6,"H"," ","U",-33,"H"," ","U",-44,"H"," ","U",-11,"H"," ","U",50,"H"," ","U",28,"H"," ","U",-17,"H"," ","U",50,"H"," ","U",28,"H"," ","U",-6,"H"," ","U",-17,"H"," ","U",17,"H"," ","U",17,"H"," ","U",6,"H"," ","U",28,"H"," ","U",17,"H"," ","U",0,"H"," ","U",11,"H"," ","U",39,"H"," ","U",61,"H"," ","U",56,"H"," ","U",67,"H"," ","U",72,"H"," ","U",83,"H"," ","U",67,"H"," ","U",100,"H"," ","U",67,"H"," ","U",NA," "," "," "
"1071","USR0000CPIE",2020,4,"TAVG",21," "," ","U",8," "," ","U",28," "," ","U",8," "," ","U",-7," "," ","U",15," "," ","U",56," "," ","U",101," "," ","U",108," "," ","U",84," "," ","U",108," "," ","U",76," "," ","U",49," "," ","U",79," "," ","U",97," "," ","U",68," "," ","U",72," "," ","U",71," "," ","U",56," "," ","U",65," "," ","U",94," "," ","U",106," "," ","U",118," "," ","U",131," "," ","U",124," "," ","U",133," "," ","U",132," "," ","U",169," "," ","U",159," "," ","U",113," "," ","U",NA," "," "," "
"1072","USR0000CPIE",2020,5,"TMAX",178,"H"," ","U",150,"H"," ","U",139,"H"," ","U",178,"H"," ","U",189,"H"," ","U",172,"H"," ","U",189,"H"," ","U",239,"H"," ","U",261,"H"," ","U",211,"H"," ","U",156,"H"," ","U",61,"H"," ","U",83,"H"," ","U",78,"H"," ","U",161,"H"," ","U",183,"H"," ","U",106,"H"," ","U",78,"H"," ","U",161,"H"," ","U",128,"H"," ","U",161,"H"," ","U",117,"H"," ","U",178,"H"," ","U",217,"H"," ","U",261,"H"," ","U",261,"H"," ","U",272,"H"," ","U",278,"H"," ","U",306,"H"," ","U",161,"H"," ","U",189,"H"," ","U"
"1073","USR0000CPIE",2020,5,"TMIN",50,"H"," ","U",44,"H"," ","U",39,"H"," ","U",11,"H"," ","U",44,"H"," ","U",56,"H"," ","U",44,"H"," ","U",78,"H"," ","U",100,"H"," ","U",94,"H"," ","U",44,"H"," ","U",22,"H"," ","U",11,"H"," ","U",28,"H"," ","U",22,"H"," ","U",44,"H"," ","U",39,"H"," ","U",6,"H"," ","U",-6,"H"," ","U",0,"H"," ","U",22,"H"," ","U",50,"H"," ","U",11,"H"," ","U",56,"H"," ","U",100,"H"," ","U",122,"H"," ","U",128,"H"," ","U",139,"H"," ","U",144,"H"," ","U",61,"H"," ","U",56,"H"," ","U"
"1074","USR0000CPIE",2020,5,"TAVG",109," "," ","U",96," "," ","U",84," "," ","U",103," "," ","U",118," "," ","U",122," "," ","U",131," "," ","U",166," "," ","U",182," "," ","U",158," "," ","U",94," "," ","U",41," "," ","U",39," "," ","U",46," "," ","U",96," "," ","U",111," "," ","U",68," "," ","U",33," "," ","U",51," "," ","U",64," "," ","U",96," "," ","U",76," "," ","U",102," "," ","U",146," "," ","U",190," "," ","U",194," "," ","U",206," "," ","U",217," "," ","U",220," "," ","U",100," "," ","U",122," "," ","U"
"1075","USR0000CPIE",2020,6,"TMAX",194,"H"," ","U",250,"H"," ","U",261,"H"," ","U",267,"H"," ","U",239,"H"," ","U",122,"H"," ","U",72,"H"," ","U",161,"H"," ","U",222,"H"," ","U",244,"H"," ","U",239,"H"," ","U",278,"H"," ","U",111,"H"," ","U",194,"H"," ","U",172,"H"," ","U",161,"H"," ","U",167,"H"," ","U",217,"H"," ","U",267,"H"," ","U",261,"H"," ","U",250,"H"," ","U",NA," "," "," ",NA," "," "," ",NA," "," "," ",NA," "," "," ",NA," "," "," ",NA," "," "," ",NA," "," "," ",NA," "," "," ",NA," "," "," ",NA," "," "," "
"1076","USR0000CPIE",2020,6,"TMIN",89,"H"," ","U",94,"H"," ","U",122,"H"," ","U",128,"H"," ","U",100,"H"," ","U",6,"H"," ","U",-11,"H"," ","U",-11,"H"," ","U",56,"H"," ","U",89,"H"," ","U",117,"H"," ","U",39,"H"," ","U",33,"H"," ","U",28,"H"," ","U",89,"H"," ","U",39,"H"," ","U",33,"H"," ","U",100,"H"," ","U",111,"H"," ","U",117,"H"," ","U",106,"H"," ","U",NA," "," "," ",NA," "," "," ",NA," "," "," ",NA," "," "," ",NA," "," "," ",NA," "," "," ",NA," "," "," ",NA," "," "," ",NA," "," "," ",NA," "," "," "
"1077","USR0000CPIE",2020,6,"TAVG",135," "," ","U",183," "," ","U",196," "," ","U",203," "," ","U",176," "," ","U",70," "," ","U",18," "," ","U",85," "," ","U",147," "," ","U",176," "," ","U",177," "," ","U",129," "," ","U",67," "," ","U",117," "," ","U",124," "," ","U",101," "," ","U",108," "," ","U",161," "," ","U",194," "," ","U",196," "," ","U",182," "," ","U",NA," "," "," ",NA," "," "," ",NA," "," "," ",NA," "," "," ",NA," "," "," ",NA," "," "," ",NA," "," "," ",NA," "," "," ",NA," "," "," ",NA," "," "," "
