"","id","year","month","element","VALUE1","MFLAG1","QFLAG1","SFLAG1","VALUE2","MFLAG2","QFLAG2","SFLAG2","VALUE3","MFLAG3","QFLAG3","SFLAG3","VALUE4","MFLAG4","QFLAG4","SFLAG4","VALUE5","MFLAG5","QFLAG5","SFLAG5","VALUE6","MFLAG6","QFLAG6","SFLAG6","VALUE7","MFLAG7","QFLAG7","SFLAG7","VALUE8","MFLAG8","QFLAG8","SFLAG8","VALUE9","MFLAG9","QFLAG9","SFLAG9","VALUE10","MFLAG10","QFLAG10","SFLAG10","VALUE11","MFLAG11","QFLAG11","SFLAG11","VALUE12","MFLAG12","QFLAG12","SFLAG12","VALUE13","MFLAG13","QFLAG13","SFLAG13","VALUE14","MFLAG14","QFLAG14","SFLAG14","VALUE15","MFLAG15","QFLAG15","SFLAG15","VALUE16","MFLAG16","QFLAG16","SFLAG16","VALUE17","MFLAG17","QFLAG17","SFLAG17","VALUE18","MFLAG18","QFLAG18","SFLAG18","VALUE19","MFLAG19","QFLAG19","SFLAG19","VALUE20","MFLAG20","QFLAG20","SFLAG20","VALUE21","MFLAG21","QFLAG21","SFLAG21","VALUE22","MFLAG22","QFLAG22","SFLAG22","VALUE23","MFLAG23","QFLAG23","SFLAG23","VALUE24","MFLAG24","QFLAG24","SFLAG24","VALUE25","MFLAG25","QFLAG25","SFLAG25","VALUE26","MFLAG26","QFLAG26","SFLAG26","VALUE27","MFLAG27","QFLAG27","SFLAG27","VALUE28","MFLAG28","QFLAG28","SFLAG28","VALUE29","MFLAG29","QFLAG29","SFLAG29","VALUE30","MFLAG30","QFLAG30","SFLAG30","VALUE31","MFLAG31","QFLAG31","SFLAG31"
"1","USC00392565",1989,10,"TMAX",NA," "," "," ",133," "," ","0",61," "," ","0",111," "," ","0",172," "," ","0",189," "," ","0",150," "," ","0",156," "," ","0",200," "," ","0",183," "," ","0",256," "," ","0",206," "," ","0",250," "," ","0",233," "," ","0",239," "," ","0",44," ","I","0",11," "," ","0",39," "," ","0",72," "," ","0",156," "," ","0",206," "," ","0",222," "," ","0",206," "," ","0",194," "," ","0",228," "," ","0",239," "," ","0",144," "," ","0",122," "," ","0",83," "," ","0",-17," "," ","0",33," "," ","0"
"2","USC00392565",1989,10,"TMIN",NA," "," "," ",17," "," ","0",22," "," ","0",22," "," ","0",22," "," ","0",6," "," ","0",28," "," ","0",0," "," ","0",0," "," ","0",17," "," ","0",22," "," ","0",33," "," ","0",44," "," ","0",44," "," ","0",44," "," ","0",-17," "," ","0",-33," "," ","0",-44," "," ","0",-61," "," ","0",-22," "," ","0",0," "," ","0",6," "," ","0",33," "," ","0",33," "," ","0",33," "," ","0",33," "," ","0",-17," "," ","0",-17," "," ","0",-17," "," ","0",-100," "," ","0",-72," "," ","0"
"3","USC00392565",1989,10,"TOBS",106," "," ","0",28," "," ","0",22," "," ","0",44," "," ","0",50," "," ","0",28," "," ","0",39," "," ","0",0," "," ","0",78," "," ","0",22," "," ","0",56," "," ","0",56," "," ","0",50," "," ","0",50," "," ","0",56," ","I","0",-17," "," ","0",-33," "," ","0",-44," "," ","0",-22," "," ","0",6," "," ","0",11," "," ","0",100," "," ","0",50," "," ","0",33," "," ","0",78," "," ","0",56," "," ","0",-17," "," ","0",50," "," ","0",-17," "," ","0",-72," "," ","0",-6," "," ","0"
"4","USC00392565",1989,10,"PRCP",0,"P"," ","0",0,"T"," ","0",0,"P"," ","0",0,"P"," ","0",0,"P"," ","0",0,"P"," ","0",0,"P"," ","0",0,"P"," ","0",0,"P"," ","0",0,"P"," ","0",0,"P"," ","0",0,"P"," ","0",0,"P"," ","0",0,"P"," ","0",0,"P"," ","0",119," "," ","0",0,"P"," ","0",0,"P"," ","0",0,"P"," ","0",0,"P"," ","0",0,"P"," ","0",0,"P"," ","0",0,"P"," ","0",0,"P"," ","0",0,"P"," ","0",0,"P"," ","0",51," "," ","0",0,"P"," ","0",130," "," ","0",25," "," ","0",0,"P"," ","0"
"5","USC00392565",1989,10,"SNOW",0,"P"," ","0",0,"P"," ","0",0,"P"," ","0",0,"P"," ","0",0,"P"," ","0",0,"P"," ","0",0,"P"," ","0",0,"P"," ","0",0,"P"," ","0",0,"P"," ","0",0,"P"," ","0",0,"P"," ","0",0,"P"," ","0",0,"P"," ","0",0,"P"," ","0",0,"P"," ","0",0,"P"," ","0",0,"P"," ","0",0,"P"," ","0",0,"P"," ","0",0,"P"," ","0",0,"P"," ","0",0,"P"," ","0",0,"P"," ","0",0,"P"," ","0",0,"P"," ","0",0,"P"," ","0",0,"P"," ","0",0,"P"," ","0",0,"P"," ","0",0,"P"," ","0"
"6","USC00392565",1989,10,"SNWD",0," "," ","0",0,"P"," ","0",0,"P"," ","0",0,"P"," ","0",0,"P"," ","0",0,"P"," ","0",0,"P"," ","0",0,"P"," ","0",0,"P"," ","0",0,"P"," ","0",0,"P"," ","0",0,"P"," ","0",0,"P"," ","0",0,"P"," ","0",0,"P"," ","0",0,"P"," ","0",0,"P"," ","0",0,"P"," ","0",0,"P"," ","0",0,"P"," ","0",0,"P"," ","0",0,"P"," ","0",0,"P"," ","0",0,"P"," ","0",0,"P"," ","0",0,"P"," ","0",0,"P"," ","0",0,"P"," ","0",0,"P"," ","0",0,"P"," ","0",0,"P"," ","0"
"7","USC00392565",1989,11,"TMAX",28," "," ","0",11," "," ","0",67," "," ","0",89," "," ","0",78," "," ","0",78," "," ","0",83," "," ","0",106," "," ","0",67," "," ","0",133," "," ","0",167," "," ","0",133," "," ","0",NA," "," "," ",NA," "," "," ",NA," "," "," ",-50," "," ","0",33," "," ","0",33," "," ","0",89," "," ","0",200," "," ","0",94," "," ","0",133," "," ","0",6," "," ","0",83," "," ","0",117," "," ","0",50," "," ","0",39," "," ","0",-22," "," ","0",6," "," ","0",72," "," ","0",NA," "," "," "
"8","USC00392565",1989,11,"TMIN",-72," "," ","0",-78," "," ","0",-33," "," ","0",-6," "," ","0",-6," "," ","0",-17," "," ","0",-28," "," ","0",-33," "," ","0",-11," "," ","0",17," "," ","0",11," "," ","0",-6," "," ","0",NA," "," "," ",NA," "," "," ",-50," "," ","0",-156," "," ","0",-94," "," ","0",-56," "," ","0",-11," "," ","0",-11," "," ","0",-44," "," ","0",-111," "," ","0",-100," "," ","0",-50," "," ","0",-44," "," ","0",-44," "," ","0",-61," "," ","0",-111," "," ","0",-111," "," ","0",-78," "," ","0",NA," "," "," "
"9","USC00392565",1989,11,"TOBS",-72," "," ","0",-11," "," ","0",28," "," ","0",11," "," ","0",6," "," ","0",0," "," ","0",28," "," ","0",-11," "," ","0",44," "," ","0",28," "," ","0",28," "," ","0",56," "," ","0",NA," "," "," ",NA," "," "," ",-50," "," ","0",-94," "," ","0",6," "," ","0",33," "," ","0",56," "," ","0",28," "," ","0",-17," "," ","0",-100," "," ","0",-50," "," ","0",17," "," ","0",-22," "," ","0",6," "," ","0",-56," "," ","0",-111," "," ","0",-44," "," ","0",-72," "," ","0",NA," "," "," "
"10","USC00392565",1989,11,"PRCP",0,"P"," ","0",0,"P"," ","0",0,"P"," ","0",0,"P"," ","0",8," "," ","0",0,"P"," ","0",0,"T"," ","0",0,"P"," ","0",0,"P"," ","0",0,"P"," ","0",0,"P"," ","0",0,"P"," ","0",0," "," ","0",0," "," ","0",0,"P"," ","0",0,"P"," ","0",0,"P"," ","0",0,"P"," ","0",0,"P"," ","0",0,"P"," ","0",0,"P"," ","0",0,"P"," ","0",0,"P"," ","0",0,"P"," ","0",8," "," ","0",43," "," ","0",69," "," ","0",3," "," ","0",0,"P"," ","0",0,"P"," ","0",NA," "," "," "
"11","USC00392565",1989,11,"SNOW",0,"P"," ","0",0,"P"," ","0",0,"P"," ","0",0,"P"," ","0",0,"P"," ","0",0,"P"," ","0",0,"P"," ","0",0,"P"," ","0",0,"P"," ","0",0,"P"," ","0",0,"P"," ","0",0,"P"," ","0",0,"P"," ","0",0,"P"," ","0",0,"P"," ","0",0,"P"," ","0",0,"P"," ","0",0,"P"," ","0",0,"P"," ","0",0,"P"," ","0",0,"P"," ","0",0,"P"," ","0",0,"P"," ","0",0,"P"," ","0",0,"P"," ","0",NA," "," "," ",0,"P"," ","0",0,"P"," ","0",0,"P"," ","0",0,"P"," ","0",NA," "," "," "
"12","USC00392565",1989,11,"SNWD",0," "," ","0",0,"P"," ","0",0,"P"," ","0",0,"P"," ","0",0,"P"," ","0",0,"P"," ","0",0,"P"," ","0",0,"P"," ","0",0,"P"," ","0",0,"P"," ","0",0,"P"," ","0",0,"P"," ","0",0,"P"," ","0",0,"P"," ","0",0,"P"," ","0",0,"P"," ","0",0,"P"," ","0",0,"P"," ","0",0,"P"," ","0",0,"P"," ","0",0,"P"," ","0",0,"P"," ","0",0,"P"," ","0",0,"P"," ","0",0,"P"," ","0",51," "," ","0",0,"T"," ","0",0,"T"," ","0",0,"T"," ","0",0,"T"," ","0",NA," "," "," "
"13","USC00392565",1989,12,"TMAX",94," "," ","0",83," "," ","0",28," "," ","0",117," "," ","0",128," "," ","0",78," "," ","0",28," "," ","0",0," "," ","0",61," "," ","0",50," "," ","0",-11," "," ","0",-39," "," ","0",-28," "," ","0",-72," "," ","0",-78," "," ","0",-117," "," ","0",-111," "," ","0",-78," "," ","0",-128," "," ","0",-100," "," ","0",-161," "," ","0",-239," "," ","0",-61," "," ","0",56," "," ","0",50," "," ","0",50," "," ","0",78," "," ","0",78," "," ","0",78," "," ","0",-22," "," ","0",-6," "," ","0"
"14","USC00392565",1989,12,"TMIN",-72," "," ","0",-78," "," ","0",-72," "," ","0",-39," "," ","0",-39," "," ","0",-56," "," ","0",-72," "," ","0",-89," "," ","0",-61," "," ","0",-133," "," ","0",-261," "," ","0",-228," "," ","0",-106," "," ","0",-117," "," ","0",-306," "," ","0",-278," "," ","0",-278," "," ","0",-261," "," ","0",-256," "," ","0",-211," "," ","0",-261," "," ","0",-383," "," ","0",-344," "," ","0",-83," "," ","0",-94," "," ","0",-94," "," ","0",-78," "," ","0",-61," "," ","0",-50," "," ","0",-61," "," ","0",-122," "," ","0"
"15","USC00392565",1989,12,"TOBS",-39," "," ","0",-72," "," ","0",17," "," ","0",-33," "," ","0",22," "," ","0",-56," "," ","0",-67," "," ","0",-61," "," ","0",-28," "," ","0",-100," "," ","0",-228," "," ","0",-44," "," ","0",-100," "," ","0",-89," "," ","0",-272," "," ","0",-133," "," ","0",-150," "," ","0",-250," "," ","0",-211," "," ","0",-161," "," ","0",-256," "," ","0",-344," "," ","0",-83," "," ","0",-44," "," ","0",-94," "," ","0",50," "," ","0",-61," "," ","0",-22," "," ","0",-50," "," ","0",-56," "," ","0",-122," "," ","0"
"16","USC00392565",1989,12,"PRCP",0,"P"," ","0",0,"P"," ","0",0,"P"," ","0",0,"P"," ","0",0,"P"," ","0",23," "," ","0",0,"P"," ","0",0,"P"," ","0",0,"P"," ","0",38," "," ","0",18," "," ","0",0,"P"," ","0",0,"P"," ","0",36," "," ","0",25," "," ","0",0,"P"," ","0",0,"P"," ","0",0,"P"," ","0",0,"P"," ","0",0,"P"," ","0",43," "," ","0",0,"P"," ","0",0,"P"," ","0",0,"P"," ","0",0,"P"," ","0",0,"P"," ","0",0,"P"," ","0",0,"P"," ","0",0,"P"," ","0",0,"P"," ","0",0,"P"," ","0"
"17","USC00392565",1989,12,"SNOW",0,"P"," ","0",0,"P"," ","0",0,"P"," ","0",0,"P"," ","0",0,"P"," ","0",0,"P"," ","0",0,"P"," ","0",0,"P"," ","0",0,"P"," ","0",NA," "," "," ",NA," "," "," ",0," "," ","0",0,"P"," ","0",25," "," ","0",25," "," ","0",0,"P"," ","0",0,"P"," ","0",0,"P"," ","0",0,"P"," ","0",0,"P"," ","0",51," "," ","0",0,"P"," ","0",0,"P"," ","0",0,"P"," ","0",0,"P"," ","0",0,"P"," ","0",0,"P"," ","0",0,"P"," ","0",0,"P"," ","0",0,"P"," ","0",0,"P"," ","0"
"18","USC00392565",1989,12,"SNWD",0," "," ","0",0,"P"," ","0",0,"P"," ","0",0,"P"," ","0",0,"P"," ","0",0,"P"," ","0",0,"P"," ","0",0,"P"," ","0",0,"P"," ","0",51," "," ","0",76," "," ","0",76," "," ","0",NA," "," "," ",NA," "," "," ",NA," "," "," ",NA," "," "," ",NA," "," "," ",NA," "," "," ",NA," "," "," ",NA," "," "," ",178," "," ","0",NA," "," "," ",NA," "," "," ",NA," "," "," ",NA," "," "," ",0," "," ","0",0,"P"," ","0",0,"P"," ","0",0,"P"," ","0",0,"P"," ","0",0,"P"," ","0"
"19","USC00392565",1990,1,"TMAX",0," "," ","0",78," "," ","0",78," "," ","0",-17," "," ","0",-17," "," ","0",6," "," ","0",61," "," ","0",61," "," ","0",61," "," ","0",83," "," ","0",122," "," ","0",NA," "," "," ",56," "," ","0",106," "," ","0",89," "," ","0",89," "," ","0",22," "," ","0",-28," "," ","0",17," "," ","0",6," "," ","0",39," "," ","0",67," "," ","0",94," "," ","0",44," "," ","0",-17," "," ","0",39," "," ","0",83," "," ","0",-22," "," ","0",28," "," ","0",39," "," ","0",39," "," ","0"
"20","USC00392565",1990,1,"TMIN",-122," "," ","0",-44," "," ","0",-61," "," ","0",-144," "," ","0",-106," "," ","0",-100," "," ","0",-100," "," ","0",-78," "," ","0",-56," "," ","0",-61," "," ","0",-78," "," ","0",-139," "," ","0",-122," "," ","0",-50," "," ","0",-33," "," ","0",-17," "," ","0",-50," "," ","0",-139," "," ","0",-128," "," ","0",-128," "," ","0",-133," "," ","0",-78," "," ","0",-33," "," ","0",-56," "," ","0",-83," "," ","0",-89," "," ","0",-144," "," ","0",-139," "," ","0",-78," "," ","0",-106," "," ","0",-100," "," ","0"
"21","USC00392565",1990,1,"TOBS",-44," "," ","0",-33," "," ","0",-44," "," ","0",-94," "," ","0",-28," "," ","0",-83," "," ","0",-78," "," ","0",61," "," ","0",-50," "," ","0",28," "," ","0",-56," "," ","0",-117," "," ","0",-22," "," ","0",-33," "," ","0",-17," "," ","0",-11," "," ","0",-50," "," ","0",-128," "," ","0",-106," "," ","0",-128," "," ","0",-72," "," ","0",-33," "," ","0",-17," "," ","0",-50," "," ","0",-78," "," ","0",17," "," ","0",-133," "," ","0",-72," "," ","0",6," "," ","0",-100," "," ","0",-89," "," ","0"
"22","USC00392565",1990,1,"PRCP",0,"P"," ","0",0,"P"," ","0",0,"P"," ","0",0,"P"," ","0",0,"P"," ","0",0,"P"," ","0",0,"P"," ","0",0,"P"," ","0",0,"P"," ","0",0,"P"," ","0",0,"P"," ","0",0,"P"," ","0",0,"P"," ","0",0,"P"," ","0",0,"P"," ","0",0,"T"," ","0",0,"P"," ","0",0,"P"," ","0",0,"P"," ","0",0,"P"," ","0",0,"P"," ","0",0,"P"," ","0",0,"P"," ","0",0,"P"," ","0",0,"P"," ","0",0,"P"," ","0",0,"P"," ","0",0,"P"," ","0",0,"P"," ","0",0,"P"," ","0",0,"P"," ","0"
"23","USC00392565",1990,1,"SNOW",0,"P"," ","0",0,"P"," ","0",0,"P"," ","0",0,"P"," ","0",0,"P"," ","0",0,"P"," ","0",0,"P"," ","0",0,"P"," ","0",0,"P"," ","0",0,"P"," ","0",0,"P"," ","0",0,"P"," ","0",0,"P"," ","0",0,"P"," ","0",0,"P"," ","0",0,"P"," ","0",0,"P"," ","0",0,"P"," ","0",0,"P"," ","0",0,"P"," ","0",0,"P"," ","0",0,"P"," ","0",0,"P"," ","0",0,"P"," ","0",0,"P"," ","0",0,"P"," ","0",0,"P"," ","0",0,"P"," ","0",0,"P"," ","0",0,"P"," ","0",0,"P"," ","0"
"24","USC00392565",1990,1,"SNWD",0," "," ","0",0,"P"," ","0",0,"P"," ","0",0,"P"," ","0",0,"P"," ","0",0,"P"," ","0",0,"P"," ","0",0,"P"," ","0",0,"P"," ","0",0,"P"," ","0",0,"P"," ","0",0,"P"," ","0",0,"P"," ","0",0,"P"," ","0",0,"P"," ","0",0,"P"," ","0",0,"P"," ","0",0,"P"," ","0",0,"P"," ","0",0,"P"," ","0",0,"P"," ","0",0,"P"," ","0",0,"P"," ","0",0,"P"," ","0",0,"P"," ","0",0,"P"," ","0",0,"P"," ","0",0,"P"," ","0",0,"P"," ","0",0,"P"," ","0",0,"P"," ","0"
"25","USC00392565",1990,2,"TMAX",-67," "," ","0",-50," "," ","0",33," "," ","0",56," "," ","0",106," "," ","0",44," "," ","0",83," "," ","0",11," "," ","0",17," "," ","0",67," "," ","0",100," "," ","0",144," "," ","0",83," "," ","0",-94," "," ","0",-117," "," ","0",-133," "," ","0",-72," "," ","0",28," "," ","0",-6," "," ","0",28," "," ","0",61," "," ","0",61," "," ","0",61," "," ","0",78," "," ","0",33," "," ","0",106," "," ","0",61," "," ","0",NA," "," "," ",NA," "," "," ",NA," "," "," ",NA," "," "," "
"26","USC00392565",1990,2,"TMIN",-189," "," ","0",-178," "," ","0",-139," "," ","0",-106," "," ","0",-83," "," ","0",-83," "," ","0",-67," "," ","0",-161," "," ","0",-156," "," ","0",-111," "," ","0",-17," "," ","0",-11," "," ","0",-106," "," ","0",-172," "," ","0",-200," "," ","0",-244," "," ","0",-178," "," ","0",-200," "," ","0",-183," "," ","0",-139," "," ","0",-94," "," ","0",-44," "," ","0",-28," "," ","0",-61," "," ","0",-67," "," ","0",-56," "," ","0",-100," "," ","0",NA," "," "," ",NA," "," "," ",NA," "," "," ",NA," "," "," "
"27","USC00392565",1990,2,"TOBS",-178," "," ","0",-100," "," ","0",-106," "," ","0",-22," "," ","0",-78," "," ","0",-67," "," ","0",-56," "," ","0",-156," "," ","0",-111," "," ","0",0," "," ","0",-11," "," ","0",61," "," ","0",-106," "," ","0",-167," "," ","0",-172," "," ","0",-178," "," ","0",-117," "," ","0",-178," "," ","0",-139," "," ","0",-94," "," ","0",33," "," ","0",17," "," ","0",39," "," ","0",-39," "," ","0",-56," "," ","0",-11," "," ","0",-56," "," ","0",NA," "," "," ",NA," "," "," ",NA," "," "," ",NA," "," "," "
"28","USC00392565",1990,2,"PRCP",0,"P"," ","0",0,"P"," ","0",0,"P"," ","0",0,"P"," ","0",0,"P"," ","0",0,"P"," ","0",0,"P"," ","0",0,"T"," ","0",0,"P"," ","0",0,"P"," ","0",0,"P"," ","0",0,"P"," ","0",36," "," ","0",58," "," ","0",48," "," ","0",0,"P"," ","0",0,"P"," ","0",0,"P"," ","0",0,"P"," ","0",0,"P"," ","0",0,"P"," ","0",0,"P"," ","0",0,"P"," ","0",0,"P"," ","0",0,"P"," ","0",0,"P"," ","0",0,"P"," ","0",NA," "," "," ",NA," "," "," ",NA," "," "," ",NA," "," "," "
"29","USC00392565",1990,2,"SNOW",0,"P"," ","0",0,"P"," ","0",0,"P"," ","0",0,"P"," ","0",0,"P"," ","0",0,"P"," ","0",0,"P"," ","0",NA," "," "," ",0,"P"," ","0",0,"P"," ","0",0,"P"," ","0",0,"P"," ","0",NA," "," "," ",NA," "," "," ",NA," "," "," ",0," "," ","0",0,"P"," ","0",0,"P"," ","0",0,"P"," ","0",0,"P"," ","0",0,"P"," ","0",0,"P"," ","0",0,"P"," ","0",0,"P"," ","0",0,"P"," ","0",0,"P"," ","0",0,"P"," ","0",0,"P"," ","0",NA," "," "," ",NA," "," "," ",NA," "," "," "
"30","USC00392565",1990,2,"SNWD",0," "," ","0",0,"P"," ","0",0,"P"," ","0",0,"P"," ","0",0,"P"," ","0",0,"P"," ","0",0,"P"," ","0",NA," "," "," ",0," "," ","0",0,"P"," ","0",0,"P"," ","0",0,"P"," ","0",51," "," ","0",102," "," ","0",127," "," ","0",127," "," ","0",NA," "," "," ",NA," "," "," ",NA," "," "," ",NA," "," "," ",NA," "," "," ",NA," "," "," ",NA," "," "," ",NA," "," "," ",NA," "," "," ",NA," "," "," ",NA," "," "," ",NA," "," "," ",NA," "," "," ",NA," "," "," ",NA," "," "," "
"31","USC00392565",1990,3,"TMAX",56," "," ","0",117," "," ","0",106," "," ","0",128," "," ","0",128," "," ","0",78," "," ","0",39," "," ","0",-17," "," ","0",100," "," ","0",72," "," ","0",133," "," ","0",172," "," ","0",78," "," ","0",17," "," ","0",0," "," ","0",33," "," ","0",56," "," ","0",39," "," ","0",33," "," ","0",139," "," ","0",183," "," ","0",139," "," ","0",22," "," ","0",-94," "," ","0",-67," "," ","0",44," "," ","0",78," "," ","0",111," "," ","0",NA," "," "," ",89," "," ","0",128," "," ","0"
"32","USC00392565",1990,3,"TMIN",-72," "," ","0",-72," "," ","0",-61," "," ","0",-22," "," ","0",6," "," ","0",0," "," ","0",-61," "," ","0",-117," "," ","0",-83," "," ","0",-28," "," ","0",-6," "," ","0",6," "," ","0",-44," "," ","0",-33," "," ","0",-39," "," ","0",-33," "," ","0",-67," "," ","0",-28," "," ","0",-83," "," ","0",-22," "," ","0",6," "," ","0",-22," "," ","0",-128," "," ","0",-200," "," ","0",-172," "," ","0",-83," "," ","0",-39," "," ","0",-28," "," ","0",NA," "," "," ",-33," "," ","0",-6," "," ","0"
"33","USC00392565",1990,3,"TOBS",-44," "," ","0",-17," "," ","0",-11," "," ","0",6," "," ","0",28," "," ","0",17," "," ","0",-56," "," ","0",-78," "," ","0",0," "," ","0",33," "," ","0",39," "," ","0",11," "," ","0",-6," "," ","0",-33," "," ","0",-11," "," ","0",-11," "," ","0",0," "," ","0",-17," "," ","0",-6," "," ","0",17," "," ","0",50," "," ","0",0," "," ","0",-122," "," ","0",-156," "," ","0",-67," "," ","0",-17," "," ","0",28," "," ","0",11," "," ","0",NA," "," "," ",28," "," ","0",39," "," ","0"
"34","USC00392565",1990,3,"PRCP",0,"P"," ","0",0,"P"," ","0",0,"P"," ","0",0,"P"," ","0",0,"P"," ","0",33," "," ","0",147," "," ","0",0,"P"," ","0",0,"P"," ","0",0,"P"," ","0",0,"P"," ","0",0,"P"," ","0",0,"P"," ","0",25," "," ","0",0,"P"," ","0",28," "," ","0",0,"P"," ","0",0,"P"," ","0",0,"P"," ","0",0,"P"," ","0",0,"P"," ","0",0,"P"," ","0",8," "," ","0",66," "," ","0",0,"P"," ","0",0,"P"," ","0",0,"P"," ","0",0,"P"," ","0",NA," "," "," ",0,"P"," ","0",0,"P"," ","0"
"35","USC00392565",1990,3,"SNOW",0,"P"," ","0",0,"P"," ","0",0,"P"," ","0",0,"P"," ","0",0,"P"," ","0",0,"P"," ","0",NA," "," "," ",0," "," ","0",0,"P"," ","0",0,"P"," ","0",0,"P"," ","0",0,"P"," ","0",0,"P"," ","0",NA," "," "," ",0,"P"," ","0",NA," "," "," ",0,"P"," ","0",0,"P"," ","0",0,"P"," ","0",0,"P"," ","0",0,"P"," ","0",0,"P"," ","0",NA," "," "," ",NA," "," "," ",0," "," ","0",0,"P"," ","0",0,"P"," ","0",0,"P"," ","0",0,"P"," ","0",0,"P"," ","0",0,"P"," ","0"
"36","USC00392565",1990,3,"SNWD",0," "," ","0",0,"P"," ","0",0,"P"," ","0",0,"P"," ","0",0,"P"," ","0",0," "," ","0",127," "," ","0",102," "," ","0",25," "," ","0",0,"T"," ","0",0," "," ","0",0,"P"," ","0",0,"P"," ","0",25," "," ","0",0,"T"," ","0",NA," "," "," ",NA," "," "," ",0,"T"," ","0",0,"P"," ","0",0,"P"," ","0",0," "," ","0",0,"P"," ","0",0,"T"," ","0",102," "," ","0",76," "," ","0",0,"T"," ","0",0," "," ","0",0,"P"," ","0",0,"P"," ","0",0,"P"," ","0",0,"P"," ","0"
"37","USC00392565",1990,4,"TMAX",183," "," ","0",89," "," ","0",161," "," ","0",217," "," ","0",61," "," ","0",17," "," ","0",NA," "," "," ",106," "," ","0",183," "," ","0",50," "," ","0",6," "," ","0",33," "," ","0",61," "," ","0",111," "," ","0",122," "," ","0",172," "," ","0",61," "," ","0",61," "," ","0",211," "," ","0",183," "," ","0",217," "," ","0",239," "," ","0",233," "," ","0",228," "," ","0",NA," "," "," ",NA," "," "," ",NA," "," "," ",NA," "," "," ",NA," "," "," ",NA," "," "," ",NA," "," "," "
"38","USC00392565",1990,4,"TMIN",-6," "," ","0",0," "," ","0",11," "," ","0",39," "," ","0",-39," "," ","0",-117," "," ","0",NA," "," "," ",-89," "," ","0",44," "," ","0",-22," "," ","0",-56," "," ","0",-50," "," ","0",0," "," ","0",-6," "," ","0",6," "," ","0",56," "," ","0",-28," "," ","0",-22," "," ","0",28," "," ","0",50," "," ","0",56," "," ","0",56," "," ","0",33," "," ","0",78," "," ","0",NA," "," "," ",NA," "," "," ",NA," "," "," ",NA," "," "," ",NA," "," "," ",NA," "," "," ",NA," "," "," "
"39","USC00392565",1990,4,"TOBS",28," "," ","0",11," "," ","0",50," "," ","0",50," "," ","0",-39," "," ","0",-89," "," ","0",NA," "," "," ",50," "," ","0",44," "," ","0",-22," "," ","0",-50," "," ","0",0," "," ","0",33," "," ","0",56," "," ","0",56," "," ","0",61," "," ","0",-6," "," ","0",28," "," ","0",72," "," ","0",78," "," ","0",117," "," ","0",100," "," ","0",122," "," ","0",94," "," ","0",NA," "," "," ",NA," "," "," ",NA," "," "," ",NA," "," "," ",NA," "," "," ",NA," "," "," ",NA," "," "," "
"40","USC00392565",1990,4,"PRCP",0,"P"," ","0",0,"P"," ","0",0,"P"," ","0",28," "," ","0",119," "," ","0",10," "," ","0",0," "," ","0",0,"P"," ","0",0,"P"," ","0",43," "," ","0",0,"P"," ","0",0,"P"," ","0",66," "," ","0",0,"P"," ","0",0,"P"," ","0",0,"P"," ","0",0,"P"," ","0",0,"P"," ","0",0,"P"," ","0",104," "," ","0",0,"P"," ","0",0,"P"," ","0",0,"P"," ","0",0,"P"," ","0",36," "," ","0",257," "," ","0",13," "," ","0",0," "," ","0",41," "," ","0",30," "," ","0",NA," "," "," "
"41","USC00392565",1990,4,"SNOW",0,"P"," ","0",0,"P"," ","0",0,"P"," ","0",0,"P"," ","0",NA," "," "," ",0,"P"," ","0",0,"P"," ","0",0,"P"," ","0",0,"P"," ","0",NA," "," "," ",0,"P"," ","0",0,"P"," ","0",0,"P"," ","0",0,"P"," ","0",0,"P"," ","0",0,"P"," ","0",0,"P"," ","0",0,"P"," ","0",0,"P"," ","0",0,"P"," ","0",0,"P"," ","0",0,"P"," ","0",0,"P"," ","0",0,"P"," ","0",0,"P"," ","0",0,"P"," ","0",0,"P"," ","0",0,"P"," ","0",0,"P"," ","0",0,"P"," ","0",NA," "," "," "
"42","USC00392565",1990,4,"SNWD",0," "," ","0",0,"P"," ","0",0,"P"," ","0",0,"P"," ","0",76," "," ","0",25," "," ","0",0,"P"," ","0",0," "," ","0",0,"P"," ","0",0,"T"," ","0",0," "," ","0",0,"P"," ","0",0,"P"," ","0",0,"P"," ","0",0,"P"," ","0",0,"P"," ","0",0,"P"," ","0",0,"P"," ","0",0,"P"," ","0",0,"P"," ","0",0,"P"," ","0",0,"P"," ","0",0,"P"," ","0",0,"P"," ","0",0,"P"," ","0",0,"P"," ","0",0,"P"," ","0",0,"P"," ","0",0,"P"," ","0",0,"P"," ","0",NA," "," "," "
"43","USC00392565",1990,5,"TMAX",NA," "," "," ",NA," "," "," ",NA," "," "," ",139," "," ","0",150," "," ","0",172," "," ","0",267," "," ","0",144," "," ","0",NA," "," "," ",67," "," ","0",167," "," ","0",89," "," ","0",139," "," ","0",133," "," ","0",133," "," ","0",150," "," ","0",122," "," ","0",183," "," ","0",206," "," ","0",183," "," ","0",178," "," ","0",217," "," ","0",239," "," ","0",233," "," ","0",206," "," ","0",200," "," ","0",194," "," ","0",217," "," ","0",211," "," ","0",122," "," ","0",189," "," ","0"
"44","USC00392565",1990,5,"TMIN",NA," "," "," ",NA," "," "," ",28," "," ","0",0," "," ","0",33," "," ","0",33," "," ","0",100," "," ","0",0," "," ","0",0," "," ","0",-61," "," ","0",22," "," ","0",-6," "," ","0",28," "," ","0",-11," "," ","0",22," "," ","0",39," "," ","0",-22," "," ","0",44," "," ","0",17," "," ","0",78," "," ","0",39," "," ","0",94," "," ","0",100," "," ","0",128," "," ","0",44," "," ","0",44," "," ","0",83," "," ","0",100," "," ","0",106," "," ","0",100," "," ","0",106," "," ","0"
"45","USC00392565",1990,5,"TOBS",NA," "," "," ",NA," "," "," ",67," "," ","0",78," "," ","0",67," "," ","0",100," "," ","0",117," "," ","0",11," "," ","0",6," "," ","0",22," "," ","0",44," "," ","0",61," "," ","0",67," "," ","0",22," "," ","0",106," "," ","0",50," "," ","0",44," "," ","0",122," "," ","0",89," "," ","0",89," "," ","0",133," "," ","0",167," "," ","0",156," "," ","0",144," "," ","0",94," "," ","0",133," "," ","0",122," "," ","0",144," "," ","0",106," "," ","0",106," "," ","0",128," "," ","0"
"46","USC00392565",1990,5,"PRCP",0," "," ","0",0," "," ","0",0,"P"," ","0",0,"P"," ","0",0,"T"," ","0",0,"P"," ","0",0,"P"," ","0",0,"P"," ","0",10," "," ","0",5," "," ","0",0,"T"," ","0",25," "," ","0",0,"P"," ","0",112," "," ","0",10," "," ","0",0,"P"," ","0",0,"P"," ","0",0,"P"," ","0",89," "," ","0",18," "," ","0",0,"P"," ","0",0,"P"," ","0",0,"P"," ","0",0,"P"," ","0",30," "," ","0",0,"P"," ","0",0,"P"," ","0",0,"P"," ","0",56," "," ","0",198," "," ","0",51," "," ","0"
"47","USC00392565",1990,5,"SNOW",0,"P"," ","0",0,"P"," ","0",0,"P"," ","0",0,"P"," ","0",0,"P"," ","0",0,"P"," ","0",0,"P"," ","0",0,"P"," ","0",0,"P"," ","0",0,"P"," ","0",0,"P"," ","0",0,"P"," ","0",0,"P"," ","0",0,"P"," ","0",0,"P"," ","0",0,"P"," ","0",0,"P"," ","0",0,"P"," ","0",0,"P"," ","0",0,"P"," ","0",0,"P"," ","0",0,"P"," ","0",0,"P"," ","0",0,"P"," ","0",0,"P"," ","0",0,"P"," ","0",0,"P"," ","0",0,"P"," ","0",0,"P"," ","0",0,"P"," ","0",0,"P"," ","0"
"48","USC00392565",1990,5,"SNWD",0," "," ","0",0,"P"," ","0",0,"P"," ","0",0,"P"," ","0",0,"P"," ","0",0,"P"," ","0",0,"P"," ","0",0,"P"," ","0",0,"P"," ","0",0,"P"," ","0",0,"P"," ","0",0,"P"," ","0",0,"P"," ","0",0,"P"," ","0",0,"P"," ","0",0,"P"," ","0",0,"P"," ","0",0,"P"," ","0",0,"P"," ","0",0,"P"," ","0",0,"P"," ","0",0,"P"," ","0",0,"P"," ","0",0,"P"," ","0",0,"P"," ","0",0,"P"," ","0",0,"P"," ","0",0,"P"," ","0",0,"P"," ","0",0,"P"," ","0",0,"P"," ","0"
"49","USC00392565",1990,6,"TMAX",244," "," ","0",200," "," ","0",183," "," ","0",194," "," ","0",294," "," ","0",211," "," ","0",189," "," ","0",244," "," ","0",222," "," ","0",272," "," ","0",278," "," ","0",261," "," ","0",211," "," ","0",206," "," ","0",194," "," ","0",211," "," ","0",250," "," ","0",NA," "," "," ",300," "," ","0",256," "," ","0",250," "," ","0",178," "," ","0",228," "," ","0",300," "," ","0",328," "," ","0",350," "," ","0",333," "," ","0",372," "," ","0",322," "," ","0",350," "," ","0",NA," "," "," "
"50","USC00392565",1990,6,"TMIN",122," "," ","0",67," "," ","0",56," "," ","0",78," "," ","0",78," "," ","0",111," "," ","0",106," "," ","0",100," "," ","0",106," "," ","0",167," "," ","0",128," "," ","0",100," "," ","0",117," "," ","0",94," "," ","0",89," "," ","0",89," "," ","0",133," "," ","0",NA," "," "," ",100," "," ","0",117," "," ","0",94," "," ","0",61," "," ","0",117," "," ","0",133," "," ","0",194," "," ","0",156," "," ","0",161," "," ","0",183," "," ","0",183," "," ","0",200," "," ","0",NA," "," "," "
"51","USC00392565",1990,6,"TOBS",139," "," ","0",89," "," ","0",78," "," ","0",156," "," ","0",128," "," ","0",117," "," ","0",144," "," ","0",139," "," ","0",178," "," ","0",206," "," ","0",206," "," ","0",144," "," ","0",50," ","I","0",128," "," ","0",111," "," ","0",139," "," ","0",211," "," ","0",NA," "," "," ",167," "," ","0",150," "," ","0",94," "," ","0",128," "," ","0",183," "," ","0",228," "," ","0",239," "," ","0",233," "," ","0",217," "," ","0",217," "," ","0",244," "," ","0",250," "," ","0",NA," "," "," "
"52","USC00392565",1990,6,"PRCP",0,"P"," ","0",0,"P"," ","0",0,"P"," ","0",0,"P"," ","0",0,"P"," ","0",0,"P"," ","0",33," "," ","0",0,"P"," ","0",0,"P"," ","0",0,"P"," ","0",41," "," ","0",28," "," ","0",0,"P"," ","0",15," "," ","0",0,"T"," ","0",0,"P"," ","0",0,"P"," ","0",NA," "," "," ",0,"P"," ","0",0,"T"," ","0",170," "," ","0",56," "," ","0",0,"P"," ","0",0,"P"," ","0",0,"P"," ","0",0,"P"," ","0",0,"P"," ","0",0,"P"," ","0",0,"P"," ","0",0,"P"," ","0",NA," "," "," "
"53","USC00392565",1990,6,"SNOW",0,"P"," ","0",0,"P"," ","0",0,"P"," ","0",0,"P"," ","0",0,"P"," ","0",0,"P"," ","0",0,"P"," ","0",0,"P"," ","0",0,"P"," ","0",0,"P"," ","0",0,"P"," ","0",0,"P"," ","0",0,"P"," ","0",0,"P"," ","0",0,"P"," ","0",0,"P"," ","0",0,"P"," ","0",0,"P"," ","0",0,"P"," ","0",0,"P"," ","0",0,"P"," ","0",0,"P"," ","0",0,"P"," ","0",0,"P"," ","0",0,"P"," ","0",0,"P"," ","0",0,"P"," ","0",0,"P"," ","0",0,"P"," ","0",0,"P"," ","0",NA," "," "," "
"54","USC00392565",1990,6,"SNWD",0," "," ","0",0,"P"," ","0",0,"P"," ","0",0,"P"," ","0",0,"P"," ","0",0,"P"," ","0",0,"P"," ","0",0,"P"," ","0",0,"P"," ","0",0,"P"," ","0",0,"P"," ","0",0,"P"," ","0",0,"P"," ","0",0,"P"," ","0",0,"P"," ","0",0,"P"," ","0",0,"P"," ","0",0,"P"," ","0",0,"P"," ","0",0,"P"," ","0",0,"P"," ","0",0,"P"," ","0",0,"P"," ","0",0,"P"," ","0",0,"P"," ","0",0,"P"," ","0",0,"P"," ","0",0,"P"," ","0",0,"P"," ","0",0,"P"," ","0",NA," "," "," "
"55","USC00392565",1990,7,"TMAX",356," "," ","0",378," "," ","0",383," "," ","0",306," "," ","0",289," "," ","0",294," "," ","0",361," "," ","0",306," "," ","0",244," "," ","0",239," "," ","0",267," "," ","0",256," "," ","0",228," "," ","0",261," "," ","0",239," "," ","0",256," "," ","0",328," "," ","0",317," "," ","0",306," "," ","0",256," "," ","0",178," "," ","0",167," "," ","0",211," "," ","0",278," "," ","0",317," "," ","0",300," "," ","0",328," "," ","0",283," "," ","0",278," "," ","0",244," "," ","0",267," "," ","0"
"56","USC00392565",1990,7,"TMIN",178," "," ","0",178," "," ","0",172," "," ","0",167," "," ","0",172," "," ","0",172," "," ","0",144," "," ","0",133," "," ","0",150," "," ","0",122," "," ","0",94," "," ","0",67," "," ","0",78," "," ","0",111," "," ","0",111," "," ","0",111," "," ","0",178," "," ","0",200," "," ","0",150," "," ","0",150," "," ","0",94," "," ","0",89," "," ","0",94," "," ","0",122," "," ","0",139," "," ","0",172," "," ","0",122," "," ","0",128," "," ","0",117," "," ","0",106," "," ","0",122," "," ","0"
"57","USC00392565",1990,7,"TOBS",250," "," ","0",256," "," ","0",211," "," ","0",189," "," ","0",200," "," ","0",206," "," ","0",261," "," ","0",167," "," ","0",167," "," ","0",172," "," ","0",183," "," ","0",133," "," ","0",128," "," ","0",122," "," ","0",161," "," ","0",183," "," ","0",211," "," ","0",217," "," ","0",150," "," ","0",150," "," ","0",94," "," ","0",106," "," ","0",156," "," ","0",178," "," ","0",172," "," ","0",217," "," ","0",172," "," ","0",183," "," ","0",150," "," ","0",172," "," ","0",167," "," ","0"
"58","USC00392565",1990,7,"PRCP",0,"P"," ","0",0,"P"," ","0",0,"P"," ","0",0,"P"," ","0",0,"P"," ","0",0,"P"," ","0",0,"P"," ","0",66," "," ","0",0,"P"," ","0",13," "," ","0",15," "," ","0",0,"P"," ","0",0,"P"," ","0",8," "," ","0",13," "," ","0",10," "," ","0",0,"P"," ","0",0,"P"," ","0",46," "," ","0",81," "," ","0",312," "," ","0",74," "," ","0",0,"T"," ","0",0,"P"," ","0",0,"P"," ","0",0,"P"," ","0",0,"P"," ","0",0,"P"," ","0",0,"T"," ","0",0,"P"," ","0",0,"P"," ","0"
"59","USC00392565",1990,7,"SNOW",0,"P"," ","0",0,"P"," ","0",0,"P"," ","0",0,"P"," ","0",0,"P"," ","0",0,"P"," ","0",0,"P"," ","0",0,"P"," ","0",0,"P"," ","0",0,"P"," ","0",0,"P"," ","0",0,"P"," ","0",0,"P"," ","0",0,"P"," ","0",0,"P"," ","0",0,"P"," ","0",0,"P"," ","0",0,"P"," ","0",0,"P"," ","0",0,"P"," ","0",0,"P"," ","0",0,"P"," ","0",0,"P"," ","0",0,"P"," ","0",0,"P"," ","0",0,"P"," ","0",0,"P"," ","0",0,"P"," ","0",0,"P"," ","0",0,"P"," ","0",0,"P"," ","0"
"60","USC00392565",1990,7,"SNWD",0," "," ","0",0,"P"," ","0",0,"P"," ","0",0,"P"," ","0",0,"P"," ","0",0,"P"," ","0",0,"P"," ","0",0,"P"," ","0",0,"P"," ","0",0,"P"," ","0",0,"P"," ","0",0,"P"," ","0",0,"P"," ","0",0,"P"," ","0",0,"P"," ","0",0,"P"," ","0",0,"P"," ","0",0,"P"," ","0",0,"P"," ","0",0,"P"," ","0",0,"P"," ","0",0,"P"," ","0",0,"P"," ","0",0,"P"," ","0",0,"P"," ","0",0,"P"," ","0",0,"P"," ","0",0,"P"," ","0",0,"P"," ","0",0,"P"," ","0",0,"P"," ","0"
"61","USC00392565",1990,8,"TMAX",300," "," ","0",317," "," ","0",294," "," ","0",283," "," ","0",239," "," ","0",233," "," ","0",283," "," ","0",339," "," ","0",328," "," ","0",328," "," ","0",283," "," ","0",206," "," ","0",228," "," ","0",289," "," ","0",289," "," ","0",294," "," ","0",333," "," ","0",283," "," ","0",NA," "," "," ",NA," "," "," ",294," "," ","0",322," "," ","0",300," "," ","0",294," "," ","0",311," "," ","0",328," "," ","0",322," "," ","0",328," "," ","0",306," "," ","0",328," "," ","0",367," "," ","0"
"62","USC00392565",1990,8,"TMIN",128," "," ","0",128," "," ","0",139," "," ","0",122," "," ","0",122," "," ","0",106," "," ","0",128," "," ","0",133," "," ","0",128," "," ","0",150," "," ","0",122," "," ","0",111," "," ","0",117," "," ","0",139," "," ","0",128," "," ","0",150," "," ","0",133," "," ","0",117," "," ","0",NA," "," "," ",NA," "," "," ",144," "," ","0",156," "," ","0",128," "," ","0",139," "," ","0",139," "," ","0",111," "," ","0",89," "," ","0",128," "," ","0",139," "," ","0",178," "," ","0",167," "," ","0"
"63","USC00392565",1990,8,"TOBS",183," "," ","0",172," "," ","0",189," "," ","0",139," "," ","0",150," "," ","0",144," "," ","0",178," "," ","0",183," "," ","0",183," "," ","0",183," "," ","0",156," "," ","0",150," "," ","0",150," "," ","0",200," "," ","0",178," "," ","0",178," "," ","0",172," "," ","0",178," "," ","0",NA," "," "," ",NA," "," "," ",200," "," ","0",183," "," ","0",172," "," ","0",156," "," ","0",178," "," ","0",150," "," ","0",144," "," ","0",156," "," ","0",194," "," ","0",211," "," ","0",189," "," ","0"
"64","USC00392565",1990,8,"PRCP",0,"P"," ","0",0,"P"," ","0",15," "," ","0",157," "," ","0",18," "," ","0",0,"P"," ","0",0,"P"," ","0",0,"P"," ","0",0,"P"," ","0",15," "," ","0",0,"P"," ","0",84," "," ","0",3," "," ","0",0,"P"," ","0",0,"P"," ","0",0,"P"," ","0",0,"P"," ","0",0,"P"," ","0",0," "," ","0",0," "," ","0",0,"P"," ","0",0,"P"," ","0",0,"P"," ","0",0,"P"," ","0",0,"P"," ","0",0,"P"," ","0",0,"P"," ","0",0,"P"," ","0",0,"P"," ","0",0,"P"," ","0",0,"P"," ","0"
"65","USC00392565",1990,8,"SNOW",0,"P"," ","0",0,"P"," ","0",0,"P"," ","0",0,"P"," ","0",0,"P"," ","0",0,"P"," ","0",0,"P"," ","0",0,"P"," ","0",0,"P"," ","0",0,"P"," ","0",0,"P"," ","0",0,"P"," ","0",0,"P"," ","0",0,"P"," ","0",0,"P"," ","0",0,"P"," ","0",0,"P"," ","0",0,"P"," ","0",0,"P"," ","0",0,"P"," ","0",0,"P"," ","0",0,"P"," ","0",0,"P"," ","0",0,"P"," ","0",0,"P"," ","0",0,"P"," ","0",0,"P"," ","0",0,"P"," ","0",0,"P"," ","0",0,"P"," ","0",0,"P"," ","0"
"66","USC00392565",1990,8,"SNWD",0," "," ","0",0,"P"," ","0",0,"P"," ","0",0,"P"," ","0",0,"P"," ","0",0,"P"," ","0",0,"P"," ","0",0,"P"," ","0",0,"P"," ","0",0,"P"," ","0",0,"P"," ","0",0,"P"," ","0",0,"P"," ","0",0,"P"," ","0",0,"P"," ","0",0,"P"," ","0",0,"P"," ","0",0,"P"," ","0",0,"P"," ","0",0,"P"," ","0",0,"P"," ","0",0,"P"," ","0",0,"P"," ","0",0,"P"," ","0",0,"P"," ","0",0,"P"," ","0",0,"P"," ","0",0,"P"," ","0",0,"P"," ","0",0,"P"," ","0",0,"P"," ","0"
"67","USC00392565",1990,9,"TMAX",300," "," ","0",311," "," ","0",322," "," ","0",333," "," ","0",311," "," ","0",333," "," ","0",283," "," ","0",311," "," ","0",317," "," ","0",294," "," ","0",283," "," ","0",NA," "," "," ",350," "," ","0",283," "," ","0",NA," "," "," ",283," "," ","0",239," "," ","0",194," "," ","0",239," "," ","0",150," "," ","0",156," "," ","0",NA," "," "," ",NA," "," "," ",NA," "," "," ",NA," "," "," ",NA," "," "," ",NA," "," "," ",206," "," ","0",178," "," ","0",161," "," ","0",NA," "," "," "
"68","USC00392565",1990,9,"TMIN",150," "," ","0",133," "," ","0",156," "," ","0",200," "," ","0",144," "," ","0",161," "," ","0",106," "," ","0",128," "," ","0",144," "," ","0",144," "," ","0",111," "," ","0",128," "," ","0",122," "," ","0",6," "," ","0",NA," "," "," ",56," "," ","0",133," "," ","0",83," "," ","0",117," ","I","0",100," "," ","0",17," "," ","0",NA," "," "," ",NA," "," "," ",NA," "," "," ",NA," "," "," ",NA," "," "," ",NA," "," "," ",78," "," ","0",50," "," ","0",50," "," ","0",NA," "," "," "
"69","USC00392565",1990,9,"TOBS",183," "," ","0",189," "," ","0",200," "," ","0",228," "," ","0",183," "," ","0",167," "," ","0",156," "," ","0",178," "," ","0",172," "," ","0",161," "," ","0",178," "," ","0",183," "," ","0",200," "," ","0",50," "," ","0",NA," "," "," ",128," "," ","0",150," "," ","0",100," ","I","0",139," "," ","0",111," "," ","0",39," "," ","0",NA," "," "," ",NA," "," "," ",NA," "," "," ",NA," "," "," ",NA," "," "," ",111," "," ","0",89," "," ","0",56," "," ","0",67," "," ","0",NA," "," "," "
"70","USC00392565",1990,9,"PRCP",0,"P"," ","0",0,"P"," ","0",0,"P"," ","0",0,"P"," ","0",0,"P"," ","0",15," "," ","0",0,"P"," ","0",0,"P"," ","0",0,"T"," ","0",5," "," ","0",0,"P"," ","0",0,"P"," ","0",0,"P"," ","0",0,"P"," ","0",0," "," ","0",0,"P"," ","0",0,"P"," ","0",0,"P"," ","0",0,"P"," ","0",312," "," ","0",0,"P"," ","0",0," "," ","0",0," "," ","0",0," "," ","0",0," "," ","0",0," "," ","0",NA," "," "," ",0,"P"," ","0",13," "," ","0",0,"P"," ","0",NA," "," "," "
"71","USC00392565",1990,9,"SNOW",0,"P"," ","0",0,"P"," ","0",0,"P"," ","0",0,"P"," ","0",0,"P"," ","0",0,"P"," ","0",0,"P"," ","0",0,"P"," ","0",0,"P"," ","0",0,"P"," ","0",0,"P"," ","0",0,"P"," ","0",0,"P"," ","0",0,"P"," ","0",0,"P"," ","0",0,"P"," ","0",0,"P"," ","0",0,"P"," ","0",0,"P"," ","0",0,"P"," ","0",0,"P"," ","0",0,"P"," ","0",0,"P"," ","0",0,"P"," ","0",0,"P"," ","0",0,"P"," ","0",0,"P"," ","0",0,"P"," ","0",0,"P"," ","0",0,"P"," ","0",NA," "," "," "
"72","USC00392565",1990,9,"SNWD",0," "," ","0",0,"P"," ","0",0,"P"," ","0",0,"P"," ","0",0,"P"," ","0",0,"P"," ","0",0,"P"," ","0",0,"P"," ","0",0,"P"," ","0",0,"P"," ","0",0,"P"," ","0",0,"P"," ","0",0,"P"," ","0",0,"P"," ","0",0,"P"," ","0",0,"P"," ","0",0,"P"," ","0",0,"P"," ","0",0,"P"," ","0",0,"P"," ","0",0,"P"," ","0",0,"P"," ","0",0,"P"," ","0",0,"P"," ","0",0,"P"," ","0",0,"P"," ","0",0,"P"," ","0",0,"P"," ","0",0,"P"," ","0",0,"P"," ","0",NA," "," "," "
"73","USC00392565",1990,10,"TMAX",172," "," ","0",272," "," ","0",228," "," ","0",139," "," ","0",261," "," ","0",272," "," ","0",61," "," ","0",0," "," ","0",61," "," ","0",106," "," ","0",200," "," ","0",78," "," ","0",167," "," ","0",83," "," ","0",NA," "," "," ",133," "," ","0",178," "," ","0",44," "," ","0",189," "," ","0",133," "," ","0",78," "," ","0",128," "," ","0",150," "," ","0",56," "," ","0",133," "," ","0",228," "," ","0",244," "," ","0",150," "," ","0",256," "," ","0",228," "," ","0",217," "," ","0"
"74","USC00392565",1990,10,"TMIN",56," "," ","0",44," "," ","0",6," "," ","0",28," "," ","0",39," "," ","0",44," "," ","0",-17," "," ","0",-22," "," ","0",-61," "," ","0",-56," "," ","0",0," "," ","0",-33," "," ","0",-33," "," ","0",-6," "," ","0",NA," "," "," ",0," "," ","0",6," "," ","0",-61," "," ","0",-39," "," ","0",-11," "," ","0",-78," "," ","0",-78," "," ","0",-39," "," ","0",-56," "," ","0",-50," "," ","0",6," "," ","0",-28," "," ","0",-22," "," ","0",17," "," ","0",-6," "," ","0",6," "," ","0"
"75","USC00392565",1990,10,"TOBS",67," "," ","0",89," "," ","0",28," "," ","0",44," "," ","0",100," "," ","0",44," "," ","0",-17," "," ","0",-17," "," ","0",-50," "," ","0",11," "," ","0",6," "," ","0",-33," "," ","0",17," "," ","0",6," "," ","0",NA," "," "," ",22," "," ","0",6," "," ","0",-39," "," ","0",72," "," ","0",-6," "," ","0",-78," "," ","0",22," "," ","0",-22," "," ","0",-50," "," ","0",17," "," ","0",22," "," ","0",-22," "," ","0",89," "," ","0",50," "," ","0",33," "," ","0",56," "," ","0"
"76","USC00392565",1990,10,"PRCP",0,"P"," ","0",0,"P"," ","0",0,"P"," ","0",0,"P"," ","0",0,"P"," ","0",0,"P"," ","0",66," "," ","0",53," "," ","0",0,"P"," ","0",0,"P"," ","0",58," "," ","0",5," "," ","0",0,"P"," ","0",13," "," ","0",0," "," ","0",0,"P"," ","0",0,"P"," ","0",0,"P"," ","0",0,"P"," ","0",28," "," ","0",0,"P"," ","0",0,"P"," ","0",0,"P"," ","0",43," "," ","0",0,"P"," ","0",0,"P"," ","0",0,"P"," ","0",0,"P"," ","0",0,"P"," ","0",0,"P"," ","0",0,"P"," ","0"
"77","USC00392565",1990,10,"SNOW",0,"P"," ","0",0,"P"," ","0",0,"P"," ","0",0,"P"," ","0",0,"P"," ","0",0,"P"," ","0",0,"P"," ","0",0,"P"," ","0",0,"P"," ","0",0,"P"," ","0",0,"P"," ","0",0,"P"," ","0",0,"P"," ","0",0,"P"," ","0",0,"P"," ","0",0,"P"," ","0",0,"P"," ","0",0,"P"," ","0",0,"P"," ","0",0,"P"," ","0",0,"P"," ","0",0,"P"," ","0",0,"P"," ","0",0,"P"," ","0",0,"P"," ","0",0,"P"," ","0",0,"P"," ","0",0,"P"," ","0",0,"P"," ","0",0,"P"," ","0",0,"P"," ","0"
"78","USC00392565",1990,10,"SNWD",0," "," ","0",0,"P"," ","0",0,"P"," ","0",0,"P"," ","0",0,"P"," ","0",0,"P"," ","0",0,"P"," ","0",0,"P"," ","0",0,"P"," ","0",0,"P"," ","0",0,"P"," ","0",0,"P"," ","0",0,"P"," ","0",0,"P"," ","0",0,"P"," ","0",0,"P"," ","0",0,"P"," ","0",0,"P"," ","0",0,"P"," ","0",0,"P"," ","0",0,"P"," ","0",0,"P"," ","0",0,"P"," ","0",0,"P"," ","0",0,"P"," ","0",0,"P"," ","0",0,"P"," ","0",0,"P"," ","0",0,"P"," ","0",0,"P"," ","0",0,"P"," ","0"
"79","USC00392565",1990,11,"TMAX",217," "," ","0",156," "," ","0",17," "," ","0",33," "," ","0",89," "," ","0",44," "," ","0",-17," "," ","0",28," "," ","0",NA," "," "," ",117," "," ","0",144," "," ","0",183," "," ","0",200," "," ","0",194," "," ","0",194," "," ","0",94," "," ","0",106," "," ","0",139," "," ","0",128," "," ","0",144," "," ","0",167," "," ","0",50," "," ","0",111," "," ","0",150," "," ","0",178," "," ","0",NA," "," "," ",NA," "," "," ",NA," "," "," ",NA," "," "," ",106," "," ","0",NA," "," "," "
"80","USC00392565",1990,11,"TMIN",56," "," ","0",-6," "," ","0",-39," "," ","0",-67," "," ","0",-44," "," ","0",-50," "," ","0",-128," "," ","0",-111," "," ","0",-72," "," ","0",0," "," ","0",-22," "," ","0",-28," "," ","0",-22," "," ","0",11," "," ","0",22," "," ","0",-83," "," ","0",NA," "," "," ",17," "," ","0",-22," "," ","0",6," "," ","0",-28," "," ","0",-28," "," ","0",-17," "," ","0",6," "," ","0",-28," "," ","0",NA," "," "," ",NA," "," "," ",NA," "," "," ",-117," "," ","0",-28," "," ","0",NA," "," "," "
"81","USC00392565",1990,11,"TOBS",89," "," ","0",-6," "," ","0",-33," "," ","0",-44," "," ","0",-17," "," ","0",-50," "," ","0",-111," "," ","0",-11," "," ","0",NA," "," "," ",61," "," ","0",-17," "," ","0",-6," "," ","0",22," "," ","0",39," "," ","0",28," "," ","0",NA," "," "," ",94," "," ","0",28," "," ","0",6," "," ","0",44," "," ","0",-28," "," ","0",6," "," ","0",22," "," ","0",67," "," ","0",-17," "," ","0",NA," "," "," ",NA," "," "," ",NA," "," "," ",-28," "," ","0",56," "," ","0",NA," "," "," "
"82","USC00392565",1990,11,"PRCP",0,"P"," ","0",145," "," ","0",20," "," ","0",0,"P"," ","0",0,"P"," ","0",53," "," ","0",0,"P"," ","0",0,"P"," ","0",0," "," ","0",0,"P"," ","0",0,"P"," ","0",0,"P"," ","0",0,"P"," ","0",0,"P"," ","0",0,"P"," ","0",0,"P"," ","0",0," "," ","0",0,"P"," ","0",0,"P"," ","0",0,"P"," ","0",0,"P"," ","0",0,"P"," ","0",0,"P"," ","0",0,"P"," ","0",0,"P"," ","0",0," "," ","0",0," "," ","0",0," "," ","0",0," "," ","0",0,"P"," ","0",NA," "," "," "
"83","USC00392565",1990,11,"SNOW",0,"P"," ","0",NA," "," "," ",NA," "," "," ",0,"P"," ","0",0,"P"," ","0",NA," "," "," ",0,"P"," ","0",0,"P"," ","0",0,"P"," ","0",0,"P"," ","0",0,"P"," ","0",0,"P"," ","0",0,"P"," ","0",0,"P"," ","0",0,"P"," ","0",0,"P"," ","0",0,"P"," ","0",0,"P"," ","0",0,"P"," ","0",0,"P"," ","0",0,"P"," ","0",0,"P"," ","0",0,"P"," ","0",0,"P"," ","0",0,"P"," ","0",0,"P"," ","0",0,"P"," ","0",0,"P"," ","0",0,"P"," ","0",0,"P"," ","0",NA," "," "," "
"84","USC00392565",1990,11,"SNWD",0," "," ","0",25," "," ","0",0,"T"," ","0",0,"P"," ","0",0,"P"," ","0",0,"T"," ","0",0,"P"," ","0",0,"P"," ","0",0,"P"," ","0",0,"P"," ","0",0,"P"," ","0",0,"P"," ","0",0,"P"," ","0",0,"P"," ","0",0,"P"," ","0",0,"P"," ","0",0,"P"," ","0",0,"P"," ","0",0,"P"," ","0",0,"P"," ","0",0,"P"," ","0",0,"P"," ","0",0,"P"," ","0",0,"P"," ","0",0,"P"," ","0",0,"P"," ","0",0,"P"," ","0",0,"P"," ","0",0,"P"," ","0",0,"P"," ","0",NA," "," "," "
"85","USC00392565",1990,12,"TMAX",100," "," ","0",0," "," ","0",28," "," ","0",11," "," ","0",94," "," ","0",56," "," ","0",28," "," ","0",106," "," ","0",106," "," ","0",167," "," ","0",172," "," ","0",156," "," ","0",22," "," ","0",33," "," ","0",6," "," ","0",6," "," ","0",22," "," ","0",-6," "," ","0",17," "," ","0",-211," "," ","0",-261," "," ","0",-250," "," ","0",-172," "," ","0",-111," "," ","0",-56," "," ","0",-106," "," ","0",-56," "," ","0",-6," "," ","0",-172," "," ","0",-194," "," ","0",-56," "," ","0"
"86","USC00392565",1990,12,"TMIN",-56," "," ","0",-94," "," ","0",-122," "," ","0",-89," "," ","0",-56," "," ","0",-122," "," ","0",-122," "," ","0",-72," "," ","0",-50," "," ","0",-33," "," ","0",-33," "," ","0",-28," "," ","0",-106," "," ","0",-56," "," ","0",-156," "," ","0",-150," "," ","0",-150," "," ","0",-139," "," ","0",-222," "," ","0",-294," "," ","0",-344," "," ","0",-383," "," ","0",-372," "," ","0",-178," "," ","0",-278," "," ","0",-250," "," ","0",-178," "," ","0",-183," "," ","0",-339," "," ","0",-367," "," ","0",-200," "," ","0"
"87","USC00392565",1990,12,"TOBS",-56," "," ","0",-94," "," ","0",-67," "," ","0",-56," "," ","0",-39," "," ","0",-122," "," ","0",-17," "," ","0",-22," "," ","0",-28," "," ","0",-28," "," ","0",39," "," ","0",-22," "," ","0",-50," "," ","0",-28," "," ","0",-150," "," ","0",-28," "," ","0",-133," "," ","0",-44," "," ","0",-217," "," ","0",-289," "," ","0",-311," "," ","0",-372," "," ","0",-172," "," ","0",-122," "," ","0",-250," "," ","0",-156," "," ","0",-144," "," ","0",-183," "," ","0",-322," "," ","0",-194," "," ","0",-78," "," ","0"
"88","USC00392565",1990,12,"PRCP",0,"P"," ","0",0,"P"," ","0",0,"P"," ","0",0,"P"," ","0",0,"P"," ","0",0,"P"," ","0",0,"P"," ","0",0,"P"," ","0",0,"P"," ","0",0,"P"," ","0",0,"P"," ","0",0,"P"," ","0",0,"P"," ","0",0,"P"," ","0",94," "," ","0",0,"P"," ","0",0,"P"," ","0",0,"P"," ","0",23," "," ","0",20," "," ","0",0,"T"," ","0",18," "," ","0",0,"P"," ","0",0,"P"," ","0",0,"P"," ","0",0,"P"," ","0",0,"P"," ","0",0,"P"," ","0",20," "," ","0",0,"P"," ","0",0,"P"," ","0"
"89","USC00392565",1990,12,"SNOW",0,"P"," ","0",0,"P"," ","0",0,"P"," ","0",0,"P"," ","0",0,"P"," ","0",0,"P"," ","0",0,"P"," ","0",0,"P"," ","0",0,"P"," ","0",0,"P"," ","0",0,"P"," ","0",0,"P"," ","0",0,"P"," ","0",0,"P"," ","0",102," "," ","0",0,"P"," ","0",0,"P"," ","0",0,"P"," ","0",64," "," ","0",25," "," ","0",0,"T"," ","0",25," "," ","0",0,"P"," ","0",0,"P"," ","0",0,"P"," ","0",0,"P"," ","0",0,"P"," ","0",0,"P"," ","0",25," "," ","0",0,"P"," ","0",0,"P"," ","0"
"90","USC00392565",1990,12,"SNWD",0," "," ","0",0,"P"," ","0",0,"P"," ","0",0,"P"," ","0",0,"P"," ","0",0,"P"," ","0",0,"P"," ","0",0,"P"," ","0",0,"P"," ","0",0,"P"," ","0",0,"P"," ","0",0,"P"," ","0",0,"P"," ","0",0,"P"," ","0",102," "," ","0",76," "," ","0",76," "," ","0",51," "," ","0",127," "," ","0",152," "," ","0",NA," "," "," ",178," "," ","0",NA," "," "," ",NA," "," "," ",NA," "," "," ",NA," "," "," ",NA," "," "," ",NA," "," "," ",178," "," ","0",NA," "," "," ",NA," "," "," "
"91","USC00392565",1991,1,"TMAX",22," "," ","0",28," "," ","0",-100," "," ","0",-83," "," ","0",-56," "," ","0",-111," "," ","0",-78," "," ","0",44," "," ","0",-50," "," ","0",72," "," ","0",39," "," ","0",56," "," ","0",67," "," ","0",78," "," ","0",44," "," ","0",28," "," ","0",6," "," ","0",33," "," ","0",94," "," ","0",0," "," ","0",NA," "," "," ",-6," "," ","0",-6," "," ","0",-33," "," ","0",-44," "," ","0",-72," "," ","0",NA," "," "," ",0," "," ","0",-83," "," ","0",-100," "," ","0",-17," "," ","0"
"92","USC00392565",1991,1,"TMIN",-83," "," ","0",-183," "," ","0",-206," "," ","0",-206," "," ","0",-217," "," ","0",-233," "," ","0",-194," "," ","0",-128," "," ","0",-194," "," ","0",-139," "," ","0",-144," "," ","0",-144," "," ","0",-61," "," ","0",-56," "," ","0",-94," "," ","0",-44," "," ","0",-72," "," ","0",-94," "," ","0",-89," "," ","0",NA," "," "," ",-100," "," ","0",-94," "," ","0",-106," "," ","0",-189," "," ","0",-261," "," ","0",-261," "," ","0",NA," "," "," ",-211," "," ","0",-300," "," ","0",-300," "," ","0",-156," "," ","0"
"93","USC00392565",1991,1,"TOBS",-61," "," ","0",-183," "," ","0",-156," "," ","0",-161," "," ","0",-211," "," ","0",-172," "," ","0",-94," "," ","0",-117," "," ","0",-133," "," ","0",-33," "," ","0",-139," "," ","0",-56," "," ","0",39," "," ","0",0," "," ","0",-50," "," ","0",-17," "," ","0",-72," "," ","0",-83," "," ","0",-11," "," ","0",NA," "," "," ",-72," "," ","0",-22," "," ","0",-61," "," ","0",-122," "," ","0",-256," "," ","0",-211," "," ","0",NA," "," "," ",-89," "," ","0",-300," "," ","0",-117," "," ","0",-100," "," ","0"
"94","USC00392565",1991,1,"PRCP",0,"P"," ","0",0,"P"," ","0",0,"P"," ","0",0,"P"," ","0",0,"P"," ","0",0,"P"," ","0",0,"P"," ","0",0,"P"," ","0",0,"P"," ","0",0,"P"," ","0",0,"P"," ","0",0,"P"," ","0",0,"P"," ","0",0,"P"," ","0",0,"P"," ","0",0,"P"," ","0",0,"P"," ","0",0,"P"," ","0",0,"P"," ","0",0,"P"," ","0",0,"P"," ","0",38," "," ","0",0,"P"," ","0",0,"P"," ","0",10," "," ","0",0,"P"," ","0",NA," "," "," ",NA," "," "," ",71," "," ","0",0,"P"," ","0",0,"P"," ","0"
"95","USC00392565",1991,1,"SNOW",0,"P"," ","0",0,"P"," ","0",0,"P"," ","0",0,"P"," ","0",0,"P"," ","0",0,"P"," ","0",0,"P"," ","0",0,"P"," ","0",0,"P"," ","0",0,"P"," ","0",0,"P"," ","0",0,"P"," ","0",0,"P"," ","0",0,"P"," ","0",0,"P"," ","0",0,"P"," ","0",0,"P"," ","0",0,"P"," ","0",0,"P"," ","0",0,"P"," ","0",0,"P"," ","0",0,"T"," ","0",0,"P"," ","0",0,"P"," ","0",51," "," ","0",0,"P"," ","0",NA," "," "," ",NA," "," "," ",102," "," ","0",0,"P"," ","0",0,"P"," ","0"
"96","USC00392565",1991,1,"SNWD",127," "," ","0",NA," "," "," ",NA," "," "," ",NA," "," "," ",NA," "," "," ",NA," "," "," ",NA," "," "," ",NA," "," "," ",NA," "," "," ",NA," "," "," ",NA," "," "," ",NA," "," "," ",NA," "," "," ",NA," "," "," ",NA," "," "," ",NA," "," "," ",NA," "," "," ",NA," "," "," ",NA," "," "," ",NA," "," "," ",NA," "," "," ",NA," "," "," ",NA," "," "," ",NA," "," "," ",NA," "," "," ",NA," "," "," ",NA," "," "," ",NA," "," "," ",152," "," ","0",NA," "," "," ",NA," "," "," "
"97","USC00392565",1991,1,"DAPR",NA," "," "," ",NA," "," "," ",NA," "," "," ",NA," "," "," ",NA," "," "," ",NA," "," "," ",NA," "," "," ",NA," "," "," ",NA," "," "," ",NA," "," "," ",NA," "," "," ",NA," "," "," ",NA," "," "," ",NA," "," "," ",NA," "," "," ",NA," "," "," ",NA," "," "," ",NA," "," "," ",NA," "," "," ",NA," "," "," ",NA," "," "," ",NA," "," "," ",NA," "," "," ",NA," "," "," ",NA," "," "," ",NA," "," "," ",NA," "," "," ",2," "," ","0",NA," "," "," ",NA," "," "," ",NA," "," "," "
"98","USC00392565",1991,1,"DASF",NA," "," "," ",NA," "," "," ",NA," "," "," ",NA," "," "," ",NA," "," "," ",NA," "," "," ",NA," "," "," ",NA," "," "," ",NA," "," "," ",NA," "," "," ",NA," "," "," ",NA," "," "," ",NA," "," "," ",NA," "," "," ",NA," "," "," ",NA," "," "," ",NA," "," "," ",NA," "," "," ",NA," "," "," ",NA," "," "," ",NA," "," "," ",NA," "," "," ",NA," "," "," ",NA," "," "," ",NA," "," "," ",NA," "," "," ",NA," "," "," ",2," "," ","0",NA," "," "," ",NA," "," "," ",NA," "," "," "
"99","USC00392565",1991,1,"MDPR",NA," "," "," ",NA," "," "," ",NA," "," "," ",NA," "," "," ",NA," "," "," ",NA," "," "," ",NA," "," "," ",NA," "," "," ",NA," "," "," ",NA," "," "," ",NA," "," "," ",NA," "," "," ",NA," "," "," ",NA," "," "," ",NA," "," "," ",NA," "," "," ",NA," "," "," ",NA," "," "," ",NA," "," "," ",NA," "," "," ",NA," "," "," ",NA," "," "," ",NA," "," "," ",NA," "," "," ",NA," "," "," ",NA," "," "," ",NA," "," "," ",13," "," ","0",NA," "," "," ",NA," "," "," ",NA," "," "," "
"100","USC00392565",1991,1,"MDSF",NA," "," "," ",NA," "," "," ",NA," "," "," ",NA," "," "," ",NA," "," "," ",NA," "," "," ",NA," "," "," ",NA," "," "," ",NA," "," "," ",NA," "," "," ",NA," "," "," ",NA," "," "," ",NA," "," "," ",NA," "," "," ",NA," "," "," ",NA," "," "," ",NA," "," "," ",NA," "," "," ",NA," "," "," ",NA," "," "," ",NA," "," "," ",NA," "," "," ",NA," "," "," ",NA," "," "," ",NA," "," "," ",NA," "," "," ",NA," "," "," ",58," "," ","0",NA," "," "," ",NA," "," "," ",NA," "," "," "
"101","USC00392565",1991,2,"TMAX",83," "," ","0",128," "," ","0",128," "," ","0",111," "," ","0",106," "," ","0",144," "," ","0",122," "," ","0",133," "," ","0",122," "," ","0",89," "," ","0",117," "," ","0",150," "," ","0",133," "," ","0",56," "," ","0",-22," "," ","0",100," "," ","0",128," "," ","0",22," "," ","0",11," "," ","0",50," "," ","0",100," "," ","0",106," "," ","0",72," "," ","0",22," "," ","0",-22," "," ","0",11," "," ","0",17," "," ","0",39," "," ","0",NA," "," "," ",NA," "," "," ",NA," "," "," "
"102","USC00392565",1991,2,"TMIN",-106," "," ","0",-78," "," ","0",-56," "," ","0",-61," "," ","0",-61," "," ","0",-61," "," ","0",-61," "," ","0",-67," "," ","0",-61," "," ","0",-50," "," ","0",-50," "," ","0",-50," "," ","0",-39," "," ","0",-39," "," ","0",-144," "," ","0",-94," "," ","0",-17," "," ","0",-50," "," ","0",-100," "," ","0",-56," "," ","0",-33," "," ","0",-56," "," ","0",-39," "," ","0",-50," "," ","0",-106," "," ","0",-83," "," ","0",-89," "," ","0",-78," "," ","0",NA," "," "," ",NA," "," "," ",NA," "," "," "
"103","USC00392565",1991,2,"TOBS",-72," "," ","0",11," "," ","0",-56," "," ","0",-50," "," ","0",-61," "," ","0",6," "," ","0",-11," "," ","0",-56," "," ","0",17," "," ","0",-39," "," ","0",-50," "," ","0",-39," "," ","0",11," "," ","0",-33," "," ","0",-94," "," ","0",-11," "," ","0",22," "," ","0",-22," "," ","0",-56," "," ","0",39," "," ","0",-28," "," ","0",-39," "," ","0",-22," "," ","0",-50," "," ","0",-72," "," ","0",-61," "," ","0",-67," "," ","0",-44," "," ","0",NA," "," "," ",NA," "," "," ",NA," "," "," "
"104","USC00392565",1991,2,"PRCP",0,"P"," ","0",0,"P"," ","0",0,"P"," ","0",0,"P"," ","0",0,"P"," ","0",0,"P"," ","0",0,"P"," ","0",0,"P"," ","0",0,"P"," ","0",0,"P"," ","0",0,"P"," ","0",0,"P"," ","0",0,"P"," ","0",0,"P"," ","0",0,"P"," ","0",0,"P"," ","0",58," "," ","0",104," "," ","0",0,"P"," ","0",0,"P"," ","0",0,"P"," ","0",0,"P"," ","0",0,"P"," ","0",0,"P"," ","0",3," "," ","0",0,"T"," ","0",0,"P"," ","0",0,"P"," ","0",NA," "," "," ",NA," "," "," ",NA," "," "," "
"105","USC00392565",1991,2,"SNOW",0,"P"," ","0",0,"P"," ","0",0,"P"," ","0",0,"P"," ","0",0,"P"," ","0",0,"P"," ","0",0,"P"," ","0",0,"P"," ","0",0,"P"," ","0",0,"P"," ","0",0,"P"," ","0",0,"P"," ","0",0,"P"," ","0",0,"P"," ","0",0,"P"," ","0",0,"P"," ","0",0,"P"," ","0",51," "," ","0",0,"P"," ","0",0,"P"," ","0",0,"P"," ","0",0,"P"," ","0",0,"P"," ","0",0,"P"," ","0",8," "," ","0",0,"P"," ","0",0,"P"," ","0",0,"P"," ","0",NA," "," "," ",NA," "," "," ",NA," "," "," "
"106","USC00392565",1991,2,"SNWD",0," "," ","0",0,"P"," ","0",0,"P"," ","0",0,"P"," ","0",0,"P"," ","0",0,"P"," ","0",0,"P"," ","0",0,"P"," ","0",0,"P"," ","0",0,"P"," ","0",0,"P"," ","0",0,"P"," ","0",0,"P"," ","0",0,"P"," ","0",0,"P"," ","0",0,"P"," ","0",0,"P"," ","0",51," "," ","0",51," "," ","0",NA," "," "," ",0,"T"," ","0",0," "," ","0",0,"P"," ","0",0," "," ","0",0,"T"," ","0",0," "," ","0",0,"P"," ","0",0,"P"," ","0",NA," "," "," ",NA," "," "," ",NA," "," "," "
"107","USC00392565",1991,3,"TMAX",111," "," ","0",NA," "," "," ",22," "," ","0",117," "," ","0",156," "," ","0",111," "," ","0",6," "," ","0",39," "," ","0",39," "," ","0",139," "," ","0",161," "," ","0",167," "," ","0",72," "," ","0",67," "," ","0",78," "," ","0",0," "," ","0",106," "," ","0",106," "," ","0",117," "," ","0",178," "," ","0",156," "," ","0",78," "," ","0",56," "," ","0",111," "," ","0",161," "," ","0",183," "," ","0",128," "," ","0",61," "," ","0",100," "," ","0",56," "," ","0",117," "," ","0"
"108","USC00392565",1991,3,"TMIN",-44," "," ","0",-139," "," ","0",-122," "," ","0",-17," "," ","0",17," "," ","0",-72," "," ","0",-111," "," ","0",-78," "," ","0",-100," "," ","0",-33," "," ","0",-17," "," ","0",-28," "," ","0",-78," "," ","0",-67," "," ","0",-39," "," ","0",-56," "," ","0",-44," "," ","0",-39," "," ","0",-28," "," ","0",-22," "," ","0",28," "," ","0",-6," "," ","0",0," "," ","0",17," "," ","0",-6," "," ","0",-17," "," ","0",-61," "," ","0",-61," "," ","0",-6," "," ","0",-61," "," ","0",-44," "," ","0"
"109","USC00392565",1991,3,"TOBS",-44," "," ","0",-128," "," ","0",22," "," ","0",17," "," ","0",72," "," ","0",-56," "," ","0",-78," "," ","0",-17," "," ","0",-22," "," ","0",72," "," ","0",50," "," ","0",-22," "," ","0",-6," "," ","0",-17," "," ","0",-33," "," ","0",-17," "," ","0",33," "," ","0",6," "," ","0",67," "," ","0",33," "," ","0",39," "," ","0",0," "," ","0",28," "," ","0",67," "," ","0",44," "," ","0",56," "," ","0",-44," "," ","0",6," "," ","0",6," "," ","0",6," "," ","0",44," "," ","0"
"110","USC00392565",1991,3,"PRCP",0,"P"," ","0",0,"P"," ","0",0,"P"," ","0",0,"P"," ","0",0,"P"," ","0",0,"P"," ","0",0,"P"," ","0",0,"P"," ","0",0,"P"," ","0",0,"P"," ","0",0,"P"," ","0",NA," "," "," ",0,"P"," ","0",0,"P"," ","0",0,"P"," ","0",0,"P"," ","0",0,"P"," ","0",0,"P"," ","0",0,"P"," ","0",0," "," ","0",0,"T"," ","0",61," "," ","0",0,"T"," ","0",0,"P"," ","0",0,"P"," ","0",0,"P"," ","0",0,"P"," ","0",0,"P"," ","0",0," "," ","0",0,"T"," ","0",0,"P"," ","0"
"111","USC00392565",1991,3,"SNOW",0,"P"," ","0",0,"P"," ","0",0,"P"," ","0",0,"P"," ","0",0,"P"," ","0",0,"P"," ","0",0,"P"," ","0",0,"P"," ","0",0,"P"," ","0",0,"P"," ","0",0,"P"," ","0",0,"P"," ","0",0,"P"," ","0",0,"P"," ","0",0,"P"," ","0",0,"P"," ","0",0,"P"," ","0",0,"P"," ","0",0,"P"," ","0",0,"P"," ","0",0,"T"," ","0",NA," "," "," ",0,"T"," ","0",0,"P"," ","0",0,"P"," ","0",0,"P"," ","0",0,"P"," ","0",0,"P"," ","0",0," "," ","0",0,"T"," ","0",0,"P"," ","0"
"112","USC00392565",1991,3,"SNWD",0," "," ","0",0,"P"," ","0",0,"P"," ","0",0,"P"," ","0",0,"P"," ","0",0,"P"," ","0",0,"P"," ","0",0,"P"," ","0",0,"P"," ","0",0,"P"," ","0",0,"P"," ","0",0,"P"," ","0",0,"P"," ","0",0,"P"," ","0",0,"P"," ","0",0,"P"," ","0",0,"P"," ","0",0,"P"," ","0",0,"P"," ","0",0,"P"," ","0",0,"P"," ","0",25," "," ","0",0,"P"," ","0",0,"P"," ","0",0,"P"," ","0",0,"P"," ","0",0,"P"," ","0",0,"P"," ","0",0,"P"," ","0",0,"P"," ","0",0,"P"," ","0"
"113","USC00392565",1991,4,"TMAX",167," "," ","0",211," "," ","0",211," "," ","0",178," "," ","0",206," "," ","0",256," "," ","0",250," "," ","0",128," "," ","0",83," "," ","0",111," "," ","0",128," "," ","0",22," "," ","0",-6," "," ","0",17," "," ","0",33," "," ","0",106," "," ","0",72," "," ","0",111," "," ","0",78," "," ","0",50," "," ","0",122," "," ","0",100," "," ","0",161," "," ","0",183," "," ","0",206," "," ","0",206," "," ","0",67," "," ","0",94," "," ","0",61," "," ","0",50," "," ","0",NA," "," "," "
"114","USC00392565",1991,4,"TMIN",6," "," ","0",67," "," ","0",6," "," ","0",17," "," ","0",22," "," ","0",39," "," ","0",22," "," ","0",17," "," ","0",-22," "," ","0",-11," "," ","0",6," "," ","0",-22," "," ","0",-56," "," ","0",-67," "," ","0",-22," "," ","0",-22," "," ","0",-11," "," ","0",-6," "," ","0",0," "," ","0",-6," "," ","0",11," "," ","0",-17," "," ","0",-22," "," ","0",28," "," ","0",17," "," ","0",28," "," ","0",0," "," ","0",11," "," ","0",-17," "," ","0",0," "," ","0",NA," "," "," "
"115","USC00392565",1991,4,"TOBS",94," "," ","0",117," "," ","0",83," "," ","0",67," "," ","0",111," "," ","0",106," "," ","0",28," "," ","0",17," "," ","0",-6," "," ","0",28," "," ","0",6," "," ","0",-22," "," ","0",-50," "," ","0",-11," "," ","0",-6," "," ","0",-11," "," ","0",22," "," ","0",17," "," ","0",11," "," ","0",17," "," ","0",44," "," ","0",6," "," ","0",28," "," ","0",78," "," ","0",72," "," ","0",28," "," ","0",11," "," ","0",28," "," ","0",17," "," ","0",11," "," ","0",NA," "," "," "
"116","USC00392565",1991,4,"PRCP",0,"P"," ","0",0,"P"," ","0",0,"P"," ","0",0,"P"," ","0",0,"P"," ","0",0,"P"," ","0",0,"P"," ","0",48," "," ","0",5," "," ","0",0,"P"," ","0",114," "," ","0",97," "," ","0",0,"P"," ","0",0,"P"," ","0",0,"P"," ","0",0,"P"," ","0",0,"P"," ","0",0,"P"," ","0",33," "," ","0",0,"P"," ","0",0,"P"," ","0",20," "," ","0",0,"P"," ","0",0,"P"," ","0",0,"P"," ","0",61," "," ","0",64," "," ","0",0,"P"," ","0",25," "," ","0",0,"P"," ","0",NA," "," "," "
"117","USC00392565",1991,4,"SNOW",0,"P"," ","0",0,"P"," ","0",0,"P"," ","0",0,"P"," ","0",0,"P"," ","0",0,"P"," ","0",0,"P"," ","0",0,"P"," ","0",0,"P"," ","0",0,"P"," ","0",0,"P"," ","0",NA," "," "," ",0,"P"," ","0",0,"P"," ","0",0,"P"," ","0",0,"P"," ","0",0,"P"," ","0",0,"P"," ","0",0,"P"," ","0",0,"P"," ","0",0,"P"," ","0",0,"P"," ","0",0,"P"," ","0",0,"P"," ","0",0,"P"," ","0",0,"P"," ","0",NA," "," "," ",0,"P"," ","0",0,"P"," ","0",0,"P"," ","0",NA," "," "," "
"118","USC00392565",1991,4,"SNWD",0," "," ","0",0,"P"," ","0",0,"P"," ","0",0,"P"," ","0",0,"P"," ","0",0,"P"," ","0",0,"P"," ","0",0,"P"," ","0",0,"P"," ","0",0,"P"," ","0",0,"P"," ","0",102," "," ","0",NA," "," "," ",NA," "," "," ",0," "," ","0",0,"P"," ","0",0,"P"," ","0",0,"P"," ","0",0,"P"," ","0",0,"P"," ","0",0,"P"," ","0",0,"P"," ","0",0,"P"," ","0",0,"P"," ","0",0,"P"," ","0",0,"P"," ","0",51," "," ","0",0," "," ","0",0,"P"," ","0",0,"P"," ","0",NA," "," "," "
"119","USC00392565",1991,5,"TMAX",72," "," ","0",122," "," ","0",89," "," ","0",44," "," ","0",61," "," ","0",111," "," ","0",172," "," ","0",133," "," ","0",250," "," ","0",261," "," ","0",217," "," ","0",239," "," ","0",172," "," ","0",233," "," ","0",272," "," ","0",200," "," ","0",128," "," ","0",150," "," ","0",156," "," ","0",267," "," ","0",256," "," ","0",256," "," ","0",183," "," ","0",211," "," ","0",194," "," ","0",217," "," ","0",211," "," ","0",172," "," ","0",206," "," ","0",211," "," ","0",211," "," ","0"
"120","USC00392565",1991,5,"TMIN",-50," "," ","0",-11," "," ","0",-17," "," ","0",-33," "," ","0",-39," "," ","0",-22," "," ","0",44," "," ","0",44," "," ","0",100," "," ","0",128," "," ","0",117," "," ","0",100," "," ","0",50," "," ","0",94," "," ","0",122," "," ","0",100," "," ","0",89," "," ","0",78," "," ","0",100," "," ","0",144," "," ","0",122," "," ","0",122," "," ","0",100," "," ","0",106," "," ","0",100," "," ","0",100," "," ","0",67," "," ","0",56," "," ","0",67," "," ","0",83," "," ","0",72," "," ","0"
"121","USC00392565",1991,5,"TOBS",-11," "," ","0",17," "," ","0",-11," "," ","0",-6," "," ","0",6," "," ","0",56," "," ","0",89," "," ","0",100," "," ","0",150," "," ","0",150," "," ","0",150," "," ","0",117," "," ","0",106," "," ","0",150," "," ","0",139," "," ","0",106," "," ","0",111," "," ","0",100," "," ","0",144," "," ","0",167," "," ","0",156," "," ","0",178," "," ","0",139," "," ","0",117," "," ","0",133," "," ","0",128," "," ","0",94," "," ","0",117," "," ","0",133," "," ","0",133," "," ","0",128," "," ","0"
"122","USC00392565",1991,5,"PRCP",0,"P"," ","0",0,"P"," ","0",132," "," ","0",0,"P"," ","0",0,"P"," ","0",0,"P"," ","0",0,"P"," ","0",41," "," ","0",0,"P"," ","0",0,"P"," ","0",25," "," ","0",688," "," ","0",0,"P"," ","0",0,"P"," ","0",0,"P"," ","0",5," "," ","0",114," "," ","0",0,"T"," ","0",0,"P"," ","0",0,"P"," ","0",0,"P"," ","0",0,"P"," ","0",274," "," ","0",0,"P"," ","0",0,"P"," ","0",28," "," ","0",211," "," ","0",185," "," ","0",5," "," ","0",0,"P"," ","0",10," "," ","0"
"123","USC00392565",1991,5,"SNOW",0,"P"," ","0",0,"P"," ","0",NA," "," "," ",0,"P"," ","0",0,"P"," ","0",0,"P"," ","0",0,"P"," ","0",0,"P"," ","0",0,"P"," ","0",0,"P"," ","0",0,"P"," ","0",0,"P"," ","0",0,"P"," ","0",0,"P"," ","0",0,"P"," ","0",0,"P"," ","0",0,"P"," ","0",0,"P"," ","0",0,"P"," ","0",0,"P"," ","0",0,"P"," ","0",0,"P"," ","0",0,"P"," ","0",0,"P"," ","0",0,"P"," ","0",0,"P"," ","0",0,"P"," ","0",0,"P"," ","0",0,"P"," ","0",0,"P"," ","0",0,"P"," ","0"
"124","USC00392565",1991,5,"SNWD",0," "," ","0",0,"P"," ","0",102," "," ","0",NA," "," "," ",0," "," ","0",0,"P"," ","0",0,"P"," ","0",0,"P"," ","0",0,"P"," ","0",0,"P"," ","0",0,"P"," ","0",0,"P"," ","0",0,"P"," ","0",0,"P"," ","0",0,"P"," ","0",0,"P"," ","0",0,"P"," ","0",0,"P"," ","0",0,"P"," ","0",0,"P"," ","0",0,"P"," ","0",0,"P"," ","0",0,"P"," ","0",0,"P"," ","0",0,"P"," ","0",0,"P"," ","0",0,"P"," ","0",0,"P"," ","0",0,"P"," ","0",0,"P"," ","0",0,"P"," ","0"
"125","USC00392565",1991,6,"TMAX",217," "," ","0",228," "," ","0",222," "," ","0",217," "," ","0",178," "," ","0",239," "," ","0",217," "," ","0",194," "," ","0",256," "," ","0",250," "," ","0",250," "," ","0",289," "," ","0",267," "," ","0",267," "," ","0",233," "," ","0",228," "," ","0",283," "," ","0",272," "," ","0",228," "," ","0",283," "," ","0",267," "," ","0",228," "," ","0",228," "," ","0",267," "," ","0",278," "," ","0",328," "," ","0",256," "," ","0",272," "," ","0",283," "," ","0",289," "," ","0",NA," "," "," "
"126","USC00392565",1991,6,"TMIN",111," "," ","0",111," "," ","0",111," "," ","0",94," "," ","0",78," "," ","0",117," "," ","0",139," "," ","0",78," "," ","0",117," "," ","0",100," "," ","0",161," "," ","0",122," "," ","0",133," "," ","0",100," "," ","0",50," "," ","0",106," "," ","0",111," "," ","0",122," "," ","0",156," "," ","0",128," "," ","0",128," "," ","0",139," "," ","0",78," "," ","0",167," "," ","0",167," "," ","0",106," "," ","0",106," "," ","0",156," "," ","0",167," "," ","0",144," "," ","0",NA," "," "," "
"127","USC00392565",1991,6,"TOBS",128," "," ","0",150," "," ","0",144," "," ","0",117," "," ","0",144," "," ","0",172," "," ","0",156," "," ","0",167," "," ","0",172," "," ","0",161," "," ","0",194," "," ","0",206," "," ","0",183," "," ","0",133," "," ","0",117," "," ","0",156," "," ","0",161," "," ","0",156," "," ","0",183," "," ","0",206," "," ","0",167," "," ","0",156," "," ","0",167," "," ","0",194," "," ","0",233," "," ","0",156," "," ","0",183," "," ","0",183," "," ","0",189," "," ","0",178," "," ","0",NA," "," "," "
"128","USC00392565",1991,6,"PRCP",221," "," ","0",0,"P"," ","0",140," "," ","0",38," "," ","0",0,"P"," ","0",135," "," ","0",137," "," ","0",0,"P"," ","0",0,"P"," ","0",0,"P"," ","0",0,"P"," ","0",0,"P"," ","0",0,"P"," ","0",94," "," ","0",86," "," ","0",0,"P"," ","0",3," "," ","0",0,"P"," ","0",0,"P"," ","0",0,"P"," ","0",0,"P"," ","0",0,"P"," ","0",94," "," ","0",0,"P"," ","0",0,"P"," ","0",0,"T"," ","0",0,"P"," ","0",58," "," ","0",0,"P"," ","0",18," "," ","0",NA," "," "," "
"129","USC00392565",1991,6,"SNOW",0,"P"," ","0",0,"P"," ","0",0,"P"," ","0",0,"P"," ","0",0,"P"," ","0",0,"P"," ","0",0,"P"," ","0",0,"P"," ","0",0,"P"," ","0",0,"P"," ","0",0,"P"," ","0",0,"P"," ","0",0,"P"," ","0",0,"P"," ","0",0,"P"," ","0",0,"P"," ","0",0,"P"," ","0",0,"P"," ","0",0,"P"," ","0",0,"P"," ","0",0,"P"," ","0",0,"P"," ","0",0,"P"," ","0",0,"P"," ","0",0,"P"," ","0",0,"P"," ","0",0,"P"," ","0",0,"P"," ","0",0,"P"," ","0",0,"P"," ","0",NA," "," "," "
"130","USC00392565",1991,6,"SNWD",0," "," ","0",0,"P"," ","0",0,"P"," ","0",0,"P"," ","0",0,"P"," ","0",0,"P"," ","0",0,"P"," ","0",0,"P"," ","0",0,"P"," ","0",0,"P"," ","0",0,"P"," ","0",0,"P"," ","0",0,"P"," ","0",0,"P"," ","0",0,"P"," ","0",0,"P"," ","0",0,"P"," ","0",0,"P"," ","0",0,"P"," ","0",0,"P"," ","0",0,"P"," ","0",0,"P"," ","0",0,"P"," ","0",0,"P"," ","0",0,"P"," ","0",0,"P"," ","0",0,"P"," ","0",0,"P"," ","0",0,"P"," ","0",0,"P"," ","0",NA," "," "," "
"131","USC00392565",1991,7,"TMAX",267," "," ","0",233," "," ","0",250," "," ","0",261," "," ","0",317," "," ","0",322," "," ","0",333," "," ","0",250," "," ","0",267," "," ","0",244," "," ","0",283," "," ","0",289," "," ","0",289," "," ","0",300," "," ","0",339," "," ","0",372," "," ","0",350," "," ","0",361," "," ","0",300," "," ","0",322," "," ","0",322," "," ","0",344," "," ","0",289," "," ","0",233," "," ","0",233," "," ","0",278," "," ","0",283," "," ","0",283," "," ","0",322," "," ","0",333," "," ","0",333," "," ","0"
"132","USC00392565",1991,7,"TMIN",106," "," ","0",78," "," ","0",78," "," ","0",89," "," ","0",139," "," ","0",172," "," ","0",144," "," ","0",128," "," ","0",150," "," ","0",122," "," ","0",106," "," ","0",117," "," ","0",122," "," ","0",156," "," ","0",156," "," ","0",178," "," ","0",200," "," ","0",189," "," ","0",144," "," ","0",144," "," ","0",200," "," ","0",150," "," ","0",172," "," ","0",139," "," ","0",106," "," ","0",150," "," ","0",122," "," ","0",133," "," ","0",167," "," ","0",144," "," ","0",167," "," ","0"
"133","USC00392565",1991,7,"TOBS",150," "," ","0",133," "," ","0",167," "," ","0",189," "," ","0",194," "," ","0",189," "," ","0",178," "," ","0",156," "," ","0",222," "," ","0",178," "," ","0",183," "," ","0",161," "," ","0",183," "," ","0",217," "," ","0",222," "," ","0",200," "," ","0",244," "," ","0",217," "," ","0",206," "," ","0",194," "," ","0",211," "," ","0",211," "," ","0",178," "," ","0",161," "," ","0",167," "," ","0",167," "," ","0",167," "," ","0",189," "," ","0",217," "," ","0",200," "," ","0",211," "," ","0"
"134","USC00392565",1991,7,"PRCP",13," "," ","0",0,"P"," ","0",0,"P"," ","0",0,"P"," ","0",0,"P"," ","0",0,"P"," ","0",0,"P"," ","0",0,"P"," ","0",0,"P"," ","0",0,"P"," ","0",0,"P"," ","0",0,"P"," ","0",0,"P"," ","0",0,"P"," ","0",0,"P"," ","0",86," "," ","0",5," "," ","0",0,"P"," ","0",0,"P"," ","0",0,"P"," ","0",0,"P"," ","0",0,"P"," ","0",0,"P"," ","0",18," "," ","0",13," "," ","0",0,"P"," ","0",58," "," ","0",0,"P"," ","0",0,"P"," ","0",10," "," ","0",0,"P"," ","0"
"135","USC00392565",1991,7,"SNOW",0,"P"," ","0",0,"P"," ","0",0,"P"," ","0",0,"P"," ","0",0,"P"," ","0",0,"P"," ","0",0,"P"," ","0",0,"P"," ","0",0,"P"," ","0",0,"P"," ","0",0,"P"," ","0",0,"P"," ","0",0,"P"," ","0",0,"P"," ","0",0,"P"," ","0",0,"P"," ","0",0,"P"," ","0",0,"P"," ","0",0,"P"," ","0",0,"P"," ","0",0,"P"," ","0",0,"P"," ","0",0,"P"," ","0",0,"P"," ","0",0,"P"," ","0",0,"P"," ","0",0,"P"," ","0",0,"P"," ","0",0,"P"," ","0",0,"P"," ","0",0,"P"," ","0"
"136","USC00392565",1991,7,"SNWD",0," "," ","0",0,"P"," ","0",0,"P"," ","0",0,"P"," ","0",0,"P"," ","0",0,"P"," ","0",0,"P"," ","0",0,"P"," ","0",0,"P"," ","0",0,"P"," ","0",0,"P"," ","0",0,"P"," ","0",0,"P"," ","0",0,"P"," ","0",0,"P"," ","0",0,"P"," ","0",0,"P"," ","0",0,"P"," ","0",0,"P"," ","0",0,"P"," ","0",0,"P"," ","0",0,"P"," ","0",0,"P"," ","0",0,"P"," ","0",0,"P"," ","0",0,"P"," ","0",0,"P"," ","0",0,"P"," ","0",0,"P"," ","0",0,"P"," ","0",0,"P"," ","0"
"137","USC00392565",1991,8,"TMAX",344," "," ","0",294," "," ","0",261," "," ","0",244," "," ","0",172," "," ","0",294," "," ","0",317," "," ","0",278," "," ","0",278," "," ","0",289," "," ","0",283," "," ","0",256," "," ","0",233," "," ","0",272," "," ","0",322," "," ","0",267," "," ","0",250," "," ","0",278," "," ","0",278," "," ","0",322," "," ","0",317," "," ","0",339," "," ","0",328," "," ","0",339," "," ","0",344," "," ","0",356," "," ","0",356," "," ","0",356," "," ","0",322," "," ","0",317," "," ","0",328," "," ","0"
"138","USC00392565",1991,8,"TMIN",183," "," ","0",128," "," ","0",100," "," ","0",128," "," ","0",133," "," ","0",117," "," ","0",139," "," ","0",122," "," ","0",117," "," ","0",139," "," ","0",150," "," ","0",150," "," ","0",156," "," ","0",128," "," ","0",156," "," ","0",128," "," ","0",94," "," ","0",111," "," ","0",144," "," ","0",128," "," ","0",133," "," ","0",133," "," ","0",139," "," ","0",167," "," ","0",144," "," ","0",161," "," ","0",167," "," ","0",161," "," ","0",139," "," ","0",172," "," ","0",150," "," ","0"
"139","USC00392565",1991,8,"TOBS",200," "," ","0",178," "," ","0",128," "," ","0",144," "," ","0",161," "," ","0",178," "," ","0",156," "," ","0",167," "," ","0",161," "," ","0",167," "," ","0",172," "," ","0",167," "," ","0",161," "," ","0",172," "," ","0",183," "," ","0",150," "," ","0",128," "," ","0",144," "," ","0",178," "," ","0",156," "," ","0",161," "," ","0",178," "," ","0",178," "," ","0",194," "," ","0",178," "," ","0",211," "," ","0",206," "," ","0",194," "," ","0",183," "," ","0",200," "," ","0",189," "," ","0"
"140","USC00392565",1991,8,"PRCP",8," "," ","0",0,"P"," ","0",0,"P"," ","0",0,"P"," ","0",13," "," ","0",5," "," ","0",117," "," ","0",13," "," ","0",3," "," ","0",69," "," ","0",0,"P"," ","0",0,"P"," ","0",0,"P"," ","0",0,"P"," ","0",0,"P"," ","0",132," "," ","0",0,"P"," ","0",0,"P"," ","0",0,"P"," ","0",0,"P"," ","0",0,"P"," ","0",0,"P"," ","0",0,"P"," ","0",0,"P"," ","0",0,"P"," ","0",0,"P"," ","0",0,"P"," ","0",0,"P"," ","0",0,"P"," ","0",0,"P"," ","0",0,"P"," ","0"
"141","USC00392565",1991,8,"SNOW",0,"P"," ","0",0,"P"," ","0",0,"P"," ","0",0,"P"," ","0",0,"P"," ","0",0,"P"," ","0",0,"P"," ","0",0,"P"," ","0",0,"P"," ","0",0,"P"," ","0",0,"P"," ","0",0,"P"," ","0",0,"P"," ","0",0,"P"," ","0",0,"P"," ","0",0,"P"," ","0",0,"P"," ","0",0,"P"," ","0",0,"P"," ","0",0,"P"," ","0",0,"P"," ","0",0,"P"," ","0",0,"P"," ","0",0,"P"," ","0",0,"P"," ","0",0,"P"," ","0",0,"P"," ","0",0,"P"," ","0",0,"P"," ","0",0,"P"," ","0",0,"P"," ","0"
"142","USC00392565",1991,8,"SNWD",0," "," ","0",0,"P"," ","0",0,"P"," ","0",0,"P"," ","0",0,"P"," ","0",0,"P"," ","0",0,"P"," ","0",0,"P"," ","0",0,"P"," ","0",0,"P"," ","0",0,"P"," ","0",0,"P"," ","0",0,"P"," ","0",0,"P"," ","0",0,"P"," ","0",0,"P"," ","0",0,"P"," ","0",0,"P"," ","0",0,"P"," ","0",0,"P"," ","0",0,"P"," ","0",0,"P"," ","0",0,"P"," ","0",0,"P"," ","0",0,"P"," ","0",0,"P"," ","0",0,"P"," ","0",0,"P"," ","0",0,"P"," ","0",0,"P"," ","0",0,"P"," ","0"
"143","USC00392565",1991,9,"TMAX",306," "," ","0",328," "," ","0",322," "," ","0",233," "," ","0",289," "," ","0",283," "," ","0",328," "," ","0",306," "," ","0",233," "," ","0",256," "," ","0",183," "," ","0",283," "," ","0",244," "," ","0",217," "," ","0",222," "," ","0",111," "," ","0",206," "," ","0",128," "," ","0",128," "," ","0",194," "," ","0",283," "," ","0",233," "," ","0",139," "," ","0",133," "," ","0",200," "," ","0",211," "," ","0",250," "," ","0",233," "," ","0",278," "," ","0",244," "," ","0",NA," "," "," "
"144","USC00392565",1991,9,"TMIN",144," "," ","0",150," "," ","0",150," "," ","0",117," "," ","0",106," "," ","0",128," "," ","0",150," "," ","0",128," "," ","0",133," "," ","0",139," "," ","0",117," "," ","0",139," "," ","0",111," "," ","0",61," "," ","0",39," "," ","0",6," "," ","0",39," "," ","0",-44," "," ","0",-28," "," ","0",-6," "," ","0",67," "," ","0",33," "," ","0",22," "," ","0",-17," "," ","0",33," "," ","0",28," "," ","0",44," "," ","0",89," "," ","0",94," "," ","0",50," "," ","0",NA," "," "," "
"145","USC00392565",1991,9,"TOBS",206," "," ","0",178," "," ","0",161," "," ","0",139," "," ","0",128," "," ","0",150," "," ","0",172," "," ","0",172," "," ","0",139," "," ","0",150," "," ","0",150," "," ","0",161," "," ","0",156," "," ","0",122," "," ","0",44," "," ","0",39," "," ","0",78," "," ","0",-17," "," ","0",-6," "," ","0",67," "," ","0",106," "," ","0",39," "," ","0",67," "," ","0",33," "," ","0",89," "," ","0",56," "," ","0",89," "," ","0",94," "," ","0",122," "," ","0",89," "," ","0",NA," "," "," "
"146","USC00392565",1991,9,"PRCP",0,"P"," ","0",0,"P"," ","0",0,"P"," ","0",0,"P"," ","0",0,"P"," ","0",0,"P"," ","0",0,"P"," ","0",3," "," ","0",0,"P"," ","0",0,"P"," ","0",28," "," ","0",0,"P"," ","0",0,"T"," ","0",8," "," ","0",18," "," ","0",0,"P"," ","0",0,"P"," ","0",0,"P"," ","0",0,"P"," ","0",0,"P"," ","0",0,"P"," ","0",0,"P"," ","0",0,"P"," ","0",0,"P"," ","0",0,"P"," ","0",0,"P"," ","0",0,"P"," ","0",0,"P"," ","0",0,"P"," ","0",0,"P"," ","0",NA," "," "," "
"147","USC00392565",1991,9,"SNOW",0,"P"," ","0",0,"P"," ","0",0,"P"," ","0",0,"P"," ","0",0,"P"," ","0",0,"P"," ","0",0,"P"," ","0",0,"P"," ","0",0,"P"," ","0",0,"P"," ","0",0,"P"," ","0",0,"P"," ","0",0,"P"," ","0",0,"P"," ","0",0,"P"," ","0",0,"P"," ","0",0,"P"," ","0",0,"P"," ","0",0,"P"," ","0",0,"P"," ","0",0,"P"," ","0",0,"P"," ","0",0,"P"," ","0",0,"P"," ","0",0,"P"," ","0",0,"P"," ","0",0,"P"," ","0",0,"P"," ","0",0,"P"," ","0",0,"P"," ","0",NA," "," "," "
"148","USC00392565",1991,9,"SNWD",0," "," ","0",0,"P"," ","0",0,"P"," ","0",0,"P"," ","0",0,"P"," ","0",0,"P"," ","0",0,"P"," ","0",0,"P"," ","0",0,"P"," ","0",0,"P"," ","0",0,"P"," ","0",0,"P"," ","0",0,"P"," ","0",0,"P"," ","0",0,"P"," ","0",0,"P"," ","0",0,"P"," ","0",0,"P"," ","0",0,"P"," ","0",0,"P"," ","0",0,"P"," ","0",0,"P"," ","0",0,"P"," ","0",0,"P"," ","0",0,"P"," ","0",0,"P"," ","0",0,"P"," ","0",0,"P"," ","0",0,"P"," ","0",0,"P"," ","0",NA," "," "," "
"149","USC00392565",1991,10,"TMAX",228," "," ","0",289," "," ","0",200," "," ","0",133," "," ","0",72," "," ","0",67," "," ","0",178," "," ","0",256," "," ","0",244," "," ","0",222," "," ","0",256," "," ","0",256," "," ","0",272," "," ","0",128," "," ","0",161," "," ","0",233," "," ","0",294," "," ","0",167," "," ","0",67," "," ","0",139," "," ","0",172," "," ","0",217," "," ","0",178," "," ","0",28," "," ","0",78," "," ","0",117," "," ","0",183," "," ","0",NA," "," "," ",-94," "," ","0",-67," "," ","0",-106," "," ","0"
"150","USC00392565",1991,10,"TMIN",61," "," ","0",61," "," ","0",56," "," ","0",17," "," ","0",-39," "," ","0",-56," "," ","0",-50," "," ","0",28," "," ","0",17," "," ","0",17," "," ","0",67," "," ","0",72," "," ","0",89," "," ","0",-28," "," ","0",11," "," ","0",28," "," ","0",33," "," ","0",-6," "," ","0",-11," "," ","0",-33," "," ","0",-17," "," ","0",17," "," ","0",-33," "," ","0",-50," "," ","0",-50," "," ","0",-39," "," ","0",-33," "," ","0",-94," "," ","0",-150," "," ","0",-189," "," ","0",-200," "," ","0"
"151","USC00392565",1991,10,"TOBS",61," "," ","0",83," "," ","0",56," "," ","0",17," "," ","0",-33," "," ","0",-50," "," ","0",28," "," ","0",83," "," ","0",17," "," ","0",83," "," ","0",78," "," ","0",89," "," ","0",94," "," ","0",11," "," ","0",33," "," ","0",33," "," ","0",100," "," ","0",0," "," ","0",17," "," ","0",-17," "," ","0",17," "," ","0",44," "," ","0",-6," "," ","0",-44," "," ","0",-39," "," ","0",0," "," ","0",NA," "," "," ",-94," "," ","0",-144," "," ","0",-156," "," ","0",-156," "," ","0"
"152","USC00392565",1991,10,"PRCP",0,"P"," ","0",0,"P"," ","0",0,"P"," ","0",61," "," ","0",0,"P"," ","0",0,"P"," ","0",0,"P"," ","0",0,"P"," ","0",0,"P"," ","0",0,"P"," ","0",0,"P"," ","0",0,"P"," ","0",0,"P"," ","0",0,"P"," ","0",0,"P"," ","0",0,"P"," ","0",0,"P"," ","0",0,"T"," ","0",0,"P"," ","0",0,"P"," ","0",0,"P"," ","0",0,"P"," ","0",0,"P"," ","0",0,"P"," ","0",0,"P"," ","0",0,"P"," ","0",0,"P"," ","0",NA," "," "," ",NA," "," "," ",0,"P"," ","0",0,"P"," ","0"
"153","USC00392565",1991,10,"SNOW",0,"P"," ","0",0,"P"," ","0",0,"P"," ","0",0,"P"," ","0",0,"P"," ","0",0,"P"," ","0",0,"P"," ","0",0,"P"," ","0",0,"P"," ","0",0,"P"," ","0",0,"P"," ","0",0,"P"," ","0",0,"P"," ","0",0,"P"," ","0",0,"P"," ","0",0,"P"," ","0",0,"P"," ","0",0,"P"," ","0",0,"P"," ","0",0,"P"," ","0",0,"P"," ","0",0,"P"," ","0",0,"P"," ","0",0,"P"," ","0",0,"P"," ","0",0,"P"," ","0",0,"P"," ","0",NA," "," "," ",102," "," ","0",0,"P"," ","0",0,"P"," ","0"
"154","USC00392565",1991,10,"SNWD",0," "," ","0",0,"P"," ","0",0,"P"," ","0",0,"P"," ","0",0,"P"," ","0",0,"P"," ","0",0,"P"," ","0",0,"P"," ","0",0,"P"," ","0",0,"P"," ","0",0,"P"," ","0",0,"P"," ","0",0,"P"," ","0",0,"P"," ","0",0,"P"," ","0",0,"P"," ","0",0,"P"," ","0",0,"P"," ","0",0,"P"," ","0",0,"P"," ","0",0,"P"," ","0",0,"P"," ","0",0,"P"," ","0",0,"P"," ","0",0,"P"," ","0",0,"P"," ","0",0,"P"," ","0",NA," "," "," ",102," "," ","0",102," "," ","0",102," "," ","0"
"155","USC00392565",1991,10,"DAPR",NA," "," "," ",NA," "," "," ",NA," "," "," ",NA," "," "," ",NA," "," "," ",NA," "," "," ",NA," "," "," ",NA," "," "," ",NA," "," "," ",NA," "," "," ",NA," "," "," ",NA," "," "," ",NA," "," "," ",NA," "," "," ",NA," "," "," ",NA," "," "," ",NA," "," "," ",NA," "," "," ",NA," "," "," ",NA," "," "," ",NA," "," "," ",NA," "," "," ",NA," "," "," ",NA," "," "," ",NA," "," "," ",NA," "," "," ",NA," "," "," ",NA," "," "," ",2," "," ","0",NA," "," "," ",NA," "," "," "
"156","USC00392565",1991,10,"MDPR",NA," "," "," ",NA," "," "," ",NA," "," "," ",NA," "," "," ",NA," "," "," ",NA," "," "," ",NA," "," "," ",NA," "," "," ",NA," "," "," ",NA," "," "," ",NA," "," "," ",NA," "," "," ",NA," "," "," ",NA," "," "," ",NA," "," "," ",NA," "," "," ",NA," "," "," ",NA," "," "," ",NA," "," "," ",NA," "," "," ",NA," "," "," ",NA," "," "," ",NA," "," "," ",NA," "," "," ",NA," "," "," ",NA," "," "," ",NA," "," "," ",NA," "," "," ",140," "," ","0",NA," "," "," ",NA," "," "," "
"157","USC00392565",1991,11,"TMAX",0," "," ","0",-100," "," ","0",-128," "," ","0",-22," "," ","0",67," "," ","0",39," "," ","0",-39," "," ","0",44," "," ","0",156," "," ","0",128," "," ","0",44," "," ","0",100," "," ","0",167," "," ","0",128," "," ","0",33," "," ","0",56," "," ","0",72," "," ","0",106," "," ","0",83," "," ","0",61," "," ","0",100," "," ","0",44," "," ","0",-17," "," ","0",-33," "," ","0",-11," "," ","0",78," "," ","0",44," "," ","0",28," "," ","0",-17," "," ","0",6," "," ","0",NA," "," "," "
"158","USC00392565",1991,11,"TMIN",-156," "," ","0",-211," "," ","0",-200," "," ","0",-133," "," ","0",-72," "," ","0",-94," "," ","0",-161," "," ","0",-72," "," ","0",0," "," ","0",-17," "," ","0",-44," "," ","0",-28," "," ","0",-6," "," ","0",-11," "," ","0",-28," "," ","0",-33," "," ","0",-28," "," ","0",-22," "," ","0",-50," "," ","0",-78," "," ","0",-17," "," ","0",-61," "," ","0",-89," "," ","0",-128," "," ","0",-94," "," ","0",-94," "," ","0",-56," "," ","0",-39," "," ","0",-139," "," ","0",-139," "," ","0",NA," "," "," "
"159","USC00392565",1991,11,"TOBS",-150," "," ","0",-200," "," ","0",-133," "," ","0",-72," "," ","0",28," "," ","0",-94," "," ","0",-39," "," ","0",0," "," ","0",28," "," ","0",-11," "," ","0",-22," "," ","0",39," "," ","0",33," "," ","0",28," "," ","0",-11," "," ","0",6," "," ","0",11," "," ","0",-6," "," ","0",-33," "," ","0",-17," "," ","0",11," "," ","0",-61," "," ","0",-72," "," ","0",-94," "," ","0",-94," "," ","0",6," "," ","0",-11," "," ","0",-33," "," ","0",-128," "," ","0",-133," "," ","0",NA," "," "," "
"160","USC00392565",1991,11,"PRCP",0,"P"," ","0",0,"P"," ","0",0,"P"," ","0",0,"P"," ","0",0,"P"," ","0",33," "," ","0",0,"P"," ","0",0,"P"," ","0",0,"P"," ","0",0,"P"," ","0",0,"P"," ","0",0,"P"," ","0",0,"P"," ","0",0,"P"," ","0",0,"T"," ","0",0,"P"," ","0",0,"P"," ","0",0,"P"," ","0",0,"P"," ","0",0,"P"," ","0",10," "," ","0",13," "," ","0",0,"P"," ","0",0,"P"," ","0",0,"P"," ","0",0,"P"," ","0",0,"T"," ","0",30," "," ","0",0,"P"," ","0",0,"P"," ","0",NA," "," "," "
"161","USC00392565",1991,11,"SNOW",0,"P"," ","0",0,"P"," ","0",0,"P"," ","0",0,"P"," ","0",0,"P"," ","0",64," "," ","0",0,"P"," ","0",0,"P"," ","0",0,"P"," ","0",0,"P"," ","0",0,"P"," ","0",0,"P"," ","0",0,"P"," ","0",0,"P"," ","0",0,"P"," ","0",0,"P"," ","0",0,"P"," ","0",0,"P"," ","0",0,"P"," ","0",0,"P"," ","0",0,"P"," ","0",NA," "," "," ",0,"P"," ","0",0,"P"," ","0",0,"P"," ","0",0," "," ","0",0,"T"," ","0",64," "," ","0",0,"P"," ","0",0,"P"," ","0",NA," "," "," "
"162","USC00392565",1991,11,"SNWD",76," "," ","0",76," "," ","0",NA," "," "," ",NA," "," "," ",NA," "," "," ",76," "," ","0",NA," "," "," ",NA," "," "," ",0," "," ","0",0,"P"," ","0",0,"P"," ","0",0,"P"," ","0",0,"P"," ","0",0,"P"," ","0",0,"P"," ","0",0,"P"," ","0",0," "," ","0",0,"P"," ","0",0,"P"," ","0",0,"P"," ","0",0,"P"," ","0",0,"T"," ","0",0," "," ","0",0,"P"," ","0",0,"P"," ","0",0,"P"," ","0",0,"T"," ","0",NA," "," "," ",NA," "," "," ",NA," "," "," ",NA," "," "," "
"163","USC00392565",1991,12,"TMAX",-78," "," ","0",-39," "," ","0",0," "," ","0",6," "," ","0",67," "," ","0",61," "," ","0",106," "," ","0",100," "," ","0",83," "," ","0",50," "," ","0",56," "," ","0",56," "," ","0",56," "," ","0",0," "," ","0",-6," "," ","0",44," "," ","0",89," "," ","0",50," "," ","0",61," "," ","0",39," "," ","0",50," "," ","0",111," "," ","0",106," "," ","0",39," "," ","0",72," "," ","0",NA," "," "," ",78," "," ","0",56," "," ","0",72," "," ","0",39," "," ","0",67," "," ","0"
"164","USC00392565",1991,12,"TMIN",-172," "," ","0",-161," "," ","0",-156," "," ","0",-100," "," ","0",-89," "," ","0",-83," "," ","0",-11," "," ","0",-33," "," ","0",-72," "," ","0",-67," "," ","0",-106," "," ","0",-106," "," ","0",-100," "," ","0",-122," "," ","0",-133," "," ","0",-111," "," ","0",-106," "," ","0",-89," "," ","0",-44," "," ","0",-22," "," ","0",-83," "," ","0",-89," "," ","0",-111," "," ","0",-106," "," ","0",-89," "," ","0",NA," "," "," ",-83," "," ","0",-106," "," ","0",-106," "," ","0",-106," "," ","0",-89," "," ","0"
"165","USC00392565",1991,12,"TOBS",-150," "," ","0",-44," "," ","0",-94," "," ","0",-83," "," ","0",-83," "," ","0",6," "," ","0",61," "," ","0",17," "," ","0",-67," "," ","0",-56," "," ","0",-78," "," ","0",-100," "," ","0",-11," "," ","0",-83," "," ","0",-111," "," ","0",-39," "," ","0",-83," "," ","0",-44," "," ","0",-22," "," ","0",-17," "," ","0",-61," "," ","0",-61," "," ","0",-89," "," ","0",-78," "," ","0",-78," "," ","0",NA," "," "," ",-61," "," ","0",-106," "," ","0",-56," "," ","0",-83," "," ","0",-78," "," ","0"
"166","USC00392565",1991,12,"PRCP",0,"P"," ","0",0,"P"," ","0",0,"P"," ","0",8," "," ","0",0,"P"," ","0",0,"P"," ","0",0,"P"," ","0",0,"P"," ","0",0,"P"," ","0",0,"P"," ","0",0,"P"," ","0",0,"P"," ","0",0,"P"," ","0",0,"P"," ","0",0,"P"," ","0",0,"P"," ","0",0,"P"," ","0",0,"P"," ","0",0,"P"," ","0",0,"P"," ","0",0,"P"," ","0",0,"P"," ","0",0,"P"," ","0",0,"P"," ","0",0,"P"," ","0",0," "," ","0",0,"P"," ","0",0,"P"," ","0",0,"P"," ","0",0,"P"," ","0",0,"P"," ","0"
"167","USC00392565",1991,12,"SNOW",0,"P"," ","0",0,"P"," ","0",0,"P"," ","0",25," "," ","0",0,"P"," ","0",0,"P"," ","0",0,"P"," ","0",0,"P"," ","0",0,"P"," ","0",0,"P"," ","0",0,"P"," ","0",0,"P"," ","0",0,"P"," ","0",0,"P"," ","0",0,"P"," ","0",0,"P"," ","0",0,"P"," ","0",0,"P"," ","0",0,"P"," ","0",0,"P"," ","0",0,"P"," ","0",0,"P"," ","0",0,"P"," ","0",0,"P"," ","0",0,"P"," ","0",0,"P"," ","0",0,"P"," ","0",0,"P"," ","0",0,"P"," ","0",0,"P"," ","0",0,"P"," ","0"
"168","USC00392565",1991,12,"SNWD",NA," "," "," ",NA," "," "," ",0," "," ","0",51," "," ","0",NA," "," "," ",NA," "," "," ",0," "," ","0",0,"P"," ","0",0,"P"," ","0",0,"P"," ","0",0,"P"," ","0",0,"P"," ","0",0,"P"," ","0",0,"P"," ","0",0,"P"," ","0",0,"P"," ","0",0,"P"," ","0",0,"P"," ","0",0,"P"," ","0",0,"P"," ","0",0,"P"," ","0",0,"P"," ","0",0,"P"," ","0",0,"P"," ","0",0,"P"," ","0",0,"P"," ","0",0,"P"," ","0",0,"P"," ","0",0,"P"," ","0",0,"P"," ","0",0,"P"," ","0"
"169","USC00392565",1992,1,"TMAX",44," "," ","0",50," "," ","0",83," "," ","0",61," "," ","0",72," "," ","0",83," "," ","0",122," "," ","0",-17," "," ","0",0," "," ","0",28," "," ","0",106," "," ","0",94," "," ","0",11," "," ","0",-17," "," ","0",-17," "," ","0",-17," "," ","0",61," "," ","0",-17," "," ","0",11," "," ","0",89," "," ","0",106," "," ","0",89," "," ","0",11," "," ","0",39," "," ","0",100," "," ","0",67," "," ","0",NA," "," "," ",72," "," ","0",117," "," ","0",106," "," ","0",106," "," ","0"
"170","USC00392565",1992,1,"TMIN",-117," "," ","0",-106," "," ","0",-89," "," ","0",-78," "," ","0",-94," "," ","0",-83," "," ","0",-50," "," ","0",-133," "," ","0",-128," "," ","0",-83," "," ","0",-78," "," ","0",-50," "," ","0",-133," "," ","0",-89," "," ","0",-289," "," ","0",-261," "," ","0",-167," "," ","0",-167," "," ","0",-106," "," ","0",-100," "," ","0",-89," "," ","0",-67," "," ","0",-61," "," ","0",-50," "," ","0",-78," "," ","0",-78," "," ","0",NA," "," "," ",-72," "," ","0",-39," "," ","0",-61," "," ","0",-50," "," ","0"
"171","USC00392565",1992,1,"TOBS",-100," "," ","0",-22," "," ","0",-78," "," ","0",-44," "," ","0",-83," "," ","0",-44," "," ","0",-39," "," ","0",-128," "," ","0",-72," "," ","0",-78," "," ","0",-11," "," ","0",-28," "," ","0",-89," "," ","0",-44," "," ","0",-261," "," ","0",-78," "," ","0",-161," "," ","0",-83," "," ","0",-94," "," ","0",-78," "," ","0",-50," "," ","0",-22," "," ","0",-44," "," ","0",39," "," ","0",-78," "," ","0",17," "," ","0",NA," "," "," ",-6," "," ","0",28," "," ","0",-50," "," ","0",-39," "," ","0"
"172","USC00392565",1992,1,"PRCP",0,"P"," ","0",0,"P"," ","0",0,"P"," ","0",0,"P"," ","0",0,"P"," ","0",0,"P"," ","0",0,"P"," ","0",0,"P"," ","0",0,"P"," ","0",0,"P"," ","0",0,"P"," ","0",0,"P"," ","0",0,"P"," ","0",0,"P"," ","0",18," "," ","0",0,"P"," ","0",0,"P"," ","0",0,"P"," ","0",0,"P"," ","0",0,"P"," ","0",0,"P"," ","0",0,"P"," ","0",0,"P"," ","0",0,"P"," ","0",0,"P"," ","0",0,"P"," ","0",NA," "," "," ",0,"P"," ","0",0,"P"," ","0",0,"P"," ","0",0,"P"," ","0"
"173","USC00392565",1992,1,"SNOW",0,"P"," ","0",0,"P"," ","0",0,"P"," ","0",0,"P"," ","0",0,"P"," ","0",0,"P"," ","0",0,"P"," ","0",0,"P"," ","0",0,"P"," ","0",0,"P"," ","0",0,"P"," ","0",0,"P"," ","0",0,"P"," ","0",0,"P"," ","0",38," "," ","0",0,"P"," ","0",0,"P"," ","0",0,"P"," ","0",0,"P"," ","0",0,"P"," ","0",0,"P"," ","0",0,"P"," ","0",0,"P"," ","0",0,"P"," ","0",0,"P"," ","0",0,"P"," ","0",0,"P"," ","0",0,"P"," ","0",0,"P"," ","0",0,"P"," ","0",0,"P"," ","0"
"174","USC00392565",1992,1,"SNWD",0," "," ","0",0,"P"," ","0",0,"P"," ","0",0,"P"," ","0",0,"P"," ","0",0,"P"," ","0",0,"P"," ","0",0,"P"," ","0",0,"P"," ","0",0,"P"," ","0",0,"P"," ","0",0,"P"," ","0",0,"P"," ","0",0,"P"," ","0",NA," "," "," ",NA," "," "," ",0," "," ","0",0,"P"," ","0",0,"P"," ","0",0,"P"," ","0",0,"P"," ","0",0,"P"," ","0",0,"P"," ","0",0,"P"," ","0",0,"P"," ","0",0,"P"," ","0",0,"P"," ","0",0,"P"," ","0",0,"P"," ","0",0,"P"," ","0",0,"P"," ","0"
"175","USC00392565",1992,2,"TMAX",161," "," ","0",189," "," ","0",133," "," ","0",117," "," ","0",89," "," ","0",89," "," ","0",83," "," ","0",33," "," ","0",-22," "," ","0",61," "," ","0",50," "," ","0",-56," "," ","0",83," "," ","0",117," "," ","0",83," "," ","0",100," "," ","0",83," "," ","0",56," "," ","0",44," "," ","0",111," "," ","0",56," "," ","0",128," "," ","0",128," "," ","0",50," "," ","0",72," "," ","0",94," "," ","0",122," "," ","0",161," "," ","0",167," "," ","0",NA," "," "," ",NA," "," "," "
"176","USC00392565",1992,2,"TMIN",-50," "," ","0",-44," "," ","0",-44," "," ","0",-83," "," ","0",-78," "," ","0",-94," "," ","0",-106," "," ","0",-111," "," ","0",-111," "," ","0",-83," "," ","0",-78," "," ","0",-111," "," ","0",-100," "," ","0",-56," "," ","0",-72," "," ","0",-67," "," ","0",-67," "," ","0",-50," "," ","0",-106," "," ","0",-78," "," ","0",-50," "," ","0",-28," "," ","0",11," "," ","0",-94," "," ","0",-72," "," ","0",-17," "," ","0",-17," "," ","0",-28," "," ","0",-39," "," ","0",NA," "," "," ",NA," "," "," "
"177","USC00392565",1992,2,"TOBS",-6," "," ","0",0," "," ","0",-17," "," ","0",-72," "," ","0",-67," "," ","0",-83," "," ","0",-100," "," ","0",-61," "," ","0",-83," "," ","0",-72," "," ","0",-61," "," ","0",-100," "," ","0",-56," "," ","0",28," "," ","0",-56," "," ","0",-50," "," ","0",-50," "," ","0",-39," "," ","0",-78," "," ","0",-28," "," ","0",-17," "," ","0",11," "," ","0",17," "," ","0",-72," "," ","0",-11," "," ","0",22," "," ","0",39," "," ","0",22," "," ","0",6," "," ","0",NA," "," "," ",NA," "," "," "
"178","USC00392565",1992,2,"PRCP",0,"P"," ","0",0,"P"," ","0",0,"P"," ","0",0,"P"," ","0",0,"P"," ","0",0,"P"," ","0",0,"P"," ","0",0,"P"," ","0",0,"P"," ","0",0,"P"," ","0",0,"P"," ","0",0,"T"," ","0",0,"P"," ","0",0,"P"," ","0",0,"P"," ","0",0,"P"," ","0",0,"P"," ","0",0,"P"," ","0",0,"P"," ","0",0,"P"," ","0",0,"P"," ","0",0,"P"," ","0",89," "," ","0",0,"T"," ","0",0,"P"," ","0",0,"P"," ","0",0,"P"," ","0",0,"P"," ","0",0,"P"," ","0",NA," "," "," ",NA," "," "," "
"179","USC00392565",1992,2,"SNOW",0,"P"," ","0",0,"P"," ","0",0,"P"," ","0",0,"P"," ","0",0,"P"," ","0",0,"P"," ","0",0,"P"," ","0",0,"P"," ","0",0,"P"," ","0",0,"P"," ","0",0,"P"," ","0",0,"T"," ","0",0,"P"," ","0",0,"P"," ","0",0,"P"," ","0",0,"P"," ","0",0,"P"," ","0",0,"P"," ","0",0,"P"," ","0",0,"P"," ","0",0,"P"," ","0",0,"P"," ","0",0,"P"," ","0",0,"P"," ","0",0,"P"," ","0",0,"P"," ","0",0,"P"," ","0",0,"P"," ","0",0,"P"," ","0",NA," "," "," ",NA," "," "," "
"180","USC00392565",1992,2,"SNWD",0," "," ","0",0,"P"," ","0",0,"P"," ","0",0,"P"," ","0",0,"P"," ","0",0,"P"," ","0",0,"P"," ","0",0,"P"," ","0",0,"P"," ","0",0,"P"," ","0",0,"P"," ","0",0,"T"," ","0",0," "," ","0",0,"P"," ","0",0,"P"," ","0",0,"P"," ","0",0,"P"," ","0",0,"P"," ","0",0,"P"," ","0",0,"P"," ","0",0,"P"," ","0",0,"P"," ","0",0,"P"," ","0",0,"P"," ","0",0,"P"," ","0",0,"P"," ","0",0,"P"," ","0",0,"P"," ","0",0,"P"," ","0",NA," "," "," ",NA," "," "," "
"181","USC00392565",1992,3,"TMAX",183," "," ","0",172," "," ","0",178," "," ","0",200," "," ","0",139," "," ","0",89," "," ","0",111," "," ","0",139," "," ","0",44," "," ","0",-6," "," ","0",33," "," ","0",83," "," ","0",133," "," ","0",133," "," ","0",172," "," ","0",NA," "," "," ",156," "," ","0",83," "," ","0",11," "," ","0",56," "," ","0",100," "," ","0",11," "," ","0",89," "," ","0",144," "," ","0",94," "," ","0",117," "," ","0",144," "," ","0",167," "," ","0",167," "," ","0",100," "," ","0",167," "," ","0"
"182","USC00392565",1992,3,"TMIN",-6," "," ","0",0," "," ","0",0," "," ","0",56," "," ","0",39," "," ","0",39," "," ","0",-17," "," ","0",6," "," ","0",-128," "," ","0",-122," "," ","0",-72," "," ","0",-17," "," ","0",-22," "," ","0",-22," "," ","0",-11," "," ","0",NA," "," "," ",0," "," ","0",-17," "," ","0",-44," "," ","0",-56," "," ","0",-39," "," ","0",-100," "," ","0",-56," "," ","0",-22," "," ","0",-78," "," ","0",-56," "," ","0",-11," "," ","0",6," "," ","0",-50," "," ","0",-33," "," ","0",0," "," ","0"
"183","USC00392565",1992,3,"TOBS",50," "," ","0",28," "," ","0",61," "," ","0",94," "," ","0",44," "," ","0",50," "," ","0",6," "," ","0",39," "," ","0",-100," "," ","0",-72," "," ","0",0," "," ","0",17," "," ","0",28," "," ","0",33," "," ","0",39," "," ","0",NA," "," "," ",11," "," ","0",-11," "," ","0",-28," "," ","0",17," "," ","0",-33," "," ","0",-22," "," ","0",6," "," ","0",28," "," ","0",-22," "," ","0",28," "," ","0",56," "," ","0",111," "," ","0",6," "," ","0",44," "," ","0",28," "," ","0"
"184","USC00392565",1992,3,"PRCP",0,"P"," ","0",0,"P"," ","0",0,"P"," ","0",0,"P"," ","0",76," "," ","0",3," "," ","0",0,"P"," ","0",0,"T"," ","0",122," "," ","0",NA," "," "," ",0," "," ","0",0,"T"," ","0",0,"P"," ","0",0,"P"," ","0",0,"P"," ","0",NA," "," "," ",0,"P"," ","0",28," "," ","0",84," "," ","0",0,"T"," ","0",0,"P"," ","0",0,"P"," ","0",0,"P"," ","0",0,"P"," ","0",0,"P"," ","0",0,"P"," ","0",0,"P"," ","0",0,"P"," ","0",0,"P"," ","0",0,"P"," ","0",0,"P"," ","0"
"185","USC00392565",1992,3,"SNOW",0,"P"," ","0",0,"P"," ","0",0,"P"," ","0",0,"P"," ","0",0,"P"," ","0",0,"P"," ","0",0,"P"," ","0",0,"P"," ","0",64," "," ","0",25," "," ","0",0,"P"," ","0",0,"P"," ","0",0,"P"," ","0",0,"P"," ","0",0,"P"," ","0",0,"P"," ","0",0,"P"," ","0",51," "," ","0",51," "," ","0",0," "," ","0",0,"P"," ","0",0,"P"," ","0",0,"P"," ","0",0,"P"," ","0",0,"P"," ","0",0,"P"," ","0",0,"P"," ","0",0,"P"," ","0",0,"P"," ","0",0,"P"," ","0",0,"P"," ","0"
"186","USC00392565",1992,3,"SNWD",0," "," ","0",0,"P"," ","0",0,"P"," ","0",0,"P"," ","0",0,"P"," ","0",0,"P"," ","0",0,"P"," ","0",0,"P"," ","0",NA," "," "," ",NA," "," "," ",NA," "," "," ",0," "," ","0",0,"P"," ","0",0,"P"," ","0",0,"P"," ","0",0,"P"," ","0",0,"P"," ","0",NA," "," "," ",NA," "," "," ",0," "," ","0",0,"P"," ","0",0,"P"," ","0",0,"P"," ","0",0,"P"," ","0",0,"P"," ","0",0,"P"," ","0",0,"P"," ","0",0,"P"," ","0",0,"P"," ","0",0,"P"," ","0",0,"P"," ","0"
"187","USC00392565",1992,4,"TMAX",94," "," ","0",100," "," ","0",167," "," ","0",222," "," ","0",244," "," ","0",183," "," ","0",122," "," ","0",106," "," ","0",128," "," ","0",167," "," ","0",39," "," ","0",17," "," ","0",39," "," ","0",172," "," ","0",161," "," ","0",178," "," ","0",156," "," ","0",206," "," ","0",122," "," ","0",56," "," ","0",67," "," ","0",150," "," ","0",139," "," ","0",89," "," ","0",94," "," ","0",133," "," ","0",178," "," ","0",256," "," ","0",228," "," ","0",267," "," ","0",NA," "," "," "
"188","USC00392565",1992,4,"TMIN",-111," "," ","0",-67," "," ","0",-6," "," ","0",28," "," ","0",28," "," ","0",-22," "," ","0",-39," "," ","0",-28," "," ","0",11," "," ","0",17," "," ","0",-56," "," ","0",NA," "," "," ",-50," "," ","0",17," "," ","0",28," "," ","0",28," "," ","0",22," "," ","0",33," "," ","0",22," "," ","0",-11," "," ","0",-33," "," ","0",-44," "," ","0",17," "," ","0",11," "," ","0",-28," "," ","0",-22," "," ","0",28," "," ","0",83," "," ","0",44," "," ","0",89," "," ","0",NA," "," "," "
"189","USC00392565",1992,4,"TOBS",-39," "," ","0",17," "," ","0",106," "," ","0",128," "," ","0",56," "," ","0",11," "," ","0",-28," "," ","0",11," "," ","0",39," "," ","0",17," "," ","0",-50," "," ","0",NA," "," "," ",17," "," ","0",61," "," ","0",56," "," ","0",61," "," ","0",50," "," ","0",50," "," ","0",22," "," ","0",0," "," ","0",11," "," ","0",17," "," ","0",28," "," ","0",22," "," ","0",33," "," ","0",39," "," ","0",83," "," ","0",122," "," ","0",128," "," ","0",139," "," ","0",NA," "," "," "
"190","USC00392565",1992,4,"PRCP",0,"P"," ","0",0,"P"," ","0",0,"P"," ","0",0,"P"," ","0",0,"P"," ","0",0,"P"," ","0",0,"P"," ","0",0,"P"," ","0",0,"P"," ","0",69," "," ","0",3," "," ","0",0," "," ","0",0,"P"," ","0",0,"P"," ","0",0,"P"," ","0",0,"P"," ","0",0,"P"," ","0",0,"T"," ","0",142," "," ","0",3," "," ","0",0,"P"," ","0",0,"P"," ","0",30," "," ","0",0,"P"," ","0",0,"P"," ","0",0,"P"," ","0",0,"P"," ","0",3," "," ","0",0,"P"," ","0",0,"P"," ","0",NA," "," "," "
"191","USC00392565",1992,4,"SNOW",0,"P"," ","0",0,"P"," ","0",0,"P"," ","0",0,"P"," ","0",0,"P"," ","0",0,"P"," ","0",0,"P"," ","0",0,"P"," ","0",0,"P"," ","0",0,"P"," ","0",0,"P"," ","0",0,"P"," ","0",0,"P"," ","0",0,"P"," ","0",0,"P"," ","0",0,"P"," ","0",0,"P"," ","0",0,"P"," ","0",0,"P"," ","0",0,"P"," ","0",0,"P"," ","0",0,"P"," ","0",0,"P"," ","0",0,"P"," ","0",0,"P"," ","0",0,"P"," ","0",0,"P"," ","0",0,"P"," ","0",0,"P"," ","0",0,"P"," ","0",NA," "," "," "
"192","USC00392565",1992,4,"SNWD",0," "," ","0",0,"P"," ","0",0,"P"," ","0",0,"P"," ","0",0,"P"," ","0",0,"P"," ","0",0,"P"," ","0",0,"P"," ","0",0,"P"," ","0",0,"P"," ","0",0,"P"," ","0",0,"P"," ","0",0,"P"," ","0",0,"P"," ","0",0,"P"," ","0",0,"P"," ","0",0,"P"," ","0",0,"P"," ","0",0,"P"," ","0",0,"P"," ","0",0,"P"," ","0",0,"P"," ","0",0,"P"," ","0",0,"P"," ","0",0,"P"," ","0",0,"P"," ","0",0,"P"," ","0",0,"P"," ","0",0,"P"," ","0",0,"P"," ","0",NA," "," "," "
"193","USC00392565",1992,5,"TMAX",294," "," ","0",178," "," ","0",194," "," ","0",222," "," ","0",222," "," ","0",233," "," ","0",278," "," ","0",300," "," ","0",283," "," ","0",244," "," ","0",200," "," ","0",244," "," ","0",172," "," ","0",156," "," ","0",228," "," ","0",261," "," ","0",156," "," ","0",261," "," ","0",317," "," ","0",322," "," ","0",317," "," ","0",244," "," ","0",111," "," ","0",144," "," ","0",217," "," ","0",111," "," ","0",94," "," ","0",117," "," ","0",183," "," ","0",222," "," ","0",233," "," ","0"
"194","USC00392565",1992,5,"TMIN",83," "," ","0",-6," "," ","0",33," "," ","0",22," "," ","0",56," "," ","0",78," "," ","0",83," "," ","0",111," "," ","0",94," "," ","0",50," "," ","0",39," "," ","0",67," "," ","0",50," "," ","0",33," "," ","0",106," "," ","0",50," "," ","0",-11," "," ","0",94," "," ","0",111," "," ","0",156," "," ","0",117," "," ","0",61," "," ","0",67," "," ","0",56," "," ","0",0," "," ","0",-6," "," ","0",28," "," ","0",33," "," ","0",39," "," ","0",67," "," ","0",89," "," ","0"
"195","USC00392565",1992,5,"TOBS",139," "," ","0",56," "," ","0",128," "," ","0",100," "," ","0",122," "," ","0",133," "," ","0",172," "," ","0",167," "," ","0",150," "," ","0",61," "," ","0",117," "," ","0",78," "," ","0",67," "," ","0",106," "," ","0",161," "," ","0",122," "," ","0",94," "," ","0",150," "," ","0",189," "," ","0",172," "," ","0",161," "," ","0",72," "," ","0",72," "," ","0",106," "," ","0",50," "," ","0",33," "," ","0",33," "," ","0",50," "," ","0",94," "," ","0",144," "," ","0",94," "," ","0"
"196","USC00392565",1992,5,"PRCP",0,"P"," ","0",0,"P"," ","0",0,"P"," ","0",0,"P"," ","0",0,"P"," ","0",0,"P"," ","0",0,"P"," ","0",0,"P"," ","0",0,"P"," ","0",145," "," ","0",0,"P"," ","0",0,"P"," ","0",0,"P"," ","0",0,"P"," ","0",0,"P"," ","0",8," "," ","0",0,"P"," ","0",0,"P"," ","0",0,"P"," ","0",0,"P"," ","0",0,"P"," ","0",206," "," ","0",13," "," ","0",0,"P"," ","0",23," "," ","0",0,"P"," ","0",0,"P"," ","0",0,"P"," ","0",0,"P"," ","0",0,"P"," ","0",71," "," ","0"
"197","USC00392565",1992,5,"SNOW",0,"P"," ","0",0,"P"," ","0",0,"P"," ","0",0,"P"," ","0",0,"P"," ","0",0,"P"," ","0",0,"P"," ","0",0,"P"," ","0",0,"P"," ","0",0,"P"," ","0",0,"P"," ","0",0,"P"," ","0",0,"P"," ","0",0,"P"," ","0",0,"P"," ","0",0,"P"," ","0",0,"P"," ","0",0,"P"," ","0",0,"P"," ","0",0,"P"," ","0",0,"P"," ","0",0,"P"," ","0",0,"P"," ","0",0,"P"," ","0",0,"P"," ","0",0,"P"," ","0",0,"P"," ","0",0,"P"," ","0",0,"P"," ","0",0,"P"," ","0",0,"P"," ","0"
"198","USC00392565",1992,5,"SNWD",0," "," ","0",0,"P"," ","0",0,"P"," ","0",0,"P"," ","0",0,"P"," ","0",0,"P"," ","0",0,"P"," ","0",0,"P"," ","0",0,"P"," ","0",0,"P"," ","0",0,"P"," ","0",0,"P"," ","0",0,"P"," ","0",0,"P"," ","0",0,"P"," ","0",0,"P"," ","0",0,"P"," ","0",0,"P"," ","0",0,"P"," ","0",0,"P"," ","0",0,"P"," ","0",0,"P"," ","0",0,"P"," ","0",0,"P"," ","0",0,"P"," ","0",0,"P"," ","0",0,"P"," ","0",0,"P"," ","0",0,"P"," ","0",0,"P"," ","0",0,"P"," ","0"
"199","USC00392565",1992,6,"TMAX",144," "," ","0",161," "," ","0",244," "," ","0",250," "," ","0",222," "," ","0",128," "," ","0",200," "," ","0",206," "," ","0",211," "," ","0",256," "," ","0",278," "," ","0",NA," "," "," ",NA," "," "," ",300," "," ","0",NA," "," "," ",228," "," ","0",156," "," ","0",206," "," ","0",267," "," ","0",228," "," ","0",NA," "," "," ",NA," "," "," ",272," "," ","0",289," "," ","0",272," "," ","0",228," "," ","0",217," "," ","0",283," "," ","0",250," "," ","0",206," "," ","0",NA," "," "," "
"200","USC00392565",1992,6,"TMIN",78," "," ","0",61," "," ","0",83," "," ","0",39," "," ","0",72," "," ","0",28," "," ","0",72," "," ","0",67," "," ","0",72," "," ","0",106," "," ","0",117," "," ","0",NA," "," "," ",NA," "," "," ",139," "," ","0",NA," "," "," ",67," "," ","0",89," "," ","0",67," "," ","0",89," "," ","0",133," "," ","0",NA," "," "," ",NA," "," "," ",94," "," ","0",139," "," ","0",133," "," ","0",128," "," ","0",94," "," ","0",139," "," ","0",133," "," ","0",133," "," ","0",NA," "," "," "
"201","USC00392565",1992,6,"TOBS",122," "," ","0",128," "," ","0",128," "," ","0",94," "," ","0",83," "," ","0",72," "," ","0",122," "," ","0",111," "," ","0",133," "," ","0",172," "," ","0",144," "," ","0",NA," "," "," ",NA," "," "," ",150," "," ","0",NA," "," "," ",133," "," ","0",111," "," ","0",139," "," ","0",144," "," ","0",139," "," ","0",NA," "," "," ",NA," "," "," ",194," "," ","0",200," "," ","0",161," "," ","0",144," "," ","0",167," "," ","0",178," "," ","0",139," "," ","0",189," "," ","0",NA," "," "," "
"202","USC00392565",1992,6,"PRCP",41," "," ","0",124," "," ","0",0,"P"," ","0",94," "," ","0",117," "," ","0",58," "," ","0",0,"P"," ","0",48," "," ","0",0,"P"," ","0",0,"P"," ","0",0,"P"," ","0",0," "," ","0",0," "," ","0",0,"P"," ","0",NA," "," "," ",NA," "," "," ",81," "," ","0",25," "," ","0",69," "," ","0",20," "," ","0",NA," "," "," ",NA," "," "," ",NA," "," "," ",0,"P"," ","0",71," "," ","0",0,"P"," ","0",56," "," ","0",0,"P"," ","0",23," "," ","0",0,"P"," ","0",NA," "," "," "
"203","USC00392565",1992,6,"SNOW",0,"P"," ","0",0,"P"," ","0",0,"P"," ","0",0,"P"," ","0",0,"P"," ","0",0,"P"," ","0",0,"P"," ","0",0,"P"," ","0",0,"P"," ","0",0,"P"," ","0",0,"P"," ","0",0,"P"," ","0",0,"P"," ","0",0,"P"," ","0",0," "," ","0",0,"P"," ","0",0,"P"," ","0",0,"P"," ","0",0,"P"," ","0",0,"P"," ","0",0," "," ","0",0," "," ","0",0,"P"," ","0",0,"P"," ","0",0,"P"," ","0",0,"P"," ","0",0,"P"," ","0",0,"P"," ","0",0,"P"," ","0",0,"P"," ","0",NA," "," "," "
"204","USC00392565",1992,6,"SNWD",0," "," ","0",0,"P"," ","0",0,"P"," ","0",0,"P"," ","0",0,"P"," ","0",0,"P"," ","0",0,"P"," ","0",0,"P"," ","0",0,"P"," ","0",0,"P"," ","0",0,"P"," ","0",0,"P"," ","0",0,"P"," ","0",0,"P"," ","0",0," "," ","0",0,"P"," ","0",0,"P"," ","0",0,"P"," ","0",0,"P"," ","0",0,"P"," ","0",0," "," ","0",0," "," ","0",0,"P"," ","0",0,"P"," ","0",0,"P"," ","0",0,"P"," ","0",0,"P"," ","0",0,"P"," ","0",0,"P"," ","0",0,"P"," ","0",NA," "," "," "
"205","USC00392565",1992,6,"DAPR",NA," "," "," ",NA," "," "," ",NA," "," "," ",NA," "," "," ",NA," "," "," ",NA," "," "," ",NA," "," "," ",NA," "," "," ",NA," "," "," ",NA," "," "," ",NA," "," "," ",NA," "," "," ",NA," "," "," ",NA," "," "," ",NA," "," "," ",2," "," ","0",NA," "," "," ",NA," "," "," ",NA," "," "," ",NA," "," "," ",NA," "," "," ",NA," "," "," ",3," "," ","0",NA," "," "," ",NA," "," "," ",NA," "," "," ",NA," "," "," ",NA," "," "," ",NA," "," "," ",NA," "," "," ",NA," "," "," "
"206","USC00392565",1992,6,"MDPR",NA," "," "," ",NA," "," "," ",NA," "," "," ",NA," "," "," ",NA," "," "," ",NA," "," "," ",NA," "," "," ",NA," "," "," ",NA," "," "," ",NA," "," "," ",NA," "," "," ",NA," "," "," ",NA," "," "," ",NA," "," "," ",NA," "," "," ",213," "," ","0",NA," "," "," ",NA," "," "," ",NA," "," "," ",NA," "," "," ",NA," "," "," ",NA," "," "," ",28," "," ","0",NA," "," "," ",NA," "," "," ",NA," "," "," ",NA," "," "," ",NA," "," "," ",NA," "," "," ",NA," "," "," ",NA," "," "," "
"207","USC00392565",1992,7,"TMAX",272," "," ","0",189," "," ","0",161," "," ","0",244," "," ","0",261," "," ","0",261," "," ","0",300," "," ","0",256," "," ","0",261," "," ","0",222," "," ","0",217," "," ","0",233," "," ","0",156," "," ","0",244," "," ","0",294," "," ","0",228," "," ","0",222," "," ","0",244," "," ","0",294," "," ","0",183," "," ","0",167," "," ","0",222," "," ","0",194," "," ","0",233," "," ","0",294," "," ","0",250," "," ","0",267," "," ","0",317," "," ","0",283," "," ","0",239," "," ","0",233," "," ","0"
"208","USC00392565",1992,7,"TMIN",89," "," ","0",89," "," ","0",50," "," ","0",122," "," ","0",100," "," ","0",100," "," ","0",150," "," ","0",111," "," ","0",117," "," ","0",78," "," ","0",111," "," ","0",111," "," ","0",106," "," ","0",111," "," ","0",122," "," ","0",78," "," ","0",61," "," ","0",111," "," ","0",156," "," ","0",111," "," ","0",111," "," ","0",89," "," ","0",100," "," ","0",117," "," ","0",133," "," ","0",133," "," ","0",122," "," ","0",133," "," ","0",106," "," ","0",78," "," ","0",94," "," ","0"
"209","USC00392565",1992,7,"TOBS",128," "," ","0",94," "," ","0",128," "," ","0",150," "," ","0",100," "," ","0",200," "," ","0",183," "," ","0",144," "," ","0",144," "," ","0",111," "," ","0",150," "," ","0",150," "," ","0",117," "," ","0",178," "," ","0",150," "," ","0",139," "," ","0",128," "," ","0",167," "," ","0",156," "," ","0",111," "," ","0",122," "," ","0",100," "," ","0",117," "," ","0",178," "," ","0",189," "," ","0",156," "," ","0",189," "," ","0",178," "," ","0",139," "," ","0",139," "," ","0",139," "," ","0"
"210","USC00392565",1992,7,"PRCP",0,"P"," ","0",142," "," ","0",69," "," ","0",0,"P"," ","0",81," "," ","0",0,"P"," ","0",124," "," ","0",0,"P"," ","0",0,"P"," ","0",0,"P"," ","0",0,"P"," ","0",23," "," ","0",196," "," ","0",0,"P"," ","0",0,"P"," ","0",0,"P"," ","0",0,"P"," ","0",0,"P"," ","0",0,"P"," ","0",20," "," ","0",102," "," ","0",107," "," ","0",0,"P"," ","0",0,"P"," ","0",18," "," ","0",0,"P"," ","0",0,"P"," ","0",15," "," ","0",71," "," ","0",41," "," ","0",0,"P"," ","0"
"211","USC00392565",1992,7,"SNOW",0,"P"," ","0",0,"P"," ","0",0,"P"," ","0",0,"P"," ","0",0,"P"," ","0",0,"P"," ","0",0,"P"," ","0",0,"P"," ","0",0,"P"," ","0",0,"P"," ","0",0,"P"," ","0",0,"P"," ","0",0,"P"," ","0",0,"P"," ","0",0,"P"," ","0",0,"P"," ","0",0,"P"," ","0",0,"P"," ","0",0,"P"," ","0",0,"P"," ","0",0,"P"," ","0",0,"P"," ","0",0,"P"," ","0",0,"P"," ","0",0,"P"," ","0",0,"P"," ","0",0,"P"," ","0",0,"P"," ","0",0,"P"," ","0",0,"P"," ","0",0,"P"," ","0"
"212","USC00392565",1992,7,"SNWD",0," "," ","0",0,"P"," ","0",0,"P"," ","0",0,"P"," ","0",0,"P"," ","0",0,"P"," ","0",0,"P"," ","0",0,"P"," ","0",0,"P"," ","0",0,"P"," ","0",0,"P"," ","0",0,"P"," ","0",0,"P"," ","0",0,"P"," ","0",0,"P"," ","0",0,"P"," ","0",0,"P"," ","0",0,"P"," ","0",0,"P"," ","0",0,"P"," ","0",0,"P"," ","0",0,"P"," ","0",0,"P"," ","0",0,"P"," ","0",0,"P"," ","0",0,"P"," ","0",0,"P"," ","0",0,"P"," ","0",0,"P"," ","0",0,"P"," ","0",0,"P"," ","0"
"213","USC00392565",1992,8,"TMAX",294," "," ","0",306," "," ","0",256," "," ","0",217," "," ","0",239," "," ","0",283," "," ","0",306," "," ","0",344," "," ","0",350," "," ","0",311," "," ","0",256," "," ","0",283," "," ","0",256," "," ","0",278," "," ","0",283," "," ","0",333," "," ","0",239," "," ","0",289," "," ","0",294," "," ","0",306," "," ","0",328," "," ","0",250," "," ","0",306," "," ","0",167," "," ","0",83," "," ","0",106," "," ","0",172," "," ","0",239," "," ","0",289," "," ","0",189," "," ","0",217," "," ","0"
"214","USC00392565",1992,8,"TMIN",133," "," ","0",106," "," ","0",117," "," ","0",128," "," ","0",78," "," ","0",139," "," ","0",122," "," ","0",144," "," ","0",133," "," ","0",161," "," ","0",117," "," ","0",78," "," ","0",83," "," ","0",94," "," ","0",100," "," ","0",144," "," ","0",122," "," ","0",128," "," ","0",133," "," ","0",133," "," ","0",128," "," ","0",144," "," ","0",67," "," ","0",61," "," ","0",56," "," ","0",56," "," ","0",22," "," ","0",78," "," ","0",111," "," ","0",28," "," ","0",61," "," ","0"
"215","USC00392565",1992,8,"TOBS",189," "," ","0",150," "," ","0",172," "," ","0",156," "," ","0",139," "," ","0",178," "," ","0",156," "," ","0",200," "," ","0",183," "," ","0",178," "," ","0",156," "," ","0",128," "," ","0",139," "," ","0",111," "," ","0",144," "," ","0",211," "," ","0",156," "," ","0",161," "," ","0",178," "," ","0",183," "," ","0",172," "," ","0",156," "," ","0",89," "," ","0",61," "," ","0",61," "," ","0",61," "," ","0",78," "," ","0",128," "," ","0",111," "," ","0",61," "," ","0",111," "," ","0"
"216","USC00392565",1992,8,"PRCP",0,"P"," ","0",0,"P"," ","0",0,"P"," ","0",3," "," ","0",0,"P"," ","0",0,"P"," ","0",0,"P"," ","0",0,"P"," ","0",0,"P"," ","0",0,"P"," ","0",0,"P"," ","0",0,"P"," ","0",0,"P"," ","0",0,"P"," ","0",0,"P"," ","0",0,"P"," ","0",79," "," ","0",10," "," ","0",0,"P"," ","0",0,"P"," ","0",0,"P"," ","0",0,"P"," ","0",119," "," ","0",23," "," ","0",36," "," ","0",132," "," ","0",20," "," ","0",0,"P"," ","0",0,"P"," ","0",0,"P"," ","0",0,"P"," ","0"
"217","USC00392565",1992,8,"SNOW",0,"P"," ","0",0,"P"," ","0",0,"P"," ","0",0,"P"," ","0",0,"P"," ","0",0,"P"," ","0",0,"P"," ","0",0,"P"," ","0",0,"P"," ","0",0,"P"," ","0",0,"P"," ","0",0,"P"," ","0",0,"P"," ","0",0,"P"," ","0",0,"P"," ","0",0,"P"," ","0",0,"P"," ","0",0,"P"," ","0",0,"P"," ","0",0,"P"," ","0",0,"P"," ","0",0,"P"," ","0",0,"P"," ","0",0,"P"," ","0",0,"P"," ","0",0,"P"," ","0",0,"P"," ","0",0,"P"," ","0",0,"P"," ","0",0,"P"," ","0",0,"P"," ","0"
"218","USC00392565",1992,8,"SNWD",0," "," ","0",0,"P"," ","0",0,"P"," ","0",0,"P"," ","0",0,"P"," ","0",0,"P"," ","0",0,"P"," ","0",0,"P"," ","0",0,"P"," ","0",0,"P"," ","0",0,"P"," ","0",0,"P"," ","0",0,"P"," ","0",0,"P"," ","0",0,"P"," ","0",0,"P"," ","0",0,"P"," ","0",0,"P"," ","0",0,"P"," ","0",0,"P"," ","0",0,"P"," ","0",0,"P"," ","0",0,"P"," ","0",0,"P"," ","0",0,"P"," ","0",0,"P"," ","0",0,"P"," ","0",0,"P"," ","0",0,"P"," ","0",0,"P"," ","0",0,"P"," ","0"
"219","USC00392565",1992,9,"TMAX",233," "," ","0",228," "," ","0",239," "," ","0",283," "," ","0",289," "," ","0",228," "," ","0",211," "," ","0",133," "," ","0",217," "," ","0",167," "," ","0",233," "," ","0",283," "," ","0",278," "," ","0",222," "," ","0",217," "," ","0",317," "," ","0",250," "," ","0",261," "," ","0",167," "," ","0",272," "," ","0",272," "," ","0",217," "," ","0",283," "," ","0",322," "," ","0",311," "," ","0",178," "," ","0",161," "," ","0",178," "," ","0",211," "," ","0",278," "," ","0",NA," "," "," "
"220","USC00392565",1992,9,"TMIN",111," "," ","0",67," "," ","0",100," "," ","0",122," "," ","0",89," "," ","0",50," "," ","0",56," "," ","0",39," "," ","0",83," "," ","0",6," "," ","0",28," "," ","0",122," "," ","0",50," "," ","0",28," "," ","0",44," "," ","0",56," "," ","0",56," "," ","0",-28," "," ","0",11," "," ","0",78," "," ","0",100," "," ","0",67," "," ","0",67," "," ","0",106," "," ","0",72," "," ","0",22," "," ","0",28," "," ","0",-17," "," ","0",6," "," ","0",83," "," ","0",NA," "," "," "
"221","USC00392565",1992,9,"TOBS",150," "," ","0",100," "," ","0",122," "," ","0",150," "," ","0",100," "," ","0",83," "," ","0",61," "," ","0",89," "," ","0",83," "," ","0",28," "," ","0",122," "," ","0",133," "," ","0",67," "," ","0",44," "," ","0",156," "," ","0",72," "," ","0",83," "," ","0",11," "," ","0",78," "," ","0",106," "," ","0",128," "," ","0",94," "," ","0",106," "," ","0",167," "," ","0",72," "," ","0",39," "," ","0",33," "," ","0",6," "," ","0",89," "," ","0",111," "," ","0",NA," "," "," "
"222","USC00392565",1992,9,"PRCP",0,"P"," ","0",0,"P"," ","0",0,"P"," ","0",0,"P"," ","0",20," "," ","0",0,"P"," ","0",58," "," ","0",0,"P"," ","0",0,"P"," ","0",0,"P"," ","0",0,"P"," ","0",0,"P"," ","0",0,"P"," ","0",0,"P"," ","0",0,"P"," ","0",0,"P"," ","0",0,"P"," ","0",0,"P"," ","0",0,"P"," ","0",0,"P"," ","0",0,"P"," ","0",0,"P"," ","0",0,"P"," ","0",0,"P"," ","0",5," "," ","0",0,"P"," ","0",0,"P"," ","0",0,"P"," ","0",0,"P"," ","0",0,"P"," ","0",NA," "," "," "
"223","USC00392565",1992,9,"SNOW",0,"P"," ","0",0,"P"," ","0",0,"P"," ","0",0,"P"," ","0",0,"P"," ","0",0,"P"," ","0",0,"P"," ","0",0,"P"," ","0",0,"P"," ","0",0,"P"," ","0",0,"P"," ","0",0,"P"," ","0",0,"P"," ","0",0,"P"," ","0",0,"P"," ","0",0,"P"," ","0",0,"P"," ","0",0,"P"," ","0",0,"P"," ","0",0,"P"," ","0",0,"P"," ","0",0,"P"," ","0",0,"P"," ","0",0,"P"," ","0",0,"P"," ","0",0,"P"," ","0",0,"P"," ","0",0,"P"," ","0",0,"P"," ","0",0,"P"," ","0",NA," "," "," "
"224","USC00392565",1992,9,"SNWD",0," "," ","0",0,"P"," ","0",0,"P"," ","0",0,"P"," ","0",0,"P"," ","0",0,"P"," ","0",0,"P"," ","0",0,"P"," ","0",0,"P"," ","0",0,"P"," ","0",0,"P"," ","0",0,"P"," ","0",0,"P"," ","0",0,"P"," ","0",0,"P"," ","0",0,"P"," ","0",0,"P"," ","0",0,"P"," ","0",0,"P"," ","0",0,"P"," ","0",0,"P"," ","0",0,"P"," ","0",0,"P"," ","0",0,"P"," ","0",0,"P"," ","0",0,"P"," ","0",0,"P"," ","0",0,"P"," ","0",0,"P"," ","0",0,"P"," ","0",NA," "," "," "
"225","USC00392565",1992,10,"TMAX",294," "," ","0",306," "," ","0",306," "," ","0",283," "," ","0",222," "," ","0",189," "," ","0",44," "," ","0",56," "," ","0",128," "," ","0",122," "," ","0",156," "," ","0",211," "," ","0",194," "," ","0",228," "," ","0",17," "," ","0",61," "," ","0",94," "," ","0",72," "," ","0",133," "," ","0",183," "," ","0",228," "," ","0",272," "," ","0",228," "," ","0",NA," "," "," ",244," "," ","0",211," "," ","0",189," "," ","0",183," "," ","0",44," "," ","0",28," "," ","0",150," "," ","0"
"226","USC00392565",1992,10,"TMIN",106," "," ","0",117," "," ","0",133," "," ","0",83," "," ","0",56," "," ","0",28," "," ","0",0," "," ","0",-67," "," ","0",-56," "," ","0",-22," "," ","0",17," "," ","0",0," "," ","0",6," "," ","0",-11," "," ","0",-17," "," ","0",-117," "," ","0",-78," "," ","0",-44," "," ","0",-17," "," ","0",-6," "," ","0",28," "," ","0",50," "," ","0",44," "," ","0",NA," "," "," ",22," "," ","0",-17," "," ","0",22," "," ","0",6," "," ","0",6," "," ","0",0," "," ","0",22," "," ","0"
"227","USC00392565",1992,10,"TOBS",122," "," ","0",133," "," ","0",167," "," ","0",94," "," ","0",67," "," ","0",44," "," ","0",0," "," ","0",-56," "," ","0",67," "," ","0",33," "," ","0",22," "," ","0",6," "," ","0",56," "," ","0",-11," "," ","0",-6," "," ","0",-78," "," ","0",-17," "," ","0",-17," "," ","0",-6," "," ","0",28," "," ","0",50," "," ","0",72," "," ","0",50," "," ","0",NA," "," "," ",172," "," ","0",39," "," ","0",56," "," ","0",28," "," ","0",6," "," ","0",22," "," ","0",61," "," ","0"
"228","USC00392565",1992,10,"PRCP",0,"P"," ","0",0,"P"," ","0",0,"P"," ","0",0,"P"," ","0",0,"P"," ","0",0,"P"," ","0",30," "," ","0",0,"P"," ","0",0,"P"," ","0",0,"P"," ","0",0,"P"," ","0",0,"P"," ","0",0,"P"," ","0",0,"P"," ","0",0,"P"," ","0",0,"P"," ","0",0,"P"," ","0",0,"P"," ","0",0,"P"," ","0",0,"P"," ","0",0,"P"," ","0",0,"P"," ","0",0,"P"," ","0",0," "," ","0",0,"P"," ","0",0,"P"," ","0",0,"P"," ","0",0,"P"," ","0",0,"T"," ","0",13," "," ","0",30," "," ","0"
"229","USC00392565",1992,10,"SNOW",0,"P"," ","0",0,"P"," ","0",0,"P"," ","0",0,"P"," ","0",0,"P"," ","0",0,"P"," ","0",0,"P"," ","0",0,"P"," ","0",0,"P"," ","0",0,"P"," ","0",0,"P"," ","0",0,"P"," ","0",0,"P"," ","0",0,"P"," ","0",0,"P"," ","0",0,"P"," ","0",0,"P"," ","0",0,"P"," ","0",0,"P"," ","0",0,"P"," ","0",0,"P"," ","0",0,"P"," ","0",0,"P"," ","0",0,"P"," ","0",0,"P"," ","0",0,"P"," ","0",0,"P"," ","0",0,"P"," ","0",0,"P"," ","0",0,"P"," ","0",0,"P"," ","0"
"230","USC00392565",1992,10,"SNWD",0," "," ","0",0,"P"," ","0",0,"P"," ","0",0,"P"," ","0",0,"P"," ","0",0,"P"," ","0",0,"P"," ","0",0,"P"," ","0",0,"P"," ","0",0,"P"," ","0",0,"P"," ","0",0,"P"," ","0",0,"P"," ","0",0,"P"," ","0",0,"P"," ","0",0,"P"," ","0",0,"P"," ","0",0,"P"," ","0",0,"P"," ","0",0,"P"," ","0",0,"P"," ","0",0,"P"," ","0",0,"P"," ","0",0,"P"," ","0",0,"P"," ","0",0,"P"," ","0",0,"P"," ","0",0,"P"," ","0",0,"P"," ","0",0,"P"," ","0",0,"P"," ","0"
"231","USC00392565",1992,11,"TMAX",72," "," ","0",106," "," ","0",56," "," ","0",6," "," ","0",-17," "," ","0",0," "," ","0",28," "," ","0",94," "," ","0",61," "," ","0",61," "," ","0",33," "," ","0",72," "," ","0",28," "," ","0",56," "," ","0",106," "," ","0",144," "," ","0",144," "," ","0",100," "," ","0",61," "," ","0",61," "," ","0",-6," "," ","0",28," "," ","0",61," "," ","0",-28," "," ","0",-50," "," ","0",-22," "," ","0",28," "," ","0",61," "," ","0",61," "," ","0",-28," "," ","0",NA," "," "," "
"232","USC00392565",1992,11,"TMIN",-33," "," ","0",-22," "," ","0",-33," "," ","0",-44," "," ","0",-122," "," ","0",-100," "," ","0",-72," "," ","0",-33," "," ","0",-33," "," ","0",-61," "," ","0",-111," "," ","0",-89," "," ","0",-67," "," ","0",-56," "," ","0",-22," "," ","0",-11," "," ","0",-33," "," ","0",-28," "," ","0",-22," "," ","0",-44," "," ","0",-94," "," ","0",-89," "," ","0",-61," "," ","0",-89," "," ","0",-161," "," ","0",-178," "," ","0",-144," "," ","0",-128," "," ","0",-117," "," ","0",-156," "," ","0",NA," "," "," "
"233","USC00392565",1992,11,"TOBS",6," "," ","0",17," "," ","0",-28," "," ","0",-39," "," ","0",-100," "," ","0",-22," "," ","0",-33," "," ","0",39," "," ","0",-22," "," ","0",-33," "," ","0",-89," "," ","0",-44," "," ","0",-50," "," ","0",17," "," ","0",0," "," ","0",11," "," ","0",-6," "," ","0",-6," "," ","0",-17," "," ","0",-44," "," ","0",-39," "," ","0",-61," "," ","0",-39," "," ","0",-83," "," ","0",-144," "," ","0",-139," "," ","0",-122," "," ","0",-111," "," ","0",-61," "," ","0",-117," "," ","0",NA," "," "," "
"234","USC00392565",1992,11,"PRCP",43," "," ","0",0,"P"," ","0",0,"T"," ","0",8," "," ","0",0,"P"," ","0",3," "," ","0",0,"P"," ","0",3," "," ","0",8," "," ","0",10," "," ","0",0,"P"," ","0",0,"P"," ","0",0,"P"," ","0",5," "," ","0",0,"P"," ","0",0,"P"," ","0",0,"P"," ","0",0,"P"," ","0",0,"P"," ","0",0,"P"," ","0",0,"P"," ","0",0,"P"," ","0",10," "," ","0",15," "," ","0",23," "," ","0",0,"P"," ","0",0,"P"," ","0",0," "," ","0",0,"P"," ","0",0,"P"," ","0",NA," "," "," "
"235","USC00392565",1992,11,"SNOW",0,"P"," ","0",0,"P"," ","0",0,"P"," ","0",13," "," ","0",0,"P"," ","0",0,"T"," ","0",0,"P"," ","0",0,"P"," ","0",0,"P"," ","0",0,"T"," ","0",0,"P"," ","0",0,"P"," ","0",0,"P"," ","0",0,"T"," ","0",0,"P"," ","0",0,"P"," ","0",0,"P"," ","0",0,"P"," ","0",0,"P"," ","0",0,"P"," ","0",0,"P"," ","0",0,"P"," ","0",13," "," ","0",20," "," ","0",58," "," ","0",0,"P"," ","0",0,"P"," ","0",0,"P"," ","0",0,"P"," ","0",0,"P"," ","0",NA," "," "," "
"236","USC00392565",1992,11,"SNWD",0," "," ","0",0,"P"," ","0",0,"P"," ","0",25," "," ","0",0,"T"," ","0",0,"T"," ","0",0," "," ","0",0,"P"," ","0",0,"P"," ","0",0," "," ","0",0,"P"," ","0",0,"P"," ","0",0,"P"," ","0",0," "," ","0",0,"P"," ","0",0,"P"," ","0",0,"P"," ","0",0,"P"," ","0",0,"P"," ","0",0,"P"," ","0",0,"P"," ","0",0,"P"," ","0",25," "," ","0",25," "," ","0",102," "," ","0",76," "," ","0",51," "," ","0",NA," "," "," ",0,"T"," ","0",0,"T"," ","0",NA," "," "," "
"237","USC00392565",1992,12,"TMAX",33," "," ","0",6," "," ","0",-33," "," ","0",-44," "," ","0",-72," "," ","0",11," "," ","0",-22," "," ","0",28," "," ","0",50," "," ","0",44," "," ","0",56," "," ","0",94," "," ","0",-11," "," ","0",-61," "," ","0",-28," "," ","0",11," "," ","0",-44," "," ","0",-17," "," ","0",-83," "," ","0",-72," "," ","0",-17," "," ","0",17," "," ","0",-6," "," ","0",0," "," ","0",50," "," ","0",-17," "," ","0",44," "," ","0",44," "," ","0",-94," "," ","0",-11," "," ","0",-200," "," ","0"
"238","USC00392565",1992,12,"TMIN",-117," "," ","0",-156," "," ","0",-111," "," ","0",-233," "," ","0",-222," "," ","0",-161," "," ","0",-139," "," ","0",-139," "," ","0",-89," "," ","0",-67," "," ","0",-67," "," ","0",-33," "," ","0",-83," "," ","0",-222," "," ","0",-233," "," ","0",-144," "," ","0",-217," "," ","0",-150," "," ","0",-244," "," ","0",-228," "," ","0",-133," "," ","0",-161," "," ","0",-156," "," ","0",-167," "," ","0",-183," "," ","0",-183," "," ","0",-94," "," ","0",-156," "," ","0",-178," "," ","0",-211," "," ","0",-261," "," ","0"
"239","USC00392565",1992,12,"TOBS",-22," "," ","0",-111," "," ","0",-83," "," ","0",-144," "," ","0",-161," "," ","0",-72," "," ","0",-133," "," ","0",6," "," ","0",17," "," ","0",-56," "," ","0",50," "," ","0",-17," "," ","0",-83," "," ","0",-217," "," ","0",-33," "," ","0",-133," "," ","0",-133," "," ","0",-83," "," ","0",-228," "," ","0",-133," "," ","0",-61," "," ","0",-156," "," ","0",-139," "," ","0",-6," "," ","0",-183," "," ","0",-17," "," ","0",-33," "," ","0",-128," "," ","0",-178," "," ","0",-206," "," ","0",-250," "," ","0"
"240","USC00392565",1992,12,"PRCP",0,"P"," ","0",0,"P"," ","0",51," "," ","0",0,"P"," ","0",0,"P"," ","0",0,"P"," ","0",0,"P"," ","0",0,"P"," ","0",0,"P"," ","0",0,"T"," ","0",0,"P"," ","0",0,"P"," ","0",239," "," ","0",0,"P"," ","0",0,"P"," ","0",13," "," ","0",0,"T"," ","0",0,"P"," ","0",18," "," ","0",0,"P"," ","0",0,"P"," ","0",0,"P"," ","0",0,"P"," ","0",0,"P"," ","0",0,"P"," ","0",0,"P"," ","0",0,"P"," ","0",0,"P"," ","0",13," "," ","0",0,"P"," ","0",10," "," ","0"
"241","USC00392565",1992,12,"SNOW",0,"P"," ","0",0,"P"," ","0",64," "," ","0",0,"P"," ","0",0,"P"," ","0",0,"P"," ","0",0,"P"," ","0",0,"P"," ","0",0,"P"," ","0",0,"P"," ","0",0,"P"," ","0",0,"P"," ","0",330," "," ","0",0,"P"," ","0",0,"P"," ","0",13," "," ","0",0,"T"," ","0",0,"P"," ","0",38," "," ","0",0,"P"," ","0",0,"P"," ","0",0,"P"," ","0",0,"P"," ","0",0,"P"," ","0",0,"P"," ","0",0,"P"," ","0",0,"P"," ","0",0,"P"," ","0",13," "," ","0",0,"P"," ","0",25," "," ","0"
"242","USC00392565",1992,12,"SNWD",0,"T"," ","0",0,"T"," ","0",76," "," ","0",76," "," ","0",76," "," ","0",51," "," ","0",51," "," ","0",51," "," ","0",51," "," ","0",25," "," ","0",0,"T"," ","0",0,"T"," ","0",NA," "," "," ",305," "," ","0",254," "," ","0",229," "," ","0",203," "," ","0",203," "," ","0",229," "," ","0",NA," "," "," ",NA," "," "," ",178," "," ","0",NA," "," "," ",NA," "," "," ",127," "," ","0",NA," "," "," ",NA," "," "," ",NA," "," "," ",127," "," ","0",NA," "," "," ",152," "," ","0"
"243","USC00392565",1993,1,"TMAX",-67," "," ","0",50," "," ","0",83," "," ","0",-72," "," ","0",-22," "," ","0",-117," "," ","0",-39," "," ","0",-72," "," ","0",-72," "," ","0",-128," "," ","0",-94," "," ","0",-106," "," ","0",-144," "," ","0",-122," "," ","0",-44," "," ","0",28," "," ","0",17," "," ","0",-11," "," ","0",-6," "," ","0",-22," "," ","0",56," "," ","0",33," "," ","0",67," "," ","0",-33," "," ","0",-44," "," ","0",61," "," ","0",67," "," ","0",78," "," ","0",0," "," ","0",6," "," ","0",78," "," ","0"
"244","USC00392565",1993,1,"TMIN",-250," "," ","0",-117," "," ","0",-106," "," ","0",-228," "," ","0",-244," "," ","0",-239," "," ","0",-217," "," ","0",-206," "," ","0",-139," "," ","0",-156," "," ","0",-217," "," ","0",-206," "," ","0",-278," "," ","0",-222," "," ","0",-211," "," ","0",-144," "," ","0",-167," "," ","0",-150," "," ","0",-128," "," ","0",-117," "," ","0",-117," "," ","0",-117," "," ","0",-122," "," ","0",-200," "," ","0",-150," "," ","0",-67," "," ","0",-89," "," ","0",-83," "," ","0",-128," "," ","0",-122," "," ","0",-111," "," ","0"
"245","USC00392565",1993,1,"TOBS",-111," "," ","0",-33," "," ","0",-100," "," ","0",-183," "," ","0",-239," "," ","0",-194," "," ","0",-206," "," ","0",-78," "," ","0",-139," "," ","0",-133," "," ","0",-206," "," ","0",-194," "," ","0",-183," "," ","0",-211," "," ","0",-94," "," ","0",-106," "," ","0",-72," "," ","0",-122," "," ","0",-89," "," ","0",-111," "," ","0",17," "," ","0",-17," "," ","0",-78," "," ","0",-117," "," ","0",-67," "," ","0",-44," "," ","0",-78," "," ","0",-56," "," ","0",-72," "," ","0",-111," "," ","0",-78," "," ","0"
"246","USC00392565",1993,1,"PRCP",0,"P"," ","0",0,"P"," ","0",33," "," ","0",0,"P"," ","0",0,"P"," ","0",0,"P"," ","0",0,"P"," ","0",0,"T"," ","0",56," "," ","0",25," "," ","0",0,"P"," ","0",30," "," ","0",0,"P"," ","0",0,"P"," ","0",0,"P"," ","0",0,"P"," ","0",0,"P"," ","0",0,"P"," ","0",0,"P"," ","0",0,"T"," ","0",0,"P"," ","0",0,"P"," ","0",0,"P"," ","0",0,"P"," ","0",0,"P"," ","0",0,"P"," ","0",0,"P"," ","0",0,"P"," ","0",0,"P"," ","0",0,"P"," ","0",0,"P"," ","0"
"247","USC00392565",1993,1,"SNOW",0,"P"," ","0",0,"P"," ","0",51," "," ","0",0,"P"," ","0",0,"P"," ","0",0,"P"," ","0",0,"P"," ","0",0,"T"," ","0",NA," "," "," ",51," "," ","0",0,"P"," ","0",76," "," ","0",0," "," ","0",0," "," ","0",0," "," ","0",0,"P"," ","0",0,"P"," ","0",0,"P"," ","0",0," "," ","0",0,"T"," ","0",0,"P"," ","0",0,"P"," ","0",0,"P"," ","0",0,"P"," ","0",0,"P"," ","0",0,"P"," ","0",0,"P"," ","0",0,"P"," ","0",0,"P"," ","0",0,"P"," ","0",0,"P"," ","0"
"248","USC00392565",1993,1,"SNWD",152," "," ","0",NA," "," "," ",178," "," ","0",NA," "," "," ",NA," "," "," ",NA," "," "," ",152," "," ","0",NA," "," "," ",229," "," ","0",279," "," ","0",NA," "," "," ",356," "," ","0",356," "," ","0",356," "," ","0",356," "," ","0",NA," "," "," ",NA," "," "," ",NA," "," "," ",279," "," ","0",NA," "," "," ",254," "," ","0",229," "," ","0",NA," "," "," ",NA," "," "," ",NA," "," "," ",203," "," ","0",NA," "," "," ",178," "," ","0",NA," "," "," ",NA," "," "," ",152," "," ","0"
"249","USC00392565",1993,2,"TMAX",83," "," ","0",83," "," ","0",6," "," ","0",22," "," ","0",44," "," ","0",61," "," ","0",NA," "," "," ",72," "," ","0",61," "," ","0",67," "," ","0",-61," "," ","0",-67," "," ","0",11," "," ","0",-6," "," ","0",6," "," ","0",-161," "," ","0",-172," "," ","0",-133," "," ","0",22," "," ","0",NA," "," "," ",-22," "," ","0",-89," "," ","0",-83," "," ","0",-39," "," ","0",-106," "," ","0",-94," "," ","0",-39," "," ","0",28," "," ","0",NA," "," "," ",NA," "," "," ",NA," "," "," "
"250","USC00392565",1993,2,"TMIN",-89," "," ","0",-50," "," ","0",-33," "," ","0",-83," "," ","0",-122," "," ","0",-117," "," ","0",NA," "," "," ",-94," "," ","0",-61," "," ","0",-67," "," ","0",-161," "," ","0",-161," "," ","0",-94," "," ","0",-144," "," ","0",-228," "," ","0",-300," "," ","0",-328," "," ","0",-278," "," ","0",-144," "," ","0",NA," "," "," ",-144," "," ","0",-244," "," ","0",-211," "," ","0",-200," "," ","0",-150," "," ","0",-222," "," ","0",-183," "," ","0",-161," "," ","0",NA," "," "," ",NA," "," "," ",NA," "," "," "
"251","USC00392565",1993,2,"TOBS",-17," "," ","0",-28," "," ","0",-28," "," ","0",-78," "," ","0",-111," "," ","0",6," "," ","0",NA," "," "," ",-61," "," ","0",-33," "," ","0",-67," "," ","0",-156," "," ","0",-94," "," ","0",-67," "," ","0",-89," "," ","0",-217," "," ","0",-272," "," ","0",-261," "," ","0",-133," "," ","0",-94," "," ","0",NA," "," "," ",-133," "," ","0",-211," "," ","0",-200," "," ","0",-117," "," ","0",-117," "," ","0",-133," "," ","0",-117," "," ","0",-111," "," ","0",NA," "," "," ",NA," "," "," ",NA," "," "," "
"252","USC00392565",1993,2,"PRCP",0,"P"," ","0",64," "," ","0",25," "," ","0",0,"P"," ","0",0,"P"," ","0",0,"P"," ","0",0," "," ","0",0,"P"," ","0",0,"P"," ","0",91," "," ","0",79," "," ","0",0,"P"," ","0",0,"P"," ","0",0,"P"," ","0",25," "," ","0",10," "," ","0",0,"P"," ","0",0,"P"," ","0",0,"P"," ","0",NA," "," "," ",NA," "," "," ",0,"P"," ","0",0,"P"," ","0",10," "," ","0",10," "," ","0",0,"P"," ","0",0,"P"," ","0",0,"P"," ","0",NA," "," "," ",NA," "," "," ",NA," "," "," "
"253","USC00392565",1993,2,"SNOW",0,"P"," ","0",127," "," ","0",38," "," ","0",0,"P"," ","0",0,"P"," ","0",0,"P"," ","0",0,"P"," ","0",0,"P"," ","0",0,"P"," ","0",102," "," ","0",76," "," ","0",0,"P"," ","0",0,"P"," ","0",0,"P"," ","0",51," "," ","0",0,"T"," ","0",0,"P"," ","0",0,"P"," ","0",0,"P"," ","0",NA," "," "," ",NA," "," "," ",0,"P"," ","0",0,"P"," ","0",38," "," ","0",38," "," ","0",0,"P"," ","0",0,"P"," ","0",0,"P"," ","0",NA," "," "," ",NA," "," "," ",NA," "," "," "
"254","USC00392565",1993,2,"SNWD",152," "," ","0",279," "," ","0",305," "," ","0",NA," "," "," ",254," "," ","0",NA," "," "," ",NA," "," "," ",NA," "," "," ",178," "," ","0",254," "," ","0",330," "," ","0",NA," "," "," ",NA," "," "," ",NA," "," "," ",356," "," ","0",NA," "," "," ",NA," "," "," ",NA," "," "," ",NA," "," "," ",NA," "," "," ",305," "," ","0",NA," "," "," ",NA," "," "," ",NA," "," "," ",356," "," ","0",NA," "," "," ",NA," "," "," ",330," "," ","0",NA," "," "," ",NA," "," "," ",NA," "," "," "
"255","USC00392565",1993,2,"DAPR",NA," "," "," ",NA," "," "," ",NA," "," "," ",NA," "," "," ",NA," "," "," ",NA," "," "," ",NA," "," "," ",NA," "," "," ",NA," "," "," ",NA," "," "," ",NA," "," "," ",NA," "," "," ",NA," "," "," ",NA," "," "," ",NA," "," "," ",NA," "," "," ",NA," "," "," ",NA," "," "," ",NA," "," "," ",NA," "," "," ",2," "," ","0",NA," "," "," ",NA," "," "," ",NA," "," "," ",NA," "," "," ",NA," "," "," ",NA," "," "," ",NA," "," "," ",NA," "," "," ",NA," "," "," ",NA," "," "," "
"256","USC00392565",1993,2,"DASF",NA," "," "," ",NA," "," "," ",NA," "," "," ",NA," "," "," ",NA," "," "," ",NA," "," "," ",NA," "," "," ",NA," "," "," ",NA," "," "," ",NA," "," "," ",NA," "," "," ",NA," "," "," ",NA," "," "," ",NA," "," "," ",NA," "," "," ",NA," "," "," ",NA," "," "," ",NA," "," "," ",NA," "," "," ",NA," "," "," ",2," "," ","0",NA," "," "," ",NA," "," "," ",NA," "," "," ",NA," "," "," ",NA," "," "," ",NA," "," "," ",NA," "," "," ",NA," "," "," ",NA," "," "," ",NA," "," "," "
"257","USC00392565",1993,2,"MDPR",NA," "," "," ",NA," "," "," ",NA," "," "," ",NA," "," "," ",NA," "," "," ",NA," "," "," ",NA," "," "," ",NA," "," "," ",NA," "," "," ",NA," "," "," ",NA," "," "," ",NA," "," "," ",NA," "," "," ",NA," "," "," ",NA," "," "," ",NA," "," "," ",NA," "," "," ",NA," "," "," ",NA," "," "," ",NA," "," "," ",13," "," ","0",NA," "," "," ",NA," "," "," ",NA," "," "," ",NA," "," "," ",NA," "," "," ",NA," "," "," ",NA," "," "," ",NA," "," "," ",NA," "," "," ",NA," "," "," "
"258","USC00392565",1993,2,"MDSF",NA," "," "," ",NA," "," "," ",NA," "," "," ",NA," "," "," ",NA," "," "," ",NA," "," "," ",NA," "," "," ",NA," "," "," ",NA," "," "," ",NA," "," "," ",NA," "," "," ",NA," "," "," ",NA," "," "," ",NA," "," "," ",NA," "," "," ",NA," "," "," ",NA," "," "," ",NA," "," "," ",NA," "," "," ",NA," "," "," ",25," "," ","0",NA," "," "," ",NA," "," "," ",NA," "," "," ",NA," "," "," ",NA," "," "," ",NA," "," "," ",NA," "," "," ",NA," "," "," ",NA," "," "," ",NA," "," "," "
"259","USC00392565",1993,3,"TMAX",44," "," ","0",44," "," ","0",67," "," ","0",17," "," ","0",33," "," ","0",72," "," ","0",67," "," ","0",89," "," ","0",83," "," ","0",39," "," ","0",6," "," ","0",-17," "," ","0",-67," "," ","0",-17," "," ","0",78," "," ","0",106," "," ","0",-56," "," ","0",-33," "," ","0",106," "," ","0",72," "," ","0",100," "," ","0",78," "," ","0",122," "," ","0",194," "," ","0",217," "," ","0",217," "," ","0",222," "," ","0",194," "," ","0",106," "," ","0",72," "," ","0",78," "," ","0"
"260","USC00392565",1993,3,"TMIN",-122," "," ","0",-89," "," ","0",-33," "," ","0",-111," "," ","0",-89," "," ","0",-44," "," ","0",-44," "," ","0",-56," "," ","0",-28," "," ","0",-94," "," ","0",-83," "," ","0",-133," "," ","0",-183," "," ","0",-139," "," ","0",-67," "," ","0",-61," "," ","0",-128," "," ","0",-94," "," ","0",-33," "," ","0",-17," "," ","0",6," "," ","0",-28," "," ","0",-22," "," ","0",-17," "," ","0",17," "," ","0",67," "," ","0",72," "," ","0",17," "," ","0",28," "," ","0",11," "," ","0",-17," "," ","0"
"261","USC00392565",1993,3,"TOBS",-44," "," ","0",-33," "," ","0",-17," "," ","0",-56," "," ","0",-17," "," ","0",33," "," ","0",17," "," ","0",-6," "," ","0",39," "," ","0",-44," "," ","0",-67," "," ","0",-94," "," ","0",-128," "," ","0",-67," "," ","0",33," "," ","0",-61," "," ","0",-94," "," ","0",-33," "," ","0",44," "," ","0",11," "," ","0",11," "," ","0",-6," "," ","0",61," "," ","0",72," "," ","0",100," "," ","0",100," "," ","0",128," "," ","0",56," "," ","0",39," "," ","0",17," "," ","0",6," "," ","0"
"262","USC00392565",1993,3,"PRCP",0,"P"," ","0",0,"P"," ","0",0,"P"," ","0",0,"P"," ","0",0,"P"," ","0",0,"P"," ","0",0,"P"," ","0",0,"P"," ","0",0,"P"," ","0",0,"P"," ","0",NA," "," "," ",NA," "," "," ",0,"P"," ","0",0,"P"," ","0",0,"P"," ","0",0,"P"," ","0",0,"P"," ","0",0,"P"," ","0",0," "," ","0",43," "," ","0",0,"T"," ","0",0,"P"," ","0",0,"P"," ","0",0,"P"," ","0",0,"P"," ","0",0,"P"," ","0",0,"P"," ","0",0,"P"," ","0",3," "," ","0",43," "," ","0",0,"P"," ","0"
"263","USC00392565",1993,3,"SNWD",NA," "," "," ",279," "," ","0",NA," "," "," ",NA," "," "," ",229," "," ","0",NA," "," "," ",NA," "," "," ",152," "," ","0",NA," "," "," ",NA," "," "," ",NA," "," "," ",NA," "," "," ",102," "," ","0",NA," "," "," ",NA," "," "," ",NA," "," "," ",NA," "," "," ",51," "," ","0",NA," "," "," ",NA," "," "," ",0," "," ","0",0,"P"," ","0",0,"P"," ","0",0,"P"," ","0",0,"P"," ","0",0,"P"," ","0",0,"P"," ","0",0,"P"," ","0",0,"P"," ","0",0,"P"," ","0",0,"P"," ","0"
"264","USC00392565",1993,4,"TMAX",67," "," ","0",NA," "," "," ",128," "," ","0",100," "," ","0",128," "," ","0",172," "," ","0",50," "," ","0",78," "," ","0",144," "," ","0",183," "," ","0",133," "," ","0",117," "," ","0",100," "," ","0",50," "," ","0",33," "," ","0",94," "," ","0",139," "," ","0",161," "," ","0",167," "," ","0",56," "," ","0",67," "," ","0",172," "," ","0",200," "," ","0",NA," "," "," ",133," "," ","0",144," "," ","0",189," "," ","0",139," "," ","0",144," "," ","0",167," "," ","0",NA," "," "," "
"265","USC00392565",1993,4,"TMIN",-17," "," ","0",NA," "," "," ",-22," "," ","0",-33," "," ","0",-17," "," ","0",11," "," ","0",-6," "," ","0",-50," "," ","0",-22," "," ","0",11," "," ","0",-28," "," ","0",0," "," ","0",6," "," ","0",-22," "," ","0",-39," "," ","0",-17," "," ","0",-33," "," ","0",33," "," ","0",22," "," ","0",-22," "," ","0",-78," "," ","0",-33," "," ","0",56," "," ","0",NA," "," "," ",-17," "," ","0",6," "," ","0",61," "," ","0",33," "," ","0",0," "," ","0",33," "," ","0",NA," "," "," "
"266","USC00392565",1993,4,"TOBS",-6," "," ","0",NA," "," "," ",17," "," ","0",-17," "," ","0",11," "," ","0",50," "," ","0",0," "," ","0",-22," "," ","0",11," "," ","0",11," "," ","0",0," "," ","0",6," "," ","0",11," "," ","0",-11," "," ","0",-6," "," ","0",17," "," ","0",39," "," ","0",67," "," ","0",33," "," ","0",-6," "," ","0",-33," "," ","0",56," "," ","0",94," "," ","0",NA," "," "," ",44," "," ","0",61," "," ","0",67," "," ","0",72," "," ","0",61," "," ","0",33," "," ","0",NA," "," "," "
"267","USC00392565",1993,4,"PRCP",0,"P"," ","0",0," "," ","0",0,"P"," ","0",0,"P"," ","0",0,"P"," ","0",0,"P"," ","0",71," "," ","0",0,"T"," ","0",0,"P"," ","0",20," "," ","0",0,"P"," ","0",8," "," ","0",10," "," ","0",10," "," ","0",41," "," ","0",0,"P"," ","0",0,"P"," ","0",0,"P"," ","0",0,"P"," ","0",0,"P"," ","0",0,"P"," ","0",0,"P"," ","0",0,"P"," ","0",0," "," ","0",0,"P"," ","0",0,"P"," ","0",0,"P"," ","0",0,"T"," ","0",0,"P"," ","0",NA," "," "," ",NA," "," "," "
"268","USC00392565",1993,4,"SNOW",0,"P"," ","0",0,"P"," ","0",0,"P"," ","0",0,"P"," ","0",0,"P"," ","0",0,"P"," ","0",NA," "," "," ",0,"T"," ","0",0,"P"," ","0",NA," "," "," ",0,"P"," ","0",0,"T"," ","0",NA," "," "," ",NA," "," "," ",NA," "," "," ",0,"P"," ","0",0,"P"," ","0",0,"P"," ","0",0,"P"," ","0",0,"P"," ","0",0,"P"," ","0",0,"P"," ","0",0,"P"," ","0",0,"P"," ","0",0,"P"," ","0",0,"P"," ","0",0,"P"," ","0",0,"P"," ","0",0,"P"," ","0",0,"P"," ","0",NA," "," "," "
"269","USC00392565",1993,4,"SNWD",0," "," ","0",0,"P"," ","0",0,"P"," ","0",0,"P"," ","0",0,"P"," ","0",0,"P"," ","0",NA," "," "," ",NA," "," "," ",NA," "," "," ",NA," "," "," ",NA," "," "," ",NA," "," "," ",NA," "," "," ",NA," "," "," ",NA," "," "," ",NA," "," "," ",0," "," ","0",0,"P"," ","0",0,"P"," ","0",0,"P"," ","0",0,"P"," ","0",0,"P"," ","0",0,"P"," ","0",0,"P"," ","0",0,"P"," ","0",0,"P"," ","0",0,"P"," ","0",0,"P"," ","0",0,"P"," ","0",0,"P"," ","0",NA," "," "," "
"270","USC00392565",1993,5,"TMAX",50," "," ","0",111," "," ","0",172," "," ","0",211," "," ","0",244," "," ","0",161," "," ","0",167," "," ","0",189," "," ","0",83," "," ","0",139," "," ","0",189," "," ","0",200," "," ","0",228," "," ","0",267," "," ","0",244," "," ","0",172," "," ","0",211," "," ","0",183," "," ","0",183," "," ","0",161," "," ","0",194," "," ","0",244," "," ","0",189," "," ","0",144," "," ","0",150," "," ","0",206," "," ","0",283," "," ","0",239," "," ","0",206," "," ","0",256," "," ","0",NA," "," "," "
"271","USC00392565",1993,5,"TMIN",-39," "," ","0",-17," "," ","0",33," "," ","0",106," "," ","0",78," "," ","0",56," "," ","0",67," "," ","0",44," "," ","0",39," "," ","0",11," "," ","0",39," "," ","0",78," "," ","0",72," "," ","0",139," "," ","0",78," "," ","0",33," "," ","0",78," "," ","0",56," "," ","0",39," "," ","0",17," "," ","0",78," "," ","0",89," "," ","0",44," "," ","0",0," "," ","0",6," "," ","0",78," "," ","0",94," "," ","0",117," "," ","0",111," "," ","0",56," "," ","0",NA," "," "," "
"272","USC00392565",1993,5,"TOBS",-11," "," ","0",44," "," ","0",106," "," ","0",144," "," ","0",117," "," ","0",72," "," ","0",106," "," ","0",56," "," ","0",61," "," ","0",61," "," ","0",100," "," ","0",128," "," ","0",150," "," ","0",183," "," ","0",144," "," ","0",89," "," ","0",117," "," ","0",72," "," ","0",89," "," ","0",78," "," ","0",133," "," ","0",144," "," ","0",83," "," ","0",56," "," ","0",78," "," ","0",150," "," ","0",167," "," ","0",144," "," ","0",139," "," ","0",128," "," ","0",NA," "," "," "
"273","USC00392565",1993,5,"PRCP",69," "," ","0",0,"T"," ","0",0,"P"," ","0",0,"P"," ","0",142," "," ","0",89," "," ","0",0,"P"," ","0",335," "," ","0",38," "," ","0",0,"P"," ","0",0,"P"," ","0",0,"P"," ","0",0,"P"," ","0",0,"P"," ","0",0,"P"," ","0",0,"P"," ","0",43," "," ","0",0,"P"," ","0",0,"P"," ","0",0,"P"," ","0",0,"P"," ","0",0,"P"," ","0",48," "," ","0",0,"P"," ","0",0,"P"," ","0",0,"P"," ","0",0,"P"," ","0",0,"P"," ","0",0,"P"," ","0",23," "," ","0",NA," "," "," "
"274","USC00392565",1993,5,"SNOW",0,"P"," ","0",0,"P"," ","0",0,"P"," ","0",0,"P"," ","0",0,"P"," ","0",0,"P"," ","0",0,"P"," ","0",0,"P"," ","0",0,"P"," ","0",0,"P"," ","0",0,"P"," ","0",0,"P"," ","0",0,"P"," ","0",0,"P"," ","0",0,"P"," ","0",0,"P"," ","0",0,"P"," ","0",0,"P"," ","0",0,"P"," ","0",0,"P"," ","0",0,"P"," ","0",0,"P"," ","0",0,"P"," ","0",0,"P"," ","0",0,"P"," ","0",0,"P"," ","0",0,"P"," ","0",0,"P"," ","0",0,"P"," ","0",0,"P"," ","0",0,"P"," ","0"
"275","USC00392565",1993,5,"SNWD",0," "," ","0",0,"P"," ","0",0,"P"," ","0",0,"P"," ","0",0,"P"," ","0",0,"P"," ","0",0,"P"," ","0",0,"P"," ","0",0,"P"," ","0",0,"P"," ","0",0,"P"," ","0",0,"P"," ","0",0,"P"," ","0",0,"P"," ","0",0,"P"," ","0",0,"P"," ","0",0,"P"," ","0",0,"P"," ","0",0,"P"," ","0",0,"P"," ","0",0,"P"," ","0",0,"P"," ","0",0,"P"," ","0",0,"P"," ","0",0,"P"," ","0",0,"P"," ","0",0,"P"," ","0",0,"P"," ","0",0,"P"," ","0",0,"P"," ","0",0,"P"," ","0"
"276","USC00392565",1993,6,"TMAX",239," "," ","0",244," "," ","0",161," "," ","0",111," "," ","0",128," "," ","0",211," "," ","0",206," "," ","0",89," "," ","0",139," "," ","0",206," "," ","0",244," "," ","0",272," "," ","0",228," "," ","0",200," "," ","0",228," "," ","0",278," "," ","0",239," "," ","0",133," "," ","0",122," "," ","0",228," "," ","0",283," "," ","0",283," "," ","0",267," "," ","0",228," "," ","0",172," "," ","0",NA," "," "," ",NA," "," "," ",294," "," ","0",272," "," ","0",233," "," ","0",NA," "," "," "
"277","USC00392565",1993,6,"TMIN",61," "," ","0",94," "," ","0",67," "," ","0",33," "," ","0",72," "," ","0",111," "," ","0",83," "," ","0",56," "," ","0",61," "," ","0",78," "," ","0",122," "," ","0",122," "," ","0",39," "," ","0",33," "," ","0",128," "," ","0",106," "," ","0",106," "," ","0",83," "," ","0",67," "," ","0",83," "," ","0",139," "," ","0",128," "," ","0",106," "," ","0",6," "," ","0",50," "," ","0",NA," "," "," ",NA," "," "," ",78," "," ","0",167," "," ","0",100," "," ","0",NA," "," "," "
"278","USC00392565",1993,6,"TOBS",150," "," ","0",111," "," ","0",67," "," ","0",89," "," ","0",111," "," ","0",133," "," ","0",83," "," ","0",61," "," ","0",117," "," ","0",156," "," ","0",167," "," ","0",178," "," ","0",106," "," ","0",128," "," ","0",150," "," ","0",172," "," ","0",106," "," ","0",89," "," ","0",117," "," ","0",200," "," ","0",239," "," ","0",183," "," ","0",144," "," ","0",78," "," ","0",94," "," ","0",NA," "," "," ",NA," "," "," ",178," "," ","0",206," "," ","0",150," "," ","0",NA," "," "," "
"279","USC00392565",1993,6,"PRCP",8," "," ","0",33," "," ","0",38," "," ","0",46," "," ","0",0,"P"," ","0",18," "," ","0",338," "," ","0",391," "," ","0",3," "," ","0",0,"P"," ","0",0,"P"," ","0",13," "," ","0",0,"P"," ","0",0,"P"," ","0",0,"P"," ","0",157," "," ","0",320," "," ","0",140," "," ","0",46," "," ","0",0,"P"," ","0",0,"P"," ","0",109," "," ","0",0,"P"," ","0",0,"P"," ","0",0,"P"," ","0",0," "," ","0",0," "," ","0",0,"P"," ","0",20," "," ","0",5," "," ","0",NA," "," "," "
"280","USC00392565",1993,6,"SNOW",0,"P"," ","0",0,"P"," ","0",0,"P"," ","0",0,"P"," ","0",0,"P"," ","0",0,"P"," ","0",0,"P"," ","0",0,"P"," ","0",0,"P"," ","0",0,"P"," ","0",0,"P"," ","0",0,"P"," ","0",0,"P"," ","0",0,"P"," ","0",0,"P"," ","0",0,"P"," ","0",0,"P"," ","0",0,"P"," ","0",0,"P"," ","0",0,"P"," ","0",0,"P"," ","0",0,"P"," ","0",0,"P"," ","0",0,"P"," ","0",0,"P"," ","0",0,"P"," ","0",0,"P"," ","0",0,"P"," ","0",0,"P"," ","0",0,"P"," ","0",NA," "," "," "
"281","USC00392565",1993,6,"SNWD",0," "," ","0",0,"P"," ","0",0,"P"," ","0",0,"P"," ","0",0,"P"," ","0",0,"P"," ","0",0,"P"," ","0",0,"P"," ","0",0,"P"," ","0",0,"P"," ","0",0,"P"," ","0",0,"P"," ","0",0,"P"," ","0",0,"P"," ","0",0,"P"," ","0",0,"P"," ","0",0,"P"," ","0",0,"P"," ","0",0,"P"," ","0",0,"P"," ","0",0,"P"," ","0",0,"P"," ","0",0,"P"," ","0",0,"P"," ","0",0,"P"," ","0",0,"P"," ","0",0,"P"," ","0",0,"P"," ","0",0,"P"," ","0",0,"P"," ","0",NA," "," "," "
"282","USC00392565",1993,7,"TMAX",239," "," ","0",250," "," ","0",261," "," ","0",211," "," ","0",200," "," ","0",200," "," ","0",228," "," ","0",233," "," ","0",217," "," ","0",250," "," ","0",233," "," ","0",211," "," ","0",283," "," ","0",194," "," ","0",172," "," ","0",294," "," ","0",267," "," ","0",222," "," ","0",239," "," ","0",217," "," ","0",244," "," ","0",272," "," ","0",261," "," ","0",228," "," ","0",189," "," ","0",256," "," ","0",244," "," ","0",200," "," ","0",278," "," ","0",322," "," ","0",344," "," ","0"
"283","USC00392565",1993,7,"TMIN",150," "," ","0",150," "," ","0",167," "," ","0",83," "," ","0",106," "," ","0",56," "," ","0",50," "," ","0",100," "," ","0",67," "," ","0",111," "," ","0",78," "," ","0",106," "," ","0",128," "," ","0",89," "," ","0",117," "," ","0",122," "," ","0",106," "," ","0",117," "," ","0",106," "," ","0",128," "," ","0",172," "," ","0",111," "," ","0",122," "," ","0",117," "," ","0",67," "," ","0",111," "," ","0",83," "," ","0",67," "," ","0",133," "," ","0",161," "," ","0",144," "," ","0"
"284","USC00392565",1993,7,"TOBS",161," "," ","0",172," "," ","0",183," "," ","0",106," "," ","0",133," "," ","0",117," "," ","0",100," "," ","0",144," "," ","0",161," "," ","0",150," "," ","0",111," "," ","0",150," "," ","0",139," "," ","0",117," "," ","0",172," "," ","0",178," "," ","0",122," "," ","0",167," "," ","0",128," "," ","0",172," "," ","0",178," "," ","0",161," "," ","0",167," "," ","0",133," "," ","0",111," "," ","0",172," "," ","0",111," "," ","0",167," "," ","0",200," "," ","0",200," "," ","0",189," "," ","0"
"285","USC00392565",1993,7,"PRCP",0,"P"," ","0",0,"P"," ","0",56," "," ","0",18," "," ","0",0,"P"," ","0",13," "," ","0",69," "," ","0",0,"P"," ","0",5," "," ","0",3," "," ","0",8," "," ","0",0,"P"," ","0",15," "," ","0",0,"P"," ","0",0,"P"," ","0",157," "," ","0",445," "," ","0",0,"P"," ","0",0,"P"," ","0",0,"P"," ","0",0,"P"," ","0",8," "," ","0",0,"P"," ","0",0,"P"," ","0",48," "," ","0",13," "," ","0",206," "," ","0",0,"P"," ","0",0,"P"," ","0",0,"P"," ","0",0,"P"," ","0"
"286","USC00392565",1993,7,"SNOW",0,"P"," ","0",0,"P"," ","0",0,"P"," ","0",0,"P"," ","0",0,"P"," ","0",0,"P"," ","0",0,"P"," ","0",0,"P"," ","0",0,"P"," ","0",0,"P"," ","0",0,"P"," ","0",0,"P"," ","0",0,"P"," ","0",0,"P"," ","0",0,"P"," ","0",0,"P"," ","0",0,"P"," ","0",0,"P"," ","0",0,"P"," ","0",0,"P"," ","0",0,"P"," ","0",0,"P"," ","0",0,"P"," ","0",0,"P"," ","0",0,"P"," ","0",0,"P"," ","0",0,"P"," ","0",0,"P"," ","0",0,"P"," ","0",0,"P"," ","0",0,"P"," ","0"
"287","USC00392565",1993,7,"SNWD",0," "," ","0",0,"P"," ","0",0,"P"," ","0",0,"P"," ","0",0,"P"," ","0",0,"P"," ","0",0,"P"," ","0",0,"P"," ","0",0,"P"," ","0",0,"P"," ","0",0,"P"," ","0",0,"P"," ","0",0,"P"," ","0",0,"P"," ","0",0,"P"," ","0",0,"P"," ","0",0,"P"," ","0",0,"P"," ","0",0,"P"," ","0",0,"P"," ","0",0,"P"," ","0",0,"P"," ","0",0,"P"," ","0",0,"P"," ","0",0,"P"," ","0",0,"P"," ","0",0,"P"," ","0",0,"P"," ","0",0,"P"," ","0",0,"P"," ","0",0,"P"," ","0"
"288","USC00392565",1993,7,"WT05",NA," "," "," ",NA," "," "," ",NA," "," "," ",NA," "," "," ",NA," "," "," ",NA," "," "," ",NA," "," "," ",NA," "," "," ",NA," "," "," ",NA," "," "," ",NA," "," "," ",NA," "," "," ",NA," "," "," ",NA," "," "," ",NA," "," "," ",1," "," ","0",NA," "," "," ",NA," "," "," ",NA," "," "," ",NA," "," "," ",NA," "," "," ",NA," "," "," ",NA," "," "," ",NA," "," "," ",NA," "," "," ",NA," "," "," ",1," "," ","0",NA," "," "," ",NA," "," "," ",NA," "," "," ",NA," "," "," "
"289","USC00392565",1993,8,"TMAX",294," "," ","0",239," "," ","0",222," "," ","0",194," "," ","0",244," "," ","0",233," "," ","0",244," "," ","0",311," "," ","0",317," "," ","0",NA," "," "," ",300," "," ","0",306," "," ","0",222," "," ","0",278," "," ","0",278," "," ","0",267," "," ","0",294," "," ","0",283," "," ","0",244," "," ","0",272," "," ","0",250," "," ","0",267," "," ","0",217," "," ","0",278," "," ","0",328," "," ","0",244," "," ","0",217," "," ","0",217," "," ","0",267," "," ","0",244," "," ","0",167," "," ","0"
"290","USC00392565",1993,8,"TMIN",100," "," ","0",89," "," ","0",67," "," ","0",89," "," ","0",106," "," ","0",111," "," ","0",89," "," ","0",100," "," ","0",156," "," ","0",NA," "," "," ",128," "," ","0",139," "," ","0",133," "," ","0",139," "," ","0",161," "," ","0",111," "," ","0",128," "," ","0",122," "," ","0",144," "," ","0",128," "," ","0",144," "," ","0",106," "," ","0",83," "," ","0",117," "," ","0",133," "," ","0",133," "," ","0",100," "," ","0",89," "," ","0",117," "," ","0",67," "," ","0",39," "," ","0"
"291","USC00392565",1993,8,"TOBS",139," "," ","0",144," "," ","0",100," "," ","0",122," "," ","0",144," "," ","0",139," "," ","0",139," "," ","0",156," "," ","0",194," "," ","0",NA," "," "," ",161," "," ","0",139," "," ","0",161," "," ","0",167," "," ","0",178," "," ","0",156," "," ","0",161," "," ","0",150," "," ","0",183," "," ","0",144," "," ","0",189," "," ","0",144," "," ","0",117," "," ","0",178," "," ","0",133," "," ","0",144," "," ","0",111," "," ","0",117," "," ","0",144," "," ","0",83," "," ","0",89," "," ","0"
"292","USC00392565",1993,8,"PRCP",0,"P"," ","0",0,"P"," ","0",0,"P"," ","0",0,"P"," ","0",0,"P"," ","0",0,"P"," ","0",0,"P"," ","0",0,"P"," ","0",0,"P"," ","0",0," "," ","0",0,"P"," ","0",0,"T"," ","0",20," "," ","0",147," "," ","0",0,"P"," ","0",89," "," ","0",0,"P"," ","0",0,"P"," ","0",0,"P"," ","0",168," "," ","0",0,"P"," ","0",8," "," ","0",0,"P"," ","0",0,"P"," ","0",0,"P"," ","0",0,"P"," ","0",46," "," ","0",0,"P"," ","0",0,"P"," ","0",0,"P"," ","0",0,"P"," ","0"
"293","USC00392565",1993,8,"SNOW",0,"P"," ","0",0,"P"," ","0",0,"P"," ","0",0,"P"," ","0",0,"P"," ","0",0,"P"," ","0",0,"P"," ","0",0,"P"," ","0",0,"P"," ","0",0,"P"," ","0",0,"P"," ","0",0,"P"," ","0",0,"P"," ","0",0,"P"," ","0",0,"P"," ","0",0,"P"," ","0",0,"P"," ","0",0,"P"," ","0",0,"P"," ","0",0,"P"," ","0",0,"P"," ","0",0,"P"," ","0",0,"P"," ","0",0,"P"," ","0",0,"P"," ","0",0,"P"," ","0",0,"P"," ","0",0,"P"," ","0",0,"P"," ","0",0,"P"," ","0",0,"P"," ","0"
"294","USC00392565",1993,8,"SNWD",0," "," ","0",0,"P"," ","0",0,"P"," ","0",0,"P"," ","0",0,"P"," ","0",0,"P"," ","0",0,"P"," ","0",0,"P"," ","0",0,"P"," ","0",0,"P"," ","0",0,"P"," ","0",0,"P"," ","0",0,"P"," ","0",0,"P"," ","0",0,"P"," ","0",0,"P"," ","0",0,"P"," ","0",0,"P"," ","0",0,"P"," ","0",0,"P"," ","0",0,"P"," ","0",0,"P"," ","0",0,"P"," ","0",0,"P"," ","0",0,"P"," ","0",0,"P"," ","0",0,"P"," ","0",0,"P"," ","0",0,"P"," ","0",0,"P"," ","0",0,"P"," ","0"
"295","USC00392565",1993,9,"TMAX",244," "," ","0",244," "," ","0",172," "," ","0",256," "," ","0",261," "," ","0",122," "," ","0",172," "," ","0",189," "," ","0",250," "," ","0",189," "," ","0",256," "," ","0",306," "," ","0",267," "," ","0",78," "," ","0",178," "," ","0",267," "," ","0",172," "," ","0",83," "," ","0",94," "," ","0",156," "," ","0",228," "," ","0",178," "," ","0",122," "," ","0",150," "," ","0",206," "," ","0",194," "," ","0",144," "," ","0",222," "," ","0",178," "," ","0",194," "," ","0",NA," "," "," "
"296","USC00392565",1993,9,"TMIN",61," "," ","0",61," "," ","0",28," "," ","0",78," "," ","0",94," "," ","0",28," "," ","0",67," "," ","0",44," "," ","0",78," "," ","0",33," "," ","0",67," "," ","0",83," "," ","0",11," "," ","0",-61," "," ","0",-33," "," ","0",28," "," ","0",56," "," ","0",56," "," ","0",67," "," ","0",33," "," ","0",72," "," ","0",61," "," ","0",39," "," ","0",28," "," ","0",28," "," ","0",39," "," ","0",11," "," ","0",33," "," ","0",33," "," ","0",28," "," ","0",NA," "," "," "
"297","USC00392565",1993,9,"TOBS",106," "," ","0",94," "," ","0",78," "," ","0",117," "," ","0",94," "," ","0",100," "," ","0",83," "," ","0",106," "," ","0",139," "," ","0",67," "," ","0",100," "," ","0",122," "," ","0",11," "," ","0",-33," "," ","0",100," "," ","0",56," "," ","0",56," "," ","0",72," "," ","0",72," "," ","0",72," "," ","0",117," "," ","0",67," "," ","0",72," "," ","0",67," "," ","0",56," "," ","0",44," "," ","0",89," "," ","0",33," "," ","0",39," "," ","0",61," "," ","0",NA," "," "," "
"298","USC00392565",1993,9,"PRCP",0,"P"," ","0",8," "," ","0",0,"P"," ","0",0,"P"," ","0",10," "," ","0",48," "," ","0",5," "," ","0",3," "," ","0",0,"P"," ","0",0,"P"," ","0",0,"P"," ","0",0,"P"," ","0",0,"P"," ","0",0,"P"," ","0",0,"P"," ","0",0,"P"," ","0",8," "," ","0",5," "," ","0",165," "," ","0",3," "," ","0",0,"P"," ","0",0,"P"," ","0",0,"P"," ","0",0,"P"," ","0",0,"P"," ","0",0,"P"," ","0",0,"P"," ","0",0,"P"," ","0",0,"P"," ","0",0,"P"," ","0",NA," "," "," "
"299","USC00392565",1993,9,"SNOW",0,"P"," ","0",0,"P"," ","0",0,"P"," ","0",0,"P"," ","0",0,"P"," ","0",0,"P"," ","0",0,"P"," ","0",0,"P"," ","0",0,"P"," ","0",0,"P"," ","0",0,"P"," ","0",0,"P"," ","0",0,"P"," ","0",0,"P"," ","0",0,"P"," ","0",0,"P"," ","0",0,"P"," ","0",0,"P"," ","0",0,"P"," ","0",0,"P"," ","0",0,"P"," ","0",0,"P"," ","0",0,"P"," ","0",0,"P"," ","0",0,"P"," ","0",0,"P"," ","0",0,"P"," ","0",0,"P"," ","0",0,"P"," ","0",0,"P"," ","0",NA," "," "," "
"300","USC00392565",1993,9,"SNWD",0," "," ","0",0,"P"," ","0",0,"P"," ","0",0,"P"," ","0",0,"P"," ","0",0,"P"," ","0",0,"P"," ","0",0,"P"," ","0",0,"P"," ","0",0,"P"," ","0",0,"P"," ","0",0,"P"," ","0",0,"P"," ","0",0,"P"," ","0",0,"P"," ","0",0,"P"," ","0",0,"P"," ","0",0,"P"," ","0",0,"P"," ","0",0,"P"," ","0",0,"P"," ","0",0,"P"," ","0",0,"P"," ","0",0,"P"," ","0",0,"P"," ","0",0,"P"," ","0",0,"P"," ","0",0,"P"," ","0",0,"P"," ","0",0,"P"," ","0",NA," "," "," "
"301","USC00392565",1993,10,"TMAX",239," "," ","0",111," "," ","0",167," "," ","0",256," "," ","0",228," "," ","0",267," "," ","0",272," "," ","0",128," "," ","0",0," "," ","0",11," "," ","0",61," "," ","0",156," "," ","0",167," "," ","0",161," "," ","0",161," "," ","0",161," "," ","0",94," "," ","0",144," "," ","0",117," "," ","0",144," "," ","0",89," "," ","0",172," "," ","0",178," "," ","0",200," "," ","0",228," "," ","0",100," "," ","0",78," "," ","0",128," "," ","0",33," "," ","0",-44," "," ","0",44," "," ","0"
"302","USC00392565",1993,10,"TMIN",-6," "," ","0",-22," "," ","0",17," "," ","0",50," "," ","0",56," "," ","0",56," "," ","0",78," "," ","0",-11," "," ","0",-67," "," ","0",-67," "," ","0",-39," "," ","0",17," "," ","0",-11," "," ","0",-6," "," ","0",17," "," ","0",44," "," ","0",-6," "," ","0",17," "," ","0",0," "," ","0",-44," "," ","0",-50," "," ","0",-17," "," ","0",-11," "," ","0",-6," "," ","0",28," "," ","0",-33," "," ","0",-61," "," ","0",-56," "," ","0",-94," "," ","0",-150," "," ","0",-144," "," ","0"
"303","USC00392565",1993,10,"TOBS",11," "," ","0",17," "," ","0",50," "," ","0",56," "," ","0",56," "," ","0",111," "," ","0",89," "," ","0",-11," "," ","0",-50," "," ","0",-39," "," ","0",56," "," ","0",28," "," ","0",-6," "," ","0",67," "," ","0",44," "," ","0",67," "," ","0",17," "," ","0",61," "," ","0",6," "," ","0",-44," "," ","0",-17," "," ","0",28," "," ","0",-6," "," ","0",33," "," ","0",50," "," ","0",-11," "," ","0",-50," "," ","0",28," "," ","0",-89," "," ","0",-144," "," ","0",-28," "," ","0"
"304","USC00392565",1993,10,"PRCP",0,"P"," ","0",0,"P"," ","0",0,"P"," ","0",0,"P"," ","0",0,"P"," ","0",0,"P"," ","0",0,"P"," ","0",94," "," ","0",208," "," ","0",0,"P"," ","0",0,"P"," ","0",0,"P"," ","0",0,"P"," ","0",0,"T"," ","0",5," "," ","0",13," "," ","0",3," "," ","0",0,"P"," ","0",0,"P"," ","0",0,"P"," ","0",0,"P"," ","0",0,"P"," ","0",0,"P"," ","0",0,"P"," ","0",0,"P"," ","0",0,"P"," ","0",0,"P"," ","0",0,"P"," ","0",0,"P"," ","0",0,"P"," ","0",0,"P"," ","0"
"305","USC00392565",1993,10,"SNOW",0,"P"," ","0",0,"P"," ","0",0,"P"," ","0",0,"P"," ","0",0,"P"," ","0",0,"P"," ","0",0,"P"," ","0",51," "," ","0",165," "," ","0",0,"P"," ","0",0,"P"," ","0",0,"P"," ","0",0,"P"," ","0",0,"P"," ","0",0,"P"," ","0",0,"P"," ","0",0,"P"," ","0",0,"P"," ","0",0,"P"," ","0",0,"P"," ","0",0,"P"," ","0",0,"P"," ","0",0,"P"," ","0",0,"P"," ","0",0,"P"," ","0",0,"P"," ","0",0,"P"," ","0",0,"P"," ","0",0,"P"," ","0",0,"P"," ","0",0,"P"," ","0"
"306","USC00392565",1993,10,"SNWD",0," "," ","0",0,"P"," ","0",0,"P"," ","0",0,"P"," ","0",0,"P"," ","0",0,"P"," ","0",0,"P"," ","0",NA," "," "," ",178," "," ","0",127," "," ","0",NA," "," "," ",0," "," ","0",0,"P"," ","0",0,"P"," ","0",0,"P"," ","0",0,"P"," ","0",0,"P"," ","0",0,"P"," ","0",0,"P"," ","0",0,"P"," ","0",0,"P"," ","0",0,"P"," ","0",0,"P"," ","0",0,"P"," ","0",0,"P"," ","0",0,"P"," ","0",0,"P"," ","0",0,"P"," ","0",0,"P"," ","0",0,"P"," ","0",0,"P"," ","0"
"307","USC00392565",1993,11,"TMAX",144," "," ","0",61," "," ","0",61," "," ","0",144," "," ","0",-17," "," ","0",-39," "," ","0",50," "," ","0",44," "," ","0",56," "," ","0",72," "," ","0",106," "," ","0",122," "," ","0",50," "," ","0",44," "," ","0",-17," "," ","0",28," "," ","0",78," "," ","0",78," "," ","0",83," "," ","0",22," "," ","0",78," "," ","0",106," "," ","0",-28," "," ","0",-128," "," ","0",-161," "," ","0",-11," "," ","0",39," "," ","0",67," "," ","0",83," "," ","0",89," "," ","0",NA," "," "," "
"308","USC00392565",1993,11,"TMIN",-144," "," ","0",-100," "," ","0",-67," "," ","0",-28," "," ","0",-78," "," ","0",-144," "," ","0",-83," "," ","0",-100," "," ","0",-89," "," ","0",-78," "," ","0",-50," "," ","0",0," "," ","0",-50," "," ","0",-44," "," ","0",-133," "," ","0",-89," "," ","0",-72," "," ","0",-61," "," ","0",-111," "," ","0",-100," "," ","0",-67," "," ","0",-50," "," ","0",-156," "," ","0",-256," "," ","0",-256," "," ","0",-200," "," ","0",-61," "," ","0",-50," "," ","0",-50," "," ","0",-44," "," ","0",NA," "," "," "
"309","USC00392565",1993,11,"TOBS",50," "," ","0",-67," "," ","0",17," "," ","0",-28," "," ","0",-72," "," ","0",-83," "," ","0",-6," "," ","0",-72," "," ","0",-61," "," ","0",-50," "," ","0",0," "," ","0",33," "," ","0",-44," "," ","0",-28," "," ","0",-89," "," ","0",-44," "," ","0",-56," "," ","0",22," "," ","0",-100," "," ","0",-56," "," ","0",-50," "," ","0",-33," "," ","0",-139," "," ","0",-250," "," ","0",-200," "," ","0",-11," "," ","0",11," "," ","0",-6," "," ","0",-39," "," ","0",-11," "," ","0",NA," "," "," "
"310","USC00392565",1993,11,"PRCP",0,"P"," ","0",0,"P"," ","0",0,"P"," ","0",0,"P"," ","0",0,"P"," ","0",0,"P"," ","0",0,"P"," ","0",0,"P"," ","0",0,"P"," ","0",0,"P"," ","0",0,"P"," ","0",0,"P"," ","0",0,"P"," ","0",53," "," ","0",0,"P"," ","0",0,"P"," ","0",0,"P"," ","0",0,"P"," ","0",0,"P"," ","0",0,"P"," ","0",0,"P"," ","0",0,"P"," ","0",61," "," ","0",0,"P"," ","0",0,"P"," ","0",0,"P"," ","0",0,"P"," ","0",0,"P"," ","0",0,"P"," ","0",0,"P"," ","0",NA," "," "," "
"311","USC00392565",1993,11,"SNOW",0,"P"," ","0",0,"P"," ","0",0,"P"," ","0",0,"P"," ","0",0,"P"," ","0",0,"P"," ","0",0,"P"," ","0",0,"P"," ","0",0,"P"," ","0",0,"P"," ","0",0,"P"," ","0",0,"P"," ","0",0,"P"," ","0",89," "," ","0",0,"P"," ","0",0,"P"," ","0",0,"P"," ","0",0,"P"," ","0",0,"P"," ","0",0,"P"," ","0",0,"P"," ","0",0,"P"," ","0",89," "," ","0",0,"P"," ","0",0,"P"," ","0",0,"P"," ","0",0,"P"," ","0",0,"P"," ","0",0,"P"," ","0",0,"P"," ","0",NA," "," "," "
"312","USC00392565",1993,11,"SNWD",0," "," ","0",0,"P"," ","0",0,"P"," ","0",0,"P"," ","0",0,"P"," ","0",0,"P"," ","0",0,"P"," ","0",0,"P"," ","0",0,"P"," ","0",0,"P"," ","0",0,"P"," ","0",0,"P"," ","0",0,"P"," ","0",NA," "," "," ",51," "," ","0",0,"T"," ","0",0," "," ","0",0,"P"," ","0",0,"P"," ","0",0,"P"," ","0",0,"P"," ","0",0,"P"," ","0",NA," "," "," ",102," "," ","0",102," "," ","0",NA," "," "," ",NA," "," "," ",NA," "," "," ",NA," "," "," ",0,"T"," ","0",NA," "," "," "
"313","USC00392565",1993,12,"TMAX",NA," "," "," ",89," "," ","0",56," "," ","0",39," "," ","0",61," "," ","0",-17," "," ","0",-11," "," ","0",39," "," ","0",94," "," ","0",78," "," ","0",94," "," ","0",144," "," ","0",117," "," ","0",28," "," ","0",67," "," ","0",22," "," ","0",-22," "," ","0",-44," "," ","0",0," "," ","0",-22," "," ","0",-11," "," ","0",-39," "," ","0",-28," "," ","0",0," "," ","0",28," "," ","0",83," "," ","0",61," "," ","0",-61," "," ","0",17," "," ","0",6," "," ","0",39," "," ","0"
"314","USC00392565",1993,12,"TMIN",NA," "," "," ",-61," "," ","0",-56," "," ","0",-56," "," ","0",-44," "," ","0",-156," "," ","0",-133," "," ","0",-128," "," ","0",-6," "," ","0",-61," "," ","0",-33," "," ","0",17," "," ","0",-22," "," ","0",-100," "," ","0",-94," "," ","0",-56," "," ","0",-83," "," ","0",-133," "," ","0",-144," "," ","0",-128," "," ","0",-133," "," ","0",-100," "," ","0",-100," "," ","0",-150," "," ","0",-33," "," ","0",-72," "," ","0",-89," "," ","0",-100," "," ","0",-100," "," ","0",-111," "," ","0",-117," "," ","0"
"315","USC00392565",1993,12,"TOBS",NA," "," "," ",-17," "," ","0",-33," "," ","0",-39," "," ","0",-22," "," ","0",-106," "," ","0",-128," "," ","0",33," "," ","0",61," "," ","0",-28," "," ","0",17," "," ","0",72," "," ","0",-17," "," ","0",-72," "," ","0",-39," "," ","0",-22," "," ","0",-83," "," ","0",-133," "," ","0",-50," "," ","0",-117," "," ","0",-50," "," ","0",-100," "," ","0",-78," "," ","0",0," "," ","0",-33," "," ","0",-33," "," ","0",-83," "," ","0",-83," "," ","0",-100," "," ","0",-111," "," ","0",17," "," ","0"
"316","USC00392565",1993,12,"PRCP",0,"P"," ","0",0,"P"," ","0",15," "," ","0",0,"P"," ","0",0,"P"," ","0",0,"P"," ","0",0,"P"," ","0",0,"P"," ","0",0,"P"," ","0",0,"P"," ","0",0,"P"," ","0",0,"P"," ","0",0,"P"," ","0",0,"P"," ","0",0,"P"," ","0",0,"P"," ","0",69," "," ","0",0,"P"," ","0",0,"P"," ","0",0,"P"," ","0",0,"P"," ","0",5," "," ","0",3," "," ","0",0,"P"," ","0",10," "," ","0",0,"P"," ","0",0,"P"," ","0",5," "," ","0",0,"P"," ","0",0,"P"," ","0",0,"P"," ","0"
"317","USC00392565",1993,12,"SNOW",0,"P"," ","0",0,"P"," ","0",NA," "," "," ",0,"P"," ","0",0,"P"," ","0",0,"P"," ","0",0,"P"," ","0",0,"P"," ","0",0,"P"," ","0",0,"P"," ","0",0,"P"," ","0",0,"P"," ","0",0,"P"," ","0",0,"P"," ","0",0,"P"," ","0",0,"P"," ","0",84," "," ","0",0,"P"," ","0",0,"P"," ","0",0,"P"," ","0",0," "," ","0",0,"T"," ","0",0,"T"," ","0",0," "," ","0",0,"T"," ","0",0,"P"," ","0",0," "," ","0",0,"T"," ","0",0,"P"," ","0",0,"P"," ","0",0,"P"," ","0"
"318","USC00392565",1993,12,"SNWD",0," "," ","0",0,"P"," ","0",NA," "," "," ",0," "," ","0",0,"P"," ","0",0,"P"," ","0",0,"P"," ","0",0,"P"," ","0",0,"P"," ","0",0,"P"," ","0",0,"P"," ","0",0,"P"," ","0",0,"P"," ","0",0,"P"," ","0",0,"P"," ","0",0,"P"," ","0",NA," "," "," ",NA," "," "," ",NA," "," "," ",NA," "," "," ",NA," "," "," ",76," "," ","0",NA," "," "," ",NA," "," "," ",NA," "," "," ",NA," "," "," ",NA," "," "," ",NA," "," "," ",NA," "," "," ",NA," "," "," ",25," "," ","0"
"319","USC00392565",1994,1,"TMAX",28," "," ","0",33," "," ","0",22," "," ","0",44," "," ","0",56," "," ","0",39," "," ","0",-106," "," ","0",-28," "," ","0",11," "," ","0",28," "," ","0",39," "," ","0",50," "," ","0",22," "," ","0",28," "," ","0",-33," "," ","0",39," "," ","0",-39," "," ","0",-178," "," ","0",-17," "," ","0",-72," "," ","0",-11," "," ","0",106," "," ","0",89," "," ","0",122," "," ","0",94," "," ","0",44," "," ","0",6," "," ","0",-33," "," ","0",-11," "," ","0",-22," "," ","0",-106," "," ","0"
"320","USC00392565",1994,1,"TMIN",-61," "," ","0",-50," "," ","0",-72," "," ","0",-111," "," ","0",-94," "," ","0",-117," "," ","0",-217," "," ","0",-156," "," ","0",-89," "," ","0",-100," "," ","0",-100," "," ","0",-100," "," ","0",-83," "," ","0",-50," "," ","0",-128," "," ","0",-117," "," ","0",-206," "," ","0",-222," "," ","0",-189," "," ","0",-189," "," ","0",-194," "," ","0",-100," "," ","0",-67," "," ","0",-67," "," ","0",-72," "," ","0",-94," "," ","0",-89," "," ","0",-89," "," ","0",-94," "," ","0",-128," "," ","0",-144," "," ","0"
"321","USC00392565",1994,1,"TOBS",-50," "," ","0",0," "," ","0",-11," "," ","0",-94," "," ","0",17," "," ","0",-111," "," ","0",-156," "," ","0",-44," "," ","0",-44," "," ","0",-100," "," ","0",-83," "," ","0",-83," "," ","0",-17," "," ","0",-39," "," ","0",-117," "," ","0",-89," "," ","0",-206," "," ","0",-189," "," ","0",-72," "," ","0",-183," "," ","0",-94," "," ","0",-61," "," ","0",-50," "," ","0",6," "," ","0",-67," "," ","0",-72," "," ","0",-83," "," ","0",-44," "," ","0",-78," "," ","0",-117," "," ","0",-111," "," ","0"
"322","USC00392565",1994,1,"PRCP",0,"P"," ","0",0,"P"," ","0",10," "," ","0",0,"P"," ","0",0,"P"," ","0",0,"P"," ","0",3," "," ","0",3," "," ","0",0,"P"," ","0",0,"P"," ","0",0,"P"," ","0",0,"P"," ","0",8," "," ","0",15," "," ","0",13," "," ","0",0,"P"," ","0",48," "," ","0",20," "," ","0",0,"P"," ","0",18," "," ","0",0,"P"," ","0",0,"P"," ","0",0,"P"," ","0",0,"P"," ","0",0,"P"," ","0",0,"P"," ","0",0,"P"," ","0",0,"P"," ","0",8," "," ","0",0,"P"," ","0",0,"P"," ","0"
"323","USC00392565",1994,1,"SNOW",0,"P"," ","0",0,"P"," ","0",0,"T"," ","0",0,"P"," ","0",0,"P"," ","0",0,"P"," ","0",0,"T"," ","0",0,"T"," ","0",0,"P"," ","0",0,"P"," ","0",0,"P"," ","0",0,"P"," ","0",0,"T"," ","0",0,"T"," ","0",0,"T"," ","0",0,"P"," ","0",140," "," ","0",51," "," ","0",0,"P"," ","0",38," "," ","0",0,"P"," ","0",0,"P"," ","0",0,"P"," ","0",0,"P"," ","0",0,"P"," ","0",0,"P"," ","0",0,"P"," ","0",0,"P"," ","0",0,"T"," ","0",0,"P"," ","0",0,"P"," ","0"
"324","USC00392565",1994,1,"SNWD",51," "," ","0",NA," "," "," ",NA," "," "," ",NA," "," "," ",NA," "," "," ",NA," "," "," ",25," "," ","0",NA," "," "," ",NA," "," "," ",NA," "," "," ",NA," "," "," ",NA," "," "," ",NA," "," "," ",NA," "," "," ",NA," "," "," ",NA," "," "," ",152," "," ","0",178," "," ","0",NA," "," "," ",152," "," ","0",NA," "," "," ",NA," "," "," ",76," "," ","0",NA," "," "," ",NA," "," "," ",NA," "," "," ",NA," "," "," ",NA," "," "," ",NA," "," "," ",NA," "," "," ",NA," "," "," "
"325","USC00392565",1994,2,"TMAX",-72," "," ","0",-56," "," ","0",-39," "," ","0",-44," "," ","0",-28," "," ","0",22," "," ","0",-44," "," ","0",-167," "," ","0",-194," "," ","0",-17," "," ","0",-6," "," ","0",17," "," ","0",-17," "," ","0",44," "," ","0",67," "," ","0",100," "," ","0",106," "," ","0",117," "," ","0",117," "," ","0",-6," "," ","0",22," "," ","0",-72," "," ","0",-78," "," ","0",0," "," ","0",-17," "," ","0",-106," "," ","0",NA," "," "," ",67," "," ","0",NA," "," "," ",NA," "," "," ",NA," "," "," "
"326","USC00392565",1994,2,"TMIN",-111," "," ","0",-139," "," ","0",-200," "," ","0",-200," "," ","0",-194," "," ","0",-189," "," ","0",-222," "," ","0",-228," "," ","0",-322," "," ","0",-256," "," ","0",-72," "," ","0",-189," "," ","0",-161," "," ","0",-117," "," ","0",-111," "," ","0",-78," "," ","0",-39," "," ","0",-11," "," ","0",-33," "," ","0",-56," "," ","0",-111," "," ","0",-94," "," ","0",-139," "," ","0",-94," "," ","0",-261," "," ","0",-250," "," ","0",NA," "," "," ",NA," "," "," ",NA," "," "," ",NA," "," "," ",NA," "," "," "
"327","USC00392565",1994,2,"TOBS",-106," "," ","0",-56," "," ","0",-172," "," ","0",-144," "," ","0",-189," "," ","0",-139," "," ","0",-200," "," ","0",-228," "," ","0",-256," "," ","0",-44," "," ","0",-67," "," ","0",-156," "," ","0",-117," "," ","0",-39," "," ","0",-78," "," ","0",-28," "," ","0",-11," "," ","0",67," "," ","0",-17," "," ","0",-50," "," ","0",-72," "," ","0",-94," "," ","0",-94," "," ","0",-50," "," ","0",-250," "," ","0",-117," "," ","0",NA," "," "," ",-11," "," ","0",NA," "," "," ",NA," "," "," ",NA," "," "," "
"328","USC00392565",1994,2,"PRCP",30," "," ","0",0,"P"," ","0",13," "," ","0",0,"P"," ","0",0,"P"," ","0",0,"P"," ","0",20," "," ","0",28," "," ","0",0,"P"," ","0",0,"P"," ","0",10," "," ","0",0,"P"," ","0",0,"P"," ","0",0,"P"," ","0",0,"P"," ","0",0,"P"," ","0",0,"P"," ","0",0,"P"," ","0",0,"P"," ","0",46," "," ","0",8," "," ","0",0,"P"," ","0",8," "," ","0",0,"P"," ","0",48," "," ","0",0,"P"," ","0",0," "," ","0",0,"P"," ","0",NA," "," "," ",NA," "," "," ",NA," "," "," "
"329","USC00392565",1994,2,"SNOW",76," "," ","0",0,"P"," ","0",NA," "," "," ",0,"P"," ","0",0,"P"," ","0",0,"P"," ","0",25," "," ","0",38," "," ","0",0,"P"," ","0",0," "," ","0",0,"T"," ","0",0,"P"," ","0",0,"P"," ","0",0,"P"," ","0",0,"P"," ","0",0,"P"," ","0",0,"P"," ","0",0,"P"," ","0",0,"P"," ","0",51," "," ","0",0,"T"," ","0",0," "," ","0",0,"T"," ","0",0,"P"," ","0",102," "," ","0",0,"P"," ","0",0,"P"," ","0",0,"P"," ","0",NA," "," "," ",NA," "," "," ",NA," "," "," "
"330","USC00392565",1994,2,"SNWD",127," "," ","0",NA," "," "," ",NA," "," "," ",NA," "," "," ",NA," "," "," ",NA," "," "," ",NA," "," "," ",178," "," ","0",NA," "," "," ",NA," "," "," ",NA," "," "," ",NA," "," "," ",NA," "," "," ",NA," "," "," ",NA," "," "," ",NA," "," "," ",NA," "," "," ",NA," "," "," ",NA," "," "," ",NA," "," "," ",NA," "," "," ",NA," "," "," ",NA," "," "," ",NA," "," "," ",152," "," ","0",NA," "," "," ",NA," "," "," ",NA," "," "," ",NA," "," "," ",NA," "," "," ",NA," "," "," "
"331","USC00392565",1994,3,"TMAX",11," "," ","0",83," "," ","0",133," "," ","0",161," "," ","0",167," "," ","0",111," "," ","0",33," "," ","0",-28," "," ","0",17," "," ","0",44," "," ","0",128," "," ","0",139," "," ","0",83," "," ","0",172," "," ","0",144," "," ","0",139," "," ","0",206," "," ","0",117," "," ","0",178," "," ","0",189," "," ","0",72," "," ","0",161," "," ","0",117," "," ","0",22," "," ","0",44," "," ","0",67," "," ","0",28," "," ","0",0," "," ","0",39," "," ","0",17," "," ","0",128," "," ","0"
"332","USC00392565",1994,3,"TMIN",-50," "," ","0",-33," "," ","0",-33," "," ","0",-11," "," ","0",0," "," ","0",-17," "," ","0",-67," "," ","0",-139," "," ","0",-106," "," ","0",-72," "," ","0",-39," "," ","0",-28," "," ","0",-28," "," ","0",6," "," ","0",-44," "," ","0",-11," "," ","0",39," "," ","0",-44," "," ","0",6," "," ","0",-17," "," ","0",-61," "," ","0",-28," "," ","0",-17," "," ","0",-122," "," ","0",-83," "," ","0",-78," "," ","0",-83," "," ","0",-111," "," ","0",-56," "," ","0",-100," "," ","0",-33," "," ","0"
"333","USC00392565",1994,3,"TOBS",-6," "," ","0",-11," "," ","0",0," "," ","0",33," "," ","0",56," "," ","0",-11," "," ","0",-67," "," ","0",-83," "," ","0",-72," "," ","0",-17," "," ","0",17," "," ","0",6," "," ","0",44," "," ","0",50," "," ","0",11," "," ","0",67," "," ","0",106," "," ","0",6," "," ","0",106," "," ","0",0," "," ","0",39," "," ","0",61," "," ","0",-17," "," ","0",-83," "," ","0",-11," "," ","0",-22," "," ","0",-67," "," ","0",-50," "," ","0",-39," "," ","0",-11," "," ","0",61," "," ","0"
"334","USC00392565",1994,3,"PRCP",13," "," ","0",0,"P"," ","0",0,"P"," ","0",0,"P"," ","0",0,"P"," ","0",97," "," ","0",28," "," ","0",8," "," ","0",0,"P"," ","0",0,"P"," ","0",0,"P"," ","0",0,"P"," ","0",0,"P"," ","0",0,"P"," ","0",0,"P"," ","0",0,"P"," ","0",0,"P"," ","0",0,"P"," ","0",0,"P"," ","0",0,"P"," ","0",0,"P"," ","0",0,"P"," ","0",0,"P"," ","0",0,"P"," ","0",0,"P"," ","0",0,"P"," ","0",30," "," ","0",0,"P"," ","0",0,"P"," ","0",3," "," ","0",0,"P"," ","0"
"335","USC00392565",1994,3,"SNOW",0,"P"," ","0",0,"P"," ","0",0,"P"," ","0",0,"P"," ","0",0,"P"," ","0",76," "," ","0",25," "," ","0",0,"T"," ","0",0,"P"," ","0",0,"P"," ","0",0,"P"," ","0",0,"P"," ","0",0,"P"," ","0",0,"P"," ","0",0,"P"," ","0",0,"P"," ","0",0,"P"," ","0",0,"P"," ","0",0,"P"," ","0",0,"P"," ","0",0,"P"," ","0",0,"P"," ","0",0,"P"," ","0",0,"P"," ","0",0,"P"," ","0",0,"P"," ","0",25," "," ","0",0,"P"," ","0",0,"P"," ","0",0,"P"," ","0",0,"P"," ","0"
"336","USC00392565",1994,3,"SNWD",76," "," ","0",0,"P"," ","0",0,"P"," ","0",0,"P"," ","0",0," "," ","0",NA," "," "," ",51," "," ","0",0,"P"," ","0",0,"P"," ","0",0,"P"," ","0",0,"P"," ","0",0,"P"," ","0",0," "," ","0",0,"P"," ","0",0,"P"," ","0",0,"P"," ","0",0,"P"," ","0",0,"P"," ","0",0,"P"," ","0",0,"P"," ","0",0,"P"," ","0",0,"P"," ","0",0,"P"," ","0",0,"P"," ","0",0,"P"," ","0",0,"P"," ","0",25," "," ","0",0," "," ","0",0,"P"," ","0",0,"P"," ","0",0,"P"," ","0"
"337","USC00392565",1994,4,"TMAX",167," "," ","0",178," "," ","0",94," "," ","0",172," "," ","0",17," "," ","0",44," "," ","0",100," "," ","0",156," "," ","0",94," "," ","0",128," "," ","0",72," "," ","0",122," "," ","0",178," "," ","0",144," "," ","0",83," "," ","0",139," "," ","0",250," "," ","0",261," "," ","0",239," "," ","0",228," "," ","0",233," "," ","0",222," "," ","0",261," "," ","0",267," "," ","0",233," "," ","0",83," "," ","0",-22," "," ","0",-11," "," ","0",-6," "," ","0",11," "," ","0",NA," "," "," "
"338","USC00392565",1994,4,"TMIN",-6," "," ","0",11," "," ","0",-39," "," ","0",6," "," ","0",-94," "," ","0",-67," "," ","0",-22," "," ","0",-11," "," ","0",-44," "," ","0",6," "," ","0",-39," "," ","0",-33," "," ","0",-6," "," ","0",33," "," ","0",-50," "," ","0",-22," "," ","0",39," "," ","0",72," "," ","0",61," "," ","0",39," "," ","0",61," "," ","0",100," "," ","0",72," "," ","0",78," "," ","0",83," "," ","0",-56," "," ","0",-78," "," ","0",-56," "," ","0",-33," "," ","0",-28," "," ","0",NA," "," "," "
"339","USC00392565",1994,4,"TOBS",72," "," ","0",33," "," ","0",6," "," ","0",17," "," ","0",-67," "," ","0",6," "," ","0",6," "," ","0",-6," "," ","0",6," "," ","0",17," "," ","0",-17," "," ","0",-6," "," ","0",83," "," ","0",56," "," ","0",-22," "," ","0",50," "," ","0",72," "," ","0",122," "," ","0",111," "," ","0",83," "," ","0",100," "," ","0",122," "," ","0",94," "," ","0",94," "," ","0",83," "," ","0",-56," "," ","0",-56," "," ","0",-22," "," ","0",-28," "," ","0",-6," "," ","0",NA," "," "," "
"340","USC00392565",1994,4,"PRCP",0,"P"," ","0",0,"P"," ","0",0,"P"," ","0",20," "," ","0",36," "," ","0",0,"P"," ","0",0,"P"," ","0",91," "," ","0",0,"P"," ","0",0,"P"," ","0",0,"P"," ","0",0,"P"," ","0",0,"P"," ","0",0,"P"," ","0",3," "," ","0",0,"P"," ","0",0,"P"," ","0",0,"P"," ","0",0,"P"," ","0",0,"P"," ","0",0,"P"," ","0",0,"P"," ","0",0,"P"," ","0",0,"P"," ","0",109," "," ","0",213," "," ","0",0,"T"," ","0",25," "," ","0",0,"P"," ","0",0,"P"," ","0",NA," "," "," "
"341","USC00392565",1994,4,"SNOW",0,"P"," ","0",0,"P"," ","0",0,"P"," ","0",0,"P"," ","0",25," "," ","0",0,"P"," ","0",0,"P"," ","0",0,"P"," ","0",0,"P"," ","0",0,"P"," ","0",0,"P"," ","0",0,"P"," ","0",0,"P"," ","0",0,"P"," ","0",0,"P"," ","0",0,"P"," ","0",0,"P"," ","0",0,"P"," ","0",0,"P"," ","0",0,"P"," ","0",0,"P"," ","0",0,"P"," ","0",0,"P"," ","0",0,"P"," ","0",0,"P"," ","0",76," "," ","0",0,"T"," ","0",51," "," ","0",0,"P"," ","0",0,"P"," ","0",NA," "," "," "
"342","USC00392565",1994,4,"SNWD",0," "," ","0",0,"P"," ","0",0,"P"," ","0",0,"P"," ","0",25," "," ","0",0," "," ","0",0,"P"," ","0",0,"P"," ","0",0,"P"," ","0",0,"P"," ","0",0,"P"," ","0",0,"P"," ","0",0,"P"," ","0",0,"P"," ","0",0,"P"," ","0",0,"P"," ","0",0,"P"," ","0",0,"P"," ","0",0,"P"," ","0",0,"P"," ","0",0,"P"," ","0",0,"P"," ","0",0,"P"," ","0",0,"P"," ","0",0,"P"," ","0",NA," "," "," ",NA," "," "," ",0,"T"," ","0",0," "," ","0",0,"P"," ","0",NA," "," "," "
"343","USC00392565",1994,5,"TMAX",117," "," ","0",156," "," ","0",139," "," ","0",167," "," ","0",194," "," ","0",189," "," ","0",189," "," ","0",211," "," ","0",211," "," ","0",228," "," ","0",261," "," ","0",239," "," ","0",278," "," ","0",194," "," ","0",183," "," ","0",211," "," ","0",294," "," ","0",278," "," ","0",261," "," ","0",278," "," ","0",211," "," ","0",222," "," ","0",272," "," ","0",267," "," ","0",217," "," ","0",211," "," ","0",217," "," ","0",272," "," ","0",217," "," ","0",267," "," ","0",283," "," ","0"
"344","USC00392565",1994,5,"TMIN",-17," "," ","0",17," "," ","0",28," "," ","0",17," "," ","0",83," "," ","0",56," "," ","0",44," "," ","0",67," "," ","0",39," "," ","0",56," "," ","0",117," "," ","0",111," "," ","0",106," "," ","0",33," "," ","0",56," "," ","0",117," "," ","0",122," "," ","0",128," "," ","0",167," "," ","0",128," "," ","0",61," "," ","0",122," "," ","0",100," "," ","0",89," "," ","0",72," "," ","0",61," "," ","0",83," "," ","0",111," "," ","0",89," "," ","0",72," "," ","0",139," "," ","0"
"345","USC00392565",1994,5,"TOBS",50," "," ","0",44," "," ","0",61," "," ","0",83," "," ","0",106," "," ","0",61," "," ","0",67," "," ","0",117," "," ","0",100," "," ","0",128," "," ","0",156," "," ","0",150," "," ","0",144," "," ","0",111," "," ","0",117," "," ","0",156," "," ","0",167," "," ","0",178," "," ","0",167," "," ","0",161," "," ","0",122," "," ","0",167," "," ","0",156," "," ","0",161," "," ","0",156," "," ","0",117," "," ","0",144," "," ","0",144," "," ","0",150," "," ","0",139," "," ","0",211," "," ","0"
"346","USC00392565",1994,5,"PRCP",0,"P"," ","0",0,"P"," ","0",0,"P"," ","0",0,"P"," ","0",0,"P"," ","0",28," "," ","0",0,"P"," ","0",0,"P"," ","0",0,"P"," ","0",0,"P"," ","0",0,"P"," ","0",0,"P"," ","0",13," "," ","0",173," "," ","0",0,"P"," ","0",0,"P"," ","0",0,"P"," ","0",0,"P"," ","0",0,"P"," ","0",150," "," ","0",5," "," ","0",0,"P"," ","0",0,"P"," ","0",0,"P"," ","0",10," "," ","0",0,"P"," ","0",0,"P"," ","0",0,"P"," ","0",0,"P"," ","0",0,"P"," ","0",0,"P"," ","0"
"347","USC00392565",1994,5,"SNOW",0,"P"," ","0",0,"P"," ","0",0,"P"," ","0",0,"P"," ","0",0,"P"," ","0",0,"P"," ","0",0,"P"," ","0",0,"P"," ","0",0,"P"," ","0",0,"P"," ","0",0,"P"," ","0",0,"P"," ","0",0,"P"," ","0",0,"P"," ","0",0,"P"," ","0",0,"P"," ","0",0,"P"," ","0",0,"P"," ","0",0,"P"," ","0",0,"P"," ","0",0,"P"," ","0",0,"P"," ","0",0,"P"," ","0",0,"P"," ","0",0,"P"," ","0",0,"P"," ","0",0,"P"," ","0",0,"P"," ","0",0,"P"," ","0",0,"P"," ","0",0,"P"," ","0"
"348","USC00392565",1994,5,"SNWD",0," "," ","0",0,"P"," ","0",0,"P"," ","0",0,"P"," ","0",0,"P"," ","0",0,"P"," ","0",0,"P"," ","0",0,"P"," ","0",0,"P"," ","0",0,"P"," ","0",0,"P"," ","0",0,"P"," ","0",0,"P"," ","0",0,"P"," ","0",0,"P"," ","0",0,"P"," ","0",0,"P"," ","0",0,"P"," ","0",0,"P"," ","0",0,"P"," ","0",0,"P"," ","0",0,"P"," ","0",0,"P"," ","0",0,"P"," ","0",0,"P"," ","0",0,"P"," ","0",0,"P"," ","0",0,"P"," ","0",0,"P"," ","0",0,"P"," ","0",0,"P"," ","0"
"349","USC00392565",1994,6,"TMAX",261," "," ","0",267," "," ","0",233," "," ","0",278," "," ","0",317," "," ","0",289," "," ","0",294," "," ","0",267," "," ","0",189," "," ","0",211," "," ","0",222," "," ","0",NA," "," "," ",272," "," ","0",317," "," ","0",239," "," ","0",211," "," ","0",217," "," ","0",239," "," ","0",344," "," ","0",NA," "," "," ",NA," "," "," ",278," "," ","0",228," "," ","0",289," "," ","0",322," "," ","0",261," "," ","0",350," "," ","0",250," "," ","0",289," "," ","0",328," "," ","0",NA," "," "," "
"350","USC00392565",1994,6,"TMIN",144," "," ","0",128," "," ","0",106," "," ","0",144," "," ","0",94," "," ","0",172," "," ","0",156," "," ","0",94," "," ","0",22," "," ","0",44," "," ","0",67," "," ","0",NA," "," "," ",106," "," ","0",133," "," ","0",100," "," ","0",94," "," ","0",117," "," ","0",133," "," ","0",NA," "," "," ",NA," "," "," ",122," "," ","0",144," "," ","0",94," "," ","0",106," "," ","0",133," "," ","0",72," "," ","0",133," "," ","0",78," "," ","0",139," "," ","0",117," "," ","0",NA," "," "," "
"351","USC00392565",1994,6,"TOBS",172," "," ","0",139," "," ","0",150," "," ","0",183," "," ","0",172," "," ","0",222," "," ","0",194," "," ","0",128," "," ","0",89," "," ","0",144," "," ","0",144," "," ","0",NA," "," "," ",211," "," ","0",189," "," ","0",122," "," ","0",117," "," ","0",133," "," ","0",161," "," ","0",NA," "," "," ",NA," "," "," ",200," "," ","0",161," "," ","0",156," "," ","0",189," "," ","0",222," "," ","0",161," "," ","0",156," "," ","0",161," "," ","0",222," "," ","0",222," "," ","0",NA," "," "," "
"352","USC00392565",1994,6,"PRCP",0,"P"," ","0",20," "," ","0",13," "," ","0",0,"P"," ","0",8," "," ","0",0,"P"," ","0",0,"P"," ","0",183," "," ","0",33," "," ","0",0,"P"," ","0",0,"P"," ","0",0," "," ","0",5," "," ","0",0,"P"," ","0",0,"P"," ","0",8," "," ","0",0,"P"," ","0",0,"P"," ","0",0," "," ","0",0," "," ","0",23," "," ","0",173," "," ","0",142," "," ","0",0,"P"," ","0",0,"P"," ","0",0,"P"," ","0",0,"P"," ","0",0,"P"," ","0",0,"P"," ","0",0,"P"," ","0",NA," "," "," "
"353","USC00392565",1994,6,"SNOW",0,"P"," ","0",0,"P"," ","0",0,"P"," ","0",0,"P"," ","0",0,"P"," ","0",0,"P"," ","0",0,"P"," ","0",0,"P"," ","0",0,"P"," ","0",0,"P"," ","0",0,"P"," ","0",0,"P"," ","0",0,"P"," ","0",0,"P"," ","0",0,"P"," ","0",0,"P"," ","0",0,"P"," ","0",0,"P"," ","0",0,"P"," ","0",0,"P"," ","0",0,"P"," ","0",0,"P"," ","0",0,"P"," ","0",0,"P"," ","0",0,"P"," ","0",0,"P"," ","0",0,"P"," ","0",0,"P"," ","0",0,"P"," ","0",0,"P"," ","0",NA," "," "," "
"354","USC00392565",1994,6,"SNWD",0," "," ","0",0,"P"," ","0",0,"P"," ","0",0,"P"," ","0",0,"P"," ","0",0,"P"," ","0",0,"P"," ","0",0,"P"," ","0",0,"P"," ","0",0,"P"," ","0",0,"P"," ","0",0,"P"," ","0",0,"P"," ","0",0,"P"," ","0",0,"P"," ","0",0,"P"," ","0",0,"P"," ","0",0,"P"," ","0",0,"P"," ","0",0,"P"," ","0",0,"P"," ","0",0,"P"," ","0",0,"P"," ","0",0,"P"," ","0",0,"P"," ","0",0,"P"," ","0",0,"P"," ","0",0,"P"," ","0",0,"P"," ","0",0,"P"," ","0",NA," "," "," "
"355","USC00392565",1994,7,"TMAX",322," "," ","0",294," "," ","0",317," "," ","0",278," "," ","0",311," "," ","0",289," "," ","0",217," "," ","0",172," "," ","0",244," "," ","0",317," "," ","0",367," "," ","0",289," "," ","0",283," "," ","0",233," "," ","0",256," "," ","0",278," "," ","0",256," "," ","0",300," "," ","0",350," "," ","0",250," "," ","0",239," "," ","0",283," "," ","0",333," "," ","0",283," "," ","0",267," "," ","0",294," "," ","0",NA," "," "," ",NA," "," "," ",333," "," ","0",311," "," ","0",339," "," ","0"
"356","USC00392565",1994,7,"TMIN",189," "," ","0",122," "," ","0",122," "," ","0",106," "," ","0",139," "," ","0",156," "," ","0",122," "," ","0",50," "," ","0",122," "," ","0",167," "," ","0",150," "," ","0",172," "," ","0",122," "," ","0",89," "," ","0",111," "," ","0",117," "," ","0",111," "," ","0",167," "," ","0",167," "," ","0",89," "," ","0",83," "," ","0",128," "," ","0",161," "," ","0",183," "," ","0",117," "," ","0",78," "," ","0",NA," "," "," ",NA," "," "," ",111," "," ","0",144," "," ","0",200," "," ","0"
"357","USC00392565",1994,7,"TOBS",217," "," ","0",178," "," ","0",194," "," ","0",189," "," ","0",172," "," ","0",183," "," ","0",133," "," ","0",128," "," ","0",167," "," ","0",217," "," ","0",211," "," ","0",211," "," ","0",161," "," ","0",161," "," ","0",183," "," ","0",128," "," ","0",167," "," ","0",211," "," ","0",194," "," ","0",156," "," ","0",156," "," ","0",189," "," ","0",200," "," ","0",211," "," ","0",211," "," ","0",128," "," ","0",NA," "," "," ",NA," "," "," ",222," "," ","0",200," "," ","0",206," "," ","0"
"358","USC00392565",1994,7,"PRCP",0,"P"," ","0",0,"P"," ","0",0,"P"," ","0",0,"P"," ","0",0,"P"," ","0",53," "," ","0",3," "," ","0",15," "," ","0",0,"P"," ","0",0,"P"," ","0",0,"P"," ","0",0,"P"," ","0",81," "," ","0",5," "," ","0",0,"T"," ","0",20," "," ","0",0,"P"," ","0",0,"P"," ","0",0,"P"," ","0",0,"P"," ","0",0,"P"," ","0",0,"P"," ","0",0,"P"," ","0",0,"P"," ","0",0,"P"," ","0",23," "," ","0",0," "," ","0",0," "," ","0",0,"P"," ","0",0,"P"," ","0",0,"P"," ","0"
"359","USC00392565",1994,7,"SNOW",0,"P"," ","0",0,"P"," ","0",0,"P"," ","0",0,"P"," ","0",0,"P"," ","0",0,"P"," ","0",0,"P"," ","0",0,"P"," ","0",0,"P"," ","0",0,"P"," ","0",0,"P"," ","0",0,"P"," ","0",0,"P"," ","0",0,"P"," ","0",0,"P"," ","0",0,"P"," ","0",0,"P"," ","0",0,"P"," ","0",0,"P"," ","0",0,"P"," ","0",0,"P"," ","0",0,"P"," ","0",0,"P"," ","0",0,"P"," ","0",0,"P"," ","0",0,"P"," ","0",0,"P"," ","0",0,"P"," ","0",0,"P"," ","0",0,"P"," ","0",0,"P"," ","0"
"360","USC00392565",1994,7,"SNWD",0," "," ","0",0,"P"," ","0",0,"P"," ","0",0,"P"," ","0",0,"P"," ","0",0,"P"," ","0",0,"P"," ","0",0,"P"," ","0",0,"P"," ","0",0,"P"," ","0",0,"P"," ","0",0,"P"," ","0",0,"P"," ","0",0,"P"," ","0",0,"P"," ","0",0,"P"," ","0",0,"P"," ","0",0,"P"," ","0",0,"P"," ","0",0,"P"," ","0",0,"P"," ","0",0,"P"," ","0",0,"P"," ","0",0,"P"," ","0",0,"P"," ","0",0,"P"," ","0",0,"P"," ","0",0,"P"," ","0",0,"P"," ","0",0,"P"," ","0",0,"P"," ","0"
"361","USC00392565",1994,7,"WT05",NA," "," "," ",NA," "," "," ",NA," "," "," ",NA," "," "," ",NA," "," "," ",NA," "," "," ",NA," "," "," ",NA," "," "," ",NA," "," "," ",NA," "," "," ",NA," "," "," ",NA," "," "," ",1," "," ","0",NA," "," "," ",NA," "," "," ",NA," "," "," ",NA," "," "," ",NA," "," "," ",NA," "," "," ",NA," "," "," ",NA," "," "," ",NA," "," "," ",NA," "," "," ",NA," "," "," ",NA," "," "," ",NA," "," "," ",NA," "," "," ",NA," "," "," ",NA," "," "," ",NA," "," "," ",NA," "," "," "
"362","USC00392565",1994,8,"TMAX",283," "," ","0",306," "," ","0",283," "," ","0",267," "," ","0",256," "," ","0",328," "," ","0",350," "," ","0",322," "," ","0",261," "," ","0",300," "," ","0",289," "," ","0",306," "," ","0",306," "," ","0",267," "," ","0",311," "," ","0",339," "," ","0",344," "," ","0",317," "," ","0",333," "," ","0",NA," "," "," ",283," "," ","0",333," "," ","0",339," "," ","0",283," "," ","0",350," "," ","0",333," "," ","0",361," "," ","0",311," "," ","0",306," "," ","0",311," "," ","0",228," "," ","0"
"363","USC00392565",1994,8,"TMIN",133," "," ","0",167," "," ","0",128," "," ","0",122," "," ","0",156," "," ","0",156," "," ","0",161," "," ","0",156," "," ","0",172," "," ","0",178," "," ","0",167," "," ","0",167," "," ","0",178," "," ","0",133," "," ","0",150," "," ","0",144," "," ","0",94," "," ","0",156," "," ","0",NA," "," "," ",111," "," ","0",133," "," ","0",156," "," ","0",128," "," ","0",133," "," ","0",150," "," ","0",167," "," ","0",139," "," ","0",94," "," ","0",150," "," ","0",122," "," ","0",61," "," ","0"
"364","USC00392565",1994,8,"TOBS",167," "," ","0",194," "," ","0",167," "," ","0",178," "," ","0",178," "," ","0",200," "," ","0",200," "," ","0",172," "," ","0",183," "," ","0",183," "," ","0",183," "," ","0",194," "," ","0",189," "," ","0",172," "," ","0",200," "," ","0",189," "," ","0",156," "," ","0",211," "," ","0",NA," "," "," ",150," "," ","0",161," "," ","0",211," "," ","0",144," "," ","0",172," "," ","0",206," "," ","0",178," "," ","0",178," "," ","0",150," "," ","0",183," "," ","0",167," "," ","0",61," "," ","0"
"365","USC00392565",1994,8,"PRCP",0,"P"," ","0",0,"P"," ","0",76," "," ","0",61," "," ","0",0,"P"," ","0",0,"P"," ","0",0,"P"," ","0",0,"P"," ","0",0,"P"," ","0",0,"P"," ","0",58," "," ","0",8," "," ","0",0,"P"," ","0",0,"P"," ","0",0,"P"," ","0",0,"P"," ","0",0,"P"," ","0",0,"P"," ","0",0,"P"," ","0",0,"P"," ","0",0,"P"," ","0",0,"P"," ","0",0,"P"," ","0",0,"P"," ","0",0,"P"," ","0",0,"P"," ","0",0,"P"," ","0",0,"P"," ","0",0,"P"," ","0",0,"P"," ","0",30," "," ","0"
"366","USC00392565",1994,8,"SNOW",0,"P"," ","0",0,"P"," ","0",0,"P"," ","0",0,"P"," ","0",0,"P"," ","0",0,"P"," ","0",0,"P"," ","0",0,"P"," ","0",0,"P"," ","0",0,"P"," ","0",0,"P"," ","0",0,"P"," ","0",0,"P"," ","0",0,"P"," ","0",0,"P"," ","0",0,"P"," ","0",0,"P"," ","0",0,"P"," ","0",0,"P"," ","0",0,"P"," ","0",0,"P"," ","0",0,"P"," ","0",0,"P"," ","0",0,"P"," ","0",0,"P"," ","0",0,"P"," ","0",0,"P"," ","0",0,"P"," ","0",0,"P"," ","0",0,"P"," ","0",0,"P"," ","0"
"367","USC00392565",1994,8,"SNWD",0," "," ","0",0,"P"," ","0",0,"P"," ","0",0,"P"," ","0",0,"P"," ","0",0,"P"," ","0",0,"P"," ","0",0,"P"," ","0",0,"P"," ","0",0,"P"," ","0",0,"P"," ","0",0,"P"," ","0",0,"P"," ","0",0,"P"," ","0",0,"P"," ","0",0,"P"," ","0",0,"P"," ","0",0,"P"," ","0",0,"P"," ","0",0,"P"," ","0",0,"P"," ","0",0,"P"," ","0",0,"P"," ","0",0,"P"," ","0",0,"P"," ","0",0,"P"," ","0",0,"P"," ","0",0,"P"," ","0",0,"P"," ","0",0,"P"," ","0",0,"P"," ","0"
"368","USC00392565",1994,9,"TMAX",78," "," ","0",122," "," ","0",239," "," ","0",267," "," ","0",256," "," ","0",239," "," ","0",294," "," ","0",306," "," ","0",333," "," ","0",328," "," ","0",294," "," ","0",311," "," ","0",306," "," ","0",294," "," ","0",256," "," ","0",183," "," ","0",256," "," ","0",289," "," ","0",NA," "," "," ",261," "," ","0",250," "," ","0",94," "," ","0",NA," "," "," ",NA," "," "," ",NA," "," "," ",NA," "," "," ",261," "," ","0",261," "," ","0",300," "," ","0",267," "," ","0",NA," "," "," "
"369","USC00392565",1994,9,"TMIN",56," "," ","0",117," ","I","0",111," ","I","0",83," "," ","0",44," "," ","0",106," "," ","0",106," "," ","0",128," "," ","0",117," "," ","0",128," "," ","0",156," "," ","0",150," "," ","0",128," "," ","0",122," "," ","0",78," "," ","0",44," "," ","0",78," "," ","0",83," "," ","0",NA," "," "," ",78," "," ","0",78," "," ","0",-28," "," ","0",NA," "," "," ",NA," "," "," ",NA," "," "," ",6," "," ","0",56," "," ","0",61," "," ","0",78," "," ","0",94," "," ","0",NA," "," "," "
"370","USC00392565",1994,9,"TOBS",67," "," ","0",67," ","I","0",167," "," ","0",139," "," ","0",106," "," ","0",133," "," ","0",133," "," ","0",167," "," ","0",156," "," ","0",167," "," ","0",200," "," ","0",178," "," ","0",144," "," ","0",139," "," ","0",94," "," ","0",78," "," ","0",133," "," ","0",139," "," ","0",NA," "," "," ",106," "," ","0",78," "," ","0",6," "," ","0",NA," "," "," ",NA," "," "," ",NA," "," "," ",78," "," ","0",67," "," ","0",78," "," ","0",94," "," ","0",100," "," ","0",NA," "," "," "
"371","USC00392565",1994,9,"PRCP",10," "," ","0",3," "," ","0",5," "," ","0",0,"P"," ","0",0,"P"," ","0",0,"P"," ","0",0,"P"," ","0",0,"P"," ","0",0,"P"," ","0",0,"P"," ","0",0,"P"," ","0",0,"P"," ","0",3," "," ","0",15," "," ","0",8," "," ","0",0,"P"," ","0",0,"P"," ","0",0,"P"," ","0",0," "," ","0",0,"P"," ","0",0,"T"," ","0",0,"T"," ","0",0," "," ","0",0," "," ","0",0," "," ","0",0," "," ","0",0,"P"," ","0",0,"P"," ","0",0,"P"," ","0",0,"P"," ","0",NA," "," "," "
"372","USC00392565",1994,9,"SNOW",0,"P"," ","0",0,"P"," ","0",0,"P"," ","0",0,"P"," ","0",0,"P"," ","0",0,"P"," ","0",0,"P"," ","0",0,"P"," ","0",0,"P"," ","0",0,"P"," ","0",0,"P"," ","0",0,"P"," ","0",0,"P"," ","0",0,"P"," ","0",0,"P"," ","0",0,"P"," ","0",0,"P"," ","0",0,"P"," ","0",0,"P"," ","0",0,"P"," ","0",0,"P"," ","0",0,"P"," ","0",0,"P"," ","0",0,"P"," ","0",0,"P"," ","0",0,"P"," ","0",0,"P"," ","0",0,"P"," ","0",0,"P"," ","0",0,"P"," ","0",NA," "," "," "
"373","USC00392565",1994,9,"SNWD",0," "," ","0",0,"P"," ","0",0,"P"," ","0",0,"P"," ","0",0,"P"," ","0",0,"P"," ","0",0,"P"," ","0",0,"P"," ","0",0,"P"," ","0",0,"P"," ","0",0,"P"," ","0",0,"P"," ","0",0,"P"," ","0",0,"P"," ","0",0,"P"," ","0",0,"P"," ","0",0,"P"," ","0",0,"P"," ","0",0,"P"," ","0",0,"P"," ","0",0,"P"," ","0",0,"P"," ","0",0,"P"," ","0",0,"P"," ","0",0,"P"," ","0",0,"P"," ","0",0,"P"," ","0",0,"P"," ","0",0,"P"," ","0",0,"P"," ","0",NA," "," "," "
"374","USC00392565",1994,10,"TMAX",111," "," ","0",144," "," ","0",83," "," ","0",NA," "," "," ",133," "," ","0",233," "," ","0",106," "," ","0",128," "," ","0",139," "," ","0",200," "," ","0",217," "," ","0",250," "," ","0",139," "," ","0",89," "," ","0",217," "," ","0",89," "," ","0",89," "," ","0",67," "," ","0",106," "," ","0",139," "," ","0",161," "," ","0",167," "," ","0",94," "," ","0",128," "," ","0",83," "," ","0",139," "," ","0",200," "," ","0",172," "," ","0",128," "," ","0",89," "," ","0",NA," "," "," "
"375","USC00392565",1994,10,"TMIN",78," "," ","0",50," "," ","0",56," "," ","0",NA," "," "," ",61," "," ","0",100," "," ","0",-6," "," ","0",-17," "," ","0",-17," "," ","0",22," "," ","0",39," "," ","0",72," "," ","0",39," "," ","0",39," "," ","0",72," "," ","0",33," "," ","0",39," "," ","0",39," "," ","0",6," "," ","0",-6," "," ","0",-11," "," ","0",-6," "," ","0",-33," "," ","0",-39," "," ","0",-39," "," ","0",-39," "," ","0",-6," "," ","0",22," "," ","0",-50," "," ","0",-50," "," ","0",NA," "," "," "
"376","USC00392565",1994,10,"TOBS",94," "," ","0",56," "," ","0",67," "," ","0",NA," "," "," ",100," "," ","0",100," "," ","0",22," "," ","0",-17," "," ","0",22," "," ","0",39," "," ","0",72," "," ","0",83," "," ","0",44," "," ","0",72," "," ","0",89," "," ","0",56," "," ","0",39," "," ","0",56," "," ","0",6," "," ","0",6," "," ","0",33," "," ","0",-6," "," ","0",-28," "," ","0",-39," "," ","0",-39," "," ","0",-6," "," ","0",28," "," ","0",33," "," ","0",-50," "," ","0",-22," "," ","0",NA," "," "," "
"377","USC00392565",1994,10,"PRCP",41," "," ","0",10," "," ","0",5," "," ","0",NA," "," "," ",0,"P"," ","0",391," "," ","0",86," "," ","0",0,"P"," ","0",0,"P"," ","0",0,"P"," ","0",0,"P"," ","0",0,"P"," ","0",0,"P"," ","0",0,"P"," ","0",10," "," ","0",188," "," ","0",3," "," ","0",109," "," ","0",0,"P"," ","0",0,"P"," ","0",0,"P"," ","0",10," "," ","0",0,"P"," ","0",0,"P"," ","0",0,"P"," ","0",0,"P"," ","0",0,"P"," ","0",0,"P"," ","0",0,"P"," ","0",0,"P"," ","0",0," "," ","0"
"378","USC00392565",1994,10,"SNOW",0,"P"," ","0",0,"P"," ","0",0,"P"," ","0",0,"P"," ","0",0,"P"," ","0",0,"P"," ","0",0,"P"," ","0",0,"P"," ","0",0,"P"," ","0",0,"P"," ","0",0,"P"," ","0",0,"P"," ","0",0,"P"," ","0",0,"P"," ","0",0,"P"," ","0",0,"P"," ","0",0,"P"," ","0",0,"P"," ","0",0,"P"," ","0",0,"P"," ","0",0,"P"," ","0",0,"P"," ","0",0,"P"," ","0",0,"P"," ","0",0,"P"," ","0",0,"P"," ","0",0,"P"," ","0",0,"P"," ","0",0,"P"," ","0",0,"P"," ","0",0,"P"," ","0"
"379","USC00392565",1994,10,"SNWD",0," "," ","0",0,"P"," ","0",0,"P"," ","0",0,"P"," ","0",0,"P"," ","0",0,"P"," ","0",0,"P"," ","0",0,"P"," ","0",0,"P"," ","0",0,"P"," ","0",0,"P"," ","0",0,"P"," ","0",0,"P"," ","0",0,"P"," ","0",0,"P"," ","0",0,"P"," ","0",0,"P"," ","0",0,"P"," ","0",0,"P"," ","0",0,"P"," ","0",0,"P"," ","0",0,"P"," ","0",0,"P"," ","0",0,"P"," ","0",0,"P"," ","0",0,"P"," ","0",0,"P"," ","0",0,"P"," ","0",0,"P"," ","0",0,"P"," ","0",0,"P"," ","0"
"380","USC00392565",1994,11,"TMAX",122," "," ","0",167," "," ","0",11," "," ","0",-17," "," ","0",NA," "," "," ",56," "," ","0",106," "," ","0",133," "," ","0",11," "," ","0",72," "," ","0",144," "," ","0",161," "," ","0",139," "," ","0",39," "," ","0",28," "," ","0",78," "," ","0",111," "," ","0",6," "," ","0",-44," "," ","0",39," "," ","0",78," "," ","0",-17," "," ","0",-6," "," ","0",89," "," ","0",78," "," ","0",106," "," ","0",72," "," ","0",-17," "," ","0",-28," "," ","0",6," "," ","0",NA," "," "," "
"381","USC00392565",1994,11,"TMIN",-44," "," ","0",6," "," ","0",-50," "," ","0",-78," "," ","0",NA," "," "," ",NA," "," "," ",6," "," ","0",0," "," ","0",-22," "," ","0",-22," "," ","0",-22," "," ","0",-6," "," ","0",6," "," ","0",-72," "," ","0",-94," "," ","0",-72," "," ","0",0," "," ","0",-106," "," ","0",-117," "," ","0",-106," "," ","0",-100," "," ","0",-133," "," ","0",-111," "," ","0",-61," "," ","0",-61," "," ","0",-56," "," ","0",-56," "," ","0",-128," "," ","0",-72," "," ","0",-78," "," ","0",NA," "," "," "
"382","USC00392565",1994,11,"TOBS",117," "," ","0",6," "," ","0",-50," "," ","0",-78," "," ","0",NA," "," "," ",6," "," ","0",33," "," ","0",0," "," ","0",-17," "," ","0",11," "," ","0",-6," "," ","0",67," "," ","0",6," "," ","0",-33," "," ","0",-72," "," ","0",61," "," ","0",0," "," ","0",-94," "," ","0",-106," "," ","0",-72," "," ","0",-83," "," ","0",-94," "," ","0",-56," "," ","0",-22," "," ","0",-33," "," ","0",-28," "," ","0",-56," "," ","0",-72," "," ","0",-72," "," ","0",6," "," ","0",NA," "," "," "
"383","USC00392565",1994,11,"PRCP",0,"P"," ","0",0,"P"," ","0",155," "," ","0",8," "," ","0",0," "," ","0",0," "," ","0",0,"P"," ","0",33," "," ","0",8," "," ","0",0,"P"," ","0",0,"P"," ","0",0,"P"," ","0",13," "," ","0",0,"P"," ","0",0,"P"," ","0",0,"P"," ","0",0,"P"," ","0",13," "," ","0",0,"P"," ","0",0,"P"," ","0",0,"P"," ","0",0,"P"," ","0",0,"P"," ","0",0,"P"," ","0",0,"P"," ","0",0,"P"," ","0",0,"T"," ","0",0,"P"," ","0",3," "," ","0",0,"P"," ","0",NA," "," "," "
"384","USC00392565",1994,11,"SNOW",0,"P"," ","0",0,"P"," ","0",152," "," ","0",NA," "," "," ",0,"P"," ","0",0,"P"," ","0",0,"P"," ","0",NA," "," "," ",0,"P"," ","0",0,"P"," ","0",0,"P"," ","0",0,"P"," ","0",0,"P"," ","0",0,"P"," ","0",0,"P"," ","0",0,"P"," ","0",0,"P"," ","0",25," "," ","0",0,"P"," ","0",0,"P"," ","0",0,"P"," ","0",0,"P"," ","0",0,"P"," ","0",0,"P"," ","0",0," "," ","0",0,"P"," ","0",0,"T"," ","0",0,"P"," ","0",0,"T"," ","0",0,"P"," ","0",NA," "," "," "
"385","USC00392565",1994,11,"SNWD",0," "," ","0",0,"P"," ","0",152," "," ","0",102," "," ","0",NA," "," "," ",0," "," ","0",0," "," ","0",0,"T"," ","0",0,"P"," ","0",0,"P"," ","0",0,"P"," ","0",0,"P"," ","0",0,"P"," ","0",0,"P"," ","0",0,"P"," ","0",0,"P"," ","0",0," "," ","0",0,"T"," ","0",0,"P"," ","0",0,"P"," ","0",0,"P"," ","0",0,"P"," ","0",0,"P"," ","0",0,"P"," ","0",0,"P"," ","0",0," "," ","0",0,"T"," ","0",0," "," ","0",0,"T"," ","0",0,"P"," ","0",NA," "," "," "
"386","USC00392565",1994,12,"TMAX",NA," "," "," ",139," "," ","0",100," "," ","0",111," "," ","0",-94," "," ","0",-78," "," ","0",0," "," ","0",22," "," ","0",-22," "," ","0",-6," "," ","0",-11," "," ","0",50," "," ","0",22," "," ","0",56," "," ","0",-11," "," ","0",0," "," ","0",50," "," ","0",50," "," ","0",117," "," ","0",50," "," ","0",78," "," ","0",100," "," ","0",117," "," ","0",111," "," ","0",106," "," ","0",106," "," ","0",89," "," ","0",94," "," ","0",89," "," ","0",22," "," ","0",-56," "," ","0"
"387","USC00392565",1994,12,"TMIN",-17," "," ","0",-33," "," ","0",-33," "," ","0",-94," "," ","0",-128," "," ","0",-122," "," ","0",-106," "," ","0",-133," "," ","0",-161," "," ","0",-161," "," ","0",-139," "," ","0",-111," "," ","0",-111," "," ","0",-67," "," ","0",-150," "," ","0",-150," "," ","0",-117," "," ","0",-61," "," ","0",-50," "," ","0",-83," "," ","0",-83," "," ","0",-61," "," ","0",-56," "," ","0",-44," "," ","0",-17," "," ","0",-50," "," ","0",-44," "," ","0",-33," "," ","0",-28," "," ","0",-61," "," ","0",-133," "," ","0"
"388","USC00392565",1994,12,"TOBS",NA," "," "," ",28," "," ","0",-17," "," ","0",-94," "," ","0",-117," "," ","0",-94," "," ","0",0," "," ","0",-117," "," ","0",-144," "," ","0",-139," "," ","0",-61," "," ","0",-111," "," ","0",-61," "," ","0",-39," "," ","0",-122," "," ","0",-117," "," ","0",-39," "," ","0",-39," "," ","0",28," "," ","0",-83," "," ","0",-44," "," ","0",-56," "," ","0",-44," "," ","0",-11," "," ","0",6," "," ","0",-33," "," ","0",-33," "," ","0",-17," "," ","0",-22," "," ","0",-61," "," ","0",-133," "," ","0"
"389","USC00392565",1994,12,"PRCP",0," "," ","0",0,"P"," ","0",0,"P"," ","0",0,"P"," ","0",0,"P"," ","0",0,"P"," ","0",0,"P"," ","0",38," "," ","0",0,"P"," ","0",0,"P"," ","0",0,"P"," ","0",0,"P"," ","0",0,"P"," ","0",25," "," ","0",0,"P"," ","0",0,"P"," ","0",0,"P"," ","0",0,"P"," ","0",0,"P"," ","0",0,"P"," ","0",0,"P"," ","0",0,"P"," ","0",0,"P"," ","0",0,"P"," ","0",0,"P"," ","0",0,"P"," ","0",0,"P"," ","0",0,"P"," ","0",0,"P"," ","0",15," "," ","0",61," "," ","0"
"390","USC00392565",1994,12,"SNOW",0,"P"," ","0",0,"P"," ","0",0,"P"," ","0",0,"P"," ","0",0,"P"," ","0",0,"P"," ","0",0,"P"," ","0",51," "," ","0",0,"P"," ","0",0,"P"," ","0",0,"P"," ","0",0,"P"," ","0",0,"P"," ","0",25," "," ","0",0,"P"," ","0",0,"P"," ","0",0,"P"," ","0",0,"P"," ","0",0,"P"," ","0",0,"P"," ","0",0,"P"," ","0",0,"P"," ","0",0,"P"," ","0",0,"P"," ","0",0,"P"," ","0",0,"P"," ","0",0,"P"," ","0",0,"P"," ","0",0,"P"," ","0",25," "," ","0",127," "," ","0"
"391","USC00392565",1994,12,"SNWD",0," "," ","0",0,"P"," ","0",0,"P"," ","0",0,"P"," ","0",0,"P"," ","0",0,"P"," ","0",0,"P"," ","0",51," "," ","0",NA," "," "," ",NA," "," "," ",25," "," ","0",0,"P"," ","0",0,"P"," ","0",51," "," ","0",NA," "," "," ",25," "," ","0",0,"P"," ","0",0,"P"," ","0",0," "," ","0",0,"P"," ","0",0,"P"," ","0",0,"P"," ","0",0,"P"," ","0",0,"P"," ","0",0,"P"," ","0",0,"P"," ","0",0,"P"," ","0",0,"P"," ","0",0,"P"," ","0",25," "," ","0",152," "," ","0"
"392","USC00392565",1995,1,"TMAX",-128," "," ","0",-33," "," ","0",-61," "," ","0",-72," "," ","0",-33," "," ","0",50," "," ","0",-50," "," ","0",33," "," ","0",61," "," ","0",89," "," ","0",111," "," ","0",78," "," ","0",67," "," ","0",67," "," ","0",117," "," ","0",106," "," ","0",-28," "," ","0",-33," "," ","0",11," "," ","0",67," "," ","0",-6," "," ","0",17," "," ","0",0," "," ","0",50," "," ","0",78," "," ","0",100," "," ","0",122," "," ","0",67," "," ","0",33," "," ","0",39," "," ","0",106," "," ","0"
"393","USC00392565",1995,1,"TMIN",-200," "," ","0",-189," "," ","0",-261," "," ","0",-261," "," ","0",-244," "," ","0",-183," "," ","0",-178," "," ","0",-72," "," ","0",-67," "," ","0",-17," "," ","0",17," "," ","0",-39," "," ","0",-61," "," ","0",-56," "," ","0",-17," "," ","0",-39," "," ","0",-78," "," ","0",-111," "," ","0",-106," "," ","0",-33," "," ","0",-122," "," ","0",-139," "," ","0",-133," "," ","0",-117," "," ","0",-106," "," ","0",-44," "," ","0",-33," "," ","0",-22," "," ","0",-94," "," ","0",-94," "," ","0",-83," "," ","0"
"394","USC00392565",1995,1,"TOBS",-144," "," ","0",-178," "," ","0",-178," "," ","0",-244," "," ","0",-111," "," ","0",-172," "," ","0",-50," "," ","0",-67," "," ","0",39," "," ","0",28," "," ","0",44," "," ","0",-39," "," ","0",-56," "," ","0",-11," "," ","0",-6," "," ","0",-33," "," ","0",-78," "," ","0",-106," "," ","0",-11," "," ","0",-33," "," ","0",-111," "," ","0",-133," "," ","0",-56," "," ","0",-106," "," ","0",-44," "," ","0",-6," "," ","0",-22," "," ","0",-17," "," ","0",-94," "," ","0",-83," "," ","0",22," "," ","0"
"395","USC00392565",1995,1,"PRCP",0,"P"," ","0",0,"P"," ","0",0,"P"," ","0",0,"P"," ","0",0,"P"," ","0",0,"P"," ","0",0,"P"," ","0",25," "," ","0",0,"P"," ","0",0,"P"," ","0",0,"P"," ","0",0,"P"," ","0",0,"P"," ","0",0,"P"," ","0",0,"P"," ","0",0,"T"," ","0",0,"T"," ","0",0,"P"," ","0",0,"P"," ","0",0,"T"," ","0",0,"P"," ","0",0,"P"," ","0",0,"P"," ","0",0,"P"," ","0",0,"P"," ","0",0,"P"," ","0",0,"P"," ","0",8," "," ","0",0,"P"," ","0",0,"P"," ","0",0,"P"," ","0"
"396","USC00392565",1995,1,"SNOW",0,"P"," ","0",0,"P"," ","0",0,"P"," ","0",0,"P"," ","0",0,"P"," ","0",0,"P"," ","0",0,"P"," ","0",13," "," ","0",0,"P"," ","0",0,"P"," ","0",0,"P"," ","0",0,"P"," ","0",0,"P"," ","0",0,"P"," ","0",0,"P"," ","0",0,"P"," ","0",0,"T"," ","0",0,"P"," ","0",0,"P"," ","0",0,"T"," ","0",0,"P"," ","0",0,"P"," ","0",0,"P"," ","0",0,"P"," ","0",0,"P"," ","0",0,"P"," ","0",0,"P"," ","0",NA," "," "," ",0,"P"," ","0",0,"P"," ","0",0,"P"," ","0"
"397","USC00392565",1995,1,"SNWD",152," "," ","0",152," "," ","0",152," "," ","0",127," "," ","0",102," "," ","0",76," "," ","0",NA," "," "," ",51," "," ","0",NA," "," "," ",NA," "," "," ",0,"T"," ","0",0,"T"," ","0",0,"P"," ","0",0," "," ","0",0," "," ","0",0,"P"," ","0",0,"T"," ","0",0,"P"," ","0",0," "," ","0",0,"T"," ","0",0," "," ","0",0,"P"," ","0",0,"P"," ","0",0,"P"," ","0",0," "," ","0",0,"P"," ","0",0,"P"," ","0",0,"T"," ","0",0,"P"," ","0",0,"P"," ","0",0,"P"," ","0"
"398","USC00392565",1995,2,"TMAX",117," "," ","0",139," "," ","0",56," "," ","0",89," "," ","0",78," "," ","0",56," "," ","0",33," "," ","0",33," "," ","0",61," "," ","0",67," "," ","0",-61," "," ","0",-89," "," ","0",-111," "," ","0",-67," "," ","0",-50," "," ","0",-39," "," ","0",22," "," ","0",72," "," ","0",72," "," ","0",106," "," ","0",117," "," ","0",167," "," ","0",117," "," ","0",78," "," ","0",183," "," ","0",183," "," ","0",128," "," ","0",-50," "," ","0",NA," "," "," ",NA," "," "," ",NA," "," "," "
"399","USC00392565",1995,2,"TMIN",-22," "," ","0",0," "," ","0",-39," "," ","0",-44," "," ","0",-72," "," ","0",-72," "," ","0",-139," "," ","0",-111," "," ","0",-94," "," ","0",-83," "," ","0",-189," "," ","0",-189," "," ","0",-189," "," ","0",-178," "," ","0",-239," "," ","0",-189," "," ","0",-161," "," ","0",-39," "," ","0",-67," "," ","0",-28," "," ","0",-22," "," ","0",-17," "," ","0",-44," "," ","0",-33," "," ","0",-22," "," ","0",17," "," ","0",-50," "," ","0",-150," "," ","0",NA," "," "," ",NA," "," "," ",NA," "," "," "
"400","USC00392565",1995,2,"TOBS",11," "," ","0",33," "," ","0",-6," "," ","0",44," "," ","0",-50," "," ","0",-33," "," ","0",-111," "," ","0",-39," "," ","0",-50," "," ","0",-83," "," ","0",-167," "," ","0",-161," "," ","0",-172," "," ","0",-139," "," ","0",-189," "," ","0",-156," "," ","0",-33," "," ","0",44," "," ","0",-28," "," ","0",17," "," ","0",28," "," ","0",17," "," ","0",-17," "," ","0",11," "," ","0",17," "," ","0",17," "," ","0",-50," "," ","0",-133," "," ","0",NA," "," "," ",NA," "," "," ",NA," "," "," "
"401","USC00392565",1995,2,"PRCP",0,"P"," ","0",10," "," ","0",0,"P"," ","0",0,"P"," ","0",0,"P"," ","0",0,"P"," ","0",0,"P"," ","0",0,"P"," ","0",0,"P"," ","0",0,"P"," ","0",0,"P"," ","0",0,"P"," ","0",5," "," ","0",15," "," ","0",140," "," ","0",0,"P"," ","0",0,"P"," ","0",0,"P"," ","0",0,"P"," ","0",0,"P"," ","0",0,"P"," ","0",0,"P"," ","0",0,"P"," ","0",0,"P"," ","0",0,"P"," ","0",0,"P"," ","0",0,"P"," ","0",51," "," ","0",NA," "," "," ",NA," "," "," ",NA," "," "," "
"402","USC00392565",1995,2,"SNOW",0,"P"," ","0",0,"P"," ","0",0,"P"," ","0",0,"P"," ","0",0,"P"," ","0",0,"P"," ","0",0,"P"," ","0",0,"P"," ","0",0,"P"," ","0",0,"P"," ","0",0,"P"," ","0",0,"P"," ","0",0,"T"," ","0",25," "," ","0",254," "," ","0",0,"P"," ","0",0,"P"," ","0",0,"P"," ","0",0,"P"," ","0",0,"P"," ","0",0,"P"," ","0",0,"P"," ","0",0,"P"," ","0",0,"P"," ","0",0,"P"," ","0",0,"P"," ","0",0,"P"," ","0",76," "," ","0",NA," "," "," ",NA," "," "," ",NA," "," "," "
"403","USC00392565",1995,2,"SNWD",0," "," ","0",0,"P"," ","0",0,"P"," ","0",0,"P"," ","0",0,"P"," ","0",0,"P"," ","0",0,"P"," ","0",0,"P"," ","0",0,"P"," ","0",0,"P"," ","0",0,"P"," ","0",0,"P"," ","0",0,"P"," ","0",25," "," ","0",254," "," ","0",NA," "," "," ",NA," "," "," ",102," "," ","0",NA," "," "," ",25," "," ","0",NA," "," "," ",0," "," ","0",0,"P"," ","0",0,"P"," ","0",0,"P"," ","0",0,"P"," ","0",0,"P"," ","0",76," "," ","0",NA," "," "," ",NA," "," "," ",NA," "," "," "
"404","USC00392565",1995,3,"TMAX",-89," "," ","0",-111," "," ","0",-56," "," ","0",33," "," ","0",-39," "," ","0",-72," "," ","0",-78," "," ","0",-83," "," ","0",67," "," ","0",139," "," ","0",172," "," ","0",206," "," ","0",72," "," ","0",122," "," ","0",139," "," ","0",211," "," ","0",94," "," ","0",39," "," ","0",161," "," ","0",111," "," ","0",139," "," ","0",211," "," ","0",106," "," ","0",150," "," ","0",122," "," ","0",100," "," ","0",-6," "," ","0",-11," "," ","0",22," "," ","0",6," "," ","0",33," "," ","0"
"405","USC00392565",1995,3,"TMIN",-178," "," ","0",-183," "," ","0",-139," "," ","0",-61," ","I","0",-189," "," ","0",-222," "," ","0",-250," "," ","0",-189," "," ","0",-111," "," ","0",6," "," ","0",17," "," ","0",72," "," ","0",-22," "," ","0",-28," "," ","0",22," "," ","0",33," "," ","0",-17," "," ","0",-39," "," ","0",28," "," ","0",11," "," ","0",6," "," ","0",56," "," ","0",-50," "," ","0",17," "," ","0",-33," "," ","0",-44," "," ","0",-61," "," ","0",-78," "," ","0",-67," "," ","0",-89," "," ","0",-83," "," ","0"
"406","USC00392565",1995,3,"TOBS",-172," "," ","0",-133," "," ","0",-78," ","I","0",-50," "," ","0",-172," "," ","0",-178," "," ","0",-167," "," ","0",-111," "," ","0",17," "," ","0",111," "," ","0",72," "," ","0",72," "," ","0",6," "," ","0",33," "," ","0",72," "," ","0",50," "," ","0",33," "," ","0",28," "," ","0",67," "," ","0",39," "," ","0",133," "," ","0",67," "," ","0",17," "," ","0",56," "," ","0",11," "," ","0",-44," "," ","0",-50," "," ","0",-56," "," ","0",-67," "," ","0",-33," "," ","0",11," "," ","0"
"407","USC00392565",1995,3,"PRCP",0,"T"," ","0",0,"P"," ","0",0,"P"," ","0",33," "," ","0",84," "," ","0",18," "," ","0",0,"P"," ","0",0,"P"," ","0",0,"P"," ","0",0,"P"," ","0",0,"P"," ","0",0,"T"," ","0",79," "," ","0",0,"P"," ","0",0,"P"," ","0",0,"P"," ","0",0,"P"," ","0",23," "," ","0",0,"P"," ","0",0,"P"," ","0",0,"P"," ","0",0,"P"," ","0",0,"P"," ","0",0,"P"," ","0",0,"P"," ","0",0,"P"," ","0",0,"P"," ","0",0,"P"," ","0",0,"P"," ","0",0,"P"," ","0",0,"P"," ","0"
"408","USC00392565",1995,3,"SNOW",0,"T"," ","0",0,"P"," ","0",0,"P"," ","0",51," "," ","0",102," "," ","0",38," "," ","0",0,"P"," ","0",0,"P"," ","0",0,"P"," ","0",0,"P"," ","0",0,"P"," ","0",0,"P"," ","0",0,"P"," ","0",0,"P"," ","0",0,"P"," ","0",0,"P"," ","0",0,"P"," ","0",0,"P"," ","0",0,"P"," ","0",0,"P"," ","0",0,"P"," ","0",0,"P"," ","0",0,"P"," ","0",0,"P"," ","0",0,"P"," ","0",0,"P"," ","0",0,"P"," ","0",0,"P"," ","0",0,"P"," ","0",0,"P"," ","0",0,"P"," ","0"
"409","USC00392565",1995,3,"SNWD",51," "," ","0",NA," "," "," ",25," "," ","0",51," "," ","0",127," "," ","0",178," "," ","0",NA," "," "," ",NA," "," "," ",76," "," ","0",25," "," ","0",0," "," ","0",0,"P"," ","0",0," "," ","0",0,"P"," ","0",0,"P"," ","0",0,"P"," ","0",0,"P"," ","0",0,"P"," ","0",0,"P"," ","0",0,"P"," ","0",0,"P"," ","0",0,"P"," ","0",0,"P"," ","0",0,"P"," ","0",0,"P"," ","0",0,"P"," ","0",0,"P"," ","0",0,"P"," ","0",0,"P"," ","0",0,"P"," ","0",0,"P"," ","0"
"410","USC00392565",1995,4,"TMAX",111," "," ","0",178," "," ","0",111," "," ","0",111," "," ","0",183," "," ","0",178," "," ","0",189," "," ","0",178," "," ","0",122," "," ","0",72," "," ","0",-22," "," ","0",11," "," ","0",139," "," ","0",228," "," ","0",144," "," ","0",106," "," ","0",56," "," ","0",22," "," ","0",67," "," ","0",28," "," ","0",72," "," ","0",56," "," ","0",94," "," ","0",83," "," ","0",117," "," ","0",94," "," ","0",56," "," ","0",111," "," ","0",67," "," ","0",67," "," ","0",NA," "," "," "
"411","USC00392565",1995,4,"TMIN",-50," "," ","0",-17," "," ","0",-22," "," ","0",-28," "," ","0",-28," "," ","0",-6," "," ","0",6," "," ","0",0," "," ","0",-56," "," ","0",-56," "," ","0",-72," "," ","0",-61," "," ","0",11," "," ","0",44," "," ","0",-11," "," ","0",-6," "," ","0",6," "," ","0",-11," "," ","0",-56," "," ","0",-11," "," ","0",-11," "," ","0",-28," "," ","0",11," "," ","0",-50," "," ","0",-11," "," ","0",-39," "," ","0",-61," "," ","0",0," "," ","0",17," "," ","0",0," "," ","0",NA," "," "," "
"412","USC00392565",1995,4,"TOBS",39," "," ","0",50," "," ","0",61," "," ","0",-28," "," ","0",72," "," ","0",22," "," ","0",39," "," ","0",56," "," ","0",-39," "," ","0",-50," "," ","0",-61," "," ","0",11," "," ","0",44," "," ","0",128," "," ","0",6," "," ","0",6," "," ","0",6," "," ","0",-6," "," ","0",-11," "," ","0",6," "," ","0",0," "," ","0",22," "," ","0",28," "," ","0",-11," "," ","0",44," "," ","0",-6," "," ","0",0," "," ","0",56," "," ","0",22," "," ","0",6," "," ","0",NA," "," "," "
"413","USC00392565",1995,4,"PRCP",0,"P"," ","0",0,"P"," ","0",0,"P"," ","0",0,"P"," ","0",0,"P"," ","0",0,"P"," ","0",0,"P"," ","0",0,"P"," ","0",30," "," ","0",8," "," ","0",51," "," ","0",0,"P"," ","0",0,"P"," ","0",0,"P"," ","0",91," "," ","0",0,"T"," ","0",23," "," ","0",0,"T"," ","0",0,"P"," ","0",5," "," ","0",46," "," ","0",3," "," ","0",0,"P"," ","0",0,"P"," ","0",0,"P"," ","0",53," "," ","0",0,"P"," ","0",0,"P"," ","0",0,"T"," ","0",25," "," ","0",NA," "," "," "
"414","USC00392565",1995,4,"SNOW",0,"P"," ","0",0,"P"," ","0",0,"P"," ","0",0,"P"," ","0",0,"P"," ","0",0,"P"," ","0",0,"P"," ","0",0,"P"," ","0",0,"P"," ","0",0,"T"," ","0",25," "," ","0",0,"P"," ","0",0,"P"," ","0",0,"P"," ","0",0,"P"," ","0",0,"P"," ","0",0,"P"," ","0",0,"P"," ","0",0,"P"," ","0",0,"P"," ","0",76," "," ","0",0,"P"," ","0",0,"P"," ","0",0,"P"," ","0",0,"P"," ","0",0,"P"," ","0",0,"P"," ","0",0,"P"," ","0",0,"P"," ","0",0,"P"," ","0",NA," "," "," "
"415","USC00392565",1995,4,"SNWD",0,"P"," ","0",0,"P"," ","0",0,"P"," ","0",0,"P"," ","0",0,"P"," ","0",0,"P"," ","0",0,"P"," ","0",0,"P"," ","0",0,"P"," ","0",0,"T"," ","0",25," "," ","0",NA," "," "," ",NA," "," "," ",NA," "," "," ",0,"P"," ","0",0,"P"," ","0",0,"P"," ","0",0,"P"," ","0",0,"P"," ","0",0,"P"," ","0",76," "," ","0",NA," "," "," ",NA," "," "," ",NA," "," "," ",0,"P"," ","0",0,"P"," ","0",0,"P"," ","0",0,"P"," ","0",0,"P"," ","0",0,"T"," ","0",NA," "," "," "
"416","USC00392565",1995,5,"TMAX",67," "," ","0",67," "," ","0",83," "," ","0",111," "," ","0",167," "," ","0",133," "," ","0",139," "," ","0",189," "," ","0",122," "," ","0",100," "," ","0",150," "," ","0",194," "," ","0",172," "," ","0",17," "," ","0",117," "," ","0",239," "," ","0",194," "," ","0",117," "," ","0",194," "," ","0",172," "," ","0",161," "," ","0",222," "," ","0",67," "," ","0",72," "," ","0",111," "," ","0",117," "," ","0",161," "," ","0",133," "," ","0",139," "," ","0",183," "," ","0",172," "," ","0"
"417","USC00392565",1995,5,"TMIN",0," "," ","0",6," "," ","0",28," "," ","0",-11," "," ","0",61," "," ","0",72," "," ","0",11," "," ","0",67," "," ","0",56," "," ","0",28," "," ","0",61," "," ","0",78," "," ","0",17," "," ","0",-11," "," ","0",0," "," ","0",56," "," ","0",33," "," ","0",28," "," ","0",61," "," ","0",61," "," ","0",50," "," ","0",50," "," ","0",28," "," ","0",-6," "," ","0",22," "," ","0",61," "," ","0",44," "," ","0",56," "," ","0",39," "," ","0",44," "," ","0",39," "," ","0"
"418","USC00392565",1995,5,"TOBS",6," "," ","0",39," "," ","0",56," "," ","0",61," "," ","0",94," "," ","0",78," "," ","0",67," "," ","0",78," "," ","0",56," "," ","0",72," "," ","0",100," "," ","0",106," "," ","0",17," "," ","0",0," "," ","0",100," "," ","0",106," "," ","0",44," "," ","0",72," "," ","0",94," "," ","0",72," "," ","0",111," "," ","0",56," "," ","0",33," "," ","0",61," "," ","0",61," "," ","0",78," "," ","0",83," "," ","0",89," "," ","0",89," "," ","0",117," "," ","0",106," "," ","0"
"419","USC00392565",1995,5,"PRCP",76," "," ","0",0,"P"," ","0",0,"P"," ","0",0,"P"," ","0",0,"T"," ","0",89," "," ","0",122," "," ","0",234," "," ","0",58," "," ","0",0,"P"," ","0",5," "," ","0",13," "," ","0",81," "," ","0",91," "," ","0",0,"P"," ","0",5," "," ","0",13," "," ","0",0,"P"," ","0",46," "," ","0",8," "," ","0",0,"P"," ","0",8," "," ","0",46," "," ","0",10," "," ","0",41," "," ","0",30," "," ","0",0,"P"," ","0",0,"T"," ","0",10," "," ","0",0,"P"," ","0",0,"P"," ","0"
"420","USC00392565",1995,5,"SNOW",0,"P"," ","0",0,"P"," ","0",0,"P"," ","0",0,"P"," ","0",0,"P"," ","0",0,"P"," ","0",0,"P"," ","0",0,"P"," ","0",0,"P"," ","0",0,"P"," ","0",0,"P"," ","0",0,"P"," ","0",0,"P"," ","0",0,"P"," ","0",0,"P"," ","0",0,"P"," ","0",0,"P"," ","0",0,"P"," ","0",0,"P"," ","0",0,"P"," ","0",0,"P"," ","0",0,"P"," ","0",0,"P"," ","0",0,"P"," ","0",0,"P"," ","0",0,"P"," ","0",0,"P"," ","0",0,"P"," ","0",0,"P"," ","0",0,"P"," ","0",0,"P"," ","0"
"421","USC00392565",1995,5,"SNWD",0,"P"," ","0",0,"P"," ","0",0,"P"," ","0",0,"P"," ","0",0,"P"," ","0",0,"P"," ","0",0,"P"," ","0",0,"P"," ","0",0,"P"," ","0",0,"P"," ","0",0,"P"," ","0",0,"P"," ","0",0,"P"," ","0",0,"P"," ","0",0,"P"," ","0",0,"P"," ","0",0,"P"," ","0",0,"P"," ","0",0,"P"," ","0",0,"P"," ","0",0,"P"," ","0",0,"P"," ","0",0,"P"," ","0",0,"P"," ","0",0,"P"," ","0",0,"P"," ","0",0,"P"," ","0",0,"P"," ","0",0,"P"," ","0",0,"P"," ","0",0,"P"," ","0"
"422","USC00392565",1995,6,"TMAX",206," "," ","0",233," "," ","0",250," "," ","0",200," "," ","0",161," "," ","0",228," "," ","0",211," "," ","0",189," "," ","0",78," "," ","0",50," "," ","0",133," "," ","0",206," "," ","0",272," "," ","0",283," "," ","0",322," "," ","0",311," "," ","0",311," "," ","0",272," "," ","0",233," "," ","0",283," "," ","0",289," "," ","0",272," "," ","0",206," "," ","0",211," "," ","0",200," "," ","0",233," "," ","0",239," "," ","0",267," "," ","0",128," "," ","0",167," "," ","0",NA," "," "," "
"423","USC00392565",1995,6,"TMIN",78," "," ","0",89," "," ","0",122," "," ","0",117," "," ","0",117," "," ","0",128," "," ","0",61," "," ","0",44," "," ","0",33," "," ","0",6," "," ","0",17," "," ","0",89," "," ","0",106," "," ","0",139," "," ","0",150," "," ","0",172," "," ","0",133," "," ","0",117," "," ","0",111," "," ","0",167," "," ","0",117," "," ","0",111," "," ","0",89," "," ","0",67," "," ","0",83," "," ","0",83," "," ","0",122," "," ","0",111," "," ","0",39," "," ","0",33," "," ","0",NA," "," "," "
"424","USC00392565",1995,6,"TOBS",128," "," ","0",156," "," ","0",161," "," ","0",133," "," ","0",133," "," ","0",183," "," ","0",122," "," ","0",44," "," ","0",33," "," ","0",50," "," ","0",94," "," ","0",172," "," ","0",189," "," ","0",228," "," ","0",222," "," ","0",244," "," ","0",167," "," ","0",150," "," ","0",183," "," ","0",233," "," ","0",178," "," ","0",133," "," ","0",122," "," ","0",128," "," ","0",117," "," ","0",161," "," ","0",178," "," ","0",111," "," ","0",89," "," ","0",89," "," ","0",NA," "," "," "
"425","USC00392565",1995,6,"PRCP",0,"P"," ","0",18," "," ","0",0,"P"," ","0",51," "," ","0",203," "," ","0",0,"P"," ","0",0,"P"," ","0",89," "," ","0",117," "," ","0",193," "," ","0",0,"P"," ","0",0,"P"," ","0",18," "," ","0",0,"P"," ","0",0,"P"," ","0",0,"P"," ","0",0,"P"," ","0",20," "," ","0",0,"P"," ","0",0,"P"," ","0",173," "," ","0",157," "," ","0",23," "," ","0",0,"P"," ","0",0,"P"," ","0",0,"P"," ","0",0,"P"," ","0",89," "," ","0",81," "," ","0",0,"P"," ","0",NA," "," "," "
"426","USC00392565",1995,6,"SNOW",0,"P"," ","0",0,"P"," ","0",0,"P"," ","0",0,"P"," ","0",0,"P"," ","0",0,"P"," ","0",0,"P"," ","0",0,"P"," ","0",0,"P"," ","0",0,"P"," ","0",0,"P"," ","0",0,"P"," ","0",0,"P"," ","0",0,"P"," ","0",0,"P"," ","0",0,"P"," ","0",0,"P"," ","0",0,"P"," ","0",0,"P"," ","0",0,"P"," ","0",0,"P"," ","0",0,"P"," ","0",0,"P"," ","0",0,"P"," ","0",0,"P"," ","0",0,"P"," ","0",0,"P"," ","0",0,"P"," ","0",0,"P"," ","0",0,"P"," ","0",NA," "," "," "
"427","USC00392565",1995,6,"SNWD",0,"P"," ","0",0,"P"," ","0",0,"P"," ","0",0,"P"," ","0",0,"P"," ","0",0,"P"," ","0",0,"P"," ","0",0,"P"," ","0",0,"P"," ","0",0,"P"," ","0",0,"P"," ","0",0,"P"," ","0",0,"P"," ","0",0,"P"," ","0",0,"P"," ","0",0,"P"," ","0",0,"P"," ","0",0,"P"," ","0",0,"P"," ","0",0,"P"," ","0",0,"P"," ","0",0,"P"," ","0",0,"P"," ","0",0,"P"," ","0",0,"P"," ","0",0,"P"," ","0",0,"P"," ","0",0,"P"," ","0",0,"P"," ","0",0,"P"," ","0",NA," "," "," "
"428","USC00392565",1995,7,"TMAX",189," "," ","0",233," "," ","0",272," "," ","0",211," "," ","0",200," "," ","0",233," "," ","0",283," "," ","0",317," "," ","0",317," "," ","0",339," "," ","0",333," "," ","0",361," "," ","0",344," "," ","0",300," "," ","0",228," "," ","0",272," "," ","0",233," "," ","0",244," "," ","0",278," "," ","0",244," "," ","0",261," "," ","0",278," "," ","0",244," "," ","0",272," "," ","0",278," "," ","0",289," "," ","0",344," "," ","0",322," "," ","0",311," "," ","0",383," "," ","0",261," "," ","0"
"429","USC00392565",1995,7,"TMIN",72," "," ","0",89," "," ","0",106," "," ","0",89," "," ","0",78," "," ","0",89," "," ","0",161," "," ","0",139," "," ","0",189," ","I","0",156," "," ","0",167," "," ","0",161," "," ","0",178," "," ","0",144," "," ","0",128," "," ","0",100," "," ","0",122," "," ","0",133," "," ","0",150," "," ","0",133," "," ","0",117," "," ","0",128," "," ","0",83," "," ","0",117," "," ","0",94," "," ","0",94," "," ","0",117," "," ","0",133," "," ","0",183," "," ","0",156," "," ","0",89," "," ","0"
"430","USC00392565",1995,7,"TOBS",133," "," ","0",156," "," ","0",167," "," ","0",139," "," ","0",128," "," ","0",167," "," ","0",217," "," ","0",178," ","I","0",239," "," ","0",228," "," ","0",244," "," ","0",206," "," ","0",200," "," ","0",172," "," ","0",167," "," ","0",139," "," ","0",150," "," ","0",194," "," ","0",161," "," ","0",150," "," ","0",183," "," ","0",139," "," ","0",167," "," ","0",183," "," ","0",156," "," ","0",206," "," ","0",161," "," ","0",211," "," ","0",228," "," ","0",189," "," ","0",89," "," ","0"
"431","USC00392565",1995,7,"PRCP",0,"P"," ","0",0,"P"," ","0",0,"P"," ","0",0,"P"," ","0",0,"P"," ","0",0,"P"," ","0",10," "," ","0",0,"P"," ","0",0,"P"," ","0",0,"P"," ","0",0,"P"," ","0",0,"P"," ","0",15," "," ","0",8," "," ","0",0,"P"," ","0",97," "," ","0",46," "," ","0",0,"P"," ","0",137," "," ","0",0,"P"," ","0",0,"P"," ","0",23," "," ","0",0,"P"," ","0",0,"P"," ","0",56," "," ","0",0,"P"," ","0",0,"P"," ","0",0,"P"," ","0",0,"P"," ","0",0,"P"," ","0",38," "," ","0"
"432","USC00392565",1995,7,"SNOW",0,"P"," ","0",0,"P"," ","0",0,"P"," ","0",0,"P"," ","0",0,"P"," ","0",0,"P"," ","0",0,"P"," ","0",0,"P"," ","0",0,"P"," ","0",0,"P"," ","0",0,"P"," ","0",0,"P"," ","0",0,"P"," ","0",0,"P"," ","0",0,"P"," ","0",0,"P"," ","0",0,"P"," ","0",0,"P"," ","0",0,"P"," ","0",0,"P"," ","0",0,"P"," ","0",0,"P"," ","0",0,"P"," ","0",0,"P"," ","0",0,"P"," ","0",0,"P"," ","0",0,"P"," ","0",0,"P"," ","0",0,"P"," ","0",0,"P"," ","0",0,"P"," ","0"
"433","USC00392565",1995,7,"SNWD",0,"P"," ","0",0,"P"," ","0",0,"P"," ","0",0,"P"," ","0",0,"P"," ","0",0,"P"," ","0",0,"P"," ","0",0,"P"," ","0",0,"P"," ","0",0,"P"," ","0",0,"P"," ","0",0,"P"," ","0",0,"P"," ","0",0,"P"," ","0",0,"P"," ","0",0,"P"," ","0",0,"P"," ","0",0,"P"," ","0",0,"P"," ","0",0,"P"," ","0",0,"P"," ","0",0,"P"," ","0",0,"P"," ","0",0,"P"," ","0",0,"P"," ","0",0,"P"," ","0",0,"P"," ","0",0,"P"," ","0",0,"P"," ","0",0,"P"," ","0",0,"P"," ","0"
"434","USC00392565",1995,8,"TMAX",206," "," ","0",311," "," ","0",328," "," ","0",300," "," ","0",272," "," ","0",294," "," ","0",350," "," ","0",383," "," ","0",306," "," ","0",300," "," ","0",328," "," ","0",344," "," ","0",333," "," ","0",283," "," ","0",267," "," ","0",333," "," ","0",361," "," ","0",344," "," ","0",NA," "," "," ",267," "," ","0",306," "," ","0",333," "," ","0",344," "," ","0",328," "," ","0",339," "," ","0",289," "," ","0",278," "," ","0",328," "," ","0",272," "," ","0",344," "," ","0",267," "," ","0"
"435","USC00392565",1995,8,"TMIN",89," "," ","0",128," "," ","0",117," "," ","0",139," "," ","0",133," "," ","0",133," "," ","0",172," "," ","0",183," "," ","0",94," "," ","0",144," "," ","0",161," "," ","0",144," "," ","0",172," "," ","0",67," "," ","0",111," "," ","0",144," "," ","0",178," "," ","0",144," "," ","0",72," "," ","0",117," "," ","0",150," "," ","0",167," "," ","0",200," "," ","0",156," "," ","0",183," "," ","0",156," "," ","0",172," "," ","0",194," "," ","0",167," "," ","0",117," "," ","0",139," "," ","0"
"436","USC00392565",1995,8,"TOBS",167," "," ","0",189," "," ","0",161," "," ","0",178," "," ","0",172," "," ","0",178," "," ","0",206," "," ","0",239," "," ","0",144," "," ","0",183," "," ","0",239," "," ","0",183," "," ","0",183," "," ","0",111," "," ","0",156," "," ","0",183," "," ","0",228," "," ","0",161," "," ","0",117," "," ","0",150," "," ","0",167," "," ","0",200," "," ","0",228," "," ","0",200," "," ","0",200," "," ","0",167," "," ","0",211," "," ","0",194," "," ","0",183," "," ","0",156," "," ","0",156," "," ","0"
"437","USC00392565",1995,8,"PRCP",15," "," ","0",0,"P"," ","0",0,"P"," ","0",0,"P"," ","0",8," "," ","0",0,"P"," ","0",0,"P"," ","0",0,"P"," ","0",0,"P"," ","0",0,"P"," ","0",0,"P"," ","0",0,"P"," ","0",0,"P"," ","0",0,"P"," ","0",0,"P"," ","0",0,"P"," ","0",0,"P"," ","0",0,"P"," ","0",0,"P"," ","0",0,"P"," ","0",0,"P"," ","0",0,"P"," ","0",0,"P"," ","0",0,"P"," ","0",0,"P"," ","0",320," "," ","0",0,"P"," ","0",0,"P"," ","0",0,"P"," ","0",0,"P"," ","0",0,"P"," ","0"
"438","USC00392565",1995,8,"SNOW",0,"P"," ","0",0,"P"," ","0",0,"P"," ","0",0,"P"," ","0",0,"P"," ","0",0,"P"," ","0",0,"P"," ","0",0,"P"," ","0",0,"P"," ","0",0,"P"," ","0",0,"P"," ","0",0,"P"," ","0",0,"P"," ","0",0,"P"," ","0",0,"P"," ","0",0,"P"," ","0",0,"P"," ","0",0,"P"," ","0",0,"P"," ","0",0,"P"," ","0",0,"P"," ","0",0,"P"," ","0",0,"P"," ","0",0,"P"," ","0",0,"P"," ","0",0,"P"," ","0",0,"P"," ","0",0,"P"," ","0",0,"P"," ","0",0,"P"," ","0",0,"P"," ","0"
"439","USC00392565",1995,8,"SNWD",0,"P"," ","0",0,"P"," ","0",0,"P"," ","0",0,"P"," ","0",0,"P"," ","0",0,"P"," ","0",0,"P"," ","0",0,"P"," ","0",0,"P"," ","0",0,"P"," ","0",0,"P"," ","0",0,"P"," ","0",0,"P"," ","0",0,"P"," ","0",0,"P"," ","0",0,"P"," ","0",0,"P"," ","0",0,"P"," ","0",0,"P"," ","0",0,"P"," ","0",0,"P"," ","0",0,"P"," ","0",0,"P"," ","0",0,"P"," ","0",0,"P"," ","0",0,"P"," ","0",0,"P"," ","0",0,"P"," ","0",0,"P"," ","0",0,"P"," ","0",0,"P"," ","0"
"440","USC00392565",1995,9,"TMAX",NA," "," "," ",NA," "," "," ",322," "," ","0",333," "," ","0",NA," "," "," ",311," "," ","0",222," "," ","0",183," "," ","0",189," "," ","0",211," "," ","0",256," "," ","0",267," "," ","0",289," "," ","0",294," "," ","0",283," "," ","0",300," "," ","0",222," "," ","0",256," "," ","0",167," "," ","0",39," "," ","0",39," "," ","0",33," "," ","0",139," "," ","0",133," "," ","0",144," "," ","0",206," "," ","0",244," "," ","0",239," "," ","0",267," "," ","0",172," "," ","0",NA," "," "," "
"441","USC00392565",1995,9,"TMIN",NA," "," "," ",NA," "," "," ",128," "," ","0",139," "," ","0",NA," "," "," ",NA," "," "," ",NA," "," "," ",NA," "," "," ",NA," "," "," ",NA," "," "," ",NA," "," "," ",NA," "," "," ",NA," "," "," ",NA," "," "," ",106," "," ","0",72," "," ","0",78," "," ","0",100," "," ","0",39," "," ","0",0," "," ","0",-39," "," ","0",-61," "," ","0",-33," "," ","0",-17," "," ","0",-11," "," ","0",17," "," ","0",78," "," ","0",56," "," ","0",83," "," ","0",89," "," ","0",NA," "," "," "
"442","USC00392565",1995,9,"TOBS",NA," "," "," ",NA," "," "," ",NA," "," "," ",183," "," ","0",NA," "," "," ",156," "," ","0",100," "," ","0",111," "," ","0",111," "," ","0",122," "," ","0",106," "," ","0",100," "," ","0",144," "," ","0",133," "," ","0",122," "," ","0",83," "," ","0",117," "," ","0",122," "," ","0",39," "," ","0",6," "," ","0",-39," "," ","0",-33," "," ","0",72," "," ","0",6," "," ","0",22," "," ","0",78," "," ","0",100," "," ","0",83," "," ","0",133," "," ","0",94," "," ","0",NA," "," "," "
"443","USC00392565",1995,9,"PRCP",0,"P"," ","0",0,"P"," ","0",0,"P"," ","0",0,"P"," ","0",94," "," ","0",0,"P"," ","0",0,"P"," ","0",0,"P"," ","0",0,"P"," ","0",0,"P"," ","0",0,"P"," ","0",0,"P"," ","0",0,"P"," ","0",0,"P"," ","0",8," "," ","0",0,"P"," ","0",0,"P"," ","0",0,"P"," ","0",145," "," ","0",142," "," ","0",46," "," ","0",0,"P"," ","0",0,"P"," ","0",0,"P"," ","0",0,"P"," ","0",0,"P"," ","0",0,"P"," ","0",0,"P"," ","0",0,"P"," ","0",20," "," ","0",NA," "," "," "
"444","USC00392565",1995,9,"SNOW",0,"P"," ","0",0,"P"," ","0",0,"P"," ","0",0,"P"," ","0",0,"P"," ","0",0,"P"," ","0",0,"P"," ","0",0,"P"," ","0",0,"P"," ","0",0,"P"," ","0",0,"P"," ","0",0,"P"," ","0",0,"P"," ","0",0,"P"," ","0",0,"P"," ","0",0,"P"," ","0",0,"P"," ","0",0,"P"," ","0",0,"P"," ","0",13," "," ","0",0,"P"," ","0",0,"P"," ","0",0,"P"," ","0",0,"P"," ","0",0,"P"," ","0",0,"P"," ","0",0,"P"," ","0",0,"P"," ","0",0,"P"," ","0",0,"P"," ","0",NA," "," "," "
"445","USC00392565",1995,9,"SNWD",0,"P"," ","0",0,"P"," ","0",0,"P"," ","0",0,"P"," ","0",0,"P"," ","0",0,"P"," ","0",0,"P"," ","0",0,"P"," ","0",0,"P"," ","0",0,"P"," ","0",0,"P"," ","0",0,"P"," ","0",0,"P"," ","0",0,"P"," ","0",0,"P"," ","0",0,"P"," ","0",0,"P"," ","0",0,"P"," ","0",0,"P"," ","0",NA," "," "," ",0,"P"," ","0",0,"P"," ","0",0,"P"," ","0",0,"P"," ","0",0,"P"," ","0",0,"P"," ","0",0,"P"," ","0",0,"P"," ","0",0,"P"," ","0",0,"P"," ","0",NA," "," "," "
"446","USC00392565",1995,10,"TMAX",150," "," ","0",183," "," ","0",128," "," ","0",167," "," ","0",89," "," ","0",67," "," ","0",117," "," ","0",150," "," ","0",133," "," ","0",172," "," ","0",211," "," ","0",278," "," ","0",233," "," ","0",100," "," ","0",178," "," ","0",233," "," ","0",261," "," ","0",156," "," ","0",194," "," ","0",89," "," ","0",150," "," ","0",189," "," ","0",28," "," ","0",50," "," ","0",72," "," ","0",94," "," ","0",117," "," ","0",72," "," ","0",94," "," ","0",17," "," ","0",-11," "," ","0"
"447","USC00392565",1995,10,"TMIN",22," "," ","0",28," "," ","0",6," "," ","0",44," "," ","0",28," "," ","0",-33," "," ","0",-28," "," ","0",-11," "," ","0",-11," "," ","0",0," "," ","0",6," "," ","0",78," "," ","0",28," "," ","0",-44," "," ","0",-33," "," ","0",17," "," ","0",11," "," ","0",33," "," ","0",6," "," ","0",-56," "," ","0",-44," "," ","0",-6," "," ","0",-11," "," ","0",-72," "," ","0",-56," "," ","0",-44," "," ","0",22," "," ","0",-61," "," ","0",-50," "," ","0",-22," "," ","0",-33," "," ","0"
"448","USC00392565",1995,10,"TOBS",28," "," ","0",44," "," ","0",44," "," ","0",89," "," ","0",39," "," ","0",-28," "," ","0",-11," "," ","0",50," "," ","0",33," "," ","0",6," "," ","0",78," "," ","0",100," "," ","0",28," "," ","0",-33," "," ","0",17," "," ","0",44," "," ","0",33," "," ","0",61," "," ","0",11," "," ","0",-44," "," ","0",-6," "," ","0",28," "," ","0",-11," "," ","0",-56," "," ","0",-44," "," ","0",50," "," ","0",28," "," ","0",-50," "," ","0",17," "," ","0",-22," "," ","0",-28," "," ","0"
"449","USC00392565",1995,10,"PRCP",0,"P"," ","0",0,"P"," ","0",0,"P"," ","0",10," "," ","0",33," "," ","0",0,"P"," ","0",0,"P"," ","0",5," "," ","0",0,"P"," ","0",0,"P"," ","0",0,"P"," ","0",0,"P"," ","0",0,"P"," ","0",0,"P"," ","0",0,"P"," ","0",0,"P"," ","0",0,"P"," ","0",0,"P"," ","0",0,"P"," ","0",0,"P"," ","0",0,"P"," ","0",61," "," ","0",25," "," ","0",0,"P"," ","0",0,"P"," ","0",0,"P"," ","0",25," "," ","0",0,"P"," ","0",0,"P"," ","0",84," "," ","0",86," "," ","0"
"450","USC00392565",1995,10,"SNOW",0,"P"," ","0",0,"P"," ","0",0,"P"," ","0",0,"P"," ","0",0,"P"," ","0",0,"P"," ","0",0,"P"," ","0",0,"P"," ","0",0,"P"," ","0",0,"P"," ","0",0,"P"," ","0",0,"P"," ","0",0,"P"," ","0",0,"P"," ","0",0,"P"," ","0",0,"P"," ","0",0,"P"," ","0",0,"P"," ","0",0,"P"," ","0",0,"P"," ","0",0,"P"," ","0",0,"P"," ","0",0,"P"," ","0",0,"P"," ","0",0,"P"," ","0",0,"P"," ","0",0,"P"," ","0",0,"P"," ","0",0,"P"," ","0",NA," "," "," ",102," "," ","0"
"451","USC00392565",1995,10,"SNWD",0,"P"," ","0",0,"P"," ","0",0,"P"," ","0",0,"P"," ","0",0,"P"," ","0",0,"P"," ","0",0,"P"," ","0",0,"P"," ","0",0,"P"," ","0",0,"P"," ","0",0,"P"," ","0",0,"P"," ","0",0,"P"," ","0",0,"P"," ","0",0,"P"," ","0",0,"P"," ","0",0,"P"," ","0",0,"P"," ","0",0,"P"," ","0",0,"P"," ","0",0,"P"," ","0",0,"P"," ","0",0,"P"," ","0",0,"P"," ","0",0,"P"," ","0",0,"P"," ","0",0,"P"," ","0",0,"P"," ","0",0,"P"," ","0",51," "," ","0",152," "," ","0"
"452","USC00392565",1995,11,"TMAX",-17," "," ","0",-50," "," ","0",-94," "," ","0",-22," "," ","0",11," "," ","0",78," "," ","0",33," "," ","0",-11," "," ","0",100," "," ","0",111," "," ","0",-28," "," ","0",78," "," ","0",100," "," ","0",67," "," ","0",133," "," ","0",139," "," ","0",156," "," ","0",133," "," ","0",178," "," ","0",94," "," ","0",56," "," ","0",117," "," ","0",89," "," ","0",106," "," ","0",161," "," ","0",161," "," ","0",78," "," ","0",-44," "," ","0",17," "," ","0",128," "," ","0",NA," "," "," "
"453","USC00392565",1995,11,"TMIN",-67," "," ","0",-189," "," ","0",-189," "," ","0",-133," "," ","0",-100," "," ","0",-33," "," ","0",-94," "," ","0",-83," "," ","0",-39," "," ","0",-72," "," ","0",-144," "," ","0",-100," "," ","0",-17," "," ","0",-33," "," ","0",-11," "," ","0",6," "," ","0",-39," "," ","0",-11," "," ","0",-6," "," ","0",-72," "," ","0",-61," "," ","0",-50," "," ","0",-22," "," ","0",-11," "," ","0",0," "," ","0",6," "," ","0",-89," "," ","0",-128," "," ","0",-72," "," ","0",11," "," ","0",NA," "," "," "
"454","USC00392565",1995,11,"TOBS",-67," "," ","0",-150," "," ","0",-100," "," ","0",-100," "," ","0",-33," "," ","0",-22," "," ","0",-83," "," ","0",-39," "," ","0",78," "," ","0",-72," "," ","0",-100," "," ","0",56," "," ","0",-11," "," ","0",11," "," ","0",33," "," ","0",89," "," ","0",-11," "," ","0",33," "," ","0",-6," "," ","0",-6," "," ","0",-50," "," ","0",11," "," ","0",11," "," ","0",56," "," ","0",11," "," ","0",78," "," ","0",-89," "," ","0",-72," "," ","0",11," "," ","0",89," "," ","0",NA," "," "," "
"455","USC00392565",1995,11,"PRCP",46," "," ","0",0,"P"," ","0",0,"P"," ","0",0,"P"," ","0",0,"P"," ","0",0,"P"," ","0",18," "," ","0",0,"P"," ","0",0,"P"," ","0",18," "," ","0",10," "," ","0",15," "," ","0",0,"P"," ","0",0,"P"," ","0",0,"P"," ","0",0,"P"," ","0",0,"P"," ","0",0,"P"," ","0",0,"P"," ","0",0,"P"," ","0",0,"P"," ","0",0,"P"," ","0",0,"P"," ","0",0,"P"," ","0",0,"P"," ","0",0,"P"," ","0",3," "," ","0",0,"P"," ","0",0,"P"," ","0",0,"P"," ","0",NA," "," "," "
"456","USC00392565",1995,11,"SNOW",NA," "," "," ",0,"P"," ","0",0,"P"," ","0",0,"P"," ","0",0,"P"," ","0",0,"P"," ","0",25," "," ","0",0,"P"," ","0",0," "," ","0",0,"T"," ","0",0,"T"," ","0",0,"P"," ","0",0,"P"," ","0",0,"P"," ","0",0,"P"," ","0",0,"P"," ","0",0,"P"," ","0",0,"P"," ","0",0,"P"," ","0",0,"P"," ","0",0,"P"," ","0",0,"P"," ","0",0,"P"," ","0",0,"P"," ","0",0,"P"," ","0",0,"P"," ","0",0,"P"," ","0",0,"P"," ","0",0,"P"," ","0",0,"P"," ","0",NA," "," "," "
"457","USC00392565",1995,11,"SNWD",102," "," ","0",102," "," ","0",102," "," ","0",NA," "," "," ",NA," "," "," ",51," "," ","0",51," "," ","0",25," "," ","0",0," "," ","0",0,"T"," ","0",0,"T"," ","0",0," "," ","0",0,"P"," ","0",0,"P"," ","0",0,"P"," ","0",0,"P"," ","0",0,"P"," ","0",0,"P"," ","0",0,"P"," ","0",0,"P"," ","0",0,"P"," ","0",0,"P"," ","0",0,"P"," ","0",0,"P"," ","0",0,"P"," ","0",0,"P"," ","0",0,"P"," ","0",0,"P"," ","0",0,"P"," ","0",0,"P"," ","0",NA," "," "," "
"458","USC00392565",1995,12,"TMAX",139," "," ","0",178," "," ","0",89," "," ","0",72," "," ","0",139," "," ","0",-11," "," ","0",0," "," ","0",44," "," ","0",-167," "," ","0",-50," "," ","0",0," "," ","0",83," "," ","0",111," "," ","0",106," "," ","0",72," "," ","0",83," "," ","0",78," "," ","0",-6," "," ","0",-6," "," ","0",11," "," ","0",17," "," ","0",-33," "," ","0",-50," "," ","0",-17," "," ","0",33," "," ","0",78," "," ","0",72," "," ","0",61," "," ","0",44," "," ","0",44," "," ","0",67," "," ","0"
"459","USC00392565",1995,12,"TMIN",-28," "," ","0",-28," "," ","0",-89," "," ","0",-78," "," ","0",-111," "," ","0",-111," "," ","0",-111," "," ","0",-233," "," ","0",-244," "," ","0",-139," ","I","0",-89," "," ","0",-39," "," ","0",-22," "," ","0",-61," "," ","0",-78," "," ","0",-50," "," ","0",-61," "," ","0",-106," "," ","0",-106," "," ","0",-133," "," ","0",-117," "," ","0",-161," "," ","0",-167," "," ","0",-139," "," ","0",-117," "," ","0",-78," "," ","0",-94," "," ","0",-117," "," ","0",-133," "," ","0",-117," "," ","0",-67," "," ","0"
"460","USC00392565",1995,12,"TOBS",0," "," ","0",-17," "," ","0",-78," "," ","0",72," "," ","0",-78," "," ","0",-111," "," ","0",-106," "," ","0",-233," "," ","0",-217," "," ","0",-89," "," ","0",-39," "," ","0",-22," "," ","0",78," "," ","0",-33," "," ","0",-39," "," ","0",-22," "," ","0",-61," "," ","0",-94," "," ","0",-89," "," ","0",-117," "," ","0",-56," "," ","0",-150," "," ","0",-139," "," ","0",-94," "," ","0",-17," "," ","0",-44," "," ","0",-78," "," ","0",-100," "," ","0",-117," "," ","0",-56," "," ","0",-33," "," ","0"
"461","USC00392565",1995,12,"PRCP",0,"P"," ","0",0,"P"," ","0",0,"P"," ","0",0,"P"," ","0",0,"P"," ","0",0,"P"," ","0",0,"P"," ","0",0,"P"," ","0",0,"P"," ","0",0,"P"," ","0",0,"P"," ","0",0,"P"," ","0",0,"P"," ","0",18," "," ","0",0,"P"," ","0",0,"P"," ","0",0,"P"," ","0",0,"P"," ","0",0,"P"," ","0",0,"P"," ","0",0,"P"," ","0",18," "," ","0",0,"P"," ","0",0,"P"," ","0",0,"P"," ","0",0,"P"," ","0",0,"P"," ","0",0,"P"," ","0",0,"P"," ","0",0,"P"," ","0",0,"P"," ","0"
"462","USC00392565",1995,12,"SNOW",0,"P"," ","0",0,"P"," ","0",0,"P"," ","0",0,"P"," ","0",0,"P"," ","0",0,"P"," ","0",0,"P"," ","0",0,"P"," ","0",0,"P"," ","0",0,"P"," ","0",0,"P"," ","0",0,"P"," ","0",0,"P"," ","0",0,"P"," ","0",0,"P"," ","0",0,"P"," ","0",0,"P"," ","0",0,"P"," ","0",0,"P"," ","0",0,"P"," ","0",0,"P"," ","0",38," "," ","0",0,"P"," ","0",0,"P"," ","0",0,"P"," ","0",0,"P"," ","0",0,"P"," ","0",0,"P"," ","0",0,"P"," ","0",0,"P"," ","0",0,"P"," ","0"
"463","USC00392565",1995,12,"SNWD",0,"P"," ","0",0,"P"," ","0",0,"P"," ","0",0,"P"," ","0",0,"P"," ","0",0,"P"," ","0",0,"P"," ","0",0,"P"," ","0",0,"P"," ","0",0,"P"," ","0",0,"P"," ","0",0,"P"," ","0",0,"P"," ","0",0,"P"," ","0",0,"P"," ","0",0,"P"," ","0",0,"P"," ","0",0,"P"," ","0",0,"P"," ","0",0,"P"," ","0",0,"P"," ","0",51," "," ","0",25," "," ","0",NA," "," "," ",0,"T"," ","0",0," "," ","0",0,"P"," ","0",0,"P"," ","0",0,"P"," ","0",0,"P"," ","0",0,"P"," ","0"
"464","USC00392565",1996,1,"TMAX",44," "," ","0",44," "," ","0",-22," "," ","0",28," "," ","0",-100," "," ","0",-133," "," ","0",-72," "," ","0",28," "," ","0",94," "," ","0",61," "," ","0",56," "," ","0",67," "," ","0",139," "," ","0",128," "," ","0",39," "," ","0",111," "," ","0",94," "," ","0",-56," "," ","0",-100," "," ","0",-44," "," ","0",17," "," ","0",56," "," ","0",-106," "," ","0",-11," "," ","0",-44," "," ","0",-144," "," ","0",-61," "," ","0",-56," "," ","0",-144," "," ","0",-206," "," ","0",-167," "," ","0"
"465","USC00392565",1996,1,"TMIN",-44," "," ","0",-189," "," ","0",-189," "," ","0",-117," "," ","0",-222," "," ","0",-239," "," ","0",-217," "," ","0",-83," "," ","0",-72," "," ","0",-72," "," ","0",-89," "," ","0",-78," "," ","0",-39," "," ","0",-44," "," ","0",-50," "," ","0",-44," "," ","0",-56," "," ","0",-283," "," ","0",-278," "," ","0",-206," "," ","0",-139," "," ","0",-133," "," ","0",-172," "," ","0",-178," "," ","0",-222," "," ","0",-228," "," ","0",-222," "," ","0",-161," ","I","0",-256," "," ","0",-278," "," ","0",-311," "," ","0"
"466","USC00392565",1996,1,"TOBS",-39," "," ","0",-189," "," ","0",-22," "," ","0",-117," "," ","0",-211," "," ","0",-217," "," ","0",-83," "," ","0",-56," "," ","0",-72," "," ","0",39," "," ","0",-78," "," ","0",-39," "," ","0",-33," "," ","0",-17," "," ","0",-44," "," ","0",-28," "," ","0",-56," "," ","0",-278," "," ","0",-100," "," ","0",-139," "," ","0",17," "," ","0",-133," "," ","0",-144," "," ","0",-156," "," ","0",-211," "," ","0",-178," "," ","0",-172," ","I","0",-144," "," ","0",-250," "," ","0",-267," "," ","0",-256," "," ","0"
"467","USC00392565",1996,1,"PRCP",NA," "," "," ",NA," "," "," ",NA," "," "," ",48," "," ","0",8," "," ","0",0,"P"," ","0",0,"P"," ","0",0,"P"," ","0",0,"P"," ","0",0,"P"," ","0",0,"P"," ","0",0,"P"," ","0",0,"P"," ","0",0,"P"," ","0",0,"P"," ","0",0,"P"," ","0",20," "," ","0",23," "," ","0",5," "," ","0",0,"P"," ","0",0,"P"," ","0",8," "," ","0",0,"P"," ","0",0,"P"," ","0",36," "," ","0",5," "," ","0",0,"P"," ","0",0,"P"," ","0",8," "," ","0",33," "," ","0",0,"P"," ","0"
"468","USC00392565",1996,1,"SNOW",0,"T"," ","0",0,"T"," ","0",0,"T"," ","0",51," "," ","0",13," "," ","0",0,"P"," ","0",0,"P"," ","0",0,"P"," ","0",0,"P"," ","0",0,"P"," ","0",0,"P"," ","0",0,"P"," ","0",0,"P"," ","0",0,"P"," ","0",0,"P"," ","0",0,"P"," ","0",13," "," ","0",51," "," ","0",0,"T"," ","0",0,"P"," ","0",0,"P"," ","0",13," "," ","0",0,"P"," ","0",0,"P"," ","0",38," "," ","0",0,"T"," ","0",0,"P"," ","0",0,"P"," ","0",0,"T"," ","0",25," "," ","0",0,"P"," ","0"
"469","USC00392565",1996,1,"SNWD",0,"T"," ","0",0,"T"," ","0",0,"T"," ","0",51," "," ","0",76," "," ","0",NA," "," "," ",51," "," ","0",NA," "," "," ",25," "," ","0",0,"T"," ","0",0,"T"," ","0",0,"P"," ","0",0," "," ","0",0,"P"," ","0",0,"P"," ","0",0,"P"," ","0",25," "," ","0",76," "," ","0",76," "," ","0",NA," "," "," ",NA," "," "," ",76," "," ","0",NA," "," "," ",NA," "," "," ",76," "," ","0",76," "," ","0",NA," "," "," ",NA," "," "," ",76," "," ","0",102," "," ","0",NA," "," "," "
"470","USC00392565",1996,2,"TMAX",-128," "," ","0",-139," "," ","0",-167," "," ","0",-89," "," ","0",28," "," ","0",78," "," ","0",78," "," ","0",117," "," ","0",128," "," ","0",161," "," ","0",0," "," ","0",61," "," ","0",117," "," ","0",117," "," ","0",56," "," ","0",-22," "," ","0",133," "," ","0",72," "," ","0",117," "," ","0",122," "," ","0",106," "," ","0",139," "," ","0",128," "," ","0",44," "," ","0",144," "," ","0",-50," "," ","0",-89," "," ","0",-122," "," ","0",-117," "," ","0",NA," "," "," ",NA," "," "," "
"471","USC00392565",1996,2,"TMIN",-256," "," ","0",-356," "," ","0",-328," "," ","0",-261," "," ","0",-117," "," ","0",-100," "," ","0",-33," "," ","0",-28," "," ","0",-11," "," ","0",-50," "," ","0",-100," "," ","0",-72," "," ","0",-50," "," ","0",-33," "," ","0",-39," "," ","0",-128," "," ","0",-89," "," ","0",-39," "," ","0",-28," "," ","0",-22," "," ","0",-39," "," ","0",-11," "," ","0",-61," "," ","0",-56," "," ","0",-78," "," ","0",-128," "," ","0",-222," "," ","0",-222," "," ","0",-222," "," ","0",NA," "," "," ",NA," "," "," "
"472","USC00392565",1996,2,"TOBS",-228," "," ","0",-317," "," ","0",-261," "," ","0",-89," "," ","0",-100," "," ","0",-33," "," ","0",56," "," ","0",-6," "," ","0",28," "," ","0",-28," "," ","0",-67," "," ","0",-44," "," ","0",-33," "," ","0",50," "," ","0",-39," "," ","0",-89," "," ","0",-11," "," ","0",-22," "," ","0",39," "," ","0",-6," "," ","0",-11," "," ","0",22," "," ","0",-50," "," ","0",-17," "," ","0",-56," "," ","0",-128," "," ","0",-194," "," ","0",-189," "," ","0",-183," "," ","0",NA," "," "," ",NA," "," "," "
"473","USC00392565",1996,2,"PRCP",0,"P"," ","0",0,"P"," ","0",0,"P"," ","0",0,"P"," ","0",0,"P"," ","0",0,"P"," ","0",0,"P"," ","0",0,"P"," ","0",0,"P"," ","0",0,"P"," ","0",0,"P"," ","0",0,"P"," ","0",0,"P"," ","0",0,"P"," ","0",0,"P"," ","0",0,"P"," ","0",0,"P"," ","0",0,"P"," ","0",0,"P"," ","0",0,"P"," ","0",0,"P"," ","0",0,"P"," ","0",20," "," ","0",0,"P"," ","0",0,"P"," ","0",8," "," ","0",28," "," ","0",0,"P"," ","0",0,"P"," ","0",NA," "," "," ",NA," "," "," "
"474","USC00392565",1996,2,"SNOW",0,"P"," ","0",0,"P"," ","0",0,"P"," ","0",0,"P"," ","0",0,"P"," ","0",0,"P"," ","0",0,"P"," ","0",0,"P"," ","0",0,"P"," ","0",0,"P"," ","0",0,"P"," ","0",0,"P"," ","0",0,"P"," ","0",0,"P"," ","0",0,"P"," ","0",0,"P"," ","0",0,"P"," ","0",0,"P"," ","0",0,"P"," ","0",0,"P"," ","0",0,"P"," ","0",0,"P"," ","0",0,"P"," ","0",0,"P"," ","0",0,"P"," ","0",25," "," ","0",38," "," ","0",0,"P"," ","0",0,"P"," ","0",NA," "," "," ",NA," "," "," "
"475","USC00392565",1996,2,"SNWD",102," "," ","0",NA," "," "," ",102," "," ","0",NA," "," "," ",NA," "," "," ",NA," "," "," ",25," "," ","0",0,"T"," ","0",0," "," ","0",0,"P"," ","0",0,"P"," ","0",0,"P"," ","0",0,"P"," ","0",0,"P"," ","0",0,"P"," ","0",0,"P"," ","0",0,"P"," ","0",0,"P"," ","0",0,"P"," ","0",0,"P"," ","0",0,"P"," ","0",0,"P"," ","0",0," "," ","0",0,"P"," ","0",0,"P"," ","0",25," "," ","0",51," "," ","0",NA," "," "," ",NA," "," "," ",NA," "," "," ",NA," "," "," "
"476","USC00392565",1996,3,"TMAX",-44," "," ","0",-11," "," ","0",-44," "," ","0",67," "," ","0",-22," "," ","0",-78," "," ","0",-117," "," ","0",-139," "," ","0",-50," "," ","0",83," "," ","0",178," "," ","0",167," "," ","0",139," "," ","0",78," "," ","0",106," "," ","0",156," "," ","0",44," "," ","0",33," "," ","0",28," "," ","0",22," "," ","0",94," "," ","0",94," "," ","0",128," "," ","0",72," "," ","0",-78," "," ","0",-78," "," ","0",44," "," ","0",22," "," ","0",-11," "," ","0",11," "," ","0",72," "," ","0"
"477","USC00392565",1996,3,"TMIN",-183," "," ","0",-78," "," ","0",-78," "," ","0",-56," "," ","0",-117," "," ","0",-200," "," ","0",-211," "," ","0",-289," "," ","0",-194," "," ","0",-61," "," ","0",-11," "," ","0",-6," "," ","0",22," "," ","0",-39," "," ","0",-28," "," ","0",-17," "," ","0",-28," "," ","0",-28," "," ","0",-72," "," ","0",-106," "," ","0",-44," "," ","0",0," "," ","0",0," "," ","0",-139," "," ","0",-200," "," ","0",-189," "," ","0",-83," "," ","0",-67," "," ","0",-50," ","I","0",-72," "," ","0",-33," "," ","0"
"478","USC00392565",1996,3,"TOBS",-50," "," ","0",-72," "," ","0",-50," "," ","0",-28," "," ","0",-106," "," ","0",-178," "," ","0",-161," "," ","0",-194," "," ","0",-61," "," ","0",17," "," ","0",22," "," ","0",28," "," ","0",39," "," ","0",17," "," ","0",33," "," ","0",11," "," ","0",-6," "," ","0",-11," "," ","0",-56," "," ","0",-44," "," ","0",17," "," ","0",11," "," ","0",33," "," ","0",-133," "," ","0",-189," "," ","0",-83," "," ","0",-50," "," ","0",-67," ","I","0",-11," "," ","0",-33," "," ","0",11," "," ","0"
"479","USC00392565",1996,3,"PRCP",8," "," ","0",36," "," ","0",NA," "," "," ",0,"P"," ","0",23," "," ","0",66," "," ","0",8," "," ","0",0,"P"," ","0",0,"P"," ","0",0,"P"," ","0",0,"P"," ","0",0,"P"," ","0",0,"P"," ","0",46," "," ","0",0,"P"," ","0",0,"P"," ","0",10," "," ","0",0,"P"," ","0",0,"P"," ","0",0,"P"," ","0",0,"P"," ","0",0,"P"," ","0",18," "," ","0",79," "," ","0",0,"P"," ","0",0,"P"," ","0",0,"P"," ","0",0,"P"," ","0",0,"P"," ","0",0,"P"," ","0",0,"P"," ","0"
"480","USC00392565",1996,3,"SNOW",0,"T"," ","0",38," "," ","0",0,"T"," ","0",0,"P"," ","0",25," "," ","0",76," "," ","0",0,"T"," ","0",0,"P"," ","0",0,"P"," ","0",0,"P"," ","0",0,"P"," ","0",0,"P"," ","0",0,"P"," ","0",0,"P"," ","0",0,"P"," ","0",0,"P"," ","0",0,"T"," ","0",0,"P"," ","0",0,"P"," ","0",0,"P"," ","0",0,"P"," ","0",0,"P"," ","0",0,"P"," ","0",51," "," ","0",0,"P"," ","0",0,"P"," ","0",0,"P"," ","0",0,"P"," ","0",0,"P"," ","0",0,"P"," ","0",0,"P"," ","0"
"481","USC00392565",1996,3,"SNWD",51," "," ","0",76," "," ","0",NA," "," "," ",NA," "," "," ",51," "," ","0",102," "," ","0",102," "," ","0",NA," "," "," ",NA," "," "," ",NA," "," "," ",NA," "," "," ",0," "," ","0",0,"P"," ","0",0,"P"," ","0",0,"P"," ","0",0,"P"," ","0",0,"T"," ","0",0,"P"," ","0",0,"P"," ","0",0," "," ","0",0,"P"," ","0",0,"P"," ","0",0,"P"," ","0",51," "," ","0",51," "," ","0",NA," "," "," ",0,"T"," ","0",0,"P"," ","0",0,"P"," ","0",0,"P"," ","0",0,"P"," ","0"
"482","USC00392565",1996,4,"TMAX",106," "," ","0",189," "," ","0",206," "," ","0",89," "," ","0",56," "," ","0",117," "," ","0",178," "," ","0",172," "," ","0",200," "," ","0",244," "," ","0",261," "," ","0",94," "," ","0",22," "," ","0",28," "," ","0",72," "," ","0",144," "," ","0",211," "," ","0",183," "," ","0",133," "," ","0",83," "," ","0",111," "," ","0",89," "," ","0",178," "," ","0",128," "," ","0",244," "," ","0",100," "," ","0",122," "," ","0",72," "," ","0",61," "," ","0",106," "," ","0",NA," "," "," "
"483","USC00392565",1996,4,"TMIN",-22," "," ","0",-6," "," ","0",11," "," ","0",-39," "," ","0",-72," "," ","0",-22," "," ","0",11," "," ","0",44," "," ","0",28," "," ","0",72," "," ","0",89," "," ","0",-44," "," ","0",-44," "," ","0",-28," "," ","0",-44," "," ","0",-11," "," ","0",33," "," ","0",22," "," ","0",17," "," ","0",-33," "," ","0",11," "," ","0",-44," "," ","0",-39," "," ","0",-33," "," ","0",-6," "," ","0",-6," "," ","0",-6," "," ","0",-28," "," ","0",-67," "," ","0",6," "," ","0",NA," "," "," "
"484","USC00392565",1996,4,"TOBS",61," "," ","0",78," "," ","0",44," "," ","0",-28," "," ","0",0," "," ","0",50," "," ","0",44," "," ","0",83," "," ","0",89," "," ","0",133," "," ","0",89," "," ","0",-44," "," ","0",6," "," ","0",6," "," ","0",-11," "," ","0",33," "," ","0",111," "," ","0",44," "," ","0",28," "," ","0",11," "," ","0",11," "," ","0",NA," "," "," ",NA," "," "," ",NA," "," "," ",NA," "," "," ",28," "," ","0",44," "," ","0",33," "," ","0",11," "," ","0",28," "," ","0",NA," "," "," "
"485","USC00392565",1996,4,"PRCP",0,"P"," ","0",0,"P"," ","0",0,"P"," ","0",0,"P"," ","0",0,"P"," ","0",0,"P"," ","0",0,"P"," ","0",0,"P"," ","0",0,"P"," ","0",0,"P"," ","0",10," "," ","0",384," "," ","0",79," "," ","0",86," "," ","0",0,"P"," ","0",0,"P"," ","0",0,"P"," ","0",0,"P"," ","0",112," "," ","0",0,"P"," ","0",0,"P"," ","0",81," "," ","0",0,"P"," ","0",0,"P"," ","0",0,"P"," ","0",0,"P"," ","0",0,"P"," ","0",0,"P"," ","0",0,"P"," ","0",0,"P"," ","0",NA," "," "," "
"486","USC00392565",1996,4,"SNOW",0,"P"," ","0",0,"P"," ","0",0,"P"," ","0",0,"P"," ","0",0,"P"," ","0",0,"P"," ","0",0,"P"," ","0",0,"P"," ","0",0,"P"," ","0",0,"P"," ","0",0,"P"," ","0",229," "," ","0",0,"P"," ","0",0,"P"," ","0",0,"P"," ","0",0,"P"," ","0",0,"P"," ","0",0,"P"," ","0",0,"P"," ","0",0,"P"," ","0",0,"P"," ","0",0,"P"," ","0",0,"P"," ","0",0,"P"," ","0",0,"P"," ","0",0,"P"," ","0",0,"P"," ","0",0,"P"," ","0",0,"P"," ","0",0,"P"," ","0",NA," "," "," "
"487","USC00392565",1996,4,"SNWD",0,"P"," ","0",0,"P"," ","0",0,"P"," ","0",0,"P"," ","0",0,"P"," ","0",0,"P"," ","0",0,"P"," ","0",0,"P"," ","0",0,"P"," ","0",0,"P"," ","0",0,"P"," ","0",229," "," ","0",102," "," ","0",76," "," ","0",NA," "," "," ",0," "," ","0",0,"P"," ","0",0,"P"," ","0",0,"P"," ","0",0,"P"," ","0",0,"P"," ","0",0,"P"," ","0",0,"P"," ","0",0,"P"," ","0",0,"P"," ","0",0,"P"," ","0",0,"P"," ","0",0,"P"," ","0",0,"P"," ","0",0,"P"," ","0",NA," "," "," "
"488","USC00392565",1996,5,"TMAX",111," "," ","0",133," "," ","0",128," "," ","0",133," "," ","0",128," "," ","0",156," "," ","0",172," "," ","0",161," "," ","0",178," "," ","0",78," "," ","0",61," "," ","0",150," "," ","0",144," "," ","0",200," "," ","0",233," "," ","0",244," "," ","0",294," "," ","0",211," "," ","0",233," "," ","0",183," "," ","0",189," "," ","0",NA," "," "," ",211," "," ","0",133," "," ","0",122," "," ","0",117," "," ","0",94," "," ","0",67," "," ","0",72," "," ","0",189," "," ","0",217," "," ","0"
"489","USC00392565",1996,5,"TMIN",-39," "," ","0",0," "," ","0",33," "," ","0",22," "," ","0",-22," "," ","0",6," "," ","0",67," "," ","0",28," "," ","0",72," "," ","0",-11," "," ","0",0," "," ","0",28," "," ","0",56," "," ","0",72," "," ","0",83," "," ","0",111," "," ","0",117," "," ","0",72," "," ","0",56," "," ","0",22," "," ","0",94," "," ","0",NA," "," "," ",83," "," ","0",72," "," ","0",61," "," ","0",56," "," ","0",39," "," ","0",28," "," ","0",39," "," ","0",72," "," ","0",50," "," ","0"
"490","USC00392565",1996,5,"TOBS",0," "," ","0",33," "," ","0",50," "," ","0",39," "," ","0",6," "," ","0",67," "," ","0",106," "," ","0",89," "," ","0",78," "," ","0",0," "," ","0",28," "," ","0",67," "," ","0",100," "," ","0",117," "," ","0",161," "," ","0",172," "," ","0",144," "," ","0",139," "," ","0",111," "," ","0",94," "," ","0",156," "," ","0",NA," "," "," ",106," "," ","0",89," "," ","0",78," "," ","0",67," "," ","0",50," "," ","0",39," "," ","0",72," "," ","0",117," "," ","0",106," "," ","0"
"491","USC00392565",1996,5,"PRCP",0,"P"," ","0",41," "," ","0",23," "," ","0",0,"P"," ","0",0,"P"," ","0",0,"P"," ","0",0,"P"," ","0",81," "," ","0",25," "," ","0",155," "," ","0",0,"P"," ","0",0,"P"," ","0",0,"P"," ","0",36," "," ","0",41," "," ","0",71," "," ","0",0,"P"," ","0",0,"P"," ","0",0,"P"," ","0",0,"P"," ","0",0,"P"," ","0",NA," "," "," ",NA," "," "," ",173," "," ","0",8," "," ","0",114," "," ","0",155," "," ","0",0,"P"," ","0",5," "," ","0",5," "," ","0",91," "," ","0"
"492","USC00392565",1996,5,"SNOW",0,"P"," ","0",0,"P"," ","0",0,"P"," ","0",0,"P"," ","0",0,"P"," ","0",0,"P"," ","0",0,"P"," ","0",0,"P"," ","0",0,"P"," ","0",0,"P"," ","0",0,"P"," ","0",0,"P"," ","0",0,"P"," ","0",0,"P"," ","0",0,"P"," ","0",0,"P"," ","0",0,"P"," ","0",0,"P"," ","0",0,"P"," ","0",0,"P"," ","0",0,"P"," ","0",0,"P"," ","0",0,"P"," ","0",0,"P"," ","0",0,"P"," ","0",0,"P"," ","0",0,"P"," ","0",0,"P"," ","0",0,"P"," ","0",0,"P"," ","0",0,"P"," ","0"
"493","USC00392565",1996,5,"SNWD",0,"P"," ","0",0,"P"," ","0",0,"P"," ","0",0,"P"," ","0",0,"P"," ","0",0,"P"," ","0",0,"P"," ","0",0,"P"," ","0",0,"P"," ","0",0,"P"," ","0",0,"P"," ","0",0,"P"," ","0",0,"P"," ","0",0,"P"," ","0",0,"P"," ","0",0,"P"," ","0",0,"P"," ","0",0,"P"," ","0",0,"P"," ","0",0,"P"," ","0",0,"P"," ","0",0,"P"," ","0",0,"P"," ","0",0,"P"," ","0",0,"P"," ","0",0,"P"," ","0",0,"P"," ","0",0,"P"," ","0",0,"P"," ","0",0,"P"," ","0",0,"P"," ","0"
"494","USC00392565",1996,5,"DAPR",NA," "," "," ",NA," "," "," ",NA," "," "," ",NA," "," "," ",NA," "," "," ",NA," "," "," ",NA," "," "," ",NA," "," "," ",NA," "," "," ",NA," "," "," ",NA," "," "," ",NA," "," "," ",NA," "," "," ",NA," "," "," ",NA," "," "," ",NA," "," "," ",NA," "," "," ",NA," "," "," ",NA," "," "," ",NA," "," "," ",NA," "," "," ",NA," "," "," ",2," "," ","0",NA," "," "," ",NA," "," "," ",NA," "," "," ",NA," "," "," ",NA," "," "," ",NA," "," "," ",NA," "," "," ",NA," "," "," "
"495","USC00392565",1996,5,"MDPR",NA," "," "," ",NA," "," "," ",NA," "," "," ",NA," "," "," ",NA," "," "," ",NA," "," "," ",NA," "," "," ",NA," "," "," ",NA," "," "," ",NA," "," "," ",NA," "," "," ",NA," "," "," ",NA," "," "," ",NA," "," "," ",NA," "," "," ",NA," "," "," ",NA," "," "," ",NA," "," "," ",NA," "," "," ",NA," "," "," ",NA," "," "," ",NA," "," "," ",69," "," ","0",NA," "," "," ",NA," "," "," ",NA," "," "," ",NA," "," "," ",NA," "," "," ",NA," "," "," ",NA," "," "," ",NA," "," "," "
"496","USC00392565",1996,6,"TMAX",161," "," ","0",194," "," ","0",189," "," ","0",217," "," ","0",250," "," ","0",222," "," ","0",167," "," ","0",211," "," ","0",289," "," ","0",306," "," ","0",278," "," ","0",294," "," ","0",239," "," ","0",289," "," ","0",294," "," ","0",244," "," ","0",256," "," ","0",289," "," ","0",289," "," ","0",211," "," ","0",261," "," ","0",217," "," ","0",211," "," ","0",239," "," ","0",283," "," ","0",311," "," ","0",333," "," ","0",300," "," ","0",300," "," ","0",244," "," ","0",NA," "," "," "
"497","USC00392565",1996,6,"TMIN",39," "," ","0",72," "," ","0",39," "," ","0",83," "," ","0",122," "," ","0",94," "," ","0",28," "," ","0",72," "," ","0",133," "," ","0",144," "," ","0",122," "," ","0",117," "," ","0",133," "," ","0",128," "," ","0",128," "," ","0",111," "," ","0",150," "," ","0",111," "," ","0",144," "," ","0",111," "," ","0",133," "," ","0",128," "," ","0",94," "," ","0",128," "," ","0",156," "," ","0",172," "," ","0",161," "," ","0",150," "," ","0",100," "," ","0",144," "," ","0",NA," "," "," "
"498","USC00392565",1996,6,"TOBS",111," "," ","0",111," "," ","0",133," "," ","0",144," "," ","0",161," "," ","0",106," "," ","0",100," "," ","0",167," "," ","0",200," "," ","0",200," "," ","0",206," "," ","0",183," "," ","0",200," "," ","0",217," "," ","0",144," "," ","0",183," "," ","0",200," "," ","0",217," "," ","0",178," "," ","0",156," "," ","0",161," "," ","0",144," "," ","0",133," "," ","0",156," "," ","0",189," "," ","0",233," "," ","0",217," "," ","0",167," "," ","0",150," "," ","0",200," "," ","0",NA," "," "," "
"499","USC00392565",1996,6,"PRCP",0,"P"," ","0",0,"P"," ","0",0,"P"," ","0",0,"P"," ","0",0,"P"," ","0",36," "," ","0",0,"P"," ","0",0,"P"," ","0",0,"P"," ","0",0,"P"," ","0",18," "," ","0",64," "," ","0",0,"P"," ","0",0,"P"," ","0",5," "," ","0",0,"P"," ","0",0,"P"," ","0",20," "," ","0",0,"P"," ","0",0,"P"," ","0",0,"P"," ","0",53," "," ","0",97," "," ","0",0,"P"," ","0",0,"P"," ","0",0,"P"," ","0",0,"P"," ","0",13," "," ","0",0,"P"," ","0",0,"P"," ","0",NA," "," "," "
"500","USC00392565",1996,6,"SNOW",0,"P"," ","0",0,"P"," ","0",0,"P"," ","0",0,"P"," ","0",0,"P"," ","0",0,"P"," ","0",0,"P"," ","0",0,"P"," ","0",0,"P"," ","0",0,"P"," ","0",0,"P"," ","0",0,"P"," ","0",0,"P"," ","0",0,"P"," ","0",0,"P"," ","0",0,"P"," ","0",0,"P"," ","0",0,"P"," ","0",0,"P"," ","0",0,"P"," ","0",0,"P"," ","0",0,"P"," ","0",0,"P"," ","0",0,"P"," ","0",0,"P"," ","0",0,"P"," ","0",0,"P"," ","0",0,"P"," ","0",0,"P"," ","0",0,"P"," ","0",NA," "," "," "
"501","USC00392565",1996,6,"SNWD",0,"P"," ","0",0,"P"," ","0",0,"P"," ","0",0,"P"," ","0",0,"P"," ","0",0,"P"," ","0",0,"P"," ","0",0,"P"," ","0",0,"P"," ","0",0,"P"," ","0",0,"P"," ","0",0,"P"," ","0",0,"P"," ","0",0,"P"," ","0",0,"P"," ","0",0,"P"," ","0",0,"P"," ","0",0,"P"," ","0",0,"P"," ","0",0,"P"," ","0",0,"P"," ","0",0,"P"," ","0",0,"P"," ","0",0,"P"," ","0",0,"P"," ","0",0,"P"," ","0",0,"P"," ","0",0,"P"," ","0",0,"P"," ","0",0,"P"," ","0",NA," "," "," "
"502","USC00392565",1996,7,"TOBS",200," "," ","0",233," "," ","0",211," "," ","0",228," "," ","0",222," "," ","0",189," "," ","0",183," "," ","0",144," "," ","0",150," "," ","0",183," "," ","0",183," "," ","0",161," "," ","0",189," "," ","0",144," "," ","0",200," "," ","0",200," "," ","0",211," "," ","0",217," "," ","0",228," "," ","0",217," "," ","0",194," "," ","0",178," "," ","0",NA," "," "," ",NA," "," "," ",NA," "," "," ",156," "," ","0",167," "," ","0",167," "," ","0",156," "," ","0",178," "," ","0",150," "," ","0"
"503","USC00392565",1996,7,"PRCP",0,"P"," ","0",0,"P"," ","0",0,"P"," ","0",46," "," ","0",183," "," ","0",0,"P"," ","0",0,"P"," ","0",0,"P"," ","0",0,"P"," ","0",0,"P"," ","0",0,"P"," ","0",NA," "," "," ",NA," "," "," ",NA," "," "," ",NA," "," "," ",NA," "," "," ",NA," "," "," ",NA," "," "," ",NA," "," "," ",NA," "," "," ",NA," "," "," ",NA," "," "," ",NA," "," "," ",NA," "," "," ",NA," "," "," ",NA," "," "," ",NA," "," "," ",NA," "," "," ",NA," "," "," ",NA," "," "," ",NA," "," "," "
"504","USC00392565",1996,7,"SNWD",0,"P"," ","0",0,"P"," ","0",0,"P"," ","0",0,"P"," ","0",0,"P"," ","0",0,"P"," ","0",0,"P"," ","0",0,"P"," ","0",0,"P"," ","0",0,"P"," ","0",0,"P"," ","0",0,"P"," ","0",0,"P"," ","0",0,"P"," ","0",0,"P"," ","0",0,"P"," ","0",0,"P"," ","0",0,"P"," ","0",0,"P"," ","0",0,"P"," ","0",0,"P"," ","0",0,"P"," ","0",0,"P"," ","0",0,"P"," ","0",0,"P"," ","0",0,"P"," ","0",0,"P"," ","0",0,"P"," ","0",0,"P"," ","0",0,"P"," ","0",0,"P"," ","0"
"505","USC00392565",1996,8,"TMAX",261," "," ","0",317," "," ","0",344," "," ","0",311," "," ","0",278," "," ","0",317," "," ","0",217," "," ","0",278," "," ","0",306," "," ","0",300," "," ","0",289," "," ","0",333," "," ","0",356," "," ","0",311," "," ","0",283," "," ","0",261," "," ","0",294," "," ","0",317," "," ","0",289," "," ","0",244," "," ","0",317," "," ","0",283," "," ","0",250," "," ","0",306," "," ","0",333," "," ","0",311," "," ","0",250," "," ","0",294," "," ","0",289," "," ","0",233," "," ","0",244," "," ","0"
"506","USC00392565",1996,8,"TMIN",133," "," ","0",144," "," ","0",128," "," ","0",111," "," ","0",83," "," ","0",78," "," ","0",50," "," ","0",122," "," ","0",167," "," ","0",106," "," ","0",117," "," ","0",133," "," ","0",167," "," ","0",144," "," ","0",144," "," ","0",117," "," ","0",133," "," ","0",150," "," ","0",117," "," ","0",139," "," ","0",133," "," ","0",94," "," ","0",117," "," ","0",139," "," ","0",150," "," ","0",117," "," ","0",150," "," ","0",156," "," ","0",139," "," ","0",128," "," ","0",122," "," ","0"
"507","USC00392565",1996,8,"TOBS",167," "," ","0",167," "," ","0",183," "," ","0",172," "," ","0",133," "," ","0",144," "," ","0",117," "," ","0",183," "," ","0",194," "," ","0",150," "," ","0",167," "," ","0",167," "," ","0",217," "," ","0",172," "," ","0",167," "," ","0",183," "," ","0",178," "," ","0",178," "," ","0",139," "," ","0",167," "," ","0",167," "," ","0",133," "," ","0",139," "," ","0",167," "," ","0",194," "," ","0",150," "," ","0",172," "," ","0",183," "," ","0",172," "," ","0",139," "," ","0",150," "," ","0"
"508","USC00392565",1996,8,"PRCP",0,"P"," ","0",23," "," ","0",0,"P"," ","0",0,"P"," ","0",0,"P"," ","0",0,"P"," ","0",0,"P"," ","0",0,"P"," ","0",0,"P"," ","0",183," "," ","0",0,"P"," ","0",0,"P"," ","0",0,"P"," ","0",13," "," ","0",119," "," ","0",5," "," ","0",0,"P"," ","0",0,"P"," ","0",175," "," ","0",0,"P"," ","0",0,"P"," ","0",0,"P"," ","0",0,"P"," ","0",0,"P"," ","0",0,"P"," ","0",99," "," ","0",0,"P"," ","0",0,"P"," ","0",130," "," ","0",196," "," ","0",0,"P"," ","0"
"509","USC00392565",1996,8,"SNOW",0,"P"," ","0",0,"P"," ","0",0,"P"," ","0",0,"P"," ","0",0,"P"," ","0",0,"P"," ","0",0,"P"," ","0",0,"P"," ","0",0,"P"," ","0",0,"P"," ","0",0,"P"," ","0",0,"P"," ","0",0,"P"," ","0",0,"P"," ","0",0,"P"," ","0",0,"P"," ","0",0,"P"," ","0",0,"P"," ","0",0,"P"," ","0",0,"P"," ","0",0,"P"," ","0",0,"P"," ","0",0,"P"," ","0",0,"P"," ","0",0,"P"," ","0",0,"P"," ","0",0,"P"," ","0",0,"P"," ","0",0,"P"," ","0",0,"P"," ","0",0,"P"," ","0"
"510","USC00392565",1996,8,"SNWD",0,"P"," ","0",0,"P"," ","0",0,"P"," ","0",0,"P"," ","0",0,"P"," ","0",0,"P"," ","0",0,"P"," ","0",0,"P"," ","0",0,"P"," ","0",0,"P"," ","0",0,"P"," ","0",0,"P"," ","0",0,"P"," ","0",0,"P"," ","0",0,"P"," ","0",0,"P"," ","0",0,"P"," ","0",0,"P"," ","0",0,"P"," ","0",0,"P"," ","0",0,"P"," ","0",0,"P"," ","0",0,"P"," ","0",0,"P"," ","0",0,"P"," ","0",0,"P"," ","0",0,"P"," ","0",0,"P"," ","0",0,"P"," ","0",0,"P"," ","0",0,"P"," ","0"
"511","USC00392565",1996,9,"TMAX",294," "," ","0",261," "," ","0",256," "," ","0",283," "," ","0",328," "," ","0",317," "," ","0",161," "," ","0",228," "," ","0",NA," "," "," ",NA," "," "," ",NA," "," "," ",NA," "," "," ",NA," "," "," ",233," "," ","0",172," "," ","0",228," "," ","0",239," "," ","0",144," "," ","0",133," "," ","0",150," "," ","0",139," "," ","0",178," "," ","0",183," "," ","0",139," "," ","0",178," "," ","0",56," "," ","0",83," "," ","0",117," "," ","0",211," "," ","0",250," "," ","0",NA," "," "," "
"512","USC00392565",1996,9,"TMIN",117," "," ","0",144," "," ","0",111," "," ","0",128," "," ","0",161," "," ","0",128," "," ","0",33," "," ","0",83," "," ","0",NA," "," "," ",NA," "," "," ",NA," "," "," ",NA," "," "," ",122," "," ","0",117," "," ","0",122," "," ","0",100," "," ","0",100," "," ","0",72," "," ","0",44," "," ","0",28," "," ","0",11," "," ","0",39," "," ","0",61," "," ","0",44," "," ","0",50," "," ","0",-28," "," ","0",-17," "," ","0",-6," "," ","0",22," "," ","0",28," "," ","0",NA," "," "," "
"513","USC00392565",1996,9,"TOBS",144," "," ","0",178," "," ","0",128," "," ","0",194," "," ","0",167," "," ","0",128," "," ","0",83," "," ","0",133," "," ","0",NA," "," "," ",NA," "," "," ",NA," "," "," ",NA," "," "," ",133," "," ","0",128," "," ","0",128," "," ","0",122," "," ","0",100," "," ","0",78," "," ","0",67," "," ","0",83," "," ","0",39," "," ","0",61," "," ","0",67," "," ","0",61," "," ","0",50," "," ","0",-6," "," ","0",-6," "," ","0",50," "," ","0",28," "," ","0",67," "," ","0",NA," "," "," "
"514","USC00392565",1996,9,"PRCP",0,"P"," ","0",0,"P"," ","0",0,"P"," ","0",0,"P"," ","0",0,"P"," ","0",76," "," ","0",3," "," ","0",0,"P"," ","0",0,"P"," ","0",0,"P"," ","0",0,"P"," ","0",0,"P"," ","0",0,"P"," ","0",0,"P"," ","0",0,"P"," ","0",0,"P"," ","0",104," "," ","0",56," "," ","0",0,"P"," ","0",0,"P"," ","0",0,"P"," ","0",8," "," ","0",0,"P"," ","0",0,"P"," ","0",5," "," ","0",107," "," ","0",0,"P"," ","0",0,"T"," ","0",0,"P"," ","0",0,"P"," ","0",NA," "," "," "
"515","USC00392565",1996,9,"SNOW",0,"P"," ","0",0,"P"," ","0",0,"P"," ","0",0,"P"," ","0",0,"P"," ","0",0,"P"," ","0",0,"P"," ","0",0,"P"," ","0",0,"P"," ","0",0,"P"," ","0",0,"P"," ","0",0,"P"," ","0",0,"P"," ","0",0,"P"," ","0",0,"P"," ","0",0,"P"," ","0",0,"P"," ","0",0,"P"," ","0",0,"P"," ","0",0,"P"," ","0",0,"P"," ","0",0,"P"," ","0",0,"P"," ","0",0,"P"," ","0",0,"P"," ","0",0,"P"," ","0",0,"P"," ","0",0,"P"," ","0",0,"P"," ","0",0,"P"," ","0",NA," "," "," "
"516","USC00392565",1996,9,"SNWD",0,"P"," ","0",0,"P"," ","0",0,"P"," ","0",0,"P"," ","0",0,"P"," ","0",0,"P"," ","0",0,"P"," ","0",0,"P"," ","0",0,"P"," ","0",0,"P"," ","0",0,"P"," ","0",0,"P"," ","0",0,"P"," ","0",0,"P"," ","0",0,"P"," ","0",0,"P"," ","0",0,"P"," ","0",0,"P"," ","0",0,"P"," ","0",0,"P"," ","0",0,"P"," ","0",0,"P"," ","0",0,"P"," ","0",0,"P"," ","0",0,"P"," ","0",0,"P"," ","0",0,"P"," ","0",0,"P"," ","0",0,"P"," ","0",0,"P"," ","0",NA," "," "," "
"517","USC00392565",1996,10,"TMAX",272," "," ","0",256," "," ","0",78," "," ","0",167," "," ","0",250," "," ","0",256," "," ","0",172," "," ","0",183," "," ","0",194," "," ","0",194," "," ","0",250," "," ","0",272," "," ","0",272," "," ","0",272," "," ","0",161," "," ","0",211," "," ","0",100," "," ","0",28," "," ","0",144," "," ","0",183," "," ","0",33," "," ","0",33," "," ","0",122," "," ","0",106," "," ","0",122," "," ","0",106," "," ","0",NA," "," "," ",72," "," ","0",178," "," ","0",61," "," ","0",-17," "," ","0"
"518","USC00392565",1996,10,"TMIN",50," "," ","0",17," "," ","0",-6," "," ","0",6," "," ","0",61," "," ","0",61," "," ","0",39," "," ","0",28," "," ","0",11," "," ","0",22," "," ","0",39," "," ","0",61," "," ","0",67," "," ","0",72," "," ","0",0," "," ","0",0," "," ","0",0," "," ","0",-72," "," ","0",-56," "," ","0",17," "," ","0",-33," "," ","0",-78," "," ","0",-61," "," ","0",-33," "," ","0",-28," "," ","0",22," "," ","0",NA," "," "," ",-83," "," ","0",-17," "," ","0",-83," "," ","0",-111," "," ","0"
"519","USC00392565",1996,10,"TOBS",67," "," ","0",22," "," ","0",17," "," ","0",61," "," ","0",78," "," ","0",72," "," ","0",44," "," ","0",33," "," ","0",22," "," ","0",39," "," ","0",72," "," ","0",72," "," ","0",72," "," ","0",156," "," ","0",6," "," ","0",72," "," ","0",0," "," ","0",-56," "," ","0",39," "," ","0",17," "," ","0",-33," "," ","0",-61," "," ","0",-22," "," ","0",-28," "," ","0",22," "," ","0",44," "," ","0",NA," "," "," ",-17," "," ","0",50," "," ","0",-78," "," ","0",-67," "," ","0"
"520","USC00392565",1996,10,"PRCP",0,"P"," ","0",0,"P"," ","0",0,"P"," ","0",0,"P"," ","0",0,"P"," ","0",0,"P"," ","0",33," "," ","0",0,"P"," ","0",0,"P"," ","0",0,"P"," ","0",0,"P"," ","0",0,"P"," ","0",0,"P"," ","0",0,"P"," ","0",0,"P"," ","0",0,"P"," ","0",112," "," ","0",0,"P"," ","0",0,"P"," ","0",114," "," ","0",3," "," ","0",0,"P"," ","0",0,"P"," ","0",0,"P"," ","0",0,"P"," ","0",5," "," ","0",0,"P"," ","0",0,"P"," ","0",246," "," ","0",5," "," ","0",0,"P"," ","0"
"521","USC00392565",1996,10,"SNOW",0,"P"," ","0",0,"P"," ","0",0,"P"," ","0",0,"P"," ","0",0,"P"," ","0",0,"P"," ","0",0,"P"," ","0",0,"P"," ","0",0,"P"," ","0",0,"P"," ","0",0,"P"," ","0",0,"P"," ","0",0,"P"," ","0",0,"P"," ","0",0,"P"," ","0",0,"P"," ","0",0,"T"," ","0",0,"P"," ","0",0,"P"," ","0",0,"P"," ","0",0,"T"," ","0",0,"P"," ","0",0,"P"," ","0",0,"P"," ","0",0,"P"," ","0",0,"P"," ","0",0,"P"," ","0",0,"P"," ","0",0,"P"," ","0",0,"P"," ","0",0,"P"," ","0"
"522","USC00392565",1996,10,"SNWD",0,"P"," ","0",0,"P"," ","0",0,"P"," ","0",0,"P"," ","0",0,"P"," ","0",0,"P"," ","0",0,"P"," ","0",0,"P"," ","0",0,"P"," ","0",0,"P"," ","0",0,"P"," ","0",0,"P"," ","0",0,"P"," ","0",0,"P"," ","0",0,"P"," ","0",0,"P"," ","0",0,"T"," ","0",0,"P"," ","0",0,"P"," ","0",0,"P"," ","0",0,"T"," ","0",0,"P"," ","0",0,"P"," ","0",0,"P"," ","0",0,"P"," ","0",0,"P"," ","0",0,"P"," ","0",0,"P"," ","0",0,"P"," ","0",0,"P"," ","0",0,"P"," ","0"
"523","USC00392565",1996,11,"TMAX",17," "," ","0",61," "," ","0",133," "," ","0",144," "," ","0",128," "," ","0",128," "," ","0",61," "," ","0",33," "," ","0",61," "," ","0",67," "," ","0",50," "," ","0",-44," "," ","0",78," "," ","0",-6," "," ","0",-11," "," ","0",11," "," ","0",-83," "," ","0",-22," "," ","0",94," "," ","0",94," "," ","0",NA," "," "," ",NA," "," "," ",NA," "," "," ",NA," "," "," ",39," "," ","0",11," "," ","0",-11," "," ","0",33," "," ","0",94," "," ","0",39," "," ","0",NA," "," "," "
"524","USC00392565",1996,11,"TMIN",-72," "," ","0",-33," "," ","0",-33," "," ","0",-33," "," ","0",-6," "," ","0",-61," "," ","0",-94," "," ","0",-106," "," ","0",-83," "," ","0",-39," "," ","0",-67," "," ","0",-78," "," ","0",-61," "," ","0",-67," "," ","0",-39," "," ","0",-89," "," ","0",-194," "," ","0",-189," "," ","0",-72," "," ","0",-67," "," ","0",NA," "," "," ",NA," "," "," ",NA," "," "," ",NA," "," "," ",-172," "," ","0",-100," "," ","0",-106," "," ","0",-106," "," ","0",-72," "," ","0",-106," "," ","0",NA," "," "," "
"525","USC00392565",1996,11,"TOBS",-17," "," ","0",-22," "," ","0",6," "," ","0",17," "," ","0",39," "," ","0",-33," "," ","0",-39," "," ","0",-83," "," ","0",50," "," ","0",-39," "," ","0",-61," "," ","0",-61," "," ","0",-56," "," ","0",-33," "," ","0",-17," "," ","0",-83," "," ","0",-189," "," ","0",-72," "," ","0",89," "," ","0",78," "," ","0",NA," "," "," ",NA," "," "," ",NA," "," "," ",NA," "," "," ",-44," "," ","0",-72," "," ","0",-106," "," ","0",22," "," ","0",-33," "," ","0",-106," "," ","0",NA," "," "," "
"526","USC00392565",1996,11,"PRCP",0,"P"," ","0",0,"P"," ","0",0,"P"," ","0",0,"P"," ","0",33," "," ","0",0,"P"," ","0",0,"P"," ","0",0,"P"," ","0",0,"P"," ","0",0,"P"," ","0",0,"P"," ","0",0,"P"," ","0",0,"P"," ","0",0,"P"," ","0",0,"P"," ","0",51," "," ","0",41," "," ","0",0,"P"," ","0",0,"P"," ","0",0,"P"," ","0",0,"P"," ","0",0,"P"," ","0",0,"P"," ","0",0,"P"," ","0",0,"P"," ","0",0,"P"," ","0",0,"P"," ","0",0,"P"," ","0",0,"P"," ","0",0,"P"," ","0",NA," "," "," "
"527","USC00392565",1996,11,"SNOW",0,"P"," ","0",0,"P"," ","0",0,"P"," ","0",0,"P"," ","0",0,"P"," ","0",0,"P"," ","0",0,"P"," ","0",0,"P"," ","0",0,"P"," ","0",0,"P"," ","0",0,"P"," ","0",0,"P"," ","0",0,"P"," ","0",0,"P"," ","0",0,"P"," ","0",76," "," ","0",38," "," ","0",0,"P"," ","0",0,"P"," ","0",0,"P"," ","0",0,"P"," ","0",0,"P"," ","0",0,"P"," ","0",0,"P"," ","0",0,"P"," ","0",0,"P"," ","0",0,"P"," ","0",0,"P"," ","0",0,"P"," ","0",0,"P"," ","0",NA," "," "," "
"528","USC00392565",1996,11,"SNWD",0,"P"," ","0",0,"P"," ","0",0,"P"," ","0",0,"P"," ","0",0,"P"," ","0",0,"P"," ","0",0,"P"," ","0",0,"P"," ","0",0,"P"," ","0",0,"P"," ","0",0,"P"," ","0",0,"P"," ","0",0,"P"," ","0",0,"P"," ","0",0,"P"," ","0",NA," "," "," ",127," "," ","0",NA," "," "," ",51," "," ","0",NA," "," "," ",NA," "," "," ",NA," "," "," ",NA," "," "," ",NA," "," "," ",NA," "," "," ",NA," "," "," ",NA," "," "," ",NA," "," "," ",NA," "," "," ",0,"P"," ","0",NA," "," "," "
"529","USC00392565",1996,12,"TMAX",-6," "," ","0",33," "," ","0",0," "," ","0",11," "," ","0",11," "," ","0",NA," "," "," ",61," "," ","0",17," "," ","0",89," "," ","0",100," "," ","0",122," "," ","0",78," "," ","0",72," "," ","0",61," "," ","0",-39," "," ","0",-17," "," ","0",-33," "," ","0",-156," "," ","0",-94," "," ","0",-33," "," ","0",28," "," ","0",-44," "," ","0",-156," "," ","0",-139," "," ","0",-122," "," ","0",-172," "," ","0",56," "," ","0",67," "," ","0",0," "," ","0",78," "," ","0",106," "," ","0"
"530","USC00392565",1996,12,"TMIN",-106," "," ","0",-72," "," ","0",-144," "," ","0",-111," "," ","0",-139," "," ","0",NA," "," "," ",-128," "," ","0",-128," "," ","0",-39," "," ","0",-11," "," ","0",17," "," ","0",-67," "," ","0",-67," "," ","0",-67," "," ","0",-122," "," ","0",-111," "," ","0",-161," "," ","0",-228," "," ","0",-244," "," ","0",-122," "," ","0",-78," "," ","0",-167," "," ","0",-283," "," ","0",-272," "," ","0",-189," "," ","0",-289," "," ","0",-256," "," ","0",-72," "," ","0",-172," "," ","0",-167," "," ","0",-33," "," ","0"
"531","USC00392565",1996,12,"TOBS",-72," "," ","0",-28," "," ","0",-111," "," ","0",-67," "," ","0",6," "," ","0",NA," "," "," ",-128," "," ","0",-39," "," ","0",67," "," ","0",61," "," ","0",67," "," ","0",-44," "," ","0",-67," "," ","0",-50," "," ","0",-106," "," ","0",-33," "," ","0",-156," "," ","0",-189," "," ","0",-94," "," ","0",-78," "," ","0",-44," "," ","0",-167," "," ","0",-272," "," ","0",-139," "," ","0",-178," "," ","0",-256," "," ","0",28," "," ","0",0," "," ","0",-133," "," ","0",44," "," ","0",-22," "," ","0"
"532","USC00392565",1996,12,"PRCP",0,"P"," ","0",NA," "," "," ",0,"P"," ","0",0,"P"," ","0",0,"P"," ","0",0,"P"," ","0",0,"P"," ","0",0,"P"," ","0",0,"P"," ","0",0,"P"," ","0",0,"P"," ","0",10," "," ","0",0,"P"," ","0",0,"P"," ","0",36," "," ","0",23," "," ","0",0,"P"," ","0",0,"P"," ","0",0,"P"," ","0",NA," "," "," ",15," "," ","0",38," "," ","0",38," "," ","0",0,"P"," ","0",23," "," ","0",33," "," ","0",0,"P"," ","0",0,"P"," ","0",0,"P"," ","0",0,"P"," ","0",0,"P"," ","0"
"533","USC00392565",1996,12,"SNOW",0,"P"," ","0",0,"T"," ","0",0,"P"," ","0",0,"P"," ","0",0,"P"," ","0",0,"P"," ","0",0,"P"," ","0",0,"P"," ","0",0,"P"," ","0",0,"P"," ","0",0,"P"," ","0",0,"P"," ","0",0,"P"," ","0",0,"P"," ","0",0,"T"," ","0",38," "," ","0",0,"P"," ","0",0,"P"," ","0",0,"P"," ","0",0,"T"," ","0",25," "," ","0",76," "," ","0",51," "," ","0",0,"P"," ","0",76," "," ","0",51," "," ","0",0,"P"," ","0",0,"P"," ","0",0,"P"," ","0",0,"P"," ","0",0,"P"," ","0"
"534","USC00392565",1996,12,"SNWD",0,"P"," ","0",0,"T"," ","0",0,"P"," ","0",0,"P"," ","0",0,"P"," ","0",0,"P"," ","0",0,"P"," ","0",0,"P"," ","0",0,"P"," ","0",0,"P"," ","0",0,"P"," ","0",0,"P"," ","0",0,"P"," ","0",0,"P"," ","0",0,"T"," ","0",NA," "," "," ",NA," "," "," ",NA," "," "," ",NA," "," "," ",NA," "," "," ",NA," "," "," ",102," "," ","0",127," "," ","0",NA," "," "," ",203," "," ","0",229," "," ","0",NA," "," "," ",NA," "," "," ",NA," "," "," ",NA," "," "," ",NA," "," "," "
"535","USC00392565",1997,1,"TMAX",100," "," ","0",122," "," ","0",128," "," ","0",44," "," ","0",-11," "," ","0",-28," "," ","0",-6," "," ","0",-6," "," ","0",NA," "," "," ",-100," "," ","0",-161," "," ","0",-194," "," ","0",-189," "," ","0",-117," "," ","0",-50," "," ","0",-44," "," ","0",-78," "," ","0",33," "," ","0",78," "," ","0",111," "," ","0",128," "," ","0",56," "," ","0",0," "," ","0",11," "," ","0",-72," "," ","0",-156," "," ","0",-72," "," ","0",NA," "," "," ",39," "," ","0",44," "," ","0",94," "," ","0"
"536","USC00392565",1997,1,"TMIN",-33," "," ","0",22," "," ","0",17," "," ","0",-17," "," ","0",-128," "," ","0",-156," "," ","0",-150," "," ","0",-100," "," ","0",NA," "," "," ",-228," "," ","0",-283," "," ","0",-289," "," ","0",-267," "," ","0",-200," "," ","0",-183," "," ","0",-256," "," ","0",-206," "," ","0",-128," "," ","0",-72," "," ","0",-67," "," ","0",-6," "," ","0",-83," "," ","0",-89," "," ","0",-106," "," ","0",-206," "," ","0",-206," "," ","0",-294," "," ","0",-172," "," ","0",-94," "," ","0",-94," "," ","0",-22," "," ","0"
"537","USC00392565",1997,1,"TOBS",61," "," ","0",39," "," ","0",22," "," ","0",-17," "," ","0",-117," "," ","0",-150," "," ","0",-44," "," ","0",-100," "," ","0",NA," "," "," ",-222," "," ","0",-256," "," ","0",-261," "," ","0",-200," "," ","0",-156," "," ","0",-78," "," ","0",-206," "," ","0",-128," "," ","0",33," "," ","0",-67," "," ","0",22," "," ","0",6," "," ","0",-83," "," ","0",-39," "," ","0",-94," "," ","0",-206," "," ","0",-161," "," ","0",NA," "," "," ",NA," "," "," ",-94," "," ","0",-22," "," ","0",-6," "," ","0"
"538","USC00392565",1997,1,"PRCP",NA," "," "," ",0,"P"," ","0",5," "," ","0",13," "," ","0",0,"P"," ","0",0,"P"," ","0",0,"P"," ","0",5," "," ","0",NA," "," "," ",NA," "," "," ",0,"P"," ","0",0,"P"," ","0",0,"P"," ","0",0,"P"," ","0",0,"P"," ","0",0,"P"," ","0",0,"P"," ","0",0,"P"," ","0",0,"P"," ","0",0,"P"," ","0",0,"P"," ","0",0,"P"," ","0",0,"P"," ","0",0,"P"," ","0",NA," "," "," ",51," "," ","0",0,"P"," ","0",0,"P"," ","0",0,"P"," ","0",0,"P"," ","0",0,"P"," ","0"
"539","USC00392565",1997,1,"SNOW",NA," "," "," ",0,"P"," ","0",0,"P"," ","0",NA," "," "," ",0,"P"," ","0",0," "," ","0",0," "," ","0",0,"T"," ","0",NA," "," "," ",0,"T"," ","0",0,"P"," ","0",0,"P"," ","0",0,"P"," ","0",0,"P"," ","0",0,"P"," ","0",0,"P"," ","0",0,"P"," ","0",0,"P"," ","0",0,"P"," ","0",0,"P"," ","0",0,"P"," ","0",0," "," ","0",0,"P"," ","0",0,"P"," ","0",0,"T"," ","0",51," "," ","0",0,"P"," ","0",0,"P"," ","0",0,"P"," ","0",0,"P"," ","0",0,"P"," ","0"
"540","USC00392565",1997,1,"SNWD",102," "," ","0",51," "," ","0",25," "," ","0",25," "," ","0",NA," "," "," ",NA," "," "," ",NA," "," "," ",NA," "," "," ",NA," "," "," ",NA," "," "," ",NA," "," "," ",NA," "," "," ",NA," "," "," ",NA," "," "," ",NA," "," "," ",NA," "," "," ",NA," "," "," ",NA," "," "," ",NA," "," "," ",NA," "," "," ",0,"P"," ","0",0,"P"," ","0",0,"P"," ","0",0,"P"," ","0",0,"P"," ","0",51," "," ","0",NA," "," "," ",NA," "," "," ",NA," "," "," ",NA," "," "," ",0,"P"," ","0"
"541","USC00392565",1997,1,"DAPR",NA," "," "," ",NA," "," "," ",NA," "," "," ",NA," "," "," ",NA," "," "," ",NA," "," "," ",NA," "," "," ",NA," "," "," ",NA," "," "," ",2," "," ","0",NA," "," "," ",NA," "," "," ",NA," "," "," ",NA," "," "," ",NA," "," "," ",NA," "," "," ",NA," "," "," ",NA," "," "," ",NA," "," "," ",NA," "," "," ",NA," "," "," ",NA," "," "," ",NA," "," "," ",NA," "," "," ",NA," "," "," ",NA," "," "," ",NA," "," "," ",NA," "," "," ",NA," "," "," ",NA," "," "," ",NA," "," "," "
"542","USC00392565",1997,1,"MDPR",NA," "," "," ",NA," "," "," ",NA," "," "," ",NA," "," "," ",NA," "," "," ",NA," "," "," ",NA," "," "," ",NA," "," "," ",NA," "," "," ",3," "," ","0",NA," "," "," ",NA," "," "," ",NA," "," "," ",NA," "," "," ",NA," "," "," ",NA," "," "," ",NA," "," "," ",NA," "," "," ",NA," "," "," ",NA," "," "," ",NA," "," "," ",NA," "," "," ",NA," "," "," ",NA," "," "," ",NA," "," "," ",NA," "," "," ",NA," "," "," ",NA," "," "," ",NA," "," "," ",NA," "," "," ",NA," "," "," "
"543","USC00392565",1997,2,"TMAX",106," "," ","0",50," "," ","0",50," "," ","0",33," "," ","0",6," "," ","0",-17," "," ","0",-11," "," ","0",-39," "," ","0",33," "," ","0",28," "," ","0",6," "," ","0",22," "," ","0",6," "," ","0",6," "," ","0",33," "," ","0",22," "," ","0",39," "," ","0",117," "," ","0",122," "," ","0",50," "," ","0",94," "," ","0",22," "," ","0",11," "," ","0",-28," "," ","0",6," "," ","0",89," "," ","0",11," "," ","0",61," "," ","0",NA," "," "," ",NA," "," "," ",NA," "," "," "
"544","USC00392565",1997,2,"TMIN",-11," "," ","0",-6," "," ","0",-11," "," ","0",-72," "," ","0",-94," "," ","0",-106," "," ","0",-94," "," ","0",-150," "," ","0",-139," "," ","0",-133," "," ","0",-111," "," ","0",-117," "," ","0",-100," "," ","0",-100," "," ","0",-44," "," ","0",-39," "," ","0",-56," "," ","0",-44," "," ","0",0," "," ","0",-67," "," ","0",-17," "," ","0",-100," "," ","0",-150," "," ","0",-150," "," ","0",-133," "," ","0",-94," "," ","0",-61," "," ","0",-33," "," ","0",NA," "," "," ",NA," "," "," ",NA," "," "," "
"545","USC00392565",1997,2,"TOBS",11," "," ","0",-6," "," ","0",-6," "," ","0",-72," "," ","0",-67," "," ","0",-94," "," ","0",-83," "," ","0",-139," "," ","0",-122," "," ","0",-111," "," ","0",-50," "," ","0",-89," "," ","0",-83," "," ","0",-39," "," ","0",-28," "," ","0",0," "," ","0",-44," "," ","0",44," "," ","0",17," "," ","0",-17," "," ","0",-17," "," ","0",-83," "," ","0",-133," "," ","0",-133," "," ","0",-94," "," ","0",-33," "," ","0",-33," "," ","0",-33," "," ","0",NA," "," "," ",NA," "," "," ",NA," "," "," "
"546","USC00392565",1997,2,"PRCP",33," "," ","0",0,"T"," ","0",43," "," ","0",0,"P"," ","0",0,"P"," ","0",0,"P"," ","0",0,"P"," ","0",0,"P"," ","0",0,"P"," ","0",0,"P"," ","0",0,"P"," ","0",0,"P"," ","0",0,"P"," ","0",0,"P"," ","0",5," "," ","0",10," "," ","0",0,"P"," ","0",0,"P"," ","0",0,"P"," ","0",0,"P"," ","0",0,"P"," ","0",0,"P"," ","0",0,"P"," ","0",0,"P"," ","0",0,"P"," ","0",0,"P"," ","0",0,"P"," ","0",NA," "," "," ",NA," "," "," ",NA," "," "," ",NA," "," "," "
"547","USC00392565",1997,2,"SNOW",0,"P"," ","0",0,"P"," ","0",25," "," ","0",0,"P"," ","0",0,"P"," ","0",0,"P"," ","0",0,"P"," ","0",0,"P"," ","0",0,"P"," ","0",0,"P"," ","0",0,"P"," ","0",0,"P"," ","0",0,"P"," ","0",0,"P"," ","0",0,"T"," ","0",0,"T"," ","0",0,"P"," ","0",0,"P"," ","0",0,"P"," ","0",0,"P"," ","0",0,"P"," ","0",0,"P"," ","0",0,"P"," ","0",0,"P"," ","0",0,"P"," ","0",0,"P"," ","0",0,"P"," ","0",0,"T"," ","0",NA," "," "," ",NA," "," "," ",NA," "," "," "
"548","USC00392565",1997,2,"SNWD",0,"T"," ","0",0,"P"," ","0",25," "," ","0",NA," "," "," ",NA," "," "," ",NA," "," "," ",NA," "," "," ",NA," "," "," ",NA," "," "," ",NA," "," "," ",NA," "," "," ",NA," "," "," ",NA," "," "," ",NA," "," "," ",NA," "," "," ",NA," "," "," ",NA," "," "," ",NA," "," "," ",NA," "," "," ",0,"P"," ","0",0,"P"," ","0",0,"P"," ","0",0,"P"," ","0",0,"P"," ","0",0,"P"," ","0",0,"P"," ","0",0,"P"," ","0",0,"P"," ","0",NA," "," "," ",NA," "," "," ",NA," "," "," "
"549","USC00392565",1997,3,"TMAX",-28," "," ","0",11," "," ","0",78," "," ","0",-17," "," ","0",-22," "," ","0",22," "," ","0",111," "," ","0",106," "," ","0",122," "," ","0",100," "," ","0",133," "," ","0",156," "," ","0",17," "," ","0",-39," "," ","0",-67," "," ","0",22," "," ","0",178," "," ","0",89," "," ","0",144," "," ","0",211," "," ","0",228," "," ","0",89," "," ","0",117," "," ","0",167," "," ","0",44," "," ","0",122," "," ","0",211," "," ","0",189," "," ","0",111," "," ","0",67," "," ","0",167," "," ","0"
"550","USC00392565",1997,3,"TMIN",-161," "," ","0",-83," "," ","0",-56," "," ","0",-133," "," ","0",-117," "," ","0",-94," "," ","0",-50," "," ","0",-39," "," ","0",-72," "," ","0",-50," "," ","0",-28," "," ","0",-44," "," ","0",-56," "," ","0",-183," "," ","0",-167," "," ","0",-94," "," ","0",39," ","I","0",-17," "," ","0",-22," "," ","0",11," "," ","0",33," "," ","0",-39," "," ","0",-17," "," ","0",28," ","I","0",-78," "," ","0",-22," "," ","0",0," "," ","0",-22," "," ","0",-22," "," ","0",-72," "," ","0",-22," "," ","0"
"551","USC00392565",1997,3,"TOBS",-83," "," ","0",-44," "," ","0",-22," "," ","0",-111," "," ","0",-72," "," ","0",-50," "," ","0",17," "," ","0",-6," "," ","0",-50," "," ","0",61," "," ","0",22," "," ","0",-39," "," ","0",-50," "," ","0",-167," "," ","0",-94," "," ","0",17," "," ","0",44," "," ","0",0," "," ","0",39," "," ","0",72," "," ","0",44," "," ","0",22," "," ","0",0," ","I","0",39," "," ","0",11," "," ","0",89," "," ","0",100," "," ","0",-6," "," ","0",-6," "," ","0",28," "," ","0",128," "," ","0"
"552","USC00392565",1997,3,"PRCP",0,"P"," ","0",0,"P"," ","0",0,"T"," ","0",0,"P"," ","0",0,"P"," ","0",0,"P"," ","0",0,"P"," ","0",0,"P"," ","0",48," "," ","0",0,"P"," ","0",0,"P"," ","0",0,"P"," ","0",0,"P"," ","0",0,"P"," ","0",0,"P"," ","0",0,"P"," ","0",0,"P"," ","0",0,"T"," ","0",0,"P"," ","0",0,"P"," ","0",0,"P"," ","0",0,"P"," ","0",0,"P"," ","0",0,"P"," ","0",0,"P"," ","0",0,"P"," ","0",0,"P"," ","0",13," "," ","0",13," "," ","0",0,"P"," ","0",0,"P"," ","0"
"553","USC00392565",1997,3,"SNOW",0,"P"," ","0",0,"P"," ","0",0,"T"," ","0",0,"P"," ","0",0,"P"," ","0",0,"P"," ","0",0,"P"," ","0",0,"P"," ","0",38," "," ","0",0," "," ","0",0,"P"," ","0",0,"P"," ","0",0,"P"," ","0",0,"P"," ","0",0,"P"," ","0",0,"P"," ","0",0,"P"," ","0",0,"P"," ","0",0,"P"," ","0",0,"P"," ","0",0,"P"," ","0",0,"P"," ","0",0,"P"," ","0",0,"P"," ","0",0,"P"," ","0",0,"P"," ","0",0,"P"," ","0",0,"P"," ","0",0,"P"," ","0",0,"P"," ","0",0,"P"," ","0"
"554","USC00392565",1997,3,"SNWD",0,"P"," ","0",0,"P"," ","0",0,"T"," ","0",0,"P"," ","0",0,"P"," ","0",0,"P"," ","0",0,"P"," ","0",0,"P"," ","0",NA," "," "," ",NA," "," "," ",0,"P"," ","0",0,"P"," ","0",0,"P"," ","0",0,"P"," ","0",0,"P"," ","0",0,"P"," ","0",0,"P"," ","0",0,"P"," ","0",0,"P"," ","0",0,"P"," ","0",0,"P"," ","0",0,"P"," ","0",0,"P"," ","0",0,"P"," ","0",0,"P"," ","0",0,"P"," ","0",0,"P"," ","0",0,"P"," ","0",0,"P"," ","0",0,"P"," ","0",0,"P"," ","0"
"555","USC00392565",1997,4,"TMAX",222," "," ","0",72," "," ","0",78," "," ","0",200," "," ","0",156," "," ","0",-44," "," ","0",-28," "," ","0",-17," "," ","0",-17," "," ","0",-50," "," ","0",-50," "," ","0",-56," "," ","0",-11," "," ","0",67," "," ","0",128," "," ","0",78," "," ","0",150," "," ","0",217," "," ","0",189," "," ","0",194," "," ","0",172," "," ","0",72," "," ","0",111," "," ","0",122," "," ","0",100," "," ","0",117," "," ","0",122," "," ","0",194," "," ","0",144," "," ","0",56," "," ","0",NA," "," "," "
"556","USC00392565",1997,4,"TMIN",6," "," ","0",-17," "," ","0",-56," "," ","0",11," "," ","0",-50," "," ","0",-94," "," ","0",-111," "," ","0",-122," "," ","0",-122," "," ","0",-100," "," ","0",-150," "," ","0",-172," "," ","0",-128," "," ","0",-67," "," ","0",6," "," ","0",-44," "," ","0",11," "," ","0",28," "," ","0",44," "," ","0",28," "," ","0",39," "," ","0",17," "," ","0",-33," "," ","0",11," "," ","0",17," "," ","0",17," "," ","0",-6," "," ","0",44," "," ","0",NA," "," "," ",17," "," ","0",NA," "," "," "
"557","USC00392565",1997,4,"TOBS",6," "," ","0",6," "," ","0",11," "," ","0",111," "," ","0",-50," "," ","0",-94," "," ","0",-61," "," ","0",-100," "," ","0",-67," "," ","0",-83," "," ","0",-122," "," ","0",-67," "," ","0",-67," "," ","0",28," "," ","0",17," "," ","0",33," "," ","0",122," "," ","0",122," "," ","0",133," "," ","0",89," "," ","0",50," "," ","0",33," "," ","0",11," "," ","0",56," "," ","0",56," "," ","0",50," "," ","0",78," "," ","0",67," "," ","0",44," "," ","0",28," "," ","0",NA," "," "," "
"558","USC00392565",1997,4,"PRCP",0,"P"," ","0",5," "," ","0",0,"P"," ","0",0,"P"," ","0",173," "," ","0",0,"P"," ","0",0,"P"," ","0",36," "," ","0",0,"P"," ","0",25," "," ","0",48," "," ","0",3," "," ","0",0,"P"," ","0",0,"P"," ","0",25," "," ","0",0,"P"," ","0",0,"P"," ","0",0,"P"," ","0",0,"P"," ","0",25," "," ","0",152," "," ","0",0,"T"," ","0",0,"P"," ","0",0,"P"," ","0",0,"P"," ","0",0,"P"," ","0",0,"P"," ","0",0,"P"," ","0",64," "," ","0",46," "," ","0",NA," "," "," "
"559","USC00392565",1997,4,"SNOW",0,"P"," ","0",5," "," ","0",0,"P"," ","0",0,"P"," ","0",33," "," ","0",0,"P"," ","0",0,"P"," ","0",64," "," ","0",0,"P"," ","0",18," "," ","0",114," "," ","0",8," "," ","0",0,"P"," ","0",0,"P"," ","0",0,"P"," ","0",0,"P"," ","0",0,"P"," ","0",0,"P"," ","0",0,"P"," ","0",0,"P"," ","0",0,"P"," ","0",0,"P"," ","0",0,"P"," ","0",0,"P"," ","0",0,"P"," ","0",0,"P"," ","0",0,"P"," ","0",0,"P"," ","0",0,"P"," ","0",0,"P"," ","0",NA," "," "," "
"560","USC00392565",1997,4,"SNWD",0,"P"," ","0",0,"P"," ","0",0,"P"," ","0",0,"P"," ","0",0,"P"," ","0",0,"P"," ","0",0,"P"," ","0",NA," "," "," ",NA," "," "," ",NA," "," "," ",NA," "," "," ",NA," "," "," ",NA," "," "," ",NA," "," "," ",NA," "," "," ",NA," "," "," ",NA," "," "," ",NA," "," "," ",NA," "," "," ",0,"P"," ","0",0,"P"," ","0",0,"P"," ","0",0,"P"," ","0",0,"P"," ","0",0,"P"," ","0",0,"P"," ","0",0,"P"," ","0",0,"P"," ","0",0,"P"," ","0",0,"P"," ","0",NA," "," "," "
"561","USC00392565",1997,5,"TMAX",122," "," ","0",56," "," ","0",72," "," ","0",144," "," ","0",217," "," ","0",178," "," ","0",222," "," ","0",150," "," ","0",133," "," ","0",211," "," ","0",244," "," ","0",133," "," ","0",167," "," ","0",183," "," ","0",189," "," ","0",228," "," ","0",267," "," ","0",244," "," ","0",128," "," ","0",183," "," ","0",217," "," ","0",233," "," ","0",167," "," ","0",206," "," ","0",183," "," ","0",117," "," ","0",106," "," ","0",78," "," ","0",139," "," ","0",183," "," ","0",211," "," ","0"
"562","USC00392565",1997,5,"TMIN",11," "," ","0",22," "," ","0",-39," "," ","0",-39," "," ","0",0," "," ","0",72," "," ","0",83," "," ","0",39," "," ","0",-11," "," ","0",44," "," ","0",50," "," ","0",-17," "," ","0",17," "," ","0",-6," "," ","0",6," "," ","0",72," "," ","0",111," "," ","0",117," "," ","0",-39," "," ","0",17," "," ","0",72," "," ","0",117," "," ","0",72," "," ","0",100," "," ","0",89," "," ","0",72," "," ","0",39," "," ","0",28," "," ","0",33," "," ","0",33," "," ","0",94," "," ","0"
"563","USC00392565",1997,5,"TOBS",44," "," ","0",28," "," ","0",28," "," ","0",78," "," ","0",72," "," ","0",117," "," ","0",100," "," ","0",50," "," ","0",83," "," ","0",133," "," ","0",56," "," ","0",67," "," ","0",117," "," ","0",106," "," ","0",89," "," ","0",161," "," ","0",189," "," ","0",117," "," ","0",17," "," ","0",72," "," ","0",128," "," ","0",133," "," ","0",122," "," ","0",117," "," ","0",89," "," ","0",83," "," ","0",44," "," ","0",33," "," ","0",78," "," ","0",111," "," ","0",128," "," ","0"
"564","USC00392565",1997,5,"PRCP",5," "," ","0",53," "," ","0",0,"P"," ","0",0,"P"," ","0",0,"P"," ","0",0,"P"," ","0",0,"P"," ","0",0,"P"," ","0",0,"P"," ","0",0,"P"," ","0",0,"P"," ","0",0,"P"," ","0",0,"P"," ","0",0,"P"," ","0",0,"P"," ","0",0,"P"," ","0",0,"P"," ","0",0,"P"," ","0",0,"P"," ","0",0,"P"," ","0",0,"P"," ","0",15," "," ","0",38," "," ","0",0,"P"," ","0",290," "," ","0",43," "," ","0",0,"P"," ","0",0,"P"," ","0",0,"P"," ","0",0,"P"," ","0",0,"P"," ","0"
"565","USC00392565",1997,5,"SNOW",0,"P"," ","0",0,"P"," ","0",0,"P"," ","0",0,"P"," ","0",0,"P"," ","0",0,"P"," ","0",0,"P"," ","0",0,"P"," ","0",0,"P"," ","0",0,"P"," ","0",0,"P"," ","0",0,"P"," ","0",0,"P"," ","0",0,"P"," ","0",0,"P"," ","0",0,"P"," ","0",0,"P"," ","0",0,"P"," ","0",0,"P"," ","0",0,"P"," ","0",0,"P"," ","0",0,"P"," ","0",0,"P"," ","0",0,"P"," ","0",0,"P"," ","0",0,"P"," ","0",0,"P"," ","0",0,"P"," ","0",0,"P"," ","0",0,"P"," ","0",0,"P"," ","0"
"566","USC00392565",1997,5,"SNWD",0,"P"," ","0",0,"P"," ","0",0,"P"," ","0",0,"P"," ","0",0,"P"," ","0",0,"P"," ","0",0,"P"," ","0",0,"P"," ","0",0,"P"," ","0",0,"P"," ","0",0,"P"," ","0",0,"P"," ","0",0,"P"," ","0",0,"P"," ","0",0,"P"," ","0",0,"P"," ","0",0,"P"," ","0",0,"P"," ","0",0,"P"," ","0",0,"P"," ","0",0,"P"," ","0",0,"P"," ","0",0,"P"," ","0",0,"P"," ","0",0,"P"," ","0",0,"P"," ","0",0,"P"," ","0",0,"P"," ","0",0,"P"," ","0",0,"P"," ","0",0,"P"," ","0"
"567","USC00392565",1997,6,"TMAX",278," "," ","0",283," "," ","0",228," "," ","0",239," "," ","0",233," "," ","0",239," "," ","0",239," "," ","0",261," "," ","0",256," "," ","0",217," "," ","0",200," "," ","0",189," "," ","0",161," "," ","0",189," "," ","0",261," "," ","0",217," "," ","0",244," "," ","0",239," "," ","0",261," "," ","0",272," "," ","0",NA," "," "," ",NA," "," "," ",NA," "," "," ",344," "," ","0",222," "," ","0",211," "," ","0",294," "," ","0",328," "," ","0",283," "," ","0",289," "," ","0",NA," "," "," "
"568","USC00392565",1997,6,"TMIN",128," "," ","0",111," "," ","0",106," "," ","0",78," "," ","0",133," "," ","0",150," "," ","0",128," "," ","0",161," "," ","0",133," "," ","0",100," "," ","0",106," "," ","0",61," "," ","0",72," "," ","0",128," "," ","0",78," "," ","0",72," "," ","0",111," "," ","0",128," "," ","0",100," "," ","0",144," "," ","0",NA," "," "," ",NA," "," "," ",NA," "," "," ",133," "," ","0",89," "," ","0",89," "," ","0",139," ","I","0",128," "," ","0",172," "," ","0",133," "," ","0",NA," "," "," "
"569","USC00392565",1997,6,"TOBS",167," "," ","0",139," "," ","0",139," "," ","0",156," "," ","0",167," "," ","0",172," "," ","0",183," "," ","0",189," "," ","0",150," "," ","0",156," "," ","0",139," "," ","0",100," "," ","0",128," "," ","0",161," "," ","0",150," "," ","0",167," "," ","0",172," "," ","0",200," "," ","0",167," "," ","0",183," "," ","0",NA," "," "," ",NA," "," "," ",NA," "," "," ",161," "," ","0",133," "," ","0",117," ","I","0",261," "," ","0",200," "," ","0",211," "," ","0",194," "," ","0",NA," "," "," "
"570","USC00392565",1997,6,"PRCP",0,"P"," ","0",229," "," ","0",0,"P"," ","0",0,"P"," ","0",0,"P"," ","0",0,"P"," ","0",0,"P"," ","0",0,"P"," ","0",0,"P"," ","0",0,"P"," ","0",20," "," ","0",74," "," ","0",0,"P"," ","0",117," "," ","0",3," "," ","0",0,"P"," ","0",0,"P"," ","0",0,"P"," ","0",38," "," ","0",0,"P"," ","0",0,"P"," ","0",0,"P"," ","0",0,"P"," ","0",0,"P"," ","0",0,"P"," ","0",0,"P"," ","0",0,"P"," ","0",0,"P"," ","0",0,"P"," ","0",0,"P"," ","0",NA," "," "," "
"571","USC00392565",1997,6,"SNOW",0,"P"," ","0",0,"P"," ","0",0,"P"," ","0",0,"P"," ","0",0,"P"," ","0",0,"P"," ","0",0,"P"," ","0",0,"P"," ","0",0,"P"," ","0",0,"P"," ","0",0,"P"," ","0",0,"P"," ","0",0,"P"," ","0",0,"P"," ","0",0,"P"," ","0",0,"P"," ","0",0,"P"," ","0",0,"P"," ","0",0,"P"," ","0",0,"P"," ","0",0,"P"," ","0",0,"P"," ","0",0,"P"," ","0",0,"P"," ","0",0,"P"," ","0",0,"P"," ","0",0,"P"," ","0",0,"P"," ","0",0,"P"," ","0",0,"P"," ","0",NA," "," "," "
"572","USC00392565",1997,6,"SNWD",0,"P"," ","0",0,"P"," ","0",0,"P"," ","0",0,"P"," ","0",0,"P"," ","0",0,"P"," ","0",0,"P"," ","0",0,"P"," ","0",0,"P"," ","0",0,"P"," ","0",0,"P"," ","0",0,"P"," ","0",0,"P"," ","0",0,"P"," ","0",0,"P"," ","0",0,"P"," ","0",0,"P"," ","0",0,"P"," ","0",0,"P"," ","0",0,"P"," ","0",0,"P"," ","0",0,"P"," ","0",0,"P"," ","0",0,"P"," ","0",0,"P"," ","0",0,"P"," ","0",0,"P"," ","0",0,"P"," ","0",0,"P"," ","0",0,"P"," ","0",NA," "," "," "
"573","USC00392565",1997,7,"TMAX",278," "," ","0",228," "," ","0",222," "," ","0",189," "," ","0",233," "," ","0",239," "," ","0",289," "," ","0",278," "," ","0",NA," "," "," ",311," "," ","0",333," "," ","0",322," "," ","0",272," "," ","0",233," "," ","0",294," "," ","0",339," "," ","0",356," "," ","0",333," "," ","0",333," "," ","0",272," "," ","0",261," "," ","0",272," "," ","0",311," "," ","0",317," "," ","0",322," "," ","0",306," "," ","0",261," "," ","0",244," "," ","0",178," "," ","0",250," "," ","0",NA," "," "," "
"574","USC00392565",1997,7,"TMIN",172," "," ","0",78," "," ","0",89," "," ","0",56," "," ","0",106," "," ","0",133," "," ","0",111," "," ","0",133," "," ","0",NA," "," "," ",144," "," ","0",150," "," ","0",122," "," ","0",100," "," ","0",67," "," ","0",139," "," ","0",183," "," ","0",183," "," ","0",156," "," ","0",144," "," ","0",128," "," ","0",128," "," ","0",133," "," ","0",206," "," ","0",178," "," ","0",144," "," ","0",178," "," ","0",156," "," ","0",139," "," ","0",122," "," ","0",167," ","I","0",NA," "," "," "
"575","USC00392565",1997,7,"TOBS",172," "," ","0",106," "," ","0",89," "," ","0",111," "," ","0",161," "," ","0",233," "," ","0",194," "," ","0",144," "," ","0",NA," "," "," ",200," "," ","0",228," "," ","0",178," "," ","0",133," "," ","0",156," "," ","0",211," "," ","0",233," "," ","0",250," "," ","0",233," "," ","0",200," "," ","0",144," "," ","0",144," "," ","0",206," "," ","0",239," "," ","0",206," "," ","0",178," "," ","0",194," "," ","0",189," "," ","0",139," "," ","0",133," ","I","0",194," "," ","0",NA," "," "," "
"576","USC00392565",1997,7,"PRCP",0,"P"," ","0",0,"P"," ","0",51," "," ","0",0,"P"," ","0",0,"P"," ","0",0,"P"," ","0",0,"P"," ","0",137," "," ","0",0,"P"," ","0",0,"P"," ","0",0,"P"," ","0",0,"P"," ","0",0,"P"," ","0",0,"P"," ","0",0,"P"," ","0",0,"P"," ","0",0,"P"," ","0",0,"P"," ","0",251," "," ","0",635," "," ","0",61," "," ","0",0,"P"," ","0",0,"P"," ","0",18," "," ","0",0,"P"," ","0",0,"P"," ","0",0,"P"," ","0",183," "," ","0",18," "," ","0",10," "," ","0",NA," "," "," "
"577","USC00392565",1997,7,"SNOW",0,"P"," ","0",0,"P"," ","0",0,"P"," ","0",0,"P"," ","0",0,"P"," ","0",0,"P"," ","0",0,"P"," ","0",0,"P"," ","0",0,"P"," ","0",0,"P"," ","0",0,"P"," ","0",0,"P"," ","0",0,"P"," ","0",0,"P"," ","0",0,"P"," ","0",0,"P"," ","0",0,"P"," ","0",0,"P"," ","0",0,"P"," ","0",0,"P"," ","0",0,"P"," ","0",0,"P"," ","0",0,"P"," ","0",0,"P"," ","0",0,"P"," ","0",0,"P"," ","0",0,"P"," ","0",0,"P"," ","0",0,"P"," ","0",0,"P"," ","0",0,"P"," ","0"
"578","USC00392565",1997,7,"SNWD",0,"P"," ","0",0,"P"," ","0",0,"P"," ","0",0,"P"," ","0",0,"P"," ","0",0,"P"," ","0",0,"P"," ","0",0,"P"," ","0",0,"P"," ","0",0,"P"," ","0",0,"P"," ","0",0,"P"," ","0",0,"P"," ","0",0,"P"," ","0",0,"P"," ","0",0,"P"," ","0",0,"P"," ","0",0,"P"," ","0",0,"P"," ","0",0,"P"," ","0",0,"P"," ","0",0,"P"," ","0",0,"P"," ","0",0,"P"," ","0",0,"P"," ","0",0,"P"," ","0",0,"P"," ","0",0,"P"," ","0",0,"P"," ","0",0,"P"," ","0",0,"P"," ","0"
"579","USC00392565",1997,8,"TMAX",283," "," ","0",311," "," ","0",317," "," ","0",294," "," ","0",300," "," ","0",228," "," ","0",256," "," ","0",267," "," ","0",311," "," ","0",228," "," ","0",122," "," ","0",178," "," ","0",239," "," ","0",261," "," ","0",244," "," ","0",239," "," ","0",183," "," ","0",NA," "," "," ",283," "," ","0",256," "," ","0",283," "," ","0",272," "," ","0",317," "," ","0",NA," "," "," ",344," "," ","0",294," "," ","0",317," "," ","0",300," "," ","0",322," "," ","0",NA," "," "," ",NA," "," "," "
"580","USC00392565",1997,8,"TMIN",133," "," ","0",133," "," ","0",172," "," ","0",156," "," ","0",167," "," ","0",133," "," ","0",100," "," ","0",128," "," ","0",139," "," ","0",111," "," ","0",100," "," ","0",83," "," ","0",128," "," ","0",100," "," ","0",100," "," ","0",117," "," ","0",111," "," ","0",106," "," ","0",106," "," ","0",100," "," ","0",144," "," ","0",128," "," ","0",150," "," ","0",NA," "," "," ",133," "," ","0",183," "," ","0",150," "," ","0",144," "," ","0",167," "," ","0",NA," "," "," ",NA," "," "," "
"581","USC00392565",1997,8,"TOBS",200," "," ","0",211," "," ","0",211," "," ","0",200," "," ","0",172," "," ","0",178," "," ","0",156," "," ","0",172," "," ","0",150," "," ","0",111," "," ","0",106," "," ","0",133," "," ","0",144," "," ","0",178," "," ","0",128," "," ","0",133," "," ","0",117," "," ","0",183," "," ","0",133," "," ","0",144," "," ","0",178," "," ","0",189," "," ","0",289," "," ","0",NA," "," "," ",183," "," ","0",278," "," ","0",172," "," ","0",183," "," ","0",183," "," ","0",NA," "," "," ",NA," "," "," "
"582","USC00392565",1997,8,"PRCP",36," "," ","0",0,"P"," ","0",0,"P"," ","0",0,"P"," ","0",0,"P"," ","0",0,"P"," ","0",0,"P"," ","0",0,"P"," ","0",0,"P"," ","0",0,"P"," ","0",84," "," ","0",0,"P"," ","0",0,"P"," ","0",0,"P"," ","0",0,"P"," ","0",0,"P"," ","0",0,"P"," ","0",0,"P"," ","0",41," "," ","0",0,"P"," ","0",0,"P"," ","0",0,"P"," ","0",15," "," ","0",0,"P"," ","0",0,"P"," ","0",0,"P"," ","0",0,"P"," ","0",0,"P"," ","0",0,"P"," ","0",0,"P"," ","0",0,"P"," ","0"
"583","USC00392565",1997,8,"SNOW",0,"P"," ","0",0,"P"," ","0",0,"P"," ","0",0,"P"," ","0",0,"P"," ","0",0,"P"," ","0",0,"P"," ","0",0,"P"," ","0",0,"P"," ","0",0,"P"," ","0",0,"P"," ","0",0,"P"," ","0",0,"P"," ","0",0,"P"," ","0",0,"P"," ","0",0,"P"," ","0",0,"P"," ","0",0,"P"," ","0",0,"P"," ","0",0,"P"," ","0",0,"P"," ","0",0,"P"," ","0",0,"P"," ","0",0,"P"," ","0",0,"P"," ","0",0,"P"," ","0",0,"P"," ","0",0,"P"," ","0",0,"P"," ","0",0,"P"," ","0",0,"P"," ","0"
"584","USC00392565",1997,8,"SNWD",NA," "," "," ",0,"P"," ","0",0,"P"," ","0",0,"P"," ","0",0,"P"," ","0",0,"P"," ","0",0,"P"," ","0",0,"P"," ","0",0,"P"," ","0",0,"P"," ","0",0,"P"," ","0",0,"P"," ","0",0,"P"," ","0",0,"P"," ","0",0,"P"," ","0",0,"P"," ","0",0,"P"," ","0",0,"P"," ","0",0,"P"," ","0",0,"P"," ","0",0,"P"," ","0",0,"P"," ","0",0,"P"," ","0",0,"P"," ","0",0,"P"," ","0",0,"P"," ","0",0,"P"," ","0",0,"P"," ","0",0,"P"," ","0",0,"P"," ","0",0,"P"," ","0"
"585","USC00392565",1997,9,"TMAX",NA," "," "," ",NA," "," "," ",NA," "," "," ",333," "," ","0",289," "," ","0",NA," "," "," ",289," "," ","0",289," "," ","0",244," "," ","0",256," "," ","0",306," "," ","0",289," "," ","0",289," "," ","0",306," "," ","0",317," "," ","0",306," "," ","0",289," "," ","0",278," "," ","0",250," "," ","0",100," "," ","0",106," "," ","0",106," "," ","0",106," "," ","0",172," "," ","0",211," "," ","0",278," "," ","0",250," "," ","0",150," "," ","0",189," "," ","0",222," "," ","0",NA," "," "," "
"586","USC00392565",1997,9,"TMIN",NA," "," "," ",NA," "," "," ",NA," "," "," ",89," "," ","0",133," "," ","0",133," "," ","0",117," "," ","0",128," "," ","0",56," "," ","0",56," "," ","0",56," "," ","0",144," "," ","0",89," "," ","0",133," "," ","0",122," "," ","0",100," "," ","0",44," "," ","0",128," "," ","0",67," "," ","0",44," "," ","0",72," "," ","0",78," "," ","0",78," "," ","0",28," "," ","0",50," "," ","0",117," "," ","0",83," "," ","0",72," "," ","0",28," "," ","0",67," "," ","0",NA," "," "," "
"587","USC00392565",1997,9,"TOBS",NA," "," "," ",NA," "," "," ",NA," "," "," ",189," "," ","0",150," "," ","0",211," "," ","0",183," "," ","0",211," "," ","0",128," "," ","0",172," "," ","0",189," "," ","0",183," "," ","0",189," "," ","0",217," "," ","0",222," "," ","0",133," "," ","0",272," "," ","0",161," "," ","0",72," "," ","0",72," "," ","0",83," "," ","0",78," "," ","0",89," "," ","0",72," "," ","0",122," "," ","0",144," "," ","0",106," "," ","0",89," "," ","0",106," "," ","0",194," "," ","0",NA," "," "," "
"588","USC00392565",1997,9,"PRCP",NA," "," "," ",NA," "," "," ",NA," "," "," ",53," "," ","0",124," "," ","0",0,"P"," ","0",0,"P"," ","0",0,"P"," ","0",0,"P"," ","0",0,"P"," ","0",0,"P"," ","0",25," "," ","0",0,"P"," ","0",0,"P"," ","0",0,"P"," ","0",0,"P"," ","0",0,"P"," ","0",0,"P"," ","0",0,"P"," ","0",30," "," ","0",0," "," ","0",0,"P"," ","0",229," "," ","0",0,"T"," ","0",0,"P"," ","0",0,"P"," ","0",0,"P"," ","0",0,"P"," ","0",0,"P"," ","0",0,"P"," ","0",NA," "," "," "
"589","USC00392565",1997,9,"SNOW",0,"P"," ","0",0,"P"," ","0",0,"P"," ","0",0,"P"," ","0",0,"P"," ","0",0,"P"," ","0",0,"P"," ","0",0,"P"," ","0",0,"P"," ","0",0,"P"," ","0",0,"P"," ","0",0,"P"," ","0",0,"P"," ","0",0,"P"," ","0",0,"P"," ","0",0,"P"," ","0",0,"P"," ","0",0,"P"," ","0",0,"P"," ","0",0,"P"," ","0",0,"P"," ","0",0,"P"," ","0",0,"P"," ","0",0,"P"," ","0",0,"P"," ","0",0,"P"," ","0",0,"P"," ","0",0,"P"," ","0",0,"P"," ","0",0,"P"," ","0",NA," "," "," "
"590","USC00392565",1997,9,"SNWD",0,"P"," ","0",0,"P"," ","0",0,"P"," ","0",0,"P"," ","0",0,"P"," ","0",0,"P"," ","0",0,"P"," ","0",0,"P"," ","0",0,"P"," ","0",0,"P"," ","0",0,"P"," ","0",0,"P"," ","0",0,"P"," ","0",0,"P"," ","0",0,"P"," ","0",0,"P"," ","0",0,"P"," ","0",0,"P"," ","0",0,"P"," ","0",0,"P"," ","0",0,"P"," ","0",0,"P"," ","0",0,"P"," ","0",0,"P"," ","0",0,"P"," ","0",0,"P"," ","0",0,"P"," ","0",0,"P"," ","0",0,"P"," ","0",0,"P"," ","0",NA," "," "," "
"591","USC00392565",1997,10,"TMAX",306," "," ","0",283," "," ","0",283," "," ","0",289," "," ","0",239," "," ","0",183," "," ","0",283," "," ","0",83," "," ","0",206," "," ","0",244," "," ","0",NA," "," "," ",250," "," ","0",44," "," ","0",89," "," ","0",183," "," ","0",206," "," ","0",NA," "," "," ",NA," "," "," ",267," "," ","0",94," "," ","0",78," "," ","0",94," "," ","0",161," "," ","0",128," "," ","0",28," "," ","0",-6," "," ","0",78," "," ","0",144," "," ","0",133," "," ","0",161," "," ","0",156," "," ","0"
"592","USC00392565",1997,10,"TMIN",89," "," ","0",128," "," ","0",22," "," ","0",44," "," ","0",39," "," ","0",100," "," ","0",78," "," ","0",-22," "," ","0",-17," "," ","0",94," "," ","0",NA," "," "," ",28," "," ","0",-44," "," ","0",-44," "," ","0",28," "," ","0",33," "," ","0",NA," "," "," ",NA," "," "," ",33," "," ","0",33," "," ","0",-6," "," ","0",-17," "," ","0",-6," "," ","0",0," "," ","0",-72," "," ","0",-117," "," ","0",-111," "," ","0",-28," "," ","0",-28," "," ","0",-17," "," ","0",22," "," ","0"
"593","USC00392565",1997,10,"TOBS",150," "," ","0",139," "," ","0",100," "," ","0",133," "," ","0",100," "," ","0",139," "," ","0",83," "," ","0",-17," "," ","0",94," "," ","0",128," "," ","0",NA," "," "," ",33," "," ","0",-6," "," ","0",89," "," ","0",28," "," ","0",89," "," ","0",NA," "," "," ",NA," "," "," ",39," "," ","0",56," "," ","0",28," "," ","0",33," "," ","0",28," "," ","0",22," "," ","0",-72," "," ","0",-111," "," ","0",61," "," ","0",67," "," ","0",72," "," ","0",61," "," ","0",100," "," ","0"
"594","USC00392565",1997,10,"PRCP",NA," "," "," ",NA," "," "," ",NA," "," "," ",NA," "," "," ",NA," "," "," ",NA," "," "," ",170," "," ","0",13," "," ","0",NA," "," "," ",NA," "," "," ",NA," "," "," ",91," "," ","0",NA," "," "," ",0,"P"," ","0",0,"P"," ","0",0,"P"," ","0",0,"P"," ","0",0,"P"," ","0",0,"P"," ","0",0,"P"," ","0",18," "," ","0",0,"P"," ","0",0,"P"," ","0",64," "," ","0",0,"P"," ","0",0,"P"," ","0",0,"P"," ","0",0,"P"," ","0",0,"P"," ","0",0,"P"," ","0",5," "," ","0"
"595","USC00392565",1997,10,"SNOW",0,"P"," ","0",0,"P"," ","0",0,"P"," ","0",0,"P"," ","0",0,"P"," ","0",0,"P"," ","0",0,"P"," ","0",0,"P"," ","0",0,"P"," ","0",0,"P"," ","0",0,"P"," ","0",0,"P"," ","0",0,"P"," ","0",0,"P"," ","0",0,"P"," ","0",0,"P"," ","0",0,"P"," ","0",0,"P"," ","0",0,"P"," ","0",0,"P"," ","0",0,"P"," ","0",0,"P"," ","0",0,"P"," ","0",0,"P"," ","0",0,"P"," ","0",0,"P"," ","0",0,"P"," ","0",0,"P"," ","0",0,"P"," ","0",0,"P"," ","0",0,"P"," ","0"
"596","USC00392565",1997,10,"SNWD",0,"P"," ","0",0,"P"," ","0",0,"P"," ","0",0,"P"," ","0",0,"P"," ","0",0,"P"," ","0",0,"P"," ","0",0,"P"," ","0",0,"P"," ","0",0,"P"," ","0",0,"P"," ","0",0,"P"," ","0",0,"P"," ","0",0,"P"," ","0",0,"P"," ","0",0,"P"," ","0",0,"P"," ","0",0,"P"," ","0",0,"P"," ","0",0,"P"," ","0",0,"P"," ","0",0,"P"," ","0",0,"P"," ","0",0,"P"," ","0",0,"P"," ","0",0,"P"," ","0",0,"P"," ","0",0,"P"," ","0",0,"P"," ","0",0,"P"," ","0",0,"P"," ","0"
"597","USC00392565",1997,11,"TMAX",111," "," ","0",72," "," ","0",61," "," ","0",128," "," ","0",122," "," ","0",117," "," ","0",178," "," ","0",200," "," ","0",44," "," ","0",6," "," ","0",6," "," ","0",-17," "," ","0",28," "," ","0",-39," "," ","0",-39," "," ","0",-17," "," ","0",61," "," ","0",67," "," ","0",NA," "," "," ",61," "," ","0",78," "," ","0",78," "," ","0",28," "," ","0",67," "," ","0",144," "," ","0",144," "," ","0",50," "," ","0",89," "," ","0",122," "," ","0",117," "," ","0",NA," "," "," "
"598","USC00392565",1997,11,"TMIN",33," "," ","0",6," "," ","0",-39," "," ","0",0," "," ","0",-44," "," ","0",-28," "," ","0",0," "," ","0",-28," "," ","0",-28," "," ","0",-94," "," ","0",-117," "," ","0",-133," "," ","0",-72," "," ","0",-128," "," ","0",-183," "," ","0",-144," "," ","0",-117," "," ","0",-89," "," ","0",NA," "," "," ",-44," "," ","0",-72," "," ","0",-72," "," ","0",-100," "," ","0",-61," "," ","0",-33," "," ","0",-89," "," ","0",-28," "," ","0",-67," "," ","0",-44," "," ","0",-78," "," ","0",NA," "," "," "
"599","USC00392565",1997,11,"TOBS",56," "," ","0",17," "," ","0",28," "," ","0",72," "," ","0",117," "," ","0",78," "," ","0",33," "," ","0",17," "," ","0",-28," "," ","0",-67," "," ","0",-72," "," ","0",-56," "," ","0",-56," "," ","0",-94," "," ","0",-89," "," ","0",-17," "," ","0",-39," "," ","0",-44," "," ","0",NA," "," "," ",44," "," ","0",6," "," ","0",-17," "," ","0",-56," "," ","0",28," "," ","0",33," "," ","0",-28," "," ","0",17," "," ","0",6," "," ","0",33," "," ","0",11," "," ","0",NA," "," "," "
"600","USC00392565",1997,11,"PRCP",25," "," ","0",0,"P"," ","0",0,"P"," ","0",0,"P"," ","0",0,"P"," ","0",0,"P"," ","0",0,"P"," ","0",0,"P"," ","0",41," "," ","0",0,"P"," ","0",0,"P"," ","0",0,"P"," ","0",0,"P"," ","0",0,"P"," ","0",0,"P"," ","0",0,"P"," ","0",0,"P"," ","0",0,"P"," ","0",0,"P"," ","0",0,"P"," ","0",0,"P"," ","0",0,"P"," ","0",0,"P"," ","0",0,"P"," ","0",0,"P"," ","0",0,"P"," ","0",0,"P"," ","0",0,"P"," ","0",0,"P"," ","0",0,"P"," ","0",NA," "," "," "
"601","USC00392565",1997,11,"SNOW",0,"P"," ","0",0,"P"," ","0",0,"P"," ","0",0,"P"," ","0",0,"P"," ","0",0,"P"," ","0",0,"P"," ","0",0,"P"," ","0",0,"P"," ","0",0,"P"," ","0",0,"P"," ","0",0,"P"," ","0",0,"P"," ","0",0,"P"," ","0",0,"P"," ","0",0,"P"," ","0",0,"P"," ","0",0,"P"," ","0",0,"P"," ","0",0,"P"," ","0",0,"P"," ","0",0,"P"," ","0",0,"P"," ","0",0,"P"," ","0",0,"P"," ","0",0,"P"," ","0",0,"P"," ","0",0,"P"," ","0",0,"P"," ","0",0,"P"," ","0",NA," "," "," "
"602","USC00392565",1997,11,"SNWD",0,"P"," ","0",0,"P"," ","0",0,"P"," ","0",0,"P"," ","0",0,"P"," ","0",0,"P"," ","0",0,"P"," ","0",0,"P"," ","0",0,"P"," ","0",0,"P"," ","0",0,"P"," ","0",0,"P"," ","0",0,"P"," ","0",0,"P"," ","0",0,"P"," ","0",0,"P"," ","0",0,"P"," ","0",0,"P"," ","0",0,"P"," ","0",0,"P"," ","0",0,"P"," ","0",0,"P"," ","0",0,"P"," ","0",0,"P"," ","0",0,"P"," ","0",0,"P"," ","0",0,"P"," ","0",0,"P"," ","0",0,"P"," ","0",0,"P"," ","0",NA," "," "," "
"603","USC00392565",1997,12,"TMAX",100," "," ","0",50," "," ","0",22," "," ","0",-33," "," ","0",-22," "," ","0",-17," "," ","0",22," "," ","0",44," "," ","0",56," "," ","0",-28," "," ","0",-11," "," ","0",22," "," ","0",78," "," ","0",111," "," ","0",139," "," ","0",78," "," ","0",78," "," ","0",100," "," ","0",61," "," ","0",-28," "," ","0",28," "," ","0",28," "," ","0",17," "," ","0",28," "," ","0",28," "," ","0",-11," "," ","0",11," "," ","0",-28," "," ","0",6," "," ","0",33," "," ","0",6," "," ","0"
"604","USC00392565",1997,12,"TMIN",-72," "," ","0",-28," "," ","0",-128," "," ","0",-100," "," ","0",-200," "," ","0",-144," "," ","0",-78," "," ","0",-94," "," ","0",-72," "," ","0",-50," "," ","0",-72," "," ","0",-128," "," ","0",-44," "," ","0",-83," "," ","0",-6," "," ","0",-94," "," ","0",-50," "," ","0",-50," "," ","0",-33," "," ","0",-150," "," ","0",-150," "," ","0",-89," "," ","0",-122," "," ","0",-111," "," ","0",-111," "," ","0",-100," "," ","0",-111," "," ","0",-67," "," ","0",-78," "," ","0",-22," "," ","0",-94," "," ","0"
"605","USC00392565",1997,12,"TOBS",-17," "," ","0",-11," "," ","0",-33," "," ","0",-78," "," ","0",-100," "," ","0",-17," "," ","0",-39," "," ","0",-11," "," ","0",-50," "," ","0",-44," "," ","0",-22," "," ","0",-22," "," ","0",33," "," ","0",0," "," ","0",56," "," ","0",0," "," ","0",17," "," ","0",-22," "," ","0",-33," "," ","0",-72," "," ","0",-56," "," ","0",-28," "," ","0",-50," "," ","0",-33," "," ","0",-83," "," ","0",-67," "," ","0",-33," "," ","0",-61," "," ","0",6," "," ","0",-11," "," ","0",-39," "," ","0"
"606","USC00392565",1997,12,"PRCP",0,"P"," ","0",0,"T"," ","0",0,"P"," ","0",0,"P"," ","0",0,"P"," ","0",0,"P"," ","0",0,"P"," ","0",0,"P"," ","0",0,"P"," ","0",0,"P"," ","0",0,"P"," ","0",0,"P"," ","0",0,"P"," ","0",0,"P"," ","0",0,"P"," ","0",0,"P"," ","0",0,"P"," ","0",0,"P"," ","0",NA," "," "," ",0,"P"," ","0",0,"P"," ","0",0,"P"," ","0",0,"P"," ","0",0,"P"," ","0",0,"P"," ","0",0,"P"," ","0",0,"P"," ","0",0," "," ","0",0,"T"," ","0",0,"P"," ","0",0,"P"," ","0"
"607","USC00392565",1997,12,"SNOW",0,"P"," ","0",0,"P"," ","0",0,"P"," ","0",0,"P"," ","0",0,"P"," ","0",0,"P"," ","0",0,"P"," ","0",0,"P"," ","0",0,"P"," ","0",0,"P"," ","0",0,"P"," ","0",0,"P"," ","0",0,"P"," ","0",0,"P"," ","0",0,"P"," ","0",0,"P"," ","0",0,"P"," ","0",0,"P"," ","0",36," "," ","0",0,"P"," ","0",0,"P"," ","0",0,"P"," ","0",0,"P"," ","0",0,"P"," ","0",0,"P"," ","0",0,"P"," ","0",0,"P"," ","0",0,"P"," ","0",0,"P"," ","0",0,"P"," ","0",0,"P"," ","0"
"608","USC00392565",1997,12,"SNWD",NA," "," "," ",NA," "," "," ",NA," "," "," ",NA," "," "," ",NA," "," "," ",NA," "," "," ",NA," "," "," ",NA," "," "," ",NA," "," "," ",NA," "," "," ",NA," "," "," ",NA," "," "," ",NA," "," "," ",NA," "," "," ",NA," "," "," ",NA," "," "," ",NA," "," "," ",NA," "," "," ",102," "," ","0",NA," "," "," ",NA," "," "," ",NA," "," "," ",NA," "," "," ",NA," "," "," ",NA," "," "," ",NA," "," "," ",NA," "," "," ",NA," "," "," ",NA," "," "," ",NA," "," "," ",NA," "," "," "
"609","USC00392565",1998,1,"TMAX",78," "," ","0",117," "," ","0",122," "," ","0",NA," "," "," ",94," "," ","0",61," "," ","0",44," "," ","0",61," "," ","0",17," "," ","0",NA," "," "," ",-128," "," ","0",-167," "," ","0",-117," "," ","0",-11," "," ","0",28," "," ","0",39," "," ","0",17," "," ","0",22," "," ","0",44," "," ","0",89," "," ","0",89," "," ","0",-22," "," ","0",-6," "," ","0",-6," "," ","0",67," "," ","0",67," "," ","0",78," "," ","0",83," "," ","0",83," "," ","0",106," "," ","0",106," "," ","0"
"610","USC00392565",1998,1,"TMIN",-61," "," ","0",0," "," ","0",-128," "," ","0",NA," "," "," ",-133," "," ","0",-117," "," ","0",-117," "," ","0",-94," "," ","0",-194," "," ","0",NA," "," "," ",-178," "," ","0",-267," "," ","0",-267," "," ","0",-128," "," ","0",-100," "," ","0",-122," "," ","0",-117," "," ","0",-117," "," ","0",-89," "," ","0",-44," "," ","0",-144," "," ","0",-133," "," ","0",-100," "," ","0",-100," "," ","0",-89," "," ","0",-89," "," ","0",-61," "," ","0",-44," "," ","0",-94," "," ","0",-94," "," ","0",-94," "," ","0"
"611","USC00392565",1998,1,"TOBS",17," "," ","0",56," "," ","0",-128," "," ","0",NA," "," "," ",-22," "," ","0",-94," "," ","0",-61," "," ","0",-61," "," ","0",-183," "," ","0",-183," "," ","0",-172," "," ","0",-222," "," ","0",-133," "," ","0",-100," "," ","0",0," "," ","0",-22," "," ","0",-72," "," ","0",-11," "," ","0",-33," "," ","0",-28," "," ","0",-111," "," ","0",-67," "," ","0",-39," "," ","0",-28," "," ","0",-33," "," ","0",-22," "," ","0",-6," "," ","0",6," "," ","0",-33," "," ","0",-11," "," ","0",6," "," ","0"
"612","USC00392565",1998,1,"PRCP",0,"P"," ","0",0,"P"," ","0",0,"P"," ","0",0,"P"," ","0",0,"P"," ","0",0,"P"," ","0",0,"P"," ","0",0,"P"," ","0",71," "," ","0",0,"P"," ","0",0,"T"," ","0",66," "," ","0",0,"P"," ","0",0,"P"," ","0",0,"P"," ","0",0,"P"," ","0",0,"P"," ","0",0,"P"," ","0",0,"P"," ","0",0,"P"," ","0",18," "," ","0",0,"P"," ","0",0,"P"," ","0",0,"T"," ","0",0,"P"," ","0",0,"P"," ","0",0,"P"," ","0",0,"P"," ","0",0,"P"," ","0",0,"P"," ","0",0,"P"," ","0"
"613","USC00392565",1998,1,"SNOW",0,"P"," ","0",0,"P"," ","0",0,"P"," ","0",0,"P"," ","0",0,"P"," ","0",0,"P"," ","0",0,"P"," ","0",0,"P"," ","0",0,"P"," ","0",0,"P"," ","0",NA," "," "," ",NA," "," "," ",0,"P"," ","0",0,"P"," ","0",0,"P"," ","0",0,"P"," ","0",0,"P"," ","0",0,"P"," ","0",0,"P"," ","0",0,"P"," ","0",0,"P"," ","0",0,"P"," ","0",0,"P"," ","0",0,"P"," ","0",0,"P"," ","0",0,"P"," ","0",0,"P"," ","0",0,"P"," ","0",0,"P"," ","0",0,"P"," ","0",0,"P"," ","0"
"614","USC00392565",1998,1,"SNWD",NA," "," "," ",NA," "," "," ",NA," "," "," ",0,"P"," ","0",0,"P"," ","0",0,"P"," ","0",0,"P"," ","0",0,"P"," ","0",0,"P"," ","0",0,"P"," ","0",0,"P"," ","0",NA," "," "," ",NA," "," "," ",NA," "," "," ",NA," "," "," ",NA," "," "," ",NA," "," "," ",NA," "," "," ",NA," "," "," ",NA," "," "," ",NA," "," "," ",0,"P"," ","0",0,"P"," ","0",0,"P"," ","0",0,"P"," ","0",0,"P"," ","0",0,"P"," ","0",0,"P"," ","0",0,"P"," ","0",0,"P"," ","0",0,"P"," ","0"
"615","USC00392565",1998,2,"TMAX",56," "," ","0",-39," "," ","0",6," "," ","0",67," "," ","0",67," "," ","0",61," "," ","0",50," "," ","0",117," "," ","0",89," "," ","0",67," "," ","0",67," "," ","0",67," "," ","0",56," "," ","0",78," "," ","0",94," "," ","0",50," "," ","0",39," "," ","0",39," "," ","0",61," "," ","0",72," "," ","0",83," "," ","0",111," "," ","0",NA," "," "," ",117," "," ","0",83," "," ","0",11," "," ","0",-28," "," ","0",-39," "," ","0",NA," "," "," ",NA," "," "," ",NA," "," "," "
"616","USC00392565",1998,2,"TMIN",-83," "," ","0",-83," "," ","0",-72," "," ","0",-78," "," ","0",-72," "," ","0",-72," "," ","0",-67," "," ","0",-56," "," ","0",-33," "," ","0",-61," "," ","0",-83," "," ","0",-83," "," ","0",-72," "," ","0",-17," "," ","0",-22," "," ","0",28," "," ","0",0," "," ","0",-39," "," ","0",-67," "," ","0",-67," "," ","0",-67," "," ","0",-67," "," ","0",NA," "," "," ",-44," "," ","0",-6," "," ","0",-50," "," ","0",-78," "," ","0",-89," "," ","0",NA," "," "," ",NA," "," "," ",NA," "," "," "
"617","USC00392565",1998,2,"TOBS",-50," "," ","0",-50," "," ","0",-50," "," ","0",-33," "," ","0",-28," "," ","0",-50," "," ","0",11," "," ","0",17," "," ","0",33," "," ","0",0," "," ","0",-17," "," ","0",50," "," ","0",-11," "," ","0",22," "," ","0",50," "," ","0",28," "," ","0",11," "," ","0",11," "," ","0",-11," "," ","0",-6," "," ","0",28," "," ","0",39," "," ","0",NA," "," "," ",-6," "," ","0",0," "," ","0",-44," "," ","0",-72," "," ","0",-72," "," ","0",NA," "," "," ",NA," "," "," ",NA," "," "," "
"618","USC00392565",1998,2,"PRCP",0,"P"," ","0",0,"P"," ","0",0,"P"," ","0",0,"P"," ","0",0,"P"," ","0",0,"P"," ","0",0,"P"," ","0",0,"P"," ","0",0,"P"," ","0",0,"P"," ","0",0,"P"," ","0",0,"P"," ","0",0,"P"," ","0",0,"P"," ","0",0,"P"," ","0",165," "," ","0",28," "," ","0",0,"P"," ","0",0,"P"," ","0",0,"P"," ","0",0,"P"," ","0",0,"P"," ","0",0,"P"," ","0",0,"P"," ","0",0,"P"," ","0",0,"T"," ","0",0,"P"," ","0",0,"P"," ","0",NA," "," "," ",NA," "," "," ",NA," "," "," "
"619","USC00392565",1998,2,"SNOW",0,"P"," ","0",0,"P"," ","0",0,"P"," ","0",0,"P"," ","0",0,"P"," ","0",0,"P"," ","0",0,"P"," ","0",0,"P"," ","0",0,"P"," ","0",0,"P"," ","0",0,"P"," ","0",0,"P"," ","0",0,"P"," ","0",0,"P"," ","0",0,"P"," ","0",0,"P"," ","0",0,"P"," ","0",0,"P"," ","0",0,"P"," ","0",0,"P"," ","0",0,"P"," ","0",0,"P"," ","0",0,"P"," ","0",0,"P"," ","0",0,"P"," ","0",0,"P"," ","0",0,"P"," ","0",0,"P"," ","0",NA," "," "," ",NA," "," "," ",NA," "," "," "
"620","USC00392565",1998,2,"SNWD",0,"P"," ","0",0,"P"," ","0",0,"P"," ","0",0,"P"," ","0",0,"P"," ","0",0,"P"," ","0",0,"P"," ","0",0,"P"," ","0",0,"P"," ","0",0,"P"," ","0",0,"P"," ","0",0,"P"," ","0",0,"P"," ","0",0,"P"," ","0",0,"P"," ","0",0,"P"," ","0",0,"P"," ","0",0,"P"," ","0",0,"P"," ","0",0,"P"," ","0",0,"P"," ","0",0,"P"," ","0",0,"P"," ","0",0,"P"," ","0",0,"P"," ","0",0,"P"," ","0",0,"P"," ","0",0,"P"," ","0",NA," "," "," ",NA," "," "," ",NA," "," "," "
"621","USC00392565",1998,3,"TMAX",-33," "," ","0",-39," "," ","0",11," "," ","0",50," "," ","0",-67," "," ","0",-67," "," ","0",-39," "," ","0",-39," "," ","0",-39," "," ","0",-50," "," ","0",-6," "," ","0",39," "," ","0",78," "," ","0",111," "," ","0",83," "," ","0",78," "," ","0",133," "," ","0",117," "," ","0",NA," "," "," ",NA," "," "," ",117," "," ","0",122," "," ","0",106," "," ","0",133," "," ","0",217," "," ","0",211," "," ","0",156," "," ","0",144," "," ","0",67," "," ","0",39," "," ","0",-161," ","I","0"
"622","USC00392565",1998,3,"TMIN",-83," "," ","0",-100," "," ","0",-122," "," ","0",-78," "," ","0",-222," "," ","0",-178," "," ","0",-128," "," ","0",-228," "," ","0",-228," "," ","0",-161," "," ","0",-261," "," ","0",-94," ","I","0",-61," "," ","0",-67," "," ","0",-33," "," ","0",-33," "," ","0",17," "," ","0",6," "," ","0",NA," "," "," ",NA," "," "," ",-44," "," ","0",-28," "," ","0",-6," "," ","0",11," "," ","0",33," "," ","0",61," "," ","0",-6," "," ","0",0," "," ","0",6," "," ","0",-39," "," ","0",-67," "," ","0"
"623","USC00392565",1998,3,"TOBS",-67," "," ","0",-50," "," ","0",-33," "," ","0",-72," "," ","0",-128," "," ","0",-100," "," ","0",-106," "," ","0",-167," "," ","0",-122," "," ","0",-56," "," ","0",-133," ","I","0",39," "," ","0",17," "," ","0",-33," "," ","0",28," "," ","0",28," "," ","0",28," "," ","0",17," "," ","0",NA," "," "," ",NA," "," "," ",61," "," ","0",28," "," ","0",6," "," ","0",133," "," ","0",94," "," ","0",117," "," ","0",139," "," ","0",6," "," ","0",28," "," ","0",-6," "," ","0",0," "," ","0"
"624","USC00392565",1998,3,"PRCP",0,"P"," ","0",0,"P"," ","0",0,"P"," ","0",64," "," ","0",0,"P"," ","0",0,"P"," ","0",64," "," ","0",0,"P"," ","0",0,"P"," ","0",0,"P"," ","0",0,"P"," ","0",0,"P"," ","0",0,"P"," ","0",0,"P"," ","0",0,"P"," ","0",0,"P"," ","0",0,"P"," ","0",0,"P"," ","0",89," "," ","0",0,"P"," ","0",0,"P"," ","0",0,"P"," ","0",0,"P"," ","0",0,"P"," ","0",23," "," ","0",0,"P"," ","0",0,"P"," ","0",0,"P"," ","0",30," "," ","0",203," "," ","0",18," "," ","0"
"625","USC00392565",1998,3,"SNOW",0,"P"," ","0",0,"P"," ","0",0,"P"," ","0",8," ","I","0",0,"P"," ","0",0,"P"," ","0",64," "," ","0",0,"P"," ","0",0,"P"," ","0",0,"P"," ","0",0,"P"," ","0",0,"P"," ","0",0,"P"," ","0",0,"P"," ","0",0,"P"," ","0",0,"P"," ","0",0,"P"," ","0",0,"P"," ","0",0,"P"," ","0",0,"P"," ","0",0,"P"," ","0",0,"P"," ","0",0,"P"," ","0",0,"P"," ","0",0,"P"," ","0",0,"P"," ","0",0,"P"," ","0",0,"P"," ","0",0,"P"," ","0",NA," "," "," ",0,"P"," ","0"
"626","USC00392565",1998,3,"SNWD",0,"P"," ","0",0,"P"," ","0",0,"P","I","0",76," ","I","0",NA," "," "," ",NA," "," "," ",127," "," ","0",NA," "," "," ",NA," "," "," ",NA," "," "," ",NA," "," "," ",NA," "," "," ",NA," "," "," ",NA," "," "," ",NA," "," "," ",NA," "," "," ",0,"P"," ","0",0,"P"," ","0",0,"P"," ","0",0,"P"," ","0",0,"P"," ","0",0,"P"," ","0",0,"P"," ","0",0,"P"," ","0",0,"P"," ","0",0,"P"," ","0",0,"P"," ","0",0,"P"," ","0",0,"P"," ","0",203," "," ","0",NA," "," "," "
"627","USC00392565",1998,4,"TMAX",61," "," ","0",106," "," ","0",128," "," ","0",144," "," ","0",156," "," ","0",111," "," ","0",111," "," ","0",83," "," ","0",106," "," ","0",122," "," ","0",NA," "," "," ",239," "," ","0",122," "," ","0",111," "," ","0",83," "," ","0",89," "," ","0",89," "," ","0",89," "," ","0",94," "," ","0",72," "," ","0",144," "," ","0",167," "," ","0",222," "," ","0",256," "," ","0",244," "," ","0",150," "," ","0",144," "," ","0",156," "," ","0",200," "," ","0",217," "," ","0",NA," "," "," "
"628","USC00392565",1998,4,"TMIN",-67," "," ","0",-67," "," ","0",-39," "," ","0",-39," "," ","0",-39," "," ","0",-22," "," ","0",17," "," ","0",-56," "," ","0",-44," "," ","0",-22," "," ","0",NA," "," "," ",-28," "," ","0",-17," "," ","0",22," "," ","0",11," "," ","0",-50," "," ","0",-50," "," ","0",-61," "," ","0",-11," "," ","0",-67," "," ","0",-22," "," ","0",0," "," ","0",44," "," ","0",72," "," ","0",67," "," ","0",28," "," ","0",-22," "," ","0",0," "," ","0",6," "," ","0",39," "," ","0",NA," "," "," "
"629","USC00392565",1998,4,"TOBS",28," "," ","0",67," "," ","0",67," "," ","0",100," "," ","0",100," "," ","0",17," "," ","0",33," "," ","0",11," "," ","0",17," "," ","0",67," "," ","0",NA," "," "," ",72," "," ","0",44," "," ","0",39," "," ","0",22," "," ","0",6," "," ","0",28," "," ","0",33," "," ","0",-11," "," ","0",28," "," ","0",72," "," ","0",128," "," ","0",211," "," ","0",128," "," ","0",67," "," ","0",67," "," ","0",83," "," ","0",83," "," ","0",156," "," ","0",167," "," ","0",NA," "," "," "
"630","USC00392565",1998,4,"PRCP",0,"P"," ","0",0,"P"," ","0",0,"P"," ","0",0,"P"," ","0",74," "," ","0",0,"P"," ","0",0,"P"," ","0",0,"P"," ","0",0,"P"," ","0",0,"P"," ","0",0,"P"," ","0",0,"P"," ","0",0,"P"," ","0",0,"P"," ","0",0,"P"," ","0",0,"P"," ","0",0,"P"," ","0",0,"P"," ","0",51," "," ","0",0,"P"," ","0",0,"P"," ","0",0,"P"," ","0",0,"P"," ","0",0,"P"," ","0",0,"P"," ","0",0,"P"," ","0",0,"P"," ","0",0,"P"," ","0",0,"P"," ","0",0,"P"," ","0",NA," "," "," "
"631","USC00392565",1998,4,"SNOW",0,"P"," ","0",0,"P"," ","0",0,"P"," ","0",0,"P"," ","0",0,"P"," ","0",0,"P"," ","0",0,"P"," ","0",0,"P"," ","0",0,"P"," ","0",0,"P"," ","0",0,"P"," ","0",0,"P"," ","0",0,"P"," ","0",0,"P"," ","0",0,"P"," ","0",0,"P"," ","0",0,"P"," ","0",0,"P"," ","0",0,"T"," ","0",0,"P"," ","0",0,"P"," ","0",0,"P"," ","0",0,"P"," ","0",0,"P"," ","0",0,"P"," ","0",0,"P"," ","0",0,"P"," ","0",0,"P"," ","0",0,"P"," ","0",0,"P"," ","0",NA," "," "," "
"632","USC00392565",1998,4,"SNWD",NA," "," "," ",NA," "," "," ",NA," "," "," ",NA," "," "," ",NA," "," "," ",0,"P"," ","0",0,"P"," ","0",0,"P"," ","0",0,"P"," ","0",0,"P"," ","0",0,"P"," ","0",0,"P"," ","0",0,"P"," ","0",0," "," ","0",0,"P"," ","0",0,"P"," ","0",0,"P"," ","0",0,"P"," ","0",0,"P"," ","0",0,"P"," ","0",0,"P"," ","0",0,"P"," ","0",0,"P"," ","0",0,"P"," ","0",0,"P"," ","0",0,"P"," ","0",0,"P"," ","0",0,"P"," ","0",0,"P"," ","0",0,"P"," ","0",NA," "," "," "
"633","USC00392565",1998,5,"TMAX",244," "," ","0",178," "," ","0",183," "," ","0",256," "," ","0",217," "," ","0",222," "," ","0",189," "," ","0",144," "," ","0",NA," "," "," ",139," "," ","0",178," "," ","0",94," "," ","0",167," "," ","0",250," "," ","0",178," "," ","0",222," "," ","0",233," "," ","0",NA," "," "," ",261," "," ","0",228," "," ","0",244," "," ","0",194," "," ","0",189," "," ","0",178," "," ","0",200," "," ","0",217," "," ","0",239," "," ","0",250," "," ","0",244," "," ","0",222," "," ","0",261," "," ","0"
"634","USC00392565",1998,5,"TMIN",67," "," ","0",-33," "," ","0",22," "," ","0",NA," "," "," ",17," "," ","0",61," "," ","0",-17," "," ","0",11," "," ","0",NA," "," "," ",-6," "," ","0",78," "," ","0",44," "," ","0",44," "," ","0",100," "," ","0",NA," "," "," ",28," "," ","0",78," "," ","0",NA," "," "," ",56," "," ","0",100," "," ","0",144," "," ","0",94," "," ","0",56," "," ","0",39," "," ","0",39," "," ","0",106," "," ","0",94," "," ","0",72," "," ","0",139," "," ","0",111," "," ","0",78," "," ","0"
"635","USC00392565",1998,5,"TOBS",117," "," ","0",94," "," ","0",NA," "," "," ",144," "," ","0",133," "," ","0",178," "," ","0",56," "," ","0",33," "," ","0",NA," "," "," ",94," "," ","0",94," "," ","0",94," "," ","0",133," "," ","0",133," "," ","0",NA," "," "," ",217," "," ","0",194," "," ","0",NA," "," "," ",167," "," ","0",167," "," ","0",150," "," ","0",128," "," ","0",122," "," ","0",122," "," ","0",139," "," ","0",178," "," ","0",178," "," ","0",167," "," ","0",167," "," ","0",167," "," ","0",117," "," ","0"
"636","USC00392565",1998,5,"PRCP",0,"P"," ","0",0,"P"," ","0",0,"P"," ","0",0,"P"," ","0",0,"P"," ","0",0,"P"," ","0",0,"P"," ","0",3," "," ","0",NA," "," "," ",NA," "," "," ",193," "," ","0",246," "," ","0",0,"P"," ","0",0,"P"," ","0",0,"P"," ","0",0,"P"," ","0",0,"P"," ","0",0,"P"," ","0",0,"P"," ","0",0,"P"," ","0",0,"P"," ","0",5," "," ","0",104," "," ","0",18," "," ","0",0,"P"," ","0",0,"P"," ","0",81," "," ","0",0,"P"," ","0",0,"P"," ","0",0,"P"," ","0",0,"P"," ","0"
"637","USC00392565",1998,5,"SNOW",0,"P"," ","0",0,"P"," ","0",0,"P"," ","0",0,"P"," ","0",0,"P"," ","0",0,"P"," ","0",0,"P"," ","0",0,"P"," ","0",0,"P"," ","0",0,"P"," ","0",0,"P"," ","0",0,"P"," ","0",0,"P"," ","0",0,"P"," ","0",0,"P"," ","0",0,"P"," ","0",0,"P"," ","0",0,"P"," ","0",0,"P"," ","0",0,"P"," ","0",0,"P"," ","0",0,"P"," ","0",0,"P"," ","0",0,"P"," ","0",0,"P"," ","0",0,"P"," ","0",0,"P"," ","0",0,"P"," ","0",0,"P"," ","0",0,"P"," ","0",0,"P"," ","0"
"638","USC00392565",1998,5,"SNWD",0,"P"," ","0",0,"P"," ","0",0,"P"," ","0",0,"P"," ","0",0,"P"," ","0",0,"P"," ","0",0,"P"," ","0",0,"P"," ","0",0,"P"," ","0",0,"P"," ","0",0,"P"," ","0",0,"P"," ","0",0,"P"," ","0",0,"P"," ","0",0,"P"," ","0",0,"P"," ","0",0,"P"," ","0",0,"P"," ","0",0,"P"," ","0",0,"P"," ","0",0,"P"," ","0",0,"P"," ","0",0,"P"," ","0",0,"P"," ","0",0,"P"," ","0",0,"P"," ","0",0,"P"," ","0",0,"P"," ","0",0,"P"," ","0",0,"P"," ","0",0,"P"," ","0"
"639","USC00392565",1998,5,"DAPR",NA," "," "," ",NA," "," "," ",NA," "," "," ",NA," "," "," ",NA," "," "," ",NA," "," "," ",NA," "," "," ",NA," "," "," ",NA," "," "," ",2," "," ","0",NA," "," "," ",NA," "," "," ",NA," "," "," ",NA," "," "," ",NA," "," "," ",NA," "," "," ",NA," "," "," ",NA," "," "," ",NA," "," "," ",NA," "," "," ",NA," "," "," ",NA," "," "," ",NA," "," "," ",NA," "," "," ",NA," "," "," ",NA," "," "," ",NA," "," "," ",NA," "," "," ",NA," "," "," ",NA," "," "," ",NA," "," "," "
"640","USC00392565",1998,5,"MDPR",NA," "," "," ",NA," "," "," ",NA," "," "," ",NA," "," "," ",NA," "," "," ",NA," "," "," ",NA," "," "," ",NA," "," "," ",NA," "," "," ",8," "," ","0",NA," "," "," ",NA," "," "," ",NA," "," "," ",NA," "," "," ",NA," "," "," ",NA," "," "," ",NA," "," "," ",NA," "," "," ",NA," "," "," ",NA," "," "," ",NA," "," "," ",NA," "," "," ",NA," "," "," ",NA," "," "," ",NA," "," "," ",NA," "," "," ",NA," "," "," ",NA," "," "," ",NA," "," "," ",NA," "," "," ",NA," "," "," "
"641","USC00392565",1998,6,"TMAX",217," "," ","0",244," "," ","0",183," "," ","0",61," "," ","0",78," "," ","0",128," "," ","0",172," "," ","0",128," "," ","0",128," "," ","0",178," "," ","0",228," "," ","0",239," "," ","0",144," "," ","0",194," "," ","0",150," "," ","0",206," "," ","0",206," "," ","0",144," "," ","0",183," "," ","0",256," "," ","0",NA," "," "," ",211," "," ","0",256," "," ","0",261," "," ","0",278," "," ","0",311," "," ","0",272," "," ","0",228," "," ","0",272," "," ","0",272," "," ","0",NA," "," "," "
"642","USC00392565",1998,6,"TMIN",89," "," ","0",61," "," ","0",6," "," ","0",6," "," ","0",0," "," ","0",0," "," ","0",78," "," ","0",61," "," ","0",28," "," ","0",56," "," ","0",67," "," ","0",67," "," ","0",139," "," ","0",78," "," ","0",67," "," ","0",94," "," ","0",94," "," ","0",78," "," ","0",61," "," ","0",78," "," ","0",NA," "," "," ",56," "," ","0",111," "," ","0",89," "," ","0",83," "," ","0",156," "," ","0",100," "," ","0",67," "," ","0",122," "," ","0",83," "," ","0",NA," "," "," "
"643","USC00392565",1998,6,"TOBS",156," "," ","0",144," "," ","0",11," "," ","0",28," "," ","0",78," "," ","0",94," "," ","0",78," "," ","0",89," "," ","0",128," "," ","0",144," "," ","0",133," "," ","0",139," "," ","0",144," "," ","0",117," "," ","0",117," "," ","0",128," "," ","0",122," "," ","0",83," "," ","0",172," "," ","0",111," "," ","0",NA," "," "," ",189," "," ","0",172," "," ","0",211," "," ","0",156," "," ","0",217," "," ","0",178," "," ","0",178," "," ","0",200," "," ","0",178," "," ","0",NA," "," "," "
"644","USC00392565",1998,6,"PRCP",0,"P"," ","0",0,"P"," ","0",94," "," ","0",20," "," ","0",104," "," ","0",0,"P"," ","0",10," "," ","0",173," "," ","0",0,"P"," ","0",0,"P"," ","0",74," "," ","0",0,"P"," ","0",10," "," ","0",71," "," ","0",0,"P"," ","0",0,"T"," ","0",150," "," ","0",414," "," ","0",46," "," ","0",8," "," ","0",0,"P"," ","0",0,"P"," ","0",3," "," ","0",0,"P"," ","0",15," "," ","0",0,"P"," ","0",0,"P"," ","0",0,"P"," ","0",0,"P"," ","0",0,"P"," ","0",NA," "," "," "
"645","USC00392565",1998,6,"SNOW",0,"P"," ","0",0,"P"," ","0",0,"P"," ","0",0,"P"," ","0",0,"P"," ","0",0,"P"," ","0",0,"P"," ","0",0,"P"," ","0",0,"P"," ","0",0,"P"," ","0",0,"P"," ","0",0,"P"," ","0",0,"P"," ","0",0,"P"," ","0",0,"P"," ","0",0,"P"," ","0",0,"P"," ","0",0,"P"," ","0",0,"P"," ","0",0,"P"," ","0",0,"P"," ","0",0,"P"," ","0",0,"P"," ","0",0,"P"," ","0",0,"P"," ","0",0,"P"," ","0",0,"P"," ","0",0,"P"," ","0",0,"P"," ","0",0,"P"," ","0",NA," "," "," "
"646","USC00392565",1998,6,"SNWD",0,"P"," ","0",0,"P"," ","0",0,"P"," ","0",0,"P"," ","0",0,"P"," ","0",0,"P"," ","0",0,"P"," ","0",0,"P"," ","0",0,"P"," ","0",0,"P"," ","0",0,"P"," ","0",0,"P"," ","0",0,"P"," ","0",0,"P"," ","0",0,"P"," ","0",0,"P"," ","0",0,"P"," ","0",0,"P"," ","0",0,"P"," ","0",0,"P"," ","0",0,"P"," ","0",0,"P"," ","0",0,"P"," ","0",0,"P"," ","0",0,"P"," ","0",0,"P"," ","0",0,"P"," ","0",0,"P"," ","0",0,"P"," ","0",0,"P"," ","0",NA," "," "," "
"647","USC00392565",1998,7,"TMAX",278," "," ","0",267," "," ","0",289," "," ","0",256," "," ","0",261," "," ","0",317," "," ","0",283," "," ","0",294," "," ","0",278," "," ","0",289," "," ","0",306," "," ","0",322," "," ","0",306," "," ","0",339," "," ","0",339," "," ","0",311," "," ","0",NA," "," "," ",344," "," ","0",378," "," ","0",350," "," ","0",361," "," ","0",256," "," ","0",256," "," ","0",267," "," ","0",239," "," ","0",NA," "," "," ",283," "," ","0",NA," "," "," ",267," "," ","0",233," "," ","0",183," "," ","0"
"648","USC00392565",1998,7,"TMIN",156," "," ","0",144," "," ","0",139," "," ","0",178," "," ","0",150," "," ","0",178," "," ","0",133," "," ","0",150," "," ","0",144," "," ","0",133," "," ","0",183," "," ","0",144," "," ","0",156," "," ","0",161," "," ","0",194," "," ","0",161," "," ","0",NA," "," "," ",200," "," ","0",217," "," ","0",156," "," ","0",206," "," ","0",133," "," ","0",161," "," ","0",144," "," ","0",133," "," ","0",NA," "," "," ",133," "," ","0",NA," "," "," ",161," "," ","0",144," "," ","0",133," "," ","0"
"649","USC00392565",1998,7,"TOBS",189," "," ","0",222," "," ","0",178," "," ","0",211," "," ","0",217," "," ","0",200," "," ","0",217," "," ","0",211," "," ","0",222," "," ","0",217," "," ","0",233," "," ","0",183," "," ","0",256," "," ","0",233," "," ","0",222," "," ","0",261," "," ","0",NA," "," "," ",256," "," ","0",278," "," ","0",294," "," ","0",222," "," ","0",189," "," ","0",178," "," ","0",206," "," ","0",217," "," ","0",NA," "," "," ",222," "," ","0",NA," "," "," ",178," "," ","0",150," "," ","0",144," "," ","0"
"650","USC00392565",1998,7,"PRCP",10," "," ","0",53," "," ","0",178," "," ","0",0,"P"," ","0",180," "," ","0",0,"P"," ","0",94," "," ","0",0,"P"," ","0",0,"P"," ","0",15," "," ","0",0,"P"," ","0",0,"P"," ","0",0,"P"," ","0",0,"P"," ","0",0,"P"," ","0",0,"P"," ","0",0,"P"," ","0",0,"P"," ","0",0,"P"," ","0",10," "," ","0",0,"P"," ","0",0,"P"," ","0",0,"P"," ","0",15," "," ","0",0,"P"," ","0",132," "," ","0",69," "," ","0",0,"P"," ","0",0,"T"," ","0",56," "," ","0",0,"P"," ","0"
"651","USC00392565",1998,7,"SNOW",0,"P"," ","0",0,"P"," ","0",0,"P"," ","0",0,"P"," ","0",0,"P"," ","0",0,"P"," ","0",0,"P"," ","0",0,"P"," ","0",0,"P"," ","0",0,"P"," ","0",0,"P"," ","0",0,"P"," ","0",0,"P"," ","0",0,"P"," ","0",0,"P"," ","0",0,"P"," ","0",0,"P"," ","0",0,"P"," ","0",0,"P"," ","0",0,"P"," ","0",0,"P"," ","0",0,"P"," ","0",0,"P"," ","0",0,"P"," ","0",0,"P"," ","0",0,"P"," ","0",0,"P"," ","0",0,"P"," ","0",0,"P"," ","0",0,"P"," ","0",0,"P"," ","0"
"652","USC00392565",1998,7,"SNWD",0,"P"," ","0",0,"P"," ","0",0,"P"," ","0",0,"P"," ","0",0,"P"," ","0",0,"P"," ","0",0,"P"," ","0",0,"P"," ","0",0,"P"," ","0",0,"P"," ","0",0,"P"," ","0",0,"P"," ","0",0,"P"," ","0",0,"P"," ","0",0,"P"," ","0",0,"P"," ","0",0,"P"," ","0",0,"P"," ","0",0,"P"," ","0",0,"P"," ","0",0,"P"," ","0",0,"P"," ","0",0,"P"," ","0",0,"P"," ","0",0,"P"," ","0",0,"P"," ","0",0,"P"," ","0",0,"P"," ","0",0,"P"," ","0",0,"P"," ","0",0,"P"," ","0"
"653","USC00392565",1998,8,"TMAX",272," "," ","0",300," "," ","0",239," "," ","0",217," "," ","0",200," "," ","0",NA," "," "," ",278," "," ","0",294," "," ","0",328," "," ","0",278," "," ","0",289," "," ","0",289," "," ","0",283," "," ","0",NA," "," "," ",306," "," ","0",306," "," ","0",294," "," ","0",NA," "," "," ",NA," "," "," ",NA," "," "," ",NA," "," "," ",NA," "," "," ",317," "," ","0",294," "," ","0",256," "," ","0",294," "," ","0",317," "," ","0",283," "," ","0",311," "," ","0",317," "," ","0",NA," "," "," "
"654","USC00392565",1998,8,"TMIN",144," "," ","0",128," "," ","0",150," "," ","0",128," "," ","0",117," "," ","0",NA," "," "," ",117," "," ","0",144," "," ","0",139," "," ","0",150," "," ","0",117," "," ","0",117," "," ","0",144," "," ","0",NA," "," "," ",128," "," ","0",128," "," ","0",156," "," ","0",NA," "," "," ",NA," "," "," ",NA," "," "," ",NA," "," "," ",128," "," ","0",117," "," ","0",117," "," ","0",106," "," ","0",106," "," ","0",156," "," ","0",94," "," ","0",150," "," ","0",128," "," ","0",NA," "," "," "
"655","USC00392565",1998,8,"TOBS",200," "," ","0",200," "," ","0",167," "," ","0",178," "," ","0",161," "," ","0",NA," "," "," ",200," "," ","0",222," "," ","0",228," "," ","0",272," "," ","0",189," "," ","0",206," "," ","0",261," "," ","0",NA," "," "," ",256," "," ","0",217," "," ","0",211," "," ","0",NA," "," "," ",NA," "," "," ",NA," "," "," ",NA," "," "," ",NA," "," "," ",178," "," ","0",172," "," ","0",178," "," ","0",189," "," ","0",217," "," ","0",200," "," ","0",256," "," ","0",300," "," ","0",NA," "," "," "
"656","USC00392565",1998,8,"PRCP",0,"P"," ","0",18," "," ","0",25," "," ","0",28," "," ","0",91," "," ","0",0,"P"," ","0",0,"P"," ","0",0,"P"," ","0",155," "," ","0",0,"P"," ","0",124," "," ","0",0,"P"," ","0",0,"P"," ","0",NA," "," "," ",NA," "," "," ",0,"P"," ","0",0,"P"," ","0",119," "," ","0",NA," "," "," ",NA," "," "," ",NA," "," "," ",NA," "," "," ",0,"P"," ","0",0," "," ","0",0,"P"," ","0",0,"T"," ","0",0,"P"," ","0",5," "," ","0",0,"P"," ","0",0,"P"," ","0",0,"P"," ","0"
"657","USC00392565",1998,8,"SNOW",0,"P"," ","0",0,"P"," ","0",0,"P"," ","0",0,"P"," ","0",0,"P"," ","0",0,"P"," ","0",0,"P"," ","0",0,"P"," ","0",0,"P"," ","0",0,"P"," ","0",0,"P"," ","0",0,"P"," ","0",0,"P"," ","0",0,"P"," ","0",0,"P"," ","0",0,"P"," ","0",0,"P"," ","0",0,"P"," ","0",0,"P"," ","0",0,"P"," ","0",0,"P"," ","0",0,"P"," ","0",0,"P"," ","0",0,"P"," ","0",0,"P"," ","0",0,"P"," ","0",0,"P"," ","0",0,"P"," ","0",0,"P"," ","0",0,"P"," ","0",0,"P"," ","0"
"658","USC00392565",1998,8,"SNWD",0,"P"," ","0",0,"P"," ","0",0,"P"," ","0",0,"P"," ","0",0,"P"," ","0",0,"P"," ","0",0,"P"," ","0",0,"P"," ","0",0,"P"," ","0",0,"P"," ","0",0,"P"," ","0",0,"P"," ","0",0,"P"," ","0",0,"P"," ","0",0,"P"," ","0",0,"P"," ","0",0,"P"," ","0",0,"P"," ","0",0,"P"," ","0",0,"P"," ","0",0,"P"," ","0",0,"P"," ","0",0,"P"," ","0",0,"P"," ","0",0,"P"," ","0",0,"P"," ","0",0,"P"," ","0",0,"P"," ","0",0,"P"," ","0",0,"P"," ","0",0,"P"," ","0"
"659","USC00392565",1998,8,"DAPR",NA," "," "," ",NA," "," "," ",NA," "," "," ",NA," "," "," ",NA," "," "," ",NA," "," "," ",NA," "," "," ",NA," "," "," ",NA," "," "," ",NA," "," "," ",NA," "," "," ",NA," "," "," ",NA," "," "," ",NA," "," "," ",2," "," ","0",NA," "," "," ",NA," "," "," ",NA," "," "," ",NA," "," "," ",NA," "," "," ",NA," "," "," ",4," "," ","0",NA," "," "," ",NA," "," "," ",NA," "," "," ",NA," "," "," ",NA," "," "," ",NA," "," "," ",NA," "," "," ",NA," "," "," ",NA," "," "," "
"660","USC00392565",1998,8,"MDPR",NA," "," "," ",NA," "," "," ",NA," "," "," ",NA," "," "," ",NA," "," "," ",NA," "," "," ",NA," "," "," ",NA," "," "," ",NA," "," "," ",NA," "," "," ",NA," "," "," ",NA," "," "," ",NA," "," "," ",NA," "," "," ",178," "," ","0",NA," "," "," ",NA," "," "," ",NA," "," "," ",NA," "," "," ",NA," "," "," ",NA," "," "," ",226," "," ","0",NA," "," "," ",NA," "," "," ",NA," "," "," ",NA," "," "," ",NA," "," "," ",NA," "," "," ",NA," "," "," ",NA," "," "," ",NA," "," "," "
"661","USC00392565",1998,9,"TMAX",311," "," ","0",328," "," ","0",NA," "," "," ",333," "," ","0",372," "," ","0",311," "," ","0",267," "," ","0",311," "," ","0",339," "," ","0",344," "," ","0",294," "," ","0",NA," "," "," ",283," "," ","0",250," "," ","0",250," "," ","0",NA," "," "," ",106," ","I","0",328," "," ","0",328," "," ","0",200," "," ","0",111," "," ","0",72," "," ","0",167," "," ","0",211," "," ","0",244," "," ","0",272," "," ","0",233," "," ","0",156," "," ","0",256," "," ","0",267," "," ","0",NA," "," "," "
"662","USC00392565",1998,9,"TMIN",117," "," ","0",111," "," ","0",NA," "," "," ",150," "," ","0",172," "," ","0",128," "," ","0",178," "," ","0",150," "," ","0",144," "," ","0",144," "," ","0",178," "," ","0",NA," "," "," ",144," "," ","0",111," "," ","0",106," "," ","0",NA," "," "," ",306," ","S","0",144," "," ","0",117," "," ","0",89," "," ","0",44," "," ","0",33," "," ","0",67," "," ","0",78," "," ","0",100," "," ","0",67," "," ","0",133," "," ","0",72," "," ","0",67," "," ","0",67," "," ","0",NA," "," "," "
"663","USC00392565",1998,9,"TOBS",144," "," ","0",189," "," ","0",239," "," ","0",283," "," ","0",211," "," ","0",189," "," ","0",211," "," ","0",211," "," ","0",217," "," ","0",211," "," ","0",194," "," ","0",NA," "," "," ",156," "," ","0",172," "," ","0",178," "," ","0",NA," "," "," ",306," "," ","0",194," "," ","0",150," "," ","0",89," "," ","0",50," "," ","0",67," "," ","0",117," "," ","0",122," "," ","0",144," "," ","0",133," "," ","0",44," ","I","0",156," "," ","0",67," "," ","0",89," ","I","0",NA," "," "," "
"664","USC00392565",1998,9,"PRCP",0,"P"," ","0",0,"P"," ","0",0,"P"," ","0",0,"P"," ","0",0,"P"," ","0",0,"P"," ","0",0,"P"," ","0",0,"P"," ","0",0,"P"," ","0",0,"P"," ","0",0,"P"," ","0",NA," "," "," ",NA," "," "," ",8," "," ","0",0,"P"," ","0",0,"P"," ","0",0,"P"," ","0",0,"P"," ","0",0,"P"," ","0",0,"P"," ","0",297," "," ","0",0,"P"," ","0",0,"P"," ","0",0,"P"," ","0",0,"P"," ","0",0,"P"," ","0",0,"P"," ","0",0,"P"," ","0",0,"P"," ","0",0,"P"," ","0",NA," "," "," "
"665","USC00392565",1998,9,"SNOW",0,"P"," ","0",0,"P"," ","0",0,"P"," ","0",0,"P"," ","0",0,"P"," ","0",0,"P"," ","0",0,"P"," ","0",0,"P"," ","0",0,"P"," ","0",0,"P"," ","0",0,"P"," ","0",0,"P"," ","0",0,"P"," ","0",0,"P"," ","0",0,"P"," ","0",0,"P"," ","0",0,"P"," ","0",0,"P"," ","0",0,"P"," ","0",0,"P"," ","0",0,"P"," ","0",0,"P"," ","0",0,"P"," ","0",0,"P"," ","0",0,"P"," ","0",0,"P"," ","0",0,"P"," ","0",0,"P"," ","0",0,"P"," ","0",0,"P"," ","0",NA," "," "," "
"666","USC00392565",1998,9,"SNWD",0,"P"," ","0",0,"P"," ","0",0,"P"," ","0",0,"P"," ","0",0,"P"," ","0",0,"P"," ","0",0,"P"," ","0",0,"P"," ","0",0,"P"," ","0",0,"P"," ","0",0,"P"," ","0",0,"P"," ","0",0,"P"," ","0",0,"P"," ","0",0,"P"," ","0",0,"P"," ","0",0,"P"," ","0",0,"P"," ","0",0,"P"," ","0",0,"P"," ","0",0,"P"," ","0",0,"P"," ","0",0,"P"," ","0",0,"P"," ","0",0,"P"," ","0",0,"P"," ","0",0,"P"," ","0",0,"P"," ","0",0,"P"," ","0",0,"P"," ","0",NA," "," "," "
"667","USC00392565",1998,9,"DAPR",NA," "," "," ",NA," "," "," ",NA," "," "," ",NA," "," "," ",NA," "," "," ",NA," "," "," ",NA," "," "," ",NA," "," "," ",NA," "," "," ",NA," "," "," ",NA," "," "," ",NA," "," "," ",2," "," ","0",NA," "," "," ",NA," "," "," ",NA," "," "," ",NA," "," "," ",NA," "," "," ",NA," "," "," ",NA," "," "," ",NA," "," "," ",NA," "," "," ",NA," "," "," ",NA," "," "," ",NA," "," "," ",NA," "," "," ",NA," "," "," ",NA," "," "," ",NA," "," "," ",NA," "," "," ",NA," "," "," "
"668","USC00392565",1998,9,"MDPR",NA," "," "," ",NA," "," "," ",NA," "," "," ",NA," "," "," ",NA," "," "," ",NA," "," "," ",NA," "," "," ",NA," "," "," ",NA," "," "," ",NA," "," "," ",NA," "," "," ",NA," "," "," ",10," "," ","0",NA," "," "," ",NA," "," "," ",NA," "," "," ",NA," "," "," ",NA," "," "," ",NA," "," "," ",NA," "," "," ",NA," "," "," ",NA," "," "," ",NA," "," "," ",NA," "," "," ",NA," "," "," ",NA," "," "," ",NA," "," "," ",NA," "," "," ",NA," "," "," ",NA," "," "," ",NA," "," "," "
"669","USC00392565",1998,10,"TMAX",183," "," ","0",267," ","S","0",NA," "," "," ",61," "," ","0",67," "," ","0",50," "," ","0",122," "," ","0",206," "," ","0",256," "," ","0",217," "," ","0",217," "," ","0",111," "," ","0",178," "," ","0",206," "," ","0",194," "," ","0",156," "," ","0",133," "," ","0",NA," "," "," ",133," "," ","0",128," "," ","0",122," "," ","0",150," "," ","0",189," "," ","0",200," "," ","0",167," "," ","0",189," "," ","0",194," "," ","0",189," "," ","0",128," "," ","0",94," "," ","0",28," "," ","0"
"670","USC00392565",1998,10,"TMIN",133," ","I","0",28," "," ","0",NA," "," "," ",39," "," ","0",6," "," ","0",11," "," ","0",0," "," ","0",0," "," ","0",22," "," ","0",28," "," ","0",28," "," ","0",-11," "," ","0",22," "," ","0",28," "," ","0",78," "," ","0",72," "," ","0",17," "," ","0",NA," "," "," ",-22," "," ","0",-22," "," ","0",-28," "," ","0",-28," "," ","0",28," "," ","0",11," "," ","0",22," "," ","0",33," "," ","0",17," "," ","0",94," "," ","0",50," "," ","0",-6," "," ","0",6," "," ","0"
"671","USC00392565",1998,10,"TOBS",144," "," ","0",28," "," ","0",44," "," ","0",44," "," ","0",28," "," ","0",44," "," ","0",50," "," ","0",117," "," ","0",78," "," ","0",156," "," ","0",39," "," ","0",111," "," ","0",78," "," ","0",83," "," ","0",89," "," ","0",72," "," ","0",33," "," ","0",NA," "," "," ",17," "," ","0",33," "," ","0",11," "," ","0",78," "," ","0",78," "," ","0",56," "," ","0",89," "," ","0",94," "," ","0",117," "," ","0",106," "," ","0",78," "," ","0",17," "," ","0",17," "," ","0"
"672","USC00392565",1998,10,"PRCP",0,"P"," ","0",30," "," ","0",NA," "," "," ",191," "," ","0",104," "," ","0",3," "," ","0",0,"P"," ","0",0,"P"," ","0",0,"P"," ","0",0,"P"," ","0",56," "," ","0",0,"P"," ","0",0,"P"," ","0",0,"P"," ","0",0,"P"," ","0",0,"P"," ","0",465," "," ","0",0,"P"," ","0",0,"P"," ","0",0,"P"," ","0",0,"P"," ","0",0,"P"," ","0",0,"P"," ","0",0,"P"," ","0",0,"P"," ","0",0,"P"," ","0",0,"P"," ","0",102," "," ","0",36," "," ","0",0,"P"," ","0",0,"P"," ","0"
"673","USC00392565",1998,10,"SNOW",0,"P"," ","0",NA," "," "," ",0,"P"," ","0",0,"P"," ","0",0,"P"," ","0",0,"P"," ","0",0,"P"," ","0",0,"P"," ","0",0,"P"," ","0",0,"P"," ","0",0,"P"," ","0",0,"P"," ","0",0,"P"," ","0",0,"P"," ","0",0,"P"," ","0",0,"P"," ","0",0,"P"," ","0",0,"P"," ","0",0,"P"," ","0",0,"P"," ","0",0,"P"," ","0",0,"P"," ","0",0,"P"," ","0",0,"P"," ","0",0,"P"," ","0",0,"P"," ","0",0,"P"," ","0",0,"P"," ","0",0,"P"," ","0",0,"P"," ","0",0,"P"," ","0"
"674","USC00392565",1998,11,"TMAX",61," "," ","0",83," "," ","0",33," "," ","0",0," "," ","0",17," "," ","0",6," "," ","0",17," "," ","0",17," "," ","0",50," "," ","0",44," "," ","0",-17," "," ","0",50," "," ","0",56," "," ","0",100," "," ","0",100," "," ","0",133," "," ","0",117," "," ","0",83," "," ","0",22," "," ","0",56," "," ","0",NA," "," "," ",117," "," ","0",139," "," ","0",139," "," ","0",150," "," ","0",111," "," ","0",178," "," ","0",200," "," ","0",172," "," ","0",128," "," ","0",NA," "," "," "
"675","USC00392565",1998,11,"TMIN",0," "," ","0",6," "," ","0",-11," "," ","0",-56," "," ","0",-39," "," ","0",-28," "," ","0",-33," "," ","0",-67," "," ","0",-39," "," ","0",-78," "," ","0",-117," "," ","0",-89," "," ","0",-50," "," ","0",-17," "," ","0",-6," "," ","0",-22," "," ","0",-22," "," ","0",-28," "," ","0",-44," "," ","0",-83," "," ","0",NA," "," "," ",-33," "," ","0",-50," "," ","0",-50," "," ","0",-28," "," ","0",-11," "," ","0",11," "," ","0",22," "," ","0",56," "," ","0",-39," "," ","0",NA," "," "," "
"676","USC00392565",1998,11,"TOBS",44," "," ","0",17," "," ","0",-11," "," ","0",-33," "," ","0",-28," "," ","0",-17," "," ","0",-22," "," ","0",0," "," ","0",-39," "," ","0",-67," "," ","0",-39," "," ","0",-28," "," ","0",44," "," ","0",50," "," ","0",106," "," ","0",83," "," ","0",44," "," ","0",0," "," ","0",11," "," ","0",-22," "," ","0",NA," "," "," ",106," "," ","0",11," "," ","0",111," "," ","0",6," "," ","0",100," "," ","0",78," "," ","0",61," "," ","0",78," "," ","0",39," "," ","0",NA," "," "," "
"677","USC00392565",1998,11,"PRCP",0,"P"," ","0",0,"P"," ","0",56," "," ","0",91," "," ","0",0,"P"," ","0",64," "," ","0",84," "," ","0",0,"P"," ","0",76," "," ","0",0,"P"," ","0",0,"P"," ","0",0,"P"," ","0",0,"P"," ","0",0,"P"," ","0",0,"P"," ","0",0,"P"," ","0",0,"P"," ","0",0,"P"," ","0",0,"P"," ","0",0,"P"," ","0",0,"P"," ","0",0,"P"," ","0",0,"P"," ","0",0,"P"," ","0",0,"P"," ","0",0,"P"," ","0",0,"P"," ","0",0,"P"," ","0",0,"P"," ","0",0,"P"," ","0",NA," "," "," "
"678","USC00392565",1998,11,"SNOW",0,"P"," ","0",0,"P"," ","0",0,"P"," ","0",0,"P"," ","0",0,"P"," ","0",0,"P"," ","0",0,"P"," ","0",0,"P"," ","0",0,"P"," ","0",0,"P"," ","0",0,"P"," ","0",0,"P"," ","0",0,"P"," ","0",0,"P"," ","0",0,"P"," ","0",0,"P"," ","0",0,"P"," ","0",0,"P"," ","0",0,"P"," ","0",0,"P"," ","0",0,"P"," ","0",0,"P"," ","0",0,"P"," ","0",0,"P"," ","0",0,"P"," ","0",0,"P"," ","0",0,"P"," ","0",0,"P"," ","0",0,"P"," ","0",0,"P"," ","0",NA," "," "," "
"679","USC00392565",1998,11,"SNWD",0,"P"," ","0",0,"P"," ","0",0,"P"," ","0",0,"P"," ","0",0,"P"," ","0",0,"P"," ","0",0,"P"," ","0",0,"P"," ","0",0,"P"," ","0",0,"P"," ","0",0,"P"," ","0",0,"P"," ","0",0,"P"," ","0",0,"P"," ","0",0,"P"," ","0",0,"P"," ","0",0,"P"," ","0",0,"P"," ","0",0,"P"," ","0",0,"P"," ","0",0,"P"," ","0",0,"P"," ","0",0,"P"," ","0",0,"P"," ","0",0,"P"," ","0",0,"P"," ","0",0,"P"," ","0",0,"P"," ","0",0,"P"," ","0",0,"P"," ","0",NA," "," "," "
"680","USC00392565",1998,12,"TMAX",144," "," ","0",172," "," ","0",156," "," ","0",117," "," ","0",122," "," ","0",6," "," ","0",6," "," ","0",NA," "," "," ",56," "," ","0",28," "," ","0",33," "," ","0",100," "," ","0",106," "," ","0",128," "," ","0",161," "," ","0",22," "," ","0",39," "," ","0",139," "," ","0",-22," "," ","0",-172," "," ","0",-239," "," ","0",-172," "," ","0",-100," "," ","0",-106," "," ","0",-28," "," ","0",6," "," ","0",56," "," ","0",44," "," ","0",83," "," ","0",44," "," ","0",39," "," ","0"
"681","USC00392565",1998,12,"TMIN",6," "," ","0",-6," "," ","0",-6," "," ","0",11," "," ","0",-33," "," ","0",-133," "," ","0",-122," "," ","0",NA," "," "," ",-111," "," ","0",-122," "," ","0",-83," "," ","0",-67," "," ","0",-67," "," ","0",-56," "," ","0",-72," "," ","0",-56," "," ","0",-72," "," ","0",-28," "," ","0",-189," "," ","0",-278," "," ","0",-300," "," ","0",-283," "," ","0",-283," "," ","0",-250," "," ","0",-172," "," ","0",-89," "," ","0",-100," "," ","0",-78," "," ","0",-117," "," ","0",-106," "," ","0",-117," "," ","0"
"682","USC00392565",1998,12,"TOBS",106," "," ","0",50," "," ","0",44," "," ","0",28," "," ","0",-28," "," ","0",-111," "," ","0",-50," "," ","0",NA," "," "," ",-28," "," ","0",-44," "," ","0",-17," "," ","0",-22," "," ","0",-56," "," ","0",94," "," ","0",-28," "," ","0",0," "," ","0",-28," "," ","0",-28," "," ","0",-183," "," ","0",-278," "," ","0",-239," "," ","0",-206," "," ","0",-189," "," ","0",-167," "," ","0",-28," "," ","0",-6," "," ","0",17," "," ","0",44," "," ","0",-111," "," ","0",39," "," ","0",-61," "," ","0"
"683","USC00392565",1998,12,"PRCP",0,"P"," ","0",0,"P"," ","0",0,"P"," ","0",0,"P"," ","0",0,"P"," ","0",0,"P"," ","0",0,"P"," ","0",0,"P"," ","0",0,"P"," ","0",0,"P"," ","0",0,"P"," ","0",0,"P"," ","0",0,"P"," ","0",0,"P"," ","0",0,"P"," ","0",64," "," ","0",64," "," ","0",0,"P"," ","0",0,"P"," ","0",0,"P"," ","0",0,"P"," ","0",0,"P"," ","0",0,"P"," ","0",0,"P"," ","0",0,"P"," ","0",0,"P"," ","0",0,"P"," ","0",0,"P"," ","0",0,"P"," ","0",0,"P"," ","0",0,"P"," ","0"
"684","USC00392565",1998,12,"SNOW",0,"P"," ","0",0,"P"," ","0",0,"P"," ","0",0,"P"," ","0",0,"P"," ","0",0,"P"," ","0",0,"P"," ","0",0,"P"," ","0",0,"P"," ","0",0,"P"," ","0",0,"P"," ","0",0,"P"," ","0",0,"P"," ","0",0,"P"," ","0",0,"P"," ","0",0,"P"," ","0",0,"P"," ","0",0,"P"," ","0",0,"P"," ","0",0,"P"," ","0",0,"P"," ","0",0,"P"," ","0",0,"P"," ","0",0,"P"," ","0",0,"P"," ","0",0,"P"," ","0",0,"P"," ","0",0,"P"," ","0",0,"P"," ","0",0,"P"," ","0",0,"P"," ","0"
"685","USC00392565",1998,12,"SNWD",0,"P"," ","0",0,"P"," ","0",0,"P"," ","0",0,"P"," ","0",0,"P"," ","0",0,"P"," ","0",0,"P"," ","0",0,"P"," ","0",0,"P"," ","0",0,"P"," ","0",0,"P"," ","0",0,"P"," ","0",0,"P"," ","0",0,"P"," ","0",0,"P"," ","0",0,"P"," ","0",0,"P"," ","0",0,"P"," ","0",0,"P"," ","0",0,"P"," ","0",0,"P"," ","0",0,"P"," ","0",0,"P"," ","0",0,"P"," ","0",0,"P"," ","0",0,"P"," ","0",0,"P"," ","0",0,"P"," ","0",0,"P"," ","0",0,"P"," ","0",0,"P"," ","0"
"686","USC00392565",1999,1,"TMAX",39," "," ","0",22," "," ","0",-111," "," ","0",-94," "," ","0",6," "," ","0",22," "," ","0",-100," "," ","0",-22," "," ","0",-22," "," ","0",11," "," ","0",56," "," ","0",100," "," ","0",50," "," ","0",28," "," ","0",78," "," ","0",89," "," ","0",61," "," ","0",6," "," ","0",83," "," ","0",78," "," ","0",72," "," ","0",33," "," ","0",28," "," ","0",NA," "," "," ",NA," "," "," ",11," "," ","0",61," "," ","0",-33," "," ","0",50," "," ","0",78," "," ","0",100," "," ","0"
"687","USC00392565",1999,1,"TMIN",-61," "," ","0",-133," "," ","0",-183," "," ","0",-217," "," ","0",-128," "," ","0",-128," "," ","0",-156," "," ","0",-156," "," ","0",-156," "," ","0",-78," "," ","0",-56," "," ","0",-22," "," ","0",-72," "," ","0",-111," "," ","0",-111," "," ","0",-72," "," ","0",-50," "," ","0",-106," "," ","0",-61," "," ","0",-56," "," ","0",-44," "," ","0",-89," "," ","0",-78," "," ","0",NA," "," "," ",-167," "," ","0",-128," "," ","0",-72," "," ","0",-156," "," ","0",-122," "," ","0",-89," "," ","0",-72," "," ","0"
"688","USC00392565",1999,1,"TOBS",-22," "," ","0",-122," "," ","0",-161," "," ","0",-128," "," ","0",6," "," ","0",-111," "," ","0",-106," "," ","0",-133," "," ","0",-22," "," ","0",-17," "," ","0",56," "," ","0",44," "," ","0",-61," "," ","0",-78," "," ","0",39," "," ","0",-28," "," ","0",-28," "," ","0",-44," "," ","0",-56," "," ","0",-11," "," ","0",-39," "," ","0",-56," "," ","0",-50," "," ","0",NA," "," "," ",-128," "," ","0",-6," "," ","0",-72," "," ","0",-117," "," ","0",-44," "," ","0",-72," "," ","0",6," "," ","0"
"689","USC00392565",1999,1,"PRCP",NA," "," "," ",0,"P"," ","0",0,"P"," ","0",0,"P"," ","0",13," "," ","0",127," "," ","0",0,"T"," ","0",0,"P"," ","0",18," "," ","0",0,"P"," ","0",0,"P"," ","0",0,"P"," ","0",0,"P"," ","0",0,"P"," ","0",0,"P"," ","0",0,"P"," ","0",0,"P"," ","0",0,"P"," ","0",0,"P"," ","0",38," "," ","0",23," "," ","0",0,"P"," ","0",0,"P"," ","0",36," "," ","0",0,"P"," ","0",0,"P"," ","0",30," "," ","0",0,"P"," ","0",0,"P"," ","0",0,"P"," ","0",0,"P"," ","0"
"690","USC00392565",1999,1,"SNOW",NA," "," "," ",0,"P"," ","0",0,"P"," ","0",0,"P"," ","0",NA," "," "," ",0,"P"," ","0",NA," "," "," ",0,"P"," ","0",NA," "," "," ",0,"P"," ","0",0,"P"," ","0",0,"P"," ","0",0,"P"," ","0",0,"P"," ","0",0,"P"," ","0",0,"P"," ","0",0,"P"," ","0",0,"P"," ","0",0,"P"," ","0",0,"P"," ","0",0,"P"," ","0",0,"P"," ","0",0,"P"," ","0",NA," "," "," ",0,"P"," ","0",0,"P"," ","0",0,"P"," ","0",0,"P"," ","0",0,"P"," ","0",0,"P"," ","0",0,"P"," ","0"
"691","USC00392565",1999,1,"SNWD",NA," "," "," ",0,"P"," ","0",0,"P"," ","0",0,"P"," ","0",25," "," ","0",0,"T"," ","0",0,"T"," ","0",0,"P"," ","0",0,"P"," ","0",0,"P"," ","0",0,"P"," ","0",0,"P"," ","0",0,"P"," ","0",0,"P"," ","0",0,"P"," ","0",0,"P"," ","0",0,"P"," ","0",0,"P"," ","0",0,"P"," ","0",0,"P"," ","0",0,"P"," ","0",0,"P"," ","0",0,"P"," ","0",51," "," ","0",NA," "," "," ",NA," "," "," ",25," "," ","0",NA," "," "," ",NA," "," "," ",NA," "," "," ",0,"P"," ","0"
"692","USC00392565",1999,2,"TMAX",94," "," ","0",61," "," ","0",56," "," ","0",39," "," ","0",133," "," ","0",61," "," ","0",78," "," ","0",139," "," ","0",NA," "," "," ",144," "," ","0",94," "," ","0",-17," "," ","0",44," "," ","0",139," "," ","0",111," "," ","0",22," "," ","0",44," "," ","0",39," "," ","0",39," "," ","0",56," "," ","0",22," "," ","0",17," "," ","0",28," "," ","0",94," "," ","0",139," "," ","0",167," "," ","0",44," "," ","0",50," "," ","0",NA," "," "," ",NA," "," "," ",NA," "," "," "
"693","USC00392565",1999,2,"TMIN",-56," "," ","0",-72," "," ","0",-50," "," ","0",-72," "," ","0",6," "," ","0",-67," "," ","0",-11," "," ","0",-39," "," ","0",NA," "," "," ",11," "," ","0",-89," "," ","0",-89," "," ","0",-61," "," ","0",-50," "," ","0",-28," "," ","0",-106," "," ","0",-78," "," ","0",-72," "," ","0",-44," "," ","0",-39," "," ","0",-94," "," ","0",-78," "," ","0",-89," "," ","0",-28," "," ","0",-28," "," ","0",-22," "," ","0",-33," "," ","0",-56," "," ","0",NA," "," "," ",NA," "," "," ",NA," "," "," "
"694","USC00392565",1999,2,"TOBS",22," "," ","0",-50," "," ","0",11," "," ","0",6," "," ","0",11," "," ","0",22," "," ","0",-6," "," ","0",11," "," ","0",NA," "," "," ",89," "," ","0",-78," "," ","0",-17," "," ","0",39," "," ","0",111," "," ","0",0," "," ","0",-44," "," ","0",0," "," ","0",28," "," ","0",-6," "," ","0",-6," "," ","0",-56," "," ","0",-11," "," ","0",-22," "," ","0",39," "," ","0",94," "," ","0",17," "," ","0",-11," "," ","0",-22," "," ","0",NA," "," "," ",NA," "," "," ",NA," "," "," "
"695","USC00392565",1999,2,"PRCP",0,"P"," ","0",0,"P"," ","0",0,"P"," ","0",0,"P"," ","0",0,"P"," ","0",0,"P"," ","0",0,"P"," ","0",0,"P"," ","0",0,"P"," ","0",0,"P"," ","0",0,"P"," ","0",0,"P"," ","0",0,"P"," ","0",0,"P"," ","0",0,"P"," ","0",0,"P"," ","0",0,"P"," ","0",13," "," ","0",0,"T"," ","0",0,"T"," ","0",0,"P"," ","0",0,"T"," ","0",0,"P"," ","0",0,"P"," ","0",0,"P"," ","0",0,"P"," ","0",0,"P"," ","0",0,"T"," ","0",NA," "," "," ",NA," "," "," ",NA," "," "," "
"696","USC00392565",1999,2,"SNOW",0,"P"," ","0",0,"P"," ","0",0,"P"," ","0",0,"P"," ","0",0,"P"," ","0",0,"P"," ","0",0,"P"," ","0",0,"P"," ","0",0,"P"," ","0",0,"P"," ","0",0,"P"," ","0",0,"P"," ","0",0,"P"," ","0",0,"P"," ","0",0,"P"," ","0",0,"P"," ","0",0,"P"," ","0",0,"P"," ","0",0,"P"," ","0",0,"P"," ","0",0,"P"," ","0",0,"P"," ","0",0,"P"," ","0",0,"P"," ","0",0,"P"," ","0",0,"P"," ","0",0,"P"," ","0",0,"P"," ","0",NA," "," "," ",NA," "," "," ",NA," "," "," "
"697","USC00392565",1999,2,"SNWD",0,"P"," ","0",0,"P"," ","0",0,"P"," ","0",0,"P"," ","0",0,"P"," ","0",0,"P"," ","0",0,"P"," ","0",0,"P"," ","0",0,"P"," ","0",0,"P"," ","0",0,"P"," ","0",0,"P"," ","0",0,"P"," ","0",0,"P"," ","0",0,"P"," ","0",0,"P"," ","0",0,"P"," ","0",0,"P"," ","0",0,"P"," ","0",0,"P"," ","0",0,"P"," ","0",0,"P"," ","0",0,"P"," ","0",0,"P"," ","0",0,"P"," ","0",0,"P"," ","0",0,"P"," ","0",0,"P"," ","0",NA," "," "," ",NA," "," "," ",NA," "," "," "
"698","USC00392565",1999,3,"TMAX",150," "," ","0",111," "," ","0",33," "," ","0",72," "," ","0",44," "," ","0",11," "," ","0",NA," "," "," ",17," "," ","0",33," "," ","0",67," "," ","0",-11," "," ","0",-22," "," ","0",17," "," ","0",100," "," ","0",178," "," ","0",183," "," ","0",189," "," ","0",61," "," ","0",133," "," ","0",178," "," ","0",NA," "," "," ",128," "," ","0",94," "," ","0",167," "," ","0",128," "," ","0",178," "," ","0",222," "," ","0",56," "," ","0",61," "," ","0",167," "," ","0",222," "," ","0"
"699","USC00392565",1999,3,"TMIN",-28," "," ","0",-28," "," ","0",-89," "," ","0",-89," "," ","0",-28," "," ","0",-106," "," ","0",NA," "," "," ",-106," "," ","0",-100," "," ","0",-28," "," ","0",-72," "," ","0",-56," "," ","0",-83," "," ","0",-39," "," ","0",-11," "," ","0",6," "," ","0",-22," "," ","0",-56," "," ","0",-28," "," ","0",-22," "," ","0",NA," "," "," ",17," "," ","0",-22," "," ","0",17," "," ","0",-6," "," ","0",6," "," ","0",11," "," ","0",-83," "," ","0",-78," "," ","0",11," "," ","0",-17," "," ","0"
"700","USC00392565",1999,3,"TOBS",17," "," ","0",-11," "," ","0",-6," "," ","0",-11," "," ","0",-11," "," ","0",-61," "," ","0",NA," "," "," ",-28," "," ","0",-11," "," ","0",-17," "," ","0",-56," "," ","0",-28," "," ","0",17," "," ","0",44," "," ","0",111," "," ","0",111," "," ","0",-11," "," ","0",39," "," ","0",72," "," ","0",61," "," ","0",NA," "," "," ",28," "," ","0",89," "," ","0",83," "," ","0",78," "," ","0",83," "," ","0",44," "," ","0",-6," "," ","0",28," "," ","0",100," "," ","0",94," "," ","0"
"701","USC00392565",1999,3,"PRCP",0,"P"," ","0",0,"P"," ","0",0,"P"," ","0",0,"P"," ","0",NA," "," "," ",0,"P"," ","0",0," "," ","0",0,"T"," ","0",0,"P"," ","0",0,"P"," ","0",0," "," ","0",0,"T"," ","0",0,"P"," ","0",0,"P"," ","0",0,"P"," ","0",0,"P"," ","0",0,"P"," ","0",0,"P"," ","0",0,"P"," ","0",0,"P"," ","0",0,"P"," ","0",0,"P"," ","0",0,"P"," ","0",0,"P"," ","0",0,"P"," ","0",0,"P"," ","0",0,"P"," ","0",0,"P"," ","0",0,"P"," ","0",0,"P"," ","0",0,"P"," ","0"
"702","USC00392565",1999,3,"SNOW",0,"P"," ","0",0,"P"," ","0",0,"P"," ","0",0,"P"," ","0",NA," "," "," ",0,"P"," ","0",0,"P"," ","0",0,"P"," ","0",0,"P"," ","0",0," "," ","0",0,"P"," ","0",NA," "," "," ",0,"P"," ","0",0,"P"," ","0",0,"P"," ","0",0,"P"," ","0",0,"P"," ","0",0,"P"," ","0",0,"P"," ","0",0,"P"," ","0",0,"P"," ","0",0,"P"," ","0",0,"P"," ","0",0,"P"," ","0",0,"P"," ","0",0,"P"," ","0",0,"P"," ","0",0,"P"," ","0",0,"P"," ","0",0,"P"," ","0",0,"P"," ","0"
"703","USC00392565",1999,3,"SNWD",0,"P"," ","0",0,"P"," ","0",0,"P"," ","0",0,"P"," ","0",76," "," ","0",NA," "," "," ",NA," "," "," ",NA," "," "," ",NA," "," "," ",76," "," ","0",NA," "," "," ",NA," "," "," ",NA," "," "," ",NA," "," "," ",NA," "," "," ",NA," "," "," ",0,"P"," ","0",0,"P"," ","0",0,"P"," ","0",0,"P"," ","0",0,"P"," ","0",0,"P"," ","0",0,"P"," ","0",0,"P"," ","0",0,"P"," ","0",0,"P"," ","0",0,"P"," ","0",0,"P"," ","0",0,"P"," ","0",0,"P"," ","0",0,"P"," ","0"
"704","USC00392565",1999,4,"TMAX",150," "," ","0",17," "," ","0",-11," "," ","0",-28," "," ","0",67," "," ","0",NA," "," "," ",NA," "," "," ",156," "," ","0",178," "," ","0",133," "," ","0",28," "," ","0",100," "," ","0",167," "," ","0",189," "," ","0",72," "," ","0",39," "," ","0",39," "," ","0",194," "," ","0",133," "," ","0",217," "," ","0",183," "," ","0",106," "," ","0",72," "," ","0",78," "," ","0",61," "," ","0",72," "," ","0",133," "," ","0",183," "," ","0",189," "," ","0",83," "," ","0",NA," "," "," "
"705","USC00392565",1999,4,"TMIN",-6," "," ","0",-39," "," ","0",-83," "," ","0",-111," "," ","0",-22," ","I","0",NA," "," "," ",NA," "," "," ",-33," "," ","0",-6," "," ","0",6," "," ","0",-33," "," ","0",0," "," ","0",-6," "," ","0",11," "," ","0",-39," "," ","0",-94," "," ","0",-94," "," ","0",-17," "," ","0",17," "," ","0",33," "," ","0",44," "," ","0",22," "," ","0",-11," "," ","0",22," "," ","0",28," "," ","0",0," "," ","0",11," "," ","0",83," "," ","0",67," "," ","0",67," "," ","0",NA," "," "," "
"706","USC00392565",1999,4,"TOBS",0," "," ","0",-17," "," ","0",-61," "," ","0",-39," ","I","0",22," "," ","0",NA," "," "," ",NA," "," "," ",44," "," ","0",72," "," ","0",28," "," ","0",6," "," ","0",72," "," ","0",111," "," ","0",17," "," ","0",-33," "," ","0",-6," "," ","0",6," "," ","0",78," "," ","0",122," "," ","0",122," "," ","0",44," "," ","0",50," "," ","0",33," "," ","0",33," "," ","0",44," "," ","0",50," "," ","0",89," "," ","0",117," "," ","0",72," "," ","0",78," "," ","0",NA," "," "," "
"707","USC00392565",1999,4,"PRCP",89," "," ","0",41," "," ","0",64," "," ","0",0,"P"," ","0",0,"P"," ","0",0,"P"," ","0",0,"P"," ","0",0,"P"," ","0",46," "," ","0",0,"P"," ","0",236," "," ","0",0,"P"," ","0",0,"P"," ","0",0,"P"," ","0",18," "," ","0",0,"T"," ","0",0,"P"," ","0",0,"P"," ","0",0,"P"," ","0",0,"P"," ","0",46," "," ","0",0,"P"," ","0",0,"P"," ","0",0,"P"," ","0",0,"P"," ","0",76," "," ","0",0,"P"," ","0",0,"P"," ","0",0,"P"," ","0",5," "," ","0",NA," "," "," "
"708","USC00392565",1999,4,"SNOW",NA," "," "," ",NA," "," "," ",NA," "," "," ",0,"P"," ","0",0,"P"," ","0",0,"P"," ","0",0,"P"," ","0",0,"P"," ","0",0,"P"," ","0",0,"P"," ","0",0,"P"," ","0",0,"P"," ","0",0,"P"," ","0",0,"P"," ","0",0,"P"," ","0",0,"P"," ","0",0,"P"," ","0",0,"P"," ","0",0,"P"," ","0",0,"P"," ","0",0,"P"," ","0",0,"P"," ","0",0,"P"," ","0",0,"P"," ","0",0,"P"," ","0",0,"P"," ","0",0,"P"," ","0",0,"P"," ","0",0,"P"," ","0",0,"P"," ","0",NA," "," "," "
"709","USC00392565",1999,4,"SNWD",0,"P"," ","0",0,"P"," ","0",0,"P"," ","0",0,"P"," ","0",0,"P"," ","0",0,"P"," ","0",0,"P"," ","0",0,"P"," ","0",0,"P"," ","0",0,"P"," ","0",0,"P"," ","0",0,"P"," ","0",0,"P"," ","0",0,"P"," ","0",0,"P"," ","0",0,"P"," ","0",0,"P"," ","0",0,"P"," ","0",0,"P"," ","0",0,"P"," ","0",0,"P"," ","0",0,"P"," ","0",0,"P"," ","0",0,"P"," ","0",0,"P"," ","0",0,"P"," ","0",0,"P"," ","0",0,"P"," ","0",0,"P"," ","0",0,"P"," ","0",NA," "," "," "
"710","USC00392565",1999,5,"TMAX",128," "," ","0",NA," "," "," ",156," "," ","0",189," "," ","0",106," "," ","0",94," "," ","0",111," "," ","0",172," "," ","0",189," "," ","0",144," "," ","0",61," "," ","0",106," "," ","0",178," "," ","0",172," "," ","0",111," "," ","0",178," "," ","0",178," "," ","0",172," "," ","0",228," "," ","0",239," "," ","0",183," "," ","0",239," "," ","0",189," "," ","0",206," "," ","0",222," "," ","0",NA," "," "," ",250," "," ","0",183," "," ","0",256," "," ","0",283," "," ","0",178," "," ","0"
"711","USC00392565",1999,5,"TMIN",83," "," ","0",NA," "," "," ",22," "," ","0",50," "," ","0",28," "," ","0",28," "," ","0",-44," "," ","0",0," "," ","0",78," "," ","0",50," "," ","0",11," "," ","0",-11," "," ","0",78," "," ","0",56," "," ","0",6," "," ","0",44," "," ","0",-17," "," ","0",17," "," ","0",67," "," ","0",78," "," ","0",89," "," ","0",89," "," ","0",39," "," ","0",78," "," ","0",56," "," ","0",NA," "," "," ",72," "," ","0",72," "," ","0",111," "," ","0",83," "," ","0",61," "," ","0"
"712","USC00392565",1999,5,"TOBS",94," "," ","0",NA," "," "," ",83," "," ","0",56," "," ","0",33," "," ","0",28," "," ","0",28," "," ","0",128," "," ","0",100," "," ","0",50," "," ","0",17," "," ","0",89," "," ","0",100," "," ","0",72," "," ","0",100," "," ","0",61," "," ","0",50," "," ","0",67," "," ","0",156," "," ","0",100," "," ","0",106," "," ","0",100," "," ","0",111," "," ","0",128," "," ","0",133," "," ","0",NA," "," "," ",139," "," ","0",144," "," ","0",200," "," ","0",89," "," ","0",67," "," ","0"
"713","USC00392565",1999,5,"PRCP",8," "," ","0",0,"P"," ","0",0,"P"," ","0",30," "," ","0",0,"P"," ","0",0,"P"," ","0",0,"P"," ","0",0,"P"," ","0",0,"P"," ","0",48," "," ","0",28," "," ","0",0,"P"," ","0",18," "," ","0",0,"P"," ","0",61," "," ","0",18," "," ","0",0,"P"," ","0",0,"P"," ","0",0,"P"," ","0",224," "," ","0",10," "," ","0",41," "," ","0",5," "," ","0",0,"P"," ","0",0,"P"," ","0",0,"P"," ","0",0,"P"," ","0",0,"P"," ","0",0,"P"," ","0",0,"T"," ","0",0,"P"," ","0"
"714","USC00392565",1999,5,"SNOW",0,"P"," ","0",0,"P"," ","0",0,"P"," ","0",0,"P"," ","0",0,"P"," ","0",0,"P"," ","0",0,"P"," ","0",0,"P"," ","0",0,"P"," ","0",0,"P"," ","0",0,"P"," ","0",0,"P"," ","0",0,"P"," ","0",0,"P"," ","0",0,"P"," ","0",0,"P"," ","0",0,"P"," ","0",0,"P"," ","0",0,"P"," ","0",0,"P"," ","0",0,"P"," ","0",0,"P"," ","0",0,"P"," ","0",0,"P"," ","0",0,"P"," ","0",0,"P"," ","0",0,"P"," ","0",0,"P"," ","0",0,"P"," ","0",0,"P"," ","0",0,"P"," ","0"
"715","USC00392565",1999,5,"SNWD",0,"P"," ","0",0,"P"," ","0",0,"P"," ","0",0,"P"," ","0",0,"P"," ","0",0,"P"," ","0",0,"P"," ","0",0,"P"," ","0",0,"P"," ","0",0,"P"," ","0",0,"P"," ","0",0,"P"," ","0",0,"P"," ","0",0,"P"," ","0",0,"P"," ","0",0,"P"," ","0",0,"P"," ","0",0,"P"," ","0",0,"P"," ","0",0,"P"," ","0",0,"P"," ","0",0,"P"," ","0",0,"P"," ","0",0,"P"," ","0",0,"P"," ","0",0,"P"," ","0",0,"P"," ","0",0,"P"," ","0",0,"P"," ","0",0,"P"," ","0",0,"P"," ","0"
"716","USC00392565",1999,6,"TMAX",122," "," ","0",233," "," ","0",272," "," ","0",239," "," ","0",261," "," ","0",211," "," ","0",178," "," ","0",239," "," ","0",283," "," ","0",217," "," ","0",144," "," ","0",178," "," ","0",217," "," ","0",200," "," ","0",222," "," ","0",133," "," ","0",178," "," ","0",228," "," ","0",244," "," ","0",267," "," ","0",294," "," ","0",294," "," ","0",239," "," ","0",233," "," ","0",267," "," ","0",328," "," ","0",222," "," ","0",206," "," ","0",200," "," ","0",211," "," ","0",NA," "," "," "
"717","USC00392565",1999,6,"TMIN",33," "," ","0",56," "," ","0",56," "," ","0",83," "," ","0",94," "," ","0",83," "," ","0",89," "," ","0",133," "," ","0",133," "," ","0",100," "," ","0",89," "," ","0",78," "," ","0",83," "," ","0",83," "," ","0",94," "," ","0",44," "," ","0",100," "," ","0",117," "," ","0",128," "," ","0",117," "," ","0",133," "," ","0",122," "," ","0",94," "," ","0",122," "," ","0",172," "," ","0",156," "," ","0",111," "," ","0",67," "," ","0",122," ","I","0",100," "," ","0",NA," "," "," "
"718","USC00392565",1999,6,"TOBS",56," "," ","0",172," "," ","0",128," "," ","0",156," "," ","0",167," "," ","0",89," "," ","0",133," "," ","0",167," "," ","0",144," "," ","0",100," "," ","0",100," "," ","0",111," "," ","0",133," "," ","0",194," "," ","0",94," "," ","0",128," "," ","0",128," "," ","0",139," "," ","0",161," "," ","0",217," "," ","0",206," "," ","0",189," "," ","0",167," "," ","0",189," "," ","0",217," "," ","0",178," "," ","0",144," "," ","0",111," ","I","0",156," "," ","0",106," "," ","0",NA," "," "," "
"719","USC00392565",1999,6,"PRCP",38," "," ","0",0,"P"," ","0",208," "," ","0",0,"P"," ","0",3," "," ","0",292," "," ","0",20," "," ","0",30," "," ","0",0,"P"," ","0",0,"P"," ","0",206," "," ","0",23," "," ","0",84," "," ","0",0,"P"," ","0",102," "," ","0",8," "," ","0",0,"P"," ","0",58," "," ","0",0,"P"," ","0",0,"P"," ","0",0,"P"," ","0",0,"P"," ","0",0,"P"," ","0",0,"P"," ","0",0,"P"," ","0",0,"P"," ","0",46," "," ","0",89," "," ","0",0,"P"," ","0",20," "," ","0",NA," "," "," "
"720","USC00392565",1999,6,"SNOW",0,"P"," ","0",0,"P"," ","0",0,"P"," ","0",0,"P"," ","0",0,"P"," ","0",0,"P"," ","0",0,"P"," ","0",0,"P"," ","0",0,"P"," ","0",0,"P"," ","0",0,"P"," ","0",0,"P"," ","0",0,"P"," ","0",0,"P"," ","0",0,"P"," ","0",0,"P"," ","0",0,"P"," ","0",0,"P"," ","0",0,"P"," ","0",0,"P"," ","0",0,"P"," ","0",0,"P"," ","0",0,"P"," ","0",0,"P"," ","0",0,"P"," ","0",0,"P"," ","0",0,"P"," ","0",0,"P"," ","0",0,"P"," ","0",0,"P"," ","0",NA," "," "," "
"721","USC00392565",1999,6,"SNWD",0,"P"," ","0",0,"P"," ","0",0,"P"," ","0",0,"P"," ","0",0,"P"," ","0",0,"P"," ","0",0,"P"," ","0",0,"P"," ","0",0,"P"," ","0",0,"P"," ","0",0,"P"," ","0",0,"P"," ","0",0,"P"," ","0",0,"P"," ","0",0,"P"," ","0",0,"P"," ","0",0,"P"," ","0",0,"P"," ","0",0,"P"," ","0",0,"P"," ","0",0,"P"," ","0",0,"P"," ","0",0,"P"," ","0",0,"P"," ","0",0,"P"," ","0",0,"P"," ","0",0,"P"," ","0",0,"P"," ","0",0,"P"," ","0",0,"P"," ","0",NA," "," "," "
"722","USC00392565",1999,7,"TMAX",189," "," ","0",233," "," ","0",267," "," ","0",311," "," ","0",339," "," ","0",244," "," ","0",267," "," ","0",339," "," ","0",278," "," ","0",228," "," ","0",NA," "," "," ",300," "," ","0",311," "," ","0",356," "," ","0",311," "," ","0",311," "," ","0",206," "," ","0",244," "," ","0",300," "," ","0",239," "," ","0",283," "," ","0",344," "," ","0",322," "," ","0",328," "," ","0",356," "," ","0",306," "," ","0",283," "," ","0",361," "," ","0",367," "," ","0",356," "," ","0",311," "," ","0"
"723","USC00392565",1999,7,"TMIN",89," "," ","0",111," "," ","0",133," ","I","0",189," "," ","0",133," "," ","0",128," "," ","0",172," "," ","0",189," "," ","0",78," "," ","0",61," "," ","0",NA," "," "," ",117," "," ","0",144," "," ","0",172," "," ","0",167," "," ","0",144," "," ","0",122," "," ","0",139," "," ","0",178," "," ","0",117," "," ","0",172," "," ","0",172," "," ","0",161," "," ","0",178," "," ","0",161," "," ","0",178," "," ","0",189," "," ","0",183," "," ","0",183," "," ","0",189," "," ","0",161," "," ","0"
"724","USC00392565",1999,7,"TOBS",122," "," ","0",122," ","I","0",211," "," ","0",200," "," ","0",172," "," ","0",183," "," ","0",183," "," ","0",211," "," ","0",144," "," ","0",133," "," ","0",NA," "," "," ",239," "," ","0",267," "," ","0",228," "," ","0",194," "," ","0",144," "," ","0",144," "," ","0",189," "," ","0",200," "," ","0",172," "," ","0",228," "," ","0",233," "," ","0",228," "," ","0",250," "," ","0",189," "," ","0",211," "," ","0",239," "," ","0",244," "," ","0",217," "," ","0",206," "," ","0",161," "," ","0"
"725","USC00392565",1999,7,"PRCP",0,"T"," ","0",0,"P"," ","0",0,"P"," ","0",0,"P"," ","0",0,"P"," ","0",0,"P"," ","0",0,"P"," ","0",0,"P"," ","0",0,"P"," ","0",0,"P"," ","0",0,"P"," ","0",0,"P"," ","0",0,"P"," ","0",0,"P"," ","0",0,"P"," ","0",76," "," ","0",58," "," ","0",0,"P"," ","0",0,"P"," ","0",0,"P"," ","0",0,"P"," ","0",0,"P"," ","0",0,"P"," ","0",0,"P"," ","0",0,"P"," ","0",0,"P"," ","0",0,"P"," ","0",0,"P"," ","0",0,"P"," ","0",36," "," ","0",0,"P"," ","0"
"726","USC00392565",1999,7,"SNOW",0,"P"," ","0",0,"P"," ","0",0,"P"," ","0",0,"P"," ","0",0,"P"," ","0",0,"P"," ","0",0,"P"," ","0",0,"P"," ","0",0,"P"," ","0",0,"P"," ","0",0,"P"," ","0",0,"P"," ","0",0,"P"," ","0",0,"P"," ","0",0,"P"," ","0",0,"P"," ","0",0,"P"," ","0",0,"P"," ","0",0,"P"," ","0",0,"P"," ","0",0,"P"," ","0",0,"P"," ","0",0,"P"," ","0",0,"P"," ","0",0,"P"," ","0",0,"P"," ","0",0,"P"," ","0",0,"P"," ","0",0,"P"," ","0",0,"P"," ","0",0,"P"," ","0"
"727","USC00392565",1999,7,"SNWD",0,"P"," ","0",0,"P"," ","0",0,"P"," ","0",0,"P"," ","0",0,"P"," ","0",0,"P"," ","0",0,"P"," ","0",0,"P"," ","0",0,"P"," ","0",0,"P"," ","0",0,"P"," ","0",0,"P"," ","0",0,"P"," ","0",0,"P"," ","0",0,"P"," ","0",0,"P"," ","0",0,"P"," ","0",0,"P"," ","0",0,"P"," ","0",0,"P"," ","0",0,"P"," ","0",0,"P"," ","0",0,"P"," ","0",0,"P"," ","0",0,"P"," ","0",0,"P"," ","0",0,"P"," ","0",0,"P"," ","0",0,"P"," ","0",0,"P"," ","0",0,"P"," ","0"
"728","USC00392565",1999,8,"TMAX",167," "," ","0",NA," "," "," ",256," "," ","0",278," "," ","0",256," "," ","0",256," "," ","0",267," "," ","0",261," "," ","0",328," "," ","0",300," "," ","0",306," "," ","0",306," "," ","0",206," "," ","0",256," "," ","0",NA," "," "," ",NA," "," "," ",333," "," ","0",306," "," ","0",294," "," ","0",322," "," ","0",322," "," ","0",283," "," ","0",306," "," ","0",306," "," ","0",322," "," ","0",328," "," ","0",344," "," ","0",344," "," ","0",294," "," ","0",267," "," ","0",322," "," ","0"
"729","USC00392565",1999,8,"TMIN",117," "," ","0",NA," "," "," ",117," "," ","0",144," "," ","0",144," "," ","0",150," "," ","0",117," "," ","0",150," "," ","0",144," "," ","0",167," "," ","0",133," "," ","0",139," "," ","0",111," "," ","0",117," "," ","0",NA," "," "," ",NA," "," "," ",100," "," ","0",100," "," ","0",122," "," ","0",128," "," ","0",161," "," ","0",128," "," ","0",89," "," ","0",89," "," ","0",167," "," ","0",150," "," ","0",200," "," ","0",183," "," ","0",128," "," ","0",128," "," ","0",150," "," ","0"
"730","USC00392565",1999,8,"TOBS",117," "," ","0",NA," "," "," ",161," "," ","0",167," "," ","0",167," "," ","0",172," "," ","0",189," "," ","0",189," "," ","0",178," "," ","0",194," "," ","0",200," "," ","0",144," "," ","0",122," "," ","0",133," "," ","0",NA," "," "," ",NA," "," "," ",244," "," ","0",172," "," ","0",172," "," ","0",183," "," ","0",250," "," ","0",178," "," ","0",156," "," ","0",167," "," ","0",194," "," ","0",211," "," ","0",206," "," ","0",206," "," ","0",172," "," ","0",150," "," ","0",178," "," ","0"
"731","USC00392565",1999,8,"PRCP",597," "," ","0",0,"P"," ","0",0,"P"," ","0",0,"P"," ","0",10," "," ","0",0,"P"," ","0",8," "," ","0",0,"P"," ","0",0,"P"," ","0",0,"P"," ","0",0,"P"," ","0",NA," "," "," ",0,"P"," ","0",0,"P"," ","0",0,"P"," ","0",0,"P"," ","0",0,"P"," ","0",0,"P"," ","0",0,"P"," ","0",0,"P"," ","0",0,"P"," ","0",0,"P"," ","0",0,"P"," ","0",0," "," ","0",0,"T"," ","0",0,"P"," ","0",0,"P"," ","0",0,"P"," ","0",356," "," ","0",28," "," ","0",0,"P"," ","0"
"732","USC00392565",1999,8,"SNOW",0,"P"," ","0",0,"P"," ","0",0,"P"," ","0",0,"P"," ","0",0,"P"," ","0",0,"P"," ","0",0,"P"," ","0",0,"P"," ","0",0,"P"," ","0",0,"P"," ","0",0,"P"," ","0",0,"P"," ","0",0,"P"," ","0",0,"P"," ","0",0,"P"," ","0",0,"P"," ","0",0,"P"," ","0",0,"P"," ","0",0,"P"," ","0",0,"P"," ","0",0,"P"," ","0",0,"P"," ","0",0,"P"," ","0",0,"P"," ","0",0,"P"," ","0",0,"P"," ","0",0,"P"," ","0",0,"P"," ","0",0,"P"," ","0",0,"P"," ","0",0,"P"," ","0"
"733","USC00392565",1999,8,"SNWD",0,"P"," ","0",0,"P"," ","0",0,"P"," ","0",0,"P"," ","0",0,"P"," ","0",0,"P"," ","0",0,"P"," ","0",0,"P"," ","0",0,"P"," ","0",0,"P"," ","0",0,"P"," ","0",0,"P"," ","0",0,"P"," ","0",0,"P"," ","0",0,"P"," ","0",0,"P"," ","0",0,"P"," ","0",0,"P"," ","0",0,"P"," ","0",0,"P"," ","0",0,"P"," ","0",0,"P"," ","0",0,"P"," ","0",0,"P"," ","0",0,"P"," ","0",0,"P"," ","0",0,"P"," ","0",0,"P"," ","0",0,"P"," ","0",0,"P"," ","0",0,"P"," ","0"
"734","USC00392565",1999,9,"TMAX",306," "," ","0",228," "," ","0",217," "," ","0",NA," "," "," ",NA," "," "," ",300," "," ","0",178," "," ","0",178," "," ","0",189," "," ","0",222," "," ","0",283," "," ","0",189," "," ","0",122," "," ","0",167," "," ","0",178," "," ","0",222," "," ","0",256," "," ","0",294," "," ","0",256," "," ","0",256," "," ","0",172," "," ","0",239," "," ","0",283," "," ","0",267," "," ","0",256," "," ","0",NA," "," "," ",256," "," ","0",106," "," ","0",100," "," ","0",206," "," ","0",NA," "," "," "
"735","USC00392565",1999,9,"TMIN",156," "," ","0",133," "," ","0",117," "," ","0",NA," "," "," ",NA," "," "," ",33," "," ","0",83," "," ","0",11," "," ","0",22," "," ","0",39," "," ","0",106," "," ","0",33," "," ","0",-11," "," ","0",17," ","I","0",39," "," ","0",50," "," ","0",72," "," ","0",89," "," ","0",61," "," ","0",22," "," ","0",17," "," ","0",39," "," ","0",61," "," ","0",56," "," ","0",67," "," ","0",NA," "," "," ",-22," "," ","0",-39," "," ","0",-39," "," ","0",-33," "," ","0",NA," "," "," "
"736","USC00392565",1999,9,"TOBS",183," "," ","0",144," "," ","0",117," "," ","0",NA," "," "," ",NA," "," "," ",167," "," ","0",100," "," ","0",33," "," ","0",39," "," ","0",111," "," ","0",128," "," ","0",56," "," ","0",0," ","I","0",44," "," ","0",67," "," ","0",72," "," ","0",89," "," ","0",200," "," ","0",67," "," ","0",22," "," ","0",39," "," ","0",61," "," ","0",106," "," ","0",100," "," ","0",67," "," ","0",NA," "," "," ",-6," "," ","0",-17," "," ","0",-33," "," ","0",44," "," ","0",NA," "," "," "
"737","USC00392565",1999,9,"PRCP",0,"P"," ","0",23," "," ","0",69," "," ","0",NA," "," "," ",NA," "," "," ",NA," "," "," ",0,"P"," ","0",0,"P"," ","0",0,"P"," ","0",0,"P"," ","0",0,"P"," ","0",0,"P"," ","0",0,"P"," ","0",0,"P"," ","0",0,"P"," ","0",0,"P"," ","0",0,"P"," ","0",0,"P"," ","0",46," "," ","0",0,"P"," ","0",0,"P"," ","0",0,"P"," ","0",0,"P"," ","0",0,"P"," ","0",0,"P"," ","0",0,"P"," ","0",0,"P"," ","0",0,"P"," ","0",0,"P"," ","0",0,"P"," ","0",NA," "," "," "
"738","USC00392565",1999,9,"SNOW",0,"P"," ","0",0,"P"," ","0",0,"P"," ","0",0,"P"," ","0",0,"P"," ","0",0,"P"," ","0",0,"P"," ","0",0,"P"," ","0",0,"P"," ","0",0,"P"," ","0",0,"P"," ","0",0,"P"," ","0",0,"P"," ","0",0,"P"," ","0",0,"P"," ","0",0,"P"," ","0",0,"P"," ","0",0,"P"," ","0",0,"P"," ","0",0,"P"," ","0",0,"P"," ","0",0,"P"," ","0",0,"P"," ","0",0,"P"," ","0",0,"P"," ","0",0,"P"," ","0",0,"P"," ","0",0,"P"," ","0",0,"P"," ","0",0,"P"," ","0",NA," "," "," "
"739","USC00392565",1999,9,"SNWD",0,"P"," ","0",0,"P"," ","0",0,"P"," ","0",0,"P"," ","0",0,"P"," ","0",0,"P"," ","0",0,"P"," ","0",0,"P"," ","0",0,"P"," ","0",0,"P"," ","0",0,"P"," ","0",0,"P"," ","0",0,"P"," ","0",0,"P"," ","0",0,"P"," ","0",0,"P"," ","0",0,"P"," ","0",0,"P"," ","0",0,"P"," ","0",0,"P"," ","0",0,"P"," ","0",0,"P"," ","0",0,"P"," ","0",0,"P"," ","0",0,"P"," ","0",0,"P"," ","0",0,"P"," ","0",0,"P"," ","0",0,"P"," ","0",0,"P"," ","0",NA," "," "," "
"740","USC00392565",1999,9,"DAPR",NA," "," "," ",NA," "," "," ",NA," "," "," ",NA," "," "," ",NA," "," "," ",3," "," ","0",NA," "," "," ",NA," "," "," ",NA," "," "," ",NA," "," "," ",NA," "," "," ",NA," "," "," ",NA," "," "," ",NA," "," "," ",NA," "," "," ",NA," "," "," ",NA," "," "," ",NA," "," "," ",NA," "," "," ",NA," "," "," ",NA," "," "," ",NA," "," "," ",NA," "," "," ",NA," "," "," ",NA," "," "," ",NA," "," "," ",NA," "," "," ",NA," "," "," ",NA," "," "," ",NA," "," "," ",NA," "," "," "
"741","USC00392565",1999,9,"MDPR",NA," "," "," ",NA," "," "," ",NA," "," "," ",NA," "," "," ",NA," "," "," ",185," "," ","0",NA," "," "," ",NA," "," "," ",NA," "," "," ",NA," "," "," ",NA," "," "," ",NA," "," "," ",NA," "," "," ",NA," "," "," ",NA," "," "," ",NA," "," "," ",NA," "," "," ",NA," "," "," ",NA," "," "," ",NA," "," "," ",NA," "," "," ",NA," "," "," ",NA," "," "," ",NA," "," "," ",NA," "," "," ",NA," "," "," ",NA," "," "," ",NA," "," "," ",NA," "," "," ",NA," "," "," ",NA," "," "," "
"742","USC00392565",1999,10,"TMAX",178," "," ","0",178," "," ","0",33," "," ","0",117," "," ","0",228," "," ","0",233," "," ","0",289," "," ","0",200," "," ","0",211," "," ","0",267," "," ","0",267," "," ","0",250," "," ","0",NA," "," "," ",NA," "," "," ",233," "," ","0",78," "," ","0",56," "," ","0",111," "," ","0",94," "," ","0",106," "," ","0",194," "," ","0",194," "," ","0",200," "," ","0",183," "," ","0",217," "," ","0",194," "," ","0",239," "," ","0",150," "," ","0",167," "," ","0",128," "," ","0",178," "," ","0"
"743","USC00392565",1999,10,"TMIN",22," "," ","0",-11," "," ","0",-17," "," ","0",-17," "," ","0",17," "," ","0",39," "," ","0",39," "," ","0",17," "," ","0",0," "," ","0",22," "," ","0",22," "," ","0",56," "," ","0",NA," "," "," ",NA," "," "," ",28," "," ","0",-17," "," ","0",-100," "," ","0",-94," "," ","0",-6," "," ","0",-28," "," ","0",17," "," ","0",6," "," ","0",-6," "," ","0",-6," "," ","0",0," "," ","0",11," "," ","0",22," "," ","0",-44," "," ","0",-6," "," ","0",-39," "," ","0",-39," "," ","0"
"744","USC00392565",1999,10,"TOBS",22," "," ","0",-6," "," ","0",-17," "," ","0",61," "," ","0",39," "," ","0",50," "," ","0",89," "," ","0",17," "," ","0",206," "," ","0",39," "," ","0",56," "," ","0",67," "," ","0",NA," "," "," ",NA," "," "," ",61," "," ","0",-6," "," ","0",-94," "," ","0",28," "," ","0",6," "," ","0",11," "," ","0",50," "," ","0",44," "," ","0",33," "," ","0",-6," "," ","0",17," "," ","0",28," "," ","0",139," "," ","0",-6," "," ","0",72," "," ","0",-39," "," ","0",11," "," ","0"
"745","USC00392565",1999,10,"PRCP",0,"P"," ","0",0,"P"," ","0",33," "," ","0",0,"P"," ","0",0,"P"," ","0",0,"P"," ","0",0,"P"," ","0",0,"P"," ","0",0,"P"," ","0",0,"P"," ","0",0,"P"," ","0",0,"P"," ","0",0,"P"," ","0",0,"P"," ","0",0,"P"," ","0",0,"P"," ","0",0,"P"," ","0",0,"P"," ","0",0,"P"," ","0",0,"P"," ","0",0,"P"," ","0",0,"P"," ","0",0,"P"," ","0",0,"P"," ","0",0,"P"," ","0",0,"P"," ","0",0,"P"," ","0",0,"P"," ","0",0,"P"," ","0",0,"P"," ","0",0,"P"," ","0"
"746","USC00392565",1999,10,"SNOW",0,"P"," ","0",0,"P"," ","0",0,"P"," ","0",0,"P"," ","0",0,"P"," ","0",0,"P"," ","0",0,"P"," ","0",0,"P"," ","0",0,"P"," ","0",0,"P"," ","0",0,"P"," ","0",0,"P"," ","0",0,"P"," ","0",0,"P"," ","0",0,"P"," ","0",0,"P"," ","0",0,"P"," ","0",0,"P"," ","0",0,"P"," ","0",0,"P"," ","0",0,"P"," ","0",0,"P"," ","0",0,"P"," ","0",0,"P"," ","0",0,"P"," ","0",0,"P"," ","0",0,"P"," ","0",0,"P"," ","0",0,"P"," ","0",0,"P"," ","0",0,"P"," ","0"
"747","USC00392565",1999,10,"SNWD",0,"P"," ","0",0,"P"," ","0",0,"P"," ","0",0,"P"," ","0",0,"P"," ","0",0,"P"," ","0",0,"P"," ","0",0,"P"," ","0",0,"P"," ","0",0,"P"," ","0",0,"P"," ","0",0,"P"," ","0",0,"P"," ","0",0,"P"," ","0",0,"P"," ","0",0,"P"," ","0",0,"P"," ","0",0,"P"," ","0",0,"P"," ","0",0,"P"," ","0",0,"P"," ","0",0,"P"," ","0",0,"P"," ","0",0,"P"," ","0",0,"P"," ","0",0,"P"," ","0",0,"P"," ","0",0,"P"," ","0",0,"P"," ","0",0,"P"," ","0",0,"P"," ","0"
"748","USC00392565",1999,11,"TMAX",250," "," ","0",33," "," ","0",106," "," ","0",144," "," ","0",217," "," ","0",217," "," ","0",NA," "," "," ",239," "," ","0",233," "," ","0",156," "," ","0",178," "," ","0",194," "," ","0",222," "," ","0",228," "," ","0",217," "," ","0",206," "," ","0",172," "," ","0",217," "," ","0",0," ","I","0",83," "," ","0",128," "," ","0",50," "," ","0",6," "," ","0",22," "," ","0",22," "," ","0",89," "," ","0",117," "," ","0",61," "," ","0",50," "," ","0",94," "," ","0",NA," "," "," "
"749","USC00392565",1999,11,"TMIN",6," "," ","0",-106," "," ","0",-50," "," ","0",-50," "," ","0",-44," "," ","0",33," "," ","0",NA," "," "," ",50," "," ","0",39," "," ","0",-22," "," ","0",-22," "," ","0",22," "," ","0",28," "," ","0",0," "," ","0",17," "," ","0",0," "," ","0",11," "," ","0",11," "," ","0",-28," "," ","0",-33," "," ","0",-33," "," ","0",-56," "," ","0",-78," "," ","0",-128," "," ","0",-106," ","I","0",-22," "," ","0",-11," "," ","0",-39," "," ","0",-61," "," ","0",-44," "," ","0",NA," "," "," "
"750","USC00392565",1999,11,"TOBS",6," "," ","0",-44," "," ","0",17," "," ","0",28," "," ","0",33," "," ","0",89," "," ","0",NA," "," "," ",111," "," ","0",94," "," ","0",17," "," ","0",44," "," ","0",28," "," ","0",78," "," ","0",22," "," ","0",50," "," ","0",111," "," ","0",39," "," ","0",33," "," ","0",-28," "," ","0",72," "," ","0",6," "," ","0",-22," "," ","0",-56," "," ","0",-117," ","I","0",-17," "," ","0",-11," "," ","0",0," "," ","0",-28," "," ","0",-50," "," ","0",17," "," ","0",NA," "," "," "
"751","USC00392565",1999,11,"PRCP",0,"P"," ","0",0,"P"," ","0",0,"P"," ","0",0,"P"," ","0",0,"P"," ","0",0,"P"," ","0",0,"P"," ","0",0,"P"," ","0",0,"P"," ","0",0,"P"," ","0",0,"P"," ","0",0,"P"," ","0",0,"P"," ","0",0,"P"," ","0",0,"P"," ","0",0,"P"," ","0",0,"P"," ","0",66," "," ","0",41," "," ","0",0,"P"," ","0",0,"P"," ","0",0,"P"," ","0",15," "," ","0",0,"P"," ","0",0,"P"," ","0",0,"P"," ","0",10," "," ","0",0,"P"," ","0",0,"P"," ","0",0,"P"," ","0",NA," "," "," "
"752","USC00392565",1999,11,"SNOW",0,"P"," ","0",0,"P"," ","0",0,"P"," ","0",0,"P"," ","0",0,"P"," ","0",0,"P"," ","0",0,"P"," ","0",0,"P"," ","0",0,"P"," ","0",0,"P"," ","0",0,"P"," ","0",0,"P"," ","0",0,"P"," ","0",0,"P"," ","0",0,"P"," ","0",0,"P"," ","0",0,"P"," ","0",0,"P"," ","0",NA," "," "," ",0,"P"," ","0",0,"P"," ","0",0,"P"," ","0",0,"P"," ","0",0,"P"," ","0",0,"P"," ","0",0,"P"," ","0",0,"P"," ","0",0,"P"," ","0",0,"P"," ","0",0,"P"," ","0",NA," "," "," "
"753","USC00392565",1999,11,"SNWD",0,"P"," ","0",0,"P"," ","0",0,"P"," ","0",0,"P"," ","0",0,"P"," ","0",0,"P"," ","0",0,"P"," ","0",0,"P"," ","0",0,"P"," ","0",0,"P"," ","0",0,"P"," ","0",0,"P"," ","0",0,"P"," ","0",0,"P"," ","0",0,"P"," ","0",0,"P"," ","0",0,"P"," ","0",0,"P"," ","0",NA," "," "," ",NA," "," "," ",NA," "," "," ",0,"P"," ","0",0,"P"," ","0",0,"P"," ","0",0,"P"," ","0",0,"P"," ","0",0,"P"," ","0",0,"P"," ","0",0,"P"," ","0",0,"P"," ","0",NA," "," "," "
"754","USC00392565",1999,12,"TMAX",144," "," ","0",167," "," ","0",83," "," ","0",44," "," ","0",17," "," ","0",78," "," ","0",78," "," ","0",56," "," ","0",17," "," ","0",33," "," ","0",33," "," ","0",28," "," ","0",61," "," ","0",44," "," ","0",-6," "," ","0",11," "," ","0",89," "," ","0",56," "," ","0",67," "," ","0",-67," "," ","0",-61," "," ","0",-11," "," ","0",6," "," ","0",67," "," ","0",106," "," ","0",122," "," ","0",89," "," ","0",83," "," ","0",117," "," ","0",117," "," ","0",78," "," ","0"
"755","USC00392565",1999,12,"TMIN",-6," "," ","0",-61," "," ","0",-61," "," ","0",-94," "," ","0",-94," "," ","0",-50," "," ","0",-61," "," ","0",-117," "," ","0",-133," "," ","0",-128," "," ","0",-106," "," ","0",-94," "," ","0",-94," "," ","0",-72," "," ","0",-122," "," ","0",-117," "," ","0",-28," "," ","0",-67," "," ","0",-72," "," ","0",-150," "," ","0",-150," "," ","0",-122," "," ","0",-50," "," ","0",-61," "," ","0",-61," "," ","0",-72," "," ","0",-72," "," ","0",-17," "," ","0",-50," "," ","0",-83," "," ","0",-78," "," ","0"
"756","USC00392565",1999,12,"TOBS",17," "," ","0",-56," "," ","0",22," "," ","0",-94," "," ","0",-39," "," ","0",-28," "," ","0",-39," "," ","0",-94," "," ","0",-128," "," ","0",-28," "," ","0",-39," "," ","0",-94," "," ","0",-22," "," ","0",-72," "," ","0",-117," "," ","0",-17," "," ","0",-17," "," ","0",0," "," ","0",-72," "," ","0",-128," "," ","0",-89," "," ","0",-50," "," ","0",-22," "," ","0",-39," "," ","0",0," "," ","0",-67," "," ","0",-22," "," ","0",17," "," ","0",-22," "," ","0",-83," "," ","0",-61," "," ","0"
"757","USC00392565",1999,12,"PRCP",0,"P"," ","0",0,"P"," ","0",0,"P"," ","0",0,"P"," ","0",0,"P"," ","0",0,"P"," ","0",0,"P"," ","0",0,"P"," ","0",0,"P"," ","0",0,"P"," ","0",0,"P"," ","0",0,"P"," ","0",0,"P"," ","0",0,"P"," ","0",0,"P"," ","0",0,"P"," ","0",0,"P"," ","0",0,"P"," ","0",0,"P"," ","0",0,"T"," ","0",0,"T"," ","0",NA," "," "," ",0,"P"," ","0",0,"P"," ","0",0,"P"," ","0",0,"P"," ","0",0,"P"," ","0",0,"P"," ","0",0,"P"," ","0",0,"P"," ","0",0,"P"," ","0"
"758","USC00392565",1999,12,"SNOW",0,"P"," ","0",0,"P"," ","0",0,"P"," ","0",0,"P"," ","0",0,"P"," ","0",0,"P"," ","0",0,"P"," ","0",0,"P"," ","0",0,"P"," ","0",0,"P"," ","0",0,"P"," ","0",0,"P"," ","0",0,"P"," ","0",0,"P"," ","0",0,"P"," ","0",0,"P"," ","0",0,"P"," ","0",0,"P"," ","0",0,"P"," ","0",NA," "," "," ",NA," "," "," ",5," "," ","0",0,"P"," ","0",0,"P"," ","0",0,"P"," ","0",0,"P"," ","0",0,"P"," ","0",0,"P"," ","0",0,"P"," ","0",0,"P"," ","0",0,"P"," ","0"
"759","USC00392565",1999,12,"SNWD",0,"P"," ","0",0,"P"," ","0",0,"P"," ","0",0,"P"," ","0",0,"P"," ","0",0,"P"," ","0",0,"P"," ","0",0,"P"," ","0",0,"P"," ","0",0,"P"," ","0",0,"P"," ","0",0,"P"," ","0",0,"P"," ","0",0,"P"," ","0",0,"P"," ","0",0,"P"," ","0",0,"P"," ","0",0,"P"," ","0",0,"P"," ","0",0,"P"," ","0",0,"P"," ","0",0,"T"," ","0",0,"P"," ","0",0,"P"," ","0",0,"P"," ","0",0,"P"," ","0",0,"P"," ","0",0,"P"," ","0",0,"P"," ","0",0,"P"," ","0",0,"P"," ","0"
"760","USC00392565",2000,1,"TMAX",94," "," ","0",94," "," ","0",50," "," ","0",-50," "," ","0",39," "," ","0",28," "," ","0",17," "," ","0",50," "," ","0",44," "," ","0",28," "," ","0",-17," "," ","0",72," "," ","0",22," "," ","0",56," "," ","0",111," "," ","0",128," "," ","0",83," "," ","0",67," "," ","0",61," "," ","0",0," "," ","0",56," "," ","0",72," "," ","0",28," "," ","0",0," "," ","0",17," "," ","0",-28," "," ","0",-11," "," ","0",6," "," ","0",-33," "," ","0",-39," "," ","0",-28," "," ","0"
"761","USC00392565",2000,1,"TMIN",-67," "," ","0",-83," "," ","0",-94," "," ","0",-167," "," ","0",-161," "," ","0",-83," "," ","0",-111," "," ","0",-122," "," ","0",-56," ","I","0",-94," "," ","0",-117," "," ","0",-100," "," ","0",-117," "," ","0",-106," "," ","0",-11," "," ","0",-28," "," ","0",-28," "," ","0",-83," "," ","0",-72," "," ","0",-117," "," ","0",-106," "," ","0",-83," "," ","0",-117," "," ","0",-128," "," ","0",-144," "," ","0",-122," "," ","0",-122," "," ","0",-56," "," ","0",-94," "," ","0",-161," "," ","0",-172," "," ","0"
"762","USC00392565",2000,1,"TOBS",-39," "," ","0",-56," "," ","0",-94," "," ","0",-156," "," ","0",-17," "," ","0",-72," "," ","0",-61," "," ","0",-111," ","I","0",-33," "," ","0",-39," "," ","0",-56," "," ","0",-94," "," ","0",-94," "," ","0",17," "," ","0",-6," "," ","0",-28," "," ","0",11," "," ","0",-72," "," ","0",0," "," ","0",-106," "," ","0",17," "," ","0",-72," "," ","0",-117," "," ","0",-44," "," ","0",-128," "," ","0",-56," "," ","0",-33," "," ","0",-56," "," ","0",-78," "," ","0",-161," "," ","0",-100," "," ","0"
"763","USC00392565",2000,1,"PRCP",0,"P"," ","0",0,"P"," ","0",0,"P"," ","0",0,"P"," ","0",0,"T"," ","0",0,"P"," ","0",0,"P"," ","0",0,"P"," ","0",0,"P"," ","0",0,"P"," ","0",0,"P"," ","0",0,"P"," ","0",0,"P"," ","0",0,"P"," ","0",0,"P"," ","0",0,"P"," ","0",0,"P"," ","0",0,"P"," ","0",28," "," ","0",0,"P"," ","0",0,"P"," ","0",0,"P"," ","0",NA," "," "," ",0,"P"," ","0",0,"P"," ","0",28," "," ","0",0,"P"," ","0",173," "," ","0",0,"T"," ","0",0,"P"," ","0",0,"P"," ","0"
"764","USC00392565",2000,1,"SNOW",0,"P"," ","0",0,"P"," ","0",0,"P"," ","0",0,"P"," ","0",0,"P"," ","0",0,"P"," ","0",0,"P"," ","0",0,"P"," ","0",0,"P"," ","0",0,"P"," ","0",0,"P"," ","0",0,"P"," ","0",0,"P"," ","0",0,"P"," ","0",0,"P"," ","0",0,"P"," ","0",0,"P"," ","0",0,"P"," ","0",46," "," ","0",0,"P"," ","0",0,"P"," ","0",0,"P"," ","0",0,"T"," ","0",0,"P"," ","0",0,"P"," ","0",46," "," ","0",0,"P"," ","0",173," "," ","0",NA," "," "," ",0,"P"," ","0",0,"P"," ","0"
"765","USC00392565",2000,1,"SNWD",0,"P"," ","0",0,"P"," ","0",0,"P"," ","0",0,"P"," ","0",0,"T"," ","0",0,"P"," ","0",0,"P"," ","0",0,"P"," ","0",0,"P"," ","0",0,"P"," ","0",0,"P"," ","0",0,"P"," ","0",0,"P"," ","0",0,"P"," ","0",0,"P"," ","0",0,"P"," ","0",0,"P"," ","0",0,"P"," ","0",NA," "," "," ",NA," "," "," ",NA," "," "," ",0,"P"," ","0",0,"P"," ","0",0,"P"," ","0",0,"P"," ","0",NA," "," "," ",NA," "," "," ",NA," "," "," ",NA," "," "," ",NA," "," "," ",NA," "," "," "
"766","USC00392565",2000,2,"TMAX",22," "," ","0",33," "," ","0",89," "," ","0",11," "," ","0",0," "," ","0",56," "," ","0",67," "," ","0",83," "," ","0",106," "," ","0",117," "," ","0",-17," "," ","0",-6," "," ","0",-33," "," ","0",-33," "," ","0",39," "," ","0",44," "," ","0",44," "," ","0",33," "," ","0",33," "," ","0",33," "," ","0",94," "," ","0",150," "," ","0",156," "," ","0",139," "," ","0",139," "," ","0",0," "," ","0",NA," "," "," ",144," "," ","0",144," "," ","0",NA," "," "," ",NA," "," "," "
"767","USC00392565",2000,2,"TMIN",-167," "," ","0",-161," "," ","0",-28," "," ","0",-133," "," ","0",-139," "," ","0",-72," "," ","0",-44," "," ","0",-50," "," ","0",-22," "," ","0",-22," "," ","0",-100," "," ","0",-94," "," ","0",-111," "," ","0",-139," "," ","0",-61," "," ","0",-94," "," ","0",-83," "," ","0",-67," "," ","0",-117," "," ","0",-106," "," ","0",-22," "," ","0",-6," "," ","0",-28," "," ","0",-28," "," ","0",-6," "," ","0",-50," "," ","0",NA," "," "," ",-78," "," ","0",-39," "," ","0",NA," "," "," ",NA," "," "," "
"768","USC00392565",2000,2,"TOBS",-161," "," ","0",-22," "," ","0",-6," "," ","0",-128," "," ","0",-39," "," ","0",-28," "," ","0",-39," "," ","0",33," "," ","0",-6," "," ","0",-22," "," ","0",-94," "," ","0",-56," "," ","0",-111," "," ","0",-61," "," ","0",33," "," ","0",-83," "," ","0",-33," "," ","0",-67," "," ","0",-106," "," ","0",-11," "," ","0",83," "," ","0",11," "," ","0",-6," "," ","0",33," "," ","0",-6," "," ","0",-44," "," ","0",NA," "," "," ",139," "," ","0",17," "," ","0",NA," "," "," ",NA," "," "," "
"769","USC00392565",2000,2,"PRCP",0,"P"," ","0",0,"P"," ","0",0,"P"," ","0",0,"P"," ","0",0,"P"," ","0",0,"P"," ","0",0,"P"," ","0",0,"P"," ","0",0,"P"," ","0",0,"T"," ","0",8," "," ","0",53," "," ","0",0,"P"," ","0",0,"P"," ","0",0,"P"," ","0",0,"P"," ","0",0,"P"," ","0",0,"P"," ","0",NA," "," "," ",0,"P"," ","0",0,"P"," ","0",0,"P"," ","0",0,"P"," ","0",0,"P"," ","0",74," "," ","0",0,"T"," ","0",0,"P"," ","0",0,"P"," ","0",0,"P"," ","0",NA," "," "," ",NA," "," "," "
"770","USC00392565",2000,2,"SNOW",0,"P"," ","0",0,"P"," ","0",0,"P"," ","0",0,"P"," ","0",0,"P"," ","0",0,"P"," ","0",0,"P"," ","0",0,"P"," ","0",0,"P"," ","0",0,"P"," ","0",13," "," ","0",76," "," ","0",0,"P"," ","0",0,"P"," ","0",0,"P"," ","0",0,"P"," ","0",0,"P"," ","0",0,"P"," ","0",0,"T"," ","0",0,"P"," ","0",0,"P"," ","0",0,"P"," ","0",0,"P"," ","0",0,"P"," ","0",NA," "," "," ",0,"P"," ","0",0,"P"," ","0",0,"P"," ","0",0,"P"," ","0",NA," "," "," ",NA," "," "," "
"771","USC00392565",2000,2,"SNWD",NA," "," "," ",NA," "," "," ",NA," "," "," ",NA," "," "," ",NA," "," "," ",NA," "," "," ",NA," "," "," ",NA," "," "," ",NA," "," "," ",NA," "," "," ",25," "," ","0",NA," "," "," ",NA," "," "," ",NA," "," "," ",NA," "," "," ",NA," "," "," ",NA," "," "," ",NA," "," "," ",NA," "," "," ",NA," "," "," ",NA," "," "," ",0,"P"," ","0",0,"P"," ","0",0,"P"," ","0",NA," "," "," ",NA," "," "," ",NA," "," "," ",NA," "," "," ",NA," "," "," ",NA," "," "," ",NA," "," "," "
"772","USC00392565",2000,3,"TMAX",106," "," ","0",111," "," ","0",122," "," ","0",133," "," ","0",NA," "," "," ",194," "," ","0",217," "," ","0",167," "," ","0",0," ","I","0",-39," "," ","0",28," "," ","0",78," "," ","0",78," "," ","0",78," "," ","0",117," "," ","0",33," "," ","0",89," "," ","0",94," "," ","0",NA," "," "," ",139," "," ","0",6," "," ","0",33," "," ","0",128," "," ","0",178," "," ","0",83," "," ","0",161," "," ","0",111," "," ","0",167," "," ","0",144," "," ","0",100," "," ","0",78," "," ","0"
"773","USC00392565",2000,3,"TMIN",-39," "," ","0",-33," "," ","0",-33," "," ","0",-22," "," ","0",NA," "," "," ",11," "," ","0",-11," "," ","0",11," "," ","0",-72," "," ","0",-72," "," ","0",-78," "," ","0",-44," "," ","0",-72," "," ","0",-72," "," ","0",-11," "," ","0",-94," "," ","0",-67," "," ","0",-22," "," ","0",NA," "," "," ",-61," "," ","0",-83," "," ","0",-72," "," ","0",0," "," ","0",0," "," ","0",-56," "," ","0",-11," "," ","0",-39," "," ","0",-22," "," ","0",28," "," ","0",0," "," ","0",-61," "," ","0"
"774","USC00392565",2000,3,"TOBS",11," "," ","0",-22," "," ","0",6," "," ","0",-11," "," ","0",NA," "," "," ",28," "," ","0",22," "," ","0",11," "," ","0",-72," "," ","0",-44," "," ","0",-33," "," ","0",-11," "," ","0",-33," "," ","0",-17," "," ","0",-6," "," ","0",-67," "," ","0",6," "," ","0",17," "," ","0",NA," "," "," ",-22," "," ","0",-39," "," ","0",11," "," ","0",44," "," ","0",22," "," ","0",11," "," ","0",56," "," ","0",72," "," ","0",50," "," ","0",39," "," ","0",28," "," ","0",22," "," ","0"
"775","USC00392565",2000,3,"PRCP",0," "," ","0",0," "," ","0",0," "," ","0",0," "," ","0",0," "," ","0",0,"T"," ","0",0," "," ","0",53," "," ","0",0," "," ","0",13," "," ","0",0," "," ","0",0,"T"," ","0",0,"T"," ","0",0," "," ","0",0,"T"," ","0",0," "," ","0",0," "," ","0",0,"T"," ","0",0," "," ","0",53," "," ","0",0,"T"," ","0",0," "," ","0",0," "," ","0",0," "," ","0",0," "," ","0",0," "," ","0",0,"P"," ","0",0,"P"," ","0",0,"T"," ","0",0,"P"," ","0",0,"P"," ","0"
"776","USC00392565",2000,3,"SNOW",0,"P"," ","0",0,"P"," ","0",0,"P"," ","0",0,"P"," ","0",0,"P"," ","0",0,"P"," ","0",0,"P"," ","0",0,"P"," ","0",0,"P"," ","0",NA," "," "," ",0,"P"," ","0",0,"P"," ","0",0,"P"," ","0",0,"P"," ","0",0,"P"," ","0",0,"P"," ","0",0,"P"," ","0",0,"P"," ","0",0,"P"," ","0",51," "," ","0",0,"P"," ","0",0,"P"," ","0",0,"P"," ","0",0,"P"," ","0",0,"P"," ","0",0,"P"," ","0",0,"P"," ","0",0,"P"," ","0",0,"P"," ","0",0,"P"," ","0",0,"P"," ","0"
"777","USC00392565",2000,3,"SNWD",0,"P"," ","0",0,"P"," ","0",0,"P"," ","0",0,"P"," ","0",0,"P"," ","0",0,"P"," ","0",0,"P"," ","0",0,"P"," ","0",0,"P"," ","0",NA," "," "," ",NA," "," "," ",NA," "," "," ",NA," "," "," ",0,"P"," ","0",0,"P"," ","0",0,"P"," ","0",0,"P"," ","0",0,"P"," ","0",0,"P"," ","0",NA," "," "," ",NA," "," "," ",NA," "," "," ",NA," "," "," ",0,"P"," ","0",0,"P"," ","0",0,"P"," ","0",0,"P"," ","0",0,"P"," ","0",0,"P"," ","0",0,"P"," ","0",0,"P"," ","0"
"778","USC00392565",2000,4,"TMAX",83," "," ","0",111," "," ","0",28," "," ","0",50," "," ","0",228," "," ","0",NA," "," "," ",139," "," ","0",167," "," ","0",94," "," ","0",128," "," ","0",144," "," ","0",144," "," ","0",211," "," ","0",222," "," ","0",78," "," ","0",-44," "," ","0",83," "," ","0",178," "," ","0",200," "," ","0",28," "," ","0",NA," "," "," ",206," "," ","0",217," "," ","0",172," "," ","0",94," "," ","0",150," "," ","0",128," "," ","0",167," "," ","0",178," "," ","0",156," "," ","0",NA," "," "," "
"779","USC00392565",2000,4,"TMIN",-50," "," ","0",11," "," ","0",-44," "," ","0",-61," "," ","0",78," ","I","0",NA," "," "," ",-50," "," ","0",-78," "," ","0",6," "," ","0",-17," "," ","0",-44," "," ","0",-44," "," ","0",0," "," ","0",0," "," ","0",-72," "," ","0",-78," "," ","0",-61," "," ","0",56," "," ","0",0," "," ","0",-72," "," ","0",NA," "," "," ",-72," "," ","0",100," "," ","0",61," "," ","0",6," "," ","0",6," "," ","0",-22," "," ","0",50," "," ","0",61," "," ","0",22," "," ","0",NA," "," "," "
"780","USC00392565",2000,4,"TOBS",6," "," ","0",22," "," ","0",-39," "," ","0",0," "," ","0",78," "," ","0",NA," "," "," ",0," "," ","0",94," "," ","0",39," "," ","0",17," "," ","0",-22," "," ","0",0," "," ","0",78," "," ","0",0," "," ","0",-72," "," ","0",-67," "," ","0",56," "," ","0",122," "," ","0",6," "," ","0",NA," "," "," ",NA," "," "," ",194," "," ","0",111," "," ","0",61," "," ","0",33," "," ","0",94," "," ","0",44," "," ","0",61," "," ","0",100," "," ","0",67," "," ","0",NA," "," "," "
"781","USC00392565",2000,4,"PRCP",0," "," ","0",0," "," ","0",0,"T"," ","0",0," "," ","0",0," "," ","0",0," "," ","0",0,"T"," ","0",0," "," ","0",0," "," ","0",0,"T"," ","0",0," "," ","0",0," "," ","0",0," "," ","0",0," "," ","0",89," "," ","0",33," "," ","0",0," "," ","0",0," "," ","0",490," "," ","0",0,"P"," ","0",0,"P"," ","0",0," "," ","0",0," "," ","0",0,"T"," ","0",51," "," ","0",0," "," ","0",0," "," ","0",0," "," ","0",0," "," ","0",43," "," ","0",NA," "," "," "
"782","USC00392565",2000,4,"SNOW",0,"P"," ","0",0,"P"," ","0",0,"P"," ","0",0,"P"," ","0",0,"P"," ","0",0,"P"," ","0",0,"P"," ","0",0,"P"," ","0",0,"P"," ","0",0,"P"," ","0",0,"P"," ","0",0,"P"," ","0",0,"P"," ","0",0,"P"," ","0",76," "," ","0",8," "," ","0",0,"P"," ","0",0,"P"," ","0",102," "," ","0",0,"P"," ","0",0,"P"," ","0",0,"P"," ","0",0,"P"," ","0",0,"P"," ","0",0,"P"," ","0",0,"P"," ","0",0,"P"," ","0",0,"P"," ","0",0,"P"," ","0",0,"P"," ","0",NA," "," "," "
"783","USC00392565",2000,4,"SNWD",0,"P"," ","0",0,"P"," ","0",0,"P"," ","0",0,"P"," ","0",0,"P"," ","0",0,"P"," ","0",0,"P"," ","0",0,"P"," ","0",0,"P"," ","0",0,"P"," ","0",0,"P"," ","0",0,"P"," ","0",0,"P"," ","0",0,"P"," ","0",NA," "," "," ",76," "," ","0",NA," "," "," ",NA," "," "," ",51," "," ","0",NA," "," "," ",NA," "," "," ",NA," "," "," ",NA," "," "," ",0,"P"," ","0",0,"P"," ","0",0,"P"," ","0",0,"P"," ","0",0,"P"," ","0",0,"P"," ","0",0,"P"," ","0",NA," "," "," "
"784","USC00392565",2000,5,"TMAX",156," "," ","0",228," "," ","0",256," "," ","0",294," "," ","0",194," "," ","0",311," "," ","0",222," "," ","0",222," "," ","0",117," "," ","0",183," "," ","0",167," "," ","0",128," "," ","0",50," "," ","0",139," "," ","0",167," "," ","0",233," "," ","0",211," "," ","0",106," ","I","0",NA," "," "," ",228," "," ","0",NA," "," "," ",228," "," ","0",233," "," ","0",233," "," ","0",NA," "," "," ",239," "," ","0",178," "," ","0",233," "," ","0",283," "," ","0",278," "," ","0",139," "," ","0"
"785","USC00392565",2000,5,"TMIN",0," "," ","0",0," "," ","0",50," "," ","0",100," "," ","0",122," "," ","0",44," "," ","0",94," ","I","0",-6," "," ","0",11," "," ","0",56," "," ","0",50," "," ","0",-22," "," ","0",-22," "," ","0",0," "," ","0",61," "," ","0",67," "," ","0",106," "," ","0",-17," "," ","0",NA," "," "," ",6," "," ","0",NA," "," "," ",50," "," ","0",122," "," ","0",122," "," ","0",NA," "," "," ",78," "," ","0",44," "," ","0",94," "," ","0",94," "," ","0",94," "," ","0",89," "," ","0"
"786","USC00392565",2000,5,"TOBS",83," "," ","0",161," "," ","0",150," "," ","0",194," "," ","0",161," "," ","0",72," ","I","0",117," "," ","0",50," "," ","0",72," "," ","0",100," "," ","0",61," "," ","0",28," "," ","0",0," "," ","0",61," "," ","0",122," "," ","0",172," "," ","0",122," ","I","0",61," "," ","0",NA," "," "," ",100," "," ","0",NA," "," "," ",156," "," ","0",161," "," ","0",156," "," ","0",NA," "," "," ",178," "," ","0",117," "," ","0",167," "," ","0",150," "," ","0",94," "," ","0",89," "," ","0"
"787","USC00392565",2000,5,"PRCP",0," "," ","0",0," "," ","0",0," "," ","0",0," "," ","0",0," "," ","0",0," "," ","0",43," "," ","0",61," "," ","0",0," "," ","0",0," "," ","0",104," "," ","0",0,"T"," ","0",0," "," ","0",0," "," ","0",0," "," ","0",0," "," ","0",0," "," ","0",0," "," ","0",0," "," ","0",36," "," ","0",0," "," ","0",0," "," ","0",0," "," ","0",0," "," ","0",0," "," ","0",0," "," ","0",33," "," ","0",0," "," ","0",0," "," ","0",10," "," ","0",0," "," ","0"
"788","USC00392565",2000,5,"SNOW",0,"P"," ","0",0,"P"," ","0",0,"P"," ","0",0,"P"," ","0",0,"P"," ","0",0,"P"," ","0",0,"P"," ","0",0,"P"," ","0",0,"P"," ","0",0,"P"," ","0",0,"P"," ","0",0,"P"," ","0",0,"P"," ","0",0,"P"," ","0",0,"P"," ","0",0,"P"," ","0",0,"P"," ","0",0,"P"," ","0",0,"P"," ","0",0,"P"," ","0",0,"P"," ","0",0,"P"," ","0",0,"P"," ","0",0,"P"," ","0",0,"P"," ","0",0,"P"," ","0",0,"P"," ","0",0,"P"," ","0",0,"P"," ","0",0,"P"," ","0",0,"P"," ","0"
"789","USC00392565",2000,5,"SNWD",0,"P"," ","0",0,"P"," ","0",0,"P"," ","0",0,"P"," ","0",0,"P"," ","0",0,"P"," ","0",0,"P"," ","0",0,"P"," ","0",0,"P"," ","0",0,"P"," ","0",0,"P"," ","0",0,"P"," ","0",0,"P"," ","0",0,"P"," ","0",0,"P"," ","0",0,"P"," ","0",0,"P"," ","0",0,"P"," ","0",0,"P"," ","0",0,"P"," ","0",0,"P"," ","0",0,"P"," ","0",0,"P"," ","0",0,"P"," ","0",0,"P"," ","0",0,"P"," ","0",0,"P"," ","0",0,"P"," ","0",0,"P"," ","0",0,"P"," ","0",0,"P"," ","0"
"790","USC00392565",2000,6,"TMAX",144," "," ","0",178," "," ","0",NA," "," "," ",289," "," ","0",183," "," ","0",NA," "," "," ",339," "," ","0",317," "," ","0",361," "," ","0",300," "," ","0",NA," "," "," ",NA," "," "," ",289," "," ","0",289," "," ","0",217," "," ","0",172," "," ","0",150," "," ","0",183," "," ","0",278," "," ","0",256," "," ","0",139," "," ","0",250," "," ","0",322," "," ","0",294," "," ","0",256," "," ","0",189," "," ","0",NA," "," "," ",NA," "," "," ",NA," "," "," ",261," "," ","0",NA," "," "," "
"791","USC00392565",2000,6,"TMIN",28," "," ","0",6," "," ","0",NA," "," "," ",83," "," ","0",61," "," ","0",NA," "," "," ",128," "," ","0",172," "," ","0",144," "," ","0",89," "," ","0",NA," "," "," ",NA," "," "," ",128," "," ","0",122," "," ","0",78," "," ","0",67," "," ","0",6," "," ","0",6," "," ","0",139," "," ","0",89," "," ","0",56," "," ","0",111," ","I","0",117," "," ","0",94," "," ","0",122," "," ","0",44," "," ","0",NA," "," "," ",NA," "," "," ",NA," "," "," ",33," "," ","0",NA," "," "," "
"792","USC00392565",2000,6,"TOBS",67," "," ","0",78," "," ","0",NA," "," "," ",128," "," ","0",106," "," ","0",NA," "," "," ",300," "," ","0",228," "," ","0",228," "," ","0",117," "," ","0",NA," "," "," ",NA," "," "," ",172," "," ","0",128," "," ","0",167," "," ","0",78," "," ","0",106," "," ","0",150," "," ","0",200," "," ","0",89," "," ","0",100," ","I","0",233," "," ","0",183," "," ","0",117," "," ","0",167," "," ","0",61," "," ","0",NA," "," "," ",NA," "," "," ",NA," "," "," ",233," "," ","0",NA," "," "," "
"793","USC00392565",2000,6,"PRCP",0,"T"," ","0",0," "," ","0",0," "," ","0",0," "," ","0",0," "," ","0",0," "," ","0",0," "," ","0",0," "," ","0",0," "," ","0",0," "," ","0",0," "," ","0",0," "," ","0",0," "," ","0",0," "," ","0",13," "," ","0",30," "," ","0",0," "," ","0",0," "," ","0",0," "," ","0",58," "," ","0",23," "," ","0",0," "," ","0",0," "," ","0",318," "," ","0",0," "," ","0",0," "," ","0",NA," "," "," ",NA," "," "," ",NA," "," "," ",0,"P"," ","0",NA," "," "," "
"794","USC00392565",2000,6,"SNOW",0,"P"," ","0",0,"P"," ","0",0,"P"," ","0",0,"P"," ","0",0,"P"," ","0",0,"P"," ","0",0,"P"," ","0",0,"P"," ","0",0,"P"," ","0",0,"P"," ","0",0,"P"," ","0",0,"P"," ","0",0,"P"," ","0",0,"P"," ","0",0,"P"," ","0",0,"P"," ","0",0,"P"," ","0",0,"P"," ","0",0,"P"," ","0",0,"P"," ","0",0,"P"," ","0",0,"P"," ","0",0,"P"," ","0",0,"P"," ","0",0,"P"," ","0",0,"P"," ","0",0,"P"," ","0",0,"P"," ","0",0,"P"," ","0",0,"P"," ","0",NA," "," "," "
"795","USC00392565",2000,6,"SNWD",0,"P"," ","0",0,"P"," ","0",0,"P"," ","0",0,"P"," ","0",0,"P"," ","0",0,"P"," ","0",0,"P"," ","0",0,"P"," ","0",0,"P"," ","0",0,"P"," ","0",0,"P"," ","0",0,"P"," ","0",0,"P"," ","0",0,"P"," ","0",0,"P"," ","0",0,"P"," ","0",0,"P"," ","0",0,"P"," ","0",0,"P"," ","0",0,"P"," ","0",0,"P"," ","0",0,"P"," ","0",0,"P"," ","0",0,"P"," ","0",0,"P"," ","0",0,"P"," ","0",0,"P"," ","0",0,"P"," ","0",0,"P"," ","0",0,"P"," ","0",NA," "," "," "
"796","USC00392565",2000,6,"DAPR",NA," "," "," ",NA," "," "," ",NA," "," "," ",NA," "," "," ",NA," "," "," ",NA," "," "," ",NA," "," "," ",NA," "," "," ",NA," "," "," ",NA," "," "," ",NA," "," "," ",NA," "," "," ",NA," "," "," ",NA," "," "," ",NA," "," "," ",NA," "," "," ",NA," "," "," ",NA," "," "," ",NA," "," "," ",NA," "," "," ",NA," "," "," ",NA," "," "," ",NA," "," "," ",NA," "," "," ",NA," "," "," ",NA," "," "," ",NA," "," "," ",NA," "," "," ",3," "," ","0",NA," "," "," ",NA," "," "," "
"797","USC00392565",2000,6,"MDPR",NA," "," "," ",NA," "," "," ",NA," "," "," ",NA," "," "," ",NA," "," "," ",NA," "," "," ",NA," "," "," ",NA," "," "," ",NA," "," "," ",NA," "," "," ",NA," "," "," ",NA," "," "," ",NA," "," "," ",NA," "," "," ",NA," "," "," ",NA," "," "," ",NA," "," "," ",NA," "," "," ",NA," "," "," ",NA," "," "," ",NA," "," "," ",NA," "," "," ",NA," "," "," ",NA," "," "," ",NA," "," "," ",NA," "," "," ",NA," "," "," ",NA," "," "," ",160," "," ","0",NA," "," "," ",NA," "," "," "
"798","USC00392565",2000,7,"TMAX",311," "," ","0",322," "," ","0",317," "," ","0",294," "," ","0",306," "," ","0",289," "," ","0",322," "," ","0",306," "," ","0",322," "," ","0",283," "," ","0",289," "," ","0",289," "," ","0",333," "," ","0",NA," "," "," ",372," "," ","0",350," "," ","0",NA," "," "," ",NA," "," "," ",283," "," ","0",283," "," ","0",311," "," ","0",272," "," ","0",300," "," ","0",333," "," ","0",328," "," ","0",311," "," ","0",306," "," ","0",322," "," ","0",306," "," ","0",306," "," ","0",322," "," ","0"
"799","USC00392565",2000,7,"TMIN",150," "," ","0",128," "," ","0",183," "," ","0",161," "," ","0",172," "," ","0",167," "," ","0",156," "," ","0",183," "," ","0",167," "," ","0",178," "," ","0",139," "," ","0",156," "," ","0",167," "," ","0",NA," "," "," ",178," "," ","0",NA," "," "," ",133," "," ","0",NA," "," "," ",106," "," ","0",111," "," ","0",111," "," ","0",94," "," ","0",156," "," ","0",183," "," ","0",128," "," ","0",183," "," ","0",144," "," ","0",133," "," ","0",161," "," ","0",156," "," ","0",NA," "," "," "
"800","USC00392565",2000,7,"TOBS",239," "," ","0",211," "," ","0",217," "," ","0",172," "," ","0",206," "," ","0",200," "," ","0",183," "," ","0",239," "," ","0",200," "," ","0",189," "," ","0",178," "," ","0",217," "," ","0",239," "," ","0",NA," "," "," ",256," "," ","0",NA," "," "," ",161," "," ","0",183," "," ","0",189," "," ","0",161," "," ","0",161," "," ","0",211," "," ","0",244," "," ","0",228," "," ","0",189," "," ","0",200," "," ","0",161," "," ","0",183," "," ","0",272," "," ","0",206," "," ","0",NA," "," "," "
"801","USC00392565",2000,7,"PRCP",0," "," ","0",0," "," ","0",0,"T"," ","0",0," "," ","0",0," "," ","0",180," "," ","0",0," "," ","0",0," "," ","0",36," "," ","0",0," "," ","0",58," "," ","0",0,"P"," ","0",0," "," ","0",0," "," ","0",38," "," ","0",0," "," ","0",0," "," ","0",8," "," ","0",79," "," ","0",0," "," ","0",0,"T"," ","0",36," "," ","0",0," "," ","0",0," "," ","0",0," "," ","0",0," "," ","0",64," "," ","0",15," "," ","0",0," "," ","0",71," "," ","0",0," "," ","0"
"802","USC00392565",2000,7,"SNOW",0,"P"," ","0",0,"P"," ","0",0,"P"," ","0",0,"P"," ","0",0,"P"," ","0",0,"P"," ","0",0,"P"," ","0",0,"P"," ","0",0,"P"," ","0",0,"P"," ","0",0,"P"," ","0",0,"P"," ","0",0,"P"," ","0",0,"P"," ","0",0,"P"," ","0",0,"P"," ","0",0,"P"," ","0",NA," "," "," ",0,"P"," ","0",0,"P"," ","0",0,"P"," ","0",0,"P"," ","0",0,"P"," ","0",0,"P"," ","0",0,"P"," ","0",0,"P"," ","0",0,"P"," ","0",0,"P"," ","0",0,"P"," ","0",0,"P"," ","0",0,"P"," ","0"
"803","USC00392565",2000,7,"SNWD",NA," "," "," ",NA," "," "," ",NA," "," "," ",0,"P"," ","0",0,"P"," ","0",0,"P"," ","0",0,"P"," ","0",0,"P"," ","0",0,"P"," ","0",0,"P"," ","0",0,"P"," ","0",0,"P"," ","0",0,"P"," ","0",0,"P"," ","0",0,"P"," ","0",0,"P"," ","0",0,"P"," ","0",0,"P"," ","0",0,"P"," ","0",0,"P"," ","0",0,"P"," ","0",0,"P"," ","0",0,"P"," ","0",0,"P"," ","0",0,"P"," ","0",0,"P"," ","0",0,"P"," ","0",0,"P"," ","0",0,"P"," ","0",0,"P"," ","0",0,"P"," ","0"
"804","USC00392565",2000,8,"TMAX",350," "," ","0",317," "," ","0",317," "," ","0",NA," "," "," ",NA," "," "," ",NA," "," "," ",NA," "," "," ",NA," "," "," ",NA," "," "," ",NA," "," "," ",361," "," ","0",361," "," ","0",311," "," ","0",344," "," ","0",344," "," ","0",278," "," ","0",300," "," ","0",300," "," ","0",278," "," ","0",322," "," ","0",317," "," ","0",267," "," ","0",NA," "," "," ",328," "," ","0",350," "," ","0",333," "," ","0",339," "," ","0",317," "," ","0",NA," "," "," ",322," "," ","0",322," "," ","0"
"805","USC00392565",2000,8,"TMIN",156," "," ","0",178," "," ","0",139," "," ","0",NA," "," "," ",NA," "," "," ",NA," "," "," ",NA," "," "," ",NA," "," "," ",NA," "," "," ",NA," "," "," ",106," "," ","0",106," "," ","0",194," "," ","0",139," "," ","0",183," "," ","0",172," "," ","0",83," "," ","0",83," "," ","0",128," "," ","0",150," "," ","0",117," "," ","0",139," "," ","0",NA," "," "," ",144," "," ","0",144," "," ","0",144," "," ","0",161," "," ","0",128," "," ","0",NA," "," "," ",150," "," ","0",122," "," ","0"
"806","USC00392565",2000,8,"TOBS",194," "," ","0",194," "," ","0",161," "," ","0",NA," "," "," ",NA," "," "," ",NA," "," "," ",NA," "," "," ",NA," "," "," ",NA," "," "," ",NA," "," "," ",356," "," ","0",194," "," ","0",222," "," ","0",228," "," ","0",189," "," ","0",194," "," ","0",144," "," ","0",161," "," ","0",161," "," ","0",178," "," ","0",144," "," ","0",161," "," ","0",NA," "," "," ",200," "," ","0",144," "," ","0",217," "," ","0",183," "," ","0",194," "," ","0",NA," "," "," ",172," "," ","0",128," "," ","0"
"807","USC00392565",2000,8,"PRCP",20," "," ","0",5," "," ","0",89," "," ","0",NA," "," "," ",NA," "," "," ",NA," "," "," ",NA," "," "," ",NA," "," "," ",NA," "," "," ",NA," "," "," ",NA," "," "," ",0," "," ","0",0," "," ","0",0," "," ","0",0," "," ","0",0," "," ","0",0," "," ","0",0," "," ","0",0," "," ","0",0," "," ","0",0," "," ","0",0," "," ","0",0," "," ","0",0," "," ","0",0," "," ","0",0,"T"," ","0",0," "," ","0",0," "," ","0",0," "," ","0",0," "," ","0",15," "," ","0"
"808","USC00392565",2000,8,"SNOW",0,"P"," ","0",0,"P"," ","0",0,"P"," ","0",0,"P"," ","0",0,"P"," ","0",0,"P"," ","0",0,"P"," ","0",0,"P"," ","0",0,"P"," ","0",0,"P"," ","0",0,"P"," ","0",0,"P"," ","0",0,"P"," ","0",0,"P"," ","0",0,"P"," ","0",0,"P"," ","0",0,"P"," ","0",0,"P"," ","0",0,"P"," ","0",0,"P"," ","0",0,"P"," ","0",0,"P"," ","0",0,"P"," ","0",0,"P"," ","0",0,"P"," ","0",0,"P"," ","0",0,"P"," ","0",0,"P"," ","0",0,"P"," ","0",0,"P"," ","0",0,"P"," ","0"
"809","USC00392565",2000,8,"SNWD",0,"P"," ","0",0,"P"," ","0",0,"P"," ","0",0,"P"," ","0",0,"P"," ","0",0,"P"," ","0",0,"P"," ","0",0,"P"," ","0",0,"P"," ","0",0,"P"," ","0",0,"P"," ","0",0,"P"," ","0",0,"P"," ","0",0,"P"," ","0",0,"P"," ","0",0,"P"," ","0",0,"P"," ","0",0,"P"," ","0",0,"P"," ","0",0,"P"," ","0",0,"P"," ","0",0,"P"," ","0",0,"P"," ","0",0,"P"," ","0",0,"P"," ","0",0,"P"," ","0",0,"P"," ","0",0,"P"," ","0",0,"P"," ","0",0,"P"," ","0",0,"P"," ","0"
"810","USC00392565",2000,8,"DAPR",NA," "," "," ",NA," "," "," ",NA," "," "," ",NA," "," "," ",NA," "," "," ",NA," "," "," ",NA," "," "," ",NA," "," "," ",NA," "," "," ",NA," "," "," ",8," "," ","0",NA," "," "," ",NA," "," "," ",NA," "," "," ",NA," "," "," ",NA," "," "," ",NA," "," "," ",NA," "," "," ",NA," "," "," ",NA," "," "," ",NA," "," "," ",NA," "," "," ",NA," "," "," ",NA," "," "," ",NA," "," "," ",NA," "," "," ",NA," "," "," ",NA," "," "," ",NA," "," "," ",NA," "," "," ",NA," "," "," "
"811","USC00392565",2000,8,"MDPR",NA," "," "," ",NA," "," "," ",NA," "," "," ",NA," "," "," ",NA," "," "," ",NA," "," "," ",NA," "," "," ",NA," "," "," ",NA," "," "," ",NA," "," "," ",91," "," ","0",NA," "," "," ",NA," "," "," ",NA," "," "," ",NA," "," "," ",NA," "," "," ",NA," "," "," ",NA," "," "," ",NA," "," "," ",NA," "," "," ",NA," "," "," ",NA," "," "," ",NA," "," "," ",NA," "," "," ",NA," "," "," ",NA," "," "," ",NA," "," "," ",NA," "," "," ",NA," "," "," ",NA," "," "," ",NA," "," "," "
"812","USC00392565",2000,9,"TMAX",NA," "," "," ",294," "," ","0",283," "," ","0",306," "," ","0",311," "," ","0",339," "," ","0",289," "," ","0",244," "," ","0",300," "," ","0",217," "," ","0",294," "," ","0",211," "," ","0",278," "," ","0",294," "," ","0",256," "," ","0",328," "," ","0",333," "," ","0",333," "," ","0",294," "," ","0",167," "," ","0",128," "," ","0",183," "," ","0",44," "," ","0",6," "," ","0",89," "," ","0",167," "," ","0",211," "," ","0",233," "," ","0",256," "," ","0",267," "," ","0",NA," "," "," "
"813","USC00392565",2000,9,"TMIN",NA," "," "," ",122," "," ","0",100," "," ","0",172," "," ","0",172," "," ","0",133," "," ","0",22," "," ","0",78," "," ","0",133," ","I","0",72," "," ","0",72," "," ","0",78," "," ","0",78," "," ","0",100," "," ","0",122," "," ","0",144," "," ","0",189," "," ","0",128," "," ","0",117," "," ","0",39," "," ","0",39," "," ","0",33," "," ","0",-17," "," ","0",-17," "," ","0",-28," "," ","0",-28," "," ","0",11," "," ","0",33," "," ","0",61," "," ","0",56," "," ","0",NA," "," "," "
"814","USC00392565",2000,9,"TOBS",NA," "," "," ",183," "," ","0",217," "," ","0",194," "," ","0",200," "," ","0",161," "," ","0",100," "," ","0",111," ","I","0",178," "," ","0",156," "," ","0",122," "," ","0",89," "," ","0",161," "," ","0",133," "," ","0",144," "," ","0",283," "," ","0",194," "," ","0",133," "," ","0",117," "," ","0",56," "," ","0",72," "," ","0",33," "," ","0",-17," "," ","0",-11," "," ","0",-28," "," ","0",11," "," ","0",33," "," ","0",67," "," ","0",94," "," ","0",94," "," ","0",NA," "," "," "
"815","USC00392565",2000,9,"PRCP",0," "," ","0",20," "," ","0",0," "," ","0",0," "," ","0",0," "," ","0",0," "," ","0",0," "," ","0",0," "," ","0",0," "," ","0",0," "," ","0",0," "," ","0",0," "," ","0",0," "," ","0",0," "," ","0",0," "," ","0",0," "," ","0",0," "," ","0",0," "," ","0",18," "," ","0",0," "," ","0",0," "," ","0",48," "," ","0",112," "," ","0",0," "," ","0",0," "," ","0",0," "," ","0",0," "," ","0",0," "," ","0",0," "," ","0",0,"P"," ","0",NA," "," "," "
"816","USC00392565",2000,9,"SNOW",0,"P"," ","0",0,"P"," ","0",0,"P"," ","0",0,"P"," ","0",0,"P"," ","0",0,"P"," ","0",0,"P"," ","0",0,"P"," ","0",0,"P"," ","0",0,"P"," ","0",0,"P"," ","0",0,"P"," ","0",0,"P"," ","0",0,"P"," ","0",0,"P"," ","0",0,"P"," ","0",0,"P"," ","0",0,"P"," ","0",0,"P"," ","0",0,"P"," ","0",0,"P"," ","0",0,"P"," ","0",76," "," ","0",0,"P"," ","0",0,"P"," ","0",0,"P"," ","0",0,"P"," ","0",0,"P"," ","0",0,"P"," ","0",0,"P"," ","0",NA," "," "," "
"817","USC00392565",2000,9,"SNWD",0,"P"," ","0",0,"P"," ","0",0,"P"," ","0",0,"P"," ","0",0,"P"," ","0",0,"P"," ","0",0,"P"," ","0",0,"P"," ","0",0,"P"," ","0",0,"P"," ","0",0,"P"," ","0",0,"P"," ","0",0,"P"," ","0",0,"P"," ","0",0,"P"," ","0",0,"P"," ","0",0,"P"," ","0",0,"P"," ","0",0,"P"," ","0",0,"P"," ","0",0,"P"," ","0",0,"P"," ","0",76," "," ","0",NA," "," "," ",NA," "," "," ",NA," "," "," ",NA," "," "," ",0,"P"," ","0",0,"P"," ","0",0,"P"," ","0",NA," "," "," "
"818","USC00392565",2000,10,"TMAX",222," "," ","0",NA," "," "," ",206," "," ","0",117," "," ","0",128," "," ","0",11," "," ","0",28," "," ","0",56," "," ","0",128," "," ","0",183," "," ","0",222," "," ","0",244," "," ","0",183," "," ","0",167," "," ","0",133," "," ","0",150," "," ","0",172," "," ","0",206," "," ","0",239," "," ","0",217," "," ","0",183," "," ","0",244," "," ","0",244," "," ","0",150," "," ","0",172," "," ","0",167," "," ","0",133," "," ","0",128," "," ","0",156," "," ","0",133," "," ","0",167," "," ","0"
"819","USC00392565",2000,10,"TMIN",72," "," ","0",33," "," ","0",61," ","I","0",17," "," ","0",11," "," ","0",-94," "," ","0",-94," "," ","0",-83," "," ","0",-39," "," ","0",22," "," ","0",28," "," ","0",28," "," ","0",11," "," ","0",-17," "," ","0",-17," "," ","0",-22," "," ","0",6," ","I","0",17," "," ","0",17," "," ","0",6," "," ","0",17," "," ","0",50," "," ","0",0," "," ","0",89," ","I","0",39," "," ","0",56," "," ","0",0," "," ","0",61," "," ","0",89," "," ","0",17," "," ","0",33," "," ","0"
"820","USC00392565",2000,10,"TOBS",161," "," ","0",50," ","I","0",94," "," ","0",44," "," ","0",11," "," ","0",-89," "," ","0",-83," "," ","0",-22," "," ","0",28," "," ","0",50," "," ","0",56," "," ","0",89," "," ","0",17," "," ","0",17," "," ","0",-17," "," ","0",-6," ","I","0",17," "," ","0",39," "," ","0",22," "," ","0",22," "," ","0",67," "," ","0",83," "," ","0",6," ","I","0",122," "," ","0",72," "," ","0",61," "," ","0",61," "," ","0",128," "," ","0",94," "," ","0",50," "," ","0",61," "," ","0"
"821","USC00392565",2000,10,"PRCP",0," "," ","0",41," "," ","0",0," "," ","0",0," "," ","0",76," "," ","0",0," "," ","0",0," "," ","0",0," "," ","0",0," "," ","0",0," "," ","0",0," "," ","0",0," "," ","0",0,"P"," ","0",0,"P"," ","0",0,"P"," ","0",0,"P"," ","0",0,"P"," ","0",0,"P"," ","0",0,"P"," ","0",0,"P"," ","0",0,"P"," ","0",0,"P"," ","0",0,"P"," ","0",0,"P"," ","0",0,"P"," ","0",0,"P"," ","0",0,"P"," ","0",0,"P"," ","0",43," "," ","0",0,"P"," ","0",0,"P"," ","0"
"822","USC00392565",2000,10,"SNOW",0,"P"," ","0",NA," "," "," ",0,"P"," ","0",0,"P"," ","0",0,"P"," ","0",0,"P"," ","0",0,"P"," ","0",0,"P"," ","0",0,"P"," ","0",0,"P"," ","0",0,"P"," ","0",0,"P"," ","0",0,"P"," ","0",0,"P"," ","0",0,"P"," ","0",0,"P"," ","0",0,"P"," ","0",0,"P"," ","0",0,"P"," ","0",0,"P"," ","0",0,"P"," ","0",0,"P"," ","0",0,"P"," ","0",0,"P"," ","0",0,"P"," ","0",0,"P"," ","0",0,"P"," ","0",0,"P"," ","0",0,"P"," ","0",0,"P"," ","0",0,"P"," ","0"
"823","USC00392565",2000,10,"SNWD",0,"P"," ","0",NA," "," "," ",NA," "," "," ",NA," "," "," ",0,"P"," ","0",0,"P"," ","0",0,"P"," ","0",0,"P"," ","0",0,"P"," ","0",0,"P"," ","0",0,"P"," ","0",0,"P"," ","0",0,"P"," ","0",0,"P"," ","0",0,"P"," ","0",0,"P"," ","0",0,"P"," ","0",0,"P"," ","0",0,"P"," ","0",0,"P"," ","0",0,"P"," ","0",0,"P"," ","0",0,"P"," ","0",0,"P"," ","0",0,"P"," ","0",0,"P"," ","0",0,"P"," ","0",0,"P"," ","0",0,"P"," ","0",0,"P"," ","0",0,"P"," ","0"
"824","USC00392565",2000,11,"TMAX",117," "," ","0",28," "," ","0",22," "," ","0",67," "," ","0",117," "," ","0",39," "," ","0",39," "," ","0",-72," "," ","0",22," "," ","0",-67," "," ","0",-83," "," ","0",-100," "," ","0",-72," "," ","0",-50," "," ","0",NA," "," "," ",-11," "," ","0",-83," "," ","0",-44," "," ","0",-11," "," ","0",-6," "," ","0",11," "," ","0",67," "," ","0",56," "," ","0",61," "," ","0",67," "," ","0",39," "," ","0",56," "," ","0",56," "," ","0",-6," "," ","0",22," "," ","0",NA," "," "," "
"825","USC00392565",2000,11,"TMIN",11," "," ","0",-6," "," ","0",-78," "," ","0",-67," "," ","0",-28," "," ","0",-72," "," ","0",-106," "," ","0",-133," "," ","0",-128," ","I","0",-161," "," ","0",-133," "," ","0",-217," "," ","0",-194," "," ","0",-167," "," ","0",NA," "," "," ",-133," "," ","0",-156," "," ","0",-167," "," ","0",-83," "," ","0",-133," "," ","0",-122," "," ","0",-72," "," ","0",-89," "," ","0",-89," "," ","0",-61," "," ","0",-89," "," ","0",-94," "," ","0",-89," "," ","0",-139," "," ","0",-122," "," ","0",NA," "," "," "
"826","USC00392565",2000,11,"TOBS",17," "," ","0",-6," "," ","0",6," "," ","0",-22," "," ","0",17," "," ","0",-67," "," ","0",-100," "," ","0",-139," ","I","0",-72," "," ","0",-117," "," ","0",-133," "," ","0",-194," "," ","0",-139," "," ","0",-117," "," ","0",NA," "," "," ",-133," "," ","0",-83," "," ","0",-83," "," ","0",-44," "," ","0",-117," "," ","0",0," "," ","0",-44," "," ","0",6," "," ","0",-56," "," ","0",-61," "," ","0",-72," "," ","0",-89," "," ","0",-33," "," ","0",-122," "," ","0",17," "," ","0",NA," "," "," "
"827","USC00392565",2000,11,"PRCP",91," "," ","0",46," "," ","0",0,"P"," ","0",0,"P"," ","0",0,"P"," ","0",0,"P"," ","0",0,"P"," ","0",0,"P"," ","0",0,"P"," ","0",56," "," ","0",0,"P"," ","0",30," "," ","0",0,"P"," ","0",0,"P"," ","0",0,"P"," ","0",0,"P"," ","0",0,"P"," ","0",0,"P"," ","0",0,"P"," ","0",0,"P"," ","0",0,"P"," ","0",0,"P"," ","0",0,"P"," ","0",0,"P"," ","0",0,"P"," ","0",0,"P"," ","0",0,"P"," ","0",0,"P"," ","0",0,"P"," ","0",13," "," ","0",NA," "," "," "
"828","USC00392565",2000,11,"SNOW",0,"P"," ","0",0,"P"," ","0",0,"P"," ","0",0,"P"," ","0",0,"P"," ","0",0,"P"," ","0",0,"P"," ","0",0,"P"," ","0",0,"P"," ","0",NA," "," "," ",0,"P"," ","0",NA," "," "," ",0,"P"," ","0",0,"P"," ","0",0,"P"," ","0",0,"P"," ","0",0,"P"," ","0",0,"P"," ","0",0,"P"," ","0",0,"P"," ","0",0,"P"," ","0",0,"P"," ","0",0,"P"," ","0",0,"P"," ","0",0,"P"," ","0",0,"P"," ","0",0,"P"," ","0",0,"P"," ","0",0,"P"," ","0",NA," "," "," ",NA," "," "," "
"829","USC00392565",2000,11,"SNWD",0,"P"," ","0",0,"P"," ","0",0,"P"," ","0",0,"P"," ","0",0,"P"," ","0",0,"P"," ","0",0,"P"," ","0",0,"P"," ","0",0,"P"," ","0",NA," "," "," ",NA," "," "," ",152," "," ","0",NA," "," "," ",NA," "," "," ",NA," "," "," ",NA," "," "," ",NA," "," "," ",NA," "," "," ",NA," "," "," ",NA," "," "," ",NA," "," "," ",NA," "," "," ",NA," "," "," ",NA," "," "," ",NA," "," "," ",0,"P"," ","0",0,"P"," ","0",0,"P"," ","0",0,"P"," ","0",25," "," ","0",NA," "," "," "
"830","USC00392565",2000,12,"TMAX",17," "," ","0",22," "," ","0",28," "," ","0",67," "," ","0",11," "," ","0",28," "," ","0",67," "," ","0",72," "," ","0",17," "," ","0",67," "," ","0",-156," "," ","0",-156," "," ","0",-122," "," ","0",-94," "," ","0",39," "," ","0",39," "," ","0",-44," "," ","0",39," "," ","0",-56," "," ","0",17," "," ","0",-61," "," ","0",-67," "," ","0",11," "," ","0",-72," "," ","0",-50," "," ","0",-6," "," ","0",17," "," ","0",89," "," ","0",-6," "," ","0",-22," "," ","0",-83," "," ","0"
"831","USC00392565",2000,12,"TMIN",-106," "," ","0",-133," "," ","0",-106," "," ","0",-83," "," ","0",-100," "," ","0",-106," "," ","0",-72," "," ","0",-67," "," ","0",-67," "," ","0",-172," "," ","0",-278," "," ","0",-283," "," ","0",-239," "," ","0",-200," "," ","0",-128," "," ","0",-233," "," ","0",-222," "," ","0",-72," "," ","0",-161," "," ","0",-122," "," ","0",-228," "," ","0",-200," ","I","0",-111," "," ","0",-156," "," ","0",-156," "," ","0",-156," "," ","0",-156," "," ","0",-44," "," ","0",-89," "," ","0",-156," "," ","0",-206," "," ","0"
"832","USC00392565",2000,12,"TOBS",-78," "," ","0",-106," "," ","0",-61," "," ","0",-61," "," ","0",-72," "," ","0",-61," "," ","0",33," "," ","0",-50," "," ","0",-56," "," ","0",-161," "," ","0",-261," "," ","0",-194," "," ","0",-172," "," ","0",-128," "," ","0",-78," "," ","0",-217," "," ","0",-61," "," ","0",-72," "," ","0",-111," "," ","0",-72," "," ","0",-211," ","I","0",-100," "," ","0",-94," "," ","0",-156," "," ","0",-83," "," ","0",-150," "," ","0",-50," "," ","0",-28," "," ","0",-72," "," ","0",-122," "," ","0",-189," "," ","0"
"833","USC00392565",2000,12,"PRCP",0,"P"," ","0",0,"P"," ","0",0,"P"," ","0",0,"P"," ","0",0,"P"," ","0",0,"P"," ","0",0,"P"," ","0",0,"P"," ","0",0,"P"," ","0",58," "," ","0",0,"P"," ","0",13," "," ","0",0,"P"," ","0",0,"P"," ","0",0,"P"," ","0",0,"P"," ","0",0,"P"," ","0",0,"P"," ","0",0,"P"," ","0",0,"P"," ","0",0,"P"," ","0",0,"P"," ","0",0,"P"," ","0",0,"P"," ","0",0,"P"," ","0",0,"P"," ","0",0,"P"," ","0",0,"P"," ","0",0,"P"," ","0",0,"P"," ","0",0,"P"," ","0"
"834","USC00392565",2000,12,"SNOW",0,"P"," ","0",0,"P"," ","0",0,"P"," ","0",0,"P"," ","0",0,"P"," ","0",0,"P"," ","0",0,"P"," ","0",0,"P"," ","0",0,"P"," ","0",NA," "," "," ",0,"P"," ","0",NA," "," "," ",0,"P"," ","0",0,"P"," ","0",0,"P"," ","0",0,"P"," ","0",0,"P"," ","0",0,"P"," ","0",0,"P"," ","0",0,"P"," ","0",0,"P"," ","0",0,"P"," ","0",0,"P"," ","0",0,"P"," ","0",0,"P"," ","0",0,"P"," ","0",0,"P"," ","0",0,"P"," ","0",0,"P"," ","0",0,"P"," ","0",0,"P"," ","0"
"835","USC00392565",2000,12,"SNWD",NA," "," "," ",NA," "," "," ",NA," "," "," ",NA," "," "," ",NA," "," "," ",NA," "," "," ",NA," "," "," ",0,"P"," ","0",0,"P"," ","0",127," "," ","0",NA," "," "," ",76," "," ","0",NA," "," "," ",NA," "," "," ",NA," "," "," ",NA," "," "," ",NA," "," "," ",NA," "," "," ",NA," "," "," ",NA," "," "," ",NA," "," "," ",NA," "," "," ",NA," "," "," ",NA," "," "," ",NA," "," "," ",NA," "," "," ",NA," "," "," ",NA," "," "," ",NA," "," "," ",NA," "," "," ",NA," "," "," "
"836","USC00392565",2001,1,"TMAX",-50," "," ","0",-22," "," ","0",22," "," ","0",72," "," ","0",94," "," ","0",111," "," ","0",44," "," ","0",6," "," ","0",78," "," ","0",100," "," ","0",67," "," ","0",72," "," ","0",139," "," ","0",139," "," ","0",-28," "," ","0",-17," "," ","0",-33," "," ","0",22," "," ","0",-17," "," ","0",11," "," ","0",33," "," ","0",50," "," ","0",56," "," ","0",56," "," ","0",39," "," ","0",67," "," ","0",-11," "," ","0",50," "," ","0",0," "," ","0",17," "," ","0",22," "," ","0"
"837","USC00392565",2001,1,"TMIN",-206," "," ","0",-206," "," ","0",-100," "," ","0",-44," "," ","0",-72," "," ","0",-56," "," ","0",-33," "," ","0",-117," "," ","0",-100," "," ","0",-83," "," ","0",-56," "," ","0",-44," ","I","0",-50," "," ","0",-83," "," ","0",-117," "," ","0",-156," "," ","0",-156," "," ","0",-156," "," ","0",-178," "," ","0",-100," ","I","0",-100," "," ","0",-106," "," ","0",-100," "," ","0",-122," "," ","0",-72," "," ","0",-72," "," ","0",-144," "," ","0",-100," "," ","0",-61," "," ","0",-56," "," ","0",-128," "," ","0"
"838","USC00392565",2001,1,"TOBS",-133," "," ","0",-33," "," ","0",-33," "," ","0",44," "," ","0",-56," "," ","0",22," "," ","0",-33," "," ","0",-100," "," ","0",-67," "," ","0",6," "," ","0",-56," ","I","0",-22," "," ","0",-44," "," ","0",-72," "," ","0",-94," "," ","0",-156," "," ","0",-150," "," ","0",-61," "," ","0",-172," ","I","0",-6," "," ","0",-100," "," ","0",-78," "," ","0",-89," "," ","0",NA," "," "," ",-39," "," ","0",-72," "," ","0",-94," "," ","0",-44," "," ","0",-56," "," ","0",-17," "," ","0",-56," "," ","0"
"839","USC00392565",2001,2,"TMAX",0," "," ","0",-44," "," ","0",50," "," ","0",28," "," ","0",50," "," ","0",50," "," ","0",28," "," ","0",-94," "," ","0",-117," "," ","0",-78," "," ","0",-6," "," ","0",-6," "," ","0",50," "," ","0",-56," "," ","0",-89," "," ","0",-17," "," ","0",-100," "," ","0",-28," "," ","0",67," "," ","0",61," "," ","0",-50," "," ","0",39," "," ","0",33," "," ","0",-17," "," ","0",-22," "," ","0",22," "," ","0",-61," "," ","0",-67," "," ","0",NA," "," "," ",NA," "," "," ",NA," "," "," "
"840","USC00392565",2001,2,"TMIN",-183," "," ","0",-106," "," ","0",-106," "," ","0",-78," "," ","0",-78," "," ","0",-83," "," ","0",-100," "," ","0",-189," "," ","0",-283," "," ","0",-272," "," ","0",-117," "," ","0",-172," "," ","0",-161," "," ","0",-100," ","I","0",-200," "," ","0",-206," "," ","0",-206," "," ","0",-117," "," ","0",-72," "," ","0",-50," ","I","0",-89," "," ","0",-100," "," ","0",-33," ","I","0",-39," "," ","0",-161," "," ","0",-100," ","I","0",-133," "," ","0",-167," "," ","0",NA," "," "," ",NA," "," "," ",NA," "," "," "
"841","USC00392565",2001,2,"TOBS",-100," "," ","0",-61," "," ","0",-6," "," ","0",-67," "," ","0",33," "," ","0",-39," "," ","0",-94," "," ","0",-156," "," ","0",-272," "," ","0",-94," "," ","0",-89," "," ","0",-156," "," ","0",-56," "," ","0",-167," ","I","0",-161," "," ","0",-206," "," ","0",-122," "," ","0",-61," "," ","0",-61," ","I","0",-50," "," ","0",-61," "," ","0",-72," ","I","0",-33," "," ","0",-28," "," ","0",-133," ","I","0",-100," "," ","0",-128," "," ","0",-133," ","I","0",NA," "," "," ",NA," "," "," ",NA," "," "," "
"842","USC00392565",2001,2,"PRCP",0,"P"," ","0",0,"P"," ","0",0,"P"," ","0",0,"P"," ","0",0,"P"," ","0",0,"P"," ","0",NA," "," "," ",84," "," ","0",0,"P"," ","0",0,"P"," ","0",0,"P"," ","0",0,"P"," ","0",0,"P"," ","0",41," "," ","0",0,"P"," ","0",0,"P"," ","0",0,"P"," ","0",0,"P"," ","0",0,"P"," ","0",3," "," ","0",0,"P"," ","0",NA," "," "," ",0,"P"," ","0",0,"P"," ","0",NA," "," "," ",0,"P"," ","0",8," "," ","0",0,"P"," ","0",NA," "," "," ",NA," "," "," ",NA," "," "," "
"843","USC00392565",2001,2,"SNOW",0,"P"," ","0",0,"P"," ","0",0,"P"," ","0",0,"P"," ","0",0,"P"," ","0",0,"P"," ","0",NA," "," "," ",NA," "," "," ",0,"P"," ","0",0,"P"," ","0",0,"P"," ","0",0,"P"," ","0",0,"P"," ","0",NA," "," "," ",0,"P"," ","0",0,"P"," ","0",0,"P"," ","0",0,"P"," ","0",0,"P"," ","0",NA," "," "," ",0,"P"," ","0",NA," "," "," ",0,"P"," ","0",0,"P"," ","0",NA," "," "," ",0,"P"," ","0",NA," "," "," ",0,"P"," ","0",NA," "," "," ",NA," "," "," ",NA," "," "," "
"844","USC00392565",2001,2,"SNWD",0,"P"," ","0",0,"P"," ","0",0,"P"," ","0",0,"P"," ","0",0,"P"," ","0",0,"P"," ","0",102," "," ","0",51," "," ","0",NA," "," "," ",NA," "," "," ",NA," "," "," ",NA," "," "," ",NA," "," "," ",NA," "," "," ",NA," "," "," ",NA," "," "," ",NA," "," "," ",NA," "," "," ",NA," "," "," ",0,"T"," ","0",0,"P"," ","0",0,"T"," ","0",0,"P"," ","0",0,"P"," ","0",0,"T"," ","0",0,"P"," ","0",25," "," ","0",NA," "," "," ",NA," "," "," ",NA," "," "," ",NA," "," "," "
"845","USC00392565",2001,3,"TMAX",39," "," ","0",44," "," ","0",67," "," ","0",44," "," ","0",61," "," ","0",94," "," ","0",117," "," ","0",106," "," ","0",133," "," ","0",133," "," ","0",0," "," ","0",0," "," ","0",78," "," ","0",100," "," ","0",44," "," ","0",28," "," ","0",NA," "," "," ",67," "," ","0",83," "," ","0",117," "," ","0",117," "," ","0",133," "," ","0",144," "," ","0",0," "," ","0",NA," "," "," ",0," "," ","0",22," "," ","0",44," "," ","0",83," "," ","0",100," "," ","0",89," "," ","0"
"846","USC00392565",2001,3,"TMIN",-100," ","I","0",-100," "," ","0",-89," "," ","0",-78," "," ","0",-67," "," ","0",-50," "," ","0",-33," "," ","0",-44," "," ","0",-44," "," ","0",-11," "," ","0",-44," "," ","0",-39," "," ","0",-39," "," ","0",-33," "," ","0",-50," "," ","0",-83," "," ","0",NA," "," "," ",-67," "," ","0",-50," "," ","0",0," "," ","0",-6," "," ","0",-11," "," ","0",-22," "," ","0",-56," "," ","0",NA," "," "," ",-56," "," ","0",-17," "," ","0",-50," "," ","0",-28," "," ","0",-22," "," ","0",-72," "," ","0"
"847","USC00392565",2001,3,"TOBS",-33," "," ","0",-17," "," ","0",-44," "," ","0",22," "," ","0",22," "," ","0",11," "," ","0",0," "," ","0",6," "," ","0",0," "," ","0",-6," "," ","0",-33," "," ","0",-17," "," ","0",17," "," ","0",33," "," ","0",-50," "," ","0",-39," "," ","0",NA," "," "," ",22," "," ","0",50," "," ","0",50," "," ","0",28," "," ","0",11," "," ","0",-11," "," ","0",-56," "," ","0",NA," "," "," ",-17," "," ","0",0," "," ","0",0," "," ","0",39," "," ","0",44," "," ","0",-33," "," ","0"
"848","USC00392565",2001,3,"PRCP",0,"P"," ","0",0,"P"," ","0",0,"P"," ","0",0,"P"," ","0",0,"P"," ","0",0,"P"," ","0",0,"P"," ","0",0,"P"," ","0",0,"P"," ","0",NA," "," "," ",NA," "," "," ",97," "," ","0",0,"P"," ","0",0,"P"," ","0",61," "," ","0",0,"P"," ","0",0,"P"," ","0",0,"P"," ","0",0,"P"," ","0",0,"P"," ","0",0,"P"," ","0",36," "," ","0",0,"P"," ","0",0,"P"," ","0",0,"P"," ","0",0,"P"," ","0",0,"P"," ","0",20," "," ","0",0,"P"," ","0",0,"P"," ","0",0,"P"," ","0"
"849","USC00392565",2001,3,"SNOW",0,"P"," ","0",0,"P"," ","0",0,"P"," ","0",0,"P"," ","0",0,"P"," ","0",0,"P"," ","0",0,"P"," ","0",0,"P"," ","0",0,"P"," ","0",NA," "," "," ",0,"P"," ","0",NA," "," "," ",0,"P"," ","0",0,"P"," ","0",0," "," ","0",0,"P"," ","0",0,"P"," ","0",0,"P"," ","0",0,"P"," ","0",0,"P"," ","0",0,"P"," ","0",0,"P"," ","0",0,"P"," ","0",0,"P"," ","0",0,"P"," ","0",0,"P"," ","0",0,"P"," ","0",0,"P"," ","0",0,"P"," ","0",0,"P"," ","0",0,"P"," ","0"
"850","USC00392565",2001,3,"SNWD",0,"P"," ","0",0,"P"," ","0",0,"P"," ","0",0,"P"," ","0",0,"P"," ","0",0,"P"," ","0",0,"P"," ","0",0,"P"," ","0",0,"P"," ","0",0,"T"," ","0",0,"T"," ","0",51," "," ","0",NA," "," "," ",NA," "," "," ",51," "," ","0",NA," "," "," ",NA," "," "," ",NA," "," "," ",NA," "," "," ",0,"P"," ","0",0,"P"," ","0",0,"P"," ","0",0,"P"," ","0",0,"P"," ","0",0,"P"," ","0",0,"P"," ","0",0,"P"," ","0",0,"P"," ","0",0,"P"," ","0",0,"P"," ","0",0,"P"," ","0"
"851","USC00392565",2001,4,"TMAX",56," "," ","0",122," "," ","0",44," "," ","0",122," "," ","0",133," "," ","0",133," "," ","0",89," "," ","0",117," "," ","0",128," "," ","0",106," "," ","0",72," "," ","0",72," "," ","0",106," "," ","0",NA," "," "," ",NA," "," "," ",128," "," ","0",78," "," ","0",150," "," ","0",261," "," ","0",233," "," ","0",139," "," ","0",78," "," ","0",22," "," ","0",100," "," ","0",161," "," ","0",NA," "," "," ",NA," "," "," ",NA," "," "," ",267," "," ","0",217," "," ","0",NA," "," "," "
"852","USC00392565",2001,4,"TMIN",-33," "," ","0",-17," "," ","0",-11," "," ","0",28," "," ","0",44," "," ","0",50," "," ","0",44," "," ","0",28," "," ","0",-28," "," ","0",-22," "," ","0",-11," "," ","0",-61," "," ","0",-28," "," ","0",NA," "," "," ",NA," "," "," ",-33," "," ","0",-44," "," ","0",-33," "," ","0",56," "," ","0",6," "," ","0",17," "," ","0",-11," "," ","0",-67," "," ","0",-11," "," ","0",17," "," ","0",NA," "," "," ",NA," "," "," ",NA," "," "," ",44," "," ","0",39," "," ","0",NA," "," "," "
"853","USC00392565",2001,4,"TOBS",50," "," ","0",50," "," ","0",28," "," ","0",39," "," ","0",56," "," ","0",72," "," ","0",56," "," ","0",39," "," ","0",11," "," ","0",-17," "," ","0",39," "," ","0",-33," "," ","0",6," "," ","0",NA," "," "," ",NA," "," "," ",72," "," ","0",78," "," ","0",122," "," ","0",89," "," ","0",44," "," ","0",22," "," ","0",-6," "," ","0",17," "," ","0",28," "," ","0",94," "," ","0",NA," "," "," ",NA," "," "," ",NA," "," "," ",156," "," ","0",94," "," ","0",NA," "," "," "
"854","USC00392565",2001,4,"PRCP",0,"P"," ","0",0,"P"," ","0",76," "," ","0",20," "," ","0",0,"P"," ","0",13," "," ","0",8," "," ","0",5," "," ","0",38," "," ","0",0,"P"," ","0",0,"P"," ","0",0,"P"," ","0",0,"P"," ","0",0,"P"," ","0",0,"P"," ","0",0,"P"," ","0",0,"P"," ","0",0,"P"," ","0",0,"P"," ","0",0,"P"," ","0",30," "," ","0",259," "," ","0",38," "," ","0",0,"P"," ","0",0,"P"," ","0",NA," "," "," ",NA," "," "," ",NA," "," "," ",15," "," ","0",0,"P"," ","0",NA," "," "," "
"855","USC00392565",2001,4,"SNOW",0,"P"," ","0",0,"P"," ","0",0,"P"," ","0",0,"P"," ","0",0,"P"," ","0",0,"P"," ","0",0,"P"," ","0",0,"P"," ","0",0,"P"," ","0",0,"P"," ","0",0,"P"," ","0",0,"P"," ","0",0,"P"," ","0",0,"P"," ","0",0,"P"," ","0",0,"P"," ","0",0,"P"," ","0",0,"P"," ","0",0,"P"," ","0",0,"P"," ","0",0,"P"," ","0",NA," "," "," ",0,"P"," ","0",0,"P"," ","0",0,"P"," ","0",0,"P"," ","0",0,"P"," ","0",0,"P"," ","0",0,"P"," ","0",0,"P"," ","0",NA," "," "," "
"856","USC00392565",2001,4,"SNWD",0,"P"," ","0",0,"P"," ","0",0,"P"," ","0",0,"P"," ","0",0,"P"," ","0",0,"P"," ","0",0,"P"," ","0",0,"P"," ","0",0,"P"," ","0",0,"P"," ","0",0,"P"," ","0",0,"P"," ","0",0,"P"," ","0",0,"P"," ","0",0,"P"," ","0",0,"P"," ","0",0,"P"," ","0",0,"P"," ","0",0,"P"," ","0",0,"P"," ","0",0,"P"," ","0",305," "," ","0",NA," "," "," ",NA," "," "," ",NA," "," "," ",NA," "," "," ",NA," "," "," ",NA," "," "," ",NA," "," "," ",NA," "," "," ",NA," "," "," "
"857","USC00392565",2001,5,"TMAX",217," "," ","0",167," "," ","0",122," "," ","0",111," "," ","0",133," "," ","0",128," "," ","0",117," "," ","0",161," "," ","0",NA," "," "," ",233," "," ","0",189," "," ","0",217," "," ","0",317," "," ","0",283," "," ","0",NA," "," "," ",256," "," ","0",NA," "," "," ",NA," "," "," ",244," "," ","0",222," "," ","0",117," "," ","0",NA," "," "," ",NA," "," "," ",NA," "," "," ",NA," "," "," ",200," "," ","0",244," "," ","0",228," "," ","0",239," "," ","0",194," "," ","0",194," "," ","0"
"858","USC00392565",2001,5,"TMIN",39," "," ","0",-6," "," ","0",39," ","I","0",44," "," ","0",11," "," ","0",33," "," ","0",-22," "," ","0",17," "," ","0",NA," "," "," ",50," "," ","0",22," "," ","0",33," "," ","0",106," "," ","0",111," "," ","0",NA," "," "," ",94," "," ","0",NA," "," "," ",NA," "," "," ",44," "," ","0",100," "," ","0",11," "," ","0",NA," "," "," ",NA," "," "," ",NA," "," "," ",NA," "," "," ",-11," "," ","0",-11," "," ","0",89," "," ","0",122," "," ","0",78," "," ","0",83," "," ","0"
"859","USC00392565",2001,5,"TOBS",89," "," ","0",0," ","I","0",72," "," ","0",106," "," ","0",50," "," ","0",50," "," ","0",61," "," ","0",117," "," ","0",NA," "," "," ",106," "," ","0",94," "," ","0",133," "," ","0",156," "," ","0",172," "," ","0",NA," "," "," ",106," "," ","0",NA," "," "," ",NA," "," "," ",117," "," ","0",111," "," ","0",28," "," ","0",NA," "," "," ",NA," "," "," ",NA," "," "," ",NA," "," "," ",150," "," ","0",144," "," ","0",206," "," ","0",139," "," ","0",83," "," ","0",122," "," ","0"
"860","USC00392565",2001,5,"PRCP",0,"P"," ","0",0,"P"," ","0",0,"P"," ","0",0,"T"," ","0",0,"P"," ","0",160," "," ","0",0,"P"," ","0",0,"P"," ","0",NA," "," "," ",13," "," ","0",0,"P"," ","0",0,"P"," ","0",0,"P"," ","0",0,"P"," ","0",NA," "," "," ",18," "," ","0",0,"P"," ","0",0,"P"," ","0",0,"P"," ","0",0,"P"," ","0",0,"P"," ","0",0,"P"," ","0",0,"P"," ","0",0,"P"," ","0",0,"P"," ","0",0," "," ","0",0,"P"," ","0",0,"T"," ","0",170," "," ","0",33," "," ","0",18," "," ","0"
"861","USC00392565",2001,5,"SNOW",0,"P"," ","0",0,"P"," ","0",0,"P"," ","0",0,"P"," ","0",0,"P"," ","0",0,"P"," ","0",0,"P"," ","0",0,"P"," ","0",0,"P"," ","0",0,"P"," ","0",0,"P"," ","0",0,"P"," ","0",0,"P"," ","0",0,"P"," ","0",0,"P"," ","0",0,"P"," ","0",0,"P"," ","0",0,"P"," ","0",0,"P"," ","0",0,"P"," ","0",0,"P"," ","0",0,"P"," ","0",0,"P"," ","0",0,"P"," ","0",0,"P"," ","0",0,"P"," ","0",0,"P"," ","0",0,"P"," ","0",0,"P"," ","0",0,"P"," ","0",0,"P"," ","0"
"862","USC00392565",2001,5,"SNWD",NA," "," "," ",NA," "," "," ",NA," "," "," ",0,"P"," ","0",0,"P"," ","0",0,"P"," ","0",0,"P"," ","0",0,"P"," ","0",0,"P"," ","0",0,"P"," ","0",0,"P"," ","0",0,"P"," ","0",0,"P"," ","0",0,"P"," ","0",0,"P"," ","0",0,"P"," ","0",0,"P"," ","0",0,"P"," ","0",0,"P"," ","0",0,"P"," ","0",0,"P"," ","0",0,"P"," ","0",0,"P"," ","0",0,"P"," ","0",0,"P"," ","0",0,"P"," ","0",0,"P"," ","0",0,"P"," ","0",0,"P"," ","0",0,"P"," ","0",0,"P"," ","0"
"863","USC00392565",2001,7,"TMAX",256," "," ","0",NA," "," "," ",NA," "," "," ",311," "," ","0",NA," "," "," ",344," "," ","0",339," "," ","0",317," "," ","0",311," "," ","0",300," "," ","0",261," "," ","0",289," "," ","0",NA," "," "," ",NA," "," "," ",NA," "," "," ",317," "," ","0",306," "," ","0",333," "," ","0",322," "," ","0",328," "," ","0",344," "," ","0",NA," "," "," ",333," "," ","0",294," "," ","0",283," "," ","0",333," "," ","0",267," "," ","0",306," "," ","0",344," "," ","0",333," "," ","0",367," "," ","0"
"864","USC00392565",2001,7,"TMIN",150," "," ","0",NA," "," "," ",NA," "," "," ",117," "," ","0",NA," "," "," ",156," "," ","0",167," "," ","0",161," "," ","0",178," "," ","0",172," "," ","0",167," "," ","0",150," "," ","0",NA," "," "," ",NA," "," "," ",NA," "," "," ",128," "," ","0",139," "," ","0",128," "," ","0",172," "," ","0",161," "," ","0",161," "," ","0",NA," "," "," ",172," "," ","0",167," "," ","0",172," "," ","0",194," "," ","0",139," "," ","0",183," "," ","0",139," "," ","0",189," "," ","0",NA," "," "," "
"865","USC00392565",2001,7,"TOBS",156," "," ","0",NA," "," "," ",NA," "," "," ",256," "," ","0",NA," "," "," ",267," "," ","0",272," "," ","0",189," "," ","0",194," "," ","0",178," "," ","0",200," "," ","0",194," "," ","0",NA," "," "," ",NA," "," "," ",NA," "," "," ",211," "," ","0",200," "," ","0",194," "," ","0",233," "," ","0",222," "," ","0",306," "," ","0",NA," "," "," ",222," "," ","0",228," "," ","0",228," "," ","0",244," "," ","0",244," "," ","0",250," "," ","0",211," "," ","0",228," "," ","0",200," "," ","0"
"866","USC00392565",2001,7,"PRCP",0,"P"," ","0",NA," "," "," ",NA," "," "," ",69," "," ","0",0,"P"," ","0",0,"P"," ","0",48," "," ","0",229," "," ","0",20," "," ","0",51," "," ","0",8," "," ","0",8," "," ","0",0,"P"," ","0",0,"P"," ","0",0,"P"," ","0",0,"P"," ","0",0,"P"," ","0",0,"P"," ","0",0,"P"," ","0",36," "," ","0",0,"P"," ","0",0,"P"," ","0",0,"P"," ","0",0,"P"," ","0",0,"P"," ","0",0,"P"," ","0",8," "," ","0",0,"P"," ","0",0,"P"," ","0",0,"P"," ","0",0,"P"," ","0"
"867","USC00392565",2001,7,"SNOW",0,"P"," ","0",0,"P"," ","0",0,"P"," ","0",0,"P"," ","0",0,"P"," ","0",0,"P"," ","0",0,"P"," ","0",0,"P"," ","0",0,"P"," ","0",0,"P"," ","0",0,"P"," ","0",0,"P"," ","0",0,"P"," ","0",0,"P"," ","0",0,"P"," ","0",0,"P"," ","0",0,"P"," ","0",0,"P"," ","0",0,"P"," ","0",0,"P"," ","0",0,"P"," ","0",0,"P"," ","0",0,"P"," ","0",0,"P"," ","0",0,"P"," ","0",0,"P"," ","0",0,"P"," ","0",0,"P"," ","0",0,"P"," ","0",0,"P"," ","0",0,"P"," ","0"
"868","USC00392565",2001,7,"SNWD",NA," "," "," ",0,"P"," ","0",0,"P"," ","0",0,"P"," ","0",0,"P"," ","0",0,"P"," ","0",0,"P"," ","0",0,"P"," ","0",0,"P"," ","0",0,"P"," ","0",0,"P"," ","0",0,"P"," ","0",0,"P"," ","0",0,"P"," ","0",0,"P"," ","0",0,"P"," ","0",0,"P"," ","0",0,"P"," ","0",0,"P"," ","0",0,"P"," ","0",0,"P"," ","0",0,"P"," ","0",0,"P"," ","0",0,"P"," ","0",0,"P"," ","0",0,"P"," ","0",0,"P"," ","0",0,"P"," ","0",0,"P"," ","0",0,"P"," ","0",0,"P"," ","0"
"869","USC00392565",2001,8,"TMAX",NA," "," "," ",NA," "," "," ",NA," "," "," ",NA," "," "," ",361," "," ","0",367," "," ","0",367," "," ","0",372," "," ","0",356," "," ","0",NA," "," "," ",261," "," ","0",294," "," ","0",278," "," ","0",311," "," ","0",267," "," ","0",261," "," ","0",267," "," ","0",283," "," ","0",306," "," ","0",339," "," ","0",NA," "," "," ",NA," "," "," ",317," "," ","0",306," "," ","0",306," "," ","0",311," "," ","0",322," "," ","0",306," "," ","0",300," "," ","0",289," "," ","0",267," "," ","0"
"870","USC00392565",2001,8,"TMIN",156," "," ","0",NA," "," "," ",NA," "," "," ",NA," "," "," ",183," "," ","0",189," "," ","0",206," "," ","0",194," "," ","0",128," "," ","0",117," "," ","0",139," "," ","0",128," "," ","0",133," "," ","0",150," "," ","0",133," "," ","0",89," "," ","0",89," "," ","0",94," "," ","0",133," "," ","0",139," "," ","0",NA," "," "," ",NA," "," "," ",150," "," ","0",139," "," ","0",139," "," ","0",144," "," ","0",144," "," ","0",183," "," ","0",144," "," ","0",94," "," ","0",156," ","I","0"
"871","USC00392565",2001,8,"TOBS",250," "," ","0",NA," "," "," ",NA," "," "," ",NA," "," "," ",278," "," ","0",272," "," ","0",250," "," ","0",261," "," ","0",161," "," ","0",144," "," ","0",206," "," ","0",161," "," ","0",172," "," ","0",200," "," ","0",183," "," ","0",178," "," ","0",233," "," ","0",161," "," ","0",206," "," ","0",183," "," ","0",NA," "," "," ",NA," "," "," ",217," "," ","0",217," "," ","0",228," "," ","0",178," "," ","0",244," "," ","0",206," "," ","0",189," "," ","0",122," ","I","0",161," "," ","0"
"872","USC00392565",2001,8,"PRCP",0,"P"," ","0",0,"P"," ","0",0,"P"," ","0",0,"P"," ","0",0,"P"," ","0",0,"P"," ","0",0,"P"," ","0",0,"P"," ","0",58," "," ","0",36," "," ","0",0,"P"," ","0",102," "," ","0",109," "," ","0",175," "," ","0",28," "," ","0",0,"P"," ","0",0,"P"," ","0",0,"P"," ","0",0,"P"," ","0",0,"P"," ","0",0,"P"," ","0",0,"P"," ","0",0,"P"," ","0",0,"P"," ","0",0,"P"," ","0",0,"P"," ","0",0,"P"," ","0",0,"P"," ","0",0,"P"," ","0",0,"P"," ","0",0,"P"," ","0"
"873","USC00392565",2001,8,"SNOW",0,"P"," ","0",0,"P"," ","0",0,"P"," ","0",0,"P"," ","0",0,"P"," ","0",0,"P"," ","0",0,"P"," ","0",0,"P"," ","0",0,"P"," ","0",NA," "," "," ",0,"P"," ","0",0,"P"," ","0",0,"P"," ","0",0,"P"," ","0",0,"P"," ","0",0,"P"," ","0",0,"P"," ","0",0,"P"," ","0",0,"P"," ","0",0,"P"," ","0",0,"P"," ","0",0,"P"," ","0",0,"P"," ","0",0,"P"," ","0",0,"P"," ","0",0,"P"," ","0",0,"P"," ","0",0,"P"," ","0",0,"P"," ","0",0,"P"," ","0",0,"P"," ","0"
"874","USC00392565",2001,8,"SNWD",0,"P"," ","0",0,"P"," ","0",0,"P"," ","0",0,"P"," ","0",0,"P"," ","0",0,"P"," ","0",0,"P"," ","0",0,"P"," ","0",0,"P"," ","0",0,"P"," ","0",0,"P"," ","0",0,"P"," ","0",0,"P"," ","0",0,"P"," ","0",0,"P"," ","0",0,"P"," ","0",0,"P"," ","0",0,"P"," ","0",0,"P"," ","0",0,"P"," ","0",0,"P"," ","0",0,"P"," ","0",0,"P"," ","0",0,"P"," ","0",0,"P"," ","0",0,"P"," ","0",0,"P"," ","0",0,"P"," ","0",0,"P"," ","0",0,"P"," ","0",0,"P"," ","0"
"875","USC00392565",2001,10,"TMAX",239," "," ","0",278," "," ","0",250," "," ","0",200," "," ","0",33," "," ","0",78," "," ","0",183," "," ","0",161," "," ","0",178," "," ","0",NA," "," "," ",NA," "," "," ",139," "," ","0",NA," "," "," ",94," "," ","0",83," "," ","0",78," "," ","0",178," "," ","0",217," "," ","0",89," "," ","0",139," "," ","0",133," "," ","0",161," "," ","0",167," "," ","0",100," "," ","0",61," "," ","0",83," "," ","0",133," "," ","0",228," "," ","0",211," "," ","0",211," "," ","0",206," "," ","0"
"876","USC00392565",2001,10,"TMIN",61," "," ","0",89," "," ","0",28," "," ","0",33," "," ","0",-28," "," ","0",-28," "," ","0",17," ","I","0",56," ","I","0",61," "," ","0",NA," "," "," ",NA," "," "," ",-17," "," ","0",NA," "," "," ",-6," "," ","0",-39," "," ","0",-44," "," ","0",-33," "," ","0",11," "," ","0",-17," "," ","0",11," "," ","0",-28," "," ","0",-22," "," ","0",0," "," ","0",0," "," ","0",-44," "," ","0",-56," "," ","0",-61," "," ","0",28," "," ","0",0," "," ","0",0," "," ","0",72," "," ","0"
"877","USC00392565",2001,10,"TOBS",167," "," ","0",189," "," ","0",33," "," ","0",33," "," ","0",-28," "," ","0",-28," ","I","0",44," ","I","0",61," "," ","0",106," "," ","0",NA," "," "," ",NA," "," "," ",17," "," ","0",NA," "," "," ",22," "," ","0",6," "," ","0",-33," "," ","0",111," "," ","0",17," "," ","0",61," "," ","0",50," "," ","0",-22," "," ","0",122," "," ","0",72," "," ","0",11," "," ","0",-44," "," ","0",-50," "," ","0",128," "," ","0",167," "," ","0",11," "," ","0",144," "," ","0",139," "," ","0"
"878","USC00392565",2001,10,"PRCP",0,"P"," ","0",0,"P"," ","0",0,"P"," ","0",64," "," ","0",86," "," ","0",0,"P"," ","0",0,"P"," ","0",0,"P"," ","0",109," "," ","0",0,"P"," ","0",0,"P"," ","0",0,"P"," ","0",0,"P"," ","0",0,"P"," ","0",0,"P"," ","0",0,"P"," ","0",0,"P"," ","0",28," "," ","0",0,"P"," ","0",0,"P"," ","0",0,"P"," ","0",0,"P"," ","0",0,"P"," ","0",0,"P"," ","0",0,"P"," ","0",0,"P"," ","0",0,"P"," ","0",0,"P"," ","0",0,"P"," ","0",0,"P"," ","0",0,"P"," ","0"
"879","USC00392565",2001,10,"SNOW",0,"P"," ","0",0,"P"," ","0",0,"P"," ","0",0,"P"," ","0",0,"P"," ","0",0,"P"," ","0",0,"P"," ","0",0,"P"," ","0",0,"P"," ","0",0,"P"," ","0",0,"P"," ","0",0,"P"," ","0",0,"P"," ","0",0,"P"," ","0",0,"P"," ","0",0,"P"," ","0",0,"P"," ","0",0,"P"," ","0",0,"P"," ","0",0,"P"," ","0",0,"P"," ","0",0,"P"," ","0",0,"P"," ","0",0,"P"," ","0",0,"P"," ","0",0,"P"," ","0",0,"P"," ","0",0,"P"," ","0",0,"P"," ","0",0,"P"," ","0",0,"P"," ","0"
"880","USC00392565",2001,10,"SNWD",NA," "," "," ",0,"P"," ","0",0,"P"," ","0",0,"P"," ","0",0,"P"," ","0",0,"P"," ","0",0,"P"," ","0",0,"P"," ","0",0,"P"," ","0",0,"P"," ","0",0,"P"," ","0",0,"P"," ","0",0,"P"," ","0",0,"P"," ","0",0,"P"," ","0",0,"P"," ","0",0,"P"," ","0",0,"P"," ","0",0,"P"," ","0",0,"P"," ","0",0,"P"," ","0",0,"P"," ","0",0,"P"," ","0",0,"P"," ","0",0,"P"," ","0",0,"P"," ","0",0,"P"," ","0",0,"P"," ","0",0,"P"," ","0",0,"P"," ","0",0,"P"," ","0"
"881","USC00392565",2001,11,"TMAX",189," "," ","0",111," "," ","0",144," "," ","0",161," "," ","0",NA," "," "," ",NA," "," "," ",206," "," ","0",117," "," ","0",117," "," ","0",183," "," ","0",172," "," ","0",172," "," ","0",150," "," ","0",156," "," ","0",167," "," ","0",167," "," ","0",194," "," ","0",194," "," ","0",83," "," ","0",44," "," ","0",122," "," ","0",106," "," ","0",89," "," ","0",89," "," ","0",50," "," ","0",-6," "," ","0",-6," "," ","0",-6," "," ","0",-61," "," ","0",28," "," ","0",NA," "," "," "
"882","USC00392565",2001,11,"TMIN",17," "," ","0",-28," "," ","0",-22," "," ","0",-11," "," ","0",NA," "," "," ",NA," "," "," ",-11," "," ","0",-100," "," ","0",-61," "," ","0",-61," "," ","0",-22," "," ","0",-33," "," ","0",-6," "," ","0",-17," "," ","0",-28," "," ","0",-11," "," ","0",-22," "," ","0",6," "," ","0",-133," "," ","0",-94," "," ","0",-56," "," ","0",-17," "," ","0",-22," "," ","0",-28," "," ","0",-28," "," ","0",-72," "," ","0",-139," "," ","0",-244," "," ","0",-239," "," ","0",-100," "," ","0",NA," "," "," "
"883","USC00392565",2001,11,"TOBS",78," "," ","0",61," "," ","0",28," "," ","0",100," "," ","0",NA," "," "," ",NA," "," "," ",83," "," ","0",-28," "," ","0",-50," "," ","0",50," "," ","0",28," "," ","0",-6," "," ","0",11," "," ","0",-6," "," ","0",-11," "," ","0",89," "," ","0",17," "," ","0",44," "," ","0",-89," "," ","0",-56," "," ","0",72," "," ","0",11," "," ","0",-17," "," ","0",17," "," ","0",-22," "," ","0",-72," "," ","0",-133," "," ","0",-233," "," ","0",-94," "," ","0",-28," "," ","0",NA," "," "," "
"884","USC00392565",2001,11,"PRCP",0,"P"," ","0",0,"P"," ","0",0,"P"," ","0",0,"P"," ","0",0,"P"," ","0",0,"P"," ","0",0,"P"," ","0",0,"P"," ","0",0,"P"," ","0",0,"P"," ","0",0,"P"," ","0",0,"P"," ","0",0,"P"," ","0",0,"P"," ","0",0,"P"," ","0",0,"P"," ","0",0,"P"," ","0",0,"P"," ","0",56," "," ","0",0,"P"," ","0",0,"P"," ","0",0,"P"," ","0",0,"P"," ","0",0,"P"," ","0",NA," "," "," ",NA," "," "," ",NA," "," "," ",0,"P"," ","0",0,"P"," ","0",NA," "," "," ",NA," "," "," "
"885","USC00392565",2001,11,"SNOW",0,"P"," ","0",0,"P"," ","0",0,"P"," ","0",0,"P"," ","0",0,"P"," ","0",0,"P"," ","0",0,"P"," ","0",0,"P"," ","0",0,"P"," ","0",0,"P"," ","0",0,"P"," ","0",0,"P"," ","0",0,"P"," ","0",0,"P"," ","0",0,"P"," ","0",0,"P"," ","0",0,"P"," ","0",0,"P"," ","0",0,"P"," ","0",0,"P"," ","0",0,"P"," ","0",0,"P"," ","0",0,"P"," ","0",0,"P"," ","0",NA," "," "," ",147," "," ","0",76," "," ","0",0,"P"," ","0",0," "," ","0",0,"T"," ","0",NA," "," "," "
"886","USC00392565",2001,11,"SNWD",0,"P"," ","0",0,"P"," ","0",0,"P"," ","0",0,"P"," ","0",0,"P"," ","0",0,"P"," ","0",0,"P"," ","0",0,"P"," ","0",0,"P"," ","0",0,"P"," ","0",0,"P"," ","0",0,"P"," ","0",0,"P"," ","0",0,"P"," ","0",0,"P"," ","0",0,"P"," ","0",0,"P"," ","0",0,"P"," ","0",0,"P"," ","0",0,"P"," ","0",0,"P"," ","0",0,"P"," ","0",0,"P"," ","0",0,"P"," ","0",NA," "," "," ",NA," "," "," ",NA," "," "," ",NA," "," "," ",NA," "," "," ",NA," "," "," ",NA," "," "," "
"887","USC00392565",2001,11,"DAPR",NA," "," "," ",NA," "," "," ",NA," "," "," ",NA," "," "," ",NA," "," "," ",NA," "," "," ",NA," "," "," ",NA," "," "," ",NA," "," "," ",NA," "," "," ",NA," "," "," ",NA," "," "," ",NA," "," "," ",NA," "," "," ",NA," "," "," ",NA," "," "," ",NA," "," "," ",NA," "," "," ",NA," "," "," ",NA," "," "," ",NA," "," "," ",NA," "," "," ",NA," "," "," ",NA," "," "," ",NA," "," "," ",NA," "," "," ",2," "," ","0",NA," "," "," ",NA," "," "," ",NA," "," "," ",NA," "," "," "
"888","USC00392565",2001,11,"MDPR",NA," "," "," ",NA," "," "," ",NA," "," "," ",NA," "," "," ",NA," "," "," ",NA," "," "," ",NA," "," "," ",NA," "," "," ",NA," "," "," ",NA," "," "," ",NA," "," "," ",NA," "," "," ",NA," "," "," ",NA," "," "," ",NA," "," "," ",NA," "," "," ",NA," "," "," ",NA," "," "," ",NA," "," "," ",NA," "," "," ",NA," "," "," ",NA," "," "," ",NA," "," "," ",NA," "," "," ",NA," "," "," ",NA," "," "," ",231," "," ","0",NA," "," "," ",NA," "," "," ",NA," "," "," ",NA," "," "," "
"889","USC00392565",2001,12,"TMAX",33," "," ","0",33," "," ","0",67," "," ","0",106," "," ","0",83," "," ","0",22," "," ","0",50," "," ","0",50," "," ","0",67," "," ","0",83," "," ","0",17," "," ","0",-22," "," ","0",-17," "," ","0",17," "," ","0",61," "," ","0",33," "," ","0",28," "," ","0",NA," "," "," ",NA," "," "," ",NA," "," "," ",NA," "," "," ",NA," "," "," ",NA," "," "," ",NA," "," "," ",83," "," ","0",0," "," ","0",44," "," ","0",NA," "," "," ",NA," "," "," ",NA," "," "," ",NA," "," "," "
"890","USC00392565",2001,12,"TMIN",-150," "," ","0",-150," "," ","0",-39," "," ","0",-67," "," ","0",-39," "," ","0",-89," "," ","0",-78," "," ","0",-117," "," ","0",-39," ","I","0",-67," "," ","0",-44," "," ","0",-122," "," ","0",-144," "," ","0",-133," "," ","0",-133," "," ","0",-117," "," ","0",-83," "," ","0",NA," "," "," ",NA," "," "," ",NA," "," "," ",NA," "," "," ",NA," "," "," ",NA," "," "," ",NA," "," "," ",-144," "," ","0",-106," "," ","0",-106," "," ","0",NA," "," "," ",NA," "," "," ",NA," "," "," ",NA," "," "," "
"891","USC00392565",2001,12,"TOBS",-133," "," ","0",-17," "," ","0",50," "," ","0",-44," "," ","0",-39," "," ","0",-78," "," ","0",-33," "," ","0",-111," ","I","0",39," "," ","0",-22," "," ","0",-44," "," ","0",-122," "," ","0",-133," "," ","0",-22," "," ","0",-11," "," ","0",-72," "," ","0",-22," "," ","0",NA," "," "," ",NA," "," "," ",NA," "," "," ",NA," "," "," ",NA," "," "," ",NA," "," "," ",NA," "," "," ",-106," "," ","0",-28," "," ","0",-50," "," ","0",NA," "," "," ",NA," "," "," ",NA," "," "," ",NA," "," "," "
"892","USC00392565",2001,12,"PRCP",0,"P"," ","0",0,"P"," ","0",0,"P"," ","0",0,"P"," ","0",0,"P"," ","0",0,"P"," ","0",0,"P"," ","0",0,"P"," ","0",0,"P"," ","0",0,"P"," ","0",0,"P"," ","0",0,"P"," ","0",0,"P"," ","0",0,"P"," ","0",0,"P"," ","0",0,"P"," ","0",0,"P"," ","0",0,"P"," ","0",0,"P"," ","0",0,"P"," ","0",0,"P"," ","0",0,"P"," ","0",0,"P"," ","0",0,"P"," ","0",0,"P"," ","0",0,"P"," ","0",0,"P"," ","0",0,"P"," ","0",0,"P"," ","0",0,"P"," ","0",0,"P"," ","0"
"893","USC00392565",2001,12,"SNOW",0,"P"," ","0",0,"P"," ","0",0,"P"," ","0",0,"P"," ","0",0,"P"," ","0",0,"P"," ","0",0,"P"," ","0",0,"P"," ","0",0,"P"," ","0",0,"P"," ","0",0,"P"," ","0",0,"P"," ","0",0,"P"," ","0",0,"P"," ","0",0,"P"," ","0",0,"P"," ","0",0,"P"," ","0",0,"P"," ","0",0,"P"," ","0",0,"P"," ","0",0,"P"," ","0",0,"P"," ","0",0,"P"," ","0",0,"P"," ","0",0,"P"," ","0",0,"P"," ","0",0,"P"," ","0",0,"P"," ","0",0,"P"," ","0",0,"P"," ","0",0,"P"," ","0"
"894","USC00392565",2001,12,"SNWD",0,"P"," ","0",0,"P"," ","0",0,"P"," ","0",0,"P"," ","0",0,"P"," ","0",0,"P"," ","0",0,"P"," ","0",0,"P"," ","0",0,"P"," ","0",0,"P"," ","0",0,"P"," ","0",0,"P"," ","0",0,"P"," ","0",0,"P"," ","0",0,"P"," ","0",0,"P"," ","0",0,"P"," ","0",0,"P"," ","0",0,"P"," ","0",0,"P"," ","0",0,"P"," ","0",0,"P"," ","0",0,"P"," ","0",0,"P"," ","0",0,"P"," ","0",0,"P"," ","0",0,"P"," ","0",0,"P"," ","0",0,"P"," ","0",0,"P"," ","0",0,"P"," ","0"
"895","USC00392565",2002,1,"TMAX",33," "," ","0",-50," "," ","0",22," "," ","0",78," "," ","0",22," "," ","0",22," "," ","0",28," "," ","0",117," "," ","0",128," "," ","0",56," "," ","0",39," "," ","0",56," "," ","0",56," "," ","0",44," "," ","0",-22," "," ","0",-72," "," ","0",-50," "," ","0",-50," "," ","0",-44," "," ","0",17," "," ","0",11," "," ","0",78," "," ","0",17," "," ","0",-11," "," ","0",NA," "," "," ",94," "," ","0",128," "," ","0",67," "," ","0",-94," "," ","0",-67," "," ","0",-33," "," ","0"
"896","USC00392565",2002,1,"TMIN",-222," "," ","0",-222," "," ","0",-139," "," ","0",-72," "," ","0",-106," "," ","0",-117," "," ","0",-89," "," ","0",-33," "," ","0",-17," "," ","0",-89," "," ","0",-67," "," ","0",-106," "," ","0",-78," "," ","0",-61," "," ","0",-139," "," ","0",-161," "," ","0",-172," "," ","0",-172," "," ","0",-189," "," ","0",-156," "," ","0",-100," ","I","0",-33," "," ","0",-133," "," ","0",-161," "," ","0",NA," "," "," ",-78," "," ","0",-22," "," ","0",-128," "," ","0",-161," "," ","0",-172," "," ","0",-200," "," ","0"
"897","USC00392565",2002,1,"TOBS",-111," "," ","0",-50," "," ","0",-67," "," ","0",-6," "," ","0",-83," "," ","0",-56," "," ","0",-33," "," ","0",67," "," ","0",44," "," ","0",-44," "," ","0",-6," "," ","0",-83," "," ","0",0," "," ","0",-44," "," ","0",-94," "," ","0",-106," "," ","0",-156," "," ","0",-156," "," ","0",-156," "," ","0",-133," ","I","0",-11," "," ","0",-33," "," ","0",-128," "," ","0",-72," "," ","0",NA," "," "," ",-6," "," ","0",67," "," ","0",-128," "," ","0",-150," "," ","0",-156," "," ","0",-178," "," ","0"
"898","USC00392565",2002,1,"PRCP",0,"P"," ","0",0,"P"," ","0",0,"P"," ","0",0,"T"," ","0",0,"P"," ","0",0,"P"," ","0",0,"P"," ","0",0,"P"," ","0",0,"P"," ","0",0,"P"," ","0",0,"P"," ","0",0,"P"," ","0",0,"P"," ","0",0,"P"," ","0",0,"P"," ","0",8," "," ","0",0,"P"," ","0",0,"P"," ","0",0,"P"," ","0",0,"P"," ","0",0,"P"," ","0",0,"P"," ","0",0,"P"," ","0",0,"P"," ","0",0,"P"," ","0",0,"P"," ","0",0,"P"," ","0",0,"P"," ","0",0,"T"," ","0",0,"P"," ","0",0,"P"," ","0"
"899","USC00392565",2002,1,"SNOW",0,"P"," ","0",0,"P"," ","0",0,"P"," ","0",0,"P"," ","0",0,"P"," ","0",0,"P"," ","0",0,"P"," ","0",0,"P"," ","0",0,"P"," ","0",0,"P"," ","0",0,"P"," ","0",0,"P"," ","0",0,"P"," ","0",0,"P"," ","0",0,"P"," ","0",NA," "," "," ",0,"P"," ","0",0,"P"," ","0",0,"P"," ","0",0,"P"," ","0",0,"P"," ","0",0,"P"," ","0",0,"P"," ","0",0,"P"," ","0",0,"P"," ","0",0,"P"," ","0",0,"P"," ","0",0,"P"," ","0",NA," "," "," ",0,"P"," ","0",0,"P"," ","0"
"900","USC00392565",2002,1,"SNWD",0,"P"," ","0",0,"P"," ","0",0,"P"," ","0",0,"P"," ","0",0,"P"," ","0",0,"P"," ","0",0,"P"," ","0",0,"P"," ","0",0,"P"," ","0",0,"P"," ","0",0,"P"," ","0",0,"P"," ","0",0,"P"," ","0",0,"P"," ","0",0,"P"," ","0",25," "," ","0",NA," "," "," ",NA," "," "," ",NA," "," "," ",NA," "," "," ",NA," "," "," ",NA," "," "," ",NA," "," "," ",NA," "," "," ",NA," "," "," ",NA," "," "," ",0,"P"," ","0",0,"P"," ","0",0,"T"," ","0",NA," "," "," ",NA," "," "," "
"901","USC00392565",2002,2,"TMAX",-33," "," ","0",33," "," ","0",28," "," ","0",44," "," ","0",44," "," ","0",56," "," ","0",89," "," ","0",106," "," ","0",83," "," ","0",6," "," ","0",56," "," ","0",89," "," ","0",6," "," ","0",78," "," ","0",6," "," ","0",72," "," ","0",117," "," ","0",150," "," ","0",89," "," ","0",56," "," ","0",78," "," ","0",NA," "," "," ",156," "," ","0",117," "," ","0",117," "," ","0",-144," "," ","0",-89," "," ","0",-39," "," ","0",NA," "," "," ",NA," "," "," ",NA," "," "," "
"902","USC00392565",2002,2,"TMIN",-172," "," ","0",-122," ","I","0",-133," "," ","0",-117," "," ","0",-117," "," ","0",-106," "," ","0",-50," "," ","0",-50," "," ","0",-50," "," ","0",-117," "," ","0",-33," "," ","0",-122," "," ","0",-133," "," ","0",-56," ","I","0",-106," "," ","0",-94," "," ","0",-44," "," ","0",-33," "," ","0",-22," "," ","0",-67," "," ","0",-39," "," ","0",NA," "," "," ",-44," "," ","0",-67," "," ","0",-194," "," ","0",-244," "," ","0",-244," "," ","0",-172," "," ","0",NA," "," "," ",NA," "," "," ",NA," "," "," "
"903","USC00392565",2002,2,"TOBS",-150," ","I","0",6," "," ","0",-122," "," ","0",-56," "," ","0",-100," "," ","0",33," "," ","0",6," "," ","0",-33," "," ","0",-11," "," ","0",-33," "," ","0",56," "," ","0",-61," "," ","0",-89," ","I","0",-17," "," ","0",-33," "," ","0",22," "," ","0",-6," "," ","0",11," "," ","0",0," "," ","0",-33," "," ","0",-22," "," ","0",NA," "," "," ",22," "," ","0",-61," "," ","0",-178," "," ","0",-222," "," ","0",-111," "," ","0",-94," "," ","0",NA," "," "," ",NA," "," "," ",NA," "," "," "
"904","USC00392565",2002,2,"PRCP",0,"P"," ","0",0,"P"," ","0",0,"P"," ","0",0,"P"," ","0",0,"P"," ","0",0,"P"," ","0",0,"P"," ","0",0,"P"," ","0",NA," "," "," ",0,"P"," ","0",0,"P"," ","0",0,"P"," ","0",0,"P"," ","0",0,"P"," ","0",0,"P"," ","0",0,"P"," ","0",0,"P"," ","0",0,"P"," ","0",NA," "," "," ",NA," "," "," ",0,"P"," ","0",0,"P"," ","0",0,"P"," ","0",NA," "," "," ",NA," "," "," ",18," "," ","0",NA," "," "," ",NA," "," "," ",NA," "," "," ",NA," "," "," ",NA," "," "," "
"905","USC00392565",2002,2,"SNOW",0,"P"," ","0",0,"P"," ","0",0,"P"," ","0",0,"P"," ","0",0,"P"," ","0",0,"P"," ","0",0,"P"," ","0",0,"P"," ","0",NA," "," "," ",0,"P"," ","0",0,"P"," ","0",0,"P"," ","0",0,"P"," ","0",0,"P"," ","0",0,"P"," ","0",0,"P"," ","0",0,"P"," ","0",0,"P"," ","0",NA," "," "," ",NA," "," "," ",0,"P"," ","0",0,"P"," ","0",0,"P"," ","0",NA," "," "," ",NA," "," "," ",NA," "," "," ",0,"P"," ","0",NA," "," "," ",NA," "," "," ",NA," "," "," ",NA," "," "," "
"906","USC00392565",2002,2,"SNWD",0,"P"," ","0",0,"P"," ","0",0,"P"," ","0",0,"P"," ","0",0,"P"," ","0",0,"P"," ","0",0,"P"," ","0",0,"P"," ","0",NA," "," "," ",NA," "," "," ",0,"P"," ","0",0,"P"," ","0",0,"P"," ","0",0,"P"," ","0",0,"P"," ","0",0,"P"," ","0",0,"P"," ","0",0,"P"," ","0",NA," "," "," ",NA," "," "," ",0,"P"," ","0",0,"P"," ","0",0,"P"," ","0",NA," "," "," ",NA," "," "," ",102," "," ","0",NA," "," "," ",NA," "," "," ",NA," "," "," ",NA," "," "," ",NA," "," "," "
"907","USC00392565",2002,3,"TMAX",NA," "," "," ",-22," "," ","0",-117," "," ","0",-50," ","I","0",61," "," ","0",106," "," ","0",-50," "," ","0",33," "," ","0",-161," ","I","0",-6," "," ","0",72," "," ","0",111," "," ","0",139," "," ","0",0," "," ","0",-17," "," ","0",-22," "," ","0",6," "," ","0",-11," "," ","0",-22," "," ","0",6," ","I","0",28," "," ","0",-106," ","I","0",44," "," ","0",61," "," ","0",-50," "," ","0",-44," "," ","0",83," "," ","0",122," "," ","0",67," "," ","0",50," "," ","0",50," "," ","0"
"908","USC00392565",2002,3,"TMIN",-178," "," ","0",-272," "," ","0",-278," "," ","0",-278," "," ","0",-67," "," ","0",-100," "," ","0",-100," "," ","0",-111," "," ","0",-239," "," ","0",-133," ","I","0",-83," "," ","0",-6," "," ","0",-33," "," ","0",-44," "," ","0",-94," "," ","0",-117," "," ","0",-56," "," ","0",-61," "," ","0",-139," "," ","0",-139," "," ","0",-167," "," ","0",-167," "," ","0",-78," "," ","0",-83," "," ","0",-117," "," ","0",-117," "," ","0",-61," "," ","0",-17," "," ","0",-22," "," ","0",-22," "," ","0",-33," "," ","0"
"909","USC00392565",2002,3,"TOBS",-178," "," ","0",-222," "," ","0",-189," "," ","0",-11," ","I","0",-33," "," ","0",-100," "," ","0",-50," "," ","0",-111," "," ","0",-144," ","I","0",-50," "," ","0",0," "," ","0",56," "," ","0",-17," "," ","0",-44," "," ","0",-94," "," ","0",-33," "," ","0",-50," "," ","0",-61," "," ","0",-78," "," ","0",22," ","I","0",-167," "," ","0",-78," "," ","0",0," "," ","0",-83," "," ","0",-106," "," ","0",-67," "," ","0",28," "," ","0",-67," ","I","0",-6," "," ","0",-22," "," ","0",0," "," ","0"
"910","USC00392565",2002,3,"PRCP",13," "," ","0",0,"P"," ","0",0,"P"," ","0",0,"P"," ","0",0,"P"," ","0",0,"P"," ","0",0,"P"," ","0",0,"P"," ","0",114," "," ","0",0,"P"," ","0",0,"P"," ","0",0,"P"," ","0",30," "," ","0",NA," "," "," ",104," "," ","0",0,"P"," ","0",0,"P"," ","0",36," "," ","0",0,"P"," ","0",0,"P"," ","0",0,"P"," ","0",0,"P"," ","0",0,"P"," ","0",NA," "," "," ",56," "," ","0",0,"P"," ","0",0,"P"," ","0",0,"P"," ","0",0,"P"," ","0",3," "," ","0",0,"P"," ","0"
"911","USC00392565",2002,3,"SNOW",NA," "," "," ",0,"P"," ","0",0,"P"," ","0",0,"P"," ","0",0,"P"," ","0",0,"P"," ","0",0,"P"," ","0",0,"P"," ","0",NA," "," "," ",0,"P"," ","0",0,"P"," ","0",0,"P"," ","0",0," "," ","0",NA," "," "," ",0," "," ","0",0,"P"," ","0",0,"P"," ","0",0," "," ","0",0,"P"," ","0",0,"P"," ","0",0,"P"," ","0",0,"P"," ","0",0,"P"," ","0",NA," "," "," ",NA," "," "," ",0,"P"," ","0",0,"P"," ","0",0,"P"," ","0",0,"P"," ","0",0,"P"," ","0",0,"P"," ","0"
"912","USC00392565",2002,3,"SNWD",51," "," ","0",NA," "," "," ",NA," "," "," ",NA," "," "," ",NA," "," "," ",NA," "," "," ",0,"P"," ","0",0,"P"," ","0",102," "," ","0",NA," "," "," ",NA," "," "," ",NA," "," "," ",76," "," ","0",102," "," ","0",76," "," ","0",NA," "," "," ",NA," "," "," ",76," "," ","0",NA," "," "," ",NA," "," "," ",25," "," ","0",NA," "," "," ",NA," "," "," ",25," "," ","0",76," "," ","0",NA," "," "," ",NA," "," "," ",NA," "," "," ",NA," "," "," ",0,"P"," ","0",0,"P"," ","0"
"913","USC00392565",2002,4,"TMAX",NA," "," "," ",122," "," ","0",-67," "," ","0",NA," "," "," ",106," "," ","0",128," "," ","0",222," "," ","0",161," "," ","0",44," "," ","0",194," "," ","0",183," "," ","0",183," "," ","0",189," "," ","0",222," "," ","0",256," "," ","0",183," "," ","0",89," "," ","0",200," "," ","0",67," "," ","0",17," "," ","0",NA," "," "," ",83," "," ","0",156," "," ","0",222," "," ","0",61," "," ","0",100," "," ","0",156," "," ","0",83," "," ","0",139," "," ","0",167," "," ","0",NA," "," "," "
"914","USC00392565",2002,4,"TMIN",NA," "," "," ",-122," "," ","0",-133," "," ","0",NA," "," "," ",-100," "," ","0",22," "," ","0",50," "," ","0",33," "," ","0",-6," "," ","0",44," ","I","0",6," "," ","0",6," "," ","0",39," "," ","0",44," "," ","0",44," "," ","0",17," "," ","0",-28," "," ","0",44," ","I","0",-39," "," ","0",-39," "," ","0",NA," "," "," ",-33," "," ","0",-6," ","I","0",-22," "," ","0",-72," "," ","0",-11," ","I","0",33," ","I","0",0," "," ","0",-17," "," ","0",33," "," ","0",NA," "," "," "
"915","USC00392565",2002,4,"TOBS",NA," "," "," ",-117," "," ","0",-94," "," ","0",NA," "," "," ",28," "," ","0",100," "," ","0",83," "," ","0",33," "," ","0",28," ","I","0",117," "," ","0",94," "," ","0",44," "," ","0",67," "," ","0",83," "," ","0",61," "," ","0",17," "," ","0",6," ","I","0",44," "," ","0",-39," "," ","0",-33," "," ","0",NA," "," "," ",-28," ","I","0",67," "," ","0",-17," "," ","0",-67," ","I","0",11," ","I","0",39," "," ","0",6," "," ","0",33," "," ","0",94," "," ","0",NA," "," "," "
"916","USC00392565",2002,4,"PRCP",0,"P"," ","0",NA," "," "," ",0,"P"," ","0",0,"P"," ","0",0,"P"," ","0",0,"P"," ","0",0,"P"," ","0",69," "," ","0",13," "," ","0",0,"P"," ","0",0,"P"," ","0",0,"P"," ","0",0,"P"," ","0",0,"P"," ","0",0,"P"," ","0",0,"P"," ","0",0,"P"," ","0",0,"P"," ","0",30," "," ","0",0,"P"," ","0",NA," "," "," ",NA," "," "," ",0,"P"," ","0",0,"P"," ","0",0,"P"," ","0",0,"P"," ","0",168," "," ","0",46," "," ","0",0,"P"," ","0",0,"P"," ","0",NA," "," "," "
"917","USC00392565",2002,4,"SNOW",0,"P"," ","0",NA," "," "," ",0,"P"," ","0",0,"P"," ","0",0,"P"," ","0",0,"P"," ","0",0,"P"," ","0",0,"P"," ","0",0,"P"," ","0",0,"P"," ","0",0,"P"," ","0",0,"P"," ","0",0,"P"," ","0",0,"P"," ","0",0,"P"," ","0",0,"P"," ","0",0,"P"," ","0",0,"P"," ","0",NA," "," "," ",0,"P"," ","0",NA," "," "," ",NA," "," "," ",0,"P"," ","0",0,"P"," ","0",0,"P"," ","0",0,"P"," ","0",0,"P"," ","0",0,"P"," ","0",0,"P"," ","0",0,"P"," ","0",NA," "," "," "
"918","USC00392565",2002,4,"SNWD",0,"P"," ","0",NA," "," "," ",NA," "," "," ",0,"P"," ","0",0,"P"," ","0",0,"P"," ","0",0,"P"," ","0",0,"P"," ","0",0,"P"," ","0",0,"P"," ","0",0,"P"," ","0",0,"P"," ","0",0,"P"," ","0",0,"P"," ","0",0,"P"," ","0",0,"P"," ","0",0," "," ","0",0,"P"," ","0",0,"T"," ","0",0,"P"," ","0",NA," "," "," ",127," "," ","0",NA," "," "," ",NA," "," "," ",NA," "," "," ",NA," "," "," ",0,"P"," ","0",0,"P"," ","0",0,"P"," ","0",0,"P"," ","0",NA," "," "," "
"919","USC00392565",2002,5,"TMAX",167," "," ","0",11," "," ","0",133," "," ","0",200," "," ","0",200," "," ","0",200," "," ","0",161," "," ","0",50," "," ","0",61," "," ","0",111," "," ","0",139," "," ","0",NA," "," "," ",150," "," ","0",194," "," ","0",244," "," ","0",244," "," ","0",100," "," ","0",100," "," ","0",161," "," ","0",172," "," ","0",172," "," ","0",233," "," ","0",133," "," ","0",72," "," ","0",NA," "," "," ",NA," "," "," ",233," "," ","0",233," "," ","0",261," "," ","0",300," "," ","0",256," "," ","0"
"920","USC00392565",2002,5,"TMIN",-11," "," ","0",-67," "," ","0",-6," ","I","0",-17," "," ","0",17," "," ","0",17," "," ","0",17," "," ","0",17," "," ","0",-39," "," ","0",-11," "," ","0",-11," "," ","0",NA," "," "," ",-11," "," ","0",78," "," ","0",72," "," ","0",50," "," ","0",33," "," ","0",44," "," ","0",56," "," ","0",72," ","I","0",72," "," ","0",17," "," ","0",0," "," ","0",-33," "," ","0",NA," "," "," ",NA," "," "," ",0," "," ","0",72," "," ","0",89," "," ","0",100," "," ","0",100," "," ","0"
"921","USC00392565",2002,5,"TOBS",6," "," ","0",-39," ","I","0",56," "," ","0",17," "," ","0",111," "," ","0",94," "," ","0",22," "," ","0",17," "," ","0",-11," "," ","0",0," "," ","0",33," "," ","0",NA," "," "," ",78," "," ","0",117," "," ","0",122," "," ","0",56," "," ","0",44," "," ","0",72," "," ","0",61," ","I","0",83," "," ","0",117," "," ","0",72," "," ","0",11," "," ","0",11," "," ","0",NA," "," "," ",NA," "," "," ",228," "," ","0",139," "," ","0",128," "," ","0",NA," "," "," ",256," "," ","0"
"922","USC00392565",2002,5,"PRCP",170," "," ","0",38," "," ","0",0,"P"," ","0",0,"P"," ","0",10," "," ","0",0,"P"," ","0",0,"P"," ","0",0,"P"," ","0",0,"P"," ","0",0,"P"," ","0",188," "," ","0",15," "," ","0",0,"P"," ","0",0,"P"," ","0",0,"P"," ","0",28," "," ","0",89," "," ","0",25," "," ","0",0,"P"," ","0",0,"P"," ","0",0,"P"," ","0",135," "," ","0",10," "," ","0",0,"P"," ","0",0,"P"," ","0",0,"P"," ","0",0,"P"," ","0",43," "," ","0",0,"P"," ","0",0,"P"," ","0",0,"P"," ","0"
"923","USC00392565",2002,5,"SNOW",0,"P"," ","0",0,"P"," ","0",0,"P"," ","0",0,"P"," ","0",0,"P"," ","0",0,"P"," ","0",0,"P"," ","0",0,"P"," ","0",0,"P"," ","0",0,"P"," ","0",0,"P"," ","0",NA," "," "," ",0,"P"," ","0",0,"P"," ","0",0,"P"," ","0",0,"P"," ","0",0,"P"," ","0",0,"P"," ","0",0,"P"," ","0",0,"P"," ","0",0,"P"," ","0",0,"P"," ","0",0,"P"," ","0",0,"P"," ","0",0,"P"," ","0",0,"P"," ","0",0,"P"," ","0",0,"P"," ","0",0,"P"," ","0",0,"P"," ","0",0,"P"," ","0"
"924","USC00392565",2002,5,"SNWD",0,"P"," ","0",0,"P"," ","0",0,"P"," ","0",0,"P"," ","0",0,"P"," ","0",0,"P"," ","0",0,"P"," ","0",0,"P"," ","0",0,"P"," ","0",0,"P"," ","0",0,"P"," ","0",NA," "," "," ",NA," "," "," ",NA," "," "," ",0,"P"," ","0",0,"P"," ","0",0,"P"," ","0",0,"P"," ","0",0,"P"," ","0",0,"P"," ","0",0,"P"," ","0",0,"P"," ","0",0,"P"," ","0",0,"P"," ","0",0,"P"," ","0",0,"P"," ","0",0,"P"," ","0",0,"P"," ","0",0,"P"," ","0",0,"P"," ","0",0,"P"," ","0"
"925","USC00392565",2002,6,"TMAX",267," "," ","0",250," "," ","0",256," "," ","0",156," "," ","0",189," "," ","0",NA," "," "," ",283," "," ","0",228," "," ","0",272," "," ","0",267," "," ","0",217," "," ","0",211," "," ","0",211," "," ","0",194," "," ","0",244," "," ","0",NA," "," "," ",289," "," ","0",300," "," ","0",NA," "," "," ",283," "," ","0",250," "," ","0",306," "," ","0",322," "," ","0",NA," "," "," ",NA," "," "," ",NA," "," "," ",NA," "," "," ",NA," "," "," ",361," "," ","0",378," "," ","0",NA," "," "," "
"926","USC00392565",2002,6,"TMIN",156," "," ","0",111," "," ","0",106," "," ","0",83," "," ","0",56," "," ","0",NA," "," "," ",117," "," ","0",122," "," ","0",89," "," ","0",89," "," ","0",28," "," ","0",67," "," ","0",67," "," ","0",33," "," ","0",144," "," ","0",NA," "," "," ",100," "," ","0",128," "," ","0",NA," "," "," ",78," "," ","0",150," ","I","0",178," "," ","0",106," "," ","0",NA," "," "," ",NA," "," "," ",NA," "," "," ",NA," "," "," ",NA," "," "," ",150," "," ","0",133," "," ","0",NA," "," "," "
"927","USC00392565",2002,6,"TOBS",178," "," ","0",144," "," ","0",122," "," ","0",128," "," ","0",133," "," ","0",NA," "," "," ",172," "," ","0",139," "," ","0",139," "," ","0",106," "," ","0",94," "," ","0",117," "," ","0",111," "," ","0",144," "," ","0",200," "," ","0",NA," "," "," ",161," "," ","0",211," "," ","0",NA," "," "," ",133," ","I","0",228," "," ","0",222," "," ","0",167," "," ","0",NA," "," "," ",NA," "," "," ",NA," "," "," ",NA," "," "," ",NA," "," "," ",211," "," ","0",306," "," ","0",NA," "," "," "
"928","USC00392565",2002,6,"PRCP",25," "," ","0",23," "," ","0",66," "," ","0",48," "," ","0",0,"P"," ","0",0," "," ","0",0,"P"," ","0",30," "," ","0",5," "," ","0",0,"P"," ","0",0,"P"," ","0",0,"P"," ","0",0,"P"," ","0",0,"P"," ","0",0,"P"," ","0",0," "," ","0",0,"P"," ","0",0,"P"," ","0",0,"P"," ","0",0,"P"," ","0",0,"P"," ","0",0,"P"," ","0",8," "," ","0",0," "," ","0",0," "," ","0",0," "," ","0",0," "," ","0",0," "," ","0",0,"P"," ","0",0,"P"," ","0",NA," "," "," "
"929","USC00392565",2002,6,"SNOW",0,"P"," ","0",0,"P"," ","0",0,"P"," ","0",0,"P"," ","0",0,"P"," ","0",0,"P"," ","0",0,"P"," ","0",0,"P"," ","0",0,"P"," ","0",0,"P"," ","0",0,"P"," ","0",0,"P"," ","0",0,"P"," ","0",0,"P"," ","0",0,"P"," ","0",0,"P"," ","0",0,"P"," ","0",0,"P"," ","0",0,"P"," ","0",0,"P"," ","0",0,"P"," ","0",0,"P"," ","0",0,"P"," ","0",0,"P"," ","0",0,"P"," ","0",0,"P"," ","0",0,"P"," ","0",0,"P"," ","0",0,"P"," ","0",0,"P"," ","0",NA," "," "," "
"930","USC00392565",2002,6,"SNWD",0,"P"," ","0",0,"P"," ","0",0,"P"," ","0",0,"P"," ","0",0,"P"," ","0",0,"P"," ","0",0,"P"," ","0",0,"P"," ","0",0,"P"," ","0",0,"P"," ","0",0,"P"," ","0",0,"P"," ","0",0,"P"," ","0",0,"P"," ","0",0,"P"," ","0",0,"P"," ","0",0,"P"," ","0",0,"P"," ","0",0,"P"," ","0",0,"P"," ","0",0,"P"," ","0",0,"P"," ","0",0,"P"," ","0",0,"P"," ","0",0,"P"," ","0",0,"P"," ","0",0,"P"," ","0",0,"P"," ","0",0,"P"," ","0",0,"P"," ","0",NA," "," "," "
"931","USC00392565",2002,7,"TMAX",317," "," ","0",328," "," ","0",NA," "," "," ",322," "," ","0",333," "," ","0",339," "," ","0",289," "," ","0",339," "," ","0",317," "," ","0",306," "," ","0",306," "," ","0",261," "," ","0",356," "," ","0",NA," "," "," ",361," "," ","0",372," "," ","0",367," "," ","0",367," "," ","0",344," "," ","0",328," "," ","0",NA," "," "," ",NA," "," "," ",267," "," ","0",322," "," ","0",NA," "," "," ",350," "," ","0",NA," "," "," ",NA," "," "," ",267," "," ","0",339," "," ","0",NA," "," "," "
"932","USC00392565",2002,7,"TMIN",161," "," ","0",161," "," ","0",NA," "," "," ",183," "," ","0",183," "," ","0",172," "," ","0",161," "," ","0",161," "," ","0",178," "," ","0",111," "," ","0",94," "," ","0",122," "," ","0",150," "," ","0",NA," "," "," ",172," "," ","0",194," "," ","0",194," "," ","0",172," "," ","0",206," "," ","0",200," ","I","0",NA," "," "," ",NA," "," "," ",111," "," ","0",150," "," ","0",NA," "," "," ",156," "," ","0",NA," "," "," ",NA," "," "," ",111," "," ","0",144," "," ","0",NA," "," "," "
"933","USC00392565",2002,7,"TOBS",239," "," ","0",217," "," ","0",NA," "," "," ",233," "," ","0",206," "," ","0",206," "," ","0",206," "," ","0",206," "," ","0",250," "," ","0",261," "," ","0",144," "," ","0",222," "," ","0",256," "," ","0",NA," "," "," ",217," "," ","0",300," "," ","0",233," "," ","0",250," "," ","0",183," ","I","0",156," "," ","0",NA," "," "," ",NA," "," "," ",217," "," ","0",217," "," ","0",NA," "," "," ",244," "," ","0",NA," "," "," ",NA," "," "," ",244," "," ","0",317," "," ","0",NA," "," "," "
"934","USC00392565",2002,7,"PRCP",0,"P"," ","0",0,"P"," ","0",0,"P"," ","0",0,"P"," ","0",0,"P"," ","0",193," "," ","0",0,"P"," ","0",64," "," ","0",0,"P"," ","0",0,"P"," ","0",0,"P"," ","0",0,"P"," ","0",0,"P"," ","0",0,"P"," ","0",0,"P"," ","0",0,"P"," ","0",0,"P"," ","0",0,"P"," ","0",5," "," ","0",89," "," ","0",0,"P"," ","0",0,"P"," ","0",0,"P"," ","0",0,"P"," ","0",0,"P"," ","0",0,"P"," ","0",0,"P"," ","0",0,"P"," ","0",0,"P"," ","0",0,"P"," ","0",0,"P"," ","0"
"935","USC00392565",2002,7,"SNOW",0,"P"," ","0",0,"P"," ","0",0,"P"," ","0",0,"P"," ","0",0,"P"," ","0",0,"P"," ","0",0,"P"," ","0",0,"P"," ","0",0,"P"," ","0",0,"P"," ","0",0,"P"," ","0",0,"P"," ","0",0,"P"," ","0",0,"P"," ","0",0,"P"," ","0",0,"P"," ","0",0,"P"," ","0",0,"P"," ","0",0,"P"," ","0",0,"P"," ","0",0,"P"," ","0",0,"P"," ","0",0,"P"," ","0",0,"P"," ","0",0,"P"," ","0",0,"P"," ","0",0,"P"," ","0",0,"P"," ","0",0,"P"," ","0",0,"P"," ","0",0,"P"," ","0"
"936","USC00392565",2002,7,"SNWD",0,"P"," ","0",0,"P"," ","0",0,"P"," ","0",0,"P"," ","0",0,"P"," ","0",0,"P"," ","0",0,"P"," ","0",0,"P"," ","0",0,"P"," ","0",0,"P"," ","0",0,"P"," ","0",0,"P"," ","0",0,"P"," ","0",0,"P"," ","0",0,"P"," ","0",0,"P"," ","0",0,"P"," ","0",0,"P"," ","0",0,"P"," ","0",0,"P"," ","0",0,"P"," ","0",0,"P"," ","0",0,"P"," ","0",0,"P"," ","0",0,"P"," ","0",0,"P"," ","0",0,"P"," ","0",0,"P"," ","0",0,"P"," ","0",0,"P"," ","0",0,"P"," ","0"
"937","USC00392565",2002,9,"TMAX",311," "," ","0",NA," "," "," ",NA," "," "," ",322," "," ","0",322," "," ","0",339," "," ","0",333," "," ","0",311," "," ","0",311," "," ","0",156," "," ","0",NA," "," "," ",217," "," ","0",150," "," ","0",167," "," ","0",278," "," ","0",NA," "," "," ",294," "," ","0",NA," "," "," ",244," "," ","0",178," "," ","0",211," "," ","0",89," "," ","0",172," "," ","0",139," "," ","0",NA," "," "," ",228," "," ","0",144," "," ","0",183," "," ","0",156," "," ","0",228," "," ","0",NA," "," "," "
"938","USC00392565",2002,9,"TMIN",117," "," ","0",NA," "," "," ",NA," "," "," ",122," "," ","0",139," "," ","0",133," "," ","0",156," "," ","0",139," "," ","0",128," "," ","0",67," "," ","0",NA," "," "," ",72," "," ","0",106," "," ","0",89," "," ","0",78," "," ","0",NA," "," "," ",100," "," ","0",NA," "," "," ",11," "," ","0",28," "," ","0",33," "," ","0",-17," "," ","0",28," "," ","0",33," "," ","0",NA," "," "," ",17," "," ","0",50," "," ","0",50," "," ","0",44," "," ","0",106," "," ","0",NA," "," "," "
"939","USC00392565",2002,9,"TOBS",200," "," ","0",NA," "," "," ",NA," "," "," ",167," "," ","0",139," "," ","0",200," "," ","0",239," "," ","0",189," "," ","0",128," "," ","0",117," "," ","0",NA," "," "," ",133," "," ","0",111," "," ","0",128," "," ","0",NA," "," "," ",NA," "," "," ",111," "," ","0",NA," "," "," ",28," "," ","0",117," "," ","0",44," "," ","0",67," "," ","0",56," "," ","0",39," "," ","0",NA," "," "," ",78," "," ","0",61," "," ","0",56," "," ","0",111," "," ","0",111," "," ","0",NA," "," "," "
"940","USC00392565",2002,9,"PRCP",0,"P"," ","0",0,"P"," ","0",0,"P"," ","0",0,"P"," ","0",0,"P"," ","0",0,"P"," ","0",0,"P"," ","0",15," "," ","0",368," "," ","0",69," "," ","0",NA," "," "," ",61," "," ","0",81," "," ","0",0,"P"," ","0",0,"P"," ","0",0,"P"," ","0",0,"P"," ","0",NA," "," "," ",0,"P"," ","0",0,"P"," ","0",71," "," ","0",66," "," ","0",0,"P"," ","0",0,"P"," ","0",0,"P"," ","0",0,"P"," ","0",0,"P"," ","0",0,"P"," ","0",0,"P"," ","0",0,"P"," ","0",NA," "," "," "
"941","USC00392565",2002,9,"SNOW",0,"P"," ","0",0,"P"," ","0",0,"P"," ","0",0,"P"," ","0",0,"P"," ","0",0,"P"," ","0",0,"P"," ","0",0,"P"," ","0",0,"P"," ","0",0,"P"," ","0",0,"P"," ","0",0,"P"," ","0",0,"P"," ","0",0,"P"," ","0",0,"P"," ","0",0,"P"," ","0",0,"P"," ","0",0,"P"," ","0",0,"P"," ","0",0,"P"," ","0",0,"P"," ","0",0,"P"," ","0",0,"P"," ","0",0,"P"," ","0",0,"P"," ","0",0,"P"," ","0",0,"P"," ","0",0,"P"," ","0",0,"P"," ","0",0,"P"," ","0",NA," "," "," "
"942","USC00392565",2002,9,"SNWD",NA," "," "," ",0,"P"," ","0",0,"P"," ","0",0,"P"," ","0",0,"P"," ","0",0,"P"," ","0",0,"P"," ","0",0,"P"," ","0",0,"P"," ","0",0,"P"," ","0",0,"P"," ","0",0,"P"," ","0",0,"P"," ","0",0,"P"," ","0",0,"P"," ","0",0,"P"," ","0",0,"P"," ","0",0,"P"," ","0",0,"P"," ","0",0,"P"," ","0",0,"P"," ","0",0,"P"," ","0",0,"P"," ","0",0,"P"," ","0",0,"P"," ","0",0,"P"," ","0",0,"P"," ","0",0,"P"," ","0",0,"P"," ","0",0,"P"," ","0",NA," "," "," "
"943","USC00392565",2002,11,"TMAX",-67," "," ","0",-22," "," ","0",33," "," ","0",56," "," ","0",56," "," ","0",NA," "," "," ",133," "," ","0",150," "," ","0",133," "," ","0",117," "," ","0",78," "," ","0",NA," "," "," ",94," "," ","0",117," "," ","0",72," "," ","0",61," "," ","0",94," "," ","0",94," "," ","0",83," "," ","0",117," "," ","0",133," "," ","0",144," "," ","0",178," "," ","0",17," "," ","0",-50," "," ","0",-17," "," ","0",-22," "," ","0",28," "," ","0",111," "," ","0",67," "," ","0",NA," "," "," "
"944","USC00392565",2002,11,"TMIN",-106," "," ","0",-106," "," ","0",-67," "," ","0",-72," "," ","0",-56," "," ","0",NA," "," "," ",-50," "," ","0",-28," "," ","0",22," "," ","0",-11," "," ","0",-39," "," ","0",NA," "," "," ",-72," "," ","0",-44," "," ","0",-44," "," ","0",-83," "," ","0",-33," "," ","0",-78," "," ","0",-72," "," ","0",17," "," ","0",11," "," ","0",-11," "," ","0",6," "," ","0",-67," "," ","0",-200," "," ","0",-200," "," ","0",-144," "," ","0",-100," "," ","0",-22," "," ","0",-100," "," ","0",NA," "," "," "
"945","USC00392565",2002,11,"TOBS",-72," "," ","0",-39," "," ","0",-44," "," ","0",17," "," ","0",17," "," ","0",NA," "," "," ",106," "," ","0",22," "," ","0",61," "," ","0",17," "," ","0",6," "," ","0",NA," "," "," ",11," "," ","0",-44," "," ","0",17," "," ","0",28," "," ","0",-17," "," ","0",-72," "," ","0",56," "," ","0",17," "," ","0",56," "," ","0",39," "," ","0",6," "," ","0",-67," "," ","0",-200," "," ","0",-139," "," ","0",-83," "," ","0",22," "," ","0",44," "," ","0",-56," "," ","0",NA," "," "," "
"946","USC00392565",2002,11,"PRCP",0,"P"," ","0",0,"P"," ","0",0,"P"," ","0",0,"P"," ","0",0,"P"," ","0",0,"P"," ","0",0,"P"," ","0",0,"P"," ","0",0,"P"," ","0",0,"P"," ","0",0,"P"," ","0",0,"P"," ","0",0,"P"," ","0",0,"P"," ","0",0,"P"," ","0",0,"P"," ","0",0,"P"," ","0",0,"P"," ","0",0,"P"," ","0",0,"P"," ","0",0,"P"," ","0",0,"P"," ","0",0,"P"," ","0",58," "," ","0",0,"P"," ","0",0,"P"," ","0",0,"P"," ","0",0,"P"," ","0",0,"P"," ","0",0,"P"," ","0",NA," "," "," "
"947","USC00392565",2002,11,"SNOW",0,"P"," ","0",0,"P"," ","0",0,"P"," ","0",0,"P"," ","0",0,"P"," ","0",0,"P"," ","0",0,"P"," ","0",0,"P"," ","0",0,"P"," ","0",0,"P"," ","0",0,"P"," ","0",0,"P"," ","0",0,"P"," ","0",0,"P"," ","0",0,"P"," ","0",0,"P"," ","0",0,"P"," ","0",0,"P"," ","0",0,"P"," ","0",0,"P"," ","0",0,"P"," ","0",0,"P"," ","0",0,"P"," ","0",64," "," ","0",0,"P"," ","0",0,"P"," ","0",0,"P"," ","0",0,"P"," ","0",0,"P"," ","0",0,"P"," ","0",NA," "," "," "
"948","USC00392565",2002,11,"SNWD",NA," "," "," ",0,"P"," ","0",0,"P"," ","0",0,"P"," ","0",0,"P"," ","0",0,"P"," ","0",0,"P"," ","0",0,"P"," ","0",0,"P"," ","0",0,"P"," ","0",0,"P"," ","0",0,"P"," ","0",0,"P"," ","0",0,"P"," ","0",0,"P"," ","0",0,"P"," ","0",0,"P"," ","0",0,"P"," ","0",0,"P"," ","0",0,"P"," ","0",0,"P"," ","0",0,"P"," ","0",0,"P"," ","0",76," "," ","0",NA," "," "," ",NA," "," "," ",NA," "," "," ",NA," "," "," ",NA," "," "," ",NA," "," "," ",NA," "," "," "
"949","USC00392565",2002,12,"TMAX",33," "," ","0",117," "," ","0",33," "," ","0",17," "," ","0",-72," "," ","0",17," "," ","0",50," "," ","0",67," "," ","0",39," "," ","0",83," "," ","0",106," "," ","0",67," "," ","0",28," "," ","0",100," "," ","0",106," "," ","0",128," "," ","0",133," "," ","0",56," "," ","0",28," "," ","0",11," "," ","0",-11," "," ","0",-28," "," ","0",-22," "," ","0",-6," "," ","0",-6," "," ","0",-33," "," ","0",-6," "," ","0",83," "," ","0",122," "," ","0",111," "," ","0",33," "," ","0"
"950","USC00392565",2002,12,"TMIN",-61," "," ","0",-61," "," ","0",-11," "," ","0",-94," "," ","0",-156," "," ","0",-100," "," ","0",-83," "," ","0",-94," "," ","0",-83," "," ","0",-78," "," ","0",-78," "," ","0",-94," "," ","0",-83," "," ","0",-72," "," ","0",-44," "," ","0",-56," "," ","0",-56," "," ","0",-39," "," ","0",-56," "," ","0",-78," "," ","0",-94," "," ","0",-161," "," ","0",-167," "," ","0",-156," "," ","0",-167," "," ","0",-178," "," ","0",-122," "," ","0",-44," "," ","0",-17," "," ","0",-39," "," ","0",-83," "," ","0"
"951","USC00392565",2002,12,"TOBS",-17," "," ","0",6," "," ","0",-11," "," ","0",-94," "," ","0",-94," "," ","0",6," "," ","0",-67," "," ","0",-83," "," ","0",-44," "," ","0",-72," "," ","0",11," "," ","0",-83," "," ","0",-78," "," ","0",-44," "," ","0",83," "," ","0",-17," "," ","0",-6," "," ","0",-28," "," ","0",-39," "," ","0",-67," "," ","0",-78," "," ","0",-100," "," ","0",-139," "," ","0",-72," "," ","0",-33," "," ","0",-117," "," ","0",-44," "," ","0",39," "," ","0",111," "," ","0",-33," "," ","0",-39," "," ","0"
"952","USC00392565",2002,12,"PRCP",0,"P"," ","0",0,"P"," ","0",10," "," ","0",13," "," ","0",10," "," ","0",0,"P"," ","0",0,"P"," ","0",0,"P"," ","0",0,"P"," ","0",0,"P"," ","0",0,"P"," ","0",0,"P"," ","0",0,"P"," ","0",0,"P"," ","0",0,"P"," ","0",13," "," ","0",0,"P"," ","0",0,"P"," ","0",0,"P"," ","0",0,"P"," ","0",0,"P"," ","0",0,"P"," ","0",0,"P"," ","0",0,"P"," ","0",0,"P"," ","0",0,"P"," ","0",0,"P"," ","0",0,"P"," ","0",0,"P"," ","0",0,"P"," ","0",0,"P"," ","0"
"953","USC00392565",2002,12,"SNOW",0,"P"," ","0",0,"P"," ","0",0,"P"," ","0",0,"P"," ","0",NA," "," "," ",0,"P"," ","0",0,"P"," ","0",0,"P"," ","0",0,"P"," ","0",0,"P"," ","0",0,"P"," ","0",0,"P"," ","0",0,"P"," ","0",0,"P"," ","0",0,"P"," ","0",0,"P"," ","0",0,"P"," ","0",0,"P"," ","0",0,"P"," ","0",0,"P"," ","0",0,"P"," ","0",0,"P"," ","0",0,"P"," ","0",0,"P"," ","0",0,"P"," ","0",0,"P"," ","0",0,"P"," ","0",0,"P"," ","0",0,"P"," ","0",0,"P"," ","0",0,"P"," ","0"
"954","USC00392565",2002,12,"SNWD",0,"P"," ","0",0,"P"," ","0",0,"P"," ","0",0,"P"," ","0",0,"P"," ","0",0,"P"," ","0",0,"P"," ","0",0,"P"," ","0",0,"P"," ","0",0,"P"," ","0",0,"P"," ","0",0,"P"," ","0",0,"P"," ","0",0,"P"," ","0",0,"P"," ","0",0,"P"," ","0",0,"P"," ","0",0,"P"," ","0",0,"P"," ","0",0,"P"," ","0",0,"P"," ","0",0,"P"," ","0",0,"P"," ","0",0,"P"," ","0",0,"P"," ","0",0,"P"," ","0",0,"P"," ","0",0,"P"," ","0",0,"P"," ","0",0,"P"," ","0",0,"P"," ","0"
"955","USC00392565",2003,1,"TMAX",39," "," ","0",44," "," ","0",78," "," ","0",100," "," ","0",67," "," ","0",67," "," ","0",83," "," ","0",150," "," ","0",150," "," ","0",-22," "," ","0",-39," "," ","0",67," "," ","0",67," "," ","0",100," "," ","0",33," "," ","0",-67," "," ","0",-44," "," ","0",0," "," ","0",28," "," ","0",100," "," ","0",72," "," ","0",-56," "," ","0",-139," "," ","0",-50," "," ","0",33," "," ","0",-17," "," ","0",61," "," ","0",106," "," ","0",33," "," ","0",39," "," ","0",61," "," ","0"
"956","USC00392565",2003,1,"TMIN",-61," "," ","0",-100," "," ","0",-72," "," ","0",-33," "," ","0",-33," "," ","0",-33," "," ","0",-39," "," ","0",-56," "," ","0",-56," "," ","0",-172," "," ","0",-172," "," ","0",-128," "," ","0",-72," "," ","0",-106," "," ","0",-83," "," ","0",-122," "," ","0",-189," "," ","0",-167," "," ","0",-67," "," ","0",-56," "," ","0",-100," "," ","0",-183," "," ","0",-222," "," ","0",-139," "," ","0",-106," "," ","0",-178," "," ","0",-144," "," ","0",-6," "," ","0",-50," "," ","0",-61," "," ","0",-56," "," ","0"
"957","USC00392565",2003,1,"TOBS",-22," "," ","0",-72," "," ","0",-33," "," ","0",17," "," ","0",22," "," ","0",-28," "," ","0",6," "," ","0",0," "," ","0",-50," "," ","0",-122," "," ","0",-111," "," ","0",67," "," ","0",28," "," ","0",-83," "," ","0",-72," "," ","0",-89," "," ","0",-133," "," ","0",-17," "," ","0",28," "," ","0",-33," "," ","0",-67," "," ","0",-172," "," ","0",-139," "," ","0",-106," "," ","0",-33," "," ","0",-144," "," ","0",56," "," ","0",-6," "," ","0",-28," "," ","0",28," "," ","0",-28," ","I","0"
"958","USC00392565",2003,1,"PRCP",0,"P"," ","0",0,"P"," ","0",0,"P"," ","0",0,"P"," ","0",0,"P"," ","0",8," "," ","0",0,"P"," ","0",0,"P"," ","0",0,"P"," ","0",0,"P"," ","0",0,"P"," ","0",0,"P"," ","0",0,"P"," ","0",0,"P"," ","0",13," "," ","0",0,"P"," ","0",0,"P"," ","0",0,"P"," ","0",0,"P"," ","0",0,"P"," ","0",18," "," ","0",84," "," ","0",0,"P"," ","0",0,"P"," ","0",0,"P"," ","0",61," "," ","0",30," "," ","0",0,"P"," ","0",0,"P"," ","0",0,"P"," ","0",0,"P"," ","0"
"959","USC00392565",2003,1,"SNOW",0,"P"," ","0",0,"P"," ","0",0,"P"," ","0",0,"P"," ","0",0,"P"," ","0",0,"P"," ","0",0,"P"," ","0",0,"P"," ","0",0,"P"," ","0",0,"P"," ","0",0,"P"," ","0",0,"P"," ","0",0,"P"," ","0",0,"P"," ","0",NA," "," "," ",0,"P"," ","0",0,"P"," ","0",0,"P"," ","0",0,"P"," ","0",0,"P"," ","0",NA," "," "," ",NA," "," "," ",0,"P"," ","0",0,"P"," ","0",0,"P"," ","0",NA," "," "," ",0,"P"," ","0",0,"P"," ","0",0,"P"," ","0",0,"P"," ","0",0,"P"," ","0"
"960","USC00392565",2003,1,"SNWD",0,"P"," ","0",0,"P"," ","0",0,"P"," ","0",0,"P"," ","0",0,"P"," ","0",0,"P"," ","0",0,"P"," ","0",0,"P"," ","0",0,"P"," ","0",0,"P"," ","0",0,"P"," ","0",0,"P"," ","0",0,"P"," ","0",0,"P"," ","0",NA," "," "," ",NA," "," "," ",NA," "," "," ",NA," "," "," ",0,"P"," ","0",0,"P"," ","0",76," "," ","0",152," "," ","0",NA," "," "," ",NA," "," "," ",NA," "," "," ",102," "," ","0",NA," "," "," ",NA," "," "," ",NA," "," "," ",NA," "," "," ",NA," "," "," "
"961","USC00392565",2003,2,"TMAX",94," "," ","0",133," "," ","0",6," "," ","0",-17," "," ","0",-28," "," ","0",-33," "," ","0",-94," "," ","0",NA," "," "," ",-17," "," ","0",-17," "," ","0",-11," "," ","0",17," "," ","0",39," "," ","0",94," "," ","0",17," "," ","0",-17," "," ","0",78," "," ","0",6," "," ","0",61," "," ","0",33," "," ","0",67," "," ","0",39," "," ","0",-44," "," ","0",-167," "," ","0",-144," "," ","0",NA," "," "," ",17," "," ","0",-6," "," ","0",NA," "," "," ",NA," "," "," ",NA," "," "," "
"962","USC00392565",2003,2,"TMIN",-6," ","I","0",0," "," ","0",-111," "," ","0",-83," "," ","0",-94," "," ","0",-189," "," ","0",-206," "," ","0",NA," "," "," ",-144," "," ","0",-61," "," ","0",-56," "," ","0",-122," "," ","0",-83," "," ","0",-22," "," ","0",-94," "," ","0",-94," "," ","0",-72," "," ","0",-11," "," ","0",-89," "," ","0",-89," "," ","0",-72," "," ","0",-67," "," ","0",-189," "," ","0",-322," "," ","0",-267," "," ","0",NA," "," "," ",-183," "," ","0",-122," "," ","0",NA," "," "," ",NA," "," "," ",NA," "," "," "
"963","USC00392565",2003,2,"TOBS",78," "," ","0",0," "," ","0",-83," "," ","0",-61," "," ","0",-67," "," ","0",-133," "," ","0",-94," "," ","0",NA," "," "," ",-39," "," ","0",-17," "," ","0",-22," "," ","0",6," "," ","0",22," "," ","0",11," "," ","0",-89," "," ","0",-56," "," ","0",-11," "," ","0",0," "," ","0",-11," "," ","0",-28," "," ","0",6," "," ","0",-67," "," ","0",-183," "," ","0",-206," "," ","0",-156," "," ","0",NA," "," "," ",-56," "," ","0",-33," "," ","0",NA," "," "," ",NA," "," "," ",NA," "," "," "
"964","USC00392565",2003,2,"PRCP",0,"P"," ","0",0,"P"," ","0",48," "," ","0",0,"P"," ","0",0,"P"," ","0",5," "," ","0",0,"P"," ","0",0,"P"," ","0",0,"P"," ","0",38," "," ","0",0,"P"," ","0",0,"P"," ","0",0,"P"," ","0",0,"P"," ","0",0,"P"," ","0",0,"P"," ","0",10," "," ","0",51," "," ","0",0,"P"," ","0",0,"P"," ","0",0,"P"," ","0",8," "," ","0",61," "," ","0",NA," "," "," ",0,"P"," ","0",0,"P"," ","0",0,"P"," ","0",0,"P"," ","0",NA," "," "," ",NA," "," "," ",NA," "," "," "
"965","USC00392565",2003,2,"SNOW",0,"P"," ","0",0,"P"," ","0",NA," "," "," ",0,"P"," ","0",0,"P"," ","0",0,"P"," ","0",0,"P"," ","0",0,"P"," ","0",0,"P"," ","0",NA," "," "," ",0,"P"," ","0",0,"P"," ","0",0,"P"," ","0",0,"P"," ","0",0,"P"," ","0",0,"P"," ","0",0,"P"," ","0",0,"P"," ","0",0,"P"," ","0",0,"P"," ","0",0,"P"," ","0",0,"P"," ","0",NA," "," "," ",76," "," ","0",0,"P"," ","0",0,"P"," ","0",0,"P"," ","0",0,"P"," ","0",NA," "," "," ",NA," "," "," ",NA," "," "," "
"966","USC00392565",2003,2,"SNWD",0,"P"," ","0",0,"P"," ","0",NA," "," "," ",NA," "," "," ",NA," "," "," ",NA," "," "," ",NA," "," "," ",NA," "," "," ",NA," "," "," ",NA," "," "," ",NA," "," "," ",NA," "," "," ",NA," "," "," ",0,"P"," ","0",0,"P"," ","0",0,"P"," ","0",0,"P"," ","0",0,"P"," ","0",0,"P"," ","0",0,"P"," ","0",0,"P"," ","0",0,"P"," ","0",NA," "," "," ",NA," "," "," ",NA," "," "," ",NA," "," "," ",NA," "," "," ",NA," "," "," ",NA," "," "," ",NA," "," "," ",NA," "," "," "
"967","USC00392565",2003,4,"TMAX",200," "," ","0",228," "," ","0",156," "," ","0",106," "," ","0",39," "," ","0",78," "," ","0",17," "," ","0",11," "," ","0",133," "," ","0",233," "," ","0",200," "," ","0",211," "," ","0",250," "," ","0",228," "," ","0",NA," "," "," ",228," "," ","0",128," "," ","0",172," "," ","0",67," "," ","0",NA," "," "," ",144," "," ","0",NA," "," "," ",183," "," ","0",94," "," ","0",100," "," ","0",111," "," ","0",222," "," ","0",128," "," ","0",94," "," ","0",106," "," ","0",NA," "," "," "
"968","USC00392565",2003,4,"TMIN",-17," "," ","0",0," "," ","0",-28," "," ","0",-28," "," ","0",-33," "," ","0",-44," "," ","0",-39," "," ","0",-56," "," ","0",-11," "," ","0",17," "," ","0",50," "," ","0",50," "," ","0",28," "," ","0",106," "," ","0",NA," "," "," ",56," "," ","0",-28," "," ","0",44," "," ","0",-6," "," ","0",NA," "," "," ",-6," "," ","0",NA," "," "," ",67," "," ","0",56," "," ","0",6," "," ","0",17," "," ","0",-17," "," ","0",22," "," ","0",33," "," ","0",44," "," ","0",NA," "," "," "
"969","USC00392565",2003,4,"TOBS",89," "," ","0",67," "," ","0",56," "," ","0",-22," "," ","0",-17," "," ","0",-22," "," ","0",-17," "," ","0",-11," "," ","0",128," "," ","0",78," "," ","0",128," "," ","0",167," "," ","0",128," "," ","0",122," "," ","0",NA," "," "," ",61," "," ","0",61," "," ","0",61," "," ","0",56," "," ","0",NA," "," "," ",94," "," ","0",NA," "," "," ",83," "," ","0",72," "," ","0",61," "," ","0",111," "," ","0",39," "," ","0",50," "," ","0",56," "," ","0",56," "," ","0",NA," "," "," "
"970","USC00392565",2003,4,"PRCP",0,"P"," ","0",0,"P"," ","0",0,"P"," ","0",89," "," ","0",20," "," ","0",0,"P"," ","0",0,"P"," ","0",15," "," ","0",0,"P"," ","0",0,"P"," ","0",0,"P"," ","0",0,"P"," ","0",0,"P"," ","0",0,"P"," ","0",0,"P"," ","0",0,"P"," ","0",0,"P"," ","0",38," "," ","0",38," "," ","0",0,"P"," ","0",0,"P"," ","0",NA," "," "," ",NA," "," "," ",48," "," ","0",10," "," ","0",0,"P"," ","0",0,"P"," ","0",28," "," ","0",0,"P"," ","0",66," "," ","0",NA," "," "," "
"971","USC00392565",2003,4,"SNOW",0,"P"," ","0",0,"P"," ","0",0,"P"," ","0",NA," "," "," ",0,"P"," ","0",0,"P"," ","0",0,"P"," ","0",0,"P"," ","0",0,"P"," ","0",0,"P"," ","0",0,"P"," ","0",0,"P"," ","0",0,"P"," ","0",0,"P"," ","0",0,"P"," ","0",0,"P"," ","0",0,"P"," ","0",0,"P"," ","0",0,"P"," ","0",0,"P"," ","0",0,"P"," ","0",0,"P"," ","0",0,"P"," ","0",0,"P"," ","0",0,"P"," ","0",0,"P"," ","0",0,"P"," ","0",0,"P"," ","0",0,"P"," ","0",0,"P"," ","0",NA," "," "," "
"972","USC00392565",2003,4,"SNWD",0,"P"," ","0",0,"P"," ","0",0,"P"," ","0",102," "," ","0",NA," "," "," ",NA," "," "," ",NA," "," "," ",NA," "," "," ",NA," "," "," ",NA," "," "," ",0,"P"," ","0",0,"P"," ","0",0,"P"," ","0",0,"P"," ","0",0,"P"," ","0",0,"P"," ","0",0,"P"," ","0",0,"P"," ","0",0,"P"," ","0",0,"P"," ","0",0,"P"," ","0",0,"P"," ","0",0,"P"," ","0",0,"P"," ","0",0,"P"," ","0",0,"P"," ","0",0,"P"," ","0",0,"P"," ","0",0,"P"," ","0",0,"P"," ","0",NA," "," "," "
"973","USC00392565",2003,4,"DAPR",NA," "," "," ",NA," "," "," ",NA," "," "," ",NA," "," "," ",NA," "," "," ",NA," "," "," ",NA," "," "," ",NA," "," "," ",NA," "," "," ",NA," "," "," ",NA," "," "," ",NA," "," "," ",NA," "," "," ",NA," "," "," ",NA," "," "," ",NA," "," "," ",NA," "," "," ",NA," "," "," ",NA," "," "," ",NA," "," "," ",NA," "," "," ",NA," "," "," ",2," "," ","0",NA," "," "," ",NA," "," "," ",NA," "," "," ",NA," "," "," ",NA," "," "," ",NA," "," "," ",NA," "," "," ",NA," "," "," "
"974","USC00392565",2003,4,"MDPR",NA," "," "," ",NA," "," "," ",NA," "," "," ",NA," "," "," ",NA," "," "," ",NA," "," "," ",NA," "," "," ",NA," "," "," ",NA," "," "," ",NA," "," "," ",NA," "," "," ",NA," "," "," ",NA," "," "," ",NA," "," "," ",NA," "," "," ",NA," "," "," ",NA," "," "," ",NA," "," "," ",NA," "," "," ",NA," "," "," ",NA," "," "," ",NA," "," "," ",10," "," ","0",NA," "," "," ",NA," "," "," ",NA," "," "," ",NA," "," "," ",NA," "," "," ",NA," "," "," ",NA," "," "," ",NA," "," "," "
"975","USC00392565",2003,5,"TMAX",56," "," ","0",78," "," ","0",183," "," ","0",194," "," ","0",194," "," ","0",122," "," ","0",NA," "," "," ",183," "," ","0",117," "," ","0",117," "," ","0",100," "," ","0",NA," "," "," ",189," "," ","0",167," "," ","0",200," "," ","0",233," "," ","0",NA," "," "," ",244," "," ","0",200," "," ","0",89," "," ","0",139," "," ","0",206," "," ","0",206," "," ","0",256," "," ","0",239," "," ","0",200," "," ","0",261," "," ","0",278," "," ","0",NA," "," "," ",333," "," ","0",NA," "," "," "
"976","USC00392565",2003,5,"TMIN",11," "," ","0",11," "," ","0",11," "," ","0",22," "," ","0",22," "," ","0",-17," "," ","0",NA," "," "," ",-17," "," ","0",22," "," ","0",22," "," ","0",6," "," ","0",NA," "," "," ",28," "," ","0",22," "," ","0",67," "," ","0",89," "," ","0",NA," "," "," ",78," "," ","0",17," "," ","0",-44," "," ","0",28," "," ","0",100," "," ","0",78," "," ","0",67," "," ","0",100," "," ","0",117," "," ","0",133," "," ","0",111," "," ","0",NA," "," "," ",NA," "," "," ",100," "," ","0"
"977","USC00392565",2003,5,"TOBS",33," "," ","0",22," "," ","0",178," "," ","0",72," "," ","0",61," "," ","0",11," "," ","0",NA," "," "," ",72," "," ","0",28," "," ","0",50," "," ","0",67," "," ","0",NA," "," "," ",122," "," ","0",111," "," ","0",144," "," ","0",133," "," ","0",NA," "," "," ",122," "," ","0",56," "," ","0",39," "," ","0",100," "," ","0",122," "," ","0",133," "," ","0",172," "," ","0",200," "," ","0",156," "," ","0",189," "," ","0",156," "," ","0",NA," "," "," ",NA," "," "," ",111," "," ","0"
"978","USC00392565",2003,5,"PRCP",140," "," ","0",43," "," ","0",0,"P"," ","0",18," "," ","0",0,"P"," ","0",0,"P"," ","0",0,"P"," ","0",0,"P"," ","0",122," "," ","0",0,"P"," ","0",3," "," ","0",0,"P"," ","0",0,"P"," ","0",0,"P"," ","0",0,"P"," ","0",0,"P"," ","0",NA," "," "," ",NA," "," "," ",13," "," ","0",0,"P"," ","0",0,"P"," ","0",0,"P"," ","0",0,"P"," ","0",0,"P"," ","0",0,"P"," ","0",0,"P"," ","0",0,"P"," ","0",0,"P"," ","0",0,"P"," ","0",0,"P"," ","0",18," "," ","0"
"979","USC00392565",2003,5,"SNOW",0,"P"," ","0",0,"P"," ","0",0,"P"," ","0",0,"P"," ","0",0,"P"," ","0",0,"P"," ","0",0,"P"," ","0",0,"P"," ","0",0,"P"," ","0",0,"P"," ","0",0,"P"," ","0",0,"P"," ","0",0,"P"," ","0",0,"P"," ","0",0,"P"," ","0",0,"P"," ","0",0,"P"," ","0",0,"P"," ","0",0,"P"," ","0",0,"P"," ","0",0,"P"," ","0",0,"P"," ","0",0,"P"," ","0",0,"P"," ","0",0,"P"," ","0",0,"P"," ","0",0,"P"," ","0",0,"P"," ","0",0,"P"," ","0",0,"P"," ","0",NA," "," "," "
"980","USC00392565",2003,5,"SNWD",0,"P"," ","0",0,"P"," ","0",0,"P"," ","0",0,"P"," ","0",0,"P"," ","0",0,"P"," ","0",0,"P"," ","0",0,"P"," ","0",0,"P"," ","0",0,"P"," ","0",0,"P"," ","0",0,"P"," ","0",0,"P"," ","0",0,"P"," ","0",0,"P"," ","0",0,"P"," ","0",0,"P"," ","0",0,"P"," ","0",0,"P"," ","0",0,"P"," ","0",0,"P"," ","0",0,"P"," ","0",0,"P"," ","0",0,"P"," ","0",0,"P"," ","0",0,"P"," ","0",0,"P"," ","0",0,"P"," ","0",0,"P"," ","0",0,"P"," ","0",0,"P"," ","0"
"981","USC00392565",2003,5,"DAPR",NA," "," "," ",NA," "," "," ",NA," "," "," ",NA," "," "," ",NA," "," "," ",NA," "," "," ",NA," "," "," ",NA," "," "," ",NA," "," "," ",NA," "," "," ",NA," "," "," ",NA," "," "," ",NA," "," "," ",NA," "," "," ",NA," "," "," ",NA," "," "," ",NA," "," "," ",2," "," ","0",NA," "," "," ",NA," "," "," ",NA," "," "," ",NA," "," "," ",NA," "," "," ",NA," "," "," ",NA," "," "," ",NA," "," "," ",NA," "," "," ",NA," "," "," ",NA," "," "," ",NA," "," "," ",NA," "," "," "
"982","USC00392565",2003,5,"MDPR",NA," "," "," ",NA," "," "," ",NA," "," "," ",NA," "," "," ",NA," "," "," ",NA," "," "," ",NA," "," "," ",NA," "," "," ",NA," "," "," ",NA," "," "," ",NA," "," "," ",NA," "," "," ",NA," "," "," ",NA," "," "," ",NA," "," "," ",NA," "," "," ",NA," "," "," ",15," "," ","0",NA," "," "," ",NA," "," "," ",NA," "," "," ",NA," "," "," ",NA," "," "," ",NA," "," "," ",NA," "," "," ",NA," "," "," ",NA," "," "," ",NA," "," "," ",NA," "," "," ",NA," "," "," ",NA," "," "," "
"983","USC00392565",2003,6,"TMAX",233," "," ","0",200," "," ","0",217," "," ","0",217," "," ","0",183," "," ","0",122," "," ","0",144," "," ","0",111," "," ","0",211," "," ","0",244," "," ","0",217," "," ","0",244," "," ","0",239," "," ","0",244," "," ","0",250," "," ","0",283," "," ","0",272," "," ","0",211," "," ","0",233," "," ","0",NA," "," "," ",244," "," ","0",250," "," ","0",239," "," ","0",183," "," ","0",133," "," ","0",150," "," ","0",217," "," ","0",256," "," ","0",228," "," ","0",228," "," ","0",NA," "," "," "
"984","USC00392565",2003,6,"TMIN",78," "," ","0",72," "," ","0",67," "," ","0",50," "," ","0",50," "," ","0",50," "," ","0",39," "," ","0",6," "," ","0",83," "," ","0",56," "," ","0",94," "," ","0",94," "," ","0",100," "," ","0",111," "," ","0",117," "," ","0",144," "," ","0",128," "," ","0",111," "," ","0",139," "," ","0",NA," "," "," ",111," "," ","0",111," "," ","0",117," "," ","0",61," "," ","0",56," "," ","0",39," "," ","0",67," "," ","0",117," "," ","0",94," "," ","0",128," "," ","0",NA," "," "," "
"985","USC00392565",2003,6,"TOBS",178," "," ","0",178," "," ","0",167," "," ","0",106," "," ","0",83," "," ","0",78," "," ","0",39," "," ","0",83," "," ","0",156," "," ","0",139," "," ","0",167," "," ","0",161," "," ","0",150," "," ","0",161," "," ","0",222," "," ","0",194," "," ","0",150," "," ","0",200," "," ","0",167," "," ","0",NA," "," "," ",178," "," ","0",156," "," ","0",150," "," ","0",89," "," ","0",67," "," ","0",117," "," ","0",150," "," ","0",161," "," ","0",156," "," ","0",178," "," ","0",NA," "," "," "
"986","USC00392565",2003,6,"PRCP",0,"P"," ","0",61," "," ","0",0,"P"," ","0",0,"P"," ","0",0,"P"," ","0",61," "," ","0",33," "," ","0",140," "," ","0",0,"P"," ","0",0,"P"," ","0",28," "," ","0",0,"P"," ","0",46," "," ","0",18," "," ","0",69," "," ","0",8," "," ","0",241," "," ","0",81," "," ","0",0,"P"," ","0",NA," "," "," ",NA," "," "," ",15," "," ","0",13," "," ","0",170," "," ","0",61," "," ","0",0,"P"," ","0",0,"P"," ","0",0,"P"," ","0",10," "," ","0",0,"P"," ","0",NA," "," "," "
"987","USC00392565",2003,6,"SNOW",0,"P"," ","0",0,"P"," ","0",0,"P"," ","0",0,"P"," ","0",0,"P"," ","0",0,"P"," ","0",0,"P"," ","0",0,"P"," ","0",0,"P"," ","0",0,"P"," ","0",0,"P"," ","0",0,"P"," ","0",0,"P"," ","0",0,"P"," ","0",0,"P"," ","0",0,"P"," ","0",0,"P"," ","0",0,"P"," ","0",0,"P"," ","0",0,"P"," ","0",0,"P"," ","0",0,"P"," ","0",0,"P"," ","0",0,"P"," ","0",0,"P"," ","0",0,"P"," ","0",0,"P"," ","0",0,"P"," ","0",0,"P"," ","0",0,"P"," ","0",NA," "," "," "
"988","USC00392565",2003,6,"SNWD",0,"P"," ","0",0,"P"," ","0",0,"P"," ","0",0,"P"," ","0",0,"P"," ","0",0,"P"," ","0",0,"P"," ","0",0,"P"," ","0",0,"P"," ","0",0,"P"," ","0",0,"P"," ","0",0,"P"," ","0",0,"P"," ","0",0,"P"," ","0",0,"P"," ","0",0,"P"," ","0",0,"P"," ","0",0,"P"," ","0",0,"P"," ","0",0,"P"," ","0",0,"P"," ","0",0,"P"," ","0",0,"P"," ","0",0,"P"," ","0",0,"P"," ","0",0,"P"," ","0",0,"P"," ","0",0,"P"," ","0",0,"P"," ","0",0,"P"," ","0",NA," "," "," "
"989","USC00392565",2003,6,"DAPR",NA," "," "," ",NA," "," "," ",NA," "," "," ",NA," "," "," ",NA," "," "," ",NA," "," "," ",NA," "," "," ",NA," "," "," ",NA," "," "," ",NA," "," "," ",NA," "," "," ",NA," "," "," ",NA," "," "," ",NA," "," "," ",NA," "," "," ",NA," "," "," ",NA," "," "," ",NA," "," "," ",NA," "," "," ",NA," "," "," ",2," "," ","0",NA," "," "," ",NA," "," "," ",NA," "," "," ",NA," "," "," ",NA," "," "," ",NA," "," "," ",NA," "," "," ",NA," "," "," ",NA," "," "," ",NA," "," "," "
"990","USC00392565",2003,6,"MDPR",NA," "," "," ",NA," "," "," ",NA," "," "," ",NA," "," "," ",NA," "," "," ",NA," "," "," ",NA," "," "," ",NA," "," "," ",NA," "," "," ",NA," "," "," ",NA," "," "," ",NA," "," "," ",NA," "," "," ",NA," "," "," ",NA," "," "," ",NA," "," "," ",NA," "," "," ",NA," "," "," ",NA," "," "," ",NA," "," "," ",30," "," ","0",NA," "," "," ",NA," "," "," ",NA," "," "," ",NA," "," "," ",NA," "," "," ",NA," "," "," ",NA," "," "," ",NA," "," "," ",NA," "," "," ",NA," "," "," "
"991","USC00392565",2003,7,"TMAX",NA," "," "," ",344," "," ","0",333," "," ","0",328," "," ","0",300," "," ","0",322," "," ","0",283," "," ","0",339," "," ","0",NA," "," "," ",NA," "," "," ",NA," "," "," ",NA," "," "," ",328," "," ","0",378," "," ","0",378," "," ","0",356," "," ","0",367," "," ","0",367," "," ","0",317," "," ","0",350," "," ","0",328," "," ","0",333," "," ","0",356," "," ","0",383," "," ","0",367," "," ","0",306," "," ","0",278," "," ","0",NA," "," "," ",306," "," ","0",317," "," ","0",306," "," ","0"
"992","USC00392565",2003,7,"TMIN",NA," "," "," ",139," "," ","0",172," "," ","0",172," "," ","0",122," "," ","0",122," "," ","0",144," "," ","0",111," "," ","0",NA," "," "," ",NA," "," "," ",NA," "," "," ",161," "," ","0",161," "," ","0",178," "," ","0",194," "," ","0",189," "," ","0",244," "," ","0",206," "," ","0",161," "," ","0",189," "," ","0",183," "," ","0",150," "," ","0",161," "," ","0",161," "," ","0",183," "," ","0",194," "," ","0",133," "," ","0",NA," "," "," ",161," "," ","0",117," "," ","0",150," "," ","0"
"993","USC00392565",2003,7,"TOBS",NA," "," "," ",272," "," ","0",278," "," ","0",172," "," ","0",189," "," ","0",222," "," ","0",194," "," ","0",206," "," ","0",NA," "," "," ",NA," "," "," ",NA," "," "," ",161," "," ","0",267," "," ","0",211," "," ","0",211," "," ","0",311," "," ","0",289," "," ","0",228," "," ","0",211," "," ","0",317," "," ","0",194," "," ","0",189," "," ","0",239," "," ","0",250," "," ","0",256," "," ","0",200," "," ","0",161," "," ","0",NA," "," "," ",250," "," ","0",178," "," ","0",211," "," ","0"
"994","USC00392565",2003,7,"PRCP",0,"P"," ","0",0,"P"," ","0",0,"P"," ","0",0,"P"," ","0",0,"P"," ","0",0,"P"," ","0",0,"P"," ","0",0,"P"," ","0",0,"P"," ","0",0,"P"," ","0",0,"P"," ","0",0,"P"," ","0",0,"P"," ","0",0,"P"," ","0",0,"P"," ","0",0,"P"," ","0",0,"P"," ","0",0,"P"," ","0",0,"P"," ","0",0,"P"," ","0",0,"P"," ","0",0,"P"," ","0",0,"P"," ","0",0,"P"," ","0",150," "," ","0",0,"P"," ","0",5," "," ","0",0,"P"," ","0",0,"P"," ","0",0,"P"," ","0",0,"P"," ","0"
"995","USC00392565",2003,7,"SNOW",0,"P"," ","0",0,"P"," ","0",0,"P"," ","0",0,"P"," ","0",0,"P"," ","0",0,"P"," ","0",0,"P"," ","0",0,"P"," ","0",0,"P"," ","0",0,"P"," ","0",0,"P"," ","0",0,"P"," ","0",0,"P"," ","0",0,"P"," ","0",0,"P"," ","0",0,"P"," ","0",0,"P"," ","0",0,"P"," ","0",0,"P"," ","0",0,"P"," ","0",0,"P"," ","0",0,"P"," ","0",0,"P"," ","0",0,"P"," ","0",0,"P"," ","0",0,"P"," ","0",0,"P"," ","0",0,"P"," ","0",0,"P"," ","0",0,"P"," ","0",0,"P"," ","0"
"996","USC00392565",2003,7,"SNWD",0,"P"," ","0",0,"P"," ","0",0,"P"," ","0",0,"P"," ","0",0,"P"," ","0",0,"P"," ","0",0,"P"," ","0",0,"P"," ","0",0,"P"," ","0",0,"P"," ","0",0,"P"," ","0",0,"P"," ","0",0,"P"," ","0",0,"P"," ","0",0,"P"," ","0",0,"P"," ","0",0,"P"," ","0",0,"P"," ","0",0,"P"," ","0",0,"P"," ","0",0,"P"," ","0",0,"P"," ","0",0,"P"," ","0",0,"P"," ","0",0,"P"," ","0",0,"P"," ","0",0,"P"," ","0",0,"P"," ","0",0,"P"," ","0",0,"P"," ","0",0,"P"," ","0"
"997","USC00392565",2003,8,"TMAX",328," "," ","0",289," "," ","0",NA," "," "," ",NA," "," "," ",328," "," ","0",311," "," ","0",311," "," ","0",328," "," ","0",339," "," ","0",333," "," ","0",317," "," ","0",328," "," ","0",339," "," ","0",350," "," ","0",344," "," ","0",339," "," ","0",344," "," ","0",328," "," ","0",267," "," ","0",250," "," ","0",306," "," ","0",NA," "," "," ",NA," "," "," ",NA," "," "," ",344," "," ","0",311," "," ","0",317," "," ","0",333," "," ","0",NA," "," "," ",294," "," ","0",133," "," ","0"
"998","USC00392565",2003,8,"TMIN",150," "," ","0",167," "," ","0",NA," "," "," ",NA," "," "," ",144," "," ","0",178," "," ","0",194," "," ","0",178," "," ","0",189," "," ","0",144," "," ","0",183," "," ","0",194," "," ","0",189," "," ","0",167," "," ","0",150," "," ","0",156," "," ","0",161," "," ","0",144," "," ","0",144," "," ","0",122," "," ","0",133," "," ","0",NA," "," "," ",NA," "," "," ",NA," "," "," ",156," "," ","0",144," "," ","0",144," "," ","0",111," "," ","0",NA," "," "," ",111," "," ","0",117," "," ","0"
"999","USC00392565",2003,8,"TOBS",189," "," ","0",189," "," ","0",NA," "," "," ",NA," "," "," ",250," "," ","0",194," "," ","0",206," "," ","0",194," "," ","0",233," "," ","0",189," "," ","0",261," "," ","0",206," "," ","0",206," "," ","0",189," "," ","0",261," "," ","0",306," "," ","0",206," "," ","0",172," "," ","0",200," "," ","0",211," "," ","0",183," "," ","0",NA," "," "," ",NA," "," "," ",NA," "," "," ",233," "," ","0",233," "," ","0",250," "," ","0",228," "," ","0",NA," "," "," ",111," "," ","0",133," "," ","0"
"1000","USC00392565",2003,8,"PRCP",0,"P"," ","0",0,"P"," ","0",0,"P"," ","0",0,"P"," ","0",0,"P"," ","0",0,"P"," ","0",0,"P"," ","0",43," "," ","0",0,"P"," ","0",15," "," ","0",0,"P"," ","0",0,"P"," ","0",0,"P"," ","0",0,"P"," ","0",0,"P"," ","0",0,"P"," ","0",0,"P"," ","0",762," "," ","0",0,"P"," ","0",66," "," ","0",0,"P"," ","0",0,"P"," ","0",0,"P"," ","0",0,"P"," ","0",0,"P"," ","0",30," "," ","0",0,"P"," ","0",0,"P"," ","0",0,"P"," ","0",0,"P"," ","0",46," "," ","0"
"1001","USC00392565",2003,8,"SNOW",0,"P"," ","0",0,"P"," ","0",0,"P"," ","0",0,"P"," ","0",0,"P"," ","0",0,"P"," ","0",0,"P"," ","0",0,"P"," ","0",0,"P"," ","0",0,"P"," ","0",0,"P"," ","0",0,"P"," ","0",0,"P"," ","0",0,"P"," ","0",0,"P"," ","0",0,"P"," ","0",0,"P"," ","0",0,"P"," ","0",0,"P"," ","0",0,"P"," ","0",0,"P"," ","0",0,"P"," ","0",0,"P"," ","0",0,"P"," ","0",0,"P"," ","0",0,"P"," ","0",0,"P"," ","0",0,"P"," ","0",0,"P"," ","0",0,"P"," ","0",0,"P"," ","0"
"1002","USC00392565",2003,8,"SNWD",0,"P"," ","0",0,"P"," ","0",0,"P"," ","0",0,"P"," ","0",0,"P"," ","0",0,"P"," ","0",0,"P"," ","0",0,"P"," ","0",0,"P"," ","0",0,"P"," ","0",0,"P"," ","0",0,"P"," ","0",0,"P"," ","0",0,"P"," ","0",0,"P"," ","0",0,"P"," ","0",0,"P"," ","0",0,"P"," ","0",0,"P"," ","0",0,"P"," ","0",0,"P"," ","0",0,"P"," ","0",0,"P"," ","0",0,"P"," ","0",0,"P"," ","0",0,"P"," ","0",0,"P"," ","0",0,"P"," ","0",0,"P"," ","0",0,"P"," ","0",0,"P"," ","0"
"1003","USC00392565",2003,9,"TMAX",200," "," ","0",278," "," ","0",272," "," ","0",244," "," ","0",300," "," ","0",317," "," ","0",300," "," ","0",278," "," ","0",278," "," ","0",206," "," ","0",139," "," ","0",194," "," ","0",222," "," ","0",144," "," ","0",194," "," ","0",111," ","I","0",250," "," ","0",128," "," ","0",122," "," ","0",183," "," ","0",217," "," ","0",178," "," ","0",200," "," ","0",256," "," ","0",150," "," ","0",233," "," ","0",122," "," ","0",156," "," ","0",156," "," ","0",106," "," ","0",NA," "," "," "
"1004","USC00392565",2003,9,"TMIN",94," "," ","0",122," "," ","0",94," "," ","0",106," "," ","0",128," "," ","0",133," "," ","0",150," "," ","0",144," "," ","0",83," "," ","0",111," "," ","0",78," "," ","0",56," "," ","0",50," "," ","0",6," "," ","0",33," "," ","0",261," ","I","0",106," "," ","0",-6," "," ","0",11," "," ","0",56," "," ","0",22," "," ","0",0," "," ","0",50," "," ","0",22," "," ","0",17," "," ","0",67," "," ","0",-6," "," ","0",-6," "," ","0",28," "," ","0",28," "," ","0",NA," "," "," "
"1005","USC00392565",2003,9,"TOBS",200," "," ","0",233," "," ","0",156," "," ","0",200," "," ","0",244," "," ","0",206," "," ","0",189," "," ","0",183," "," ","0",139," "," ","0",111," "," ","0",133," "," ","0",144," "," ","0",61," "," ","0",78," "," ","0",133," "," ","0",244," "," ","0",122," "," ","0",33," "," ","0",106," "," ","0",111," "," ","0",44," "," ","0",78," "," ","0",56," "," ","0",78," "," ","0",61," "," ","0",111," "," ","0",72," "," ","0",33," "," ","0",78," "," ","0",44," "," ","0",NA," "," "," "
"1006","USC00392565",2003,9,"PRCP",0,"P"," ","0",0,"P"," ","0",0,"P"," ","0",0,"P"," ","0",0,"P"," ","0",0,"P"," ","0",0,"P"," ","0",0,"P"," ","0",51," "," ","0",292," "," ","0",0,"P"," ","0",0,"P"," ","0",53," "," ","0",0,"P"," ","0",0,"P"," ","0",0,"P"," ","0",0,"P"," ","0",56," "," ","0",0,"P"," ","0",0,"P"," ","0",0,"P"," ","0",0,"P"," ","0",0,"P"," ","0",0,"P"," ","0",0,"P"," ","0",0,"P"," ","0",0,"P"," ","0",0,"P"," ","0",0,"P"," ","0",5," "," ","0",NA," "," "," "
"1007","USC00392565",2003,9,"SNOW",0,"P"," ","0",0,"P"," ","0",0,"P"," ","0",0,"P"," ","0",0,"P"," ","0",0,"P"," ","0",0,"P"," ","0",0,"P"," ","0",0,"P"," ","0",0,"P"," ","0",0,"P"," ","0",0,"P"," ","0",0,"P"," ","0",0,"P"," ","0",0,"P"," ","0",0,"P"," ","0",0,"P"," ","0",0,"P"," ","0",0,"P"," ","0",0,"P"," ","0",0,"P"," ","0",0,"P"," ","0",0,"P"," ","0",0,"P"," ","0",0,"P"," ","0",0,"P"," ","0",0,"P"," ","0",0,"P"," ","0",0,"P"," ","0",0,"P"," ","0",NA," "," "," "
"1008","USC00392565",2003,9,"SNWD",0,"P"," ","0",0,"P"," ","0",0,"P"," ","0",0,"P"," ","0",0,"P"," ","0",0,"P"," ","0",0,"P"," ","0",0,"P"," ","0",0,"P"," ","0",0,"P"," ","0",0,"P"," ","0",0,"P"," ","0",0,"P"," ","0",0,"P"," ","0",0,"P"," ","0",0,"P"," ","0",0,"P"," ","0",0,"P"," ","0",0,"P"," ","0",0,"P"," ","0",0,"P"," ","0",0,"P"," ","0",0,"P"," ","0",0,"P"," ","0",0,"P"," ","0",0,"P"," ","0",0,"P"," ","0",0,"P"," ","0",0,"P"," ","0",0,"P"," ","0",NA," "," "," "
"1009","USC00392565",2003,10,"TMAX",144," "," ","0",161," "," ","0",211," "," ","0",206," "," ","0",217," "," ","0",244," "," ","0",244," "," ","0",267," "," ","0",233," "," ","0",289," "," ","0",189," "," ","0",NA," "," "," ",200," "," ","0",111," "," ","0",117," "," ","0",117," "," ","0",128," "," ","0",267," "," ","0",261," "," ","0",261," "," ","0",NA," "," "," ",250," "," ","0",267," "," ","0",256," "," ","0",89," "," ","0",39," "," ","0",128," "," ","0",189," "," ","0",144," "," ","0",-22," ","I","0",NA," "," "," "
"1010","USC00392565",2003,10,"TMIN",-6," "," ","0",33," "," ","0",0," "," ","0",33," "," ","0",56," "," ","0",50," "," ","0",78," "," ","0",56," "," ","0",78," "," ","0",61," "," ","0",11," "," ","0",-11," "," ","0",39," "," ","0",-22," "," ","0",-22," "," ","0",39," "," ","0",11," "," ","0",56," "," ","0",39," "," ","0",56," "," ","0",50," "," ","0",67," "," ","0",56," "," ","0",0," "," ","0",-50," "," ","0",-56," "," ","0",33," "," ","0",22," "," ","0",28," "," ","0",-50," "," ","0",NA," "," "," "
"1011","USC00392565",2003,10,"TOBS",78," "," ","0",61," "," ","0",44," "," ","0",94," "," ","0",117," "," ","0",128," "," ","0",133," "," ","0",122," "," ","0",83," "," ","0",94," "," ","0",33," "," ","0",78," "," ","0",44," "," ","0",33," "," ","0",100," "," ","0",106," "," ","0",56," "," ","0",89," "," ","0",78," "," ","0",94," "," ","0",128," "," ","0",89," "," ","0",56," "," ","0",11," "," ","0",-6," "," ","0",39," "," ","0",72," "," ","0",33," "," ","0",144," "," ","0",-44," "," ","0",NA," "," "," "
"1012","USC00392565",2003,10,"PRCP",0,"P"," ","0",0,"P"," ","0",0,"P"," ","0",0,"P"," ","0",0,"P"," ","0",0,"P"," ","0",0,"P"," ","0",0,"P"," ","0",0,"P"," ","0",0,"P"," ","0",0,"P"," ","0",0,"P"," ","0",0,"P"," ","0",84," "," ","0",0,"P"," ","0",0,"P"," ","0",0,"P"," ","0",0,"P"," ","0",0,"P"," ","0",0,"P"," ","0",0,"P"," ","0",0,"P"," ","0",0,"P"," ","0",0,"P"," ","0",0,"P"," ","0",0,"P"," ","0",0,"P"," ","0",0,"P"," ","0",28," "," ","0",0,"P"," ","0",51," "," ","0"
"1013","USC00392565",2003,10,"SNOW",0,"P"," ","0",0,"P"," ","0",0,"P"," ","0",0,"P"," ","0",0,"P"," ","0",0,"P"," ","0",0,"P"," ","0",0,"P"," ","0",0,"P"," ","0",0,"P"," ","0",0,"P"," ","0",0,"P"," ","0",0,"P"," ","0",0,"P"," ","0",0,"P"," ","0",0,"P"," ","0",0,"P"," ","0",0,"P"," ","0",0,"P"," ","0",0,"P"," ","0",0,"P"," ","0",0,"P"," ","0",0,"P"," ","0",0,"P"," ","0",0,"P"," ","0",0,"P"," ","0",0,"P"," ","0",0,"P"," ","0",0,"P"," ","0",0,"P"," ","0",NA," "," "," "
"1014","USC00392565",2003,10,"SNWD",0,"P"," ","0",0,"P"," ","0",0,"P"," ","0",0,"P"," ","0",0,"P"," ","0",0,"P"," ","0",0,"P"," ","0",0,"P"," ","0",0,"P"," ","0",0,"P"," ","0",0,"P"," ","0",0,"P"," ","0",0,"P"," ","0",0,"P"," ","0",0,"P"," ","0",0,"P"," ","0",0,"P"," ","0",0,"P"," ","0",0,"P"," ","0",0,"P"," ","0",0,"P"," ","0",0,"P"," ","0",0,"P"," ","0",0,"P"," ","0",0,"P"," ","0",0,"P"," ","0",0,"P"," ","0",0,"P"," ","0",0,"P"," ","0",0,"P"," ","0",76," "," ","0"
"1015","USC00392565",2003,11,"TMAX",-22," "," ","0",0," "," ","0",-6," "," ","0",-33," "," ","0",-17," "," ","0",-50," "," ","0",-17," "," ","0",6," "," ","0",39," "," ","0",100," "," ","0",78," "," ","0",67," "," ","0",22," "," ","0",133," "," ","0",78," "," ","0",89," "," ","0",94," "," ","0",NA," "," "," ",100," "," ","0",144," "," ","0",72," "," ","0",-56," "," ","0",NA," "," "," ",-94," "," ","0",22," "," ","0",-11," "," ","0",NA," "," "," ",11," "," ","0",56," "," ","0",111," "," ","0",NA," "," "," "
"1016","USC00392565",2003,11,"TMIN",-78," "," ","0",-72," "," ","0",-56," "," ","0",-67," "," ","0",-211," "," ","0",-183," "," ","0",-150," "," ","0",-128," "," ","0",-111," "," ","0",-67," "," ","0",-50," "," ","0",-50," "," ","0",-172," ","S","0",-39," "," ","0",-39," "," ","0",-61," "," ","0",-50," "," ","0",NA," "," "," ",-39," "," ","0",33," "," ","0",-56," "," ","0",-117," "," ","0",-222," "," ","0",-189," "," ","0",-106," "," ","0",-161," "," ","0",NA," "," "," ",-150," "," ","0",-122," "," ","0",-39," "," ","0",NA," "," "," "
"1017","USC00392565",2003,11,"TOBS",-50," "," ","0",-17," "," ","0",-44," "," ","0",-67," "," ","0",-178," "," ","0",-133," "," ","0",-111," "," ","0",-100," "," ","0",-67," "," ","0",50," "," ","0",-44," "," ","0",-44," "," ","0",-39," "," ","0",33," "," ","0",56," "," ","0",-50," "," ","0",78," "," ","0",NA," "," "," ",67," "," ","0",50," "," ","0",-56," "," ","0",-111," "," ","0",NA," "," "," ",-106," "," ","0",-50," "," ","0",-150," "," ","0",NA," "," "," ",-122," "," ","0",-33," "," ","0",-17," "," ","0",NA," "," "," "
"1018","USC00392565",2003,11,"PRCP",81," "," ","0",0,"P"," ","0",0,"P"," ","0",53," "," ","0",41," "," ","0",0,"P"," ","0",0,"P"," ","0",0,"P"," ","0",0,"P"," ","0",0,"P"," ","0",0,"P"," ","0",0,"P"," ","0",0,"P"," ","0",0,"P"," ","0",0,"P"," ","0",0,"P"," ","0",0,"P"," ","0",0,"P"," ","0",0,"P"," ","0",0,"P"," ","0",0,"P"," ","0",41," "," ","0",0,"P"," ","0",0,"P"," ","0",0,"P"," ","0",0,"P"," ","0",0,"P"," ","0",0,"P"," ","0",0,"P"," ","0",0,"P"," ","0",NA," "," "," "
"1019","USC00392565",2003,11,"SNOW",NA," "," "," ",0,"P"," ","0",0,"P"," ","0",NA," "," "," ",NA," "," "," ",0,"P"," ","0",0,"P"," ","0",0,"P"," ","0",0,"P"," ","0",0,"P"," ","0",0,"P"," ","0",0,"P"," ","0",0,"P"," ","0",0,"P"," ","0",0,"P"," ","0",0,"P"," ","0",0,"P"," ","0",0,"P"," ","0",0,"P"," ","0",0,"P"," ","0",0,"P"," ","0",NA," "," "," ",0,"P"," ","0",0,"P"," ","0",0,"P"," ","0",0,"P"," ","0",0,"P"," ","0",0,"P"," ","0",0,"P"," ","0",0,"P"," ","0",NA," "," "," "
"1020","USC00392565",2003,11,"SNWD",127," "," ","0",NA," "," "," ",NA," "," "," ",178," "," ","0",51," "," ","0",NA," "," "," ",NA," "," "," ",NA," "," "," ",NA," "," "," ",NA," "," "," ",NA," "," "," ",0,"P"," ","0",0,"P"," ","0",0,"P"," ","0",0,"P"," ","0",0,"P"," ","0",0,"P"," ","0",0,"P"," ","0",0,"P"," ","0",0,"P"," ","0",0,"P"," ","0",102," "," ","0",NA," "," "," ",NA," "," "," ",NA," "," "," ",NA," "," "," ",NA," "," "," ",NA," "," "," ",NA," "," "," ",NA," "," "," ",NA," "," "," "
"1021","USC00392565",2003,12,"TMAX",83," "," ","0",33," "," ","0",111," "," ","0",72," "," ","0",NA," "," "," ",17," "," ","0",111," "," ","0",139," "," ","0",-11," "," ","0",6," "," ","0",-22," "," ","0",-67," "," ","0",6," "," ","0",44," "," ","0",NA," "," "," ",89," "," ","0",56," "," ","0",NA," "," "," ",72," "," ","0",83," "," ","0",128," "," ","0",NA," "," "," ",50," "," ","0",61," "," ","0",100," "," ","0",56," "," ","0",78," "," ","0",-28," "," ","0",-28," "," ","0",6," "," ","0",-28," "," ","0"
"1022","USC00392565",2003,12,"TMIN",-28," "," ","0",-28," "," ","0",-50," "," ","0",-39," "," ","0",-133," "," ","0",-56," "," ","0",-11," "," ","0",-17," "," ","0",-89," "," ","0",-133," "," ","0",-150," "," ","0",-172," "," ","0",-122," "," ","0",-56," "," ","0",NA," "," "," ",-111," "," ","0",-44," "," ","0",NA," "," "," ",-106," "," ","0",-39," "," ","0",-44," "," ","0",NA," "," "," ",-89," "," ","0",-72," "," ","0",-17," ","I","0",-44," "," ","0",-33," "," ","0",-72," "," ","0",-189," "," ","0",-117," "," ","0",-167," "," ","0"
"1023","USC00392565",2003,12,"TOBS",6," "," ","0",-28," "," ","0",-28," "," ","0",-28," "," ","0",NA," "," "," ",17," "," ","0",-11," "," ","0",-17," "," ","0",-44," "," ","0",-122," "," ","0",-100," "," ","0",-83," "," ","0",-11," "," ","0",44," "," ","0",NA," "," "," ",-44," "," ","0",50," "," ","0",NA," "," "," ",6," "," ","0",78," "," ","0",-11," "," ","0",NA," "," "," ",0," "," ","0",-39," ","I","0",50," "," ","0",6," "," ","0",-33," "," ","0",-67," "," ","0",-117," "," ","0",-44," "," ","0",-78," "," ","0"
"1024","USC00392565",2003,12,"PRCP",0,"P"," ","0",0,"P"," ","0",0,"P"," ","0",0,"P"," ","0",0,"P"," ","0",0,"P"," ","0",0,"P"," ","0",25," "," ","0",0,"P"," ","0",0,"P"," ","0",0,"P"," ","0",0,"P"," ","0",0,"P"," ","0",0,"P"," ","0",0,"P"," ","0",0,"P"," ","0",0,"P"," ","0",0,"P"," ","0",0,"P"," ","0",0,"P"," ","0",0,"P"," ","0",5," "," ","0",0,"P"," ","0",0,"P"," ","0",0,"P"," ","0",0,"P"," ","0",NA," "," "," ",0,"P"," ","0",0,"P"," ","0",0,"P"," ","0",0,"P"," ","0"
"1025","USC00392565",2003,12,"SNOW",0,"P"," ","0",0,"P"," ","0",0,"P"," ","0",0,"P"," ","0",0,"P"," ","0",0,"P"," ","0",0,"P"," ","0",NA," "," "," ",0,"P"," ","0",0,"P"," ","0",0,"P"," ","0",0,"P"," ","0",0,"P"," ","0",0,"P"," ","0",0,"P"," ","0",0,"P"," ","0",0,"P"," ","0",0,"P"," ","0",0,"P"," ","0",0,"P"," ","0",0,"P"," ","0",NA," "," "," ",0,"P"," ","0",0,"P"," ","0",0,"P"," ","0",0,"P"," ","0",NA," "," "," ",0,"P"," ","0",0,"P"," ","0",0,"P"," ","0",0,"P"," ","0"
"1026","USC00392565",2003,12,"SNWD",0,"P"," ","0",0,"P"," ","0",0,"P"," ","0",0,"P"," ","0",0,"P"," ","0",0,"P"," ","0",0,"P"," ","0",25," "," ","0",NA," "," "," ",NA," "," "," ",NA," "," "," ",NA," "," "," ",NA," "," "," ",NA," "," "," ",NA," "," "," ",NA," "," "," ",0,"P"," ","0",0,"P"," ","0",0,"P"," ","0",0,"P"," ","0",0,"P"," ","0",0,"T"," ","0",0,"P"," ","0",0,"P"," ","0",0,"P"," ","0",0,"P"," ","0",0,"P"," ","0",0,"P"," ","0",0,"P"," ","0",0,"P"," ","0",0,"P"," ","0"
"1027","USC00392565",2004,3,"TMAX",0," "," ","0",-17," "," ","0",0," "," ","0",-17," "," ","0",44," "," ","0",33," "," ","0",33," "," ","0",94," "," ","0",133," "," ","0",167," "," ","0",11," "," ","0",72," "," ","0",133," "," ","0",133," "," ","0",67," "," ","0",56," "," ","0",72," "," ","0",100," "," ","0",167," "," ","0",228," "," ","0",94," "," ","0",89," "," ","0",167," "," ","0",178," "," ","0",200," "," ","0",189," "," ","0",228," "," ","0",94," "," ","0",83," "," ","0",122," "," ","0",189," "," ","0"
"1028","USC00392565",2004,3,"TMIN",-56," "," ","0",-144," "," ","0",-83," "," ","0",-100," "," ","0",-94," "," ","0",-33," "," ","0",-83," "," ","0",-33," "," ","0",-33," "," ","0",-11," "," ","0",-72," "," ","0",-44," "," ","0",-44," "," ","0",-89," "," ","0",-39," ","I","0",-33," "," ","0",0," "," ","0",11," "," ","0",22," "," ","0",-17," "," ","0",-67," "," ","0",-50," "," ","0",6," "," ","0",6," "," ","0",28," "," ","0",67," "," ","0",56," "," ","0",-17," "," ","0",-39," "," ","0",-61," "," ","0",NA," "," "," "
"1029","USC00392565",2004,3,"TOBS",-50," "," ","0",-83," "," ","0",-50," "," ","0",-28," "," ","0",-28," "," ","0",-22," "," ","0",-33," "," ","0",22," "," ","0",0," "," ","0",17," "," ","0",-6," "," ","0",-33," "," ","0",22," "," ","0",-50," ","I","0",6," "," ","0",17," "," ","0",56," "," ","0",67," "," ","0",106," "," ","0",72," "," ","0",-6," "," ","0",22," "," ","0",94," "," ","0",128," "," ","0",117," "," ","0",111," "," ","0",56," "," ","0",22," "," ","0",50," "," ","0",44," "," ","0",NA," "," "," "
"1030","USC00392565",2004,3,"PRCP",53," "," ","0",0,"P"," ","0",0,"P"," ","0",0,"P"," ","0",0,"P"," ","0",0,"P"," ","0",0,"P"," ","0",0,"P"," ","0",0,"P"," ","0",0,"P"," ","0",0,"P"," ","0",0,"P"," ","0",0,"P"," ","0",0,"P"," ","0",38," "," ","0",0,"P"," ","0",13," "," ","0",0,"P"," ","0",0,"P"," ","0",0,"P"," ","0",0,"P"," ","0",0,"P"," ","0",0,"P"," ","0",0,"P"," ","0",0,"P"," ","0",10," "," ","0",13," "," ","0",0,"P"," ","0",0,"P"," ","0",0,"P"," ","0",0,"P"," ","0"
"1031","USC00392565",2004,3,"SNOW",0,"P"," ","0",0,"P"," ","0",0,"P"," ","0",0,"P"," ","0",0,"P"," ","0",0,"P"," ","0",0,"P"," ","0",0,"P"," ","0",0,"P"," ","0",0,"P"," ","0",0,"P"," ","0",0,"P"," ","0",0,"P"," ","0",0,"P"," ","0",NA," "," "," ",0,"P"," ","0",0,"P"," ","0",0,"P"," ","0",0,"P"," ","0",0,"P"," ","0",0,"P"," ","0",0,"P"," ","0",0,"P"," ","0",0,"P"," ","0",0,"P"," ","0",0,"P"," ","0",0,"P"," ","0",0,"P"," ","0",0,"P"," ","0",0,"P"," ","0",0,"P"," ","0"
"1032","USC00392565",2004,3,"SNWD",NA," "," "," ",0,"P"," ","0",0,"P"," ","0",0,"P"," ","0",0,"P"," ","0",0,"P"," ","0",0,"P"," ","0",0,"P"," ","0",0,"P"," ","0",0,"P"," ","0",0,"P"," ","0",0,"P"," ","0",0,"P"," ","0",0,"P"," ","0",NA," "," "," ",0,"P"," ","0",0,"P"," ","0",0,"P"," ","0",0,"P"," ","0",0,"P"," ","0",0,"P"," ","0",0,"P"," ","0",0,"P"," ","0",0,"P"," ","0",0,"P"," ","0",0,"P"," ","0",0,"P"," ","0",0,"P"," ","0",0,"P"," ","0",0,"P"," ","0",0,"P"," ","0"
"1033","USC00392565",2004,4,"TMAX",256," "," ","0",256," "," ","0",156," "," ","0",100," "," ","0",211," "," ","0",183," "," ","0",189," "," ","0",156," "," ","0",139," "," ","0",78," "," ","0",94," "," ","0",28," "," ","0",78," "," ","0",206," "," ","0",222," "," ","0",200," "," ","0",NA," "," "," ",206," "," ","0",NA," "," "," ",NA," "," "," ",161," "," ","0",83," "," ","0",83," "," ","0",144," "," ","0",156," "," ","0",156," "," ","0",178," "," ","0",250," "," ","0",228," "," ","0",28," "," ","0",NA," "," "," "
"1034","USC00392565",2004,4,"TMIN",33," "," ","0",6," "," ","0",6," "," ","0",11," "," ","0",11," "," ","0",17," "," ","0",72," "," ","0",-11," "," ","0",6," "," ","0",-44," "," ","0",-33," "," ","0",-122," "," ","0",-33," ","I","0",0," "," ","0",22," "," ","0",44," "," ","0",NA," "," "," ",-22," "," ","0",NA," "," "," ",NA," "," "," ",11," "," ","0",28," "," ","0",-33," "," ","0",-6," "," ","0",-39," "," ","0",-39," "," ","0",28," "," ","0",33," "," ","0",0," "," ","0",-11," "," ","0",NA," "," "," "
"1035","USC00392565",2004,4,"TOBS",206," "," ","0",100," "," ","0",28," "," ","0",56," "," ","0",78," "," ","0",78," "," ","0",106," "," ","0",44," "," ","0",56," "," ","0",-33," "," ","0",-17," "," ","0",-111," ","I","0",0," "," ","0",89," "," ","0",106," "," ","0",111," "," ","0",NA," "," "," ",33," "," ","0",NA," "," "," ",NA," "," "," ",56," "," ","0",44," "," ","0",11," "," ","0",61," "," ","0",44," "," ","0",67," "," ","0",100," "," ","0",111," "," ","0",6," "," ","0",28," "," ","0",NA," "," "," "
"1036","USC00392565",2004,4,"PRCP",0,"P"," ","0",0,"P"," ","0",0,"P"," ","0",0,"P"," ","0",0,"P"," ","0",0,"P"," ","0",0,"P"," ","0",0,"P"," ","0",0,"P"," ","0",0,"P"," ","0",0,"P"," ","0",56," "," ","0",0,"P"," ","0",0,"P"," ","0",0,"P"," ","0",0,"P"," ","0",0,"P"," ","0",0,"P"," ","0",NA," "," "," ",NA," "," "," ",NA," "," "," ",119," "," ","0",8," "," ","0",0,"P"," ","0",0,"P"," ","0",0,"P"," ","0",0,"P"," ","0",0,"P"," ","0",25," "," ","0",0,"P"," ","0",NA," "," "," "
"1037","USC00392565",2004,4,"SNOW",0,"P"," ","0",0,"P"," ","0",0,"P"," ","0",0,"P"," ","0",0,"P"," ","0",0,"P"," ","0",0,"P"," ","0",0,"P"," ","0",0,"P"," ","0",0,"P"," ","0",0,"P"," ","0",0,"P"," ","0",0,"P"," ","0",0,"P"," ","0",0,"P"," ","0",0,"P"," ","0",0,"P"," ","0",0,"P"," ","0",0,"P"," ","0",0,"P"," ","0",0,"P"," ","0",0,"P"," ","0",0,"P"," ","0",0,"P"," ","0",0,"P"," ","0",0,"P"," ","0",0,"P"," ","0",0,"P"," ","0",0,"P"," ","0",0,"P"," ","0",NA," "," "," "
"1038","USC00392565",2004,4,"SNWD",0,"P"," ","0",0,"P"," ","0",0,"P"," ","0",0,"P"," ","0",0,"P"," ","0",0,"P"," ","0",0,"P"," ","0",0,"P"," ","0",0,"P"," ","0",0,"P"," ","0",0,"P"," ","0",0,"P"," ","0",0,"P"," ","0",0,"P"," ","0",0,"P"," ","0",0,"P"," ","0",0,"P"," ","0",0,"P"," ","0",0,"P"," ","0",0,"P"," ","0",0,"P"," ","0",0,"P"," ","0",0,"P"," ","0",0,"P"," ","0",0,"P"," ","0",0,"P"," ","0",0,"P"," ","0",0,"P"," ","0",0,"P"," ","0",0,"P"," ","0",NA," "," "," "
"1039","USC00392565",2004,4,"DAPR",NA," "," "," ",NA," "," "," ",NA," "," "," ",NA," "," "," ",NA," "," "," ",NA," "," "," ",NA," "," "," ",NA," "," "," ",NA," "," "," ",NA," "," "," ",NA," "," "," ",NA," "," "," ",NA," "," "," ",NA," "," "," ",NA," "," "," ",NA," "," "," ",NA," "," "," ",NA," "," "," ",NA," "," "," ",NA," "," "," ",3," "," ","0",NA," "," "," ",NA," "," "," ",NA," "," "," ",NA," "," "," ",NA," "," "," ",NA," "," "," ",NA," "," "," ",NA," "," "," ",NA," "," "," ",NA," "," "," "
"1040","USC00392565",2004,4,"MDPR",NA," "," "," ",NA," "," "," ",NA," "," "," ",NA," "," "," ",NA," "," "," ",NA," "," "," ",NA," "," "," ",NA," "," "," ",NA," "," "," ",NA," "," "," ",NA," "," "," ",NA," "," "," ",NA," "," "," ",NA," "," "," ",NA," "," "," ",NA," "," "," ",NA," "," "," ",NA," "," "," ",NA," "," "," ",NA," "," "," ",8," "," ","0",NA," "," "," ",NA," "," "," ",NA," "," "," ",NA," "," "," ",NA," "," "," ",NA," "," "," ",NA," "," "," ",NA," "," "," ",NA," "," "," ",NA," "," "," "
"1041","USC00392565",2004,5,"TMAX",133," "," ","0",NA," "," "," ",194," "," ","0",233," "," ","0",244," "," ","0",311," "," ","0",206," "," ","0",283," "," ","0",NA," "," "," ",267," "," ","0",256," "," ","0",222," "," ","0",94," "," ","0",56," "," ","0",139," "," ","0",189," "," ","0",156," "," ","0",150," "," ","0",150," "," ","0",256," "," ","0",167," "," ","0",228," "," ","0",172," "," ","0",228," "," ","0",128," "," ","0",183," "," ","0",206," "," ","0",233," "," ","0",267," "," ","0",189," "," ","0",128," "," ","0"
"1042","USC00392565",2004,5,"TMIN",-33," "," ","0",-39," "," ","0",33," "," ","0",67," "," ","0",67," "," ","0",117," "," ","0",83," "," ","0",111," "," ","0",NA," "," "," ",72," "," ","0",72," "," ","0",6," "," ","0",-22," "," ","0",-22," "," ","0",11," "," ","0",89," "," ","0",44," "," ","0",50," "," ","0",83," "," ","0",83," "," ","0",83," "," ","0",56," "," ","0",50," "," ","0",89," "," ","0",6," "," ","0",22," "," ","0",22," "," ","0",89," "," ","0",122," "," ","0",44," "," ","0",67," "," ","0"
"1043","USC00392565",2004,5,"TOBS",-17," "," ","0",NA," "," "," ",117," "," ","0",72," "," ","0",133," "," ","0",133," "," ","0",122," "," ","0",156," "," ","0",NA," "," "," ",56," ","I","0",172," "," ","0",17," "," ","0",-22," "," ","0",50," "," ","0",100," "," ","0",89," "," ","0",50," "," ","0",89," "," ","0",144," "," ","0",89," "," ","0",122," "," ","0",150," "," ","0",128," "," ","0",89," "," ","0",44," "," ","0",NA," "," "," ",144," "," ","0",122," "," ","0",128," "," ","0",78," "," ","0",89," "," ","0"
"1044","USC00392565",2004,5,"PRCP",0,"P"," ","0",0,"P"," ","0",0,"P"," ","0",33," "," ","0",0,"P"," ","0",0,"P"," ","0",0,"P"," ","0",0,"P"," ","0",0,"P"," ","0",0,"P"," ","0",107," "," ","0",79," "," ","0",10," "," ","0",0,"P"," ","0",0,"P"," ","0",0,"P"," ","0",18," "," ","0",0,"P"," ","0",0,"P"," ","0",20," "," ","0",102," "," ","0",0,"P"," ","0",0,"P"," ","0",8," "," ","0",0,"P"," ","0",0,"P"," ","0",0,"P"," ","0",0,"P"," ","0",0,"P"," ","0",0,"P"," ","0",5," "," ","0"
"1045","USC00392565",2004,5,"SNOW",0,"P"," ","0",0,"P"," ","0",0,"P"," ","0",0,"P"," ","0",0,"P"," ","0",0,"P"," ","0",0,"P"," ","0",0,"P"," ","0",0,"P"," ","0",0,"P"," ","0",0,"P"," ","0",0,"P"," ","0",0,"P"," ","0",0,"P"," ","0",0,"P"," ","0",0,"P"," ","0",0,"P"," ","0",0,"P"," ","0",0,"P"," ","0",0,"P"," ","0",0,"P"," ","0",0,"P"," ","0",0,"P"," ","0",0,"P"," ","0",0,"P"," ","0",0,"P"," ","0",0,"P"," ","0",0,"P"," ","0",0,"P"," ","0",0,"P"," ","0",0,"P"," ","0"
"1046","USC00392565",2004,5,"SNWD",0,"P"," ","0",0,"P"," ","0",0,"P"," ","0",0,"P"," ","0",0,"P"," ","0",0,"P"," ","0",0,"P"," ","0",0,"P"," ","0",0,"P"," ","0",0,"P"," ","0",0,"P"," ","0",0,"P"," ","0",0,"P"," ","0",0,"P"," ","0",0,"P"," ","0",0,"P"," ","0",0,"P"," ","0",0,"P"," ","0",0,"P"," ","0",0,"P"," ","0",0,"P"," ","0",0,"P"," ","0",0,"P"," ","0",0,"P"," ","0",0,"P"," ","0",0,"P"," ","0",0,"P"," ","0",0,"P"," ","0",0,"P"," ","0",0,"P"," ","0",0,"P"," ","0"
"1047","USC00392565",2004,6,"TMAX",172," "," ","0",NA," "," "," ",228," "," ","0",283," "," ","0",311," "," ","0",NA," "," "," ",356," "," ","0",294," "," ","0",178," "," ","0",178," "," ","0",239," "," ","0",183," "," ","0",239," "," ","0",256," "," ","0",283," "," ","0",256," "," ","0",106," "," ","0",133," "," ","0",100," "," ","0",161," "," ","0",211," "," ","0",183," "," ","0",256," "," ","0",261," "," ","0",172," "," ","0",217," "," ","0",228," "," ","0",206," "," ","0",233," "," ","0",283," "," ","0",NA," "," "," "
"1048","USC00392565",2004,6,"TMIN",6," "," ","0",NA," "," "," ",22," "," ","0",100," "," ","0",100," "," ","0",NA," "," "," ",111," "," ","0",139," "," ","0",106," "," ","0",111," "," ","0",89," "," ","0",50," "," ","0",78," "," ","0",67," "," ","0",89," "," ","0",100," "," ","0",67," "," ","0",61," "," ","0",56," "," ","0",50," "," ","0",56," "," ","0",33," "," ","0",61," "," ","0",94," "," ","0",89," "," ","0",89," "," ","0",89," "," ","0",61," "," ","0",122," "," ","0",139," "," ","0",NA," "," "," "
"1049","USC00392565",2004,6,"TOBS",117," "," ","0",NA," "," "," ",167," "," ","0",211," "," ","0",189," "," ","0",NA," "," "," ",139," "," ","0",161," "," ","0",117," "," ","0",150," "," ","0",111," "," ","0",128," "," ","0",161," "," ","0",133," "," ","0",144," "," ","0",100," "," ","0",83," "," ","0",61," "," ","0",56," "," ","0",122," "," ","0",117," "," ","0",117," "," ","0",217," "," ","0",94," "," ","0",122," "," ","0",172," "," ","0",117," "," ","0",139," "," ","0",183," "," ","0",206," "," ","0",NA," "," "," "
"1050","USC00392565",2004,6,"PRCP",0,"P"," ","0",0,"P"," ","0",0,"P"," ","0",0,"P"," ","0",25," "," ","0",0,"P"," ","0",0,"P"," ","0",0,"P"," ","0",0,"P"," ","0",0,"P"," ","0",0,"P"," ","0",10," "," ","0",0,"P"," ","0",0,"P"," ","0",0,"P"," ","0",0,"P"," ","0",81," "," ","0",28," "," ","0",25," "," ","0",0,"P"," ","0",196," "," ","0",0,"P"," ","0",0,"P"," ","0",3," "," ","0",10," "," ","0",0,"P"," ","0",0,"P"," ","0",0,"P"," ","0",0,"P"," ","0",224," "," ","0",NA," "," "," "
"1051","USC00392565",2004,6,"SNOW",0,"P"," ","0",0,"P"," ","0",0,"P"," ","0",0,"P"," ","0",0,"P"," ","0",0,"P"," ","0",0,"P"," ","0",0,"P"," ","0",0,"P"," ","0",0,"P"," ","0",0,"P"," ","0",0,"P"," ","0",0,"P"," ","0",0,"P"," ","0",0,"P"," ","0",0,"P"," ","0",0,"P"," ","0",0,"P"," ","0",0,"P"," ","0",0,"P"," ","0",0,"P"," ","0",0,"P"," ","0",0,"P"," ","0",0,"P"," ","0",0,"P"," ","0",0,"P"," ","0",0,"P"," ","0",0,"P"," ","0",0,"P"," ","0",0,"P"," ","0",NA," "," "," "
"1052","USC00392565",2004,6,"SNWD",0,"P"," ","0",0,"P"," ","0",0,"P"," ","0",0,"P"," ","0",0,"P"," ","0",0,"P"," ","0",0,"P"," ","0",0,"P"," ","0",0,"P"," ","0",0,"P"," ","0",0,"P"," ","0",0,"P"," ","0",0,"P"," ","0",0,"P"," ","0",0,"P"," ","0",0,"P"," ","0",0,"P"," ","0",0,"P"," ","0",0,"P"," ","0",0,"P"," ","0",0,"P"," ","0",0,"P"," ","0",0,"P"," ","0",0,"P"," ","0",0,"P"," ","0",0,"P"," ","0",0,"P"," ","0",0,"P"," ","0",0,"P"," ","0",0,"P"," ","0",NA," "," "," "
"1053","USC00392565",2004,7,"TMAX",NA," "," "," ",244," "," ","0",289," "," ","0",272," "," ","0",267," "," ","0",NA," "," "," ",233," "," ","0",294," "," ","0",267," "," ","0",311," "," ","0",300," "," ","0",339," "," ","0",328," "," ","0",300," "," ","0",328," "," ","0",328," "," ","0",300," "," ","0",339," "," ","0",367," "," ","0",356," "," ","0",333," "," ","0",311," "," ","0",194," "," ","0",139," "," ","0",183," "," ","0",250," "," ","0",306," "," ","0",294," "," ","0",294," "," ","0",256," "," ","0",283," "," ","0"
"1054","USC00392565",2004,7,"TMIN",NA," "," "," ",128," "," ","0",94," "," ","0",106," "," ","0",89," "," ","0",61," "," ","0",111," "," ","0",139," "," ","0",122," "," ","0",150," "," ","0",139," "," ","0",139," "," ","0",194," "," ","0",156," "," ","0",178," "," ","0",144," "," ","0",144," "," ","0",150," "," ","0",172," "," ","0",172," "," ","0",156," "," ","0",139," "," ","0",128," "," ","0",94," "," ","0",89," "," ","0",117," "," ","0",128," "," ","0",117," "," ","0",83," "," ","0",89," "," ","0",128," "," ","0"
"1055","USC00392565",2004,7,"TOBS",NA," "," "," ",233," "," ","0",183," "," ","0",178," "," ","0",122," "," ","0",111," "," ","0",233," "," ","0",178," "," ","0",200," "," ","0",183," "," ","0",222," "," ","0",217," "," ","0",233," "," ","0",200," "," ","0",211," "," ","0",228," "," ","0",250," "," ","0",261," "," ","0",233," "," ","0",228," "," ","0",222," "," ","0",144," "," ","0",128," "," ","0",133," "," ","0",128," "," ","0",200," "," ","0",189," "," ","0",133," "," ","0",200," "," ","0",183," "," ","0",144," "," ","0"
"1056","USC00392565",2004,7,"PRCP",0,"P"," ","0",0,"P"," ","0",0,"P"," ","0",0,"P"," ","0",51," "," ","0",48," "," ","0",0,"P"," ","0",0,"P"," ","0",0,"P"," ","0",0,"P"," ","0",5," "," ","0",0,"P"," ","0",0,"P"," ","0",46," "," ","0",0,"P"," ","0",0,"P"," ","0",0,"P"," ","0",0,"P"," ","0",0,"P"," ","0",0,"P"," ","0",43," "," ","0",61," "," ","0",51," "," ","0",142," "," ","0",0,"P"," ","0",0,"P"," ","0",0,"P"," ","0",69," "," ","0",8," "," ","0",104," "," ","0",0,"P"," ","0"
"1057","USC00392565",2004,7,"SNOW",0,"P"," ","0",0,"P"," ","0",0,"P"," ","0",0,"P"," ","0",0,"P"," ","0",NA," "," "," ",0,"P"," ","0",0,"P"," ","0",0,"P"," ","0",0,"P"," ","0",0,"P"," ","0",0,"P"," ","0",0,"P"," ","0",0,"P"," ","0",0,"P"," ","0",0,"P"," ","0",0,"P"," ","0",0,"P"," ","0",0,"P"," ","0",0,"P"," ","0",0,"P"," ","0",0,"P"," ","0",0,"P"," ","0",0,"P"," ","0",0,"P"," ","0",0,"P"," ","0",0,"P"," ","0",0,"P"," ","0",0,"P"," ","0",0,"P"," ","0",0,"P"," ","0"
"1058","USC00392565",2004,7,"SNWD",0,"P"," ","0",0,"P"," ","0",0,"P"," ","0",0,"P"," ","0",0,"P"," ","0",0,"P"," ","0",0,"P"," ","0",0,"P"," ","0",0,"P"," ","0",0,"P"," ","0",0,"P"," ","0",0,"P"," ","0",0,"P"," ","0",0,"P"," ","0",0,"P"," ","0",0,"P"," ","0",0,"P"," ","0",0,"P"," ","0",0,"P"," ","0",0,"P"," ","0",0,"P"," ","0",0,"P"," ","0",0,"P"," ","0",0,"P"," ","0",0,"P"," ","0",0,"P"," ","0",0,"P"," ","0",0,"P"," ","0",0,"P"," ","0",0,"P"," ","0",0,"P"," ","0"
"1059","USC00392565",2004,8,"TMAX",328," "," ","0",350," "," ","0",350," "," ","0",267," "," ","0",267," "," ","0",272," "," ","0",328," "," ","0",333," "," ","0",244," "," ","0",244," "," ","0",217," "," ","0",228," "," ","0",217," "," ","0",250," "," ","0",NA," "," "," ",306," "," ","0",294," "," ","0",283," "," ","0",NA," "," "," ",233," "," ","0",256," "," ","0",NA," "," "," ",300," "," ","0",300," "," ","0",256," "," ","0",250," "," ","0",217," "," ","0",183," "," ","0",239," "," ","0",239," "," ","0",294," "," ","0"
"1060","USC00392565",2004,8,"TMIN",150," "," ","0",156," "," ","0",178," "," ","0",139," "," ","0",167," "," ","0",144," "," ","0",161," "," ","0",117," "," ","0",83," "," ","0",83," "," ","0",22," "," ","0",61," "," ","0",78," "," ","0",72," "," ","0",NA," "," "," ",117," "," ","0",139," "," ","0",172," "," ","0",NA," "," "," ",56," "," ","0",94," "," ","0",NA," "," "," ",117," "," ","0",106," "," ","0",89," "," ","0",78," "," ","0",78," "," ","0",56," "," ","0",83," "," ","0",133," "," ","0",106," "," ","0"
"1061","USC00392565",2004,8,"TOBS",189," "," ","0",194," "," ","0",200," "," ","0",211," "," ","0",206," "," ","0",267," "," ","0",189," "," ","0",178," "," ","0",111," "," ","0",111," "," ","0",106," "," ","0",78," "," ","0",144," "," ","0",156," "," ","0",NA," "," "," ",211," "," ","0",178," "," ","0",183," "," ","0",NA," "," "," ",100," "," ","0",167," "," ","0",NA," "," "," ",200," "," ","0",161," "," ","0",167," "," ","0",100," "," ","0",106," "," ","0",83," "," ","0",167," "," ","0",189," "," ","0",228," "," ","0"
"1062","USC00392565",2004,8,"PRCP",0,"P"," ","0",0,"P"," ","0",0,"P"," ","0",0,"P"," ","0",0,"P"," ","0",0,"P"," ","0",0,"P"," ","0",0,"P"," ","0",0,"P"," ","0",23," "," ","0",0,"P"," ","0",0,"P"," ","0",0,"P"," ","0",0,"P"," ","0",0,"P"," ","0",0,"P"," ","0",0,"P"," ","0",0,"P"," ","0",0,"P"," ","0",0,"P"," ","0",0,"P"," ","0",NA," "," "," ",NA," "," "," ",0,"P"," ","0",0,"P"," ","0",28," "," ","0",51," "," ","0",0,"P"," ","0",0,"P"," ","0",0,"P"," ","0",0,"P"," ","0"
"1063","USC00392565",2004,8,"SNOW",0,"P"," ","0",0,"P"," ","0",0,"P"," ","0",0,"P"," ","0",0,"P"," ","0",0,"P"," ","0",0,"P"," ","0",0,"P"," ","0",0,"P"," ","0",0,"P"," ","0",0,"P"," ","0",0,"P"," ","0",0,"P"," ","0",0,"P"," ","0",0,"P"," ","0",0,"P"," ","0",0,"P"," ","0",0,"P"," ","0",0,"P"," ","0",0,"P"," ","0",0,"P"," ","0",0,"P"," ","0",0,"P"," ","0",0,"P"," ","0",0,"P"," ","0",0,"P"," ","0",0,"P"," ","0",0,"P"," ","0",0,"P"," ","0",0,"P"," ","0",0,"P"," ","0"
"1064","USC00392565",2004,8,"SNWD",0,"P"," ","0",0,"P"," ","0",0,"P"," ","0",0,"P"," ","0",0,"P"," ","0",0,"P"," ","0",0,"P"," ","0",0,"P"," ","0",0,"P"," ","0",0,"P"," ","0",0,"P"," ","0",0,"P"," ","0",0,"P"," ","0",0,"P"," ","0",0,"P"," ","0",0,"P"," ","0",0,"P"," ","0",0,"P"," ","0",0,"P"," ","0",0,"P"," ","0",0,"P"," ","0",0,"P"," ","0",0,"P"," ","0",0,"P"," ","0",0,"P"," ","0",0,"P"," ","0",0,"P"," ","0",0,"P"," ","0",0,"P"," ","0",0,"P"," ","0",0,"P"," ","0"
"1065","USC00392565",2004,8,"DAPR",NA," "," "," ",NA," "," "," ",NA," "," "," ",NA," "," "," ",NA," "," "," ",NA," "," "," ",NA," "," "," ",NA," "," "," ",NA," "," "," ",NA," "," "," ",NA," "," "," ",NA," "," "," ",NA," "," "," ",NA," "," "," ",NA," "," "," ",NA," "," "," ",NA," "," "," ",NA," "," "," ",NA," "," "," ",NA," "," "," ",NA," "," "," ",NA," "," "," ",2," "," ","0",NA," "," "," ",NA," "," "," ",NA," "," "," ",NA," "," "," ",NA," "," "," ",NA," "," "," ",NA," "," "," ",NA," "," "," "
"1066","USC00392565",2004,8,"MDPR",NA," "," "," ",NA," "," "," ",NA," "," "," ",NA," "," "," ",NA," "," "," ",NA," "," "," ",NA," "," "," ",NA," "," "," ",NA," "," "," ",NA," "," "," ",NA," "," "," ",NA," "," "," ",NA," "," "," ",NA," "," "," ",NA," "," "," ",NA," "," "," ",NA," "," "," ",NA," "," "," ",NA," "," "," ",NA," "," "," ",NA," "," "," ",NA," "," "," ",51," "," ","0",NA," "," "," ",NA," "," "," ",NA," "," "," ",NA," "," "," ",NA," "," "," ",NA," "," "," ",NA," "," "," ",NA," "," "," "
"1067","USC00392565",2004,9,"TMAX",311," "," ","0",328," "," ","0",328," "," ","0",261," "," ","0",156," "," ","0",206," "," ","0",222," "," ","0",206," "," ","0",272," "," ","0",NA," "," "," ",NA," "," "," ",306," "," ","0",322," "," ","0",206," "," ","0",172," "," ","0",194," "," ","0",239," "," ","0",289," "," ","0",328," "," ","0",278," "," ","0",183," "," ","0",72," "," ","0",150," "," ","0",172," "," ","0",217," "," ","0",233," "," ","0",256," "," ","0",256," "," ","0",189," "," ","0",222," "," ","0",NA," "," "," "
"1068","USC00392565",2004,9,"TMIN",144," "," ","0",122," "," ","0",156," "," ","0",117," "," ","0",106," "," ","0",39," "," ","0",100," "," ","0",67," "," ","0",106," "," ","0",NA," "," "," ",NA," "," "," ",200," "," ","0",133," "," ","0",100," "," ","0",67," "," ","0",61," "," ","0",61," "," ","0",61," "," ","0",61," "," ","0",106," "," ","0",56," "," ","0",44," "," ","0",39," "," ","0",33," "," ","0",72," "," ","0",56," "," ","0",89," "," ","0",56," "," ","0",44," "," ","0",61," "," ","0",NA," "," "," "
"1069","USC00392565",2004,9,"TOBS",200," "," ","0",178," "," ","0",161," "," ","0",128," "," ","0",100," "," ","0",111," "," ","0",117," "," ","0",128," "," ","0",128," "," ","0",NA," "," "," ",NA," "," "," ",89," ","I","0",139," "," ","0",56," ","I","0",83," "," ","0",100," "," ","0",94," "," ","0",183," "," ","0",167," "," ","0",150," "," ","0",56," "," ","0",56," "," ","0",89," "," ","0",89," "," ","0",106," "," ","0",83," "," ","0",106," "," ","0",83," "," ","0",61," "," ","0",139," "," ","0",NA," "," "," "
"1070","USC00392565",2004,9,"PRCP",0,"P"," ","0",0,"P"," ","0",8," "," ","0",119," "," ","0",203," "," ","0",3," "," ","0",0,"P"," ","0",0,"P"," ","0",0,"P"," ","0",0,"P"," ","0",0,"P"," ","0",0,"P"," ","0",5," "," ","0",13," "," ","0",13," "," ","0",0,"P"," ","0",0,"P"," ","0",0,"P"," ","0",0,"P"," ","0",25," "," ","0",0,"P"," ","0",64," "," ","0",0,"P"," ","0",0,"P"," ","0",0,"P"," ","0",0,"P"," ","0",0,"P"," ","0",10," "," ","0",38," "," ","0",0,"P"," ","0",NA," "," "," "
"1071","USC00392565",2004,9,"SNOW",0,"P"," ","0",0,"P"," ","0",0,"P"," ","0",0,"P"," ","0",0,"P"," ","0",0,"P"," ","0",0,"P"," ","0",0,"P"," ","0",0,"P"," ","0",0,"P"," ","0",0,"P"," ","0",0,"P"," ","0",0,"P"," ","0",0,"P"," ","0",0,"P"," ","0",0,"P"," ","0",0,"P"," ","0",0,"P"," ","0",0,"P"," ","0",0,"P"," ","0",0,"P"," ","0",0,"P"," ","0",0,"P"," ","0",0,"P"," ","0",0,"P"," ","0",0,"P"," ","0",0,"P"," ","0",0,"P"," ","0",0,"P"," ","0",0,"P"," ","0",NA," "," "," "
"1072","USC00392565",2004,9,"SNWD",0,"P"," ","0",0,"P"," ","0",0,"P"," ","0",0,"P"," ","0",0,"P"," ","0",0,"P"," ","0",0,"P"," ","0",0,"P"," ","0",0,"P"," ","0",0,"P"," ","0",0,"P"," ","0",0,"P"," ","0",0,"P"," ","0",0,"P"," ","0",0,"P"," ","0",0,"P"," ","0",0,"P"," ","0",0,"P"," ","0",0,"P"," ","0",0,"P"," ","0",0,"P"," ","0",0,"P"," ","0",0,"P"," ","0",0,"P"," ","0",0,"P"," ","0",0,"P"," ","0",0,"P"," ","0",0,"P"," ","0",0,"P"," ","0",0,"P"," ","0",NA," "," "," "
"1073","USC00392565",2004,10,"TMAX",172," "," ","0",94," "," ","0",200," "," ","0",217," "," ","0",NA," "," "," ",233," "," ","0",233," "," ","0",233," "," ","0",206," "," ","0",267," "," ","0",NA," "," "," ",194," "," ","0",194," "," ","0",89," "," ","0",150," "," ","0",89," "," ","0",117," "," ","0",167," "," ","0",167," "," ","0",139," "," ","0",183," "," ","0",183," "," ","0",122," "," ","0",133," "," ","0",83," "," ","0",83," "," ","0",144," "," ","0",144," "," ","0",206," "," ","0",NA," "," "," ",NA," "," "," "
"1074","USC00392565",2004,10,"TMIN",61," "," ","0",-6," "," ","0",39," "," ","0",56," "," ","0",NA," "," "," ",44," "," ","0",44," "," ","0",-6," "," ","0",22," "," ","0",39," "," ","0",NA," "," "," ",39," "," ","0",22," "," ","0",17," "," ","0",28," "," ","0",-28," "," ","0",0," "," ","0",-6," "," ","0",-33," "," ","0",0," "," ","0",0," "," ","0",61," "," ","0",-11," "," ","0",-11," "," ","0",-11," "," ","0",-6," "," ","0",6," "," ","0",6," "," ","0",39," "," ","0",-28," "," ","0",NA," "," "," "
"1075","USC00392565",2004,10,"TOBS",61," "," ","0",89," "," ","0",61," "," ","0",78," "," ","0",NA," "," "," ",61," "," ","0",NA," "," "," ",22," "," ","0",39," "," ","0",50," "," ","0",NA," "," "," ",50," "," ","0",28," "," ","0",67," "," ","0",28," "," ","0",17," "," ","0",44," "," ","0",22," "," ","0",0," "," ","0",39," "," ","0",100," "," ","0",72," "," ","0",0," "," ","0",28," "," ","0",39," "," ","0",6," "," ","0",83," "," ","0",56," "," ","0",39," "," ","0",39," "," ","0",NA," "," "," "
"1076","USC00392565",2004,10,"PRCP",0,"P"," ","0",0,"P"," ","0",0,"P"," ","0",0,"P"," ","0",0,"P"," ","0",0,"P"," ","0",0,"P"," ","0",0,"P"," ","0",0,"P"," ","0",0,"P"," ","0",0,"P"," ","0",0,"P"," ","0",0,"P"," ","0",0,"P"," ","0",0,"P"," ","0",0,"P"," ","0",0,"P"," ","0",0,"P"," ","0",0,"P"," ","0",20," "," ","0",0,"P"," ","0",0,"P"," ","0",178," "," ","0",0,"P"," ","0",0,"P"," ","0",23," "," ","0",0,"P"," ","0",0,"P"," ","0",43," "," ","0",0,"P"," ","0",0,"P"," ","0"
"1077","USC00392565",2004,10,"SNOW",0,"P"," ","0",0,"P"," ","0",0,"P"," ","0",0,"P"," ","0",0,"P"," ","0",0,"P"," ","0",0,"P"," ","0",0,"P"," ","0",0,"P"," ","0",0,"P"," ","0",0,"P"," ","0",0,"P"," ","0",0,"P"," ","0",0,"P"," ","0",0,"P"," ","0",0,"P"," ","0",0,"P"," ","0",0,"P"," ","0",0,"P"," ","0",0,"P"," ","0",0,"P"," ","0",0,"P"," ","0",0,"P"," ","0",0,"P"," ","0",0,"P"," ","0",0,"P"," ","0",0,"P"," ","0",0,"P"," ","0",0,"P"," ","0",0,"P"," ","0",0,"P"," ","0"
"1078","USC00392565",2004,10,"SNWD",0,"P"," ","0",0,"P"," ","0",0,"P"," ","0",0,"P"," ","0",0,"P"," ","0",0,"P"," ","0",0,"P"," ","0",0,"P"," ","0",0,"P"," ","0",0,"P"," ","0",0,"P"," ","0",0,"P"," ","0",0,"P"," ","0",0,"P"," ","0",0,"P"," ","0",0,"P"," ","0",0,"P"," ","0",0,"P"," ","0",0,"P"," ","0",0,"P"," ","0",0,"P"," ","0",0,"P"," ","0",0,"P"," ","0",0,"P"," ","0",0,"P"," ","0",0,"P"," ","0",0,"P"," ","0",0,"P"," ","0",0,"P"," ","0",0,"P"," ","0",0,"P"," ","0"
"1079","USC00392565",2004,11,"TMAX",100," "," ","0",44," "," ","0",NA," "," "," ",139," "," ","0",139," "," ","0",183," "," ","0",189," "," ","0",144," "," ","0",194," "," ","0",189," "," ","0",106," "," ","0",NA," "," "," ",72," "," ","0",NA," "," "," ",56," "," ","0",150," "," ","0",156," "," ","0",100," "," ","0",94," "," ","0",61," "," ","0",11," "," ","0",22," "," ","0",94," "," ","0",-22," "," ","0",33," "," ","0",61," "," ","0",44," "," ","0",NA," "," "," ",NA," "," "," ",-50," "," ","0",NA," "," "," "
"1080","USC00392565",2004,11,"TMIN",-28," "," ","0",-83," "," ","0",NA," "," "," ",-33," "," ","0",-33," "," ","0",-17," "," ","0",-22," "," ","0",-6," "," ","0",28," "," ","0",22," "," ","0",-61," "," ","0",NA," "," "," ",-61," "," ","0",NA," "," "," ",-50," "," ","0",-33," "," ","0",-17," "," ","0",-33," "," ","0",-39," "," ","0",-83," "," ","0",-50," "," ","0",-78," "," ","0",-28," "," ","0",-94," "," ","0",-61," "," ","0",-6," "," ","0",-111," "," ","0",NA," "," "," ",-167," "," ","0",-161," "," ","0",NA," "," "," "
"1081","USC00392565",2004,11,"TOBS",-11," "," ","0",-39," "," ","0",NA," "," "," ",39," "," ","0",78," "," ","0",117," "," ","0",33," "," ","0",106," "," ","0",83," "," ","0",50," "," ","0",17," "," ","0",NA," "," "," ",6," "," ","0",NA," "," "," ",0," "," ","0",22," "," ","0",17," "," ","0",39," "," ","0",28," "," ","0",-39," "," ","0",-28," "," ","0",-6," "," ","0",-28," "," ","0",-61," "," ","0",33," "," ","0",22," "," ","0",-56," "," ","0",NA," "," "," ",-100," "," ","0",-106," "," ","0",NA," "," "," "
"1082","USC00392565",2004,11,"PRCP",51," "," ","0",0,"P"," ","0",0,"P"," ","0",0,"P"," ","0",0,"P"," ","0",0,"P"," ","0",0,"P"," ","0",0,"P"," ","0",0,"P"," ","0",0,"P"," ","0",0,"P"," ","0",0,"P"," ","0",0,"P"," ","0",0,"P"," ","0",0,"P"," ","0",0,"P"," ","0",0,"P"," ","0",0,"P"," ","0",0,"P"," ","0",0,"P"," ","0",0,"P"," ","0",0,"P"," ","0",25," "," ","0",18," "," ","0",0,"P"," ","0",20," "," ","0",0,"P"," ","0",0,"P"," ","0",0,"P"," ","0",0,"P"," ","0",NA," "," "," "
"1083","USC00392565",2004,11,"SNOW",0,"P"," ","0",0,"P"," ","0",0,"P"," ","0",0,"P"," ","0",0,"P"," ","0",0,"P"," ","0",0,"P"," ","0",0,"P"," ","0",0,"P"," ","0",0,"P"," ","0",0,"P"," ","0",0,"P"," ","0",0,"P"," ","0",0,"P"," ","0",0,"P"," ","0",0,"P"," ","0",0,"P"," ","0",0,"P"," ","0",0,"P"," ","0",0,"P"," ","0",0,"P"," ","0",0,"P"," ","0",NA," "," "," ",NA," "," "," ",0,"P"," ","0",NA," "," "," ",0,"P"," ","0",0,"P"," ","0",0,"P"," ","0",0,"P"," ","0",NA," "," "," "
"1084","USC00392565",2004,11,"SNWD",0,"P"," ","0",0,"P"," ","0",0,"P"," ","0",0,"P"," ","0",0,"P"," ","0",0,"P"," ","0",0,"P"," ","0",0,"P"," ","0",0,"P"," ","0",0,"P"," ","0",0,"P"," ","0",0,"P"," ","0",0,"P"," ","0",0,"P"," ","0",0,"P"," ","0",0,"P"," ","0",0,"P"," ","0",0,"P"," ","0",0,"P"," ","0",0,"P"," ","0",0,"P"," ","0",0,"P"," ","0",25," "," ","0",NA," "," "," ",NA," "," "," ",NA," "," "," ",NA," "," "," ",NA," "," "," ",NA," "," "," ",0,"P"," ","0",NA," "," "," "
"1085","USC00392565",2004,12,"TMAX",0," "," ","0",-28," "," ","0",-28," "," ","0",22," "," ","0",67," "," ","0",39," "," ","0",33," "," ","0",50," "," ","0",61," "," ","0",61," "," ","0",78," "," ","0",122," "," ","0",-11," "," ","0",6," "," ","0",67," "," ","0",61," "," ","0",56," "," ","0",94," "," ","0",56," "," ","0",100," "," ","0",28," "," ","0",NA," "," "," ",-28," "," ","0",-22," "," ","0",50," "," ","0",NA," "," "," ",83," "," ","0",33," "," ","0",94," "," ","0",94," "," ","0",78," "," ","0"
"1086","USC00392565",2004,12,"TMIN",-128," "," ","0",-128," "," ","0",-106," "," ","0",-78," "," ","0",-39," "," ","0",-94," "," ","0",-111," "," ","0",-72," "," ","0",-56," "," ","0",-56," "," ","0",-33," "," ","0",-22," "," ","0",-139," "," ","0",-111," "," ","0",-44," ","I","0",-44," "," ","0",-67," "," ","0",-50," "," ","0",-72," "," ","0",-61," "," ","0",-61," "," ","0",NA," "," "," ",-239," "," ","0",-239," "," ","0",-78," "," ","0",NA," "," "," ",-67," "," ","0",-39," "," ","0",-33," "," ","0",-11," "," ","0",-83," "," ","0"
"1087","USC00392565",2004,12,"TOBS",-94," "," ","0",-100," "," ","0",-78," "," ","0",-39," "," ","0",-28," "," ","0",-83," "," ","0",-22," "," ","0",-22," "," ","0",28," "," ","0",-22," "," ","0",0," "," ","0",-22," "," ","0",-111," "," ","0",-78," ","I","0",-39," "," ","0",-22," "," ","0",-11," "," ","0",44," "," ","0",-61," "," ","0",17," "," ","0",-44," "," ","0",NA," "," "," ",-239," "," ","0",-22," "," ","0",33," "," ","0",NA," "," "," ",-39," "," ","0",0," "," ","0",-11," "," ","0",28," "," ","0",-44," "," ","0"
"1088","USC00392565",2004,12,"PRCP",0,"P"," ","0",0,"P"," ","0",0,"P"," ","0",0,"P"," ","0",0,"P"," ","0",0,"P"," ","0",0,"P"," ","0",0,"P"," ","0",0,"P"," ","0",0,"P"," ","0",0,"P"," ","0",0,"P"," ","0",0,"P"," ","0",0,"P"," ","0",0,"P"," ","0",0,"P"," ","0",0,"P"," ","0",0,"P"," ","0",0,"P"," ","0",0,"P"," ","0",0,"P"," ","0",0,"P"," ","0",0,"P"," ","0",0,"P"," ","0",0,"P"," ","0",0,"P"," ","0",0,"P"," ","0",0,"P"," ","0",0,"P"," ","0",0,"P"," ","0",0,"P"," ","0"
"1089","USC00392565",2004,12,"SNOW",0,"P"," ","0",0,"P"," ","0",0,"P"," ","0",0,"P"," ","0",0,"P"," ","0",0,"P"," ","0",0,"P"," ","0",0,"P"," ","0",0,"P"," ","0",0,"P"," ","0",0,"P"," ","0",0,"P"," ","0",0,"P"," ","0",0,"P"," ","0",0,"P"," ","0",0,"P"," ","0",0,"P"," ","0",0,"P"," ","0",0,"P"," ","0",0,"P"," ","0",0,"P"," ","0",0,"P"," ","0",0,"P"," ","0",0,"P"," ","0",0,"P"," ","0",0,"P"," ","0",0,"P"," ","0",0,"P"," ","0",0,"P"," ","0",0,"P"," ","0",0,"P"," ","0"
"1090","USC00392565",2004,12,"SNWD",0,"P"," ","0",0,"P"," ","0",0,"P"," ","0",0,"P"," ","0",0,"P"," ","0",0,"P"," ","0",0,"P"," ","0",0,"P"," ","0",0,"P"," ","0",0,"P"," ","0",0,"P"," ","0",0,"P"," ","0",0,"P"," ","0",0,"P"," ","0",0,"P"," ","0",0,"P"," ","0",0,"P"," ","0",0,"P"," ","0",0,"P"," ","0",0,"P"," ","0",0,"P"," ","0",0,"P"," ","0",0,"P"," ","0",0,"P"," ","0",0,"P"," ","0",0,"P"," ","0",0,"P"," ","0",0,"P"," ","0",0,"P"," ","0",0,"P"," ","0",0,"P"," ","0"
"1091","USC00392565",2005,1,"TMAX",17," "," ","0",-50," "," ","0",39," "," ","0",22," "," ","0",-128," "," ","0",-133," "," ","0",-22," "," ","0",0," "," ","0",78," "," ","0",-50," "," ","0",NA," "," "," ",0," "," ","0",0," "," ","0",-183," "," ","0",-167," "," ","0",-94," "," ","0",-33," "," ","0",33," "," ","0",89," "," ","0",100," "," ","0",106," "," ","0",100," "," ","0",0," "," ","0",133," "," ","0",150," "," ","0",100," "," ","0",72," "," ","0",28," "," ","0",89," "," ","0",-6," "," ","0",56," "," ","0"
"1092","USC00392565",2005,1,"TMIN",-78," "," ","0",-150," "," ","0",-133," "," ","0",-133," "," ","0",-211," "," ","0",-250," "," ","0",-178," "," ","0",-139," "," ","0",-117," "," ","0",-133," "," ","0",NA," "," "," ",-133," "," ","0",-200," "," ","0",-244," "," ","0",-261," "," ","0",-250," "," ","0",-150," "," ","0",-67," ","I","0",-39," "," ","0",-44," "," ","0",-17," "," ","0",-106," "," ","0",-106," "," ","0",-33," "," ","0",-22," "," ","0",-44," "," ","0",-22," "," ","0",-33," "," ","0",-50," "," ","0",-61," "," ","0",-61," "," ","0"
"1093","USC00392565",2005,1,"TOBS",-67," "," ","0",-94," "," ","0",-72," "," ","0",-133," "," ","0",-206," "," ","0",-133," "," ","0",-78," "," ","0",-28," "," ","0",-117," "," ","0",-72," "," ","0",NA," "," "," ",-89," "," ","0",-200," "," ","0",-200," "," ","0",-217," "," ","0",-150," "," ","0",-78," ","I","0",-33," "," ","0",-6," "," ","0",-17," "," ","0",78," "," ","0",-100," "," ","0",-28," "," ","0",-6," "," ","0",-11," "," ","0",-6," "," ","0",-17," "," ","0",-6," "," ","0",-22," "," ","0",-61," "," ","0",-17," "," ","0"
"1094","USC00392565",2005,1,"PRCP",0,"P"," ","0",0,"P"," ","0",0,"P"," ","0",0,"P"," ","0",102," "," ","0",0,"P"," ","0",0,"P"," ","0",0,"P"," ","0",0,"P"," ","0",0,"P"," ","0",NA," "," "," ",NA," "," "," ",0,"P"," ","0",28," "," ","0",0,"P"," ","0",0,"P"," ","0",0,"P"," ","0",0,"P"," ","0",0,"P"," ","0",0,"P"," ","0",0,"P"," ","0",0,"P"," ","0",0,"P"," ","0",0,"P"," ","0",0,"P"," ","0",0,"P"," ","0",0,"P"," ","0",0,"P"," ","0",0,"P"," ","0",0,"P"," ","0",0,"P"," ","0"
"1095","USC00392565",2005,1,"SNOW",0,"P"," ","0",0,"P"," ","0",0,"P"," ","0",0,"P"," ","0",152," "," ","0",0,"P"," ","0",0,"P"," ","0",0,"P"," ","0",0,"P"," ","0",0,"P"," ","0",NA," "," "," ",0,"P"," ","0",0,"P"," ","0",NA," "," "," ",0,"P"," ","0",0,"P"," ","0",0,"P"," ","0",0,"P"," ","0",0,"P"," ","0",0,"P"," ","0",0,"P"," ","0",0,"P"," ","0",0,"P"," ","0",0,"P"," ","0",0,"P"," ","0",0,"P"," ","0",0,"P"," ","0",0,"P"," ","0",0,"P"," ","0",0,"P"," ","0",0,"P"," ","0"
"1096","USC00392565",2005,1,"SNWD",0,"P"," ","0",0,"P"," ","0",0,"P"," ","0",0,"P"," ","0",152," "," ","0",NA," "," "," ",NA," "," "," ",NA," "," "," ",NA," "," "," ",NA," "," "," ",NA," "," "," ",NA," "," "," ",NA," "," "," ",NA," "," "," ",NA," "," "," ",NA," "," "," ",NA," "," "," ",NA," "," "," ",NA," "," "," ",NA," "," "," ",NA," "," "," ",NA," "," "," ",0,"P"," ","0",0,"P"," ","0",0,"P"," ","0",0,"P"," ","0",0,"P"," ","0",0,"P"," ","0",0,"P"," ","0",0,"P"," ","0",0,"P"," ","0"
"1097","USC00392565",2005,1,"MDPR",NA," "," "," ",NA," "," "," ",NA," "," "," ",NA," "," "," ",NA," "," "," ",NA," "," "," ",NA," "," "," ",NA," "," "," ",NA," "," "," ",NA," "," "," ",NA," "," "," ",43," "," ","0",NA," "," "," ",NA," "," "," ",NA," "," "," ",NA," "," "," ",NA," "," "," ",NA," "," "," ",NA," "," "," ",NA," "," "," ",NA," "," "," ",NA," "," "," ",NA," "," "," ",NA," "," "," ",NA," "," "," ",NA," "," "," ",NA," "," "," ",NA," "," "," ",NA," "," "," ",NA," "," "," ",NA," "," "," "
"1098","USC00392565",2005,2,"TMAX",50," "," ","0",72," "," ","0",NA," "," "," ",128," "," ","0",161," "," ","0",94," "," ","0",-17," "," ","0",-67," "," ","0",-39," "," ","0",0," "," ","0",56," "," ","0",117," "," ","0",122," "," ","0",94," "," ","0",17," "," ","0",-11," "," ","0",22," "," ","0",44," "," ","0",61," "," ","0",111," "," ","0",78," "," ","0",56," "," ","0",67," "," ","0",67," "," ","0",100," "," ","0",139," "," ","0",139," "," ","0",56," "," ","0",NA," "," "," ",NA," "," "," ",NA," "," "," "
"1099","USC00392565",2005,2,"TMIN",-72," "," ","0",-78," "," ","0",NA," "," "," ",-78," "," ","0",-17," "," ","0",-44," "," ","0",-72," "," ","0",-122," "," ","0",-144," "," ","0",-106," "," ","0",-83," "," ","0",-22," "," ","0",22," "," ","0",-44," "," ","0",-72," "," ","0",-133," "," ","0",-133," "," ","0",-106," "," ","0",-72," "," ","0",-56," "," ","0",-72," "," ","0",-89," "," ","0",-83," "," ","0",-83," "," ","0",-72," "," ","0",-50," "," ","0",-44," "," ","0",-106," "," ","0",NA," "," "," ",NA," "," "," ",NA," "," "," "
"1100","USC00392565",2005,2,"TOBS",-33," "," ","0",-39," "," ","0",NA," "," "," ",61," "," ","0",56," "," ","0",-33," "," ","0",-72," "," ","0",-117," "," ","0",-56," "," ","0",-33," "," ","0",0," "," ","0",22," "," ","0",22," "," ","0",6," "," ","0",-50," "," ","0",-94," "," ","0",-106," "," ","0",-72," "," ","0",-17," "," ","0",-17," "," ","0",-56," "," ","0",-56," "," ","0",-61," "," ","0",-39," "," ","0",-22," "," ","0",100," "," ","0",-22," "," ","0",-50," "," ","0",NA," "," "," ",NA," "," "," ",NA," "," "," "
"1101","USC00392565",2005,2,"PRCP",0,"P"," ","0",0,"P"," ","0",0,"P"," ","0",0,"P"," ","0",0,"P"," ","0",0,"P"," ","0",0,"P"," ","0",48," "," ","0",0,"P"," ","0",0,"P"," ","0",0,"P"," ","0",0,"P"," ","0",0,"P"," ","0",0,"P"," ","0",0,"P"," ","0",0,"P"," ","0",0,"P"," ","0",0,"P"," ","0",0,"P"," ","0",0,"P"," ","0",0,"P"," ","0",0,"P"," ","0",0,"P"," ","0",0,"P"," ","0",0,"P"," ","0",0,"P"," ","0",0,"P"," ","0",0,"P"," ","0",NA," "," "," ",NA," "," "," ",NA," "," "," "
"1102","USC00392565",2005,2,"SNOW",0,"P"," ","0",0,"P"," ","0",0,"P"," ","0",0,"P"," ","0",0,"P"," ","0",0,"P"," ","0",0,"P"," ","0",NA," "," "," ",0,"P"," ","0",0,"P"," ","0",0,"P"," ","0",0,"P"," ","0",0,"P"," ","0",0,"P"," ","0",0,"P"," ","0",0,"P"," ","0",0,"P"," ","0",0,"P"," ","0",0,"P"," ","0",0,"P"," ","0",0,"P"," ","0",0,"P"," ","0",0,"P"," ","0",0,"P"," ","0",0,"P"," ","0",0,"P"," ","0",0,"P"," ","0",0,"P"," ","0",NA," "," "," ",NA," "," "," ",NA," "," "," "
"1103","USC00392565",2005,2,"SNWD",0,"P"," ","0",0,"P"," ","0",0,"P"," ","0",0,"P"," ","0",0,"P"," ","0",0,"P"," ","0",0,"P"," ","0",51," "," ","0",NA," "," "," ",NA," "," "," ",NA," "," "," ",NA," "," "," ",0,"P"," ","0",0,"P"," ","0",0,"P"," ","0",0,"P"," ","0",0,"P"," ","0",0,"P"," ","0",0,"P"," ","0",0,"P"," ","0",0,"P"," ","0",0,"P"," ","0",0,"P"," ","0",0,"P"," ","0",0,"P"," ","0",0,"P"," ","0",0,"P"," ","0",0,"P"," ","0",NA," "," "," ",NA," "," "," ",NA," "," "," "
"1104","USC00392565",2005,3,"TMAX",50," "," ","0",106," "," ","0",106," "," ","0",139," "," ","0",139," "," ","0",144," "," ","0",139," "," ","0",NA," "," "," ",NA," "," "," ",NA," "," "," ",172," "," ","0",NA," "," "," ",NA," "," "," ",NA," "," "," ",NA," "," "," ",44," "," ","0",NA," "," "," ",NA," "," "," ",100," "," ","0",39," "," ","0",94," "," ","0",39," "," ","0",78," "," ","0",78," "," ","0",11," "," ","0",0," "," ","0",72," "," ","0",144," "," ","0",194," "," ","0",117," "," ","0",94," "," ","0"
"1105","USC00392565",2005,3,"TMIN",-94," "," ","0",-50," "," ","0",-50," "," ","0",-44," "," ","0",-33," "," ","0",-56," "," ","0",-17," "," ","0",NA," "," "," ",NA," "," "," ",NA," "," "," ",-22," "," ","0",NA," "," "," ",NA," "," "," ",NA," "," "," ",NA," "," "," ",-44," "," ","0",NA," "," "," ",NA," "," "," ",-100," "," ","0",-50," "," ","0",11," "," ","0",-28," "," ","0",-6," "," ","0",-17," "," ","0",-83," "," ","0",-94," "," ","0",-39," "," ","0",-6," "," ","0",17," "," ","0",-28," "," ","0",-6," "," ","0"
"1106","USC00392565",2005,3,"TOBS",-22," "," ","0",-17," "," ","0",-44," "," ","0",6," "," ","0",0," "," ","0",-11," "," ","0",6," "," ","0",NA," "," "," ",NA," "," "," ",NA," "," "," ",0," "," ","0",NA," "," "," ",NA," "," "," ",NA," "," "," ",NA," "," "," ",-11," "," ","0",NA," "," "," ",NA," "," "," ",-50," "," ","0",11," "," ","0",22," "," ","0",0," "," ","0",22," "," ","0",-6," "," ","0",-78," "," ","0",-17," "," ","0",78," "," ","0",100," "," ","0",61," "," ","0",22," "," ","0",11," "," ","0"
"1107","USC00392565",2005,3,"PRCP",0,"P"," ","0",0,"P"," ","0",0,"P"," ","0",0,"P"," ","0",0,"P"," ","0",0,"P"," ","0",0,"P"," ","0",0,"P"," ","0",0,"P"," ","0",0,"P"," ","0",0,"P"," ","0",0,"P"," ","0",0,"P"," ","0",0,"P"," ","0",0,"P"," ","0",0,"P"," ","0",NA," "," "," ",NA," "," "," ",NA," "," "," ",0,"P"," ","0",0,"P"," ","0",56," "," ","0",0,"P"," ","0",0,"P"," ","0",145," "," ","0",0,"P"," ","0",0,"P"," ","0",0,"P"," ","0",0,"P"," ","0",0,"P"," ","0",0,"P"," ","0"
"1108","USC00392565",2005,3,"SNOW",0,"P"," ","0",0,"P"," ","0",0,"P"," ","0",0,"P"," ","0",0,"P"," ","0",0,"P"," ","0",0,"P"," ","0",0,"P"," ","0",0,"P"," ","0",0,"P"," ","0",0,"P"," ","0",0,"P"," ","0",0,"P"," ","0",0,"P"," ","0",0,"P"," ","0",0,"P"," ","0",0,"P"," ","0",0,"P"," ","0",0,"P"," ","0",0,"P"," ","0",0,"P"," ","0",0,"P"," ","0",0,"P"," ","0",0,"P"," ","0",0,"P"," ","0",0,"P"," ","0",0,"P"," ","0",0,"P"," ","0",0,"P"," ","0",0,"P"," ","0",0,"P"," ","0"
"1109","USC00392565",2005,3,"SNWD",0,"P"," ","0",0,"P"," ","0",0,"P"," ","0",0,"P"," ","0",0,"P"," ","0",0,"P"," ","0",0,"P"," ","0",0,"P"," ","0",0,"P"," ","0",0,"P"," ","0",0,"P"," ","0",0,"P"," ","0",0,"P"," ","0",0,"P"," ","0",0,"P"," ","0",0,"P"," ","0",0,"P"," ","0",0,"P"," ","0",0,"P"," ","0",0,"P"," ","0",0,"P"," ","0",0,"P"," ","0",0,"P"," ","0",0,"P"," ","0",0,"P"," ","0",0,"P"," ","0",0,"P"," ","0",0,"P"," ","0",0,"P"," ","0",0,"P"," ","0",0,"P"," ","0"
"1110","USC00392565",2005,3,"MDPR",NA," "," "," ",NA," "," "," ",NA," "," "," ",NA," "," "," ",NA," "," "," ",NA," "," "," ",NA," "," "," ",NA," "," "," ",NA," "," "," ",NA," "," "," ",NA," "," "," ",NA," "," "," ",NA," "," "," ",NA," "," "," ",NA," "," "," ",NA," "," "," ",NA," "," "," ",NA," "," "," ",64," "," ","0",NA," "," "," ",NA," "," "," ",NA," "," "," ",NA," "," "," ",NA," "," "," ",NA," "," "," ",NA," "," "," ",NA," "," "," ",NA," "," "," ",NA," "," "," ",NA," "," "," ",NA," "," "," "
"1111","USC00392565",2005,4,"TMAX",61," "," ","0",156," "," ","0",178," "," ","0",206," "," ","0",206," "," ","0",106," "," ","0",167," "," ","0",228," "," ","0",250," "," ","0",89," "," ","0",78," "," ","0",106," "," ","0",167," "," ","0",183," "," ","0",183," "," ","0",NA," "," "," ",194," "," ","0",NA," "," "," ",261," "," ","0",178," "," ","0",67," "," ","0",44," "," ","0",139," "," ","0",128," "," ","0",150," "," ","0",122," "," ","0",78," "," ","0",28," "," ","0",39," "," ","0",33," "," ","0",NA," "," "," "
"1112","USC00392565",2005,4,"TMIN",-33," "," ","0",-6," "," ","0",17," "," ","0",22," "," ","0",39," "," ","0",-28," "," ","0",0," "," ","0",50," "," ","0",28," "," ","0",17," "," ","0",0," "," ","0",-33," "," ","0",-17," "," ","0",28," "," ","0",-6," "," ","0",NA," "," "," ",-6," "," ","0",NA," "," "," ",44," "," ","0",44," "," ","0",11," "," ","0",6," "," ","0",-22," "," ","0",33," "," ","0",11," "," ","0",11," "," ","0",-28," "," ","0",-44," "," ","0",-89," "," ","0",-78," "," ","0",NA," "," "," "
"1113","USC00392565",2005,4,"TOBS",50," "," ","0",94," "," ","0",50," "," ","0",39," "," ","0",56," "," ","0",56," "," ","0",83," "," ","0",78," "," ","0",28," "," ","0",28," "," ","0",6," "," ","0",50," "," ","0",28," "," ","0",72," "," ","0",56," "," ","0",NA," "," "," ",89," "," ","0",NA," "," "," ",67," "," ","0",44," "," ","0",28," "," ","0",17," "," ","0",56," "," ","0",56," "," ","0",83," "," ","0",39," "," ","0",11," "," ","0",-11," "," ","0",-39," "," ","0",17," "," ","0",NA," "," "," "
"1114","USC00392565",2005,4,"PRCP",0,"P"," ","0",0,"P"," ","0",0,"P"," ","0",0,"P"," ","0",20," "," ","0",64," "," ","0",0,"P"," ","0",0,"P"," ","0",79," "," ","0",13," "," ","0",0,"P"," ","0",0,"P"," ","0",0,"P"," ","0",0,"P"," ","0",0,"P"," ","0",0,"P"," ","0",0,"P"," ","0",0,"P"," ","0",0,"P"," ","0",81," "," ","0",302," "," ","0",150," "," ","0",0,"P"," ","0",0,"P"," ","0",0,"P"," ","0",0,"P"," ","0",10," "," ","0",0,"P"," ","0",0,"P"," ","0",0,"P"," ","0",NA," "," "," "
"1115","USC00392565",2005,4,"SNOW",0,"P"," ","0",0,"P"," ","0",0,"P"," ","0",0,"P"," ","0",0,"P"," ","0",0,"P"," ","0",0,"P"," ","0",0,"P"," ","0",0,"P"," ","0",0,"P"," ","0",0,"P"," ","0",0,"P"," ","0",0,"P"," ","0",0,"P"," ","0",0,"P"," ","0",0,"P"," ","0",0,"P"," ","0",0,"P"," ","0",0,"P"," ","0",0,"P"," ","0",0,"P"," ","0",0,"P"," ","0",0,"P"," ","0",0,"P"," ","0",0,"P"," ","0",0,"P"," ","0",0,"P"," ","0",0,"P"," ","0",0,"P"," ","0",0,"P"," ","0",NA," "," "," "
"1116","USC00392565",2005,4,"SNWD",0,"P"," ","0",0,"P"," ","0",0,"P"," ","0",0,"P"," ","0",0,"P"," ","0",0,"P"," ","0",0,"P"," ","0",0,"P"," ","0",0,"P"," ","0",0,"P"," ","0",0,"P"," ","0",0,"P"," ","0",0,"P"," ","0",0,"P"," ","0",0,"P"," ","0",0,"P"," ","0",0,"P"," ","0",0,"P"," ","0",0,"P"," ","0",0,"P"," ","0",0,"P"," ","0",0,"P"," ","0",0,"P"," ","0",0,"P"," ","0",0,"P"," ","0",0,"P"," ","0",0,"P"," ","0",0,"P"," ","0",0,"P"," ","0",0,"P"," ","0",NA," "," "," "
"1117","USC00392565",2005,5,"TMAX",39," "," ","0",22," "," ","0",83," "," ","0",133," "," ","0",200," "," ","0",222," "," ","0",239," "," ","0",172," "," ","0",106," "," ","0",183," "," ","0",128," "," ","0",56," "," ","0",83," "," ","0",133," "," ","0",161," "," ","0",222," "," ","0",NA," "," "," ",250," "," ","0",239," "," ","0",283," "," ","0",294," "," ","0",NA," "," "," ",NA," "," "," ",NA," "," "," ",250," "," ","0",139," "," ","0",161," "," ","0",NA," "," "," ",206," "," ","0",139," "," ","0",83," "," ","0"
"1118","USC00392565",2005,5,"TMIN",-50," "," ","0",-100," "," ","0",-72," "," ","0",-22," "," ","0",33," "," ","0",83," "," ","0",100," "," ","0",72," "," ","0",56," "," ","0",83," "," ","0",44," "," ","0",-28," "," ","0",-22," "," ","0",11," "," ","0",0," "," ","0",72," "," ","0",NA," "," "," ",61," "," ","0",67," "," ","0",117," "," ","0",50," "," ","0",NA," "," "," ",NA," "," "," ",NA," "," "," ",56," "," ","0",6," "," ","0",0," "," ","0",NA," "," "," ",11," "," ","0",61," "," ","0",44," "," ","0"
"1119","USC00392565",2005,5,"TOBS",-28," "," ","0",-28," "," ","0",-22," "," ","0",56," "," ","0",144," "," ","0",128," "," ","0",106," "," ","0",83," "," ","0",94," "," ","0",89," "," ","0",50," "," ","0",-22," "," ","0",11," "," ","0",72," "," ","0",78," "," ","0",133," "," ","0",NA," "," "," ",89," "," ","0",233," "," ","0",211," "," ","0",150," "," ","0",NA," "," "," ",NA," "," "," ",NA," "," "," ",78," "," ","0",111," "," ","0",94," "," ","0",NA," "," "," ",111," "," ","0",61," "," ","0",56," "," ","0"
"1120","USC00392565",2005,5,"PRCP",0,"P"," ","0",0,"P"," ","0",0,"P"," ","0",0,"P"," ","0",0,"P"," ","0",0,"P"," ","0",46," "," ","0",33," "," ","0",5," "," ","0",0,"P"," ","0",0,"P"," ","0",165," "," ","0",13," "," ","0",5," "," ","0",0,"P"," ","0",0,"P"," ","0",NA," "," "," ",NA," "," "," ",0,"P"," ","0",0,"P"," ","0",0," "," ","0",NA," "," "," ",NA," "," "," ",NA," "," "," ",NA," "," "," ",10," "," ","0",0,"P"," ","0",0,"P"," ","0",0,"P"," ","0",0,"P"," ","0",173," "," ","0"
"1121","USC00392565",2005,5,"SNOW",0,"P"," ","0",0,"P"," ","0",0,"P"," ","0",0,"P"," ","0",0,"P"," ","0",0,"P"," ","0",0,"P"," ","0",0,"P"," ","0",0,"P"," ","0",0,"P"," ","0",0,"P"," ","0",0,"P"," ","0",0,"P"," ","0",0,"P"," ","0",0,"P"," ","0",0,"P"," ","0",0,"P"," ","0",0,"P"," ","0",0,"P"," ","0",0,"P"," ","0",0,"P"," ","0",0,"P"," ","0",0,"P"," ","0",0,"P"," ","0",0,"P"," ","0",0,"P"," ","0",0,"P"," ","0",0,"P"," ","0",0,"P"," ","0",0,"P"," ","0",0,"P"," ","0"
"1122","USC00392565",2005,5,"SNWD",0,"P"," ","0",0,"P"," ","0",0,"P"," ","0",0,"P"," ","0",0,"P"," ","0",0,"P"," ","0",0,"P"," ","0",0,"P"," ","0",0,"P"," ","0",0,"P"," ","0",0,"P"," ","0",0,"P"," ","0",0,"P"," ","0",0,"P"," ","0",0,"P"," ","0",0,"P"," ","0",0,"P"," ","0",0,"P"," ","0",0,"P"," ","0",0,"P"," ","0",0,"P"," ","0",0,"P"," ","0",0,"P"," ","0",0,"P"," ","0",0,"P"," ","0",0,"P"," ","0",0,"P"," ","0",0,"P"," ","0",0,"P"," ","0",0,"P"," ","0",0,"P"," ","0"
"1123","USC00392565",2005,5,"MDPR",NA," "," "," ",NA," "," "," ",NA," "," "," ",NA," "," "," ",NA," "," "," ",NA," "," "," ",NA," "," "," ",NA," "," "," ",NA," "," "," ",NA," "," "," ",NA," "," "," ",NA," "," "," ",NA," "," "," ",NA," "," "," ",NA," "," "," ",NA," "," "," ",NA," "," "," ",48," "," ","0",NA," "," "," ",NA," "," "," ",NA," "," "," ",NA," "," "," ",NA," "," "," ",NA," "," "," ",94," "," ","0",NA," "," "," ",NA," "," "," ",NA," "," "," ",NA," "," "," ",NA," "," "," ",NA," "," "," "
"1124","USC00392565",2005,6,"TMAX",167," "," ","0",217," "," ","0",206," "," ","0",178," "," ","0",NA," "," "," ",233," "," ","0",300," "," ","0",228," "," ","0",200," "," ","0",167," "," ","0",172," "," ","0",206," "," ","0",144," "," ","0",133," "," ","0",NA," "," "," ",278," "," ","0",272," "," ","0",NA," "," "," ",311," "," ","0",300," "," ","0",294," "," ","0",311," "," ","0",333," "," ","0",306," "," ","0",250," "," ","0",NA," "," "," ",289," "," ","0",306," "," ","0",306," "," ","0",189," "," ","0",NA," "," "," "
"1125","USC00392565",2005,6,"TMIN",50," "," ","0",33," "," ","0",33," "," ","0",61," "," ","0",NA," "," "," ",89," "," ","0",78," "," ","0",78," "," ","0",89," "," ","0",56," "," ","0",94," "," ","0",111," "," ","0",89," "," ","0",56," "," ","0",NA," "," "," ",122," "," ","0",167," "," ","0",NA," "," "," ",161," "," ","0",189," "," ","0",183," "," ","0",172," "," ","0",144," "," ","0",150," "," ","0",156," "," ","0",NA," "," "," ",100," "," ","0",128," "," ","0",122," "," ","0",94," "," ","0",NA," "," "," "
"1126","USC00392565",2005,6,"TOBS",106," "," ","0",117," "," ","0",128," "," ","0",89," "," ","0",NA," "," "," ",194," "," ","0",139," "," ","0",100," "," ","0",89," "," ","0",106," "," ","0",117," "," ","0",117," "," ","0",89," "," ","0",128," "," ","0",NA," "," "," ",183," "," ","0",189," "," ","0",NA," "," "," ",194," "," ","0",222," "," ","0",217," "," ","0",239," "," ","0",217," "," ","0",189," "," ","0",183," "," ","0",NA," "," "," ",128," "," ","0",306," "," ","0",128," "," ","0",128," "," ","0",NA," "," "," "
"1127","USC00392565",2005,6,"PRCP",3," "," ","0",0,"P"," ","0",0,"P"," ","0",0,"P"," ","0",0,"P"," ","0",0,"P"," ","0",0,"P"," ","0",203," "," ","0",84," "," ","0",64," "," ","0",10," "," ","0",51," "," ","0",328," "," ","0",5," "," ","0",0,"P"," ","0",0,"P"," ","0",0,"P"," ","0",0,"P"," ","0",0,"P"," ","0",0,"P"," ","0",0,"P"," ","0",0,"P"," ","0",0,"P"," ","0",0,"P"," ","0",0,"P"," ","0",0,"P"," ","0",0,"P"," ","0",0,"P"," ","0",18," "," ","0",0,"P"," ","0",NA," "," "," "
"1128","USC00392565",2005,6,"SNOW",0,"P"," ","0",0,"P"," ","0",0,"P"," ","0",0,"P"," ","0",0,"P"," ","0",0,"P"," ","0",0,"P"," ","0",0,"P"," ","0",0,"P"," ","0",0,"P"," ","0",0,"P"," ","0",0,"P"," ","0",0,"P"," ","0",0,"P"," ","0",0,"P"," ","0",0,"P"," ","0",0,"P"," ","0",0,"P"," ","0",0,"P"," ","0",0,"P"," ","0",0,"P"," ","0",0,"P"," ","0",0,"P"," ","0",0,"P"," ","0",0,"P"," ","0",0,"P"," ","0",0,"P"," ","0",0,"P"," ","0",0,"P"," ","0",0,"P"," ","0",NA," "," "," "
"1129","USC00392565",2005,6,"SNWD",0,"P"," ","0",0,"P"," ","0",0,"P"," ","0",0,"P"," ","0",0,"P"," ","0",0,"P"," ","0",0,"P"," ","0",0,"P"," ","0",0,"P"," ","0",0,"P"," ","0",0,"P"," ","0",0,"P"," ","0",0,"P"," ","0",0,"P"," ","0",0,"P"," ","0",0,"P"," ","0",0,"P"," ","0",0,"P"," ","0",0,"P"," ","0",0,"P"," ","0",0,"P"," ","0",0,"P"," ","0",0,"P"," ","0",0,"P"," ","0",0,"P"," ","0",0,"P"," ","0",0,"P"," ","0",0,"P"," ","0",0,"P"," ","0",0,"P"," ","0",NA," "," "," "
"1130","USC00392565",2005,7,"TMAX",NA," "," "," ",278," "," ","0",NA," "," "," ",311," "," ","0",NA," "," "," ",NA," "," "," ",306," "," ","0",350," "," ","0",350," "," ","0",367," "," ","0",300," "," ","0",NA," "," "," ",322," "," ","0",350," "," ","0",344," "," ","0",306," "," ","0",389," "," ","0",239," "," ","0",289," "," ","0",367," "," ","0",356," "," ","0",NA," "," "," ",350," "," ","0",367," "," ","0",317," "," ","0",272," "," ","0",156," "," ","0",267," "," ","0",311," "," ","0",311," "," ","0",333," "," ","0"
"1131","USC00392565",2005,7,"TMIN",NA," "," "," ",94," "," ","0",NA," "," "," ",94," "," ","0",NA," "," "," ",NA," "," "," ",122," "," ","0",178," "," ","0",189," "," ","0",161," "," ","0",144," "," ","0",NA," "," "," ",178," "," ","0",172," "," ","0",167," "," ","0",178," "," ","0",167," "," ","0",83," "," ","0",144," "," ","0",167," "," ","0",172," "," ","0",NA," "," "," ",161," "," ","0",167," "," ","0",172," "," ","0",106," "," ","0",67," "," ","0",111," "," ","0",172," "," ","0",178," "," ","0",161," "," ","0"
"1132","USC00392565",2005,7,"TOBS",NA," "," "," ",233," "," ","0",NA," "," "," ",200," "," ","0",NA," "," "," ",NA," "," "," ",211," "," ","0",261," "," ","0",283," "," ","0",222," "," ","0",178," "," ","0",NA," "," "," ",233," "," ","0",228," "," ","0",256," "," ","0",250," "," ","0",228," "," ","0",144," "," ","0",189," "," ","0",267," "," ","0",228," "," ","0",NA," "," "," ",328," "," ","0",211," "," ","0",206," "," ","0",111," "," ","0",111," "," ","0",200," "," ","0",206," "," ","0",211," "," ","0",194," "," ","0"
"1133","USC00392565",2005,7,"PRCP",0,"P"," ","0",0,"P"," ","0",0,"P"," ","0",0,"P"," ","0",0,"P"," ","0",0,"P"," ","0",0,"P"," ","0",0,"P"," ","0",0,"P"," ","0",0,"P"," ","0",5," "," ","0",0,"P"," ","0",0,"P"," ","0",0,"P"," ","0",0,"P"," ","0",0,"P"," ","0",0,"P"," ","0",0,"P"," ","0",0,"P"," ","0",0,"P"," ","0",0,"P"," ","0",0,"P"," ","0",0,"P"," ","0",33," "," ","0",41," "," ","0",124," "," ","0",89," "," ","0",0,"P"," ","0",0,"P"," ","0",0,"P"," ","0",0,"P"," ","0"
"1134","USC00392565",2005,7,"SNOW",0,"P"," ","0",0,"P"," ","0",0,"P"," ","0",0,"P"," ","0",0,"P"," ","0",0,"P"," ","0",0,"P"," ","0",0,"P"," ","0",0,"P"," ","0",0,"P"," ","0",0,"P"," ","0",0,"P"," ","0",0,"P"," ","0",0,"P"," ","0",0,"P"," ","0",0,"P"," ","0",0,"P"," ","0",0,"P"," ","0",0,"P"," ","0",0,"P"," ","0",0,"P"," ","0",0,"P"," ","0",0,"P"," ","0",0,"P"," ","0",0,"P"," ","0",0,"P"," ","0",0,"P"," ","0",0,"P"," ","0",0,"P"," ","0",0,"P"," ","0",0,"P"," ","0"
"1135","USC00392565",2005,7,"SNWD",0,"P"," ","0",0,"P"," ","0",0,"P"," ","0",0,"P"," ","0",0,"P"," ","0",0,"P"," ","0",0,"P"," ","0",0,"P"," ","0",0,"P"," ","0",0,"P"," ","0",0,"P"," ","0",0,"P"," ","0",0,"P"," ","0",0,"P"," ","0",0,"P"," ","0",0,"P"," ","0",0,"P"," ","0",0,"P"," ","0",0,"P"," ","0",0,"P"," ","0",0,"P"," ","0",0,"P"," ","0",0,"P"," ","0",0,"P"," ","0",0,"P"," ","0",0,"P"," ","0",0,"P"," ","0",0,"P"," ","0",0,"P"," ","0",0,"P"," ","0",0,"P"," ","0"
"1136","USC00392565",2005,8,"TMAX",311," "," ","0",NA," "," "," ",339," "," ","0",250," "," ","0",244," "," ","0",294," "," ","0",NA," "," "," ",344," "," ","0",356," "," ","0",283," "," ","0",261," "," ","0",272," "," ","0",233," "," ","0",122," "," ","0",183," "," ","0",267," "," ","0",283," "," ","0",244," "," ","0",261," "," ","0",244," "," ","0",283," "," ","0",NA," "," "," ",NA," "," "," ",NA," "," "," ",NA," "," "," ",NA," "," "," ",NA," "," "," ",NA," "," "," ",NA," "," "," ",NA," "," "," ",322," "," ","0"
"1137","USC00392565",2005,8,"TMIN",172," "," ","0",NA," "," "," ",156," "," ","0",94," "," ","0",100," "," ","0",128," "," ","0",NA," "," "," ",156," "," ","0",189," "," ","0",150," "," ","0",133," "," ","0",133," "," ","0",89," "," ","0",94," "," ","0",111," "," ","0",150," "," ","0",128," "," ","0",100," "," ","0",117," "," ","0",106," "," ","0",139," "," ","0",NA," "," "," ",NA," "," "," ",NA," "," "," ",NA," "," "," ",NA," "," "," ",NA," "," "," ",NA," "," "," ",NA," "," "," ",NA," "," "," ",61," "," ","0"
"1138","USC00392565",2005,8,"TOBS",233," "," ","0",NA," "," "," ",194," "," ","0",156," "," ","0",178," "," ","0",228," "," ","0",NA," "," "," ",322," "," ","0",200," "," ","0",167," "," ","0",261," "," ","0",156," "," ","0",100," "," ","0",111," "," ","0",178," "," ","0",189," "," ","0",183," "," ","0",150," "," ","0",133," "," ","0",139," "," ","0",200," "," ","0",NA," "," "," ",NA," "," "," ",NA," "," "," ",NA," "," "," ",NA," "," "," ",NA," "," "," ",NA," "," "," ",NA," "," "," ",NA," "," "," ",100," "," ","0"
"1139","USC00392565",2005,8,"PRCP",0,"P"," ","0",0,"P"," ","0",0,"P"," ","0",13," "," ","0",0,"P"," ","0",0,"P"," ","0",0,"P"," ","0",0,"P"," ","0",0,"P"," ","0",107," "," ","0",0,"P"," ","0",109," "," ","0",333," "," ","0",5," "," ","0",0,"P"," ","0",0,"P"," ","0",0,"P"," ","0",0,"P"," ","0",0,"P"," ","0",0,"P"," ","0",0,"P"," ","0",0,"P"," ","0",0,"P"," ","0",0,"P"," ","0",0,"P"," ","0",48," "," ","0",0,"P"," ","0",0,"P"," ","0",0,"P"," ","0",0,"P"," ","0",0,"P"," ","0"
"1140","USC00392565",2005,8,"SNOW",0,"P"," ","0",0,"P"," ","0",0,"P"," ","0",0,"P"," ","0",0,"P"," ","0",0,"P"," ","0",0,"P"," ","0",0,"P"," ","0",0,"P"," ","0",0,"P"," ","0",0,"P"," ","0",0,"P"," ","0",0,"P"," ","0",0,"P"," ","0",0,"P"," ","0",0,"P"," ","0",0,"P"," ","0",0,"P"," ","0",0,"P"," ","0",0,"P"," ","0",0,"P"," ","0",0,"P"," ","0",0,"P"," ","0",0,"P"," ","0",0,"P"," ","0",0,"P"," ","0",0,"P"," ","0",0,"P"," ","0",0,"P"," ","0",0,"P"," ","0",0,"P"," ","0"
"1141","USC00392565",2005,8,"SNWD",0,"P"," ","0",0,"P"," ","0",0,"P"," ","0",0,"P"," ","0",0,"P"," ","0",0,"P"," ","0",0,"P"," ","0",0,"P"," ","0",0,"P"," ","0",0,"P"," ","0",0,"P"," ","0",0,"P"," ","0",0,"P"," ","0",0,"P"," ","0",0,"P"," ","0",0,"P"," ","0",0,"P"," ","0",0,"P"," ","0",0,"P"," ","0",0,"P"," ","0",0,"P"," ","0",0,"P"," ","0",0,"P"," ","0",0,"P"," ","0",0,"P"," ","0",0,"P"," ","0",0,"P"," ","0",0,"P"," ","0",0,"P"," ","0",0,"P"," ","0",0,"P"," ","0"
"1142","USC00392565",2005,9,"TMAX",217," "," ","0",272," "," ","0",311," "," ","0",339," "," ","0",300," "," ","0",311," "," ","0",250," "," ","0",NA," "," "," ",328," "," ","0",311," "," ","0",283," "," ","0",283," "," ","0",233," "," ","0",178," "," ","0",228," "," ","0",239," "," ","0",278," "," ","0",267," "," ","0",222," "," ","0",250," "," ","0",283," "," ","0",267," "," ","0",167," "," ","0",256," "," ","0",256," "," ","0",NA," "," "," ",189," "," ","0",NA," "," "," ",256," "," ","0",250," "," ","0",NA," "," "," "
"1143","USC00392565",2005,9,"TMIN",83," "," ","0",144," "," ","0",139," "," ","0",144," "," ","0",139," "," ","0",139," "," ","0",133," "," ","0",NA," "," "," ",144," "," ","0",128," "," ","0",133," "," ","0",139," "," ","0",28," "," ","0",50," "," ","0",44," "," ","0",61," "," ","0",72," "," ","0",78," "," ","0",78," "," ","0",39," "," ","0",94," "," ","0",72," "," ","0",78," "," ","0",94," "," ","0",72," "," ","0",NA," "," "," ",17," "," ","0",NA," "," "," ",17," "," ","0",56," "," ","0",NA," "," "," "
"1144","USC00392565",2005,9,"TOBS",150," "," ","0",194," "," ","0",161," "," ","0",172," "," ","0",183," "," ","0",167," "," ","0",172," "," ","0",NA," "," "," ",200," "," ","0",161," "," ","0",194," "," ","0",139," "," ","0",67," "," ","0",106," "," ","0",106," "," ","0",72," "," ","0",89," "," ","0",117," "," ","0",111," "," ","0",128," "," ","0",189," "," ","0",72," "," ","0",94," "," ","0",94," "," ","0",72," "," ","0",NA," "," "," ",133," "," ","0",NA," "," "," ",83," "," ","0",61," "," ","0",NA," "," "," "
"1145","USC00392565",2005,9,"PRCP",0,"P"," ","0",0,"P"," ","0",0,"P"," ","0",0,"P"," ","0",0,"P"," ","0",0,"P"," ","0",0,"P"," ","0",0,"P"," ","0",0,"P"," ","0",0,"P"," ","0",0,"P"," ","0",0,"P"," ","0",51," "," ","0",0,"P"," ","0",0,"P"," ","0",0,"P"," ","0",0,"P"," ","0",0,"P"," ","0",84," "," ","0",0,"P"," ","0",0,"P"," ","0",0,"P"," ","0",0,"P"," ","0",0,"P"," ","0",119," "," ","0",0,"P"," ","0",0,"P"," ","0",0,"P"," ","0",0,"P"," ","0",0,"P"," ","0",NA," "," "," "
"1146","USC00392565",2005,9,"SNOW",0,"P"," ","0",0,"P"," ","0",0,"P"," ","0",0,"P"," ","0",0,"P"," ","0",0,"P"," ","0",0,"P"," ","0",0,"P"," ","0",0,"P"," ","0",0,"P"," ","0",0,"P"," ","0",0,"P"," ","0",0,"P"," ","0",0,"P"," ","0",0,"P"," ","0",0,"P"," ","0",0,"P"," ","0",0,"P"," ","0",0,"P"," ","0",0,"P"," ","0",0,"P"," ","0",0,"P"," ","0",0,"P"," ","0",0,"P"," ","0",0,"P"," ","0",0,"P"," ","0",0,"P"," ","0",0,"P"," ","0",0,"P"," ","0",0,"P"," ","0",NA," "," "," "
"1147","USC00392565",2005,9,"SNWD",0,"P"," ","0",0,"P"," ","0",0,"P"," ","0",0,"P"," ","0",0,"P"," ","0",0,"P"," ","0",0,"P"," ","0",0,"P"," ","0",0,"P"," ","0",0,"P"," ","0",0,"P"," ","0",0,"P"," ","0",0,"P"," ","0",0,"P"," ","0",0,"P"," ","0",0,"P"," ","0",0,"P"," ","0",0,"P"," ","0",0,"P"," ","0",0,"P"," ","0",0,"P"," ","0",0,"P"," ","0",0,"P"," ","0",0,"P"," ","0",0,"P"," ","0",0,"P"," ","0",0,"P"," ","0",0,"P"," ","0",0,"P"," ","0",0,"P"," ","0",NA," "," "," "
"1148","USC00392565",2005,10,"TMAX",267," "," ","0",300," "," ","0",261," "," ","0",NA," "," "," ",NA," "," "," ",NA," "," "," ",NA," "," "," ",NA," "," "," ",244," "," ","0",72," "," ","0",72," "," ","0",128," "," ","0",144," "," ","0",189," "," ","0",189," "," ","0",NA," "," "," ",250," "," ","0",NA," "," "," ",217," "," ","0",133," "," ","0",156," "," ","0",122," "," ","0",83," "," ","0",78," "," ","0",178," "," ","0",217," "," ","0",194," "," ","0",211," "," ","0",200," "," ","0",144," "," ","0",144," "," ","0"
"1149","USC00392565",2005,10,"TMIN",56," "," ","0",83," "," ","0",56," "," ","0",NA," "," "," ",-56," "," ","0",NA," "," "," ",NA," "," "," ",NA," "," "," ",NA," "," "," ",39," "," ","0",39," "," ","0",44," "," ","0",6," "," ","0",33," "," ","0",50," "," ","0",NA," "," "," ",22," "," ","0",NA," "," "," ",11," "," ","0",17," "," ","0",6," "," ","0",-22," "," ","0",-89," "," ","0",-89," "," ","0",-44," "," ","0",11," "," ","0",11," "," ","0",17," "," ","0",56," "," ","0",17," "," ","0",-44," "," ","0"
"1150","USC00392565",2005,10,"TOBS",200," "," ","0",111," "," ","0",56," "," ","0",NA," "," "," ",NA," "," "," ",NA," "," "," ",NA," "," "," ",NA," "," "," ",56," "," ","0",39," "," ","0",44," "," ","0",78," "," ","0",89," "," ","0",50," "," ","0",122," "," ","0",NA," "," "," ",22," "," ","0",NA," "," "," ",33," "," ","0",94," "," ","0",22," "," ","0",-17," "," ","0",-83," "," ","0",-33," "," ","0",72," "," ","0",56," "," ","0",17," "," ","0",106," "," ","0",67," "," ","0",33," "," ","0",-11," "," ","0"
"1151","USC00392565",2005,10,"PRCP",0,"P"," ","0",0,"P"," ","0",0,"P"," ","0",NA," "," "," ",NA," "," "," ",NA," "," "," ",NA," "," "," ",NA," "," "," ",NA," "," "," ",0,"P"," ","0",102," "," ","0",0,"P"," ","0",0,"P"," ","0",0,"P"," ","0",0,"P"," ","0",0,"P"," ","0",0,"P"," ","0",0,"P"," ","0",0,"P"," ","0",0,"P"," ","0",0,"P"," ","0",0,"P"," ","0",0,"P"," ","0",0,"P"," ","0",0,"P"," ","0",0,"P"," ","0",0,"P"," ","0",0,"P"," ","0",0,"P"," ","0",25," "," ","0",0,"P"," ","0"
"1152","USC00392565",2005,10,"SNOW",0,"P"," ","0",0,"P"," ","0",0,"P"," ","0",0,"P"," ","0",0,"P"," ","0",0,"P"," ","0",0,"P"," ","0",0,"P"," ","0",0,"P"," ","0",0,"P"," ","0",0,"P"," ","0",0,"P"," ","0",0,"P"," ","0",0,"P"," ","0",0,"P"," ","0",0,"P"," ","0",0,"P"," ","0",0,"P"," ","0",0,"P"," ","0",0,"P"," ","0",0,"P"," ","0",0,"P"," ","0",0,"P"," ","0",0,"P"," ","0",0,"P"," ","0",0,"P"," ","0",0,"P"," ","0",0,"P"," ","0",0,"P"," ","0",0,"P"," ","0",0,"P"," ","0"
"1153","USC00392565",2005,10,"SNWD",0,"P"," ","0",0,"P"," ","0",0,"P"," ","0",0,"P"," ","0",0,"P"," ","0",0,"P"," ","0",0,"P"," ","0",0,"P"," ","0",0,"P"," ","0",0,"P"," ","0",0,"P"," ","0",0,"P"," ","0",0,"P"," ","0",0,"P"," ","0",0,"P"," ","0",0,"P"," ","0",0,"P"," ","0",0,"P"," ","0",0,"P"," ","0",0,"P"," ","0",0,"P"," ","0",0,"P"," ","0",0,"P"," ","0",0,"P"," ","0",0,"P"," ","0",0,"P"," ","0",0,"P"," ","0",0,"P"," ","0",0,"P"," ","0",0,"P"," ","0",0,"P"," ","0"
"1154","USC00392565",2005,10,"DAPR",NA," "," "," ",NA," "," "," ",NA," "," "," ",NA," "," "," ",NA," "," "," ",NA," "," "," ",NA," "," "," ",NA," "," "," ",5," "," ","0",NA," "," "," ",NA," "," "," ",NA," "," "," ",NA," "," "," ",NA," "," "," ",NA," "," "," ",NA," "," "," ",NA," "," "," ",NA," "," "," ",NA," "," "," ",NA," "," "," ",NA," "," "," ",NA," "," "," ",NA," "," "," ",NA," "," "," ",NA," "," "," ",NA," "," "," ",NA," "," "," ",NA," "," "," ",NA," "," "," ",NA," "," "," ",NA," "," "," "
"1155","USC00392565",2005,10,"MDPR",NA," "," "," ",NA," "," "," ",NA," "," "," ",NA," "," "," ",NA," "," "," ",NA," "," "," ",NA," "," "," ",NA," "," "," ",328," "," ","0",NA," "," "," ",NA," "," "," ",NA," "," "," ",NA," "," "," ",NA," "," "," ",NA," "," "," ",NA," "," "," ",NA," "," "," ",NA," "," "," ",NA," "," "," ",NA," "," "," ",NA," "," "," ",NA," "," "," ",NA," "," "," ",NA," "," "," ",NA," "," "," ",NA," "," "," ",NA," "," "," ",NA," "," "," ",NA," "," "," ",NA," "," "," ",NA," "," "," "
"1156","USC00392565",2005,11,"TMAX",100," "," ","0",161," "," ","0",194," "," ","0",139," "," ","0",122," "," ","0",83," "," ","0",144," "," ","0",150," "," ","0",189," "," ","0",83," "," ","0",200," "," ","0",194," "," ","0",94," "," ","0",44," "," ","0",61," "," ","0",-33," "," ","0",11," "," ","0",39," "," ","0",NA," "," "," ",106," "," ","0",139," "," ","0",117," "," ","0",144," "," ","0",144," "," ","0",94," "," ","0",133," "," ","0",106," "," ","0",17," "," ","0",NA," "," "," ",0," "," ","0",NA," "," "," "
"1157","USC00392565",2005,11,"TMIN",-11," "," ","0",-11," "," ","0",28," "," ","0",-28," "," ","0",-11," "," ","0",-56," "," ","0",-17," "," ","0",11," "," ","0",-83," "," ","0",-67," "," ","0",6," ","I","0",61," "," ","0",-78," "," ","0",-78," "," ","0",-72," "," ","0",-72," "," ","0",-44," "," ","0",-83," "," ","0",NA," "," "," ",-50," "," ","0",-28," "," ","0",-28," "," ","0",22," "," ","0",-44," "," ","0",-56," "," ","0",-17," "," ","0",-6," "," ","0",NA," "," "," ",-111," "," ","0",-100," "," ","0",NA," "," "," "
"1158","USC00392565",2005,11,"TOBS",78," "," ","0",78," "," ","0",44," "," ","0",33," "," ","0",28," "," ","0",-17," "," ","0",17," "," ","0",150," "," ","0",-67," "," ","0",-11," ","I","0",67," "," ","0",72," "," ","0",-72," "," ","0",-33," "," ","0",-72," "," ","0",-44," "," ","0",-6," "," ","0",-22," "," ","0",NA," "," "," ",17," "," ","0",61," "," ","0",83," "," ","0",56," "," ","0",-28," "," ","0",17," "," ","0",50," "," ","0",6," "," ","0",NA," "," "," ",-100," "," ","0",-67," "," ","0",NA," "," "," "
"1159","USC00392565",2005,11,"PRCP",0,"P"," ","0",0,"P"," ","0",0,"P"," ","0",0,"P"," ","0",0,"P"," ","0",0,"P"," ","0",0,"P"," ","0",0,"P"," ","0",0,"P"," ","0",0,"P"," ","0",0,"P"," ","0",0,"P"," ","0",0,"P"," ","0",0,"P"," ","0",0,"P"," ","0",0,"P"," ","0",0,"P"," ","0",0,"P"," ","0",0,"P"," ","0",0,"P"," ","0",0,"P"," ","0",0,"P"," ","0",0,"P"," ","0",0,"P"," ","0",0,"P"," ","0",0,"P"," ","0",0,"P"," ","0",0,"P"," ","0",0,"P"," ","0",76," "," ","0",NA," "," "," "
"1160","USC00392565",2005,11,"SNOW",0,"P"," ","0",0,"P"," ","0",0,"P"," ","0",0,"P"," ","0",0,"P"," ","0",0,"P"," ","0",0,"P"," ","0",0,"P"," ","0",0,"P"," ","0",0,"P"," ","0",0,"P"," ","0",0,"P"," ","0",0,"P"," ","0",0,"P"," ","0",0,"P"," ","0",0,"P"," ","0",0,"P"," ","0",0,"P"," ","0",0,"P"," ","0",0,"P"," ","0",0,"P"," ","0",0,"P"," ","0",0,"P"," ","0",0,"P"," ","0",0,"P"," ","0",0,"P"," ","0",0,"P"," ","0",0,"P"," ","0",0,"P"," ","0",48," "," ","0",NA," "," "," "
"1161","USC00392565",2005,11,"SNWD",0,"P"," ","0",0,"P"," ","0",0,"P"," ","0",0,"P"," ","0",0,"P"," ","0",0,"P"," ","0",0,"P"," ","0",0,"P"," ","0",0,"P"," ","0",0,"P"," ","0",0,"P"," ","0",0,"P"," ","0",0,"P"," ","0",0,"P"," ","0",0,"P"," ","0",0,"P"," ","0",0,"P"," ","0",0,"P"," ","0",0,"P"," ","0",0,"P"," ","0",0,"P"," ","0",0,"P"," ","0",0,"P"," ","0",0,"P"," ","0",0,"P"," ","0",0,"P"," ","0",0,"P"," ","0",0,"P"," ","0",0,"P"," ","0",51," "," ","0",NA," "," "," "
"1162","USC00392565",2006,1,"TMAX",106," "," ","0",50," "," ","0",100," "," ","0",83," "," ","0",44," "," ","0",44," "," ","0",128," "," ","0",133," "," ","0",44," "," ","0",50," "," ","0",78," "," ","0",117," "," ","0",39," "," ","0",94," "," ","0",117," "," ","0",100," "," ","0",0," "," ","0",50," "," ","0",83," "," ","0",33," "," ","0",28," "," ","0",33," "," ","0",22," "," ","0",78," "," ","0",94," "," ","0",150," "," ","0",94," "," ","0",78," "," ","0",39," "," ","0",39," "," ","0",94," "," ","0"
"1163","USC00392565",2006,1,"TMIN",-61," "," ","0",-56," "," ","0",-44," "," ","0",-56," "," ","0",-50," "," ","0",-50," "," ","0",-28," "," ","0",6," "," ","0",-61," "," ","0",-61," "," ","0",-61," "," ","0",-44," "," ","0",-106," "," ","0",-89," "," ","0",22," "," ","0",-28," "," ","0",-111," "," ","0",-44," ","I","0",-117," "," ","0",-117," "," ","0",-117," "," ","0",-117," "," ","0",-139," "," ","0",-83," "," ","0",-61," "," ","0",-56," "," ","0",-78," "," ","0",-67," "," ","0",-44," "," ","0",-117," "," ","0",-78," "," ","0"
"1164","USC00392565",2006,1,"TOBS",17," "," ","0",-44," "," ","0",28," "," ","0",-22," "," ","0",-11," "," ","0",-28," "," ","0",111," "," ","0",11," "," ","0",-22," "," ","0",-61," "," ","0",56," "," ","0",-6," "," ","0",-89," "," ","0",94," "," ","0",78," "," ","0",-28," "," ","0",-100," ","I","0",50," "," ","0",-50," "," ","0",-111," "," ","0",-44," "," ","0",-106," "," ","0",-83," "," ","0",17," "," ","0",61," "," ","0",50," "," ","0",-11," "," ","0",-33," "," ","0",-17," "," ","0",-78," "," ","0",0," "," ","0"
"1165","USC00392565",2006,1,"PRCP",0,"P"," ","0",0,"P"," ","0",0,"P"," ","0",0,"P"," ","0",0,"P"," ","0",0,"P"," ","0",0,"P"," ","0",0,"P"," ","0",0,"P"," ","0",0,"P"," ","0",0,"P"," ","0",0,"P"," ","0",0,"P"," ","0",0,"P"," ","0",0,"P"," ","0",0,"P"," ","0",0,"P"," ","0",0,"P"," ","0",5," "," ","0",0,"P"," ","0",0,"P"," ","0",0,"P"," ","0",0,"P"," ","0",0,"P"," ","0",0,"P"," ","0",0,"P"," ","0",0,"P"," ","0",0,"P"," ","0",0,"P"," ","0",0,"P"," ","0",0,"P"," ","0"
"1166","USC00392565",2006,1,"SNOW",0,"P"," ","0",0,"P"," ","0",0,"P"," ","0",0,"P"," ","0",0,"P"," ","0",0,"P"," ","0",0,"P"," ","0",0,"P"," ","0",0,"P"," ","0",0,"P"," ","0",0,"P"," ","0",0,"P"," ","0",0,"P"," ","0",0,"P"," ","0",0,"P"," ","0",0,"P"," ","0",0,"P"," ","0",0,"P"," ","0",8," "," ","0",0,"P"," ","0",0,"P"," ","0",0,"P"," ","0",0,"P"," ","0",0,"P"," ","0",0,"P"," ","0",0,"P"," ","0",0,"P"," ","0",0,"P"," ","0",0,"P"," ","0",0,"P"," ","0",0,"P"," ","0"
"1167","USC00392565",2006,1,"SNWD",NA," "," "," ",0,"P"," ","0",0,"P"," ","0",0,"P"," ","0",0,"P"," ","0",0,"P"," ","0",0,"P"," ","0",0,"P"," ","0",0,"P"," ","0",0,"P"," ","0",0,"P"," ","0",0,"P"," ","0",0,"P"," ","0",0,"P"," ","0",0,"P"," ","0",0,"P"," ","0",0,"P"," ","0",0,"P"," ","0",0,"P"," ","0",0,"P"," ","0",0,"P"," ","0",0,"P"," ","0",0,"P"," ","0",0,"P"," ","0",0,"P"," ","0",0,"P"," ","0",0,"P"," ","0",0,"P"," ","0",0,"P"," ","0",0,"P"," ","0",0,"P"," ","0"
"1168","USC00392565",2006,2,"TMAX",44," "," ","0",61," "," ","0",56," "," ","0",44," "," ","0",44," "," ","0",22," "," ","0",22," "," ","0",56," "," ","0",106," "," ","0",28," "," ","0",-67," "," ","0",-6," "," ","0",67," "," ","0",100," "," ","0",17," "," ","0",-67," "," ","0",-94," "," ","0",-217," "," ","0",-167," "," ","0",-89," "," ","0",-33," "," ","0",-17," "," ","0",6," "," ","0",56," "," ","0",44," "," ","0",-11," "," ","0",89," "," ","0",156," "," ","0",NA," "," "," ",NA," "," "," ",NA," "," "," "
"1169","USC00392565",2006,2,"TMIN",-100," "," ","0",-78," "," ","0",-72," "," ","0",-106," "," ","0",-83," "," ","0",-33," "," ","0",-94," "," ","0",-67," "," ","0",-56," "," ","0",-78," "," ","0",-139," "," ","0",-133," "," ","0",-89," "," ","0",-50," "," ","0",-72," "," ","0",-139," "," ","0",-267," "," ","0",-322," "," ","0",-306," "," ","0",-200," "," ","0",-167," "," ","0",-178," "," ","0",-106," "," ","0",-106," "," ","0",-83," "," ","0",-100," "," ","0",-89," "," ","0",-28," "," ","0",NA," "," "," ",NA," "," "," ",NA," "," "," "
"1170","USC00392565",2006,2,"TOBS",-6," "," ","0",-17," "," ","0",-17," "," ","0",-83," "," ","0",11," "," ","0",0," "," ","0",-6," "," ","0",-39," "," ","0",17," "," ","0",-78," "," ","0",-133," "," ","0",-89," "," ","0",0," "," ","0",6," "," ","0",-72," "," ","0",-139," "," ","0",-250," "," ","0",-306," "," ","0",-183," "," ","0",-156," "," ","0",-67," "," ","0",-106," "," ","0",-67," "," ","0",11," "," ","0",-78," "," ","0",-78," "," ","0",-28," "," ","0",72," "," ","0",NA," "," "," ",NA," "," "," ",NA," "," "," "
"1171","USC00392565",2006,2,"PRCP",0,"P"," ","0",0,"P"," ","0",0,"P"," ","0",0,"P"," ","0",0,"P"," ","0",0,"P"," ","0",0,"P"," ","0",0,"P"," ","0",0,"P"," ","0",NA," "," "," ",NA," "," "," ",0,"P"," ","0",0,"P"," ","0",0,"P"," ","0",30," "," ","0",76," "," ","0",0,"P"," ","0",0,"P"," ","0",0,"P"," ","0",0,"P"," ","0",0,"P"," ","0",0,"P"," ","0",13," "," ","0",0,"P"," ","0",0,"P"," ","0",0,"P"," ","0",0,"P"," ","0",0,"P"," ","0",NA," "," "," ",NA," "," "," ",NA," "," "," "
"1172","USC00392565",2006,2,"SNOW",0,"P"," ","0",0,"P"," ","0",0,"P"," ","0",0,"P"," ","0",0,"P"," ","0",0,"P"," ","0",0,"P"," ","0",0,"P"," ","0",0,"P"," ","0",8," "," ","0",13," "," ","0",0,"P"," ","0",0,"P"," ","0",0,"P"," ","0",25," "," ","0",102," "," ","0",0,"P"," ","0",0,"P"," ","0",0,"P"," ","0",0,"P"," ","0",0,"P"," ","0",0,"P"," ","0",25," "," ","0",0,"P"," ","0",0,"P"," ","0",0,"P"," ","0",0,"P"," ","0",0,"P"," ","0",NA," "," "," ",NA," "," "," ",NA," "," "," "
"1173","USC00392565",2006,2,"SNWD",0,"P"," ","0",0,"P"," ","0",0,"P"," ","0",0,"P"," ","0",0,"P"," ","0",0,"P"," ","0",0,"P"," ","0",0,"P"," ","0",0,"P"," ","0",0,"T"," ","0",25," "," ","0",NA," "," "," ",NA," "," "," ",NA," "," "," ",25," "," ","0",102," "," ","0",NA," "," "," ",0,"P"," ","0",0,"P"," ","0",0,"P"," ","0",0,"P"," ","0",0,"P"," ","0",25," "," ","0",NA," "," "," ",NA," "," "," ",0,"P"," ","0",0,"P"," ","0",0,"P"," ","0",NA," "," "," ",NA," "," "," ",NA," "," "," "
"1174","USC00392565",2006,3,"TMAX",172," "," ","0",156," "," ","0",89," "," ","0",117," "," ","0",133," "," ","0",106," "," ","0",172," "," ","0",133," "," ","0",56," "," ","0",78," "," ","0",-22," "," ","0",22," "," ","0",22," "," ","0",-17," "," ","0",33," "," ","0",89," "," ","0",89," "," ","0",56," "," ","0",22," "," ","0",NA," "," "," ",-17," "," ","0",-22," "," ","0",-22," "," ","0",33," "," ","0",83," "," ","0",83," "," ","0",94," "," ","0",89," "," ","0",194," "," ","0",189," "," ","0",72," "," ","0"
"1175","USC00392565",2006,3,"TMIN",39," "," ","0",NA," "," "," ",-6," "," ","0",0," "," ","0",-44," "," ","0",-39," "," ","0",28," "," ","0",6," "," ","0",-72," "," ","0",-78," "," ","0",-128," "," ","0",-89," "," ","0",-106," "," ","0",-139," "," ","0",-100," "," ","0",-39," "," ","0",-44," "," ","0",-22," "," ","0",-39," "," ","0",-83," "," ","0",-94," "," ","0",-83," "," ","0",-61," "," ","0",-61," "," ","0",-44," "," ","0",-11," "," ","0",-6," "," ","0",-22," "," ","0",39," "," ","0",33," "," ","0",-22," "," ","0"
"1176","USC00392565",2006,3,"TOBS",50," "," ","0",NA," "," "," ",67," "," ","0",6," "," ","0",-17," "," ","0",22," "," ","0",111," "," ","0",11," "," ","0",-28," "," ","0",-44," "," ","0",-94," "," ","0",-44," "," ","0",-94," "," ","0",-100," "," ","0",-28," "," ","0",-33," "," ","0",-17," "," ","0",-17," "," ","0",-33," "," ","0",NA," "," "," ",-78," "," ","0",NA," "," "," ",-50," "," ","0",17," "," ","0",-11," "," ","0",33," "," ","0",44," "," ","0",72," "," ","0",94," "," ","0",56," "," ","0",61," "," ","0"
"1177","USC00392565",2006,3,"PRCP",0,"P"," ","0",0,"P"," ","0",0,"P"," ","0",0,"P"," ","0",0,"P"," ","0",0,"P"," ","0",0,"P"," ","0",0,"P"," ","0",0,"P"," ","0",0,"P"," ","0",38," "," ","0",NA," "," "," ",46," "," ","0",0,"P"," ","0",0,"P"," ","0",0,"P"," ","0",0,"P"," ","0",0,"P"," ","0",NA," "," "," ",NA," "," "," ",NA," "," "," ",0,"P"," ","0",0,"P"," ","0",0,"P"," ","0",0,"P"," ","0",0,"P"," ","0",15," "," ","0",0,"P"," ","0",0,"P"," ","0",0,"P"," ","0",0,"P"," ","0"
"1178","USC00392565",2006,3,"SNOW",0,"P"," ","0",0,"P"," ","0",0,"P"," ","0",0,"P"," ","0",0,"P"," ","0",0,"P"," ","0",0,"P"," ","0",0,"P"," ","0",0,"P"," ","0",0,"P"," ","0",NA," "," "," ",NA," "," "," ",NA," "," "," ",0,"P"," ","0",0,"P"," ","0",0,"P"," ","0",0,"P"," ","0",0,"P"," ","0",NA," "," "," ",NA," "," "," ",NA," "," "," ",0,"P"," ","0",0,"P"," ","0",0,"P"," ","0",0,"P"," ","0",0,"P"," ","0",0,"P"," ","0",0,"P"," ","0",0,"P"," ","0",0,"P"," ","0",0,"P"," ","0"
"1179","USC00392565",2006,3,"SNWD",0,"P"," ","0",0,"P"," ","0",0,"P"," ","0",0,"P"," ","0",0,"P"," ","0",0,"P"," ","0",0,"P"," ","0",0,"P"," ","0",0,"P"," ","0",0,"P"," ","0",25," "," ","0",NA," "," "," ",127," "," ","0",NA," "," "," ",NA," "," "," ",51," "," ","0",NA," "," "," ",NA," "," "," ",25," "," ","0",NA," "," "," ",NA," "," "," ",NA," "," "," ",NA," "," "," ",NA," "," "," ",NA," "," "," ",0,"P"," ","0",0,"P"," ","0",0,"P"," ","0",0,"P"," ","0",0,"P"," ","0",0,"P"," ","0"
"1180","USC00392565",2006,4,"TMAX",144," "," ","0",178," "," ","0",89," "," ","0",156," "," ","0",200," "," ","0",256," "," ","0",139," "," ","0",106," "," ","0",194," "," ","0",211," "," ","0",228," "," ","0",156," "," ","0",206," "," ","0",250," "," ","0",244," "," ","0",239," "," ","0",256," "," ","0",NA," "," "," ",28," "," ","0",44," "," ","0",111," "," ","0",189," "," ","0",244," "," ","0",144," "," ","0",11," "," ","0",50," "," ","0",161," "," ","0",178," "," ","0",178," "," ","0",150," "," ","0",NA," "," "," "
"1181","USC00392565",2006,4,"TMIN",33," "," ","0",6," "," ","0",-6," "," ","0",-6," "," ","0",28," "," ","0",28," "," ","0",11," "," ","0",-22," "," ","0",11," "," ","0",22," "," ","0",50," "," ","0",-6," "," ","0",11," "," ","0",28," "," ","0",89," "," ","0",28," "," ","0",0," "," ","0",NA," "," "," ",-83," "," ","0",-83," "," ","0",-17," "," ","0",28," "," ","0",89," "," ","0",-6," "," ","0",-39," "," ","0",-39," "," ","0",17," "," ","0",28," "," ","0",6," "," ","0",-6," "," ","0",NA," "," "," "
"1182","USC00392565",2006,4,"TOBS",83," "," ","0",39," "," ","0",39," "," ","0",78," "," ","0",167," "," ","0",61," "," ","0",22," "," ","0",17," "," ","0",22," "," ","0",106," "," ","0",89," "," ","0",11," "," ","0",150," "," ","0",89," "," ","0",117," "," ","0",83," "," ","0",0," "," ","0",NA," "," "," ",-17," "," ","0",44," "," ","0",28," "," ","0",150," "," ","0",122," "," ","0",-6," "," ","0",-6," "," ","0",17," "," ","0",122," "," ","0",56," "," ","0",50," "," ","0",39," "," ","0",NA," "," "," "
"1183","USC00392565",2006,4,"PRCP",0,"P"," ","0",0,"P"," ","0",0,"P"," ","0",0,"P"," ","0",0,"P"," ","0",84," "," ","0",13," "," ","0",0,"P"," ","0",0,"P"," ","0",0,"P"," ","0",0,"P"," ","0",0,"P"," ","0",0,"P"," ","0",0,"P"," ","0",0,"P"," ","0",0,"P"," ","0",5," "," ","0",NA," "," "," ",NA," "," "," ",69," "," ","0",0,"P"," ","0",0,"P"," ","0",0,"P"," ","0",191," "," ","0",0,"P"," ","0",0,"P"," ","0",0,"P"," ","0",0,"P"," ","0",0,"P"," ","0",0,"P"," ","0",NA," "," "," "
"1184","USC00392565",2006,4,"SNOW",0,"P"," ","0",0,"P"," ","0",0,"P"," ","0",0,"P"," ","0",0,"P"," ","0",0,"P"," ","0",0,"P"," ","0",0,"P"," ","0",0,"P"," ","0",0,"P"," ","0",0,"P"," ","0",0,"P"," ","0",0,"P"," ","0",0,"P"," ","0",0,"P"," ","0",0,"P"," ","0",0,"P"," ","0",NA," "," "," ",NA," "," "," ",NA," "," "," ",0,"P"," ","0",0,"P"," ","0",0,"P"," ","0",127," "," ","0",0,"P"," ","0",0,"P"," ","0",0,"P"," ","0",0,"P"," ","0",0,"P"," ","0",0,"P"," ","0",NA," "," "," "
"1185","USC00392565",2006,4,"SNWD",0,"P"," ","0",0,"P"," ","0",0,"P"," ","0",0,"P"," ","0",0,"P"," ","0",0,"P"," ","0",0,"P"," ","0",0,"P"," ","0",0,"P"," ","0",0,"P"," ","0",0,"P"," ","0",0,"P"," ","0",0,"P"," ","0",0,"P"," ","0",0,"P"," ","0",0,"P"," ","0",0,"P"," ","0",NA," "," "," ",NA," "," "," ",NA," "," "," ",0,"P"," ","0",0,"P"," ","0",0,"P"," ","0",127," "," ","0",NA," "," "," ",NA," "," "," ",NA," "," "," ",NA," "," "," ",NA," "," "," ",0,"P"," ","0",NA," "," "," "
"1186","USC00392565",2006,5,"TMAX",178," "," ","0",172," "," ","0",128," "," ","0",128," "," ","0",33," "," ","0",128," "," ","0",194," "," ","0",217," "," ","0",156," "," ","0",94," "," ","0",144," "," ","0",156," "," ","0",222," "," ","0",NA," "," "," ",206," "," ","0",211," "," ","0",256," "," ","0",267," "," ","0",283," "," ","0",NA," "," "," ",283," "," ","0",278," "," ","0",311," "," ","0",161," "," ","0",217," "," ","0",NA," "," "," ",NA," "," "," ",NA," "," "," ",NA," "," "," ",NA," "," "," ",NA," "," "," "
"1187","USC00392565",2006,5,"TMIN",39," "," ","0",17," "," ","0",-17," "," ","0",6," "," ","0",-6," "," ","0",-11," "," ","0",33," "," ","0",56," "," ","0",-6," "," ","0",-22," "," ","0",-17," "," ","0",28," "," ","0",61," "," ","0",NA," "," "," ",17," "," ","0",33," "," ","0",50," "," ","0",72," "," ","0",106," "," ","0",NA," "," "," ",100," "," ","0",133," "," ","0",117," "," ","0",106," "," ","0",61," "," ","0",NA," "," "," ",NA," "," "," ",NA," "," "," ",NA," "," "," ",NA," "," "," ",NA," "," "," "
"1188","USC00392565",2006,5,"TOBS",89," "," ","0",17," "," ","0",39," "," ","0",22," "," ","0",22," "," ","0",106," "," ","0",111," "," ","0",61," "," ","0",44," "," ","0",56," "," ","0",144," "," ","0",100," "," ","0",89," "," ","0",NA," "," "," ",117," "," ","0",94," "," ","0",172," "," ","0",161," "," ","0",211," "," ","0",NA," "," "," ",150," "," ","0",156," "," ","0",117," "," ","0",128," "," ","0",172," "," ","0",NA," "," "," ",NA," "," "," ",NA," "," "," ",NA," "," "," ",NA," "," "," ",156," "," ","0"
"1189","USC00392565",2006,5,"PRCP",0,"P"," ","0",0,"P"," ","0",0,"P"," ","0",0,"P"," ","0",69," "," ","0",0,"P"," ","0",0,"P"," ","0",33," "," ","0",30," "," ","0",0,"P"," ","0",23," "," ","0",0,"P"," ","0",0,"P"," ","0",0,"P"," ","0",0,"P"," ","0",0,"P"," ","0",0,"P"," ","0",0,"P"," ","0",0,"P"," ","0",NA," "," "," ",NA," "," "," ",0,"P"," ","0",79," "," ","0",328," "," ","0",0," "," ","0",NA," "," "," ",NA," "," "," ",NA," "," "," ",NA," "," "," ",NA," "," "," ",NA," "," "," "
"1190","USC00392565",2006,5,"SNOW",0,"P"," ","0",0,"P"," ","0",0,"P"," ","0",0,"P"," ","0",0,"P"," ","0",0,"P"," ","0",0,"P"," ","0",0,"P"," ","0",0,"P"," ","0",0,"P"," ","0",0,"P"," ","0",0,"P"," ","0",0,"P"," ","0",0,"P"," ","0",0,"P"," ","0",0,"P"," ","0",0,"P"," ","0",0,"P"," ","0",0,"P"," ","0",0,"P"," ","0",0,"P"," ","0",0,"P"," ","0",0,"P"," ","0",0,"P"," ","0",0,"P"," ","0",0,"P"," ","0",0,"P"," ","0",0,"P"," ","0",0,"P"," ","0",0,"P"," ","0",0,"P"," ","0"
"1191","USC00392565",2006,5,"SNWD",0,"P"," ","0",0,"P"," ","0",0,"P"," ","0",0,"P"," ","0",0,"P"," ","0",0,"P"," ","0",0,"P"," ","0",0,"P"," ","0",0,"P"," ","0",0,"P"," ","0",0,"P"," ","0",0,"P"," ","0",0,"P"," ","0",0,"P"," ","0",0,"P"," ","0",0,"P"," ","0",0,"P"," ","0",0,"P"," ","0",0,"P"," ","0",0,"P"," ","0",0,"P"," ","0",0,"P"," ","0",0,"P"," ","0",0,"P"," ","0",0,"P"," ","0",0,"P"," ","0",0,"P"," ","0",0,"P"," ","0",0,"P"," ","0",0,"P"," ","0",0,"P"," ","0"
"1192","USC00392565",2006,5,"MDPR",NA," "," "," ",NA," "," "," ",NA," "," "," ",NA," "," "," ",NA," "," "," ",NA," "," "," ",NA," "," "," ",NA," "," "," ",NA," "," "," ",NA," "," "," ",NA," "," "," ",NA," "," "," ",NA," "," "," ",NA," "," "," ",NA," "," "," ",NA," "," "," ",NA," "," "," ",NA," "," "," ",NA," "," "," ",NA," "," "," ",81," "," ","0",NA," "," "," ",NA," "," "," ",NA," "," "," ",NA," "," "," ",NA," "," "," ",NA," "," "," ",NA," "," "," ",NA," "," "," ",NA," "," "," ",183," "," ","0"
"1193","USC00392565",2006,6,"TMAX",NA," "," "," ",294," "," ","0",294," "," ","0",294," "," ","0",267," "," ","0",256," "," ","0",NA," "," "," ",NA," "," "," ",NA," "," "," ",NA," "," "," ",311," "," ","0",239," "," ","0",NA," "," "," ",333," "," ","0",356," "," ","0",256," "," ","0",256," "," ","0",267," "," ","0",261," "," ","0",289," "," ","0",283," "," ","0",256," "," ","0",250," "," ","0",228," "," ","0",250," "," ","0",244," "," ","0",289," "," ","0",283," "," ","0",317," "," ","0",344," "," ","0",NA," "," "," "
"1194","USC00392565",2006,6,"TMIN",133," "," ","0",NA," "," "," ",133," "," ","0",117," "," ","0",122," "," ","0",100," "," ","0",NA," "," "," ",NA," "," "," ",NA," "," "," ",NA," "," "," ",67," "," ","0",122," "," ","0",NA," "," "," ",167," "," ","0",100," "," ","0",122," "," ","0",106," "," ","0",106," "," ","0",139," "," ","0",128," "," ","0",133," "," ","0",117," "," ","0",122," "," ","0",111," "," ","0",72," "," ","0",89," "," ","0",117," "," ","0",150," "," ","0",144," "," ","0",167," "," ","0",NA," "," "," "
"1195","USC00392565",2006,6,"TOBS",NA," "," "," ",NA," "," "," ",NA," "," "," ",156," "," ","0",183," "," ","0",178," "," ","0",NA," "," "," ",NA," "," "," ",NA," "," "," ",NA," "," "," ",128," "," ","0",206," "," ","0",250," "," ","0",228," "," ","0",189," "," ","0",189," "," ","0",194," "," ","0",178," "," ","0",172," "," ","0",189," "," ","0",167," "," ","0",133," "," ","0",228," "," ","0",200," "," ","0",150," "," ","0",167," "," ","0",183," "," ","0",233," "," ","0",250," "," ","0",239," "," ","0",NA," "," "," "
"1196","USC00392565",2006,6,"PRCP",0,"P"," ","0",0,"P"," ","0",0,"P"," ","0",0,"P"," ","0",58," "," ","0",0,"P"," ","0",NA," "," "," ",NA," "," "," ",NA," "," "," ",25," "," ","0",13," "," ","0",0,"P"," ","0",0,"P"," ","0",0,"P"," ","0",0,"P"," ","0",0,"P"," ","0",3," "," ","0",0,"P"," ","0",0,"P"," ","0",43," "," ","0",3," "," ","0",0,"P"," ","0",30," "," ","0",15," "," ","0",0,"P"," ","0",0,"P"," ","0",0,"P"," ","0",0,"P"," ","0",0,"P"," ","0",0,"P"," ","0",NA," "," "," "
"1197","USC00392565",2006,6,"SNOW",0,"P"," ","0",0,"P"," ","0",0,"P"," ","0",0,"P"," ","0",0,"P"," ","0",0,"P"," ","0",NA," "," "," ",NA," "," "," ",NA," "," "," ",NA," "," "," ",0,"P"," ","0",0,"P"," ","0",0,"P"," ","0",0,"P"," ","0",0,"P"," ","0",0,"P"," ","0",0,"P"," ","0",0,"P"," ","0",0,"P"," ","0",0,"P"," ","0",0,"P"," ","0",0,"P"," ","0",0,"P"," ","0",0,"P"," ","0",0,"P"," ","0",0,"P"," ","0",0,"P"," ","0",0,"P"," ","0",0,"P"," ","0",0,"P"," ","0",NA," "," "," "
"1198","USC00392565",2006,6,"SNWD",NA," "," "," ",NA," "," "," ",NA," "," "," ",NA," "," "," ",NA," "," "," ",0,"P"," ","0",NA," "," "," ",NA," "," "," ",0,"P"," ","0",NA," "," "," ",NA," "," "," ",NA," "," "," ",0,"P"," ","0",0,"P"," ","0",0,"P"," ","0",0,"P"," ","0",0,"P"," ","0",0,"P"," ","0",0,"P"," ","0",0,"P"," ","0",0,"P"," ","0",0,"P"," ","0",0,"P"," ","0",0,"P"," ","0",0,"P"," ","0",0,"P"," ","0",0,"P"," ","0",0,"P"," ","0",0,"P"," ","0",0,"P"," ","0",NA," "," "," "
"1199","USC00392565",2006,6,"MDPR",NA," "," "," ",NA," "," "," ",NA," "," "," ",NA," "," "," ",NA," "," "," ",NA," "," "," ",NA," "," "," ",NA," "," "," ",8," "," ","0",NA," "," "," ",NA," "," "," ",NA," "," "," ",NA," "," "," ",NA," "," "," ",NA," "," "," ",NA," "," "," ",NA," "," "," ",NA," "," "," ",NA," "," "," ",NA," "," "," ",NA," "," "," ",NA," "," "," ",NA," "," "," ",NA," "," "," ",NA," "," "," ",NA," "," "," ",NA," "," "," ",NA," "," "," ",NA," "," "," ",NA," "," "," ",NA," "," "," "
"1200","USC00392565",2006,7,"TMAX",339," "," ","0",NA," "," "," ",306," "," ","0",267," "," ","0",267," "," ","0",272," "," ","0",311," "," ","0",317," "," ","0",300," "," ","0",228," "," ","0",250," "," ","0",339," "," ","0",344," "," ","0",311," "," ","0",361," "," ","0",406," "," ","0",389," "," ","0",317," "," ","0",389," "," ","0",344," "," ","0",239," "," ","0",289," "," ","0",311," "," ","0",361," "," ","0",367," "," ","0",339," "," ","0",317," "," ","0",344," "," ","0",378," "," ","0",389," "," ","0",389," "," ","0"
"1201","USC00392565",2006,7,"TMIN",172," "," ","0",NA," "," "," ",111," "," ","0",122," "," ","0",122," "," ","0",161," "," ","0",172," "," ","0",156," "," ","0",183," "," ","0",150," "," ","0",133," "," ","0",161," "," ","0",178," "," ","0",144," "," ","0",172," "," ","0",189," "," ","0",211," "," ","0",206," "," ","0",189," "," ","0",194," "," ","0",117," "," ","0",122," "," ","0",172," "," ","0",178," "," ","0",228," "," ","0",172," "," ","0",144," "," ","0",189," "," ","0",189," "," ","0",189," "," ","0",239," "," ","0"
"1202","USC00392565",2006,7,"TOBS",200," "," ","0",NA," "," "," ",167," "," ","0",200," "," ","0",211," "," ","0",211," "," ","0",183," "," ","0",217," "," ","0",206," "," ","0",172," "," ","0",250," "," ","0",233," "," ","0",233," "," ","0",228," "," ","0",233," "," ","0",228," "," ","0",228," "," ","0",233," "," ","0",217," "," ","0",200," "," ","0",167," "," ","0",200," "," ","0",256," "," ","0",228," "," ","0",278," "," ","0",222," "," ","0",228," "," ","0",278," "," ","0",267," "," ","0",278," "," ","0",239," "," ","0"
"1203","USC00392565",2006,7,"PRCP",0,"P"," ","0",NA," "," "," ",NA," "," "," ",36," "," ","0",0,"P"," ","0",0,"P"," ","0",0,"P"," ","0",13," "," ","0",0,"P"," ","0",0,"P"," ","0",0,"P"," ","0",0,"P"," ","0",0,"P"," ","0",0,"P"," ","0",0,"P"," ","0",0,"P"," ","0",0,"P"," ","0",0,"P"," ","0",0,"P"," ","0",0,"P"," ","0",66," "," ","0",0,"P"," ","0",0,"P"," ","0",0,"P"," ","0",0,"P"," ","0",0,"P"," ","0",102," "," ","0",0,"P"," ","0",0,"P"," ","0",0,"P"," ","0",0,"P"," ","0"
"1204","USC00392565",2006,7,"SNOW",0,"P"," ","0",0,"P"," ","0",0,"P"," ","0",0,"P"," ","0",0,"P"," ","0",0,"P"," ","0",0,"P"," ","0",0,"P"," ","0",0,"P"," ","0",0,"P"," ","0",0,"P"," ","0",0,"P"," ","0",0,"P"," ","0",0,"P"," ","0",0,"P"," ","0",0,"P"," ","0",0,"P"," ","0",0,"P"," ","0",0,"P"," ","0",0,"P"," ","0",0,"P"," ","0",0,"P"," ","0",0,"P"," ","0",0,"P"," ","0",0,"P"," ","0",0,"P"," ","0",0,"P"," ","0",0,"P"," ","0",0,"P"," ","0",0,"P"," ","0",0,"P"," ","0"
"1205","USC00392565",2006,7,"SNWD",0,"P"," ","0",0,"P"," ","0",0,"P"," ","0",0,"P"," ","0",0,"P"," ","0",0,"P"," ","0",0,"P"," ","0",0,"P"," ","0",0,"P"," ","0",0,"P"," ","0",0,"P"," ","0",0,"P"," ","0",0,"P"," ","0",0,"P"," ","0",0,"P"," ","0",0,"P"," ","0",0,"P"," ","0",0,"P"," ","0",0,"P"," ","0",0,"P"," ","0",0,"P"," ","0",0,"P"," ","0",0,"P"," ","0",0,"P"," ","0",0,"P"," ","0",0,"P"," ","0",0,"P"," ","0",0,"P"," ","0",0,"P"," ","0",0,"P"," ","0",0,"P"," ","0"
"1206","USC00392565",2006,7,"MDPR",NA," "," "," ",NA," "," "," ",122," "," ","0",NA," "," "," ",NA," "," "," ",NA," "," "," ",NA," "," "," ",NA," "," "," ",NA," "," "," ",NA," "," "," ",NA," "," "," ",NA," "," "," ",NA," "," "," ",NA," "," "," ",NA," "," "," ",NA," "," "," ",NA," "," "," ",NA," "," "," ",NA," "," "," ",NA," "," "," ",NA," "," "," ",NA," "," "," ",NA," "," "," ",NA," "," "," ",NA," "," "," ",NA," "," "," ",NA," "," "," ",NA," "," "," ",NA," "," "," ",NA," "," "," ",NA," "," "," "
"1207","USC00392565",2006,8,"TMAX",300," "," ","0",250," "," ","0",278," "," ","0",317," "," ","0",339," "," ","0",333," "," ","0",300," "," ","0",300," "," ","0",333," "," ","0",350," "," ","0",NA," "," "," ",356," "," ","0",239," "," ","0",256," "," ","0",300," "," ","0",317," "," ","0",NA," "," "," ",339," "," ","0",250," "," ","0",267," "," ","0",311," "," ","0",311," "," ","0",NA," "," "," ",361," "," ","0",278," "," ","0",200," "," ","0",189," "," ","0",144," "," ","0",228," "," ","0",NA," "," "," ",328," "," ","0"
"1208","USC00392565",2006,8,"TMIN",167," "," ","0",106," "," ","0",156," "," ","0",172," "," ","0",167," "," ","0",172," "," ","0",144," "," ","0",156," "," ","0",172," "," ","0",150," "," ","0",NA," "," "," ",144," "," ","0",117," "," ","0",122," "," ","0",139," "," ","0",144," "," ","0",NA," "," "," ",144," "," ","0",89," "," ","0",133," "," ","0",128," "," ","0",128," "," ","0",NA," "," "," ",144," "," ","0",106," "," ","0",117," "," ","0",122," "," ","0",106," "," ","0",67," "," ","0",128," "," ","0",133," "," ","0"
"1209","USC00392565",2006,8,"TOBS",172," "," ","0",183," "," ","0",250," "," ","0",267," "," ","0",172," "," ","0",200," "," ","0",206," "," ","0",217," "," ","0",261," "," ","0",222," "," ","0",NA," "," "," ",233," "," ","0",200," "," ","0",194," "," ","0",144," "," ","0",189," "," ","0",NA," "," "," ",167," "," ","0",167," "," ","0",206," "," ","0",283," "," ","0",256," "," ","0",NA," "," "," ",206," "," ","0",200," "," ","0",122," "," ","0",128," "," ","0",144," "," ","0",183," "," ","0",322," "," ","0",156," "," ","0"
"1210","USC00392565",2006,8,"PRCP",0," "," ","0",25," "," ","0",0," "," ","0",0," "," ","0",0," "," ","0",0," "," ","0",74," "," ","0",0," "," ","0",0," "," ","0",0," "," ","0",NA," "," "," ",0," "," ","0",0," "," ","0",0," "," ","0",76," "," ","0",0," "," ","0",NA," "," "," ",0,"T"," ","0",0," "," ","0",0," "," ","0",0," "," ","0",0," "," ","0",NA," "," "," ",0," "," ","0",0," "," ","0",64," "," ","0",117," "," ","0",58," "," ","0",0," "," ","0",0," "," ","0",0," "," ","0"
"1211","USC00392565",2006,8,"SNOW",0,"P"," ","0",0,"P"," ","0",0,"P"," ","0",0,"P"," ","0",0,"P"," ","0",0,"P"," ","0",0,"P"," ","0",0,"P"," ","0",0,"P"," ","0",0,"P"," ","0",0,"P"," ","0",0,"P"," ","0",0,"P"," ","0",0,"P"," ","0",0,"P"," ","0",0,"P"," ","0",0,"P"," ","0",0,"P"," ","0",0,"P"," ","0",0,"P"," ","0",0,"P"," ","0",0,"P"," ","0",0,"P"," ","0",0,"P"," ","0",0,"P"," ","0",0,"P"," ","0",0,"P"," ","0",0,"P"," ","0",0,"P"," ","0",0,"P"," ","0",0,"P"," ","0"
"1212","USC00392565",2006,8,"SNWD",0,"P"," ","0",0,"P"," ","0",0,"P"," ","0",0,"P"," ","0",0,"P"," ","0",0,"P"," ","0",0,"P"," ","0",0,"P"," ","0",0,"P"," ","0",0,"P"," ","0",0,"P"," ","0",0,"P"," ","0",0,"P"," ","0",0,"P"," ","0",0,"P"," ","0",0,"P"," ","0",0,"P"," ","0",0,"P"," ","0",0,"P"," ","0",0,"P"," ","0",0,"P"," ","0",0,"P"," ","0",0,"P"," ","0",0,"P"," ","0",0,"P"," ","0",0,"P"," ","0",0,"P"," ","0",0,"P"," ","0",0,"P"," ","0",0,"P"," ","0",0,"P"," ","0"
"1213","USC00392565",2006,9,"TMAX",222," "," ","0",117," "," ","0",194," "," ","0",206," "," ","0",217," "," ","0",267," "," ","0",278," "," ","0",267," "," ","0",256," "," ","0",NA," "," "," ",256," "," ","0",211," "," ","0",256," "," ","0",NA," "," "," ",317," "," ","0",222," "," ","0",83," "," ","0",83," "," ","0",89," "," ","0",189," "," ","0",206," "," ","0",144," "," ","0",72," "," ","0",100," "," ","0",NA," "," "," ",206," "," ","0",222," "," ","0",111," "," ","0",217," "," ","0",228," "," ","0",NA," "," "," "
"1214","USC00392565",2006,9,"TMIN",94," "," ","0",33," "," ","0",39," "," ","0",78," "," ","0",83," "," ","0",106," "," ","0",106," "," ","0",106," "," ","0",117," "," ","0",NA," "," "," ",78," "," ","0",72," "," ","0",94," "," ","0",NA," "," "," ",117," "," ","0",83," "," ","0",17," "," ","0",6," "," ","0",-17," "," ","0",78," "," ","0",NA," "," "," ",50," "," ","0",50," "," ","0",-17," "," ","0",NA," "," "," ",11," "," ","0",83," "," ","0",-22," "," ","0",17," "," ","0",44," "," ","0",NA," "," "," "
"1215","USC00392565",2006,9,"TOBS",94," "," ","0",111," "," ","0",100," "," ","0",139," "," ","0",172," "," ","0",194," "," ","0",261," "," ","0",211," "," ","0",122," "," ","0",NA," "," "," ",144," "," ","0",161," "," ","0",122," "," ","0",NA," "," "," ",150," "," ","0",83," "," ","0",33," "," ","0",22," "," ","0",78," "," ","0",111," "," ","0",NA," "," "," ",67," "," ","0",67," "," ","0",28," "," ","0",NA," "," "," ",144," "," ","0",94," "," ","0",17," "," ","0",122," "," ","0",156," "," ","0",NA," "," "," "
"1216","USC00392565",2006,9,"PRCP",5," "," ","0",20," "," ","0",0," "," ","0",0," "," ","0",0," "," ","0",0," "," ","0",0," "," ","0",0," "," ","0",0," "," ","0",0," "," ","0",0," "," ","0",0," "," ","0",0," "," ","0",0," "," ","0",0," "," ","0",0," "," ","0",0," "," ","0",0," "," ","0",0," "," ","0",0," "," ","0",33," "," ","0",3," "," ","0",20," "," ","0",0," "," ","0",0," "," ","0",0," "," ","0",0," "," ","0",0," "," ","0",0," "," ","0",0," "," ","0",NA," "," "," "
"1217","USC00392565",2006,9,"SNOW",0,"P"," ","0",0,"P"," ","0",0,"P"," ","0",0,"P"," ","0",0,"P"," ","0",0,"P"," ","0",0,"P"," ","0",0,"P"," ","0",0,"P"," ","0",0,"P"," ","0",0,"P"," ","0",0,"P"," ","0",0,"P"," ","0",0,"P"," ","0",0,"P"," ","0",0,"P"," ","0",0,"P"," ","0",0,"P"," ","0",0,"P"," ","0",0,"P"," ","0",0,"P"," ","0",0,"P"," ","0",0,"P"," ","0",0,"P"," ","0",0,"P"," ","0",0,"P"," ","0",0,"P"," ","0",0,"P"," ","0",0,"P"," ","0",0,"P"," ","0",NA," "," "," "
"1218","USC00392565",2006,9,"SNWD",0,"P"," ","0",0,"P"," ","0",0,"P"," ","0",0,"P"," ","0",0,"P"," ","0",0,"P"," ","0",0,"P"," ","0",0,"P"," ","0",0,"P"," ","0",0,"P"," ","0",0,"P"," ","0",0,"P"," ","0",0,"P"," ","0",0,"P"," ","0",0,"P"," ","0",0,"P"," ","0",0,"P"," ","0",0,"P"," ","0",0,"P"," ","0",0,"P"," ","0",0,"P"," ","0",0,"P"," ","0",0,"P"," ","0",0,"P"," ","0",0,"P"," ","0",0,"P"," ","0",0,"P"," ","0",0,"P"," ","0",0,"P"," ","0",0,"P"," ","0",NA," "," "," "
"1219","USC00392565",2006,10,"TMAX",267," "," ","0",272," "," ","0",256," "," ","0",256," "," ","0",100," "," ","0",211," "," ","0",256," "," ","0",239," "," ","0",NA," "," "," ",133," "," ","0",67," "," ","0",6," "," ","0",50," "," ","0",117," "," ","0",144," "," ","0",217," "," ","0",133," "," ","0",28," "," ","0",56," "," ","0",83," "," ","0",83," "," ","0",22," "," ","0",28," "," ","0",150," "," ","0",161," "," ","0",167," "," ","0",111," "," ","0",133," "," ","0",178," "," ","0",194," "," ","0",0," "," ","0"
"1220","USC00392565",2006,10,"TMIN",50," "," ","0",50," "," ","0",67," "," ","0",17," "," ","0",39," "," ","0",39," "," ","0",39," "," ","0",61," "," ","0",NA," "," "," ",6," "," ","0",6," "," ","0",-111," "," ","0",-78," "," ","0",-50," "," ","0",0," "," ","0",33," "," ","0",-17," "," ","0",-56," "," ","0",-44," "," ","0",-6," "," ","0",-33," "," ","0",-33," "," ","0",-78," "," ","0",-67," "," ","0",-6," "," ","0",6," "," ","0",-33," "," ","0",-33," "," ","0",-22," "," ","0",-22," "," ","0",-167," "," ","0"
"1221","USC00392565",2006,10,"TOBS",133," "," ","0",67," "," ","0",117," "," ","0",50," "," ","0",100," "," ","0",83," "," ","0",156," "," ","0",67," "," ","0",NA," "," "," ",17," "," ","0",6," "," ","0",-28," "," ","0",-50," "," ","0",0," "," ","0",33," "," ","0",67," "," ","0",-17," "," ","0",-11," "," ","0",0," "," ","0",11," "," ","0",-11," "," ","0",-22," "," ","0",-67," "," ","0",61," "," ","0",6," "," ","0",50," "," ","0",61," "," ","0",-6," "," ","0",117," "," ","0",-17," "," ","0",-139," "," ","0"
"1222","USC00392565",2006,10,"PRCP",0," "," ","0",0," "," ","0",0," "," ","0",0," "," ","0",0," "," ","0",0," "," ","0",0," "," ","0",0," "," ","0",0," "," ","0",28," "," ","0",0," "," ","0",0," "," ","0",0," "," ","0",0," "," ","0",0," "," ","0",0," "," ","0",33," "," ","0",0," "," ","0",0," "," ","0",0," "," ","0",36," "," ","0",0," "," ","0",0," "," ","0",0," "," ","0",0," "," ","0",0," "," ","0",0," "," ","0",0," "," ","0",0," "," ","0",0," "," ","0",0," "," ","0"
"1223","USC00392565",2006,10,"SNOW",0," "," ","0",0," "," ","0",0," "," ","0",0," "," ","0",0," "," ","0",0," "," ","0",0," "," ","0",0," "," ","0",0," "," ","0",0," "," ","0",0," "," ","0",0," "," ","0",0," "," ","0",0," "," ","0",0," "," ","0",0," "," ","0",0," "," ","0",0," "," ","0",0," "," ","0",0," "," ","0",0," "," ","0",0," "," ","0",0," "," ","0",0," "," ","0",0," "," ","0",0," "," ","0",0," "," ","0",0," "," ","0",0," "," ","0",0," "," ","0",0," "," ","0"
"1224","USC00392565",2006,10,"SNWD",0," "," ","0",0," "," ","0",0," "," ","0",0," "," ","0",0," "," ","0",0," "," ","0",0," "," ","0",0," "," ","0",0," "," ","0",0," "," ","0",0," "," ","0",0," "," ","0",0," "," ","0",0," "," ","0",0," "," ","0",0," "," ","0",0," "," ","0",0," "," ","0",0," "," ","0",0," "," ","0",0," "," ","0",0," "," ","0",0," "," ","0",0," "," ","0",0," "," ","0",0," "," ","0",0," "," ","0",0," "," ","0",0," "," ","0",0," "," ","0",0," "," ","0"
"1225","USC00392565",2006,11,"TMAX",17," "," ","0",0," "," ","0",67," "," ","0",133," "," ","0",150," "," ","0",139," "," ","0",150," "," ","0",228," "," ","0",217," "," ","0",39," "," ","0",0," "," ","0",83," "," ","0",33," "," ","0",83," "," ","0",22," "," ","0",56," "," ","0",NA," "," "," ",106," "," ","0",NA," "," "," ",NA," "," "," ",NA," "," "," ",NA," "," "," ",178," "," ","0",167," "," ","0",NA," "," "," ",89," "," ","0",-56," "," ","0",50," "," ","0",-67," "," ","0",-72," "," ","0",NA," "," "," "
"1226","USC00392565",2006,11,"TMIN",-139," "," ","0",-128," "," ","0",-78," "," ","0",-33," "," ","0",-28," "," ","0",-22," "," ","0",11," "," ","0",94," "," ","0",28," "," ","0",-33," "," ","0",-72," "," ","0",-44," "," ","0",-72," "," ","0",-44," "," ","0",-72," "," ","0",-50," "," ","0",NA," "," "," ",-44," "," ","0",NA," "," "," ",NA," "," "," ",NA," "," "," ",NA," "," "," ",NA," "," "," ",-94," "," ","0",NA," "," "," ",-117," "," ","0",-133," "," ","0",-117," "," ","0",-178," "," ","0",-183," "," ","0",NA," "," "," "
"1227","USC00392565",2006,11,"TOBS",-78," "," ","0",-83," "," ","0",-28," "," ","0",-6," "," ","0",67," "," ","0",11," "," ","0",133," "," ","0",139," "," ","0",28," "," ","0",-28," "," ","0",-44," "," ","0",0," "," ","0",-44," "," ","0",0," "," ","0",-33," "," ","0",50," "," ","0",NA," "," "," ",-33," "," ","0",NA," "," "," ",NA," "," "," ",NA," "," "," ",NA," "," "," ",61," "," ","0",-78," "," ","0",NA," "," "," ",-94," "," ","0",-61," "," ","0",-117," "," ","0",-156," "," ","0",-133," "," ","0",NA," "," "," "
"1228","USC00392565",2006,11,"PRCP",0," "," ","0",0," "," ","0",0," "," ","0",0," "," ","0",0," "," ","0",0," "," ","0",0," "," ","0",0," "," ","0",0," "," ","0",71," "," ","0",0," "," ","0",3," "," ","0",0," "," ","0",0," "," ","0",61," "," ","0",0," "," ","0",NA," "," "," ",0," "," ","0",NA," "," "," ",NA," "," "," ",NA," "," "," ",NA," "," "," ",0," "," ","0",0," "," ","0",NA," "," "," ",0," "," ","0",0," "," ","0",0," "," ","0",0," "," ","0",0," "," ","0",NA," "," "," "
"1229","USC00392565",2006,11,"SNOW",0,"P"," ","0",0,"P"," ","0",0,"P"," ","0",0,"P"," ","0",0,"P"," ","0",0,"P"," ","0",0,"P"," ","0",0,"P"," ","0",0,"P"," ","0",51," "," ","0",0,"P"," ","0",NA," "," "," ",0,"P"," ","0",0,"P"," ","0",0,"P"," ","0",0,"P"," ","0",NA," "," "," ",0,"P"," ","0",NA," "," "," ",NA," "," "," ",NA," "," "," ",NA," "," "," ",0,"P"," ","0",0,"P"," ","0",NA," "," "," ",0,"P"," ","0",0,"P"," ","0",0,"P"," ","0",0,"P"," ","0",0,"P"," ","0",NA," "," "," "
"1230","USC00392565",2006,11,"SNWD",0,"P"," ","0",0,"P"," ","0",0,"P"," ","0",0,"P"," ","0",0,"P"," ","0",0,"P"," ","0",0,"P"," ","0",0,"P"," ","0",0,"P"," ","0",51," "," ","0",NA," "," "," ",NA," "," "," ",NA," "," "," ",NA," "," "," ",0,"P"," ","0",0,"P"," ","0",NA," "," "," ",0,"P"," ","0",NA," "," "," ",NA," "," "," ",NA," "," "," ",NA," "," "," ",0,"P"," ","0",0,"P"," ","0",NA," "," "," ",0,"P"," ","0",0,"P"," ","0",0,"P"," ","0",0,"P"," ","0",0,"P"," ","0",NA," "," "," "
"1231","USC00392565",2006,12,"TMAX",6," "," ","0",-6," "," ","0",-83," "," ","0",-6," "," ","0",61," "," ","0",61," "," ","0",11," "," ","0",50," "," ","0",139," "," ","0",139," "," ","0",106," "," ","0",83," "," ","0",94," "," ","0",94," "," ","0",NA," "," "," ",117," "," ","0",11," "," ","0",-44," "," ","0",NA," "," "," ",50," "," ","0",39," "," ","0",NA," "," "," ",61," "," ","0",11," "," ","0",22," "," ","0",NA," "," "," ",83," "," ","0",56," "," ","0",67," "," ","0",67," "," ","0",-50," "," ","0"
"1232","USC00392565",2006,12,"TMIN",-133," "," ","0",-139," "," ","0",-183," "," ","0",-150," "," ","0",-67," "," ","0",-89," "," ","0",-111," "," ","0",-67," "," ","0",-50," "," ","0",-67," "," ","0",-56," "," ","0",-78," "," ","0",-33," "," ","0",-50," "," ","0",NA," "," "," ",-44," "," ","0",-83," "," ","0",-133," "," ","0",NA," "," "," ",-144," "," ","0",-50," "," ","0",NA," "," "," ",-122," "," ","0",-67," "," ","0",-128," "," ","0",NA," "," "," ",-56," "," ","0",-44," "," ","0",-44," "," ","0",-144," "," ","0",-144," "," ","0"
"1233","USC00392565",2006,12,"TOBS",-56," "," ","0",-111," "," ","0",-150," "," ","0",-28," "," ","0",0," "," ","0",-17," "," ","0",-61," "," ","0",-17," "," ","0",94," "," ","0",-11," "," ","0",-22," "," ","0",44," "," ","0",6," "," ","0",72," "," ","0",NA," "," "," ",-11," "," ","0",-72," "," ","0",-50," "," ","0",NA," "," "," ",22," "," ","0",-33," "," ","0",NA," "," "," ",-17," "," ","0",6," "," ","0",-22," "," ","0",NA," "," "," ",-22," "," ","0",44," "," ","0",-44," "," ","0",-128," "," ","0",-94," "," ","0"
"1234","USC00392565",2006,12,"PRCP",0," "," ","0",0," "," ","0",0," "," ","0",0," "," ","0",0," "," ","0",0," "," ","0",0," "," ","0",0," "," ","0",0," "," ","0",0," "," ","0",0," "," ","0",0," "," ","0",0," "," ","0",0," "," ","0",NA," "," "," ",0," "," ","0",0," "," ","0",0," "," ","0",NA," "," "," ",0," "," ","0",0," "," ","0",NA," "," "," ",0," "," ","0",0," "," ","0",0," "," ","0",NA," "," "," ",0," "," ","0",0," "," ","0",38," "," ","0",0," "," ","0",0," "," ","0"
"1235","USC00392565",2006,12,"SNOW",0,"P"," ","0",0,"P"," ","0",0,"P"," ","0",0,"P"," ","0",0,"P"," ","0",0,"P"," ","0",0,"P"," ","0",0,"P"," ","0",0,"P"," ","0",0,"P"," ","0",0,"P"," ","0",0,"P"," ","0",0,"P"," ","0",0,"P"," ","0",NA," "," "," ",0,"P"," ","0",0,"P"," ","0",0,"P"," ","0",NA," "," "," ",0,"P"," ","0",0,"P"," ","0",NA," "," "," ",0,"P"," ","0",0,"P"," ","0",0,"P"," ","0",NA," "," "," ",0,"P"," ","0",0,"P"," ","0",25," "," ","0",0,"P"," ","0",0,"P"," ","0"
"1236","USC00392565",2006,12,"SNWD",0,"P"," ","0",0,"P"," ","0",0,"P"," ","0",0,"P"," ","0",0,"P"," ","0",0,"P"," ","0",0,"P"," ","0",0,"P"," ","0",0,"P"," ","0",0,"P"," ","0",0,"P"," ","0",0,"P"," ","0",0,"P"," ","0",0,"P"," ","0",NA," "," "," ",0,"P"," ","0",0,"P"," ","0",0,"P"," ","0",NA," "," "," ",0,"P"," ","0",0,"P"," ","0",NA," "," "," ",0,"P"," ","0",0,"P"," ","0",0,"P"," ","0",NA," "," "," ",0,"P"," ","0",0,"P"," ","0",25," "," ","0",0," "," ","0",0,"P"," ","0"
"1237","USC00392565",2007,1,"TMAX",-11," "," ","0",39," "," ","0",56," "," ","0",78," "," ","0",78," "," ","0",NA," "," "," ",NA," "," "," ",78," "," ","0",NA," "," "," ",78," "," ","0",117," "," ","0",-89," ","I","0",-178," "," ","0",-144," "," ","0",-106," "," ","0",-78," "," ","0",-6," "," ","0",-17," "," ","0",-44," "," ","0",17," "," ","0",72," "," ","0",11," "," ","0",33," "," ","0",67," "," ","0",83," "," ","0",117," "," ","0",61," "," ","0",-56," "," ","0",22," "," ","0",-44," "," ","0",-6," "," ","0"
"1238","USC00392565",2007,1,"TMIN",-139," "," ","0",-122," "," ","0",-61," "," ","0",-22," "," ","0",-94," "," ","0",NA," "," "," ",NA," "," "," ",-150," "," ","0",NA," "," "," ",-111," "," ","0",-89," "," ","0",-261," "," ","0",-239," "," ","0",-239," "," ","0",-233," "," ","0",-167," "," ","0",-156," "," ","0",-89," "," ","0",-133," "," ","0",-122," "," ","0",-44," "," ","0",-156," "," ","0",-83," "," ","0",-61," "," ","0",-61," "," ","0",-61," "," ","0",-128," "," ","0",-161," "," ","0",-161," "," ","0",-211," "," ","0",-161," "," ","0"
"1239","USC00392565",2007,1,"TOBS",-22," "," ","0",-61," "," ","0",22," "," ","0",56," "," ","0",-94," "," ","0",NA," "," "," ",NA," "," "," ",28," "," ","0",NA," "," "," ",44," "," ","0",-72," ","I","0",-217," "," ","0",-183," "," ","0",-233," "," ","0",-122," "," ","0",-156," "," ","0",-67," "," ","0",-78," "," ","0",-117," "," ","0",-33," "," ","0",-11," "," ","0",-89," "," ","0",33," "," ","0",17," "," ","0",-61," "," ","0",50," "," ","0",-106," "," ","0",-72," "," ","0",-72," "," ","0",-161," "," ","0",-100," "," ","0"
"1240","USC00392565",2007,1,"PRCP",0," "," ","0",0," "," ","0",0," "," ","0",0," "," ","0",0," "," ","0",NA," "," "," ",NA," "," "," ",0," "," ","0",NA," "," "," ",0," "," ","0",0," "," ","0",33," "," ","0",0," "," ","0",0," "," ","0",0," "," ","0",0," "," ","0",0," "," ","0",0," "," ","0",0," "," ","0",0," "," ","0",0," "," ","0",0," "," ","0",0," "," ","0",0," "," ","0",0," "," ","0",0," "," ","0",0," "," ","0",0," "," ","0",0," "," ","0",0,"T"," ","0",0," "," ","0"
"1241","USC00392565",2007,1,"SNOW",0,"P"," ","0",0,"P"," ","0",0,"P"," ","0",0,"P"," ","0",0,"P"," ","0",NA," "," "," ",NA," "," "," ",0,"P"," ","0",NA," "," "," ",0,"P"," ","0",0,"P"," ","0",36," "," ","0",0,"P"," ","0",0,"P"," ","0",0,"P"," ","0",0,"P"," ","0",0,"P"," ","0",0,"P"," ","0",0,"P"," ","0",0,"P"," ","0",0,"P"," ","0",0,"P"," ","0",0,"P"," ","0",0,"P"," ","0",0,"P"," ","0",0,"P"," ","0",0,"P"," ","0",0,"P"," ","0",0,"P"," ","0",13," "," ","0",0,"P"," ","0"
"1242","USC00392565",2007,1,"SNWD",0,"P"," ","0",0,"P"," ","0",0,"P"," ","0",0,"P"," ","0",0,"P"," ","0",NA," "," "," ",NA," "," "," ",0,"P"," ","0",NA," "," "," ",0,"P"," ","0",0,"P"," ","0",25," "," ","0",NA," "," "," ",NA," "," "," ",NA," "," "," ",NA," "," "," ",NA," "," "," ",NA," "," "," ",NA," "," "," ",NA," "," "," ",NA," "," "," ",NA," "," "," ",NA," "," "," ",NA," "," "," ",0,"P"," ","0",0,"P"," ","0",0,"P"," ","0",0,"P"," ","0",0,"P"," ","0",25," "," ","0",NA," "," "," "
"1243","USC00392565",2007,2,"TMAX",NA," "," "," ",-83," "," ","0",-106," "," ","0",-100," "," ","0",33," "," ","0",NA," "," "," ",NA," "," "," ",NA," "," "," ",NA," "," "," ",NA," "," "," ",111," "," ","0",67," "," ","0",-44," "," ","0",-128," "," ","0",-144," "," ","0",22," "," ","0",11," "," ","0",39," "," ","0",111," "," ","0",28," "," ","0",67," "," ","0",39," "," ","0",100," "," ","0",NA," "," "," ",122," "," ","0",39," "," ","0",22," "," ","0",22," "," ","0",NA," "," "," ",NA," "," "," ",NA," "," "," "
"1244","USC00392565",2007,2,"TMIN",NA," "," "," ",-256," "," ","0",-167," "," ","0",-189," "," ","0",-67," ","I","0",NA," "," "," ",NA," "," "," ",NA," "," "," ",NA," "," "," ",NA," "," "," ",NA," "," "," ",-61," "," ","0",-239," "," ","0",-206," "," ","0",-300," "," ","0",-194," "," ","0",-39," "," ","0",-100," "," ","0",-100," "," ","0",-100," "," ","0",-17," "," ","0",-61," "," ","0",-44," "," ","0",NA," "," "," ",-89," "," ","0",-106," "," ","0",-89," "," ","0",-89," "," ","0",NA," "," "," ",NA," "," "," ",NA," "," "," "
"1245","USC00392565",2007,2,"TOBS",NA," "," "," ",-161," "," ","0",-139," "," ","0",-117," "," ","0",17," "," ","0",NA," "," "," ",NA," "," "," ",NA," "," "," ",NA," "," "," ",NA," "," "," ",-11," "," ","0",-50," "," ","0",-194," "," ","0",-156," "," ","0",-200," "," ","0",11," "," ","0",-22," "," ","0",39," "," ","0",0," "," ","0",-11," "," ","0",6," "," ","0",0," "," ","0",39," "," ","0",NA," "," "," ",-39," "," ","0",-72," "," ","0",-61," "," ","0",-44," "," ","0",NA," "," "," ",NA," "," "," ",NA," "," "," "
"1246","USC00392565",2007,2,"PRCP",0,"P"," ","0",0,"P"," ","0",0,"P"," ","0",0,"P"," ","0",0,"P"," ","0",0,"P"," ","0",0,"P"," ","0",0,"P"," ","0",0,"P"," ","0",0,"P"," ","0",0,"P"," ","0",0,"P"," ","0",0,"P"," ","0",NA," "," "," ",NA," "," "," ",NA," "," "," ",NA," "," "," ",0,"P"," ","0",0,"P"," ","0",0,"P"," ","0",0,"P"," ","0",0,"P"," ","0",0,"P"," ","0",0,"P"," ","0",0,"P"," ","0",0,"P"," ","0",0,"P"," ","0",38," "," ","0",NA," "," "," ",NA," "," "," ",NA," "," "," "
"1247","USC00392565",2007,2,"SNOW",0,"P"," ","0",0,"P"," ","0",0,"P"," ","0",0,"P"," ","0",0,"P"," ","0",0,"P"," ","0",0,"P"," ","0",0,"P"," ","0",0,"P"," ","0",0,"P"," ","0",0,"P"," ","0",0,"P"," ","0",0,"P"," ","0",64," "," ","0",NA," "," "," ",NA," "," "," ",NA," "," "," ",0,"P"," ","0",0,"P"," ","0",0,"P"," ","0",0,"P"," ","0",0,"P"," ","0",0,"P"," ","0",0,"P"," ","0",0,"P"," ","0",0,"P"," ","0",0,"P"," ","0",0,"P"," ","0",NA," "," "," ",NA," "," "," ",NA," "," "," "
"1248","USC00392565",2007,2,"SNWD",NA," "," "," ",NA," "," "," ",NA," "," "," ",NA," "," "," ",NA," "," "," ",NA," "," "," ",NA," "," "," ",NA," "," "," ",NA," "," "," ",NA," "," "," ",NA," "," "," ",NA," "," "," ",NA," "," "," ",76," "," ","0",NA," "," "," ",NA," "," "," ",178," "," ","0",NA," "," "," ",NA," "," "," ",NA," "," "," ",NA," "," "," ",NA," "," "," ",NA," "," "," ",NA," "," "," ",NA," "," "," ",NA," "," "," ",NA," "," "," ",NA," "," "," ",NA," "," "," ",NA," "," "," ",NA," "," "," "
"1249","USC00392565",2007,2,"MDPR",NA," "," "," ",NA," "," "," ",NA," "," "," ",NA," "," "," ",NA," "," "," ",NA," "," "," ",NA," "," "," ",NA," "," "," ",NA," "," "," ",NA," "," "," ",NA," "," "," ",NA," "," "," ",NA," "," "," ",NA," "," "," ",NA," "," "," ",NA," "," "," ",185," "," ","0",NA," "," "," ",NA," "," "," ",NA," "," "," ",NA," "," "," ",NA," "," "," ",NA," "," "," ",NA," "," "," ",NA," "," "," ",NA," "," "," ",NA," "," "," ",NA," "," "," ",NA," "," "," ",NA," "," "," ",NA," "," "," "
"1250","USC00392565",2007,2,"MDSF",NA," "," "," ",NA," "," "," ",NA," "," "," ",NA," "," "," ",NA," "," "," ",NA," "," "," ",NA," "," "," ",NA," "," "," ",NA," "," "," ",NA," "," "," ",NA," "," "," ",NA," "," "," ",NA," "," "," ",NA," "," "," ",NA," "," "," ",NA," "," "," ",165," "," ","0",NA," "," "," ",NA," "," "," ",NA," "," "," ",NA," "," "," ",NA," "," "," ",NA," "," "," ",NA," "," "," ",NA," "," "," ",NA," "," "," ",NA," "," "," ",NA," "," "," ",NA," "," "," ",NA," "," "," ",NA," "," "," "
"1251","USC00392565",2007,3,"TMAX",NA," "," "," ",6," "," ","0",-78," "," ","0",17," "," ","0",100," "," ","0",133," "," ","0",139," "," ","0",156," "," ","0",156," "," ","0",117," "," ","0",150," "," ","0",NA," "," "," ",239," "," ","0",194," "," ","0",67," "," ","0",56," "," ","0",111," "," ","0",206," "," ","0",206," "," ","0",117," "," ","0",233," "," ","0",100," "," ","0",178," "," ","0",183," "," ","0",150," "," ","0",228," "," ","0",183," "," ","0",167," "," ","0",11," "," ","0",17," "," ","0",11," "," ","0"
"1252","USC00392565",2007,3,"TMIN",NA," "," "," ",-128," "," ","0",-128," "," ","0",-128," "," ","0",-56," "," ","0",-22," "," ","0",-28," "," ","0",NA," "," "," ",-44," "," ","0",-28," "," ","0",-22," "," ","0",NA," "," "," ",22," "," ","0",6," "," ","0",-22," "," ","0",-50," "," ","0",-17," "," ","0",0," "," ","0",-17," "," ","0",17," "," ","0",56," "," ","0",-28," "," ","0",-11," "," ","0",11," "," ","0",6," "," ","0",50," "," ","0",50," "," ","0",56," ","I","0",6," "," ","0",-44," "," ","0",-72," "," ","0"
"1253","USC00392565",2007,3,"TOBS",NA," "," "," ",-94," "," ","0",-106," "," ","0",-28," "," ","0",-11," "," ","0",72," "," ","0",0," "," ","0",NA," "," "," ",61," "," ","0",-22," "," ","0",22," "," ","0",NA," "," "," ",56," "," ","0",22," "," ","0",-17," "," ","0",22," "," ","0",22," "," ","0",NA," "," "," ",22," "," ","0",89," "," ","0",83," "," ","0",33," "," ","0",150," "," ","0",100," "," ","0",83," "," ","0",139," "," ","0",56," "," ","0",11," "," ","0",11," "," ","0",-39," "," ","0",-22," "," ","0"
"1254","USC00392565",2007,3,"PRCP",NA," "," "," ",0," "," ","0",0," "," ","0",0," "," ","0",0," "," ","0",0," "," ","0",0," "," ","0",NA," "," "," ",0," "," ","0",0," "," ","0",0," "," ","0",NA," "," "," ",0," "," ","0",0," "," ","0",23," "," ","0",0," "," ","0",0," "," ","0",0," "," ","0",0," "," ","0",0," "," ","0",0," "," ","0",0," "," ","0",0," "," ","0",0," "," ","0",3," "," ","0",0," "," ","0",0," "," ","0",0," "," ","0",0," "," ","0",241," "," ","0",0," "," ","0"
"1255","USC00392565",2007,3,"SNOW",NA," "," "," ",0,"P"," ","0",0,"P"," ","0",0,"P"," ","0",0,"P"," ","0",0,"P"," ","0",0,"P"," ","0",NA," "," "," ",0,"P"," ","0",0,"P"," ","0",0,"P"," ","0",NA," "," "," ",0,"P"," ","0",0,"P"," ","0",0,"P"," ","0",0,"P"," ","0",0,"P"," ","0",0,"P"," ","0",0,"P"," ","0",0,"P"," ","0",0,"P"," ","0",0,"P"," ","0",0,"P"," ","0",0,"P"," ","0",0,"P"," ","0",0,"P"," ","0",0,"P"," ","0",0,"P"," ","0",0,"P"," ","0",0,"P"," ","0",0,"P"," ","0"
"1256","USC00392565",2007,3,"SNWD",NA," "," "," ",NA," "," "," ",NA," "," "," ",NA," "," "," ",0,"P"," ","0",0,"P"," ","0",0,"P"," ","0",NA," "," "," ",0,"P"," ","0",0,"P"," ","0",0,"P"," ","0",NA," "," "," ",0,"P"," ","0",0,"P"," ","0",0,"P"," ","0",0,"P"," ","0",0,"P"," ","0",0,"P"," ","0",0,"P"," ","0",0,"P"," ","0",0,"P"," ","0",0,"P"," ","0",0,"P"," ","0",0,"P"," ","0",0,"P"," ","0",0,"P"," ","0",0,"P"," ","0",0,"P"," ","0",0,"P"," ","0",0,"P"," ","0",0,"P"," ","0"
"1257","USC00392565",2007,4,"TMAX",56," "," ","0",128," "," ","0",128," "," ","0",44," "," ","0",39," "," ","0",-17," "," ","0",-17," "," ","0",-17," "," ","0",33," "," ","0",133," "," ","0",67," "," ","0",28," "," ","0",NA," "," "," ",111," "," ","0",172," "," ","0",228," "," ","0",161," "," ","0",161," "," ","0",194," "," ","0",94," "," ","0",NA," "," "," ",178," "," ","0",156," "," ","0",67," "," ","0",NA," "," "," ",133," "," ","0",167," "," ","0",NA," "," "," ",NA," "," "," ",256," "," ","0",NA," "," "," "
"1258","USC00392565",2007,4,"TMIN",-28," "," ","0",11," "," ","0",-39," "," ","0",-56," "," ","0",-33," "," ","0",-83," "," ","0",-122," "," ","0",-100," "," ","0",-67," "," ","0",-6," "," ","0",-22," "," ","0",-94," "," ","0",NA," "," "," ",-94," "," ","0",22," "," ","0",56," "," ","0",17," "," ","0",50," "," ","0",6," "," ","0",-17," "," ","0",NA," "," "," ",22," "," ","0",44," "," ","0",39," "," ","0",NA," "," "," ",-17," "," ","0",-17," "," ","0",22," "," ","0",NA," "," "," ",NA," "," "," ",NA," "," "," "
"1259","USC00392565",2007,4,"TOBS",50," "," ","0",44," "," ","0",-28," "," ","0",-28," "," ","0",-33," "," ","0",-78," "," ","0",-106," "," ","0",-67," "," ","0",-6," "," ","0",28," "," ","0",11," "," ","0",-33," "," ","0",NA," "," "," ",89," "," ","0",89," "," ","0",94," "," ","0",56," "," ","0",111," "," ","0",6," "," ","0",83," "," ","0",NA," "," "," ",83," "," ","0",50," "," ","0",50," "," ","0",NA," "," "," ",128," "," ","0",106," "," ","0",NA," "," "," ",NA," "," "," ",167," "," ","0",NA," "," "," "
"1260","USC00392565",2007,4,"PRCP",0," "," ","0",0," "," ","0",15," "," ","0",0," "," ","0",0," "," ","0",25," "," ","0",0," "," ","0",0," "," ","0",0," "," ","0",0," "," ","0",0," "," ","0",0," "," ","0",0," "," ","0",0," "," ","0",0," "," ","0",0," "," ","0",0," "," ","0",0," "," ","0",117," "," ","0",0," "," ","0",0," "," ","0",0," "," ","0",0," "," ","0",147," "," ","0",0," "," ","0",0," "," ","0",0," "," ","0",0," "," ","0",0," "," ","0",0," "," ","0",NA," "," "," "
"1261","USC00392565",2007,4,"SNOW",0,"P"," ","0",0,"P"," ","0",0,"P"," ","0",0,"P"," ","0",0,"P"," ","0",NA," "," "," ",0,"P"," ","0",0,"P"," ","0",0,"P"," ","0",0,"P"," ","0",0,"P"," ","0",0,"P"," ","0",0,"P"," ","0",0,"P"," ","0",0,"P"," ","0",0,"P"," ","0",0,"P"," ","0",0,"P"," ","0",0,"P"," ","0",0,"P"," ","0",0,"P"," ","0",0,"P"," ","0",0,"P"," ","0",0,"P"," ","0",0,"P"," ","0",0,"P"," ","0",0,"P"," ","0",0,"P"," ","0",0,"P"," ","0",0,"P"," ","0",NA," "," "," "
"1262","USC00392565",2007,4,"SNWD",0,"P"," ","0",0,"P"," ","0",0,"P"," ","0",0,"P"," ","0",0,"P"," ","0",0,"P"," ","0",0,"P"," ","0",0,"P"," ","0",0,"P"," ","0",0,"P"," ","0",0,"P"," ","0",0,"P"," ","0",0,"P"," ","0",0,"P"," ","0",0,"P"," ","0",0,"P"," ","0",0,"P"," ","0",0,"P"," ","0",0,"P"," ","0",0,"P"," ","0",0,"P"," ","0",0,"P"," ","0",0,"P"," ","0",0,"P"," ","0",0,"P"," ","0",0,"P"," ","0",0,"P"," ","0",0,"P"," ","0",0,"P"," ","0",0,"P"," ","0",NA," "," "," "
"1263","USC00392565",2007,5,"TMAX",250," "," ","0",206," "," ","0",NA," "," "," ",233," "," ","0",133," "," ","0",150," "," ","0",111," "," ","0",161," "," ","0",211," "," ","0",244," "," ","0",239," "," ","0",283," "," ","0",294," "," ","0",306," "," ","0",NA," "," "," ",167," "," ","0",NA," "," "," ",272," "," ","0",294," "," ","0",267," "," ","0",283," "," ","0",267," "," ","0",139," "," ","0",139," "," ","0",178," "," ","0",217," "," ","0",183," "," ","0",267," "," ","0",283," "," ","0",172," "," ","0",139," "," ","0"
"1264","USC00392565",2007,5,"TMIN",56," "," ","0",94," "," ","0",NA," "," "," ",39," "," ","0",56," "," ","0",44," "," ","0",0," "," ","0",22," "," ","0",56," "," ","0",111," "," ","0",128," "," ","0",144," "," ","0",111," "," ","0",111," "," ","0",0," "," ","0",39," "," ","0",NA," "," "," ",67," "," ","0",83," "," ","0",133," "," ","0",133," "," ","0",83," "," ","0",33," "," ","0",-11," "," ","0",78," "," ","0",22," "," ","0",56," "," ","0",117," "," ","0",111," "," ","0",56," "," ","0",56," "," ","0"
"1265","USC00392565",2007,5,"TOBS",94," "," ","0",117," "," ","0",NA," "," "," ",61," "," ","0",89," "," ","0",56," "," ","0",61," "," ","0",106," "," ","0",161," "," ","0",189," "," ","0",211," "," ","0",156," "," ","0",250," "," ","0",122," "," ","0",67," "," ","0",106," "," ","0",NA," "," "," ",94," "," ","0",178," "," ","0",178," "," ","0",189," "," ","0",89," "," ","0",61," "," ","0",94," "," ","0",117," "," ","0",56," "," ","0",139," "," ","0",244," "," ","0",111," "," ","0",89," "," ","0",67," "," ","0"
"1266","USC00392565",2007,5,"PRCP",0," "," ","0",0," "," ","0",NA," "," "," ",NA," "," "," ",33," "," ","0",178," "," ","0",8," "," ","0",0," "," ","0",0," "," ","0",0," "," ","0",0," "," ","0",0," "," ","0",0," "," ","0",0," "," ","0",8," "," ","0",0," "," ","0",NA," "," "," ",0," "," ","0",0," "," ","0",0," "," ","0",8," "," ","0",142," "," ","0",0," "," ","0",0," "," ","0",0," "," ","0",0," "," ","0",0," "," ","0",0," "," ","0",25," "," ","0",0," "," ","0",74," "," ","0"
"1267","USC00392565",2007,5,"SNOW",0,"P"," ","0",0,"P"," ","0",0,"P"," ","0",0,"P"," ","0",0,"P"," ","0",0,"P"," ","0",0,"P"," ","0",0,"P"," ","0",0,"P"," ","0",0,"P"," ","0",0,"P"," ","0",0,"P"," ","0",0,"P"," ","0",0,"P"," ","0",NA," "," "," ",0,"P"," ","0",0,"P"," ","0",0,"P"," ","0",0,"P"," ","0",0,"P"," ","0",0,"P"," ","0",0,"P"," ","0",0,"P"," ","0",0,"P"," ","0",0,"P"," ","0",0,"P"," ","0",0,"P"," ","0",0,"P"," ","0",0,"P"," ","0",0,"P"," ","0",0,"P"," ","0"
"1268","USC00392565",2007,5,"SNWD",0,"P"," ","0",0,"P"," ","0",0,"P"," ","0",0,"P"," ","0",0,"P"," ","0",0,"P"," ","0",0,"P"," ","0",0,"P"," ","0",0,"P"," ","0",0,"P"," ","0",0,"P"," ","0",0,"P"," ","0",0,"P"," ","0",0,"P"," ","0",0,"P"," ","0",0,"P"," ","0",0,"P"," ","0",0,"P"," ","0",0,"P"," ","0",0,"P"," ","0",0,"P"," ","0",0,"P"," ","0",0,"P"," ","0",0,"P"," ","0",0,"P"," ","0",0,"P"," ","0",0,"P"," ","0",0,"P"," ","0",0,"P"," ","0",0,"P"," ","0",0,"P"," ","0"
"1269","USC00392565",2007,5,"MDPR",NA," "," "," ",NA," "," "," ",NA," "," "," ",119," "," ","0",NA," "," "," ",NA," "," "," ",NA," "," "," ",NA," "," "," ",NA," "," "," ",NA," "," "," ",NA," "," "," ",NA," "," "," ",NA," "," "," ",NA," "," "," ",NA," "," "," ",NA," "," "," ",NA," "," "," ",NA," "," "," ",NA," "," "," ",NA," "," "," ",NA," "," "," ",NA," "," "," ",NA," "," "," ",NA," "," "," ",NA," "," "," ",NA," "," "," ",NA," "," "," ",NA," "," "," ",NA," "," "," ",NA," "," "," ",NA," "," "," "
"1270","USC00392565",2007,6,"TMAX",100," "," ","0",161," "," ","0",NA," "," "," ",NA," "," "," ",NA," "," "," ",NA," "," "," ",117," "," ","0",200," "," ","0",NA," "," "," ",NA," "," "," ",289," "," ","0",328," "," ","0",222," "," ","0",256," "," ","0",283," "," ","0",272," "," ","0",294," "," ","0",311," "," ","0",211," "," ","0",278," "," ","0",333," "," ","0",317," "," ","0",NA," "," "," ",356," "," ","0",361," "," ","0",356," "," ","0",239," "," ","0",283," "," ","0",300," "," ","0",NA," "," "," ",NA," "," "," "
"1271","USC00392565",2007,6,"TMIN",61," "," ","0",94," "," ","0",NA," "," "," ",NA," "," "," ",NA," "," "," ",67," "," ","0",-11," "," ","0",56," "," ","0",NA," "," "," ",NA," "," "," ",94," "," ","0",178," "," ","0",83," "," ","0",89," "," ","0",133," "," ","0",150," "," ","0",189," "," ","0",89," "," ","0",72," "," ","0",139," "," ","0",217," "," ","0",111," "," ","0",133," "," ","0",NA," "," "," ",167," "," ","0",167," "," ","0",128," "," ","0",161," "," ","0",150," "," ","0",NA," "," "," ",NA," "," "," "
"1272","USC00392565",2007,6,"TOBS",94," "," ","0",139," "," ","0",NA," "," "," ",NA," "," "," ",NA," "," "," ",78," "," ","0",89," "," ","0",150," "," ","0",NA," "," "," ",NA," "," "," ",239," "," ","0",189," "," ","0",161," "," ","0",178," "," ","0",200," "," ","0",222," "," ","0",206," "," ","0",156," "," ","0",156," "," ","0",222," "," ","0",250," "," ","0",222," "," ","0",NA," "," "," ",244," "," ","0",256," "," ","0",189," "," ","0",222," "," ","0",183," "," ","0",206," "," ","0",NA," "," "," ",NA," "," "," "
"1273","USC00392565",2007,6,"PRCP",86," "," ","0",5," "," ","0",NA," "," "," ",NA," "," "," ",NA," "," "," ",NA," "," "," ",0," "," ","0",0," "," ","0",NA," "," "," ",NA," "," "," ",0," "," ","0",0," "," ","0",8," "," ","0",0," "," ","0",0," "," ","0",0," "," ","0",0," "," ","0",0," "," ","0",0," "," ","0",0," "," ","0",0," "," ","0",38," "," ","0",0," "," ","0",0," "," ","0",0," "," ","0",0," "," ","0",0," "," ","0",0," "," ","0",0," "," ","0",0,"P"," ","0",NA," "," "," "
"1274","USC00392565",2007,6,"SNOW",0,"P"," ","0",0,"P"," ","0",0,"P"," ","0",0,"P"," ","0",0,"P"," ","0",0,"P"," ","0",0,"P"," ","0",0,"P"," ","0",0,"P"," ","0",0,"P"," ","0",0,"P"," ","0",0,"P"," ","0",0,"P"," ","0",0,"P"," ","0",0,"P"," ","0",0,"P"," ","0",0,"P"," ","0",0,"P"," ","0",0,"P"," ","0",0,"P"," ","0",0,"P"," ","0",0,"P"," ","0",0,"P"," ","0",0,"P"," ","0",0,"P"," ","0",0,"P"," ","0",0,"P"," ","0",0,"P"," ","0",0,"P"," ","0",0,"P"," ","0",NA," "," "," "
"1275","USC00392565",2007,6,"SNWD",0,"P"," ","0",0,"P"," ","0",0,"P"," ","0",0,"P"," ","0",0,"P"," ","0",0,"P"," ","0",0,"P"," ","0",0,"P"," ","0",0,"P"," ","0",0,"P"," ","0",0,"P"," ","0",0,"P"," ","0",0,"P"," ","0",0,"P"," ","0",0,"P"," ","0",0,"P"," ","0",0,"P"," ","0",0,"P"," ","0",0,"P"," ","0",0,"P"," ","0",0,"P"," ","0",0,"P"," ","0",0,"P"," ","0",0,"P"," ","0",0,"P"," ","0",0,"P"," ","0",0,"P"," ","0",0,"P"," ","0",0,"P"," ","0",0,"P"," ","0",NA," "," "," "
"1276","USC00392565",2007,6,"MDPR",NA," "," "," ",NA," "," "," ",NA," "," "," ",NA," "," "," ",NA," "," "," ",61," "," ","0",NA," "," "," ",NA," "," "," ",NA," "," "," ",NA," "," "," ",NA," "," "," ",NA," "," "," ",NA," "," "," ",NA," "," "," ",NA," "," "," ",NA," "," "," ",NA," "," "," ",NA," "," "," ",NA," "," "," ",NA," "," "," ",NA," "," "," ",NA," "," "," ",NA," "," "," ",NA," "," "," ",NA," "," "," ",NA," "," "," ",NA," "," "," ",NA," "," "," ",NA," "," "," ",NA," "," "," ",NA," "," "," "
"1277","USC00392565",2007,7,"TMAX",356," "," ","0",NA," "," "," ",339," "," ","0",NA," "," "," ",NA," "," "," ",333," "," ","0",361," "," ","0",389," "," ","0",300," "," ","0",317," "," ","0",256," "," ","0",267," "," ","0",NA," "," "," ",NA," "," "," ",NA," "," "," ",344," "," ","0",367," "," ","0",367," "," ","0",322," "," ","0",311," "," ","0",NA," "," "," ",NA," "," "," ",372," "," ","0",367," "," ","0",367," "," ","0",339," "," ","0",233," "," ","0",256," "," ","0",283," "," ","0",317," "," ","0",333," "," ","0"
"1278","USC00392565",2007,7,"TMIN",172," "," ","0",NA," "," "," ",178," "," ","0",NA," "," "," ",NA," "," "," ",167," "," ","0",183," "," ","0",183," "," ","0",150," "," ","0",128," "," ","0",100," "," ","0",133," "," ","0",NA," "," "," ",NA," "," "," ",NA," "," "," ",133," "," ","0",200," "," ","0",178," "," ","0",183," "," ","0",189," "," ","0",NA," "," "," ",NA," "," "," ",194," "," ","0",189," "," ","0",206," "," ","0",178," "," ","0",183," "," ","0",183," "," ","0",156," "," ","0",167," "," ","0",178," "," ","0"
"1279","USC00392565",2007,7,"TOBS",NA," "," "," ",NA," "," "," ",222," "," ","0",NA," "," "," ",283," "," ","0",NA," "," "," ",306," "," ","0",200," "," ","0",172," "," ","0",133," "," ","0",178," "," ","0",233," "," ","0",NA," "," "," ",NA," "," "," ",NA," "," "," ",289," "," ","0",244," "," ","0",228," "," ","0",194," "," ","0",233," "," ","0",NA," "," "," ",NA," "," "," ",267," "," ","0",256," "," ","0",261," "," ","0",189," "," ","0",183," "," ","0",200," "," ","0",239," "," ","0",228," "," ","0",278," "," ","0"
"1280","USC00392565",2007,7,"PRCP",0," "," ","0",NA," "," "," ",0," "," ","0",NA," "," "," ",0," "," ","0",0," "," ","0",0," "," ","0",0," "," ","0",191," "," ","0",0," "," ","0",0," "," ","0",0," "," ","0",NA," "," "," ",NA," "," "," ",NA," "," "," ",0," "," ","0",0," "," ","0",48," "," ","0",64," "," ","0",0," "," ","0",NA," "," "," ",NA," "," "," ",0," "," ","0",0," "," ","0",0," "," ","0",33," "," ","0",0," "," ","0",0," "," ","0",0," "," ","0",0," "," ","0",0," "," ","0"
"1281","USC00392565",2007,7,"SNOW",0,"P"," ","0",0,"P"," ","0",0,"P"," ","0",0,"P"," ","0",0,"P"," ","0",0,"P"," ","0",0,"P"," ","0",0,"P"," ","0",0,"P"," ","0",0,"P"," ","0",0,"P"," ","0",0,"P"," ","0",0,"P"," ","0",0,"P"," ","0",0,"P"," ","0",0,"P"," ","0",0,"P"," ","0",0,"P"," ","0",0,"P"," ","0",0,"P"," ","0",0,"P"," ","0",0,"P"," ","0",0,"P"," ","0",0,"P"," ","0",0,"P"," ","0",0,"P"," ","0",0,"P"," ","0",0,"P"," ","0",0,"P"," ","0",0,"P"," ","0",0,"P"," ","0"
"1282","USC00392565",2007,7,"SNWD",0,"P"," ","0",0,"P"," ","0",0,"P"," ","0",0,"P"," ","0",0,"P"," ","0",0,"P"," ","0",0,"P"," ","0",0,"P"," ","0",0,"P"," ","0",0,"P"," ","0",0,"P"," ","0",0,"P"," ","0",0,"P"," ","0",0,"P"," ","0",0,"P"," ","0",0,"P"," ","0",0,"P"," ","0",0,"P"," ","0",0,"P"," ","0",0,"P"," ","0",0,"P"," ","0",0,"P"," ","0",0,"P"," ","0",0,"P"," ","0",0,"P"," ","0",0,"P"," ","0",0,"P"," ","0",0,"P"," ","0",0,"P"," ","0",0,"P"," ","0",0,"P"," ","0"
"1283","USC00392565",2007,8,"TMAX",344," "," ","0",344," "," ","0",267," "," ","0",306," "," ","0",NA," "," "," ",NA," "," "," ",NA," "," "," ",NA," "," "," ",NA," "," "," ",344," "," ","0",NA," "," "," ",356," "," ","0",278," "," ","0",378," "," ","0",333," "," ","0",317," "," ","0",283," "," ","0",344," "," ","0",317," "," ","0",317," "," ","0",317," "," ","0",283," "," ","0",244," "," ","0",178," "," ","0",NA," "," "," ",NA," "," "," ",NA," "," "," ",NA," "," "," ",NA," "," "," ",NA," "," "," ",NA," "," "," "
"1284","USC00392565",2007,8,"TMIN",194," "," ","0",183," "," ","0",167," "," ","0",172," "," ","0",NA," "," "," ",NA," "," "," ",NA," "," "," ",NA," "," "," ",NA," "," "," ",150," "," ","0",NA," "," "," ",278," ","S","0",183," "," ","0",183," "," ","0",161," "," ","0",144," "," ","0",189," "," ","0",150," "," ","0",172," "," ","0",156," "," ","0",161," "," ","0",144," "," ","0",122," "," ","0",100," "," ","0",NA," "," "," ",NA," "," "," ",NA," "," "," ",NA," "," "," ",78," "," ","0",NA," "," "," ",NA," "," "," "
"1285","USC00392565",2007,8,"TOBS",211," "," ","0",228," "," ","0",206," "," ","0",183," "," ","0",NA," "," "," ",NA," "," "," ",NA," "," "," ",NA," "," "," ",NA," "," "," ",217," "," ","0",NA," "," "," ",139," ","I","0",272," "," ","0",244," "," ","0",206," "," ","0",194," "," ","0",206," "," ","0",228," "," ","0",167," "," ","0",161," "," ","0",194," "," ","0",194," "," ","0",144," "," ","0",128," "," ","0",NA," "," "," ",NA," "," "," ",NA," "," "," ",NA," "," "," ",211," "," ","0",NA," "," "," ",NA," "," "," "
"1286","USC00392565",2007,8,"PRCP",0,"P"," ","0",0,"P"," ","0",124," "," ","0",0,"P"," ","0",NA," "," "," ",NA," "," "," ",NA," "," "," ",NA," "," "," ",NA," "," "," ",NA," "," "," ",0,"P"," ","0",0,"P"," ","0",0,"P"," ","0",0,"P"," ","0",0,"P"," ","0",0,"P"," ","0",0,"P"," ","0",109," "," ","0",25," "," ","0",84," "," ","0",0,"P"," ","0",0,"P"," ","0",165," "," ","0",13," "," ","0",0,"P"," ","0",0,"P"," ","0",0,"P"," ","0",0,"P"," ","0",0,"P"," ","0",0,"P"," ","0",0,"P"," ","0"
"1287","USC00392565",2007,8,"SNOW",0,"P"," ","0",0,"P"," ","0",0,"P"," ","0",0,"P"," ","0",0,"P"," ","0",0,"P"," ","0",0,"P"," ","0",0,"P"," ","0",0,"P"," ","0",0,"P"," ","0",0,"P"," ","0",0,"P"," ","0",0,"P"," ","0",0,"P"," ","0",0,"P"," ","0",0,"P"," ","0",0,"P"," ","0",0,"P"," ","0",0,"P"," ","0",0,"P"," ","0",0,"P"," ","0",0,"P"," ","0",0,"P"," ","0",0,"P"," ","0",0,"P"," ","0",0,"P"," ","0",0,"P"," ","0",0,"P"," ","0",0,"P"," ","0",0,"P"," ","0",0,"P"," ","0"
"1288","USC00392565",2007,8,"SNWD",0,"P"," ","0",0,"P"," ","0",0,"P"," ","0",0,"P"," ","0",0,"P"," ","0",0,"P"," ","0",0,"P"," ","0",0,"P"," ","0",0,"P"," ","0",0,"P"," ","0",0,"P"," ","0",0,"P"," ","0",0,"P"," ","0",0,"P"," ","0",0,"P"," ","0",0,"P"," ","0",0,"P"," ","0",0,"P"," ","0",0,"P"," ","0",0,"P"," ","0",0,"P"," ","0",0,"P"," ","0",0,"P"," ","0",0,"P"," ","0",0,"P"," ","0",0,"P"," ","0",0,"P"," ","0",0,"P"," ","0",0,"P"," ","0",0,"P"," ","0",0,"P"," ","0"
"1289","USC00392565",2007,8,"MDPR",NA," "," "," ",NA," "," "," ",NA," "," "," ",NA," "," "," ",NA," "," "," ",NA," "," "," ",NA," "," "," ",NA," "," "," ",NA," "," "," ",81," "," ","0",NA," "," "," ",NA," "," "," ",NA," "," "," ",NA," "," "," ",NA," "," "," ",NA," "," "," ",NA," "," "," ",NA," "," "," ",NA," "," "," ",NA," "," "," ",NA," "," "," ",NA," "," "," ",NA," "," "," ",NA," "," "," ",NA," "," "," ",NA," "," "," ",NA," "," "," ",NA," "," "," ",NA," "," "," ",NA," "," "," ",NA," "," "," "
"1290","USC00392565",2007,9,"TMAX",NA," "," "," ",NA," "," "," ",339," "," ","0",344," "," ","0",NA," "," "," ",339," "," ","0",NA," "," "," ",244," "," ","0",178," "," ","0",83," "," ","0",189," "," ","0",250," "," ","0",NA," "," "," ",156," "," ","0",172," "," ","0",306," "," ","0",239," "," ","0",206," "," ","0",NA," "," "," ",217," "," ","0",NA," "," "," ",294," "," ","0",311," "," ","0",NA," "," "," ",NA," "," "," ",NA," "," "," ",NA," "," "," ",NA," "," "," ",NA," "," "," ",NA," "," "," ",NA," "," "," "
"1291","USC00392565",2007,9,"TMIN",NA," "," "," ",NA," "," "," ",117," "," ","0",167," "," ","0",NA," "," "," ",128," "," ","0",NA," "," "," ",83," "," ","0",72," "," ","0",44," "," ","0",50," "," ","0",67," "," ","0",NA," "," "," ",-17," "," ","0",78," "," ","0",NA," "," "," ",100," "," ","0",128," "," ","0",NA," "," "," ",89," "," ","0",NA," "," "," ",72," "," ","0",72," "," ","0",NA," "," "," ",NA," "," "," ",NA," "," "," ",NA," "," "," ",NA," "," "," ",NA," "," "," ",NA," "," "," ",NA," "," "," "
"1292","USC00392565",2007,9,"TOBS",NA," "," "," ",NA," "," "," ",333," "," ","0",244," "," ","0",NA," "," "," ",128," "," ","0",NA," "," "," ",156," "," ","0",72," "," ","0",61," "," ","0",144," "," ","0",161," "," ","0",NA," "," "," ",78," "," ","0",100," "," ","0",NA," "," "," ",206," "," ","0",139," "," ","0",NA," "," "," ",111," "," ","0",NA," "," "," ",283," "," ","0",211," "," ","0",NA," "," "," ",NA," "," "," ",NA," "," "," ",NA," "," "," ",NA," "," "," ",NA," "," "," ",NA," "," "," ",NA," "," "," "
"1293","USC00392565",2007,9,"PRCP",NA," "," "," ",NA," "," "," ",0," "," ","0",0," "," ","0",NA," "," "," ",NA," "," "," ",NA," "," "," ",0," "," ","0",0," "," ","0",124," "," ","0",0," "," ","0",0," "," ","0",NA," "," "," ",0," "," ","0",0," "," ","0",NA," "," "," ",0," "," ","0",0," "," ","0",NA," "," "," ",0," "," ","0",NA," "," "," ",0," "," ","0",0," "," ","0",NA," "," "," ",NA," "," "," ",NA," "," "," ",NA," "," "," ",NA," "," "," ",NA," "," "," ",NA," "," "," ",NA," "," "," "
"1294","USC00392565",2007,9,"SNOW",0," "," ","0",0," "," ","0",0," "," ","0",0," "," ","0",0," "," ","0",0," "," ","0",0," "," ","0",0," "," ","0",0," "," ","0",0," "," ","0",0," "," ","0",0," "," ","0",0," "," ","0",0," "," ","0",0," "," ","0",0," "," ","0",0," "," ","0",0," "," ","0",0," "," ","0",0," "," ","0",0," "," ","0",0," "," ","0",0," "," ","0",0," "," ","0",0," "," ","0",0," "," ","0",0," "," ","0",0," "," ","0",0," "," ","0",0," "," ","0",NA," "," "," "
"1295","USC00392565",2007,9,"SNWD",0," "," ","0",0," "," ","0",0," "," ","0",0," "," ","0",0," "," ","0",0," "," ","0",0," "," ","0",0," "," ","0",0," "," ","0",0," "," ","0",0," "," ","0",0," "," ","0",0," "," ","0",0," "," ","0",0," "," ","0",0," "," ","0",0," "," ","0",0," "," ","0",0," "," ","0",0," "," ","0",0," "," ","0",0," "," ","0",0," "," ","0",0," "," ","0",0," "," ","0",0," "," ","0",0," "," ","0",0," "," ","0",0," "," ","0",0," "," ","0",NA," "," "," "
"1296","USC00392565",2007,9,"MDPR",NA," "," "," ",NA," "," "," ",NA," "," "," ",NA," "," "," ",NA," "," "," ",30," "," ","0",NA," "," "," ",NA," "," "," ",NA," "," "," ",NA," "," "," ",NA," "," "," ",NA," "," "," ",NA," "," "," ",NA," "," "," ",NA," "," "," ",NA," "," "," ",NA," "," "," ",NA," "," "," ",NA," "," "," ",NA," "," "," ",NA," "," "," ",NA," "," "," ",NA," "," "," ",NA," "," "," ",NA," "," "," ",NA," "," "," ",NA," "," "," ",NA," "," "," ",NA," "," "," ",NA," "," "," ",NA," "," "," "
"1297","USC00392565",2007,10,"TMAX",NA," "," "," ",311," "," ","0",183," "," ","0",239," "," ","0",189," "," ","0",261," "," ","0",183," "," ","0",89," "," ","0",NA," "," "," ",NA," "," "," ",217," "," ","0",200," "," ","0",150," "," ","0",NA," "," "," ",117," "," ","0",122," "," ","0",NA," "," "," ",NA," "," "," ",NA," "," "," ",NA," "," "," ",NA," "," "," ",194," "," ","0",NA," "," "," ",183," "," ","0",NA," "," "," ",NA," "," "," ",67," "," ","0",94," "," ","0",172," "," ","0",211," "," ","0",211," "," ","0"
"1298","USC00392565",2007,10,"TMIN",NA," "," "," ",6," "," ","0",44," "," ","0",33," "," ","0",78," "," ","0",78," "," ","0",28," "," ","0",6," "," ","0",NA," "," "," ",NA," "," "," ",22," "," ","0",33," "," ","0",56," "," ","0",NA," "," "," ",-6," "," ","0",-11," "," ","0",NA," "," "," ",NA," "," "," ",NA," "," "," ",NA," "," "," ",NA," "," "," ",-56," "," ","0",NA," "," "," ",6," "," ","0",NA," "," "," ",NA," "," "," ",-44," "," ","0",-44," "," ","0",-11," "," ","0",33," "," ","0",-61," "," ","0"
"1299","USC00392565",2007,10,"TOBS",NA," "," "," ",117," "," ","0",178," "," ","0",72," "," ","0",161," "," ","0",111," "," ","0",39," "," ","0",50," "," ","0",NA," "," "," ",NA," "," "," ",89," "," ","0",NA," "," "," ",94," "," ","0",NA," "," "," ",72," "," ","0",106," "," ","0",NA," "," "," ",NA," "," "," ",NA," "," "," ",NA," "," "," ",NA," "," "," ",100," "," ","0",NA," "," "," ",11," "," ","0",NA," "," "," ",NA," "," "," ",-44," "," ","0",11," "," ","0",50," "," ","0",44," "," ","0",22," "," ","0"
"1300","USC00392565",2007,10,"PRCP",NA," "," "," ",0," "," ","0",0," "," ","0",0," "," ","0",0," "," ","0",0," "," ","0",43," "," ","0",0," "," ","0",NA," "," "," ",NA," "," "," ",0," "," ","0",0," "," ","0",0," "," ","0",102," "," ","0",0," "," ","0",0," "," ","0",NA," "," "," ",NA," "," "," ",NA," "," "," ",NA," "," "," ",NA," "," "," ",0," "," ","0",NA," "," "," ",0," "," ","0",NA," "," "," ",NA," "," "," ",0," "," ","0",0," "," ","0",0," "," ","0",0," "," ","0",0," "," ","0"
"1301","USC00392565",2007,10,"SNOW",0," "," ","0",0," "," ","0",0," "," ","0",0," "," ","0",0," "," ","0",0," "," ","0",0," "," ","0",0," "," ","0",0," "," ","0",0," "," ","0",0," "," ","0",0," "," ","0",0," "," ","0",0," "," ","0",0," "," ","0",0," "," ","0",0," "," ","0",0," "," ","0",0," "," ","0",0," "," ","0",0," "," ","0",0," "," ","0",0," "," ","0",0," "," ","0",0," "," ","0",0," "," ","0",0," "," ","0",0," "," ","0",0," "," ","0",0," "," ","0",0," "," ","0"
"1302","USC00392565",2007,10,"SNWD",0," "," ","0",0," "," ","0",0," "," ","0",0," "," ","0",0," "," ","0",0," "," ","0",0," "," ","0",0," "," ","0",0," "," ","0",0," "," ","0",0," "," ","0",0," "," ","0",0," "," ","0",0," "," ","0",0," "," ","0",0," "," ","0",0," "," ","0",0," "," ","0",0," "," ","0",0," "," ","0",0," "," ","0",0," "," ","0",0," "," ","0",0," "," ","0",0," "," ","0",0," "," ","0",0," "," ","0",0," "," ","0",0," "," ","0",0," "," ","0",0," "," ","0"
"1303","USC00392565",2007,10,"MDPR",NA," "," "," ",NA," "," "," ",NA," "," "," ",NA," "," "," ",NA," "," "," ",NA," "," "," ",NA," "," "," ",NA," "," "," ",NA," "," "," ",NA," "," "," ",NA," "," "," ",NA," "," "," ",NA," "," "," ",NA," "," "," ",NA," "," "," ",NA," "," "," ",NA," "," "," ",NA," "," "," ",NA," "," "," ",NA," "," "," ",79," "," ","0",NA," "," "," ",NA," "," "," ",NA," "," "," ",NA," "," "," ",NA," "," "," ",NA," "," "," ",NA," "," "," ",NA," "," "," ",NA," "," "," ",NA," "," "," "
"1304","USC00392565",2007,11,"TMAX",89," "," ","0",139," "," ","0",67," "," ","0",128," "," ","0",200," "," ","0",33," "," ","0",83," "," ","0",172," "," ","0",167," "," ","0",161," "," ","0",183," "," ","0",117," "," ","0",128," "," ","0",161," "," ","0",28," ","I","0",106," "," ","0",144," "," ","0",144," "," ","0",NA," "," "," ",206," "," ","0",-6," "," ","0",-56," "," ","0",-44," "," ","0",-22," "," ","0",56," "," ","0",67," "," ","0",28," "," ","0",94," "," ","0",-6," "," ","0",6," "," ","0",NA," "," "," "
"1305","USC00392565",2007,11,"TMIN",-44," "," ","0",-50," "," ","0",-56," "," ","0",-50," "," ","0",-22," "," ","0",-83," "," ","0",-39," ","I","0",-22," "," ","0",0," "," ","0",0," "," ","0",11," "," ","0",-50," "," ","0",-44," "," ","0",-28," "," ","0",-111," "," ","0",-22," "," ","0",-17," "," ","0",6," "," ","0",0," "," ","0",-17," "," ","0",-94," "," ","0",NA," "," "," ",-133," "," ","0",-150," "," ","0",-83," "," ","0",-72," "," ","0",-72," "," ","0",-67," "," ","0",-133," "," ","0",-150," "," ","0",NA," "," "," "
"1306","USC00392565",2007,11,"TOBS",-33," "," ","0",-28," "," ","0",-50," "," ","0",-17," "," ","0",-17," "," ","0",-50," ","I","0",-22," "," ","0",0," "," ","0",150," "," ","0",94," "," ","0",78," "," ","0",-39," "," ","0",122," "," ","0",0," "," ","0",56," ","I","0",100," "," ","0",117," "," ","0",67," "," ","0",NA," "," "," ",-17," "," ","0",-89," "," ","0",-83," "," ","0",-100," "," ","0",-89," "," ","0",-56," "," ","0",-33," "," ","0",-6," "," ","0",-44," "," ","0",-72," "," ","0",-83," "," ","0",NA," "," "," "
"1307","USC00392565",2007,11,"PRCP",0," "," ","0",0," "," ","0",0," "," ","0",0," "," ","0",0," "," ","0",0," "," ","0",0," "," ","0",0," "," ","0",0," "," ","0",0," "," ","0",0," "," ","0",0," "," ","0",0," "," ","0",0," "," ","0",0," "," ","0",0," "," ","0",0," "," ","0",13," "," ","0",0,"P"," ","0",0," "," ","0",43," "," ","0",0," "," ","0",0," "," ","0",0," "," ","0",0," "," ","0",0," "," ","0",0," "," ","0",0," "," ","0",0," "," ","0",0," "," ","0",NA," "," "," "
"1308","USC00392565",2007,11,"SNOW",0,"P"," ","0",0,"P"," ","0",0,"P"," ","0",0,"P"," ","0",0,"P"," ","0",0,"P"," ","0",0,"P"," ","0",0,"P"," ","0",0,"P"," ","0",0,"P"," ","0",0,"P"," ","0",0,"P"," ","0",0,"P"," ","0",0,"P"," ","0",0,"P"," ","0",0,"P"," ","0",0,"P"," ","0",0,"P"," ","0",0,"P"," ","0",0,"P"," ","0",NA," "," "," ",0,"P"," ","0",0,"P"," ","0",0,"P"," ","0",0,"P"," ","0",0,"P"," ","0",0,"P"," ","0",0,"P"," ","0",0,"P"," ","0",0,"P"," ","0",NA," "," "," "
"1309","USC00392565",2007,11,"SNWD",0,"P"," ","0",0,"P"," ","0",0,"P"," ","0",0,"P"," ","0",0,"P"," ","0",0,"P"," ","0",0,"P"," ","0",0,"P"," ","0",0,"P"," ","0",0,"P"," ","0",0,"P"," ","0",0,"P"," ","0",0,"P"," ","0",0,"P"," ","0",0,"P"," ","0",0,"P"," ","0",0,"P"," ","0",0,"P"," ","0",0,"P"," ","0",0,"P"," ","0",51," "," ","0",NA," "," "," ",NA," "," "," ",NA," "," "," ",NA," "," "," ",NA," "," "," ",0,"P"," ","0",0,"P"," ","0",0,"P"," ","0",0,"P"," ","0",NA," "," "," "
"1310","USC00392565",2007,12,"TMAX",-22," "," ","0",NA," "," "," ",11," "," ","0",78," "," ","0",122," "," ","0",50," "," ","0",17," "," ","0",-39," "," ","0",-39," "," ","0",-56," "," ","0",-11," "," ","0",NA," "," "," ",-6," "," ","0",-33," "," ","0",-50," "," ","0",-61," ","I","0",17," "," ","0",33," "," ","0",17," "," ","0",61," "," ","0",61," "," ","0",17," "," ","0",-50," "," ","0",-6," "," ","0",61," "," ","0",0," "," ","0",-44," "," ","0",-44," "," ","0",-72," "," ","0",-28," "," ","0",-33," "," ","0"
"1311","USC00392565",2007,12,"TMIN",-78," "," ","0",-189," "," ","0",-161," "," ","0",-28," "," ","0",-39," "," ","0",-44," "," ","0",-122," "," ","0",-100," "," ","0",-111," "," ","0",-161," "," ","0",-167," "," ","0",-189," "," ","0",-117," "," ","0",-106," "," ","0",-178," "," ","0",-167," "," ","0",-122," "," ","0",-122," "," ","0",-111," "," ","0",-83," "," ","0",-11," "," ","0",-178," "," ","0",-128," "," ","0",-133," "," ","0",-89," "," ","0",-156," "," ","0",-156," "," ","0",-189," "," ","0",-183," "," ","0",-156," "," ","0",-122," "," ","0"
"1312","USC00392565",2007,12,"TOBS",-67," "," ","0",-161," "," ","0",-11," "," ","0",56," "," ","0",-28," "," ","0",-44," "," ","0",-78," "," ","0",-83," "," ","0",-106," "," ","0",-122," "," ","0",-111," "," ","0",-67," "," ","0",-78," "," ","0",-61," "," ","0",-167," "," ","0",-28," ","I","0",0," "," ","0",-106," "," ","0",0," "," ","0",-6," "," ","0",-6," "," ","0",-128," "," ","0",-50," "," ","0",-83," "," ","0",-17," "," ","0",-100," "," ","0",-122," "," ","0",-167," "," ","0",-117," "," ","0",-117," "," ","0",-83," "," ","0"
"1313","USC00392565",2007,12,"PRCP",0," "," ","0",30," "," ","0",0," "," ","0",0," "," ","0",0," "," ","0",0," "," ","0",33," "," ","0",51," "," ","0",0," "," ","0",0," "," ","0",0," "," ","0",0," "," ","0",0," "," ","0",20," "," ","0",0," "," ","0",0," "," ","0",0," "," ","0",0," "," ","0",0," "," ","0",0," "," ","0",0," "," ","0",0," "," ","0",0," "," ","0",0," "," ","0",0," "," ","0",0," "," ","0",0," "," ","0",0," "," ","0",0," "," ","0",0," "," ","0",0," "," ","0"
"1314","USC00392565",2007,12,"SNOW",0,"P"," ","0",25," "," ","0",0,"P"," ","0",0,"P"," ","0",0,"P"," ","0",0,"P"," ","0",51," "," ","0",102," "," ","0",0,"P"," ","0",0,"P"," ","0",0,"P"," ","0",0,"P"," ","0",0,"P"," ","0",51," "," ","0",0,"P"," ","0",0,"P"," ","0",0,"P"," ","0",0,"P"," ","0",0,"P"," ","0",0,"P"," ","0",0,"P"," ","0",0,"P"," ","0",0,"P"," ","0",0,"P"," ","0",0,"P"," ","0",0,"P"," ","0",0,"P"," ","0",0,"P"," ","0",0,"P"," ","0",0,"P"," ","0",8," "," ","0"
"1315","USC00392565",2007,12,"SNWD",0,"P"," ","0",25," "," ","0",NA," "," "," ",NA," "," "," ",NA," "," "," ",0,"P"," ","0",51," "," ","0",152," "," ","0",NA," "," "," ",NA," "," "," ",NA," "," "," ",NA," "," "," ",NA," "," "," ",NA," "," "," ",NA," "," "," ",NA," "," "," ",NA," "," "," ",NA," "," "," ",NA," "," "," ",NA," "," "," ",NA," "," "," ",NA," "," "," ",NA," "," "," ",NA," "," "," ",NA," "," "," ",NA," "," "," ",NA," "," "," ",NA," "," "," ",NA," "," "," ",NA," "," "," ",NA," "," "," "
"1316","USC00392565",2008,1,"TMAX",-44," "," ","0",-61," "," ","0",56," "," ","0",61," "," ","0",89," "," ","0",94," "," ","0",39," "," ","0",6," "," ","0",-11," "," ","0",28," "," ","0",0," "," ","0",22," "," ","0",22," "," ","0",17," "," ","0",50," "," ","0",33," "," ","0",-100," "," ","0",-44," "," ","0",-83," "," ","0",-89," "," ","0",-106," "," ","0",-117," "," ","0",-61," "," ","0",-117," "," ","0",33," "," ","0",0," "," ","0",39," "," ","0",89," "," ","0",67," "," ","0",-50," "," ","0",-22," "," ","0"
"1317","USC00392565",2008,1,"TMIN",-117," "," ","0",-189," "," ","0",-106," "," ","0",-22," "," ","0",-28," "," ","0",-89," "," ","0",-89," "," ","0",-156," "," ","0",-156," "," ","0",-111," "," ","0",-89," "," ","0",-78," "," ","0",-111," "," ","0",-100," "," ","0",-83," "," ","0",-128," "," ","0",-200," "," ","0",-189," "," ","0",-256," "," ","0",-211," "," ","0",-206," "," ","0",-283," "," ","0",-139," "," ","0",-228," "," ","0",-150," "," ","0",-133," "," ","0",-56," "," ","0",-17," "," ","0",-194," "," ","0",NA," "," "," ",-178," "," ","0"
"1318","USC00392565",2008,1,"TOBS",-100," "," ","0",-111," "," ","0",28," "," ","0",28," "," ","0",78," "," ","0",-44," "," ","0",-44," "," ","0",-156," "," ","0",-28," "," ","0",-89," "," ","0",-39," "," ","0",-61," "," ","0",-33," "," ","0",-28," "," ","0",11," "," ","0",-128," "," ","0",-122," "," ","0",-139," "," ","0",-211," "," ","0",-128," "," ","0",-172," "," ","0",-122," "," ","0",-139," "," ","0",NA," "," "," ",-83," "," ","0",-28," "," ","0",17," "," ","0",50," "," ","0",-161," "," ","0",-50," "," ","0",-144," "," ","0"
"1319","USC00392565",2008,1,"PRCP",0," "," ","0",0," "," ","0",0," "," ","0",0," "," ","0",0," "," ","0",0," "," ","0",0," "," ","0",0," "," ","0",0," "," ","0",0," "," ","0",0," "," ","0",0," "," ","0",0," "," ","0",0," "," ","0",0," "," ","0",0," "," ","0",NA," "," "," ",NA," "," "," ",NA," "," "," ",NA," "," "," ",38," "," ","0",0," "," ","0",8," "," ","0",0," "," ","0",0," "," ","0",0," "," ","0",0," "," ","0",0," "," ","0",0," "," ","0",0," "," ","0",0," "," ","0"
"1320","USC00392565",2008,1,"SNOW",0,"P"," ","0",0,"P"," ","0",0,"P"," ","0",0,"P"," ","0",0,"P"," ","0",0,"P"," ","0",0,"P"," ","0",0,"P"," ","0",0,"P"," ","0",0,"P"," ","0",0,"P"," ","0",0,"P"," ","0",0,"P"," ","0",0,"P"," ","0",0,"P"," ","0",0,"P"," ","0",NA," "," "," ",NA," "," "," ",NA," "," "," ",NA," "," "," ",127," "," ","0",0,"P"," ","0",10," "," ","0",0,"P"," ","0",0,"P"," ","0",0,"P"," ","0",0,"P"," ","0",0,"P"," ","0",0,"P"," ","0",0,"P"," ","0",0,"P"," ","0"
"1321","USC00392565",2008,1,"SNWD",NA," "," "," ",NA," "," "," ",0,"P"," ","0",0,"P"," ","0",0,"P"," ","0",0,"P"," ","0",0,"P"," ","0",0,"P"," ","0",0,"P"," ","0",0,"P"," ","0",0,"P"," ","0",0,"P"," ","0",0,"P"," ","0",0,"P"," ","0",0,"P"," ","0",0,"P"," ","0",NA," "," "," ",NA," "," "," ",NA," "," "," ",NA," "," "," ",NA," "," "," ",203," "," ","0",203," "," ","0",NA," "," "," ",NA," "," "," ",NA," "," "," ",NA," "," "," ",NA," "," "," ",NA," "," "," ",NA," "," "," ",NA," "," "," "
"1322","USC00392565",2008,1,"DAPR",NA," "," "," ",NA," "," "," ",NA," "," "," ",NA," "," "," ",NA," "," "," ",NA," "," "," ",NA," "," "," ",NA," "," "," ",NA," "," "," ",NA," "," "," ",NA," "," "," ",NA," "," "," ",NA," "," "," ",NA," "," "," ",NA," "," "," ",NA," "," "," ",NA," "," "," ",NA," "," "," ",NA," "," "," ",4," "," ","0",NA," "," "," ",NA," "," "," ",NA," "," "," ",NA," "," "," ",NA," "," "," ",NA," "," "," ",NA," "," "," ",NA," "," "," ",NA," "," "," ",NA," "," "," ",NA," "," "," "
"1323","USC00392565",2008,1,"MDPR",NA," "," "," ",NA," "," "," ",NA," "," "," ",NA," "," "," ",NA," "," "," ",NA," "," "," ",NA," "," "," ",NA," "," "," ",NA," "," "," ",NA," "," "," ",NA," "," "," ",NA," "," "," ",NA," "," "," ",NA," "," "," ",NA," "," "," ",NA," "," "," ",NA," "," "," ",NA," "," "," ",NA," "," "," ",69," "," ","0",NA," "," "," ",NA," "," "," ",NA," "," "," ",NA," "," "," ",NA," "," "," ",NA," "," "," ",NA," "," "," ",NA," "," "," ",NA," "," "," ",NA," "," "," ",NA," "," "," "
"1324","USC00392565",2008,1,"MDSF",NA," "," "," ",NA," "," "," ",NA," "," "," ",NA," "," "," ",NA," "," "," ",NA," "," "," ",NA," "," "," ",NA," "," "," ",NA," "," "," ",NA," "," "," ",NA," "," "," ",NA," "," "," ",NA," "," "," ",NA," "," "," ",NA," "," "," ",NA," "," "," ",NA," "," "," ",NA," "," "," ",NA," "," "," ",64," "," ","0",NA," "," "," ",NA," "," "," ",NA," "," "," ",NA," "," "," ",NA," "," "," ",NA," "," "," ",NA," "," "," ",NA," "," "," ",NA," "," "," ",NA," "," "," ",NA," "," "," "
"1325","USC00392565",2008,3,"TMAX",NA," "," "," ",NA," "," "," ",NA," "," "," ",NA," "," "," ",NA," "," "," ",NA," "," "," ",NA," "," "," ",NA," "," "," ",NA," "," "," ",NA," "," "," ",NA," "," "," ",NA," "," "," ",172," "," ","0",78," "," ","0",0," "," ","0",44," "," ","0",0," "," ","0",50," "," ","0",78," "," ","0",89," "," ","0",117," "," ","0",78," "," ","0",78," "," ","0",161," "," ","0",NA," "," "," ",78," "," ","0",100," "," ","0",17," "," ","0",61," "," ","0",150," "," ","0",-28," "," ","0"
"1326","USC00392565",2008,3,"TMIN",NA," "," "," ",NA," "," "," ",NA," "," "," ",NA," "," "," ",NA," "," "," ",NA," "," "," ",NA," "," "," ",NA," "," "," ",NA," "," "," ",NA," "," "," ",NA," "," "," ",NA," "," "," ",NA," "," "," ",-33," "," ","0",-72," "," ","0",-28," "," ","0",-78," "," ","0",-61," "," ","0",-44," "," ","0",-44," "," ","0",-67," "," ","0",-44," "," ","0",-94," "," ","0",NA," "," "," ",NA," "," "," ",-6," "," ","0",-22," "," ","0",-122," "," ","0",-72," "," ","0",-44," "," ","0",-56," "," ","0"
"1327","USC00392565",2008,3,"TOBS",NA," "," "," ",NA," "," "," ",NA," "," "," ",NA," "," "," ",NA," "," "," ",NA," "," "," ",NA," "," "," ",NA," "," "," ",NA," "," "," ",NA," "," "," ",NA," "," "," ",NA," "," "," ",28," "," ","0",-11," "," ","0",-28," "," ","0",-22," "," ","0",-22," "," ","0",-11," "," ","0",22," "," ","0",39," "," ","0",-17," "," ","0",-28," "," ","0",-17," "," ","0",NA," "," "," ",NA," "," "," ",17," "," ","0",-17," "," ","0",-72," "," ","0",33," "," ","0",-39," "," ","0",-44," "," ","0"
"1328","USC00392565",2008,3,"PRCP",NA," "," "," ",NA," "," "," ",NA," "," "," ",NA," "," "," ",NA," "," "," ",NA," "," "," ",NA," "," "," ",NA," "," "," ",NA," "," "," ",NA," "," "," ",NA," "," "," ",NA," "," "," ",0," "," ","0",NA," "," "," ",NA," "," "," ",NA," "," "," ",0,"P"," ","0",0,"P"," ","0",0,"P"," ","0",0,"P"," ","0",0,"P"," ","0",0,"P"," ","0",0,"P"," ","0",0,"P"," ","0",0,"P"," ","0",0,"P"," ","0",0,"P"," ","0",53," "," ","0",0,"P"," ","0",0,"P"," ","0",66," "," ","0"
"1329","USC00392565",2008,3,"SNOW",NA," "," "," ",NA," "," "," ",NA," "," "," ",NA," "," "," ",NA," "," "," ",NA," "," "," ",NA," "," "," ",NA," "," "," ",NA," "," "," ",NA," "," "," ",NA," "," "," ",NA," "," "," ",0,"P"," ","0",NA," "," "," ",NA," "," "," ",NA," "," "," ",0,"P"," ","0",0,"P"," ","0",0,"P"," ","0",0,"P"," ","0",0,"P"," ","0",0,"P"," ","0",0,"P"," ","0",0,"P"," ","0",0,"P"," ","0",0,"P"," ","0",0,"P"," ","0",51," "," ","0",0,"P"," ","0",0,"P"," ","0",76," "," ","0"
"1330","USC00392565",2008,3,"SNWD",NA," "," "," ",NA," "," "," ",NA," "," "," ",NA," "," "," ",NA," "," "," ",NA," "," "," ",NA," "," "," ",NA," "," "," ",NA," "," "," ",NA," "," "," ",NA," "," "," ",NA," "," "," ",NA," "," "," ",25," "," ","0",NA," "," "," ",25," "," ","0",NA," "," "," ",NA," "," "," ",NA," "," "," ",0,"P"," ","0",0,"P"," ","0",0,"P"," ","0",0,"P"," ","0",0,"P"," ","0",0,"P"," ","0",0,"P"," ","0",0,"P"," ","0",51," "," ","0",NA," "," "," ",NA," "," "," ",76," "," ","0"
"1331","USC00392565",2008,3,"DAPR",NA," "," "," ",NA," "," "," ",NA," "," "," ",NA," "," "," ",NA," "," "," ",NA," "," "," ",NA," "," "," ",NA," "," "," ",NA," "," "," ",NA," "," "," ",NA," "," "," ",NA," "," "," ",NA," "," "," ",NA," "," "," ",NA," "," "," ",3," "," ","0",NA," "," "," ",NA," "," "," ",NA," "," "," ",NA," "," "," ",NA," "," "," ",NA," "," "," ",NA," "," "," ",NA," "," "," ",NA," "," "," ",NA," "," "," ",NA," "," "," ",NA," "," "," ",NA," "," "," ",NA," "," "," ",NA," "," "," "
"1332","USC00392565",2008,3,"MDPR",NA," "," "," ",NA," "," "," ",NA," "," "," ",NA," "," "," ",NA," "," "," ",NA," "," "," ",NA," "," "," ",NA," "," "," ",NA," "," "," ",NA," "," "," ",NA," "," "," ",NA," "," "," ",NA," "," "," ",NA," "," "," ",NA," "," "," ",58," "," ","0",NA," "," "," ",NA," "," "," ",NA," "," "," ",NA," "," "," ",NA," "," "," ",NA," "," "," ",NA," "," "," ",NA," "," "," ",NA," "," "," ",NA," "," "," ",NA," "," "," ",NA," "," "," ",NA," "," "," ",NA," "," "," ",NA," "," "," "
"1333","USC00392565",2008,3,"MDSF",NA," "," "," ",NA," "," "," ",NA," "," "," ",NA," "," "," ",NA," "," "," ",NA," "," "," ",NA," "," "," ",NA," "," "," ",NA," "," "," ",NA," "," "," ",NA," "," "," ",NA," "," "," ",NA," "," "," ",NA," "," "," ",NA," "," "," ",38," "," ","0",NA," "," "," ",NA," "," "," ",NA," "," "," ",NA," "," "," ",NA," "," "," ",NA," "," "," ",NA," "," "," ",NA," "," "," ",NA," "," "," ",NA," "," "," ",NA," "," "," ",NA," "," "," ",NA," "," "," ",NA," "," "," ",NA," "," "," "
"1334","USC00392565",2008,4,"TMAX",-6," "," ","0",22," "," ","0",61," "," ","0",89," "," ","0",128," "," ","0",NA," "," "," ",133," "," ","0",72," "," ","0",83," "," ","0",44," "," ","0",39," "," ","0",56," "," ","0",67," "," ","0",156," "," ","0",239," "," ","0",250," "," ","0",78," "," ","0",111," "," ","0",228," "," ","0",250," "," ","0",206," "," ","0",NA," "," "," ",161," "," ","0",200," "," ","0",117," "," ","0",100," "," ","0",NA," "," "," ",133," "," ","0",189," "," ","0",244," "," ","0",NA," "," "," "
"1335","USC00392565",2008,4,"TMIN",-161," "," ","0",-83," "," ","0",-44," "," ","0",-50," "," ","0",-17," "," ","0",NA," "," "," ",-22," "," ","0",-67," "," ","0",-11," "," ","0",-6," "," ","0",-6," "," ","0",-28," "," ","0",-67," "," ","0",-11," "," ","0",28," "," ","0",6," "," ","0",-56," "," ","0",-56," "," ","0",6," "," ","0",72," "," ","0",-56," "," ","0",-50," "," ","0",56," "," ","0",17," "," ","0",-17," "," ","0",-22," "," ","0",-72," "," ","0",-33," "," ","0",11," "," ","0",56," "," ","0",NA," "," "," "
"1336","USC00392565",2008,4,"TOBS",-28," "," ","0",17," "," ","0",33," "," ","0",33," "," ","0",61," "," ","0",NA," "," "," ",-17," "," ","0",0," "," ","0",28," "," ","0",0," "," ","0",33," "," ","0",39," "," ","0",11," "," ","0",100," "," ","0",100," "," ","0",39," "," ","0",-11," "," ","0",39," "," ","0",100," "," ","0",128," "," ","0",-11," "," ","0",NA," "," "," ",122," "," ","0",44," "," ","0",11," "," ","0",-6," "," ","0",11," "," ","0",33," "," ","0",122," "," ","0",156," "," ","0",NA," "," "," "
"1337","USC00392565",2008,4,"PRCP",33," "," ","0",0," "," ","0",0," "," ","0",0," "," ","0",5," "," ","0",0," "," ","0",0," "," ","0",79," "," ","0",0," "," ","0",15," "," ","0",15," "," ","0",0," "," ","0",0," "," ","0",0," "," ","0",0," "," ","0",0," "," ","0",0," "," ","0",0," "," ","0",0," "," ","0",0," "," ","0",0," "," ","0",0," "," ","0",0," "," ","0",13," "," ","0",38," "," ","0",0," "," ","0",13," "," ","0",0," "," ","0",0," "," ","0",0," "," ","0",NA," "," "," "
"1338","USC00392565",2008,4,"SNOW",0,"P"," ","0",0,"P"," ","0",0,"P"," ","0",0,"P"," ","0",0,"P"," ","0",0,"P"," ","0",0,"P"," ","0",0,"P"," ","0",0,"P"," ","0",0,"P"," ","0",0,"P"," ","0",0,"P"," ","0",0,"P"," ","0",0,"P"," ","0",0,"P"," ","0",0,"P"," ","0",0,"P"," ","0",0,"P"," ","0",0,"P"," ","0",0,"P"," ","0",0,"P"," ","0",0,"P"," ","0",0,"P"," ","0",0,"P"," ","0",0,"P"," ","0",0,"P"," ","0",NA," "," "," ",0,"P"," ","0",0,"P"," ","0",0,"P"," ","0",NA," "," "," "
"1339","USC00392565",2008,4,"SNWD",NA," "," "," ",NA," "," "," ",NA," "," "," ",NA," "," "," ",NA," "," "," ",0,"P"," ","0",0,"P"," ","0",0,"P"," ","0",0,"P"," ","0",0,"P"," ","0",0,"P"," ","0",0,"P"," ","0",0,"P"," ","0",0,"P"," ","0",0,"P"," ","0",0,"P"," ","0",0,"P"," ","0",0,"P"," ","0",0,"P"," ","0",0,"P"," ","0",0,"P"," ","0",0,"P"," ","0",0,"P"," ","0",0,"P"," ","0",0,"P"," ","0",0,"P"," ","0",NA," "," "," ",NA," "," "," ",NA," "," "," ",0,"P"," ","0",NA," "," "," "
"1340","USC00392565",2008,5,"TMAX",217," "," ","0",61," "," ","0",78," "," ","0",117," "," ","0",167," "," ","0",206," "," ","0",222," "," ","0",222," "," ","0",133," "," ","0",128," "," ","0",128," "," ","0",206," "," ","0",117," "," ","0",NA," "," "," ",NA," "," "," ",NA," "," "," ",NA," "," "," ",NA," "," "," ",NA," "," "," ",NA," "," "," ",NA," "," "," ",NA," "," "," ",NA," "," "," ",156," "," ","0",156," "," ","0",167," "," ","0",72," "," ","0",128," "," ","0",217," "," ","0",NA," "," "," ",NA," "," "," "
"1341","USC00392565",2008,5,"TMIN",17," "," ","0",-22," "," ","0",-67," "," ","0",-6," "," ","0",17," "," ","0",67," "," ","0",44," "," ","0",44," "," ","0",39," "," ","0",22," "," ","0",-33," "," ","0",56," "," ","0",39," "," ","0",NA," "," "," ",NA," "," "," ",NA," "," "," ",NA," "," "," ",NA," "," "," ",NA," "," "," ",NA," "," "," ",NA," "," "," ",NA," "," "," ",NA," "," "," ",72," "," ","0",39," "," ","0",28," "," ","0",33," "," ","0",50," "," ","0",39," "," ","0",NA," "," "," ",NA," "," "," "
"1342","USC00392565",2008,5,"TOBS",28," "," ","0",-11," "," ","0",78," "," ","0",67," "," ","0",83," "," ","0",117," "," ","0",89," "," ","0",67," "," ","0",50," "," ","0",22," "," ","0",56," "," ","0",67," "," ","0",56," "," ","0",NA," "," "," ",NA," "," "," ",NA," "," "," ",NA," "," "," ",NA," "," "," ",NA," "," "," ",NA," "," "," ",NA," "," "," ",NA," "," "," ",89," "," ","0",83," "," ","0",100," "," ","0",33," "," ","0",50," "," ","0",117," "," ","0",167," "," ","0",NA," "," "," ",NA," "," "," "
"1343","USC00392565",2008,5,"PRCP",323," "," ","0",0," "," ","0",0," "," ","0",0," "," ","0",0," "," ","0",0," "," ","0",0," "," ","0",61," "," ","0",0," "," ","0",135," "," ","0",0," "," ","0",0," "," ","0",0," "," ","0",NA," "," "," ",NA," "," "," ",NA," "," "," ",NA," "," "," ",NA," "," "," ",NA," "," "," ",NA," "," "," ",NA," "," "," ",NA," "," "," ",152," "," ","0",432," "," ","0",28," "," ","0",114," "," ","0",5," "," ","0",3," "," ","0",0," "," ","0",NA," "," "," ",NA," "," "," "
"1344","USC00392565",2008,5,"SNOW",0,"P"," ","0",0,"P"," ","0",0,"P"," ","0",0,"P"," ","0",0,"P"," ","0",0,"P"," ","0",0,"P"," ","0",0,"P"," ","0",0,"P"," ","0",0,"P"," ","0",0,"P"," ","0",0,"P"," ","0",0,"P"," ","0",NA," "," "," ",NA," "," "," ",NA," "," "," ",NA," "," "," ",NA," "," "," ",NA," "," "," ",NA," "," "," ",NA," "," "," ",NA," "," "," ",0,"P"," ","0",0,"P"," ","0",0,"P"," ","0",0,"P"," ","0",0,"P"," ","0",0,"P"," ","0",0,"P"," ","0",0,"P"," ","0",0,"P"," ","0"
"1345","USC00392565",2008,5,"SNWD",0,"P"," ","0",0,"P"," ","0",0,"P"," ","0",0,"P"," ","0",0,"P"," ","0",0,"P"," ","0",0,"P"," ","0",0,"P"," ","0",0,"P"," ","0",0,"P"," ","0",0,"P"," ","0",0,"P"," ","0",0,"P"," ","0",NA," "," "," ",NA," "," "," ",NA," "," "," ",NA," "," "," ",NA," "," "," ",NA," "," "," ",NA," "," "," ",NA," "," "," ",NA," "," "," ",0,"P"," ","0",0,"P"," ","0",0,"P"," ","0",0,"P"," ","0",0,"P"," ","0",0,"P"," ","0",0,"P"," ","0",0,"P"," ","0",0,"P"," ","0"
"1346","USC00392565",2008,6,"TMAX",211," "," ","0",NA," "," "," ",244," "," ","0",206," "," ","0",206," "," ","0",NA," "," "," ",211," "," ","0",172," "," ","0",NA," "," "," ",189," "," ","0",261," "," ","0",156," "," ","0",217," "," ","0",261," "," ","0",NA," "," "," ",228," "," ","0",228," "," ","0",267," "," ","0",256," "," ","0",NA," "," "," ",239," "," ","0",278," "," ","0",278," "," ","0",272," "," ","0",306," "," ","0",261," "," ","0",289," "," ","0",228," "," ","0",228," "," ","0",250," "," ","0",NA," "," "," "
"1347","USC00392565",2008,6,"TMIN",89," "," ","0",111," "," ","0",83," "," ","0",NA," "," "," ",94," "," ","0",67," "," ","0",89," "," ","0",33," "," ","0",NA," "," "," ",72," "," ","0",83," "," ","0",-6," "," ","0",11," "," ","0",NA," "," "," ",NA," "," "," ",NA," "," "," ",106," "," ","0",150," "," ","0",94," "," ","0",NA," "," "," ",72," "," ","0",150," "," ","0",150," "," ","0",111," "," ","0",111," "," ","0",133," "," ","0",133," "," ","0",106," "," ","0",83," "," ","0",128," "," ","0",NA," "," "," "
"1348","USC00392565",2008,6,"TOBS",194," "," ","0",NA," "," "," ",156," "," ","0",NA," "," "," ",128," "," ","0",NA," "," "," ",100," "," ","0",89," "," ","0",NA," "," "," ",133," "," ","0",89," "," ","0",72," "," ","0",122," "," ","0",139," "," ","0",NA," "," "," ",117," "," ","0",156," "," ","0",172," "," ","0",161," "," ","0",NA," "," "," ",211," "," ","0",189," "," ","0",194," "," ","0",206," "," ","0",167," "," ","0",200," "," ","0",167," "," ","0",139," "," ","0",167," "," ","0",178," "," ","0",NA," "," "," "
"1349","USC00392565",2008,6,"PRCP",0," "," ","0",107," "," ","0",0," "," ","0",0," "," ","0",23," "," ","0",13," "," ","0",0," "," ","0",0," "," ","0",0," "," ","0",0," "," ","0",0," "," ","0",0," "," ","0",0," "," ","0",0," "," ","0",0," "," ","0",0," "," ","0",0," "," ","0",0," "," ","0",36," "," ","0",NA," "," "," ",NA," "," "," ",0," "," ","0",8," "," ","0",0," "," ","0",218," "," ","0",25," "," ","0",56," "," ","0",0," "," ","0",0," "," ","0",0," "," ","0",NA," "," "," "
"1350","USC00392565",2008,6,"SNOW",0,"P"," ","0",NA," "," "," ",0,"P"," ","0",0,"P"," ","0",0,"P"," ","0",NA," "," "," ",0,"P"," ","0",0,"P"," ","0",0,"P"," ","0",0,"P"," ","0",0,"P"," ","0",0,"P"," ","0",0,"P"," ","0",0,"P"," ","0",0,"P"," ","0",0,"P"," ","0",0,"P"," ","0",0,"P"," ","0",0,"P"," ","0",0,"P"," ","0",0,"P"," ","0",0,"P"," ","0",0,"P"," ","0",0,"P"," ","0",0,"P"," ","0",0,"P"," ","0",0,"P"," ","0",0,"P"," ","0",0,"P"," ","0",0,"P"," ","0",NA," "," "," "
"1351","USC00392565",2008,6,"SNWD",0,"P"," ","0",0,"P"," ","0",0,"P"," ","0",0,"P"," ","0",0,"P"," ","0",0,"P"," ","0",0,"P"," ","0",0,"P"," ","0",0,"P"," ","0",0,"P"," ","0",0,"P"," ","0",0,"P"," ","0",0,"P"," ","0",0,"P"," ","0",0,"P"," ","0",0,"P"," ","0",0,"P"," ","0",0,"P"," ","0",0,"P"," ","0",0,"P"," ","0",0,"P"," ","0",0,"P"," ","0",0,"P"," ","0",0,"P"," ","0",0,"P"," ","0",0,"P"," ","0",0,"P"," ","0",0,"P"," ","0",0,"P"," ","0",0,"P"," ","0",NA," "," "," "
"1352","USC00392565",2008,6,"MDPR",NA," "," "," ",NA," "," "," ",NA," "," "," ",NA," "," "," ",NA," "," "," ",NA," "," "," ",NA," "," "," ",NA," "," "," ",NA," "," "," ",NA," "," "," ",NA," "," "," ",NA," "," "," ",NA," "," "," ",NA," "," "," ",NA," "," "," ",NA," "," "," ",NA," "," "," ",NA," "," "," ",NA," "," "," ",NA," "," "," ",15," "," ","0",NA," "," "," ",NA," "," "," ",NA," "," "," ",NA," "," "," ",NA," "," "," ",NA," "," "," ",NA," "," "," ",NA," "," "," ",NA," "," "," ",NA," "," "," "
"1353","USC00392565",2008,7,"TMAX",NA," "," "," ",311," "," ","0",217," "," ","0",NA," "," "," ",NA," "," "," ",328," "," ","0",278," "," ","0",278," "," ","0",267," "," ","0",283," "," ","0",339," "," ","0",250," "," ","0",NA," "," "," ",289," "," ","0",328," "," ","0",NA," "," "," ",333," "," ","0",272," "," ","0",272," "," ","0",283," "," ","0",294," "," ","0",311," "," ","0",322," "," ","0",NA," "," "," ",294," "," ","0",267," "," ","0",328," "," ","0",339," "," ","0",294," "," ","0",311," "," ","0",339," "," ","0"
"1354","USC00392565",2008,7,"TMIN",NA," "," "," ",139," "," ","0",133," "," ","0",NA," "," "," ",128," "," ","0",144," "," ","0",133," "," ","0",139," "," ","0",117," "," ","0",139," "," ","0",122," "," ","0",72," "," ","0",67," "," ","0",139," "," ","0",200," "," ","0",NA," "," "," ",144," "," ","0",117," "," ","0",128," "," ","0",156," "," ","0",172," "," ","0",200," "," ","0",178," "," ","0",NA," "," "," ",117," "," ","0",128," "," ","0",144," "," ","0",172," "," ","0",144," "," ","0",139," "," ","0",167," "," ","0"
"1355","USC00392565",2008,7,"TOBS",NA," "," "," ",161," "," ","0",133," "," ","0",NA," "," "," ",NA," "," "," ",194," "," ","0",161," "," ","0",156," "," ","0",167," "," ","0",278," "," ","0",244," "," ","0",128," "," ","0",NA," "," "," ",211," "," ","0",217," "," ","0",NA," "," "," ",194," "," ","0",167," "," ","0",167," "," ","0",217," "," ","0",222," "," ","0",256," "," ","0",233," "," ","0",NA," "," "," ",250," "," ","0",206," "," ","0",189," "," ","0",200," "," ","0",261," "," ","0",211," "," ","0",200," "," ","0"
"1356","USC00392565",2008,7,"PRCP",0," "," ","0",155," "," ","0",18," "," ","0",0,"P"," ","0",0," "," ","0",173," "," ","0",15," "," ","0",25," "," ","0",0," "," ","0",0," "," ","0",0," "," ","0",0," "," ","0",0," "," ","0",0," "," ","0",0," "," ","0",0," "," ","0",0," "," ","0",635," "," ","0",0," "," ","0",0," "," ","0",0," "," ","0",0," "," ","0",43," "," ","0",NA," "," "," ",48," "," ","0",64," "," ","0",51," "," ","0",0," "," ","0",0," "," ","0",0," "," ","0",0," "," ","0"
"1357","USC00392565",2008,7,"SNOW",0,"P"," ","0",0,"P"," ","0",0,"P"," ","0",0,"P"," ","0",0,"P"," ","0",0,"P"," ","0",0,"P"," ","0",0,"P"," ","0",0,"P"," ","0",0,"P"," ","0",0,"P"," ","0",0,"P"," ","0",0,"P"," ","0",0,"P"," ","0",0,"P"," ","0",0,"P"," ","0",0,"P"," ","0",0,"P"," ","0",0,"P"," ","0",0,"P"," ","0",0,"P"," ","0",0,"P"," ","0",0,"P"," ","0",0,"P"," ","0",0,"P"," ","0",0,"P"," ","0",0,"P"," ","0",0,"P"," ","0",0,"P"," ","0",0,"P"," ","0",0,"P"," ","0"
"1358","USC00392565",2008,7,"SNWD",0,"P"," ","0",0,"P"," ","0",0,"P"," ","0",0,"P"," ","0",0,"P"," ","0",0,"P"," ","0",0,"P"," ","0",0,"P"," ","0",0,"P"," ","0",0,"P"," ","0",0,"P"," ","0",0,"P"," ","0",0,"P"," ","0",0,"P"," ","0",0,"P"," ","0",0,"P"," ","0",0,"P"," ","0",0,"P"," ","0",0,"P"," ","0",0,"P"," ","0",0,"P"," ","0",0,"P"," ","0",0,"P"," ","0",0,"P"," ","0",0,"P"," ","0",0,"P"," ","0",0,"P"," ","0",0,"P"," ","0",0,"P"," ","0",0,"P"," ","0",0,"P"," ","0"
"1359","USC00392565",2008,8,"TMAX",289," "," ","0",356," "," ","0",344," "," ","0",311," "," ","0",261," "," ","0",278," "," ","0",NA," "," "," ",NA," "," "," ",289," "," ","0",294," "," ","0",294," "," ","0",267," "," ","0",289," "," ","0",278," "," ","0",200," "," ","0",156," "," ","0",222," "," ","0",256," "," ","0",278," "," ","0",NA," "," "," ",311," "," ","0",339," "," ","0",222," "," ","0",272," "," ","0",294," "," ","0",306," "," ","0",317," "," ","0",267," "," ","0",239," "," ","0",272," "," ","0",344," "," ","0"
"1360","USC00392565",2008,8,"TMIN",194," "," ","0",178," "," ","0",156," "," ","0",183," "," ","0",144," "," ","0",128," "," ","0",NA," "," "," ",NA," "," "," ",139," "," ","0",167," "," ","0",133," "," ","0",133," "," ","0",133," "," ","0",133," "," ","0",78," "," ","0",100," "," ","0",94," "," ","0",122," "," ","0",139," "," ","0",117," "," ","0",NA," "," "," ",106," "," ","0",67," "," ","0",133," "," ","0",133," "," ","0",139," "," ","0",83," "," ","0",72," "," ","0",89," "," ","0",161," "," ","0",161," "," ","0"
"1361","USC00392565",2008,8,"TOBS",222," "," ","0",239," "," ","0",211," "," ","0",217," "," ","0",167," "," ","0",256," "," ","0",NA," "," "," ",NA," "," "," ",239," "," ","0",228," "," ","0",183," "," ","0",200," "," ","0",211," "," ","0",178," "," ","0",111," "," ","0",150," "," ","0",144," "," ","0",183," "," ","0",178," "," ","0",NA," "," "," ",194," "," ","0",150," "," ","0",156," "," ","0",183," "," ","0",194," "," ","0",233," "," ","0",133," "," ","0",239," "," ","0",200," "," ","0",206," "," ","0",189," "," ","0"
"1362","USC00392565",2008,8,"PRCP",0," "," ","0",0," "," ","0",0," "," ","0",0," "," ","0",203," "," ","0",386," "," ","0",0," "," ","0",0," "," ","0",0," "," ","0",0," "," ","0",124," "," ","0",0," "," ","0",0," "," ","0",13," "," ","0",46," "," ","0",56," "," ","0",0," "," ","0",0," "," ","0",0," "," ","0",0," "," ","0",0," "," ","0",0," "," ","0",0," "," ","0",0," "," ","0",0," "," ","0",0," "," ","0",0," "," ","0",0," "," ","0",0," "," ","0",0," "," ","0",0," "," ","0"
"1363","USC00392565",2008,8,"SNOW",0,"P"," ","0",0,"P"," ","0",0,"P"," ","0",0,"P"," ","0",0,"P"," ","0",0,"P"," ","0",0,"P"," ","0",0,"P"," ","0",0,"P"," ","0",0,"P"," ","0",0,"P"," ","0",0,"P"," ","0",0,"P"," ","0",0,"P"," ","0",0,"P"," ","0",0,"P"," ","0",0,"P"," ","0",0,"P"," ","0",0,"P"," ","0",0,"P"," ","0",0,"P"," ","0",0,"P"," ","0",0,"P"," ","0",0,"P"," ","0",0,"P"," ","0",0,"P"," ","0",0,"P"," ","0",0,"P"," ","0",0,"P"," ","0",0,"P"," ","0",0,"P"," ","0"
"1364","USC00392565",2008,8,"SNWD",NA," "," "," ",0,"P"," ","0",0,"P"," ","0",0,"P"," ","0",0,"P"," ","0",0,"P"," ","0",0,"P"," ","0",0,"P"," ","0",0,"P"," ","0",0,"P"," ","0",0,"P"," ","0",0,"P"," ","0",0,"P"," ","0",0,"P"," ","0",0,"P"," ","0",0,"P"," ","0",0,"P"," ","0",0,"P"," ","0",0,"P"," ","0",0,"P"," ","0",0,"P"," ","0",0,"P"," ","0",0,"P"," ","0",0,"P"," ","0",0,"P"," ","0",0,"P"," ","0",0,"P"," ","0",0,"P"," ","0",0,"P"," ","0",0,"P"," ","0",0,"P"," ","0"
"1365","USC00392565",2008,10,"TMAX",244," "," ","0",233," "," ","0",244," "," ","0",228," "," ","0",239," "," ","0",172," "," ","0",161," "," ","0",211," "," ","0",144," "," ","0",72," "," ","0",72," "," ","0",50," "," ","0",33," "," ","0",72," "," ","0",139," "," ","0",83," "," ","0",139," "," ","0",178," "," ","0",233," "," ","0",178," "," ","0",111," "," ","0",100," "," ","0",72," "," ","0",106," "," ","0",128," "," ","0",183," "," ","0",22," "," ","0",122," "," ","0",206," "," ","0",233," "," ","0",211," "," ","0"
"1366","USC00392565",2008,10,"TMIN",67," "," ","0",56," "," ","0",61," "," ","0",94," "," ","0",94," "," ","0",39," "," ","0",-6," "," ","0",6," "," ","0",33," "," ","0",11," "," ","0",6," "," ","0",0," "," ","0",-56," "," ","0",-39," "," ","0",-39," "," ","0",0," "," ","0",-11," "," ","0",-6," "," ","0",28," "," ","0",33," "," ","0",39," "," ","0",0," "," ","0",-72," "," ","0",-56," "," ","0",-28," "," ","0",-33," "," ","0",-94," "," ","0",-83," "," ","0",11," "," ","0",11," "," ","0",33," "," ","0"
"1367","USC00392565",2008,10,"TOBS",89," "," ","0",61," "," ","0",94," "," ","0",122," "," ","0",117," "," ","0",44," "," ","0",6," "," ","0",33," "," ","0",56," "," ","0",17," "," ","0",11," "," ","0",11," "," ","0",-39," "," ","0",-39," "," ","0",17," "," ","0",0," "," ","0",-6," "," ","0",39," "," ","0",50," "," ","0",39," "," ","0",67," "," ","0",0," "," ","0",-56," "," ","0",17," "," ","0",-17," "," ","0",-28," "," ","0",-83," "," ","0",17," "," ","0",22," "," ","0",33," "," ","0",67," "," ","0"
"1368","USC00392565",2008,10,"PRCP",0," "," ","0",0," "," ","0",0," "," ","0",0," "," ","0",13," "," ","0",0," "," ","0",0," "," ","0",0," "," ","0",0," "," ","0",0," "," ","0",53," "," ","0",84," "," ","0",20," "," ","0",0," "," ","0",0," "," ","0",3," "," ","0",5," "," ","0",0," "," ","0",0," "," ","0",0," "," ","0",8," "," ","0",5," "," ","0",0," "," ","0",0," "," ","0",0," "," ","0",0," "," ","0",0," "," ","0",0," "," ","0",0," "," ","0",0," "," ","0",0," "," ","0"
"1369","USC00392565",2008,10,"SNOW",0,"P"," ","0",0,"P"," ","0",0,"P"," ","0",0,"P"," ","0",0,"P"," ","0",0,"P"," ","0",0,"P"," ","0",0,"P"," ","0",0,"P"," ","0",0,"P"," ","0",0,"P"," ","0",0,"P"," ","0",0,"P"," ","0",0,"P"," ","0",0,"P"," ","0",0,"P"," ","0",0,"P"," ","0",0,"P"," ","0",0,"P"," ","0",0,"P"," ","0",0,"P"," ","0",0,"P"," ","0",0,"P"," ","0",0,"P"," ","0",0,"P"," ","0",0,"P"," ","0",0,"P"," ","0",0,"P"," ","0",0,"P"," ","0",0,"P"," ","0",0,"P"," ","0"
"1370","USC00392565",2008,10,"SNWD",NA," "," "," ",0,"P"," ","0",0,"P"," ","0",0,"P"," ","0",0,"P"," ","0",0,"P"," ","0",0,"P"," ","0",0,"P"," ","0",0,"P"," ","0",0,"P"," ","0",0,"P"," ","0",0,"P"," ","0",0,"P"," ","0",0,"P"," ","0",0,"P"," ","0",0,"P"," ","0",0,"P"," ","0",0,"P"," ","0",0,"P"," ","0",0,"P"," ","0",0,"P"," ","0",0,"P"," ","0",0,"P"," ","0",0,"P"," ","0",0,"P"," ","0",0,"P"," ","0",0,"P"," ","0",0,"P"," ","0",0,"P"," ","0",0,"P"," ","0",0,"P"," ","0"
"1371","USC00392565",2008,11,"TMAX",206," "," ","0",211," "," ","0",239," "," ","0",150," "," ","0",144," "," ","0",44," "," ","0",-11," "," ","0",28," "," ","0",67," "," ","0",94," "," ","0",NA," "," "," ",89," "," ","0",100," "," ","0",67," "," ","0",-11," "," ","0",67," "," ","0",89," "," ","0",NA," "," "," ",NA," "," "," ",211," "," ","0",-17," "," ","0",NA," "," "," ",83," "," ","0",44," "," ","0",106," "," ","0",117," "," ","0",94," "," ","0",44," "," ","0",61," "," ","0",33," "," ","0",NA," "," "," "
"1372","USC00392565",2008,11,"TMIN",22," "," ","0",28," "," ","0",67," "," ","0",22," "," ","0",28," "," ","0",-33," "," ","0",-61," "," ","0",-50," "," ","0",-39," "," ","0",-28," "," ","0",NA," "," "," ",-11," "," ","0",6," "," ","0",-28," "," ","0",-83," "," ","0",-39," "," ","0",-17," "," ","0",NA," "," "," ",NA," "," "," ",-67," "," ","0",-83," "," ","0",-44," "," ","0",-44," "," ","0",-67," "," ","0",-67," "," ","0",-56," "," ","0",-83," "," ","0",-83," "," ","0",-78," "," ","0",-17," "," ","0",NA," "," "," "
"1373","USC00392565",2008,11,"TOBS",28," "," ","0",67," "," ","0",83," "," ","0",89," "," ","0",44," "," ","0",-33," "," ","0",-39," "," ","0",-33," "," ","0",-11," "," ","0",-17," "," ","0",NA," "," "," ",33," "," ","0",44," "," ","0",-17," "," ","0",-39," "," ","0",0," "," ","0",11," "," ","0",NA," "," "," ",NA," "," "," ",-67," "," ","0",-44," "," ","0",67," "," ","0",-44," "," ","0",11," "," ","0",-56," "," ","0",-28," "," ","0",-67," "," ","0",-78," "," ","0",-17," "," ","0",0," "," ","0",NA," "," "," "
"1374","USC00392565",2008,11,"PRCP",0," "," ","0",0," "," ","0",0," "," ","0",0," "," ","0",0," "," ","0",0," "," ","0",36," "," ","0",0," "," ","0",0," "," ","0",0," "," ","0",NA," "," "," ",0," "," ","0",0,"T"," ","0",0,"T"," ","0",0," "," ","0",0," "," ","0",0," "," ","0",NA," "," "," ",NA," "," "," ",0," "," ","0",0," "," ","0",0," "," ","0",0," "," ","0",0," "," ","0",0," "," ","0",0," "," ","0",0," "," ","0",0," "," ","0",0," "," ","0",0," "," ","0",NA," "," "," "
"1375","USC00392565",2008,11,"SNOW",0,"P"," ","0",0,"P"," ","0",0,"P"," ","0",0,"P"," ","0",0,"P"," ","0",0,"P"," ","0",102," "," ","0",0,"P"," ","0",0,"P"," ","0",0,"P"," ","0",NA," "," "," ",0," "," ","0",0,"T"," ","0",0,"T"," ","0",0,"P"," ","0",0,"P"," ","0",0,"P"," ","0",NA," "," "," ",NA," "," "," ",0,"P"," ","0",0,"P"," ","0",0,"P"," ","0",0,"P"," ","0",0,"P"," ","0",0,"P"," ","0",0,"P"," ","0",0,"P"," ","0",0,"P"," ","0",0,"P"," ","0",0,"P"," ","0",NA," "," "," "
"1376","USC00392565",2008,11,"SNWD",0,"P"," ","0",0,"P"," ","0",0,"P"," ","0",0,"P"," ","0",0,"P"," ","0",0,"P"," ","0",102," "," ","0",51," "," ","0",0,"T"," ","0",0," "," ","0",NA," "," "," ",0," "," ","0",0,"T"," ","0",0,"P"," ","0",0,"P"," ","0",0,"P"," ","0",0,"P"," ","0",NA," "," "," ",NA," "," "," ",0,"P"," ","0",0,"P"," ","0",0,"P"," ","0",0,"P"," ","0",0,"P"," ","0",0,"P"," ","0",0,"P"," ","0",0,"P"," ","0",0,"P"," ","0",0,"P"," ","0",0,"P"," ","0",NA," "," "," "
"1377","USC00392565",2008,12,"TMAX",22," "," ","0",61," "," ","0",106," "," ","0",-56," "," ","0",-67," "," ","0",22," "," ","0",39," "," ","0",100," "," ","0",28," "," ","0",0," "," ","0",72," "," ","0",22," "," ","0",44," "," ","0",78," "," ","0",-217," "," ","0",NA," "," "," ",-72," "," ","0",-17," "," ","0",28," "," ","0",-94," "," ","0",-161," "," ","0",-89," "," ","0",-61," "," ","0",-144," "," ","0",-39," "," ","0",61," "," ","0",NA," "," "," ",-6," "," ","0",50," "," ","0",72," "," ","0",-11," "," ","0"
"1378","USC00392565",2008,12,"TMIN",-117," "," ","0",-106," "," ","0",-122," "," ","0",-133," "," ","0",-200," "," ","0",-72," "," ","0",-56," "," ","0",-56," "," ","0",-89," "," ","0",-94," "," ","0",-33," "," ","0",-100," "," ","0",-89," "," ","0",-239," "," ","0",-300," "," ","0",NA," "," "," ",-244," "," ","0",-156," "," ","0",-183," "," ","0",-244," "," ","0",-233," "," ","0",-233," "," ","0",-189," "," ","0",-211," "," ","0",-206," "," ","0",-100," "," ","0",-172," "," ","0",-133," "," ","0",-67," "," ","0",-56," "," ","0",-150," "," ","0"
"1379","USC00392565",2008,12,"TOBS",-106," "," ","0",50," "," ","0",-122," "," ","0",-117," "," ","0",-67," "," ","0",6," "," ","0",-44," "," ","0",-6," "," ","0",-83," "," ","0",-33," "," ","0",11," "," ","0",-89," "," ","0",11," "," ","0",-228," "," ","0",-283," "," ","0",-167," "," ","0",-156," "," ","0",-89," "," ","0",-94," "," ","0",-239," "," ","0",-228," "," ","0",-100," "," ","0",-189," "," ","0",-206," "," ","0",-100," "," ","0",NA," "," "," ",-133," "," ","0",-6," "," ","0",-56," "," ","0",-22," "," ","0",-72," "," ","0"
"1380","USC00392565",2008,12,"PRCP",0," "," ","0",0," "," ","0",0," "," ","0",0," "," ","0",94," "," ","0",0," "," ","0",0," "," ","0",0," "," ","0",0," "," ","0",0," "," ","0",0," "," ","0",0," "," ","0",0," "," ","0",5," "," ","0",0," "," ","0",0," "," ","0",0," "," ","0",0," "," ","0",0," "," ","0",0," "," ","0",0," "," ","0",0," "," ","0",0," "," ","0",0," "," ","0",0," "," ","0",0," "," ","0",0," "," ","0",0," "," ","0",0," "," ","0",0," "," ","0",0," "," ","0"
"1381","USC00392565",2008,12,"SNOW",0,"P"," ","0",0,"P"," ","0",0,"P"," ","0",0,"P"," ","0",152," "," ","0",0,"P"," ","0",0,"P"," ","0",0,"P"," ","0",0,"P"," ","0",0,"P"," ","0",0,"P"," ","0",0,"P"," ","0",0,"P"," ","0",64," "," ","0",0,"P"," ","0",0,"P"," ","0",0,"P"," ","0",0,"P"," ","0",0,"P"," ","0",0,"P"," ","0",0,"P"," ","0",0,"P"," ","0",0,"P"," ","0",0,"P"," ","0",0,"P"," ","0",0,"P"," ","0",0,"P"," ","0",0,"P"," ","0",0,"P"," ","0",0,"P"," ","0",0,"P"," ","0"
"1382","USC00392565",2008,12,"SNWD",0,"P"," ","0",0,"P"," ","0",0,"P"," ","0",0,"P"," ","0",152," "," ","0",102," "," ","0",51," "," ","0",25," "," ","0",0,"T"," ","0",0," "," ","0",0,"P"," ","0",0,"P"," ","0",0,"P"," ","0",51," "," ","0",51," "," ","0",51," "," ","0",51," "," ","0",51," "," ","0",51," "," ","0",25," "," ","0",NA," "," "," ",NA," "," "," ",NA," "," "," ",NA," "," "," ",NA," "," "," ",NA," "," "," ",NA," "," "," ",0,"P"," ","0",0,"P"," ","0",0,"P"," ","0",0,"P"," ","0"
"1383","USC00392565",2009,1,"TMAX",NA," "," "," ",NA," "," "," ",117," "," ","0",-94," "," ","0",-61," "," ","0",-6," "," ","0",6," "," ","0",44," "," ","0",111," "," ","0",-6," "," ","0",28," "," ","0",28," "," ","0",6," "," ","0",56," "," ","0",-61," "," ","0",-17," "," ","0",72," "," ","0",56," "," ","0",94," "," ","0",89," "," ","0",NA," "," "," ",133," "," ","0",133," "," ","0",-100," "," ","0",-111," "," ","0",NA," "," "," ",-161," "," ","0",-161," ","I","0",-11," "," ","0",11," "," ","0",61," "," ","0"
"1384","USC00392565",2009,1,"TMIN",NA," "," "," ",NA," "," "," ",-111," "," ","0",-222," "," ","0",-189," "," ","0",-106," "," ","0",-56," "," ","0",-28," "," ","0",-6," "," ","0",-122," "," ","0",-89," "," ","0",-67," "," ","0",-117," "," ","0",-61," "," ","0",-156," "," ","0",-144," "," ","0",-33," "," ","0",-33," "," ","0",-28," "," ","0",-56," "," ","0",NA," "," "," ",-61," "," ","0",-111," "," ","0",-217," "," ","0",-228," "," ","0",NA," "," "," ",-272," "," ","0",-267," "," ","0",-139," "," ","0",-61," "," ","0",-83," "," ","0"
"1385","USC00392565",2009,1,"TOBS",NA," "," "," ",-28," "," ","0",-106," "," ","0",-167," "," ","0",-78," "," ","0",-22," "," ","0",-28," "," ","0",33," "," ","0",-6," "," ","0",-89," "," ","0",-56," "," ","0",-67," "," ","0",6," "," ","0",-61," "," ","0",-144," "," ","0",-17," "," ","0",-28," "," ","0",-6," "," ","0",-17," "," ","0",-39," "," ","0",NA," "," "," ",44," "," ","0",-111," "," ","0",-122," "," ","0",-167," "," ","0",NA," "," "," ",-267," "," ","0",-22," "," ","0",-61," "," ","0",-22," "," ","0",-72," "," ","0"
"1386","USC00392565",2009,1,"PRCP",NA," "," "," ",0," "," ","0",0," "," ","0",0," "," ","0",0," "," ","0",0," "," ","0",0," "," ","0",61," "," ","0",0," "," ","0",0," "," ","0",0," "," ","0",0," "," ","0",0," "," ","0",0," "," ","0",33," "," ","0",0," "," ","0",0," "," ","0",0," "," ","0",0," "," ","0",0," "," ","0",NA," "," "," ",0," "," ","0",0," "," ","0",0," "," ","0",0," "," ","0",NA," "," "," ",NA," "," "," ",0," "," ","0",0," "," ","0",0," "," ","0",0," "," ","0"
"1387","USC00392565",2009,1,"SNOW",NA," "," "," ",0,"P"," ","0",0,"P"," ","0",0,"P"," ","0",0,"P"," ","0",0,"P"," ","0",0,"P"," ","0",0,"P"," ","0",0,"P"," ","0",0,"P"," ","0",0,"P"," ","0",0,"P"," ","0",0,"P"," ","0",0,"P"," ","0",NA," "," "," ",0,"P"," ","0",0,"P"," ","0",0,"P"," ","0",0,"P"," ","0",0,"P"," ","0",NA," "," "," ",0,"P"," ","0",0," "," ","0",0,"P"," ","0",0,"P"," ","0",NA," "," "," ",NA," "," "," ",0,"P"," ","0",0,"P"," ","0",0,"P"," ","0",0,"P"," ","0"
"1388","USC00392565",2009,1,"SNWD",NA," "," "," ",0,"P"," ","0",0,"P"," ","0",0,"P"," ","0",0,"P"," ","0",0,"P"," ","0",0,"P"," ","0",0,"P"," ","0",0,"P"," ","0",0,"P"," ","0",0,"P"," ","0",0,"P"," ","0",0,"P"," ","0",0,"P"," ","0",NA," "," "," ",NA," "," "," ",NA," "," "," ",NA," "," "," ",0,"P"," ","0",0,"P"," ","0",NA," "," "," ",0,"P"," ","0",0,"P"," ","0",0,"P"," ","0",0,"P"," ","0",NA," "," "," ",127," "," ","0",NA," "," "," ",NA," "," "," ",NA," "," "," ",NA," "," "," "
"1389","USC00392565",2009,1,"MDPR",NA," "," "," ",NA," "," "," ",NA," "," "," ",NA," "," "," ",NA," "," "," ",NA," "," "," ",NA," "," "," ",NA," "," "," ",NA," "," "," ",NA," "," "," ",NA," "," "," ",NA," "," "," ",NA," "," "," ",NA," "," "," ",NA," "," "," ",NA," "," "," ",NA," "," "," ",NA," "," "," ",NA," "," "," ",NA," "," "," ",NA," "," "," ",NA," "," "," ",NA," "," "," ",NA," "," "," ",NA," "," "," ",NA," "," "," ",56," "," ","0",NA," "," "," ",NA," "," "," ",NA," "," "," ",NA," "," "," "
"1390","USC00392565",2009,1,"MDSF",NA," "," "," ",NA," "," "," ",NA," "," "," ",NA," "," "," ",NA," "," "," ",NA," "," "," ",NA," "," "," ",NA," "," "," ",NA," "," "," ",NA," "," "," ",NA," "," "," ",NA," "," "," ",NA," "," "," ",NA," "," "," ",NA," "," "," ",NA," "," "," ",NA," "," "," ",NA," "," "," ",NA," "," "," ",NA," "," "," ",NA," "," "," ",NA," "," "," ",NA," "," "," ",NA," "," "," ",NA," "," "," ",NA," "," "," ",130," "," ","0",NA," "," "," ",NA," "," "," ",NA," "," "," ",NA," "," "," "
"1391","USC00392565",2009,2,"TMAX",72," "," ","0",-22," "," ","0",17," "," ","0",67," "," ","0",122," "," ","0",122," "," ","0",111," "," ","0",67," "," ","0",NA," "," "," ",56," "," ","0",39," "," ","0",-6," "," ","0",28," "," ","0",-44," "," ","0",-22," "," ","0",11," "," ","0",56," "," ","0",72," "," ","0",-11," "," ","0",33," "," ","0",NA," "," "," ",22," "," ","0",44," "," ","0",122," "," ","0",133," "," ","0",94," "," ","0",-6," "," ","0",-78," "," ","0",NA," "," "," ",NA," "," "," ",NA," "," "," "
"1392","USC00392565",2009,2,"TMIN",-72," "," ","0",-133," "," ","0",NA," "," "," ",-83," "," ","0",-61," "," ","0",-11," "," ","0",-22," "," ","0",-44," "," ","0",NA," "," "," ",-17," "," ","0",-78," "," ","0",-106," "," ","0",-106," "," ","0",-144," "," ","0",-67," "," ","0",-111," "," ","0",-56," "," ","0",-56," "," ","0",-56," "," ","0",NA," "," "," ",-139," "," ","0",-94," "," ","0",-44," "," ","0",-28," "," ","0",-50," "," ","0",-56," "," ","0",-117," "," ","0",-161," "," ","0",NA," "," "," ",NA," "," "," ",NA," "," "," "
"1393","USC00392565",2009,2,"TOBS",-50," "," ","0",-50," "," ","0",0," "," ","0",-11," "," ","0",67," "," ","0",78," "," ","0",11," "," ","0",17," "," ","0",NA," "," "," ",-11," "," ","0",-50," "," ","0",-106," "," ","0",-72," "," ","0",-67," "," ","0",-56," "," ","0",-28," "," ","0",22," "," ","0",-56," "," ","0",-22," "," ","0",NA," "," "," ",-94," "," ","0",-44," "," ","0",44," "," ","0",-17," "," ","0",94," "," ","0",-56," "," ","0",-100," "," ","0",-106," "," ","0",NA," "," "," ",NA," "," "," ",NA," "," "," "
"1394","USC00392565",2009,2,"PRCP",0," "," ","0",0," "," ","0",0," "," ","0",0," "," ","0",0," "," ","0",0," "," ","0",0," "," ","0",0," "," ","0",NA," "," "," ",0," "," ","0",0," "," ","0",76," "," ","0",58," "," ","0",0," "," ","0",5," "," ","0",0," "," ","0",0," "," ","0",0," "," ","0",0," "," ","0",0," "," ","0",0," "," ","0",0," "," ","0",0," "," ","0",0," "," ","0",0," "," ","0",0," "," ","0",0," "," ","0",0," "," ","0",NA," "," "," ",NA," "," "," ",NA," "," "," "
"1395","USC00392565",2009,2,"SNOW",0,"P"," ","0",0,"P"," ","0",0,"P"," ","0",0,"P"," ","0",0,"P"," ","0",0,"P"," ","0",0,"P"," ","0",0,"P"," ","0",NA," "," "," ",0,"P"," ","0",0,"P"," ","0",64," "," ","0",43," "," ","0",0,"P"," ","0",13," "," ","0",0,"P"," ","0",0,"P"," ","0",0,"P"," ","0",0,"P"," ","0",0,"P"," ","0",0,"P"," ","0",0,"P"," ","0",0,"P"," ","0",0,"P"," ","0",0,"P"," ","0",0,"P"," ","0",0,"P"," ","0",0,"P"," ","0",NA," "," "," ",NA," "," "," ",NA," "," "," "
"1396","USC00392565",2009,2,"SNWD",NA," "," "," ",NA," "," "," ",NA," "," "," ",NA," "," "," ",NA," "," "," ",0,"P"," ","0",0,"P"," ","0",0,"P"," ","0",NA," "," "," ",0,"P"," ","0",0,"P"," ","0",51," "," ","0",76," "," ","0",76," "," ","0",102," "," ","0",NA," "," "," ",NA," "," "," ",NA," "," "," ",NA," "," "," ",NA," "," "," ",NA," "," "," ",0,"P"," ","0",0,"P"," ","0",0,"P"," ","0",0,"P"," ","0",0,"P"," ","0",0,"P"," ","0",0,"P"," ","0",NA," "," "," ",NA," "," "," ",NA," "," "," "
"1397","USC00392565",2009,3,"TMAX",28," "," ","0",106," "," ","0",150," "," ","0",183," "," ","0",189," "," ","0",100," "," ","0",72," "," ","0",83," "," ","0",89," "," ","0",NA," "," "," ",-117," "," ","0",-67," "," ","0",-11," "," ","0",72," "," ","0",150," "," ","0",156," "," ","0",189," "," ","0",100," "," ","0",83," "," ","0",156," "," ","0",178," "," ","0",206," "," ","0",211," "," ","0",56," "," ","0",11," "," ","0",61," "," ","0",-11," "," ","0",6," "," ","0",NA," "," "," ",139," "," ","0",6," "," ","0"
"1398","USC00392565",2009,3,"TMIN",-111," "," ","0",-72," "," ","0",33," "," ","0",0," "," ","0",-6," "," ","0",-78," "," ","0",-56," "," ","0",-78," "," ","0",NA," "," "," ",-167," "," ","0",-239," "," ","0",-222," "," ","0",-128," "," ","0",-89," "," ","0",-39," "," ","0",-39," "," ","0",-39," "," ","0",17," "," ","0",-6," "," ","0",0," "," ","0",44," "," ","0",83," "," ","0",56," "," ","0",-61," "," ","0",-89," "," ","0",-67," "," ","0",-133," "," ","0",-89," "," ","0",NA," "," "," ",-39," "," ","0",-89," "," ","0"
"1399","USC00392565",2009,3,"TOBS",-72," "," ","0",89," "," ","0",144," "," ","0",94," "," ","0",44," "," ","0",-44," "," ","0",-50," "," ","0",78," "," ","0",-161," "," ","0",-161," "," ","0",-222," "," ","0",-133," "," ","0",-89," "," ","0",28," "," ","0",NA," "," "," ",NA," "," "," ",22," "," ","0",22," "," ","0",50," "," ","0",44," "," ","0",144," "," ","0",100," "," ","0",56," "," ","0",-56," "," ","0",-50," "," ","0",-61," "," ","0",-89," "," ","0",-44," "," ","0",NA," "," "," ",-33," "," ","0",6," "," ","0"
"1400","USC00392565",2009,3,"PRCP",0," "," ","0",0," "," ","0",0," "," ","0",0," "," ","0",0," "," ","0",0," "," ","0",0," "," ","0",0," "," ","0",0," "," ","0",66," "," ","0",0," "," ","0",0," "," ","0",0," "," ","0",0," "," ","0",0," "," ","0",0," "," ","0",0," "," ","0",0," "," ","0",0," "," ","0",0," "," ","0",0," "," ","0",0," "," ","0",0," "," ","0",64," "," ","0",0," "," ","0",38," "," ","0",0," "," ","0",0," "," ","0",NA," "," "," ",NA," "," "," ",0,"P"," ","0"
"1401","USC00392565",2009,3,"SNOW",0,"P"," ","0",0,"P"," ","0",0,"P"," ","0",0,"P"," ","0",0,"P"," ","0",0,"P"," ","0",0,"P"," ","0",0,"P"," ","0",0,"P"," ","0",NA," "," "," ",0,"P"," ","0",0,"P"," ","0",0,"P"," ","0",0,"P"," ","0",0,"P"," ","0",0,"P"," ","0",0,"P"," ","0",0,"P"," ","0",0,"P"," ","0",0,"P"," ","0",0,"P"," ","0",0,"P"," ","0",0,"P"," ","0",0,"P"," ","0",0,"P"," ","0",0,"P"," ","0",0,"P"," ","0",0,"P"," ","0",NA," "," "," ",NA," "," "," ",0,"P"," ","0"
"1402","USC00392565",2009,3,"SNWD",0,"P"," ","0",0,"P"," ","0",0,"P"," ","0",0,"P"," ","0",0,"P"," ","0",0,"P"," ","0",0,"P"," ","0",0,"P"," ","0",0,"P"," ","0",NA," "," "," ",NA," "," "," ",NA," "," "," ",NA," "," "," ",NA," "," "," ",NA," "," "," ",NA," "," "," ",0,"P"," ","0",0,"P"," ","0",0,"P"," ","0",0,"P"," ","0",0,"P"," ","0",0,"P"," ","0",0,"P"," ","0",0,"P"," ","0",0,"P"," ","0",0,"P"," ","0",0,"P"," ","0",0,"P"," ","0",NA," "," "," ",0,"P"," ","0",0,"P"," ","0"
"1403","USC00392565",2009,3,"MDPR",NA," "," "," ",NA," "," "," ",NA," "," "," ",NA," "," "," ",NA," "," "," ",NA," "," "," ",NA," "," "," ",NA," "," "," ",NA," "," "," ",NA," "," "," ",NA," "," "," ",NA," "," "," ",NA," "," "," ",NA," "," "," ",NA," "," "," ",NA," "," "," ",NA," "," "," ",NA," "," "," ",NA," "," "," ",NA," "," "," ",NA," "," "," ",NA," "," "," ",NA," "," "," ",NA," "," "," ",NA," "," "," ",NA," "," "," ",NA," "," "," ",NA," "," "," ",NA," "," "," ",13," "," ","0",NA," "," "," "
"1404","USC00392565",2009,4,"TMAX",22," "," ","0",61," "," ","0",89," "," ","0",61," "," ","0",NA," "," "," ",22," "," ","0",NA," "," "," ",NA," "," "," ",156," "," ","0",39," "," ","0",94," "," ","0",NA," "," "," ",128," "," ","0",167," "," ","0",206," "," ","0",128," "," ","0",56," "," ","0",56," "," ","0",78," "," ","0",NA," "," "," ",NA," "," "," ",NA," "," "," ",NA," "," "," ",267," "," ","0",28," "," ","0",28," "," ","0",56," "," ","0",61," "," ","0",122," "," ","0",161," "," ","0",NA," "," "," "
"1405","USC00392565",2009,4,"TMIN",-89," "," ","0",-67," "," ","0",-17," "," ","0",-50," "," ","0",NA," "," "," ",-94," "," ","0",NA," "," "," ",NA," "," "," ",-50," "," ","0",-11," "," ","0",22," "," ","0",NA," "," "," ",-17," "," ","0",0," "," ","0",78," "," ","0",28," "," ","0",28," "," ","0",39," "," ","0",-22," "," ","0",NA," "," "," ",NA," "," "," ",NA," "," "," ",NA," "," "," ",11," "," ","0",-22," "," ","0",-11," "," ","0",-39," "," ","0",-39," "," ","0",22," "," ","0",-6," "," ","0",NA," "," "," "
"1406","USC00392565",2009,4,"TOBS",-33," "," ","0",-11," "," ","0",50," "," ","0",-44," "," ","0",NA," "," "," ",-39," "," ","0",NA," "," "," ",NA," "," "," ",17," "," ","0",22," "," ","0",61," "," ","0",NA," "," "," ",100," "," ","0",117," "," ","0",78," "," ","0",28," "," ","0",39," "," ","0",56," "," ","0",11," "," ","0",NA," "," "," ",NA," "," "," ",NA," "," "," ",NA," "," "," ",22," "," ","0",-11," "," ","0",0," "," ","0",-6," "," ","0",22," "," ","0",72," "," ","0",11," "," ","0",NA," "," "," "
"1407","USC00392565",2009,4,"PRCP",0," "," ","0",0," "," ","0",0," "," ","0",25," "," ","0",NA," "," "," ",0," "," ","0",NA," "," "," ",NA," "," "," ",NA," "," "," ",0," "," ","0",0," "," ","0",5," "," ","0",0," "," ","0",0," "," ","0",0," "," ","0",206," "," ","0",112," "," ","0",36," "," ","0",15," "," ","0",NA," "," "," ",NA," "," "," ",NA," "," "," ",NA," "," "," ",NA," "," "," ",NA," "," "," ",183," "," ","0",20," "," ","0",0," "," ","0",0," "," ","0",0," "," ","0",NA," "," "," "
"1408","USC00392565",2009,4,"SNOW",0,"P"," ","0",0,"P"," ","0",0,"P"," ","0",0,"P"," ","0",NA," "," "," ",0,"P"," ","0",NA," "," "," ",NA," "," "," ",NA," "," "," ",0,"P"," ","0",0,"P"," ","0",NA," "," "," ",0,"P"," ","0",0,"P"," ","0",0,"P"," ","0",0,"P"," ","0",0,"P"," ","0",0,"P"," ","0",0,"P"," ","0",NA," "," "," ",NA," "," "," ",NA," "," "," ",NA," "," "," ",NA," "," "," ",NA," "," "," ",0,"P"," ","0",0,"P"," ","0",0,"P"," ","0",0,"P"," ","0",0,"P"," ","0",NA," "," "," "
"1409","USC00392565",2009,4,"SNWD",0,"P"," ","0",0,"P"," ","0",0,"P"," ","0",0,"P"," ","0",NA," "," "," ",0,"P"," ","0",NA," "," "," ",NA," "," "," ",0,"P"," ","0",0,"P"," ","0",0,"P"," ","0",0,"P"," ","0",0,"P"," ","0",0,"P"," ","0",0,"P"," ","0",0,"P"," ","0",0,"P"," ","0",0,"P"," ","0",0,"P"," ","0",NA," "," "," ",NA," "," "," ",NA," "," "," ",NA," "," "," ",NA," "," "," ",0,"P"," ","0",0,"P"," ","0",0,"P"," ","0",0,"P"," ","0",0,"P"," ","0",0,"P"," ","0",NA," "," "," "
"1410","USC00392565",2009,4,"MDPR",NA," "," "," ",NA," "," "," ",NA," "," "," ",NA," "," "," ",NA," "," "," ",NA," "," "," ",NA," "," "," ",NA," "," "," ",20," "," ","0",NA," "," "," ",NA," "," "," ",NA," "," "," ",NA," "," "," ",NA," "," "," ",NA," "," "," ",NA," "," "," ",NA," "," "," ",NA," "," "," ",NA," "," "," ",NA," "," "," ",NA," "," "," ",NA," "," "," ",NA," "," "," ",NA," "," "," ",112," "," ","0",NA," "," "," ",NA," "," "," ",NA," "," "," ",NA," "," "," ",NA," "," "," ",NA," "," "," "
"1411","USC00392565",2009,6,"TMAX",267," "," ","0",239," "," ","0",117," "," ","0",100," "," ","0",NA," "," "," ",NA," "," "," ",183," "," ","0",122," "," ","0",156," "," ","0",183," "," ","0",89," "," ","0",94," "," ","0",183," "," ","0",233," "," ","0",233," "," ","0",239," "," ","0",228," "," ","0",239," "," ","0",222," "," ","0",233," "," ","0",228," "," ","0",256," "," ","0",272," "," ","0",261," "," ","0",NA," "," "," ",339," "," ","0",261," "," ","0",222," "," ","0",278," "," ","0",317," "," ","0",NA," "," "," "
"1412","USC00392565",2009,6,"TMIN",94," "," ","0",94," "," ","0",56," "," ","0",44," "," ","0",NA," "," "," ",72," "," ","0",56," "," ","0",17," "," ","0",56," "," ","0",56," "," ","0",61," "," ","0",56," "," ","0",78," "," ","0",94," "," ","0",94," "," ","0",89," "," ","0",111," "," ","0",94," "," ","0",106," "," ","0",128," "," ","0",144," "," ","0",89," "," ","0",117," "," ","0",156," "," ","0",NA," "," "," ",144," "," ","0",94," "," ","0",61," "," ","0",133," "," ","0",128," "," ","0",NA," "," "," "
"1413","USC00392565",2009,6,"TOBS",183," "," ","0",94," "," ","0",56," "," ","0",78," "," ","0",NA," "," "," ",106," "," ","0",67," "," ","0",56," "," ","0",89," "," ","0",78," "," ","0",78," "," ","0",83," "," ","0",150," "," ","0",122," "," ","0",167," "," ","0",150," "," ","0",161," "," ","0",150," "," ","0",183," "," ","0",167," "," ","0",183," "," ","0",150," "," ","0",178," "," ","0",183," "," ","0",NA," "," "," ",206," "," ","0",156," "," ","0",167," "," ","0",211," "," ","0",222," "," ","0",NA," "," "," "
"1414","USC00392565",2009,6,"PRCP",0,"P"," ","0",89," "," ","0",0," "," ","0",10," "," ","0",NA," "," "," ",0," "," ","0",64," "," ","0",13," "," ","0",46," "," ","0",48," "," ","0",13," "," ","0",69," "," ","0",0," "," ","0",323," "," ","0",3," "," ","0",0," "," ","0",0," "," ","0",147," "," ","0",0," "," ","0",0," "," ","0",0," "," ","0",0," "," ","0",0," "," ","0",0," "," ","0",0," "," ","0",0," "," ","0",0," "," ","0",0," "," ","0",0," "," ","0",0," "," ","0",NA," "," "," "
"1415","USC00392565",2009,6,"SNOW",0,"P"," ","0",0,"P"," ","0",0,"P"," ","0",0,"P"," ","0",0,"P"," ","0",0,"P"," ","0",0,"P"," ","0",0,"P"," ","0",0,"P"," ","0",0,"P"," ","0",0,"P"," ","0",0,"P"," ","0",0,"P"," ","0",0,"P"," ","0",0,"P"," ","0",0,"P"," ","0",0,"P"," ","0",0,"P"," ","0",0,"P"," ","0",0,"P"," ","0",0,"P"," ","0",0,"P"," ","0",0,"P"," ","0",0,"P"," ","0",0,"P"," ","0",0,"P"," ","0",0,"P"," ","0",0,"P"," ","0",0,"P"," ","0",0,"P"," ","0",NA," "," "," "
"1416","USC00392565",2009,6,"SNWD",NA," "," "," ",0,"P"," ","0",0,"P"," ","0",0,"P"," ","0",0,"P"," ","0",0,"P"," ","0",0,"P"," ","0",0,"P"," ","0",0,"P"," ","0",0,"P"," ","0",0,"P"," ","0",0,"P"," ","0",0,"P"," ","0",0,"P"," ","0",0,"P"," ","0",0,"P"," ","0",0,"P"," ","0",0,"P"," ","0",0,"P"," ","0",0,"P"," ","0",0,"P"," ","0",0,"P"," ","0",0,"P"," ","0",0,"P"," ","0",0,"P"," ","0",0,"P"," ","0",0,"P"," ","0",0,"P"," ","0",0,"P"," ","0",0,"P"," ","0",NA," "," "," "
"1417","USC00392565",2009,7,"TMAX",294," "," ","0",278," "," ","0",261," "," ","0",211," "," ","0",222," "," ","0",250," "," ","0",272," "," ","0",NA," "," "," ",322," "," ","0",250," "," ","0",NA," "," "," ",272," "," ","0",294," "," ","0",317," "," ","0",244," "," ","0",267," "," ","0",261," "," ","0",272," "," ","0",294," "," ","0",339," "," ","0",272," "," ","0",261," "," ","0",289," "," ","0",339," "," ","0",317," "," ","0",294," "," ","0",306," "," ","0",267," "," ","0",233," "," ","0",189," "," ","0",217," "," ","0"
"1418","USC00392565",2009,7,"TMIN",128," "," ","0",128," "," ","0",144," "," ","0",111," "," ","0",106," "," ","0",122," "," ","0",139," "," ","0",NA," "," "," ",122," "," ","0",128," "," ","0",NA," "," "," ",172," "," ","0",156," "," ","0",139," "," ","0",83," "," ","0",122," "," ","0",106," "," ","0",106," "," ","0",150," "," ","0",144," "," ","0",83," "," ","0",128," "," ","0",144," "," ","0",161," "," ","0",128," "," ","0",144," "," ","0",161," "," ","0",133," "," ","0",111," "," ","0",39," "," ","0",89," "," ","0"
"1419","USC00392565",2009,7,"TOBS",200," "," ","0",167," "," ","0",161," "," ","0",150," "," ","0",167," "," ","0",194," "," ","0",200," "," ","0",NA," "," "," ",172," "," ","0",172," "," ","0",NA," "," "," ",200," "," ","0",211," "," ","0",178," "," ","0",150," "," ","0",161," "," ","0",183," "," ","0",189," "," ","0",194," "," ","0",206," "," ","0",128," "," ","0",189," "," ","0",194," "," ","0",211," "," ","0",161," "," ","0",211," "," ","0",167," "," ","0",156," "," ","0",122," "," ","0",111," "," ","0",139," "," ","0"
"1420","USC00392565",2009,7,"PRCP",58," "," ","0",163," "," ","0",61," "," ","0",18," "," ","0",3," "," ","0",0," "," ","0",0," "," ","0",NA," "," "," ",0," "," ","0",89," "," ","0",NA," "," "," ",0," "," ","0",0," "," ","0",0," "," ","0",0," "," ","0",0," "," ","0",0," "," ","0",0," "," ","0",0," "," ","0",0," "," ","0",102," "," ","0",0," "," ","0",0," "," ","0",0," "," ","0",0," "," ","0",0," "," ","0",13," "," ","0",18," "," ","0",15," "," ","0",0," "," ","0",0," "," ","0"
"1421","USC00392565",2009,7,"SNOW",0,"P"," ","0",0,"P"," ","0",0,"P"," ","0",0,"P"," ","0",0,"P"," ","0",0,"P"," ","0",0,"P"," ","0",0,"P"," ","0",0,"P"," ","0",0,"P"," ","0",0,"P"," ","0",0,"P"," ","0",0,"P"," ","0",0,"P"," ","0",0,"P"," ","0",0,"P"," ","0",0,"P"," ","0",0,"P"," ","0",0,"P"," ","0",0,"P"," ","0",0,"P"," ","0",0,"P"," ","0",0,"P"," ","0",0,"P"," ","0",0,"P"," ","0",0,"P"," ","0",0,"P"," ","0",0,"P"," ","0",0,"P"," ","0",0,"P"," ","0",0,"P"," ","0"
"1422","USC00392565",2009,7,"SNWD",0,"P"," ","0",0,"P"," ","0",0,"P"," ","0",0,"P"," ","0",0,"P"," ","0",0,"P"," ","0",0,"P"," ","0",0,"P"," ","0",0,"P"," ","0",0,"P"," ","0",0,"P"," ","0",0,"P"," ","0",0,"P"," ","0",0,"P"," ","0",0,"P"," ","0",0,"P"," ","0",0,"P"," ","0",0,"P"," ","0",0,"P"," ","0",0,"P"," ","0",0,"P"," ","0",0,"P"," ","0",0,"P"," ","0",0,"P"," ","0",0,"P"," ","0",0,"P"," ","0",0,"P"," ","0",0,"P"," ","0",0,"P"," ","0",0,"P"," ","0",0,"P"," ","0"
"1423","USC00392565",2009,10,"TMAX",233," "," ","0",78," "," ","0",106," "," ","0",128," "," ","0",39," "," ","0",56," "," ","0",100," "," ","0",94," "," ","0",33," "," ","0",17," "," ","0",-33," "," ","0",-33," "," ","0",-17," "," ","0",22," "," ","0",156," "," ","0",139," "," ","0",133," "," ","0",200," "," ","0",239," "," ","0",NA," "," "," ",50," "," ","0",44," "," ","0",78," "," ","0",111," "," ","0",NA," "," "," ",NA," "," "," ",117," "," ","0",94," "," ","0",72," "," ","0",-6," "," ","0",50," "," ","0"
"1424","USC00392565",2009,10,"TMIN",6," "," ","0",6," "," ","0",-50," "," ","0",0," "," ","0",11," "," ","0",-11," "," ","0",-28," "," ","0",-28," "," ","0",-28," "," ","0",-117," "," ","0",-117," "," ","0",-78," "," ","0",-61," "," ","0",-17," "," ","0",0," "," ","0",6," "," ","0",-22," "," ","0",33," "," ","0",NA," "," "," ",33," "," ","0",17," "," ","0",-6," "," ","0",-6," "," ","0",17," "," ","0",NA," "," "," ",NA," "," "," ",-67," "," ","0",-11," "," ","0",-33," "," ","0",-17," "," ","0",-61," "," ","0"
"1425","USC00392565",2009,10,"TOBS",6," "," ","0",17," "," ","0",0," "," ","0",33," "," ","0",22," "," ","0",-6," "," ","0",-22," "," ","0",-28," "," ","0",-11," "," ","0",-117," "," ","0",-78," "," ","0",-56," "," ","0",-17," "," ","0",22," "," ","0",67," "," ","0",17," "," ","0",56," "," ","0",56," "," ","0",NA," "," "," ",39," "," ","0",17," "," ","0",-6," "," ","0",67," "," ","0",61," "," ","0",NA," "," "," ",NA," "," "," ",44," "," ","0",-11," "," ","0",-17," "," ","0",-22," "," ","0",6," "," ","0"
"1426","USC00392565",2009,10,"PRCP",10," "," ","0",18," "," ","0",0," "," ","0",0," "," ","0",89," "," ","0",8," "," ","0",0," "," ","0",58," "," ","0",0," "," ","0",0," "," ","0",0," "," ","0",0," "," ","0",0," "," ","0",0," "," ","0",58," "," ","0",0," "," ","0",0," "," ","0",0," "," ","0",0," "," ","0",0," "," ","0",74," "," ","0",0," "," ","0",0," "," ","0",0," "," ","0",NA," "," "," ",NA," "," "," ",0," "," ","0",69," "," ","0",69," "," ","0",0," "," ","0",0," "," ","0"
"1427","USC00392565",2009,10,"SNOW",0,"P"," ","0",0,"P"," ","0",0,"P"," ","0",0,"P"," ","0",0,"P"," ","0",0,"P"," ","0",0,"P"," ","0",0,"P"," ","0",0,"P"," ","0",0,"P"," ","0",0,"P"," ","0",0,"P"," ","0",0,"P"," ","0",0,"P"," ","0",0,"P"," ","0",0,"P"," ","0",0,"P"," ","0",0,"P"," ","0",0,"P"," ","0",0,"P"," ","0",0,"P"," ","0",0,"P"," ","0",0,"P"," ","0",0,"P"," ","0",NA," "," "," ",NA," "," "," ",0,"P"," ","0",0,"P"," ","0",58," "," ","0",0,"P"," ","0",0,"P"," ","0"
"1428","USC00392565",2009,10,"SNWD",0,"P"," ","0",0,"P"," ","0",0,"P"," ","0",0,"P"," ","0",0,"P"," ","0",0,"P"," ","0",0,"P"," ","0",0,"P"," ","0",0,"P"," ","0",0,"P"," ","0",0,"P"," ","0",0,"P"," ","0",0,"P"," ","0",0,"P"," ","0",0,"P"," ","0",0,"P"," ","0",0,"P"," ","0",0,"P"," ","0",0,"P"," ","0",0,"P"," ","0",0,"P"," ","0",0,"P"," ","0",0,"P"," ","0",0,"P"," ","0",NA," "," "," ",NA," "," "," ",0,"P"," ","0",0,"P"," ","0",51," "," ","0",NA," "," "," ",NA," "," "," "
"1429","USC00392565",2009,11,"TMAX",156," "," ","0",128," "," ","0",72," "," ","0",94," "," ","0",122," "," ","0",211," "," ","0",NA," "," "," ",NA," "," "," ",NA," "," "," ",NA," "," "," ",NA," "," "," ",NA," "," "," ",NA," "," "," ",NA," "," "," ",NA," "," "," ",NA," "," "," ",NA," "," "," ",200," "," ","0",156," "," ","0",94," "," ","0",133," "," ","0",122," "," ","0",44," "," ","0",44," "," ","0",67," "," ","0",39," "," ","0",144," "," ","0",144," "," ","0",61," "," ","0",56," "," ","0",NA," "," "," "
"1430","USC00392565",2009,11,"TMIN",0," "," ","0",17," "," ","0",-28," "," ","0",-61," "," ","0",-17," "," ","0",33," "," ","0",NA," "," "," ",NA," "," "," ",NA," "," "," ",NA," "," "," ",NA," "," "," ",NA," "," "," ",NA," "," "," ",NA," "," "," ",NA," "," "," ",NA," "," "," ",NA," "," "," ",-106," "," ","0",-39," "," ","0",-72," "," ","0",-61," "," ","0",-28," "," ","0",-28," "," ","0",-72," "," ","0",-78," "," ","0",-56," "," ","0",-22," "," ","0",-11," "," ","0",-83," "," ","0",-61," "," ","0",NA," "," "," "
"1431","USC00392565",2009,11,"TOBS",111," "," ","0",22," "," ","0",28," "," ","0",-17," "," ","0",50," "," ","0",50," "," ","0",NA," "," "," ",NA," "," "," ",NA," "," "," ",NA," "," "," ",NA," "," "," ",NA," "," "," ",NA," "," "," ",NA," "," "," ",NA," "," "," ",NA," "," "," ",NA," "," "," ",44," "," ","0",-17," "," ","0",-61," "," ","0",122," "," ","0",-22," "," ","0",28," "," ","0",-61," "," ","0",-56," "," ","0",28," "," ","0",44," "," ","0",44," "," ","0",-33," "," ","0",11," "," ","0",NA," "," "," "
"1432","USC00392565",2009,11,"PRCP",0,"P"," ","0",20," "," ","0",0,"P"," ","0",0,"P"," ","0",0,"P"," ","0",0,"P"," ","0",NA," "," "," ",NA," "," "," ",NA," "," "," ",NA," "," "," ",NA," "," "," ",NA," "," "," ",NA," "," "," ",NA," "," "," ",NA," "," "," ",NA," "," "," ",NA," "," "," ",0,"P"," ","0",0,"P"," ","0",0,"P"," ","0",0,"P"," ","0",0,"P"," ","0",0,"P"," ","0",0,"P"," ","0",0,"P"," ","0",0,"P"," ","0",0,"P"," ","0",0,"P"," ","0",0,"P"," ","0",0,"P"," ","0",NA," "," "," "
"1433","USC00392565",2009,11,"SNOW",0,"P"," ","0",0,"P"," ","0",0,"P"," ","0",0,"P"," ","0",0,"P"," ","0",0,"P"," ","0",NA," "," "," ",NA," "," "," ",NA," "," "," ",NA," "," "," ",NA," "," "," ",NA," "," "," ",NA," "," "," ",NA," "," "," ",NA," "," "," ",NA," "," "," ",NA," "," "," ",0,"P"," ","0",0,"P"," ","0",0,"P"," ","0",0,"P"," ","0",0,"P"," ","0",0,"P"," ","0",0,"P"," ","0",0,"P"," ","0",0,"P"," ","0",0,"P"," ","0",0,"P"," ","0",0,"P"," ","0",0,"P"," ","0",NA," "," "," "
"1434","USC00392565",2009,11,"SNWD",0,"P"," ","0",0,"P"," ","0",0,"P"," ","0",0,"P"," ","0",0,"P"," ","0",0,"P"," ","0",NA," "," "," ",NA," "," "," ",NA," "," "," ",NA," "," "," ",NA," "," "," ",NA," "," "," ",NA," "," "," ",NA," "," "," ",NA," "," "," ",NA," "," "," ",NA," "," "," ",0,"P"," ","0",0,"P"," ","0",0,"P"," ","0",0,"P"," ","0",0,"P"," ","0",0,"P"," ","0",0,"P"," ","0",0,"P"," ","0",0,"P"," ","0",0,"P"," ","0",0,"P"," ","0",0,"P"," ","0",0,"P"," ","0",NA," "," "," "
"1435","USC00392565",2009,12,"TMAX",100," "," ","0",11," "," ","0",-50," "," ","0",NA," "," "," ",-22," "," ","0",-11," "," ","0",-122," "," ","0",-122," "," ","0",-133," "," ","0",-144," "," ","0",-83," "," ","0",-50," "," ","0",33," "," ","0",-100," "," ","0",-100," "," ","0",17," "," ","0",50," "," ","0",56," "," ","0",28," "," ","0",28," "," ","0",56," "," ","0",89," "," ","0",39," "," ","0",-44," "," ","0",-106," "," ","0",-106," "," ","0",-67," "," ","0",-28," "," ","0",-6," "," ","0",17," "," ","0",-11," "," ","0"
"1436","USC00392565",2009,12,"TMIN",-44," "," ","0",-139," "," ","0",-167," "," ","0",NA," "," "," ",-183," "," ","0",-133," "," ","0",-206," "," ","0",-206," "," ","0",-267," "," ","0",-244," "," ","0",-228," "," ","0",-211," "," ","0",-144," "," ","0",-200," "," ","0",-233," "," ","0",-167," "," ","0",-67," "," ","0",-72," "," ","0",-133," "," ","0",-94," "," ","0",-44," "," ","0",-67," "," ","0",-61," "," ","0",-244," "," ","0",-233," "," ","0",-161," "," ","0",-122," "," ","0",-161," "," ","0",-150," "," ","0",-139," "," ","0",-122," "," ","0"
"1437","USC00392565",2009,12,"TOBS",-6," "," ","0",-100," "," ","0",-144," "," ","0",NA," "," "," ",-111," "," ","0",-128," "," ","0",-178," "," ","0",-161," "," ","0",-244," "," ","0",-167," "," ","0",-211," "," ","0",-122," "," ","0",-144," "," ","0",-200," "," ","0",-156," "," ","0",-17," "," ","0",-28," "," ","0",-39," "," ","0",-94," "," ","0",-33," "," ","0",33," "," ","0",-50," "," ","0",-56," "," ","0",-233," "," ","0",-156," "," ","0",-117," "," ","0",-72," "," ","0",-150," "," ","0",-133," "," ","0",-83," "," ","0",-106," "," ","0"
"1438","USC00392565",2009,12,"PRCP",0," "," ","0",0," "," ","0",0," "," ","0",0," "," ","0",0," "," ","0",0," "," ","0",28," "," ","0",25," "," ","0",8," "," ","0",0," "," ","0",0," "," ","0",0," "," ","0",0," "," ","0",81," "," ","0",0," "," ","0",0," "," ","0",0," "," ","0",0," "," ","0",0," "," ","0",0," "," ","0",0," "," ","0",0," "," ","0",0," "," ","0",61," "," ","0",0," "," ","0",0," "," ","0",0," "," ","0",0," "," ","0",0," "," ","0",0," "," ","0",0," "," ","0"
"1439","USC00392565",2009,12,"SNOW",0,"P"," ","0",0,"P"," ","0",0,"P"," ","0",0,"P"," ","0",0,"P"," ","0",0,"P"," ","0",25," "," ","0",25," "," ","0",8," "," ","0",0,"P"," ","0",0,"P"," ","0",0,"P"," ","0",0,"P"," ","0",89," "," ","0",0,"P"," ","0",0,"P"," ","0",0,"P"," ","0",0,"P"," ","0",0,"P"," ","0",0,"P"," ","0",0,"P"," ","0",0,"P"," ","0",0,"P"," ","0",51," "," ","0",0,"P"," ","0",0,"P"," ","0",0,"P"," ","0",0,"P"," ","0",0,"P"," ","0",0,"P"," ","0",0,"P"," ","0"
"1440","USC00392565",2009,12,"SNWD",0,"P"," ","0",0,"P"," ","0",0,"P"," ","0",0,"P"," ","0",0,"P"," ","0",0,"P"," ","0",NA," "," "," ",NA," "," "," ",NA," "," "," ",NA," "," "," ",NA," "," "," ",NA," "," "," ",NA," "," "," ",102," "," ","0",76," "," ","0",76," "," ","0",76," "," ","0",51," "," ","0",51," "," ","0",25," "," ","0",0,"T"," ","0",0," "," ","0",0,"P"," ","0",25," "," ","0",25," "," ","0",25," "," ","0",25," "," ","0",0,"T"," ","0",0," "," ","0",0,"P"," ","0",0,"P"," ","0"
"1441","USC00392565",2010,2,"TMAX",-17," "," ","0",-17," "," ","0",50," "," ","0",61," "," ","0",17," "," ","0",-22," "," ","0",-17," "," ","0",-28," "," ","0",-94," "," ","0",-50," "," ","0",0," "," ","0",6," "," ","0",33," "," ","0",17," "," ","0",-56," "," ","0",-22," "," ","0",6," "," ","0",39," "," ","0",-28," "," ","0",-6," "," ","0",-33," "," ","0",-61," "," ","0",-22," "," ","0",11," "," ","0",61," "," ","0",28," "," ","0",56," "," ","0",72," "," ","0",NA," "," "," ",NA," "," "," ",NA," "," "," "
"1442","USC00392565",2010,2,"TMIN",-67," "," ","0",-117," "," ","0",-106," "," ","0",-72," "," ","0",-61," "," ","0",-111," "," ","0",-100," "," ","0",-233," "," ","0",-244," "," ","0",-217," "," ","0",-161," "," ","0",-106," "," ","0",-28," "," ","0",-194," "," ","0",-206," "," ","0",-183," "," ","0",-128," "," ","0",-44," "," ","0",-144," "," ","0",-122," "," ","0",-133," "," ","0",-183," "," ","0",-161," "," ","0",-139," "," ","0",-106," "," ","0",-89," "," ","0",-67," "," ","0",-28," "," ","0",NA," "," "," ",NA," "," "," ",NA," "," "," "
"1443","USC00392565",2010,2,"TOBS",-67," "," ","0",-67," "," ","0",-72," "," ","0",11," "," ","0",-61," "," ","0",-100," "," ","0",-39," "," ","0",-189," "," ","0",-217," "," ","0",-161," "," ","0",-106," "," ","0",-33," "," ","0",6," "," ","0",-150," "," ","0",-172," "," ","0",-128," "," ","0",-22," "," ","0",-33," "," ","0",-122," "," ","0",-72," "," ","0",-100," "," ","0",-161," "," ","0",-100," "," ","0",-106," "," ","0",-11," "," ","0",-67," "," ","0",-28," "," ","0",-11," "," ","0",NA," "," "," ",NA," "," "," ",NA," "," "," "
"1444","USC00392565",2010,2,"PRCP",0," "," ","0",0," "," ","0",0," "," ","0",0,"P"," ","0",168," "," ","0",0," "," ","0",0," "," ","0",0," "," ","0",0," "," ","0",0," "," ","0",0," "," ","0",0," "," ","0",0," "," ","0",0," "," ","0",0," "," ","0",0," "," ","0",0," "," ","0",13," "," ","0",0," "," ","0",0," "," ","0",13," "," ","0",0," "," ","0",0," "," ","0",0," "," ","0",0," "," ","0",0," "," ","0",0," "," ","0",0," "," ","0",NA," "," "," ",NA," "," "," ",NA," "," "," "
"1445","USC00392565",2010,2,"SNOW",0,"P"," ","0",0,"P"," ","0",0,"P"," ","0",0,"P"," ","0",178," "," ","0",0,"P"," ","0",0,"P"," ","0",0,"P"," ","0",0,"P"," ","0",0,"P"," ","0",0,"P"," ","0",0,"P"," ","0",0,"P"," ","0",0,"P"," ","0",0,"P"," ","0",0,"P"," ","0",0,"P"," ","0",13," "," ","0",0,"P"," ","0",0,"P"," ","0",13," "," ","0",0,"P"," ","0",0,"P"," ","0",0,"P"," ","0",0,"P"," ","0",0,"P"," ","0",0,"P"," ","0",0,"P"," ","0",NA," "," "," ",NA," "," "," ",NA," "," "," "
"1446","USC00392565",2010,4,"TMAX",133," "," ","0",78," "," ","0",56," "," ","0",72," "," ","0",61," "," ","0",111," "," ","0",111," "," ","0",78," "," ","0",139," "," ","0",83," "," ","0",117," "," ","0",200," "," ","0",211," "," ","0",211," "," ","0",178," "," ","0",150," "," ","0",117," "," ","0",183," "," ","0",183," "," ","0",194," "," ","0",144," "," ","0",139," "," ","0",106," "," ","0",144," "," ","0",144," "," ","0",83," "," ","0",78," "," ","0",161," "," ","0",206," "," ","0",117," "," ","0",NA," "," "," "
"1447","USC00392565",2010,4,"TMIN",22," "," ","0",-17," "," ","0",-39," "," ","0",-39," "," ","0",-11," "," ","0",0," "," ","0",-39," "," ","0",-56," "," ","0",-22," "," ","0",0," "," ","0",6," "," ","0",67," "," ","0",83," "," ","0",-17," "," ","0",-11," "," ","0",-33," "," ","0",11," "," ","0",33," "," ","0",33," "," ","0",56," "," ","0",28," "," ","0",78," "," ","0",83," "," ","0",44," "," ","0",-11," "," ","0",-11," "," ","0",-50," "," ","0",0," "," ","0",-6," "," ","0",-6," "," ","0",NA," "," "," "
"1448","USC00392565",2010,4,"TOBS",28," "," ","0",-6," "," ","0",-28," "," ","0",-6," "," ","0",22," "," ","0",28," "," ","0",33," "," ","0",22," "," ","0",11," "," ","0",6," "," ","0",100," "," ","0",83," "," ","0",139," "," ","0",33," "," ","0",50," "," ","0",11," "," ","0",33," "," ","0",NA," "," "," ",150," "," ","0",106," "," ","0",94," "," ","0",94," "," ","0",89," "," ","0",44," "," ","0",67," "," ","0",6," "," ","0",0," "," ","0",156," "," ","0",44," "," ","0",0," "," ","0",NA," "," "," "
"1449","USC00392565",2010,4,"PRCP",81," "," ","0",132," "," ","0",0,"P"," ","0",23," "," ","0",13," "," ","0",25," "," ","0",13," "," ","0",0,"P"," ","0",0,"P"," ","0",38," "," ","0",0,"P"," ","0",0,"P"," ","0",0,"P"," ","0",0,"P"," ","0",0,"P"," ","0",0,"P"," ","0",0,"P"," ","0",64," "," ","0",10," "," ","0",20," "," ","0",8," "," ","0",23," "," ","0",117," "," ","0",8," "," ","0",13," "," ","0",0,"P"," ","0",0,"P"," ","0",0,"P"," ","0",0,"P"," ","0",0,"P"," ","0",NA," "," "," "
"1450","USC00392565",2010,4,"SNOW",0,"P"," ","0",0,"P"," ","0",0,"P"," ","0",0,"P"," ","0",0,"P"," ","0",0,"P"," ","0",0,"P"," ","0",0,"P"," ","0",0,"P"," ","0",0,"P"," ","0",0,"P"," ","0",0,"P"," ","0",0,"P"," ","0",0,"P"," ","0",0,"P"," ","0",0,"P"," ","0",0,"P"," ","0",0,"P"," ","0",0,"P"," ","0",0,"P"," ","0",0,"P"," ","0",0,"P"," ","0",0,"P"," ","0",0,"P"," ","0",0,"P"," ","0",0,"P"," ","0",0,"P"," ","0",0,"P"," ","0",0,"P"," ","0",0,"P"," ","0",NA," "," "," "
"1451","USC00392565",2010,4,"SNWD",NA," "," "," ",0,"P"," ","0",0,"P"," ","0",0,"P"," ","0",0,"P"," ","0",0,"P"," ","0",0,"P"," ","0",0,"P"," ","0",0,"P"," ","0",0,"P"," ","0",0,"P"," ","0",0,"P"," ","0",0,"P"," ","0",0,"P"," ","0",0,"P"," ","0",0,"P"," ","0",0,"P"," ","0",0,"P"," ","0",0,"P"," ","0",0,"P"," ","0",0,"P"," ","0",0,"P"," ","0",0,"P"," ","0",0,"P"," ","0",0,"P"," ","0",0,"P"," ","0",0,"P"," ","0",0,"P"," ","0",0,"P"," ","0",0,"P"," ","0",NA," "," "," "
"1452","USC00392565",2010,5,"TMAX",50," "," ","0",78," "," ","0",61," "," ","0",172," "," ","0",106," "," ","0",106," "," ","0",NA," "," "," ",61," "," ","0",106," "," ","0",172," "," ","0",83," "," ","0",94," "," ","0",44," "," ","0",100," "," ","0",167," "," ","0",111," "," ","0",167," "," ","0",211," "," ","0",194," "," ","0",128," "," ","0",172," "," ","0",183," "," ","0",200," "," ","0",189," "," ","0",172," "," ","0",167," "," ","0",228," "," ","0",233," "," ","0",311," "," ","0",194," "," ","0",189," "," ","0"
"1453","USC00392565",2010,5,"TMIN",0," "," ","0",-17," "," ","0",-28," "," ","0",-11," "," ","0",-6," "," ","0",6," "," ","0",-17," "," ","0",-72," "," ","0",-39," "," ","0",50," "," ","0",0," "," ","0",0," "," ","0",-17," "," ","0",-6," "," ","0",50," "," ","0",39," "," ","0",50," "," ","0",100," "," ","0",111," "," ","0",61," "," ","0",56," "," ","0",100," "," ","0",50," "," ","0",94," "," ","0",39," "," ","0",72," "," ","0",72," "," ","0",161," "," ","0",117," "," ","0",33," "," ","0",61," "," ","0"
"1454","USC00392565",2010,5,"TOBS",28," "," ","0",33," "," ","0",39," "," ","0",6," "," ","0",11," "," ","0",11," "," ","0",NA," "," "," ",-39," "," ","0",56," "," ","0",56," "," ","0",50," "," ","0",0," "," ","0",6," "," ","0",61," "," ","0",89," "," ","0",83," "," ","0",144," "," ","0",128," "," ","0",117," "," ","0",106," "," ","0",100," "," ","0",144," "," ","0",94," "," ","0",133," "," ","0",78," "," ","0",167," "," ","0",161," "," ","0",206," "," ","0",133," "," ","0",78," "," ","0",128," "," ","0"
"1455","USC00392565",2010,5,"PRCP",8," "," ","0",0," "," ","0",0," "," ","0",13," "," ","0",0," "," ","0",0," "," ","0",20," "," ","0",0," "," ","0",0," "," ","0",196," "," ","0",51," "," ","0",97," "," ","0",107," "," ","0",0," "," ","0",0," "," ","0",41," "," ","0",0," "," ","0",0," "," ","0",109," "," ","0",8," "," ","0",0," "," ","0",86," "," ","0",0," "," ","0",0," "," ","0",188," "," ","0",0," "," ","0",0," "," ","0",0," "," ","0",0," "," ","0",0," "," ","0",0," "," ","0"
"1456","USC00392565",2010,5,"SNOW",0,"P"," ","0",0,"P"," ","0",0,"P"," ","0",0,"P"," ","0",0,"P"," ","0",0,"P"," ","0",NA," "," "," ",0,"P"," ","0",0,"P"," ","0",0,"P"," ","0",0," "," ","0",0,"T"," ","0",0,"T"," ","0",0,"P"," ","0",0,"P"," ","0",0,"P"," ","0",0,"P"," ","0",0,"P"," ","0",0,"P"," ","0",0,"P"," ","0",0,"P"," ","0",0,"P"," ","0",0,"P"," ","0",0,"P"," ","0",0,"P"," ","0",0,"P"," ","0",0,"P"," ","0",0,"P"," ","0",0,"P"," ","0",0,"P"," ","0",0,"P"," ","0"
"1457","USC00392565",2010,5,"SNWD",0,"P"," ","0",0,"P"," ","0",0,"P"," ","0",0,"P"," ","0",0,"P"," ","0",0,"P"," ","0",NA," "," "," ",NA," "," "," ",NA," "," "," ",0,"P"," ","0",0,"P"," ","0",0," "," ","0",0," "," ","0",0,"P"," ","0",0,"P"," ","0",0,"P"," ","0",0,"P"," ","0",0,"P"," ","0",0,"P"," ","0",0,"P"," ","0",0,"P"," ","0",0,"P"," ","0",0,"P"," ","0",0,"P"," ","0",0,"P"," ","0",0,"P"," ","0",0,"P"," ","0",0,"P"," ","0",0,"P"," ","0",0,"P"," ","0",0,"P"," ","0"
"1458","USC00392565",2010,6,"TMAX",NA," "," "," ",211," "," ","0",211," "," ","0",194," "," ","0",233," "," ","0",250," "," ","0",NA," "," "," ",250," "," ","0",206," "," ","0",194," "," ","0",217," "," ","0",189," "," ","0",122," "," ","0",117," "," ","0",122," "," ","0",228," "," ","0",272," "," ","0",189," "," ","0",228," "," ","0",233," "," ","0",239," "," ","0",267," "," ","0",244," "," ","0",NA," "," "," ",278," "," ","0",289," "," ","0",250," "," ","0",261," "," ","0",272," "," ","0",300," "," ","0",NA," "," "," "
"1459","USC00392565",2010,6,"TMIN",NA," "," "," ",100," "," ","0",94," "," ","0",83," "," ","0",83," "," ","0",89," "," ","0",NA," "," "," ",89," "," ","0",100," "," ","0",133," "," ","0",106," "," ","0",83," "," ","0",78," "," ","0",72," "," ","0",61," "," ","0",100," "," ","0",122," "," ","0",39," "," ","0",56," "," ","0",117," "," ","0",100," "," ","0",133," "," ","0",72," "," ","0",NA," "," "," ",139," "," ","0",139," "," ","0",89," "," ","0",89," "," ","0",167," "," ","0",156," "," ","0",NA," "," "," "
"1460","USC00392565",2010,6,"TOBS",NA," "," "," ",167," "," ","0",106," "," ","0",161," "," ","0",156," "," ","0",133," "," ","0",NA," "," "," ",NA," "," "," ",NA," "," "," ",183," "," ","0",128," "," ","0",94," "," ","0",89," "," ","0",78," "," ","0",100," "," ","0",194," "," ","0",122," "," ","0",111," "," ","0",128," "," ","0",128," "," ","0",161," "," ","0",178," "," ","0",139," "," ","0",NA," "," "," ",233," "," ","0",206," "," ","0",178," "," ","0",178," "," ","0",200," "," ","0",217," "," ","0",NA," "," "," "
"1461","USC00392565",2010,6,"PRCP",0," "," ","0",135," "," ","0",0," "," ","0",109," "," ","0",0," "," ","0",0," "," ","0",0," "," ","0",41," "," ","0",0," "," ","0",43," "," ","0",3," "," ","0",155," "," ","0",56," "," ","0",290," "," ","0",109," "," ","0",0," "," ","0",147," "," ","0",0," "," ","0",0," "," ","0",358," "," ","0",3," "," ","0",61," "," ","0",79," "," ","0",0," "," ","0",0," "," ","0",0," "," ","0",0," "," ","0",0," "," ","0",0," "," ","0",0," "," ","0",NA," "," "," "
"1462","USC00392565",2010,6,"SNOW",0," "," ","0",0," "," ","0",0," "," ","0",0," "," ","0",0," "," ","0",0," "," ","0",0," "," ","0",0," "," ","0",0," "," ","0",0," "," ","0",0," "," ","0",0," "," ","0",0," "," ","0",0," "," ","0",0," "," ","0",0," "," ","0",0," "," ","0",0," "," ","0",0," "," ","0",0," "," ","0",0," "," ","0",0," "," ","0",0," "," ","0",0," "," ","0",0," "," ","0",0," "," ","0",0," "," ","0",0," "," ","0",0," "," ","0",0," "," ","0",NA," "," "," "
"1463","USC00392565",2010,6,"SNWD",0," "," ","0",0," "," ","0",0," "," ","0",0," "," ","0",0," "," ","0",0," "," ","0",0," "," ","0",0," "," ","0",0," "," ","0",0," "," ","0",0," "," ","0",0," "," ","0",0," "," ","0",0," "," ","0",0," "," ","0",0," "," ","0",0," "," ","0",0," "," ","0",0," "," ","0",0," "," ","0",0," "," ","0",0," "," ","0",0," "," ","0",0," "," ","0",0," "," ","0",0," "," ","0",0," "," ","0",0," "," ","0",0," "," ","0",0," "," ","0",NA," "," "," "
"1464","USC00392565",2010,7,"TMAX",322," "," ","0",317," "," ","0",317," "," ","0",256," "," ","0",172," "," ","0",228," "," ","0",189," "," ","0",200," "," ","0",244," "," ","0",283," "," ","0",278," "," ","0",222," "," ","0",272," "," ","0",333," "," ","0",239," "," ","0",289," "," ","0",322," "," ","0",311," "," ","0",294," "," ","0",283," "," ","0",244," "," ","0",283," "," ","0",261," "," ","0",283," "," ","0",267," "," ","0",300," "," ","0",328," "," ","0",283," "," ","0",261," "," ","0",317," "," ","0",311," "," ","0"
"1465","USC00392565",2010,7,"TMIN",178," "," ","0",150," "," ","0",144," "," ","0",100," "," ","0",94," "," ","0",139," "," ","0",83," "," ","0",83," "," ","0",111," "," ","0",122," "," ","0",106," "," ","0",94," "," ","0",128," "," ","0",139," "," ","0",94," "," ","0",133," "," ","0",156," "," ","0",144," "," ","0",161," "," ","0",111," "," ","0",144," "," ","0",128," "," ","0",128," "," ","0",89," "," ","0",144," "," ","0",161," "," ","0",183," "," ","0",144," "," ","0",172," "," ","0",161," "," ","0",178," "," ","0"
"1466","USC00392565",2010,7,"TOBS",194," "," ","0",206," "," ","0",189," "," ","0",144," "," ","0",156," "," ","0",161," "," ","0",133," "," ","0",139," "," ","0",183," "," ","0",206," "," ","0",150," "," ","0",150," "," ","0",178," "," ","0",167," "," ","0",172," "," ","0",217," "," ","0",189," "," ","0",178," "," ","0",183," "," ","0",144," "," ","0",183," "," ","0",156," "," ","0",178," "," ","0",144," "," ","0",194," "," ","0",217," "," ","0",217," "," ","0",172," "," ","0",217," "," ","0",194," "," ","0",222," "," ","0"
"1467","USC00392565",2010,7,"PRCP",0," "," ","0",28," "," ","0",0," "," ","0",5," "," ","0",127," "," ","0",0," "," ","0",5," "," ","0",0," "," ","0",0," "," ","0",0," "," ","0",0," "," ","0",56," "," ","0",0," "," ","0",0," "," ","0",0," "," ","0",0," "," ","0",0," "," ","0",51," "," ","0",0," "," ","0",51," "," ","0",0," "," ","0",404," "," ","0",3," "," ","0",0," "," ","0",0," "," ","0",0," "," ","0",0," "," ","0",0," "," ","0",0," "," ","0",99," "," ","0",0," "," ","0"
"1468","USC00392565",2010,7,"SNOW",0,"P"," ","0",0,"P"," ","0",0,"P"," ","0",0,"P"," ","0",0,"P"," ","0",0,"P"," ","0",0,"P"," ","0",0,"P"," ","0",0,"P"," ","0",0,"P"," ","0",0,"P"," ","0",0,"P"," ","0",0,"P"," ","0",0,"P"," ","0",0,"P"," ","0",0,"P"," ","0",0,"P"," ","0",0,"P"," ","0",0,"P"," ","0",0,"P"," ","0",0,"P"," ","0",0,"P"," ","0",0,"P"," ","0",0,"P"," ","0",0,"P"," ","0",0,"P"," ","0",0,"P"," ","0",0,"P"," ","0",0,"P"," ","0",0,"P"," ","0",0,"P"," ","0"
"1469","USC00392565",2010,7,"SNWD",0,"P"," ","0",0,"P"," ","0",0,"P"," ","0",0,"P"," ","0",0,"P"," ","0",0,"P"," ","0",0,"P"," ","0",0,"P"," ","0",0,"P"," ","0",0,"P"," ","0",0,"P"," ","0",0,"P"," ","0",0,"P"," ","0",0,"P"," ","0",0,"P"," ","0",0,"P"," ","0",0,"P"," ","0",0,"P"," ","0",0,"P"," ","0",0,"P"," ","0",0,"P"," ","0",0,"P"," ","0",0,"P"," ","0",0,"P"," ","0",0,"P"," ","0",0,"P"," ","0",0,"P"," ","0",0,"P"," ","0",0,"P"," ","0",0,"P"," ","0",0,"P"," ","0"
"1470","USC00392565",2010,8,"TMAX",344," "," ","0",317," "," ","0",311," "," ","0",267," "," ","0",267," "," ","0",278," "," ","0",322," "," ","0",317," "," ","0",306," "," ","0",311," "," ","0",283," "," ","0",339," "," ","0",322," "," ","0",267," "," ","0",217," "," ","0",244," "," ","0",228," "," ","0",300," "," ","0",344," "," ","0",317," "," ","0",317," "," ","0",350," "," ","0",367," "," ","0",228," "," ","0",256," "," ","0",300," "," ","0",350," "," ","0",356," "," ","0",311," "," ","0",311," "," ","0",256," "," ","0"
"1471","USC00392565",2010,8,"TMIN",183," "," ","0",183," "," ","0",172," "," ","0",117," "," ","0",128," "," ","0",156," "," ","0",128," "," ","0",178," "," ","0",172," "," ","0",128," "," ","0",172," "," ","0",161," "," ","0",139," "," ","0",128," "," ","0",72," "," ","0",117," "," ","0",117," "," ","0",144," "," ","0",156," "," ","0",117," "," ","0",133," "," ","0",161," "," ","0",172," "," ","0",56," "," ","0",94," "," ","0",128," "," ","0",133," "," ","0",144," "," ","0",139," "," ","0",161," "," ","0",78," "," ","0"
"1472","USC00392565",2010,8,"TOBS",206," "," ","0",211," "," ","0",217," "," ","0",133," "," ","0",167," "," ","0",189," "," ","0",178," "," ","0",194," "," ","0",206," "," ","0",172," "," ","0",222," "," ","0",211," "," ","0",156," "," ","0",133," "," ","0",117," "," ","0",167," "," ","0",144," "," ","0",161," "," ","0",172," "," ","0",150," "," ","0",178," "," ","0",194," "," ","0",172," "," ","0",94," "," ","0",139," "," ","0",161," "," ","0",178," "," ","0",150," "," ","0",167," "," ","0",167," "," ","0",89," "," ","0"
"1473","USC00392565",2010,8,"PRCP",0," "," ","0",0," "," ","0",0," "," ","0",28," "," ","0",0," "," ","0",0," "," ","0",38," "," ","0",0," "," ","0",0," "," ","0",0," "," ","0",0," "," ","0",0," "," ","0",0," "," ","0",0," "," ","0",0," "," ","0",0," "," ","0",0," "," ","0",0," "," ","0",0," "," ","0",0," "," ","0",0," "," ","0",0," "," ","0",0," "," ","0",0," "," ","0",0," "," ","0",0," "," ","0",0," "," ","0",3," "," ","0",0," "," ","0",0," "," ","0",0," "," ","0"
"1474","USC00392565",2010,8,"SNOW",0,"P"," ","0",0,"P"," ","0",0,"P"," ","0",0,"P"," ","0",0,"P"," ","0",0,"P"," ","0",0,"P"," ","0",0,"P"," ","0",0,"P"," ","0",0,"P"," ","0",0,"P"," ","0",0,"P"," ","0",0,"P"," ","0",0,"P"," ","0",0,"P"," ","0",0,"P"," ","0",0,"P"," ","0",0,"P"," ","0",0,"P"," ","0",0,"P"," ","0",0,"P"," ","0",0,"P"," ","0",0,"P"," ","0",0,"P"," ","0",0,"P"," ","0",0,"P"," ","0",0,"P"," ","0",0,"P"," ","0",0,"P"," ","0",0,"P"," ","0",0,"P"," ","0"
"1475","USC00392565",2010,8,"SNWD",0,"P"," ","0",0,"P"," ","0",0,"P"," ","0",0,"P"," ","0",0,"P"," ","0",0,"P"," ","0",0,"P"," ","0",0,"P"," ","0",0,"P"," ","0",0,"P"," ","0",0,"P"," ","0",0,"P"," ","0",0,"P"," ","0",0,"P"," ","0",0,"P"," ","0",0,"P"," ","0",0,"P"," ","0",0,"P"," ","0",0,"P"," ","0",0,"P"," ","0",0,"P"," ","0",0,"P"," ","0",0,"P"," ","0",0,"P"," ","0",0,"P"," ","0",0,"P"," ","0",0,"P"," ","0",0,"P"," ","0",0,"P"," ","0",0,"P"," ","0",0,"P"," ","0"
"1476","USC00392565",2010,9,"TMAX",222," "," ","0",256," "," ","0",172," "," ","0",233," "," ","0",306," "," ","0",306," "," ","0",150," "," ","0",233," "," ","0",294," "," ","0",294," "," ","0",167," "," ","0",233," "," ","0",261," "," ","0",294," "," ","0",272," "," ","0",189," "," ","0",278," "," ","0",228," "," ","0",78," "," ","0",217," "," ","0",300," "," ","0",222," "," ","0",256," "," ","0",128," "," ","0",239," "," ","0",228," "," ","0",317," "," ","0",261," "," ","0",311," "," ","0",244," "," ","0",NA," "," "," "
"1477","USC00392565",2010,9,"TMIN",78," "," ","0",83," "," ","0",22," "," ","0",61," "," ","0",100," "," ","0",89," "," ","0",-6," "," ","0",56," "," ","0",117," "," ","0",72," "," ","0",28," "," ","0",50," "," ","0",89," "," ","0",94," "," ","0",117," "," ","0",39," "," ","0",56," "," ","0",39," "," ","0",39," "," ","0",50," "," ","0",67," "," ","0",78," "," ","0",83," "," ","0",28," "," ","0",50," "," ","0",56," "," ","0",83," "," ","0",72," "," ","0",89," "," ","0",44," "," ","0",NA," "," "," "
"1478","USC00392565",2010,9,"TOBS",111," "," ","0",89," "," ","0",61," "," ","0",100," "," ","0",128," "," ","0",89," "," ","0",56," "," ","0",156," "," ","0",144," "," ","0",89," "," ","0",61," "," ","0",89," "," ","0",111," "," ","0",178," "," ","0",133," "," ","0",72," "," ","0",78," "," ","0",39," "," ","0",50," "," ","0",161," "," ","0",78," "," ","0",139," "," ","0",89," "," ","0",50," "," ","0",56," "," ","0",83," "," ","0",144," "," ","0",89," "," ","0",172," "," ","0",83," "," ","0",NA," "," "," "
"1479","USC00392565",2010,9,"PRCP",0," "," ","0",15," "," ","0",0," "," ","0",0," "," ","0",0," "," ","0",10," "," ","0",0," "," ","0",0," "," ","0",0," "," ","0",56," "," ","0",0," "," ","0",0," "," ","0",0," "," ","0",0," "," ","0",0," "," ","0",0," "," ","0",0," "," ","0",15," "," ","0",3," "," ","0",0," "," ","0",0," "," ","0",0," "," ","0",28," "," ","0",33," "," ","0",0," "," ","0",0," "," ","0",0," "," ","0",0," "," ","0",0," "," ","0",0," "," ","0",NA," "," "," "
"1480","USC00392565",2010,9,"SNOW",0,"P"," ","0",0,"P"," ","0",0,"P"," ","0",0,"P"," ","0",0,"P"," ","0",0,"P"," ","0",0,"P"," ","0",0,"P"," ","0",0,"P"," ","0",0,"P"," ","0",0,"P"," ","0",0,"P"," ","0",0,"P"," ","0",0,"P"," ","0",0,"P"," ","0",0,"P"," ","0",0,"P"," ","0",0,"P"," ","0",0,"P"," ","0",0,"P"," ","0",0,"P"," ","0",0,"P"," ","0",0,"P"," ","0",0,"P"," ","0",0,"P"," ","0",0,"P"," ","0",0,"P"," ","0",0,"P"," ","0",0,"P"," ","0",0,"P"," ","0",NA," "," "," "
"1481","USC00392565",2010,9,"SNWD",0,"P"," ","0",0,"P"," ","0",0,"P"," ","0",0,"P"," ","0",0,"P"," ","0",0,"P"," ","0",0,"P"," ","0",0,"P"," ","0",0,"P"," ","0",0,"P"," ","0",0,"P"," ","0",0,"P"," ","0",0,"P"," ","0",0,"P"," ","0",0,"P"," ","0",0,"P"," ","0",0,"P"," ","0",0,"P"," ","0",0,"P"," ","0",0,"P"," ","0",0,"P"," ","0",0,"P"," ","0",0,"P"," ","0",0,"P"," ","0",0,"P"," ","0",0,"P"," ","0",0,"P"," ","0",0,"P"," ","0",0,"P"," ","0",0,"P"," ","0",NA," "," "," "
"1482","USC00392565",2010,10,"TMAX",228," "," ","0",239," "," ","0",167," "," ","0",244," "," ","0",283," "," ","0",267," "," ","0",206," "," ","0",267," "," ","0",183," "," ","0",133," "," ","0",194," "," ","0",200," "," ","0",133," "," ","0",150," "," ","0",222," "," ","0",239," "," ","0",122," "," ","0",172," "," ","0",144," "," ","0",150," "," ","0",189," "," ","0",233," "," ","0",211," "," ","0",128," "," ","0",150," "," ","0",89," "," ","0",56," "," ","0",39," "," ","0",117," "," ","0",189," "," ","0",133," "," ","0"
"1483","USC00392565",2010,10,"TMIN",67," "," ","0",50," "," ","0",28," "," ","0",28," "," ","0",50," "," ","0",67," "," ","0",67," "," ","0",72," "," ","0",89," "," ","0",61," "," ","0",56," "," ","0",50," "," ","0",-22," "," ","0",-17," "," ","0",6," "," ","0",33," "," ","0",28," "," ","0",-17," "," ","0",-17," "," ","0",6," "," ","0",28," "," ","0",39," "," ","0",56," "," ","0",33," "," ","0",33," "," ","0",11," "," ","0",-17," "," ","0",-56," "," ","0",-56," "," ","0",0," "," ","0",0," "," ","0"
"1484","USC00392565",2010,10,"TOBS",83," "," ","0",56," "," ","0",28," "," ","0",50," "," ","0",100," "," ","0",67," "," ","0",72," "," ","0",106," "," ","0",89," "," ","0",94," "," ","0",61," "," ","0",50," "," ","0",-11," "," ","0",17," "," ","0",56," "," ","0",61," "," ","0",39," "," ","0",-17," "," ","0",17," "," ","0",33," "," ","0",39," "," ","0",83," "," ","0",61," "," ","0",33," "," ","0",78," "," ","0",11," "," ","0",-17," "," ","0",-50," "," ","0",11," "," ","0",6," "," ","0",56," "," ","0"
"1485","USC00392565",2010,10,"PRCP",0," "," ","0",0," "," ","0",0," "," ","0",0," "," ","0",0," "," ","0",0," "," ","0",0," "," ","0",20," "," ","0",5," "," ","0",201," "," ","0",13," "," ","0",5," "," ","0",0," "," ","0",0," "," ","0",0," "," ","0",0," "," ","0",0," "," ","0",0," "," ","0",0," "," ","0",0," "," ","0",0," "," ","0",0," "," ","0",28," "," ","0",99," "," ","0",23," "," ","0",5," "," ","0",10," "," ","0",0," "," ","0",0," "," ","0",0," "," ","0",0," "," ","0"
"1486","USC00392565",2010,10,"SNOW",0,"P"," ","0",0,"P"," ","0",0,"P"," ","0",0,"P"," ","0",0,"P"," ","0",0,"P"," ","0",0,"P"," ","0",0,"P"," ","0",0,"P"," ","0",0,"P"," ","0",0,"P"," ","0",0,"P"," ","0",0,"P"," ","0",0,"P"," ","0",0,"P"," ","0",0,"P"," ","0",0,"P"," ","0",0,"P"," ","0",0,"P"," ","0",0,"P"," ","0",0,"P"," ","0",0,"P"," ","0",0,"P"," ","0",0,"P"," ","0",0,"P"," ","0",0,"P"," ","0",0,"P"," ","0",0,"P"," ","0",0,"P"," ","0",0,"P"," ","0",0,"P"," ","0"
"1487","USC00392565",2010,10,"SNWD",0,"P"," ","0",0,"P"," ","0",0,"P"," ","0",0,"P"," ","0",0,"P"," ","0",0,"P"," ","0",0,"P"," ","0",0,"P"," ","0",0,"P"," ","0",0,"P"," ","0",0,"P"," ","0",0,"P"," ","0",0,"P"," ","0",0,"P"," ","0",0,"P"," ","0",0,"P"," ","0",0,"P"," ","0",0,"P"," ","0",0,"P"," ","0",0,"P"," ","0",0,"P"," ","0",0,"P"," ","0",0,"P"," ","0",0,"P"," ","0",0,"P"," ","0",0,"P"," ","0",0,"P"," ","0",0,"P"," ","0",0,"P"," ","0",0,"P"," ","0",0,"P"," ","0"
"1488","USC00392565",2010,11,"TMAX",139," "," ","0",150," "," ","0",189," "," ","0",117," "," ","0",106," "," ","0",189," "," ","0",NA," "," "," ",NA," "," "," ",NA," "," "," ",NA," "," "," ",NA," "," "," ",NA," "," "," ",NA," "," "," ",NA," "," "," ",NA," "," "," ",NA," "," "," ",NA," "," "," ",NA," "," "," ",NA," "," "," ",NA," "," "," ",NA," "," "," ",NA," "," "," ",NA," "," "," ",NA," "," "," ",NA," "," "," ",NA," "," "," ",NA," "," "," ",NA," "," "," ",NA," "," "," ",NA," "," "," ",NA," "," "," "
"1489","USC00392565",2010,11,"TMIN",11," "," ","0",-6," "," ","0",-17," "," ","0",-50," "," ","0",-56," "," ","0",-28," "," ","0",NA," "," "," ",NA," "," "," ",NA," "," "," ",NA," "," "," ",NA," "," "," ",NA," "," "," ",NA," "," "," ",NA," "," "," ",NA," "," "," ",NA," "," "," ",NA," "," "," ",NA," "," "," ",NA," "," "," ",NA," "," "," ",NA," "," "," ",NA," "," "," ",NA," "," "," ",NA," "," "," ",NA," "," "," ",NA," "," "," ",NA," "," "," ",NA," "," "," ",NA," "," "," ",NA," "," "," ",NA," "," "," "
"1490","USC00392565",2010,11,"TOBS",33," "," ","0",0," "," ","0",-17," "," ","0",-50," "," ","0",-28," "," ","0",11," "," ","0",NA," "," "," ",NA," "," "," ",NA," "," "," ",NA," "," "," ",NA," "," "," ",NA," "," "," ",NA," "," "," ",NA," "," "," ",NA," "," "," ",NA," "," "," ",NA," "," "," ",NA," "," "," ",NA," "," "," ",NA," "," "," ",NA," "," "," ",NA," "," "," ",NA," "," "," ",NA," "," "," ",NA," "," "," ",NA," "," "," ",NA," "," "," ",NA," "," "," ",NA," "," "," ",NA," "," "," ",NA," "," "," "
"1491","USC00392565",2010,11,"PRCP",0," "," ","0",0," "," ","0",0," "," ","0",0," "," ","0",0," "," ","0",0," "," ","0",NA," "," "," ",NA," "," "," ",NA," "," "," ",NA," "," "," ",NA," "," "," ",NA," "," "," ",NA," "," "," ",NA," "," "," ",NA," "," "," ",NA," "," "," ",NA," "," "," ",NA," "," "," ",NA," "," "," ",NA," "," "," ",NA," "," "," ",NA," "," "," ",NA," "," "," ",NA," "," "," ",NA," "," "," ",NA," "," "," ",NA," "," "," ",NA," "," "," ",NA," "," "," ",NA," "," "," ",NA," "," "," "
"1492","USC00392565",2010,11,"SNOW",0,"P"," ","0",0,"P"," ","0",0,"P"," ","0",0,"P"," ","0",0,"P"," ","0",0,"P"," ","0",NA," "," "," ",NA," "," "," ",NA," "," "," ",NA," "," "," ",NA," "," "," ",NA," "," "," ",NA," "," "," ",NA," "," "," ",NA," "," "," ",NA," "," "," ",NA," "," "," ",NA," "," "," ",NA," "," "," ",NA," "," "," ",NA," "," "," ",NA," "," "," ",NA," "," "," ",NA," "," "," ",NA," "," "," ",NA," "," "," ",NA," "," "," ",NA," "," "," ",NA," "," "," ",NA," "," "," ",NA," "," "," "
"1493","USC00392565",2010,11,"SNWD",0,"P"," ","0",0,"P"," ","0",0,"P"," ","0",0,"P"," ","0",0,"P"," ","0",0,"P"," ","0",NA," "," "," ",NA," "," "," ",NA," "," "," ",NA," "," "," ",NA," "," "," ",NA," "," "," ",NA," "," "," ",NA," "," "," ",NA," "," "," ",NA," "," "," ",NA," "," "," ",NA," "," "," ",NA," "," "," ",NA," "," "," ",NA," "," "," ",NA," "," "," ",NA," "," "," ",NA," "," "," ",NA," "," "," ",NA," "," "," ",NA," "," "," ",NA," "," "," ",NA," "," "," ",NA," "," "," ",NA," "," "," "
"1494","USC00392565",2010,12,"TMAX",-50," "," ","K",33," "," ","K",61," "," ","K",78," "," ","K",-28," "," ","K",0," "," ","K",78," "," ","K",44," "," ","K",72," "," ","K",78," "," ","K",72," "," ","K",-61," "," ","K",11," "," ","K",100," "," ","K",89," "," ","K",6," "," ","K",-11," "," ","K",-44," "," ","K",-56," "," ","K",0," "," ","K",44," "," ","K",0," "," ","K",6," "," ","K",11," "," ","K",11," "," ","K",44," "," ","K",78," "," ","K",33," "," ","K",28," "," ","K",72," "," ","K",-72," "," ","K"
"1495","USC00392565",2010,12,"TMIN",-111," "," ","K",-94," "," ","K",-94," "," ","K",-111," "," ","K",-139," "," ","K",-133," "," ","K",-111," "," ","K",-78," "," ","K",-78," "," ","K",-56," "," ","K",-117," "," ","K",-139," "," ","K",-122," "," ","K",-50," "," ","K",-22," "," ","K",-139," "," ","K",-167," "," ","K",-189," "," ","K",-172," "," ","K",-122," "," ","K",-78," "," ","K",-139," "," ","K",-28," "," ","K",-100," "," ","K",-144," "," ","K",-133," "," ","K",-56," "," ","K",-122," "," ","K",-111," "," ","K",-89," "," ","K",-178," "," ","K"
"1496","USC00392565",2010,12,"TOBS",-83," "," ","K",-89," "," ","K",28," "," ","K",-111," "," ","K",-128," "," ","K",-111," "," ","K",-61," "," ","K",-78," "," ","K",0," "," ","K",-39," "," ","K",-111," "," ","K",-122," "," ","K",-50," "," ","K",-6," "," ","K",-6," "," ","K",-139," "," ","K",-167," "," ","K",-172," "," ","K",-122," "," ","K",0," "," ","K",-72," "," ","K",-28," "," ","K",-22," "," ","K",-94," "," ","K",-133," "," ","K",-39," "," ","K",-50," "," ","K",-111," "," ","K",-50," "," ","K",-89," "," ","K",-172," "," ","K"
"1497","USC00392565",2010,12,"PRCP",0," "," ","K",0," "," ","K",0," "," ","K",0," "," ","K",0," "," ","K",0," "," ","K",0," "," ","K",0," "," ","K",0," "," ","K",0," "," ","K",5," "," ","K",0," "," ","K",0," "," ","K",0," "," ","K",0," "," ","K",36," "," ","K",0," "," ","K",0," "," ","K",0," "," ","K",66," "," ","K",0," "," ","K",0," "," ","K",33," "," ","K",0," "," ","K",0," "," ","K",0," "," ","K",0," "," ","K",0," "," ","K",0," "," ","K",0," "," ","K",64," "," ","K"
"1498","USC00392565",2010,12,"SNOW",NA," "," "," ",NA," "," "," ",NA," "," "," ",NA," "," "," ",NA," "," "," ",NA," "," "," ",NA," "," "," ",NA," "," "," ",NA," "," "," ",NA," "," "," ",0," "," ","K",NA," "," "," ",NA," "," "," ",NA," "," "," ",NA," "," "," ",25," "," ","K",NA," "," "," ",NA," "," "," ",NA," "," "," ",76," "," ","K",NA," "," "," ",NA," "," "," ",0," "," ","K",NA," "," "," ",NA," "," "," ",NA," "," "," ",NA," "," "," ",NA," "," "," ",NA," "," "," ",NA," "," "," ",64," "," ","K"
"1499","USC00392565",2010,12,"SNWD",NA," "," "," ",NA," "," "," ",NA," "," "," ",NA," "," "," ",NA," "," "," ",NA," "," "," ",NA," "," "," ",NA," "," "," ",NA," "," "," ",NA," "," "," ",0," "," ","K",NA," "," "," ",NA," "," "," ",NA," "," "," ",NA," "," "," ",25," "," ","K",25," "," ","K",25," "," ","K",25," "," ","K",76," "," ","K",76," "," ","K",76," "," ","K",51," "," ","K",51," "," ","K",51," "," ","K",51," "," ","K",51," "," ","K",51," "," ","K",25," "," ","K",25," "," ","K",102," "," ","K"
"1500","USC00392565",2011,1,"TMAX",-156," "," ","K",-78," "," ","K",-33," "," ","K",-56," "," ","K",-17," "," ","K",0," "," ","K",61," "," ","K",-11," "," ","K",-17," "," ","K",-72," "," ","K",-122," "," ","K",-167," "," ","K",-17," "," ","K",56," "," ","K",61," "," ","K",0," "," ","K",56," "," ","K",44," "," ","K",28," "," ","K",-67," "," ","K",-11," "," ","K",17," "," ","K",22," "," ","K",28," "," ","K",-6," "," ","K",17," "," ","K",44," "," ","K",67," "," ","K",83," "," ","K",11," "," ","K",-33," "," ","K"
"1501","USC00392565",2011,1,"TMIN",-194," "," ","K",-183," "," ","K",-83," "," ","K",-189," "," ","K",-156," "," ","K",-56," "," ","K",-44," "," ","K",-78," "," ","K",-72," "," ","K",-250," "," ","K",-233," "," ","K",-267," "," ","K",-189," "," ","K",-94," "," ","K",-67," "," ","K",-106," "," ","K",-78," "," ","K",-44," "," ","K",-89," "," ","K",-200," "," ","K",-194," "," ","K",-106," "," ","K",-156," "," ","K",-111," "," ","K",-133," "," ","K",-89," "," ","K",-50," "," ","K",-61," "," ","K",-61," "," ","K",-44," "," ","K",-172," "," ","K"
"1502","USC00392565",2011,1,"TOBS",-183," "," ","K",-78," "," ","K",-72," "," ","K",-156," "," ","K",-28," "," ","K",-28," "," ","K",-39," "," ","K",-50," "," ","K",-72," "," ","K",-233," "," ","K",-206," "," ","K",-189," "," ","K",-94," "," ","K",-39," "," ","K",-33," "," ","K",-78," "," ","K",44," "," ","K",0," "," ","K",-67," "," ","K",-194," "," ","K",-11," "," ","K",0," "," ","K",-100," "," ","K",-28," "," ","K",-89," "," ","K",-22," "," ","K",-39," "," ","K",-56," "," ","K",-22," "," ","K",-44," "," ","K",-172," "," ","K"
"1503","USC00392565",2011,1,"PRCP",25," "," ","K",0," "," ","K",0," "," ","K",0," "," ","K",0," "," ","K",5," "," ","K",0," "," ","K",0," "," ","K",97," "," ","K",18," "," ","K",0," "," ","K",0," "," ","K",0," "," ","K",0," "," ","K",0," "," ","K",0," "," ","K",10," "," ","K",8," "," ","K",43," "," ","K",5," "," ","K",0," "," ","K",25," "," ","K",13," "," ","K",0," "," ","K",0," "," ","K",0," "," ","K",0," "," ","K",0," "," ","K",0," "," ","K",0," "," ","K",56," "," ","K"
"1504","USC00392565",2011,1,"SNOW",13," "," ","K",NA," "," "," ",NA," "," "," ",NA," "," "," ",NA," "," "," ",0,"T"," ","K",NA," "," "," ",NA," "," "," ",102," "," ","K",41," "," ","K",NA," "," "," ",NA," "," "," ",NA," "," "," ",NA," "," "," ",NA," "," "," ",NA," "," "," ",0,"T"," ","K",5," "," ","K",69," "," ","K",5," "," ","K",NA," "," "," ",25," "," ","K",13," "," ","K",NA," "," "," ",NA," "," "," ",NA," "," "," ",NA," "," "," ",NA," "," "," ",NA," "," "," ",NA," "," "," ",74," "," ","K"
"1505","USC00392565",2011,1,"SNWD",102," "," ","K",76," "," ","K",76," "," ","K",76," "," ","K",76," "," ","K",76," "," ","K",51," "," ","K",51," "," ","K",152," "," ","K",178," "," ","K",152," "," ","K",152," "," ","K",152," "," ","K",127," "," ","K",76," "," ","K",76," "," ","K",51," "," ","K",51," "," ","K",127," "," ","K",127," "," ","K",127," "," ","K",102," "," ","K",76," "," ","K",76," "," ","K",76," "," ","K",51," "," ","K",25," "," ","K",25," "," ","K",0,"T"," ","K",0,"T"," ","K",76," "," ","K"
"1506","USC00392565",2011,2,"TMAX",-167," "," ","K",-183," "," ","K",-67," "," ","K",33," "," ","K",28," "," ","K",28," "," ","K",-22," "," ","K",-61," "," ","K",-100," "," ","K",-67," "," ","K",-28," "," ","K",39," "," ","K",78," "," ","K",89," "," ","K",117," "," ","K",128," "," ","K",139," "," ","K",33," "," ","K",61," "," ","K",-28," "," ","K",-83," "," ","K",-44," "," ","K",39," "," ","K",6," "," ","K",-111," "," ","K",-139," "," ","K",-39," "," ","K",-22," "," ","K",NA," "," "," ",NA," "," "," ",NA," "," "," "
"1507","USC00392565",2011,2,"TMIN",-311," "," ","K",-306," "," ","K",-250," "," ","K",-78," "," ","K",-28," "," ","K",-56," "," ","K",-144," "," ","K",-211," "," ","K",-267," "," ","K",-189," "," ","K",-172," "," ","K",-72," "," ","K",-39," "," ","K",-67," "," ","K",-56," "," ","K",-33," "," ","K",-17," "," ","K",-94," "," ","K",-78," "," ","K",-117," "," ","K",-211," "," ","K",-183," "," ","K",-139," "," ","K",-139," "," ","K",-233," "," ","K",-206," "," ","K",-167," "," ","K",-178," "," ","K",NA," "," "," ",NA," "," "," ",NA," "," "," "
"1508","USC00392565",2011,2,"TOBS",-272," "," ","K",-250," "," ","K",-67," "," ","K",0," "," ","K",0," "," ","K",-56," "," ","K",-94," "," ","K",-206," "," ","K",-178," "," ","K",-167," "," ","K",-33," "," ","K",-11," "," ","K",61," "," ","K",-28," "," ","K",-33," "," ","K",56," "," ","K",11," "," ","K",-61," "," ","K",-72," "," ","K",-117," "," ","K",-183," "," ","K",-133," "," ","K",-117," "," ","K",-139," "," ","K",-206," "," ","K",-167," "," ","K",-144," "," ","K",-39," "," ","K",NA," "," "," ",NA," "," "," ",NA," "," "," "
"1509","USC00392565",2011,2,"PRCP",0," "," ","K",0," "," ","K",0," "," ","K",0," "," ","K",15," "," ","K",0," "," ","K",8," "," ","K",5," "," ","K",0," "," ","K",0," "," ","K",0," "," ","K",0," "," ","K",0," "," ","K",0," "," ","K",0," "," ","K",0," "," ","K",0," "," ","K",0," "," ","K",0," "," ","K",140," "," ","K",28," "," ","K",0," "," ","K",0," "," ","K",86," "," ","K",69," "," ","K",0," "," ","K",0," "," ","K",0," "," ","K",NA," "," "," ",NA," "," "," ",NA," "," "," "
"1510","USC00392565",2011,2,"SNOW",0," "," ","K",0," "," ","K",0," "," ","K",0," "," ","K",0,"T"," ","K",0," "," ","K",18," "," ","K",25," "," ","K",0," "," ","K",0," "," ","K",0," "," ","K",0," "," ","K",0," "," ","K",0," "," ","K",0," "," ","K",0," "," ","K",0," "," ","K",0," "," ","K",0," "," ","K",165," "," ","K",25," "," ","K",0," "," ","K",0," "," ","K",203," "," ","K",127," "," ","K",0," "," ","K",0," "," ","K",0," "," ","K",NA," "," "," ",NA," "," "," ",NA," "," "," "
"1511","USC00392565",2011,2,"SNWD",76," "," ","K",76," "," ","K",76," "," ","K",76," "," ","K",25," "," ","K",25," "," ","K",25," "," ","K",51," "," ","K",51," "," ","K",51," "," ","K",51," "," ","K",25," "," ","K",0," "," ","K",NA," "," "," ",NA," "," "," ",NA," "," "," ",NA," "," "," ",NA," "," "," ",NA," "," "," ",178," "," ","K",203," "," ","K",203," "," ","K",152," "," ","K",356," "," ","K",432," "," ","K",406," "," ","K",381," "," ","K",356," "," ","K",NA," "," "," ",NA," "," "," ",NA," "," "," "
"1512","USC00392565",2011,3,"TMAX",33," "," ","K",39," "," ","K",67," "," ","K",78," "," ","K",17," "," ","K",39," "," ","K",-17," "," ","K",-72," "," ","K",-50," "," ","K",39," "," ","K",117," "," ","K",61," "," ","K",61," "," ","K",72," "," ","K",150," "," ","K",122," "," ","K",161," "," ","K",67," "," ","K",106," "," ","K",144," "," ","K",122," "," ","K",144," "," ","K",106," "," ","K",39," "," ","K",50," "," ","K",61," "," ","K",61," "," ","K",28," "," ","K",28," "," ","K",78," "," ","K",78," "," ","K"
"1513","USC00392565",2011,3,"TMIN",-78," "," ","K",-144," "," ","K",-111," "," ","K",-39," "," ","K",-100," "," ","K",-89," "," ","K",-167," "," ","K",-150," "," ","K",-144," "," ","K",-94," "," ","K",-33," "," ","K",-56," "," ","K",-28," "," ","K",-44," "," ","K",-28," "," ","K",-28," "," ","K",0," "," ","K",-56," "," ","K",-33," "," ","K",-17," "," ","K",17," "," ","K",17," "," ","K",-33," "," ","K",-67," "," ","K",-33," "," ","K",-33," "," ","K",-28," "," ","K",-17," "," ","K",-28," "," ","K",-39," "," ","K",-11," "," ","K"
"1514","USC00392565",2011,3,"TOBS",-56," "," ","K",-111," "," ","K",-17," "," ","K",-39," "," ","K",-72," "," ","K",-56," "," ","K",-150," "," ","K",-94," "," ","K",-94," "," ","K",-33," "," ","K",28," "," ","K",-11," "," ","K",-6," "," ","K",-22," "," ","K",-28," "," ","K",56," "," ","K",0," "," ","K",-33," "," ","K",22," "," ","K",22," "," ","K",56," "," ","K",56," "," ","K",-28," "," ","K",-28," "," ","K",-33," "," ","K",-11," "," ","K",-6," "," ","K",-11," "," ","K",-22," "," ","K",-11," "," ","K",39," "," ","K"
"1515","USC00392565",2011,3,"PRCP",0," "," ","K",0," "," ","K",0," "," ","K",36," "," ","K",0," "," ","K",0," "," ","K",56," "," ","K",28," "," ","K",30," "," ","K",0," "," ","K",0," "," ","K",0," "," ","K",0," "," ","K",0," "," ","K",0," "," ","K",0," "," ","K",0,"T"," ","K",0," "," ","K",0," "," ","K",0," "," ","K",0," "," ","K",0," "," ","K",0," "," ","K",0," "," ","K",0," "," ","K",25," "," ","K",0," "," ","K",43," "," ","K",5," "," ","K",0," "," ","K",38," "," ","K"
"1516","USC00392565",2011,3,"SNOW",NA," "," "," ",NA," "," "," ",NA," "," "," ",38," "," ","K",NA," "," "," ",NA," "," "," ",102," "," ","K",38," "," ","K",25," "," ","K",NA," "," "," ",NA," "," "," ",NA," "," "," ",NA," "," "," ",NA," "," "," ",NA," "," "," ",NA," "," "," ",NA," "," "," ",NA," "," "," ",NA," "," "," ",NA," "," "," ",NA," "," "," ",NA," "," "," ",NA," "," "," ",NA," "," "," ",NA," "," "," ",25," "," ","K",NA," "," "," ",38," "," ","K",NA," "," "," ",NA," "," "," ",NA," "," "," "
"1517","USC00392565",2011,4,"TMAX",78," "," ","7",89," "," ","7",239," "," ","7",72," "," ","7",61," "," ","7",167," "," ","7",117," "," ","7",183," "," ","7",172," "," ","7",67," "," ","7",106," "," ","7",156," "," ","7",133," "," ","7",67," "," ","7",33," "," ","7",106," "," ","7",133," "," ","7",117," "," ","7",44," "," ","7",39," "," ","7",94," "," ","7",167," "," ","7",67," "," ","7",83," "," ","7",122," "," ","7",144," "," ","7",94," "," ","7",94," "," ","7",172," "," ","7",94," "," ","7",NA," "," "," "
"1518","USC00392565",2011,4,"TMIN",17," "," ","7",0," "," ","7",11," "," ","7",-39," "," ","7",-56," "," ","7",-33," "," ","7",-11," "," ","7",-6," "," ","7",44," "," ","7",22," "," ","7",-17," "," ","7",0," "," ","7",6," "," ","7",-22," "," ","7",-22," "," ","7",-50," "," ","7",-11," "," ","7",0," "," ","7",-22," "," ","7",-67," "," ","7",-28," "," ","7",0," "," ","7",-39," "," ","7",-28," "," ","7",-22," "," ","7",0," "," ","7",6," "," ","7",-33," "," ","7",6," "," ","7",-17," "," ","7",NA," "," "," "
"1519","USC00392565",2011,4,"TOBS",22," "," ","7",22," "," ","7",33," "," ","7",22," "," ","7",-33," "," ","7",-6," "," ","7",22," "," ","7",61," "," ","7",44," "," ","7",39," "," ","7",22," "," ","7",61," "," ","7",17," "," ","7",-22," "," ","7",-6," "," ","7",6," "," ","7",61," "," ","7",11," "," ","7",-17," "," ","7",-28," "," ","7",50," "," ","7",0," "," ","7",-11," "," ","7",22," "," ","7",39," "," ","7",39," "," ","7",22," "," ","7",6," "," ","7",61," "," ","7",-11," "," ","7",NA," "," "," "
"1520","USC00392565",2011,4,"PRCP",15," "," ","7",0," "," ","7",0," "," ","7",0," "," ","7",0," "," ","7",0," "," ","7",0," "," ","7",0," "," ","7",0," "," ","7",10," "," ","7",0," "," ","7",0," "," ","7",66," "," ","7",25," "," ","7",18," "," ","7",0," "," ","7",0," "," ","7",13," "," ","7",33," "," ","7",8," "," ","7",5," "," ","7",63," "," ","7",10," "," ","7",0," "," ","7",0," "," ","7",0," "," ","7",41," "," ","7",25," "," ","7",0," "," ","7",18," "," ","7",NA," "," "," "
"1521","USC00392565",2011,5,"TMAX",50," "," ","K",94," "," ","K",106," "," ","K",178," "," ","K",128," "," ","K",178," "," ","K",172," "," ","K",222," "," ","K",261," "," ","K",222," "," ","K",133," "," ","K",106," "," ","K",100," "," ","K",156," "," ","K",78," "," ","K",117," "," ","K",161," "," ","K",122," "," ","K",133," "," ","K",83," "," ","K",117," "," ","K",106," "," ","K",144," "," ","K",194," "," ","K",178," "," ","K",144," "," ","K",167," "," ","K",156," "," ","K",167," "," ","K",100," "," ","K",156," "," ","K"
"1522","USC00392565",2011,5,"TMIN",-11," "," ","K",-22," "," ","K",-56," "," ","K",-17," "," ","K",-28," "," ","K",22," "," ","K",39," "," ","K",39," "," ","K",61," "," ","K",50," "," ","K",39," "," ","K",39," "," ","K",-11," "," ","K",-11," "," ","K",-11," "," ","K",11," "," ","K",39," "," ","K",61," "," ","K",33," "," ","K",28," "," ","K",11," "," ","K",61," "," ","K",39," "," ","K",89," "," ","K",89," "," ","K",44," "," ","K",39," "," ","K",0," "," ","K",44," "," ","K",56," "," ","K",44," "," ","K"
"1523","USC00392565",2011,5,"TOBS",22," "," ","K",-11," "," ","K",-11," "," ","K",67," "," ","K",33," "," ","K",94," "," ","K",100," "," ","K",117," "," ","K",100," "," ","K",72," "," ","K",83," "," ","K",50," "," ","K",33," "," ","K",-11," "," ","K",44," "," ","K",39," "," ","K",67," "," ","K",78," "," ","K",33," "," ","K",56," "," ","K",61," "," ","K",94," "," ","K",89," "," ","K",117," "," ","K",106," "," ","K",72," "," ","K",72," "," ","K",56," "," ","K",56," "," ","K",94," "," ","K",67," "," ","K"
"1524","USC00392565",2011,5,"PRCP",0," "," ","K",0," "," ","K",0," "," ","K",0," "," ","K",0," "," ","K",0," "," ","K",0," "," ","K",0," "," ","K",0," "," ","K",94," "," ","K",0," "," ","K",198," "," ","K",97," "," ","K",0," "," ","K",38," "," ","K",0," "," ","K",0," "," ","K",170," "," ","K",43," "," ","K",312," "," ","K",5," "," ","K",269," "," ","K",10," "," ","K",3," "," ","K",0," "," ","K",5," "," ","K",15," "," ","K",0," "," ","K",163," "," ","K",5," "," ","K",0," "," ","K"
"1525","USC00392565",2011,6,"TMAX",172," "," ","7",217," "," ","7",NA," "," "," ",NA," "," "," ",NA," "," "," ",NA," "," "," ",NA," "," "," ",NA," "," "," ",NA," "," "," ",NA," "," "," ",NA," "," "," ",NA," "," "," ",NA," "," "," ",NA," "," "," ",NA," "," "," ",NA," "," "," ",NA," "," "," ",NA," "," "," ",NA," "," "," ",NA," "," "," ",NA," "," "," ",NA," "," "," ",NA," "," "," ",NA," "," "," ",NA," "," "," ",NA," "," "," ",NA," "," "," ",NA," "," "," ",NA," "," "," ",NA," "," "," ",NA," "," "," "
"1526","USC00392565",2011,6,"TMIN",67," "," ","7",122," "," ","7",NA," "," "," ",NA," "," "," ",NA," "," "," ",NA," "," "," ",NA," "," "," ",NA," "," "," ",NA," "," "," ",NA," "," "," ",NA," "," "," ",NA," "," "," ",NA," "," "," ",NA," "," "," ",NA," "," "," ",NA," "," "," ",NA," "," "," ",NA," "," "," ",NA," "," "," ",NA," "," "," ",NA," "," "," ",NA," "," "," ",NA," "," "," ",NA," "," "," ",NA," "," "," ",NA," "," "," ",NA," "," "," ",NA," "," "," ",NA," "," "," ",NA," "," "," ",NA," "," "," "
"1527","USC00392565",2011,6,"TOBS",122," "," ","7",178," "," ","7",NA," "," "," ",NA," "," "," ",NA," "," "," ",NA," "," "," ",NA," "," "," ",NA," "," "," ",NA," "," "," ",NA," "," "," ",NA," "," "," ",NA," "," "," ",NA," "," "," ",NA," "," "," ",NA," "," "," ",NA," "," "," ",NA," "," "," ",NA," "," "," ",NA," "," "," ",NA," "," "," ",NA," "," "," ",NA," "," "," ",NA," "," "," ",NA," "," "," ",NA," "," "," ",NA," "," "," ",NA," "," "," ",NA," "," "," ",NA," "," "," ",NA," "," "," ",NA," "," "," "
"1528","USC00392565",2011,6,"PRCP",0," "," ","7",0," "," ","7",NA," "," "," ",NA," "," "," ",NA," "," "," ",NA," "," "," ",NA," "," "," ",NA," "," "," ",NA," "," "," ",NA," "," "," ",NA," "," "," ",NA," "," "," ",NA," "," "," ",NA," "," "," ",NA," "," "," ",NA," "," "," ",NA," "," "," ",NA," "," "," ",NA," "," "," ",NA," "," "," ",NA," "," "," ",NA," "," "," ",NA," "," "," ",NA," "," "," ",NA," "," "," ",NA," "," "," ",NA," "," "," ",NA," "," "," ",NA," "," "," ",NA," "," "," ",NA," "," "," "
"1529","USC00392565",2012,5,"TMAX",211," "," ","7",200," "," ","7",222," "," ","7",189," "," ","7",239," "," ","7",189," "," ","7",133," "," ","7",144," "," ","7",172," "," ","7",250," "," ","7",261," "," ","7",111," "," ","7",172," "," ","7",222," "," ","7",267," "," ","7",239," "," ","7",311," "," ","7",283," "," ","7",256," "," ","7",172," "," ","7",211," "," ","7",272," "," ","7",311," "," ","7",161," "," ","7",122," "," ","7",111," "," ","7",172," "," ","7",189," "," ","7",161," "," ","7",194," "," ","7",172," "," ","7"
"1530","USC00392565",2012,5,"TMIN",44," "," ","7",28," "," ","7",22," "," ","7",78," "," ","7",111," "," ","7",-17," "," ","7",-6," "," ","7",-17," "," ","7",28," "," ","7",89," "," ","7",39," "," ","7",-17," "," ","7",6," "," ","7",39," "," ","7",56," "," ","7",117," "," ","7",106," "," ","7",106," "," ","7",78," "," ","7",22," "," ","7",67," "," ","7",122," "," ","7",111," "," ","7",50," "," ","7",17," "," ","7",56," "," ","7",78," "," ","7",33," "," ","7",6," "," ","7",61," "," ","7",39," "," ","7"
"1531","USC00392565",2012,5,"TOBS",100," "," ","7",72," "," ","7",89," "," ","7",133," "," ","7",117," "," ","7",50," "," ","7",39," "," ","7",56," "," ","7",100," "," ","7",139," "," ","7",50," "," ","7",50," "," ","7",89," "," ","7",106," "," ","7",150," "," ","7",150," "," ","7",144," "," ","7",167," "," ","7",89," "," ","7",117," "," ","7",122," "," ","7",183," "," ","7",111," "," ","7",50," "," ","7",78," "," ","7",94," "," ","7",100," "," ","7",61," "," ","7",61," "," ","7",106," "," ","7",100," "," ","7"
"1532","USC00392565",2012,5,"PRCP",0," "," ","7",0," "," ","7",0," "," ","7",0," "," ","7",28," "," ","7",18," "," ","7",0," "," ","7",0," "," ","7",0," "," ","7",0," "," ","7",0," "," ","7",0," "," ","7",0," "," ","7",0," "," ","7",0," "," ","7",0," "," ","7",0," "," ","7",0," "," ","7",81," "," ","7",0," "," ","7",0," "," ","7",0," "," ","7",0," "," ","7",229," "," ","7",86," "," ","7",36," "," ","7",0," "," ","7",5," "," ","7",0," "," ","7",0," "," ","7",0," "," ","7"
"1533","USC00392565",2012,6,"TMAX",189," "," ","K",211," "," ","K",289," "," ","K",278," "," ","K",317," "," ","K",311," "," ","K",278," "," ","K",206," "," ","K",289," "," ","K",272," "," ","K",206," "," ","K",206," "," ","K",250," "," ","K",311," "," ","K",250," "," ","K",283," "," ","K",250," "," ","K",333," "," ","K",311," "," ","K",267," "," ","K",194," "," ","K",261," "," ","K",300," "," ","K",339," "," ","K",311," "," ","K",322," "," ","K",378," "," ","K",306," "," ","K",333," "," ","K",361," "," ","K",NA," "," "," "
"1534","USC00392565",2012,6,"TMIN",94," "," ","K",78," "," ","K",106," "," ","K",161," "," ","K",178," "," ","K",139," "," ","K",139," "," ","K",89," "," ","K",144," "," ","K",100," "," ","K",94," "," ","K",72," "," ","K",83," "," ","K",100," "," ","K",156," "," ","K",83," "," ","K",128," "," ","K",128," "," ","K",128," "," ","K",106," "," ","K",56," "," ","K",128," "," ","K",150," "," ","K",200," "," ","K",200," "," ","K",167," "," ","K",161," "," ","K",139," "," ","K",161," "," ","K",161," "," ","K",NA," "," "," "
"1535","USC00392565",2012,6,"TOBS",122," "," ","K",150," "," ","K",178," "," ","K",206," "," ","K",222," "," ","K",172," "," ","K",150," "," ","K",178," "," ","K",194," "," ","K",106," "," ","K",100," "," ","K",150," "," ","K",139," "," ","K",167," "," ","K",183," "," ","K",144," "," ","K",183," "," ","K",178," "," ","K",178," "," ","K",117," "," ","K",128," "," ","K",200," "," ","K",206," "," ","K",244," "," ","K",217," "," ","K",261," "," ","K",200," "," ","K",194," "," ","K",167," "," ","K",206," "," ","K",NA," "," "," "
"1536","USC00392565",2012,6,"PRCP",5," "," ","K",0," "," ","K",56," "," ","K",0," "," ","K",0," "," ","K",3," "," ","K",61," "," ","K",249," "," ","K",0," "," ","K",30," "," ","K",0," "," ","K",0," "," ","K",0," "," ","K",0," "," ","K",0," "," ","K",74," "," ","K",0," "," ","K",0," "," ","K",0," "," ","K",76," "," ","K",97," "," ","K",0," "," ","K",3," "," ","K",0," "," ","K",0," "," ","K",20," "," ","K",0," "," ","K",0," "," ","K",0," "," ","K",0," "," ","K",NA," "," "," "
"1537","USC00392565",2012,7,"TMAX",339," "," ","Z",339," "," ","Z",339," "," ","Z",361," "," ","Z",317," "," ","Z",322," "," ","Z",261," "," ","Z",222," "," ","Z",NA," "," "," ",289," "," ","Z",311," "," ","Z",NA," "," "," ",350," "," ","Z",339," "," ","Z",367," "," ","Z",339," "," ","Z",344," "," ","Z",NA," "," "," ",NA," "," "," ",NA," "," "," ",383," "," ","Z",356," "," ","Z",328," "," ","Z",350," "," ","Z",350," "," ","Z",300," "," ","Z",289," "," ","Z",333," "," ","Z",339," "," ","Z",339," "," ","Z",322," "," ","Z"
"1538","USC00392565",2012,7,"TMIN",156," "," ","Z",194," "," ","Z",183," "," ","Z",189," "," ","Z",200," "," ","Z",150," "," ","Z",144," "," ","Z",144," "," ","Z",NA," "," "," ",144," "," ","Z",150," "," ","Z",NA," "," "," ",189," "," ","Z",211," "," ","Z",194," "," ","Z",178," "," ","Z",172," "," ","Z",NA," "," "," ",NA," "," "," ",NA," "," "," ",161," "," ","Z",172," "," ","Z",183," "," ","Z",183," "," ","Z",156," "," ","Z",117," "," ","Z",150," "," ","Z",144," "," ","Z",183," "," ","Z",161," "," ","Z",178," "," ","Z"
"1539","USC00392565",2012,7,"TOBS",NA," "," "," ",233," "," ","Z",200," "," ","Z",250," "," ","Z",211," "," ","Z",150," "," ","Z",211," "," ","Z",183," "," ","Z",NA," "," "," ",NA," "," "," ",206," "," ","Z",NA," "," "," ",256," "," ","Z",278," "," ","Z",211," "," ","Z",228," "," ","Z",217," "," ","Z",NA," "," "," ",NA," "," "," ",NA," "," "," ",222," "," ","Z",228," "," ","Z",222," "," ","Z",233," "," ","Z",228," "," ","Z",161," "," ","Z",217," "," ","Z",244," "," ","Z",256," "," ","Z",239," "," ","Z",278," "," ","Z"
"1540","USC00392565",2012,7,"PRCP",0," "," ","Z",0," "," ","Z",0," "," ","Z",0," "," ","Z",0," "," ","Z",229," "," ","Z",NA," "," "," ",0," "," ","Z",NA," "," "," ",0," "," ","Z",0," "," ","Z",NA," "," "," ",0," "," ","Z",0," "," ","Z",0," "," ","Z",0," "," ","Z",5," "," ","Z",NA," "," "," ",NA," "," "," ",NA," "," "," ",0," "," ","Z",56," "," ","Z",0," "," ","Z",0," "," ","Z",5," "," ","Z",107," "," ","Z",0," "," ","Z",0," "," ","Z",18," "," ","Z",0," "," ","Z",0," "," ","Z"
"1541","USC00392565",2012,8,"TMAX",361," "," ","7",344," "," ","7",322," "," ","7",283," "," ","7",239," "," ","7",333," "," ","7",344," "," ","7",328," "," ","7",339," "," ","7",317," "," ","7",333," "," ","7",261," "," ","7",283," "," ","7",272," "," ","7",322," "," ","7",250," "," ","7",206," "," ","7",272," "," ","7",NA," "," "," ",283," "," ","7",228," "," ","7",NA," "," "," ",328," "," ","7",317," "," ","7",339," "," ","7",250," "," ","7",300," "," ","7",350," "," ","7",361," "," ","7",367," "," ","7",294," "," ","7"
"1542","USC00392565",2012,8,"TMIN",194," "," ","7",133," "," ","7",128," "," ","7",61," "," ","7",100," "," ","7",156," "," ","7",206," "," ","7",144," "," ","7",144," "," ","7",161," "," ","7",178," "," ","7",111," "," ","7",144," "," ","7",106," "," ","7",133," "," ","7",106," "," ","7",89," "," ","7",100," "," ","7",NA," "," "," ",89," "," ","7",106," "," ","7",156," "," ","7",172," "," ","7",150," "," ","7",117," "," ","7",139," "," ","7",161," "," ","7",167," "," ","7",167," "," ","7",150," "," ","7",139," "," ","7"
"1543","USC00392565",2012,8,"TOBS",256," "," ","7",167," "," ","7",189," "," ","7",128," "," ","7",183," "," ","7",233," "," ","7",228," "," ","7",200," "," ","7",189," "," ","7",239," "," ","7",189," "," ","7",178," "," ","7",156," "," ","7",211," "," ","7",211," "," ","7",122," "," ","7",189," "," ","7",167," "," ","7",NA," "," "," ",NA," "," "," ",211," "," ","7",NA," "," "," ",211," "," ","7",239," "," ","7",161," "," ","7",178," "," ","7",244," "," ","7",217," "," ","7",267," "," ","7",150," "," ","7",189," "," ","7"
"1544","USC00392565",2012,8,"PRCP",0," "," ","7",0," "," ","7",0," "," ","7",0," "," ","7",0," "," ","7",0," "," ","7",0," "," ","7",0," "," ","7",0," "," ","7",8," "," ","7",0," "," ","7",0," "," ","7",0," "," ","7",0," "," ","7",0," "," ","7",0," "," ","7",0," "," ","7",0," "," ","7",NA," "," "," ",0," "," ","7",0," "," ","7",NA," "," "," ",0," "," ","7",0," "," ","7",0," "," ","7",0," "," ","7",0," "," ","7",0," "," ","7",0," "," ","7",0," "," ","7",0," "," ","7"
"1545","USC00392565",2012,9,"TMAX",328," "," ","Z",339," "," ","Z",283," "," ","Z",294," "," ","Z",294," "," ","Z",256," "," ","Z",272," "," ","Z",217," "," ","Z",272," "," ","Z",311," "," ","Z",NA," "," "," ",322," "," ","Z",194," "," ","Z",233," "," ","Z",267," "," ","Z",306," "," ","Z",306," "," ","Z",183," "," ","Z",250," "," ","Z",217," "," ","Z",233," "," ","Z",239," "," ","Z",233," "," ","Z",250," "," ","Z",244," "," ","Z",239," "," ","Z",NA," "," "," ",NA," "," "," ",228," "," ","Z",256," "," ","Z",NA," "," "," "
"1546","USC00392565",2012,9,"TMIN",183," "," ","Z",161," "," ","Z",100," "," ","Z",111," "," ","Z",56," "," ","Z",78," "," ","Z",78," "," ","Z",50," "," ","Z",94," "," ","Z",106," "," ","Z",NA," "," "," ",61," "," ","Z",67," "," ","Z",39," "," ","Z",33," "," ","Z",89," "," ","Z",78," "," ","Z",33," "," ","Z",83," "," ","Z",56," "," ","Z",83," "," ","Z",28," "," ","Z",56," "," ","Z",67," "," ","Z",67," "," ","Z",67," "," ","Z",NA," "," "," ",NA," "," "," ",89," "," ","Z",122," ","I","Z",NA," "," "," "
"1547","USC00392565",2012,9,"TOBS",233," "," ","Z",206," "," ","Z",161," "," ","Z",206," "," ","Z",106," "," ","Z",83," "," ","Z",111," "," ","Z",144," "," ","Z",139," "," ","Z",211," "," ","Z",NA," "," "," ",61," "," ","Z",117," "," ","Z",39," "," ","Z",200," "," ","Z",100," "," ","Z",78," "," ","Z",122," "," ","Z",111," "," ","Z",83," "," ","Z",139," "," ","Z",106," "," ","Z",72," "," ","Z",128," "," ","Z",133," "," ","Z",83," "," ","Z",NA," "," "," ",NA," "," "," ",100," ","I","Z",156," "," ","Z",NA," "," "," "
"1548","USC00392565",2012,9,"PRCP",0," "," ","7",0," "," ","7",0," "," ","7",0," "," ","7",0," "," ","7",0," "," ","7",13," "," ","Z",0," "," ","7",0," "," ","7",0," "," ","7",NA," "," "," ",NA," "," "," ",NA," "," "," ",0," "," ","7",0," "," ","7",0," "," ","7",0," "," ","7",0," "," ","7",0," "," ","7",0," "," ","7",0," "," ","7",0," "," ","7",0," "," ","7",0," "," ","7",0," "," ","7",0," "," ","7",NA," "," "," ",NA," "," "," ",0," "," ","7",0," "," ","7",NA," "," "," "
"1549","USC00392565",2012,9,"SNOW",0," "," ","7",0," "," ","7",0," "," ","7",0," "," ","7",0," "," ","7",0," "," ","7",0," "," ","7",0," "," ","7",0," "," ","7",0," "," ","7",0," "," ","7",0," "," ","7",0," "," ","7",0," "," ","7",0," "," ","7",0," "," ","7",0," "," ","7",0," "," ","7",0," "," ","7",0," "," ","7",0," "," ","7",0," "," ","7",0," "," ","7",0," "," ","7",0," "," ","7",0," "," ","7",0," "," ","7",0," "," ","7",0," "," ","7",0," "," ","7",NA," "," "," "
"1550","USC00392565",2012,9,"SNWD",0," "," ","7",0," "," ","7",0," "," ","7",0," "," ","7",0," "," ","7",0," "," ","7",0," "," ","7",0," "," ","7",0," "," ","7",0," "," ","7",0," "," ","7",0," "," ","7",0," "," ","7",0," "," ","7",0," "," ","7",0," "," ","7",0," "," ","7",0," "," ","7",0," "," ","7",0," "," ","7",0," "," ","7",0," "," ","7",0," "," ","7",0," "," ","7",0," "," ","7",0," "," ","7",0," "," ","7",0," "," ","7",0," "," ","7",0," "," ","7",NA," "," "," "
"1551","USC00392565",2012,10,"TMAX",250," "," ","7",194," "," ","7",278," "," ","7",178," "," ","7",94," "," ","7",6," "," ","7",33," "," ","7",117," "," ","7",133," "," ","7",72," "," ","7",172," "," ","7",72," "," ","7",206," "," ","7",211," "," ","7",178," "," ","7",217," "," ","7",211," "," ","7",78," "," ","7",94," "," ","7",178," "," ","7",239," "," ","7",144," "," ","7",106," "," ","7",144," "," ","7",22," "," ","7",11," "," ","7",17," "," ","7",67," "," ","7",106," "," ","7",161," "," ","7",167," "," ","7"
"1552","USC00392565",2012,10,"TMIN",33," "," ","7",33," "," ","7",56," "," ","7",-17," "," ","7",-17," "," ","7",-28," "," ","7",-72," "," ","7",-72," "," ","7",-17," "," ","7",-39," "," ","7",-39," "," ","7",-6," "," ","7",-6," "," ","7",6," "," ","7",11," "," ","7",22," "," ","7",22," "," ","7",6," "," ","7",-22," "," ","7",11," "," ","7",50," "," ","7",44," "," ","7",33," "," ","7",17," "," ","7",-78," "," ","7",-67," "," ","7",-61," "," ","7",-44," "," ","7",-22," "," ","7",6," "," ","7",6," "," ","7"
"1553","USC00392565",2012,10,"TOBS",33," "," ","7",67," "," ","7",61," "," ","7",-6," "," ","7",-17," "," ","7",-28," "," ","7",-61," "," ","7",-17," "," ","7",17," "," ","7",-17," "," ","7",22," "," ","7",-6," "," ","7",111," "," ","7",17," "," ","7",33," "," ","7",39," "," ","7",33," "," ","7",17," "," ","7",33," "," ","7",61," "," ","7",67," "," ","7",50," "," ","7",33," "," ","7",17," "," ","7",-50," "," ","7",-56," "," ","7",-44," "," ","7",-22," "," ","7",6," "," ","7",61," "," ","7",78," "," ","7"
"1554","USC00392565",2012,10,"PRCP",0," "," ","7",0," "," ","7",0," "," ","7",0," "," ","7",0," "," ","7",94," "," ","7",0," "," ","7",0," "," ","7",0," "," ","7",0," "," ","7",0," "," ","7",0," "," ","7",0," "," ","7",0," "," ","7",0," "," ","7",0," "," ","7",51," "," ","7",0," "," ","7",0," "," ","7",0," "," ","7",0," "," ","7",3," "," ","7",0," "," ","7",109," "," ","7",74," "," ","7",0," "," ","7",0," "," ","7",0," "," ","7",0," "," ","7",0," "," ","7",0," "," ","7"
"1555","USC00392565",2012,10,"SNOW",NA," "," "," ",NA," "," "," ",NA," "," "," ",NA," "," "," ",NA," "," "," ",NA," "," "," ",NA," "," "," ",NA," "," "," ",NA," "," "," ",NA," "," "," ",NA," "," "," ",NA," "," "," ",NA," "," "," ",NA," "," "," ",NA," "," "," ",NA," "," "," ",NA," "," "," ",NA," "," "," ",NA," "," "," ",NA," "," "," ",NA," "," "," ",NA," "," "," ",NA," "," "," ",0," "," ","7",0," "," ","7",NA," "," "," ",NA," "," "," ",NA," "," "," ",NA," "," "," ",NA," "," "," ",NA," "," "," "
"1556","USC00392565",2012,10,"SNWD",NA," "," "," ",NA," "," "," ",NA," "," "," ",NA," "," "," ",NA," "," "," ",NA," "," "," ",NA," "," "," ",NA," "," "," ",NA," "," "," ",NA," "," "," ",NA," "," "," ",NA," "," "," ",NA," "," "," ",NA," "," "," ",NA," "," "," ",NA," "," "," ",NA," "," "," ",NA," "," "," ",NA," "," "," ",NA," "," "," ",NA," "," "," ",NA," "," "," ",NA," "," "," ",0," "," ","7",0," "," ","7",NA," "," "," ",NA," "," "," ",NA," "," "," ",NA," "," "," ",NA," "," "," ",NA," "," "," "
"1557","USC00392565",2012,11,"TMAX",189," "," ","7",167," "," ","7",128," "," ","7",122," "," ","7",122," "," ","7",139," "," ","7",139," "," ","7",206," "," ","7",122," "," ","7",78," "," ","7",-6," "," ","7",-61," "," ","7",28," "," ","7",78," "," ","7",67," "," ","7",78," "," ","7",133," "," ","7",133," "," ","7",161," "," ","7",128," "," ","7",161," "," ","7",161," "," ","7",39," "," ","7",33," "," ","7",11," "," ","7",-17," "," ","7",28," "," ","7",72," "," ","7",100," "," ","7",106," "," ","7",NA," "," "," "
"1558","USC00392565",2012,11,"TMIN",11," "," ","7",17," "," ","7",-22," "," ","7",6," "," ","7",-33," "," ","7",-22," "," ","7",-22," "," ","7",-17," "," ","7",0," "," ","7",-17," "," ","7",-139," "," ","7",-139," "," ","7",-83," "," ","7",-61," "," ","7",-61," "," ","7",-50," "," ","7",-44," "," ","7",-17," "," ","7",-39," "," ","7",-22," "," ","7",-22," "," ","7",-22," "," ","7",-111," "," ","7",-111," "," ","7",-39," "," ","7",-128," "," ","7",-94," "," ","7",-56," "," ","7",-22," "," ","7",-17," "," ","7",NA," "," "," "
"1559","USC00392565",2012,11,"TOBS",33," "," ","7",17," "," ","7",22," "," ","7",17," "," ","7",17," "," ","7",-17," "," ","7",28," "," ","7",56," "," ","7",6," "," ","7",-17," "," ","7",-139," "," ","7",-78," "," ","7",-22," "," ","7",-56," "," ","7",-11," "," ","7",-44," "," ","7",-11," "," ","7",-6," "," ","7",-22," "," ","7",72," "," ","7",33," "," ","7",6," "," ","7",-111," "," ","7",-11," "," ","7",-39," "," ","7",NA," "," "," ",-44," "," ","7",17," "," ","7",-11," "," ","7",78," "," ","7",NA," "," "," "
"1560","USC00392565",2012,11,"PRCP",0," "," ","7",0," "," ","7",0," "," ","7",0," "," ","7",0," "," ","7",0," "," ","7",0," "," ","7",0," "," ","7",0," "," ","7",0," "," ","7",15," "," ","7",0," "," ","7",0," "," ","7",0," "," ","7",0," "," ","7",0," "," ","7",0," "," ","7",0," "," ","7",0," "," ","7",0," "," ","7",0," "," ","7",0," "," ","7",0," "," ","7",0," "," ","7",165," "," ","7",0," "," ","7",0," "," ","7",0," "," ","7",0," "," ","7",0," "," ","7",NA," "," "," "
"1561","USC00392565",2012,11,"SNOW",NA," "," "," ",NA," "," "," ",NA," "," "," ",NA," "," "," ",NA," "," "," ",NA," "," "," ",NA," "," "," ",NA," "," "," ",NA," "," "," ",NA," "," "," ",64," "," ","7",NA," "," "," ",NA," "," "," ",NA," "," "," ",NA," "," "," ",NA," "," "," ",NA," "," "," ",NA," "," "," ",NA," "," "," ",NA," "," "," ",NA," "," "," ",NA," "," "," ",NA," "," "," ",NA," "," "," ",NA," "," "," ",NA," "," "," ",NA," "," "," ",NA," "," "," ",NA," "," "," ",NA," "," "," ",NA," "," "," "
"1562","USC00392565",2012,11,"SNWD",NA," "," "," ",NA," "," "," ",NA," "," "," ",NA," "," "," ",NA," "," "," ",NA," "," "," ",NA," "," "," ",NA," "," "," ",NA," "," "," ",NA," "," "," ",76," "," ","7",NA," "," "," ",NA," "," "," ",NA," "," "," ",NA," "," "," ",NA," "," "," ",NA," "," "," ",NA," "," "," ",NA," "," "," ",NA," "," "," ",NA," "," "," ",NA," "," "," ",NA," "," "," ",NA," "," "," ",NA," "," "," ",NA," "," "," ",NA," "," "," ",NA," "," "," ",NA," "," "," ",NA," "," "," ",NA," "," "," "
"1563","USC00392565",2013,1,"TMAX",-50," "," ","7",-28," "," ","7",-39," "," ","7",11," "," ","7",39," "," ","7",-6," "," ","7",67," "," ","7",44," "," ","7",39," "," ","7",106," "," ","7",83," "," ","7",-44," "," ","7",-139," "," ","7",-111," "," ","7",-100," "," ","7",-17," "," ","7",33," "," ","7",61," "," ","7",100," "," ","7",78," "," ","7",-17," "," ","7",0," "," ","7",56," "," ","7",-17," "," ","7",100," "," ","7",100," "," ","7",94," "," ","7",78," "," ","7",-17," "," ","7",-11," "," ","7",-39," "," ","7"
"1564","USC00392565",2013,1,"TMIN",-150," "," ","7",-78," "," ","7",-189," "," ","7",-150," "," ","7",-122," "," ","7",-139," "," ","7",-117," "," ","7",-72," "," ","7",-94," "," ","7",-56," "," ","7",-50," "," ","7",-172," "," ","7",-183," "," ","7",-244," "," ","7",-244," "," ","7",-100," "," ","7",-94," "," ","7",-122," "," ","7",-78," "," ","7",-106," "," ","7",-122," "," ","7",-128," "," ","7",-83," "," ","7",-111," "," ","7",-94," "," ","7",-67," "," ","7",-61," "," ","7",-44," "," ","7",-139," "," ","7",-183," "," ","7",-144," "," ","7"
"1565","USC00392565",2013,1,"TOBS",-78," "," ","7",-56," "," ","7",-89," "," ","7",-122," "," ","7",-17," "," ","7",-100," "," ","7",-11," "," ","7",-11," "," ","7",-56," "," ","7",-22," "," ","7",-50," "," ","7",-167," "," ","7",-172," "," ","7",-239," "," ","7",-100," "," ","7",-94," "," ","7",-72," "," ","7",-78," "," ","7",-22," "," ","7",-33," "," ","7",-122," "," ","7",-39," "," ","7",-61," "," ","7",-28," "," ","7",28," "," ","7",-61," "," ","7",28," "," ","7",-22," "," ","7",-111," "," ","7",-144," "," ","7",-128," "," ","7"
"1566","USC00392565",2013,1,"PRCP",0," "," ","7",10," "," ","7",0," "," ","7",0," "," ","7",0," "," ","7",0," "," ","7",0," "," ","7",0," "," ","7",0," "," ","7",0," "," ","7",0," "," ","7",51," "," ","7",0," "," ","7",0," "," ","7",0," "," ","7",10," "," ","7",0," "," ","7",0," "," ","7",0," "," ","7",0," "," ","7",0," "," ","7",0," "," ","7",0," "," ","7",0," "," ","7",0," "," ","7",0," "," ","7",0," "," ","7",0," "," ","7",46," "," ","7",0," "," ","7",0,"T"," ","7"
"1567","USC00392565",2013,1,"SNOW",0," "," ","7",25," "," ","7",0," "," ","7",0," "," ","7",0," "," ","7",0," "," ","7",0," "," ","7",0," "," ","7",0," "," ","7",0," "," ","7",0," "," ","7",102," "," ","7",0," "," ","7",0," "," ","7",0," "," ","7",5," "," ","7",0," "," ","7",0," "," ","7",0," "," ","7",0," "," ","7",0," "," ","7",0," "," ","7",0," "," ","7",0," "," ","7",0," "," ","7",0," "," ","7",0," "," ","7",0," "," ","7",51," "," ","7",0," "," ","7",0,"T"," ","7"
"1568","USC00392565",2013,1,"SNWD",0," "," ","7",25," "," ","7",25," "," ","7",0,"T"," ","7",0," "," ","7",0," "," ","7",0," "," ","7",0," "," ","7",0," "," ","7",0," "," ","7",0," "," ","7",102," "," ","7",102," "," ","7",76," "," ","7",76," "," ","7",76," "," ","7",51," "," ","7",25," "," ","7",0,"T"," ","7",0," "," ","7",0," "," ","7",0," "," ","7",0," "," ","7",0," "," ","7",0," "," ","7",0," "," ","7",0," "," ","7",0," "," ","7",51," "," ","7",25," "," ","7",0,"T"," ","7"
"1569","USC00392565",2013,2,"TMAX",-17," "," ","7",22," "," ","7",22," "," ","7",67," "," ","7",50," "," ","7",56," "," ","7",89," "," ","7",89," "," ","7",50," "," ","7",22," "," ","7",-22," "," ","7",-28," "," ","7",17," "," ","7",50," "," ","7",-28," "," ","7",17," "," ","7",72," "," ","7",67," "," ","7",-17," "," ","7",-11," "," ","7",-6," "," ","7",-33," "," ","7",17," "," ","7",56," "," ","7",11," "," ","7",28," "," ","7",39," "," ","7",22," "," ","7",NA," "," "," ",NA," "," "," ",NA," "," "," "
"1570","USC00392565",2013,2,"TMIN",-156," "," ","7",-50," "," ","7",-117," "," ","7",-94," "," ","7",-50," "," ","7",-50," "," ","7",-94," "," ","7",-94," "," ","7",-56," "," ","7",-144," "," ","7",-106," "," ","7",-139," "," ","7",-78," "," ","7",-44," "," ","7",-144," "," ","7",-89," "," ","7",-61," "," ","7",-56," "," ","7",-139," "," ","7",-106," "," ","7",-94," "," ","7",-78," "," ","7",-122," "," ","7",-28," "," ","7",-122," "," ","7",-94," "," ","7",-78," "," ","7",-106," "," ","7",NA," "," "," ",NA," "," "," ",NA," "," "," "
"1571","USC00392565",2013,2,"TOBS",-50," "," ","7",-28," "," ","7",-72," "," ","7",-6," "," ","7",-11," "," ","7",-33," "," ","7",-28," "," ","7",-44," "," ","7",-17," "," ","7",-28," "," ","7",-94," "," ","7",-78," "," ","7",-33," "," ","7",-39," "," ","7",-89," "," ","7",17," "," ","7",0," "," ","7",-50," "," ","7",-106," "," ","7",-94," "," ","7",-78," "," ","7",-50," "," ","7",-22," "," ","7",-17," "," ","7",-56," "," ","7",-33," "," ","7",-67," "," ","7",-39," "," ","7",NA," "," "," ",NA," "," "," ",NA," "," "," "
"1572","USC00392565",2013,2,"PRCP",0," "," ","7",25," "," ","7",0," "," ","7",0," "," ","7",0," "," ","7",0," "," ","7",0," "," ","7",0," "," ","7",0," "," ","7",0," "," ","7",0," "," ","7",0," "," ","7",0," "," ","7",0," "," ","7",0," "," ","7",0," "," ","7",0," "," ","7",0," "," ","7",0," "," ","7",0," "," ","7",0," "," ","7",0," "," ","7",13," "," ","7",0," "," ","7",0," "," ","7",0," "," ","7",0," "," ","7",0," "," ","7",NA," "," "," ",NA," "," "," ",NA," "," "," "
"1573","USC00392565",2013,2,"SNOW",0," "," ","7",25," "," ","7",0," "," ","7",0," "," ","7",0," "," ","7",0," "," ","7",0," "," ","7",0," "," ","7",0," "," ","7",0," "," ","7",0," "," ","7",0," "," ","7",0," "," ","7",0," "," ","7",0," "," ","7",0," "," ","7",0," "," ","7",0," "," ","7",0," "," ","7",0," "," ","7",0," "," ","7",0," "," ","7",13," "," ","7",0," "," ","7",0," "," ","7",0," "," ","7",0," "," ","7",0," "," ","7",NA," "," "," ",NA," "," "," ",NA," "," "," "
"1574","USC00392565",2013,2,"SNWD",0," "," ","7",25," "," ","7",0,"T"," ","7",0," "," ","7",0," "," ","7",0," "," ","7",0," "," ","7",0," "," ","7",0," "," ","7",0," "," ","7",0," "," ","7",0," "," ","7",0," "," ","7",0," "," ","7",0," "," ","7",0," "," ","7",0," "," ","7",0," "," ","7",0," "," ","7",0," "," ","7",0," "," ","7",0," "," ","7",0,"T"," ","7",0," "," ","7",0," "," ","7",0," "," ","7",0," "," ","7",0," "," ","7",NA," "," "," ",NA," "," "," ",NA," "," "," "
"1575","USC00392565",2013,3,"TMAX",39," "," ","7",39," "," ","7",122," "," ","7",139," "," ","7",-44," "," ","7",17," "," ","7",117," "," ","7",133," "," ","7",67," "," ","7",67," "," ","7",72," "," ","7",61," "," ","7",61," "," ","7",161," "," ","7",189," "," ","7",178," "," ","7",22," "," ","7",72," "," ","7",11," "," ","7",22," "," ","7",83," "," ","7",67," "," ","7",22," "," ","7",-22," "," ","7",-56," "," ","7",28," "," ","7",89," "," ","7",128," "," ","7",156," "," ","7",178," "," ","7",178," "," ","7"
"1576","USC00392565",2013,3,"TMIN",-94," "," ","7",-89," "," ","7",-89," "," ","7",-56," "," ","7",-144," "," ","7",-111," "," ","7",-78," "," ","7",-22," "," ","7",-33," "," ","7",-94," "," ","7",-72," "," ","7",-72," "," ","7",-72," "," ","7",-33," "," ","7",-11," "," ","7",-11," "," ","7",-33," "," ","7",-83," "," ","7",-78," "," ","7",-117," "," ","7",-50," "," ","7",-83," "," ","7",-106," "," ","7",-139," "," ","7",-156," "," ","7",-139," "," ","7",-89," "," ","7",-22," "," ","7",11," "," ","7",28," "," ","7",-56," "," ","7"
"1577","USC00392565",2013,3,"TOBS",-89," "," ","7",11," "," ","7",56," "," ","7",-56," "," ","7",-111," "," ","7",-78," "," ","7",0," "," ","7",-11," "," ","7",-28," "," ","7",-72," "," ","7",33," "," ","7",-28," "," ","7",-28," "," ","7",-11," "," ","7",NA," "," "," ",-11," "," ","7",-28," "," ","7",-78," "," ","7",-22," "," ","7",0," "," ","7",22," "," ","7",-50," "," ","7",-83," "," ","7",-117," "," ","7",-139," "," ","7",6," "," ","7",6," "," ","7",100," "," ","7",67," "," ","7",61," "," ","7",-33," "," ","7"
"1578","USC00392565",2013,3,"PRCP",0," "," ","7",0," "," ","7",0," "," ","7",0," "," ","7",0," "," ","7",0," "," ","7",0," "," ","7",0," "," ","7",0," "," ","7",0," "," ","7",0," "," ","7",0," "," ","7",0," "," ","7",0," "," ","7",0," "," ","7",0," "," ","7",74," "," ","7",3," "," ","7",0," "," ","7",0," "," ","7",0," "," ","7",0,"T"," ","7",0," "," ","7",0," "," ","7",0," "," ","7",0," "," ","7",0," "," ","7",0," "," ","7",0," "," ","7",3," "," ","7",0," "," ","7"
"1579","USC00392565",2013,3,"SNOW",0," "," ","7",0," "," ","7",0," "," ","7",0," "," ","7",0," "," ","7",0," "," ","7",0," "," ","7",0," "," ","7",0," "," ","7",0," "," ","7",0," "," ","7",0," "," ","7",0," "," ","7",0," "," ","7",0," "," ","7",0," "," ","7",64," "," ","7",0,"T"," ","7",0," "," ","7",0," "," ","7",0," "," ","7",0,"T"," ","7",0," "," ","7",0," "," ","7",0," "," ","7",0," "," ","7",0," "," ","7",0," "," ","7",0," "," ","7",0," "," ","7",0," "," ","7"
"1580","USC00392565",2013,3,"SNWD",0," "," ","7",0," "," ","7",0," "," ","7",0," "," ","7",0," "," ","7",0," "," ","7",0," "," ","7",0," "," ","7",0," "," ","7",0," "," ","7",0," "," ","7",0," "," ","7",0," "," ","7",0," "," ","7",0," "," ","7",0," "," ","7",51," "," ","7",0,"T"," ","7",0,"T"," ","7",0," "," ","7",0," "," ","7",0," "," ","7",0," "," ","7",0," "," ","7",0," "," ","7",0," "," ","7",0," "," ","7",0," "," ","7",0," "," ","7",0," "," ","7",0," "," ","7"
"1581","USC00392565",2013,4,"TMAX",139," "," ","7",111," "," ","7",139," "," ","7",194," "," ","7",161," "," ","7",211," "," ","7",NA," "," "," ",161," "," ","7",89," "," ","7",-78," "," ","7",-28," "," ","7",39," "," ","7",44," "," ","7",117," "," ","7",22," "," ","7",22," "," ","7",-17," "," ","7",-28," "," ","7",6," "," ","7",72," "," ","7",117," "," ","7",122," "," ","7",6," "," ","7",17," "," ","7",44," "," ","7",178," "," ","7",194," "," ","7",228," "," ","7",211," "," ","7",217," "," ","7",NA," "," "," "
"1582","USC00392565",2013,4,"TMIN",-67," "," ","7",-56," "," ","7",-22," "," ","7",-22," "," ","7",17," "," ","7",-6," "," ","7",NA," "," "," ",0," "," ","7",-100," "," ","7",-117," "," ","7",-111," "," ","7",-78," "," ","7",-61," "," ","7",-17," "," ","7",-89," "," ","7",-72," "," ","7",-56," "," ","7",-128," "," ","7",-72," "," ","7",-11," "," ","7",-6," "," ","7",-39," "," ","7",-156," "," ","7",-89," "," ","7",-67," "," ","7",-22," "," ","7",6," "," ","7",39," "," ","7",22," "," ","7",22," "," ","7",NA," "," "," "
"1583","USC00392565",2013,4,"TOBS",-28," "," ","7",22," "," ","7",67," "," ","7",17," "," ","7",67," "," ","7",39," "," ","7",NA," "," "," ",11," "," ","7",-100," "," ","7",-89," "," ","7",-78," "," ","7",0," "," ","7",NA," "," "," ",-17," "," ","7",-72," "," ","7",-50," "," ","7",-50," "," ","7",-72," "," ","7",6," "," ","7",17," "," ","7",33," "," ","7",-33," "," ","7",-89," "," ","7",-11," "," ","7",-22," "," ","7",117," "," ","7",94," "," ","7",72," "," ","7",83," "," ","7",NA," "," "," ",NA," "," "," "
"1584","USC00392565",2013,4,"PRCP",0," "," ","7",0," "," ","7",0," "," ","7",0," "," ","7",0," "," ","7",10," "," ","7",0," "," ","7",13," "," ","7",124," "," ","7",152," "," ","7",5," "," ","7",0," "," ","7",0," "," ","7",3," "," ","7",0," "," ","7",0," "," ","7",86," "," ","7",28," "," ","7",0," "," ","7",0," "," ","7",64," "," ","7",124," "," ","7",48," "," ","7",0," "," ","7",8," "," ","7",0," "," ","7",0," "," ","7",0," "," ","7",23," "," ","7",0," "," ","7",NA," "," "," "
"1585","USC00392565",2013,4,"SNOW",0," "," ","7",0," "," ","7",0," "," ","7",0," "," ","7",0," "," ","7",0," "," ","7",0," "," ","7",0," "," ","7",114," "," ","7",279," "," ","7",0," "," ","7",0," "," ","7",0," "," ","7",0," "," ","7",0," "," ","7",0," "," ","7",89," "," ","7",0," "," ","7",0," "," ","7",0," "," ","7",0," "," ","7",25," "," ","7",0," "," ","7",0," "," ","7",0," "," ","7",0," "," ","7",0," "," ","7",0," "," ","7",0," "," ","7",0," "," ","7",NA," "," "," "
"1586","USC00392565",2013,4,"SNWD",0," "," ","7",0," "," ","7",0," "," ","7",0," "," ","7",0," "," ","7",0," "," ","7",0," "," ","7",0," "," ","7",127," "," ","7",305," "," ","7",178," "," ","7",102," "," ","7",51," "," ","7",0," "," ","7",0," "," ","7",0," "," ","7",102," "," ","7",51," "," ","7",0," "," ","7",0," "," ","7",0," "," ","7",25," "," ","7",0,"T"," ","7",0," "," ","7",0," "," ","7",0," "," ","7",0," "," ","7",0," "," ","7",0," "," ","7",0," "," ","7",NA," "," "," "
"1587","USC00392565",2013,5,"TMAX",94," "," ","7",61," "," ","7",100," "," ","7",161," "," ","7",128," "," ","7",150," "," ","7",200," "," ","7",217," "," ","7",222," "," ","7",172," "," ","7",211," "," ","7",178," "," ","7",256," "," ","7",300," "," ","7",289," "," ","7",239," "," ","7",256," "," ","7",250," "," ","7",228," "," ","7",144," "," ","7",122," "," ","7",117," "," ","7",161," "," ","7",167," "," ","7",267," "," ","7",267," "," ","7",250," "," ","7",233," "," ","7",228," "," ","7",189," "," ","7",94," "," ","7"
"1588","USC00392565",2013,5,"TMIN",-28," "," ","7",-50," "," ","7",-22," "," ","7",-22," "," ","7",-28," "," ","7",17," "," ","7",39," "," ","7",44," "," ","7",78," "," ","7",28," "," ","7",17," "," ","7",22," "," ","7",94," "," ","7",89," "," ","7",128," "," ","7",100," "," ","7",94," "," ","7",100," "," ","7",94," "," ","7",72," "," ","7",61," "," ","7",50," "," ","7",56," "," ","7",89," "," ","7",133," "," ","7",100," "," ","7",144," "," ","7",33," "," ","7",100," "," ","7",89," "," ","7",61," "," ","7"
"1589","USC00392565",2013,5,"TOBS",-6," "," ","7",-17," "," ","7",94," "," ","7",44," "," ","7",61," "," ","7",67," "," ","7",83," "," ","7",183," "," ","7",111," "," ","7",44," "," ","7",61," "," ","7",111," "," ","7",161," "," ","7",183," "," ","7",156," "," ","7",161," "," ","7",167," "," ","7",144," "," ","7",111," "," ","7",78," "," ","7",72," "," ","7",72," "," ","7",89," "," ","7",133," "," ","7",167," "," ","7",183," "," ","7",156," "," ","7",111," "," ","7",150," "," ","7",89," "," ","7",67," "," ","7"
"1590","USC00392565",2013,5,"PRCP",33," "," ","7",0," "," ","7",0," "," ","7",0," "," ","7",0," "," ","7",0," "," ","7",0," "," ","7",0," "," ","7",0," "," ","7",117," "," ","7",0," "," ","7",0," "," ","7",0," "," ","7",0," "," ","7",0," "," ","7",28," "," ","7",102," "," ","7",0," "," ","7",51," "," ","7",0," "," ","7",0,"T"," ","7",0,"T"," ","7",0," "," ","7",0," "," ","7",0," "," ","7",0," "," ","7",0," "," ","7",0," "," ","7",0," "," ","7",86," "," ","7",394," "," ","7"
"1591","USC00392565",2013,5,"SNOW",0," "," ","7",0," "," ","7",0," "," ","7",0," "," ","7",0," "," ","7",0," "," ","7",0," "," ","7",0," "," ","7",0," "," ","7",0," "," ","7",0," "," ","7",0," "," ","7",0," "," ","7",0," "," ","7",0," "," ","7",0," "," ","7",0," "," ","7",0," "," ","7",0," "," ","7",0," "," ","7",0," "," ","7",0," "," ","7",0," "," ","7",0," "," ","7",0," "," ","7",0," "," ","7",0," "," ","7",0," "," ","7",0," "," ","7",0," "," ","7",0," "," ","7"
"1592","USC00392565",2013,5,"SNWD",0," "," ","7",0," "," ","7",0," "," ","7",0," "," ","7",0," "," ","7",0," "," ","7",0," "," ","7",0," "," ","7",0," "," ","7",0," "," ","7",0," "," ","7",0," "," ","7",0," "," ","7",0," "," ","7",0," "," ","7",0," "," ","7",0," "," ","7",0," "," ","7",0," "," ","7",0," "," ","7",0," "," ","7",0," "," ","7",0," "," ","7",0," "," ","7",0," "," ","7",0," "," ","7",0," "," ","7",0," "," ","7",0," "," ","7",0," "," ","7",0," "," ","7"
"1593","USC00392565",2013,6,"TMAX",89," "," ","7",161," "," ","7",233," "," ","7",206," "," ","7",156," "," ","7",167," "," ","7",228," "," ","7",261," "," ","7",206," "," ","7",261," "," ","7",306," "," ","7",256," "," ","7",222," "," ","7",228," "," ","7",267," "," ","7",239," "," ","7",272," "," ","7",250," "," ","7",261," "," ","7",278," "," ","7",289," "," ","7",267," "," ","7",239," "," ","7",300," "," ","7",306," "," ","7",267," "," ","7",317," "," ","7",306," "," ","7",294," "," ","7",278," "," ","7",NA," "," "," "
"1594","USC00392565",2013,6,"TMIN",56," "," ","7",33," "," ","7",94," "," ","7",61," "," ","7",28," "," ","7",39," "," ","7",72," "," ","7",111," "," ","7",61," "," ","7",117," "," ","7",156," "," ","7",94," "," ","7",111," "," ","7",128," "," ","7",128," "," ","7",144," "," ","7",111," "," ","7",100," "," ","7",117," "," ","7",133," "," ","7",150," "," ","7",100," "," ","7",61," "," ","7",61," "," ","7",61," "," ","7",128," "," ","7",139," "," ","7",128," "," ","7",122," "," ","7",139," "," ","7",NA," "," "," "
"1595","USC00392565",2013,6,"TOBS",89," "," ","7",94," "," ","7",156," "," ","7",94," "," ","7",78," "," ","7",89," "," ","7",172," "," ","7",144," "," ","7",150," "," ","7",172," "," ","7",200," "," ","7",150," "," ","7",128," "," ","7",222," "," ","7",150," "," ","7",167," "," ","7",133," "," ","7",239," "," ","7",222," "," ","7",250," "," ","7",150," "," ","7",150," "," ","7",106," "," ","7",294," "," ","7",211," "," ","7",211," "," ","7",183," "," ","7",200," "," ","7",189," "," ","7",172," "," ","7",NA," "," "," "
"1596","USC00392565",2013,6,"PRCP",43," "," ","7",0," "," ","7",0," "," ","7",0," "," ","7",0," "," ","7",0," "," ","7",0," "," ","7",51," "," ","7",0," "," ","7",0," "," ","7",0," "," ","7",13," "," ","7",0," "," ","7",0," "," ","7",0," "," ","7",0," "," ","7",152," "," ","7",0," "," ","7",0," "," ","7",0," "," ","7",0," "," ","7",343," "," ","7",69," "," ","7",0," "," ","7",0," "," ","7",0," "," ","7",0," "," ","7",0," "," ","7",0," "," ","7",0," "," ","7",NA," "," "," "
"1597","USC00392565",2013,6,"SNOW",0," "," ","7",0," "," ","7",0," "," ","7",0," "," ","7",0," "," ","7",0," "," ","7",0," "," ","7",0," "," ","7",0," "," ","7",0," "," ","7",0," "," ","7",0," "," ","7",0," "," ","7",0," "," ","7",0," "," ","7",0," "," ","7",0," "," ","7",0," "," ","7",0," "," ","7",0," "," ","7",0," "," ","7",0," "," ","7",0," "," ","7",0," "," ","7",0," "," ","7",0," "," ","7",0," "," ","7",0," "," ","7",0," "," ","7",0," "," ","7",NA," "," "," "
"1598","USC00392565",2013,6,"SNWD",0," "," ","7",0," "," ","7",0," "," ","7",0," "," ","7",0," "," ","7",0," "," ","7",0," "," ","7",0," "," ","7",0," "," ","7",0," "," ","7",0," "," ","7",0," "," ","7",0," "," ","7",0," "," ","7",0," "," ","7",0," "," ","7",0," "," ","7",0," "," ","7",0," "," ","7",0," "," ","7",0," "," ","7",0," "," ","7",0," "," ","7",0," "," ","7",0," "," ","7",0," "," ","7",0," "," ","7",0," "," ","7",0," "," ","7",0," "," ","7",NA," "," "," "
"1599","USC00392565",2013,7,"TMAX",267," "," ","7",256," "," ","7",278," "," ","7",311," "," ","7",300," "," ","7",300," "," ","7",306," "," ","7",294," "," ","7",NA," "," "," ",300," "," ","7",322," "," ","7",356," "," ","7",NA," "," "," ",NA," "," "," ",328," "," ","7",294," "," ","7",306," "," ","7",NA," "," "," ",322," "," ","7",322," "," ","7",294," "," ","7",306," "," ","7",294," "," ","7",300," "," ","7",300," "," ","7",283," "," ","7",228," "," ","7",239," "," ","7",206," "," ","7",272," "," ","7",300," "," ","7"
"1600","USC00392565",2013,7,"TMIN",144," "," ","7",128," "," ","7",111," "," ","7",139," "," ","7",144," "," ","7",133," "," ","7",144," "," ","7",133," "," ","7",NA," "," "," ",139," "," ","7",139," "," ","7",156," "," ","7",NA," "," "," ",NA," "," "," ",156," "," ","7",150," "," ","7",156," "," ","7",161," "," ","7",150," "," ","7",150," "," ","7",161," "," ","7",144," "," ","7",139," "," ","7",139," "," ","7",144," "," ","7",100," "," ","7",111," "," ","7",117," "," ","7",111," "," ","7",144," "," ","7",111," "," ","7"
"1601","USC00392565",2013,7,"PRCP",0," "," ","7",74," "," ","7",0," "," ","7",0," "," ","7",0," "," ","7",13," "," ","7",15," "," ","7",566," "," ","7",0," "," ","7",0," "," ","7",0," "," ","7",36," "," ","7",0," "," ","7",0," "," ","7",0," "," ","7",0," "," ","7",0," "," ","7",0," "," ","7",74," "," ","7",51," "," ","7",13," "," ","7",0," "," ","7",18," "," ","7",0," "," ","7",13," "," ","7",69," "," ","7",0," "," ","7",0," "," ","7",18," "," ","7",0," "," ","7",18," "," ","7"
"1602","USC00392565",2013,7,"SNOW",0," "," ","7",0," "," ","7",0," "," ","7",0," "," ","7",0," "," ","7",0," "," ","7",0," "," ","7",0," "," ","7",0," "," ","7",0," "," ","7",0," "," ","7",0," "," ","7",0," "," ","7",0," "," ","7",0," "," ","7",0," "," ","7",0," "," ","7",0," "," ","7",0," "," ","7",0," "," ","7",0," "," ","7",0," "," ","7",0," "," ","7",0," "," ","7",0," "," ","7",0," "," ","7",0," "," ","7",0," "," ","7",0," "," ","7",0," "," ","7",0," "," ","7"
"1603","USC00392565",2013,7,"SNWD",0," "," ","7",0," "," ","7",0," "," ","7",0," "," ","7",0," "," ","7",0," "," ","7",0," "," ","7",0," "," ","7",0," "," ","7",0," "," ","7",0," "," ","7",0," "," ","7",0," "," ","7",0," "," ","7",0," "," ","7",0," "," ","7",0," "," ","7",0," "," ","7",0," "," ","7",0," "," ","7",0," "," ","7",0," "," ","7",0," "," ","7",0," "," ","7",0," "," ","7",0," "," ","7",0," "," ","7",0," "," ","7",0," "," ","7",0," "," ","7",0," "," ","7"
"1604","USC00392565",2013,8,"TMAX",283," "," ","7",300," "," ","7",228," "," ","7",244," "," ","7",300," "," ","7",300," "," ","7",272," "," ","7",283," "," ","7",278," "," ","7",317," "," ","7",306," "," ","7",267," "," ","7",294," "," ","7",289," "," ","7",261," "," ","7",272," "," ","7",289," "," ","7",328," "," ","7",339," "," ","7",311," "," ","7",306," "," ","7",272," "," ","7",311," "," ","7",356," "," ","7",317," "," ","7",317," "," ","7",356," "," ","7",328," "," ","7",356," "," ","7",367," "," ","7",333," "," ","7"
"1605","USC00392565",2013,8,"TMIN",133," "," ","7",133," "," ","7",139," "," ","7",144," "," ","7",133," "," ","7",122," "," ","7",117," "," ","7",106," "," ","7",156," "," ","7",111," "," ","7",122," "," ","7",111," "," ","7",144," "," ","7",106," "," ","7",122," "," ","7",122," "," ","7",128," "," ","7",161," "," ","7",133," "," ","7",150," "," ","7",133," "," ","7",167," "," ","7",144," "," ","7",156," "," ","7",144," "," ","7",167," "," ","7",172," "," ","7",161," "," ","7",183," "," ","7",194," "," ","7",167," "," ","7"
"1606","USC00392565",2013,8,"TOBS",244," "," ","7",172," "," ","7",156," "," ","7",178," "," ","7",172," "," ","7",161," "," ","7",206," "," ","7",183," "," ","7",178," "," ","7",306," "," ","7",183," "," ","7",183," "," ","7",289," "," ","7",189," "," ","7",161," "," ","7",200," "," ","7",217," "," ","7",217," "," ","7",239," "," ","7",250," "," ","7",206," "," ","7",211," "," ","7",211," "," ","7",178," "," ","7",189," "," ","7",217," "," ","7",200," "," ","7",250," "," ","7",211," "," ","7",206," "," ","7",217," "," ","7"
"1607","USC00392565",2013,8,"PRCP",0," "," ","7",69," "," ","7",76," "," ","7",0," "," ","7",13," "," ","7",0," "," ","7",0," "," ","7",157," "," ","7",0," "," ","7",102," "," ","7",0," "," ","7",109," "," ","7",0," "," ","7",61," "," ","7",20," "," ","7",0," "," ","7",0," "," ","7",0," "," ","7",0," "," ","7",0," "," ","7",0," "," ","7",0," "," ","7",0," "," ","7",0," "," ","7",0," "," ","7",0," "," ","7",0," "," ","7",0," "," ","7",20," "," ","7",0," "," ","7",0," "," ","7"
"1608","USC00392565",2013,8,"SNOW",0," "," ","7",0," "," ","7",0," "," ","7",0," "," ","7",0," "," ","7",0," "," ","7",0," "," ","7",0," "," ","7",0," "," ","7",0," "," ","7",0," "," ","7",0," "," ","7",0," "," ","7",0," "," ","7",0," "," ","7",0," "," ","7",0," "," ","7",0," "," ","7",0," "," ","7",0," "," ","7",0," "," ","7",0," "," ","7",0," "," ","7",0," "," ","7",0," "," ","7",0," "," ","7",0," "," ","7",0," "," ","7",0," "," ","7",0," "," ","7",0," "," ","7"
"1609","USC00392565",2013,8,"SNWD",0," "," ","7",0," "," ","7",0," "," ","7",0," "," ","7",0," "," ","7",0," "," ","7",0," "," ","7",0," "," ","7",0," "," ","7",0," "," ","7",0," "," ","7",0," "," ","7",0," "," ","7",0," "," ","7",0," "," ","7",0," "," ","7",0," "," ","7",0," "," ","7",0," "," ","7",0," "," ","7",0," "," ","7",0," "," ","7",0," "," ","7",0," "," ","7",0," "," ","7",0," "," ","7",0," "," ","7",0," "," ","7",0," "," ","7",0," "," ","7",0," "," ","7"
"1610","USC00392565",2013,9,"TMAX",311," "," ","7",289," "," ","7",322," "," ","7",328," "," ","7",339," "," ","7",333," "," ","7",306," "," ","7",317," "," ","7",283," "," ","7",217," "," ","7",228," "," ","7",244," "," ","7",244," "," ","7",172," "," ","7",189," "," ","7",239," "," ","7",211," "," ","7",300," "," ","7",278," "," ","7",161," "," ","7",206," "," ","7",283," "," ","7",289," "," ","7",172," "," ","7",228," "," ","7",261," "," ","7",206," "," ","7",67," "," ","7",161," "," ","7",228," "," ","7",NA," "," "," "
"1611","USC00392565",2013,9,"TMIN",94," "," ","7",139," "," ","7",139," "," ","7",167," "," ","7",178," "," ","7",189," "," ","7",172," "," ","7",172," "," ","7",150," "," ","7",106," "," ","7",111," "," ","7",128," "," ","7",128," "," ","7",139," "," ","7",128," "," ","7",106," "," ","7",83," "," ","7",111," "," ","7",56," "," ","7",11," "," ","7",61," "," ","7",106," "," ","7",106," "," ","7",33," "," ","7",78," "," ","7",72," "," ","7",61," "," ","7",-17," "," ","7",-11," "," ","7",44," "," ","7",NA," "," "," "
"1612","USC00392565",2013,9,"TOBS",156," "," ","7",206," "," ","7",222," "," ","7",211," "," ","7",206," "," ","7",256," "," ","7",217," "," ","7",194," "," ","7",167," "," ","7",117," "," ","7",156," "," ","7",172," "," ","7",156," "," ","7",156," "," ","7",144," "," ","7",139," "," ","7",122," "," ","7",122," "," ","7",94," "," ","7",117," "," ","7",156," "," ","7",117," "," ","7",122," "," ","7",139," "," ","7",111," "," ","7",111," "," ","7",61," "," ","7",-11," "," ","7",78," "," ","7",150," "," ","7",NA," "," "," "
"1613","USC00392565",2013,9,"PRCP",0," "," ","7",0," "," ","7",0," "," ","7",0," "," ","7",122," "," ","7",0," "," ","7",0," "," ","7",0," "," ","7",259," "," ","7",0," "," ","7",0," "," ","7",0," "," ","7",0," "," ","7",0," "," ","7",0," "," ","7",0," "," ","7",0," "," ","7",8," "," ","7",0," "," ","7",0," "," ","7",0," "," ","7",0," "," ","7",0," "," ","7",0," "," ","7",0," "," ","7",0," "," ","7",0," "," ","7",46," "," ","7",0," "," ","7",0," "," ","7",NA," "," "," "
"1614","USC00392565",2013,9,"SNOW",0," "," ","7",0," "," ","7",0," "," ","7",0," "," ","7",0," "," ","7",0," "," ","7",0," "," ","7",0," "," ","7",0," "," ","7",0," "," ","7",0," "," ","7",0," "," ","7",0," "," ","7",0," "," ","7",0," "," ","7",0," "," ","7",0," "," ","7",0," "," ","7",0," "," ","7",0," "," ","7",0," "," ","7",0," "," ","7",0," "," ","7",0," "," ","7",0," "," ","7",0," "," ","7",0," "," ","7",0," "," ","7",0," "," ","7",0," "," ","7",NA," "," "," "
"1615","USC00392565",2013,9,"SNWD",0," "," ","7",0," "," ","7",0," "," ","7",0," "," ","7",0," "," ","7",0," "," ","7",0," "," ","7",0," "," ","7",0," "," ","7",0," "," ","7",0," "," ","7",0," "," ","7",0," "," ","7",0," "," ","7",0," "," ","7",0," "," ","7",0," "," ","7",0," "," ","7",0," "," ","7",0," "," ","7",0," "," ","7",0," "," ","7",0," "," ","7",0," "," ","7",0," "," ","7",0," "," ","7",0," "," ","7",0," "," ","7",0," "," ","7",0," "," ","7",NA," "," "," "
"1616","USC00392565",2013,10,"TMAX",261," "," ","7",217," "," ","7",178," "," ","7",106," "," ","7",11," "," ","7",44," "," ","7",133," "," ","7",189," "," ","7",189," "," ","7",133," "," ","7",156," "," ","7",89," "," ","7",106," "," ","7",133," "," ","7",72," "," ","7",72," "," ","7",106," "," ","7",39," "," ","7",28," "," ","7",139," "," ","7",78," "," ","7",106," "," ","7",128," "," ","7",133," "," ","7",117," "," ","7",183," "," ","7",161," "," ","7",189," "," ","7",11," "," ","7",6," "," ","7",72," "," ","7"
"1617","USC00392565",2013,10,"TMIN",11," "," ","7",28," "," ","7",78," "," ","7",0," "," ","7",-28," "," ","7",-22," "," ","7",-22," "," ","7",17," "," ","7",39," "," ","7",22," "," ","7",33," "," ","7",-28," "," ","7",-17," "," ","7",67," "," ","7",-6," "," ","7",-44," "," ","7",-39," "," ","7",-39," "," ","7",-28," "," ","7",-17," "," ","7",0," "," ","7",22," "," ","7",-11," "," ","7",-11," "," ","7",0," "," ","7",-28," "," ","7",-22," "," ","7",-17," "," ","7",-33," "," ","7",-28," "," ","7",-17," "," ","7"
"1618","USC00392565",2013,10,"TOBS",28," "," ","7",89," "," ","7",94," "," ","7",0," "," ","7",-17," "," ","7",44," "," ","7",17," "," ","7",89," "," ","7",78," "," ","7",67," "," ","7",33," "," ","7",-17," "," ","7",78," "," ","7",72," "," ","7",0," "," ","7",-39," "," ","7",-6," "," ","7",-11," "," ","7",-17," "," ","7",39," "," ","7",22," "," ","7",61," "," ","7",6," "," ","7",50," "," ","7",67," "," ","7",50," "," ","7",-17," "," ","7",-17," "," ","7",-28," "," ","7",6," "," ","7",17," "," ","7"
"1619","USC00392565",2013,10,"PRCP",0," "," ","7",0," "," ","7",0," "," ","7",203," "," ","7",168," "," ","7",0," "," ","7",0," "," ","7",0," "," ","7",0," "," ","7",0," "," ","7",343," "," ","7",5," "," ","7",0," "," ","7",79," "," ","7",0," "," ","7",0," "," ","7",0," "," ","7",0," "," ","7",0," "," ","7",0," "," ","7",0," "," ","7",0," "," ","7",0," "," ","7",0," "," ","7",0," "," ","7",0," "," ","7",0," "," ","7",0," "," ","7",0," "," ","7",0," "," ","7",8," "," ","7"
"1620","USC00392565",2013,10,"SNOW",0," "," ","7",0," "," ","7",0," "," ","7",25," "," ","7",152," "," ","7",0," "," ","7",0," "," ","7",0," "," ","7",0," "," ","7",0," "," ","7",0," "," ","7",0," "," ","7",0," "," ","7",0," "," ","7",0," "," ","7",0," "," ","7",0," "," ","7",0," "," ","7",0," "," ","7",0," "," ","7",0," "," ","7",0," "," ","7",0," "," ","7",0," "," ","7",0," "," ","7",0," "," ","7",0," "," ","7",0," "," ","7",0," "," ","7",0," "," ","7",0," "," ","7"
"1621","USC00392565",2013,10,"SNWD",0," "," ","7",0," "," ","7",0," "," ","7",0,"T"," ","7",127," "," ","7",51," "," ","7",0,"T"," ","7",0," "," ","7",0," "," ","7",0," "," ","7",0," "," ","7",0," "," ","7",0," "," ","7",0," "," ","7",0," "," ","7",0," "," ","7",0," "," ","7",0," "," ","7",0," "," ","7",0," "," ","7",0," "," ","7",0," "," ","7",0," "," ","7",0," "," ","7",0," "," ","7",0," "," ","7",0," "," ","7",0," "," ","7",0," "," ","7",0," "," ","7",0," "," ","7"
"1622","USC00392565",2013,11,"TMAX",83," "," ","7",22," "," ","7",133," "," ","7",106," "," ","7",39," "," ","7",-6," "," ","7",56," "," ","7",94," "," ","7",94," "," ","7",78," "," ","7",150," "," ","7",-11," "," ","7",122," "," ","7",133," "," ","7",83," "," ","7",94," "," ","7",78," "," ","7",50," "," ","7",117," "," ","7",128," "," ","7",117," "," ","7",-89," "," ","7",0," "," ","7",22," "," ","7",44," "," ","7",50," "," ","7",44," "," ","7",117," "," ","7",50," "," ","7",117," "," ","7",NA," "," "," "
"1623","USC00392565",2013,11,"TMIN",17," "," ","7",-156," ","S","7",-50," "," ","7",-28," "," ","7",-28," "," ","7",-111," "," ","7",-61," "," ","7",-28," "," ","7",-44," "," ","7",-33," "," ","7",-44," "," ","7",-61," "," ","7",-28," "," ","7",-28," "," ","7",-28," "," ","7",-50," "," ","7",-44," "," ","7",-78," "," ","7",-61," "," ","7",-61," "," ","7",-111," "," ","7",-222," "," ","7",-183," "," ","7",-111," "," ","7",-83," "," ","7",-39," "," ","7",-72," "," ","7",-78," "," ","7",-44," "," ","7",-50," "," ","7",NA," "," "," "
"1624","USC00392565",2013,11,"TOBS",22," "," ","7",-50," "," ","7",83," "," ","7",-11," "," ","7",-28," "," ","7",-50," "," ","7",-28," "," ","7",67," "," ","7",0," "," ","7",17," "," ","7",-44," "," ","7",-17," "," ","7",83," "," ","7",22," "," ","7",33," "," ","7",-6," "," ","7",-11," "," ","7",-61," "," ","7",83," "," ","7",22," "," ","7",-111," "," ","7",-183," "," ","7",-56," "," ","7",-78," "," ","7",33," "," ","7",0," "," ","7",44," "," ","7",-28," "," ","7",39," "," ","7",50," "," ","7",NA," "," "," "
"1625","USC00392565",2013,11,"PRCP",0," "," ","7",0," "," ","7",0," "," ","7",0," "," ","7",51," "," ","7",0," "," ","7",0," "," ","7",0," "," ","7",0," "," ","7",0," "," ","7",0," "," ","7",0," "," ","7",0," "," ","7",0," "," ","7",0," "," ","7",0," "," ","7",15," "," ","7",0," "," ","7",0," "," ","7",15," "," ","7",36," "," ","7",0," "," ","7",0," "," ","7",0," "," ","7",0," "," ","7",0," "," ","7",0," "," ","7",0," "," ","7",0," "," ","7",0," "," ","7",NA," "," "," "
"1626","USC00392565",2013,11,"SNOW",0," "," ","7",0," "," ","7",0," "," ","7",0," "," ","7",76," "," ","7",0," "," ","7",0," "," ","7",0," "," ","7",0," "," ","7",0," "," ","7",0," "," ","7",0," "," ","7",0," "," ","7",0," "," ","7",0," "," ","7",0," "," ","7",25," "," ","7",0," "," ","7",0," "," ","7",25," "," ","7",51," "," ","7",0," "," ","7",0," "," ","7",0," "," ","7",0," "," ","7",0," "," ","7",0," "," ","7",0," "," ","7",0," "," ","7",0," "," ","7",NA," "," "," "
"1627","USC00392565",2013,11,"SNWD",0," "," ","7",0," "," ","7",0," "," ","7",0," "," ","7",76," "," ","7",76," "," ","7",25," "," ","7",0,"T"," ","7",0," "," ","7",0," "," ","7",0," "," ","7",0," "," ","7",0," "," ","7",0," "," ","7",0," "," ","7",0," "," ","7",25," "," ","7",0,"T"," ","7",0," "," ","7",25," "," ","7",51," "," ","7",51," "," ","7",51," "," ","7",51," "," ","7",25," "," ","7",0,"T"," ","7",0," "," ","7",0," "," ","7",0," "," ","7",0," "," ","7",NA," "," "," "
"1628","USC00392565",2013,12,"TMAX",100," "," ","7",NA," "," "," ",106," "," ","7",-56," "," ","7",-150," "," ","7",-150," "," ","7",-150," "," ","7",-150," "," ","7",-139," "," ","7",-72," "," ","7",-39," "," ","7",-39," "," ","7",56," "," ","7",33," "," ","7",39," "," ","7",78," "," ","7",61," "," ","7",72," "," ","7",117," "," ","7",-39," "," ","7",-44," "," ","7",-33," "," ","7",-67," "," ","7",17," "," ","7",28," "," ","7",17," "," ","7",56," "," ","7",83," "," ","7",6," "," ","7",0," "," ","7",6," "," ","7"
"1629","USC00392565",2013,12,"TMIN",-39," "," ","7",-22," "," ","7",-56," "," ","7",-167," "," ","7",-211," "," ","7",-272," "," ","7",-272," "," ","7",-228," "," ","7",-233," "," ","7",-228," "," ","7",-233," "," ","7",-156," "," ","7",-83," "," ","7",-94," "," ","7",-89," "," ","7",-61," "," ","7",-83," "," ","7",-33," "," ","7",-39," "," ","7",-228," "," ","7",-183," "," ","7",-128," "," ","7",-250," "," ","7",-233," "," ","7",-122," "," ","7",-128," "," ","7",-83," "," ","7",-56," "," ","7",-183," "," ","7",-111," "," ","7",-100," "," ","7"
"1630","USC00392565",2013,12,"TOBS",-17," "," ","7",83," "," ","7",-56," "," ","7",-161," "," ","7",-200," "," ","7",-267," "," ","7",-222," "," ","7",-222," "," ","7",-228," "," ","7",-78," "," ","7",-106," "," ","7",-83," "," ","7",-22," "," ","7",-89," "," ","7",-17," "," ","7",-22," "," ","7",-28," "," ","7",67," "," ","7",-39," "," ","7",-183," "," ","7",-83," "," ","7",-83," "," ","7",-233," "," ","7",6," "," ","7",-78," "," ","7",6," "," ","7",6," "," ","7",6," "," ","7",-106," "," ","7",-6," "," ","7",-11," "," ","7"
"1631","USC00392565",2013,12,"PRCP",0," "," ","7",0," "," ","7",51," "," ","7",0," "," ","7",0," "," ","7",0," "," ","7",0," "," ","7",5," "," ","7",0," "," ","7",102," "," ","7",23," "," ","7",0," "," ","7",0," "," ","7",0," "," ","7",0," "," ","7",0," "," ","7",0," "," ","7",0," "," ","7",18," "," ","7",102," "," ","7",0," "," ","7",0," "," ","7",0," "," ","7",0," "," ","7",0," "," ","7",0," "," ","7",0," "," ","7",0," "," ","7",0," "," ","7",20," "," ","7",0," "," ","7"
"1632","USC00392565",2013,12,"SNOW",0," "," ","7",0," "," ","7",51," "," ","7",0," "," ","7",0," "," ","7",0," "," ","7",0," "," ","7",25," "," ","7",0," "," ","7",152," "," ","7",25," "," ","7",0," "," ","7",0," "," ","7",0," "," ","7",0," "," ","7",0," "," ","7",0," "," ","7",0," "," ","7",25," "," ","7",152," "," ","7",0," "," ","7",0," "," ","7",0," "," ","7",0," "," ","7",0," "," ","7",0," "," ","7",0," "," ","7",0," "," ","7",0," "," ","7",25," "," ","7",0," "," ","7"
"1633","USC00392565",2013,12,"SNWD",0," "," ","7",0," "," ","7",51," "," ","7",51," "," ","7",51," "," ","7",51," "," ","7",51," "," ","7",76," "," ","7",76," "," ","7",229," "," ","7",254," "," ","7",229," "," ","7",178," "," ","7",127," "," ","7",102," "," ","7",51," "," ","7",0,"T"," ","7",0," "," ","7",25," "," ","7",178," "," ","7",152," "," ","7",152," "," ","7",152," "," ","7",102," "," ","7",51," "," ","7",25," "," ","7",0," "," ","7",0," "," ","7",0," "," ","7",25," "," ","7",0,"T"," ","7"
"1634","USC00392565",2014,1,"TMAX",33," "," ","7",33," "," ","7",17," "," ","7",61," "," ","7",-56," "," ","7",-172," "," ","7",-11," "," ","7",0," "," ","7",28," "," ","7",39," "," ","7",11," "," ","7",83," "," ","7",33," "," ","7",56," "," ","7",-28," "," ","7",67," "," ","7",-11," "," ","7",56," "," ","7",39," "," ","7",111," "," ","7",56," "," ","7",50," "," ","7",-11," "," ","7",-39," "," ","7",72," "," ","7",106," "," ","7",50," "," ","7",-106," "," ","7",-67," "," ","7",56," "," ","7",22," "," ","7"
"1635","USC00392565",2014,1,"TMIN",-61," "," ","7",-133," "," ","7",-78," "," ","7",-89," "," ","7",-172," "," ","7",-261," "," ","7",-217," "," ","7",-78," "," ","7",-89," "," ","7",-89," "," ","7",-78," "," ","7",-61," "," ","7",-89," "," ","7",-50," "," ","7",-100," "," ","7",-61," "," ","7",-133," "," ","7",-44," "," ","7",-78," "," ","7",-89," "," ","7",-122," "," ","7",-172," "," ","7",-194," "," ","7",-106," "," ","7",-44," "," ","7",-144," "," ","7",-206," "," ","7",-144," "," ","7",-139," "," ","7",-156," "," ","7",-189," "," ","7"
"1636","USC00392565",2014,1,"TOBS",-56," "," ","7",-72," "," ","7",-39," "," ","7",-83," "," ","7",-172," "," ","7",-217," "," ","7",-78," "," ","7",-44," "," ","7",0," "," ","7",-78," "," ","7",-61," "," ","7",6," "," ","7",-33," "," ","7",-44," "," ","7",-61," "," ","7",-33," "," ","7",NA," "," "," ",NA," "," "," ",NA," "," "," ",NA," "," "," ",NA," "," "," ",NA," "," "," ",NA," "," "," ",NA," "," "," ",NA," "," "," ",NA," "," "," ",NA," "," "," ",NA," "," "," ",-94," "," ","7",-61," "," ","7",-183," ","I","7"
"1637","USC00392565",2014,1,"PRCP",0," "," ","7",0," "," ","7",0," "," ","7",0," "," ","7",13," "," ","7",0," "," ","7",0," "," ","7",0," "," ","7",0," "," ","7",0," "," ","7",0," "," ","7",0," "," ","7",15," "," ","7",25," "," ","7",119," "," ","7",0," "," ","7",NA," "," "," ",NA," "," "," ",NA," "," "," ",NA," "," "," ",NA," "," "," ",NA," "," "," ",NA," "," "," ",NA," "," "," ",NA," "," "," ",NA," "," "," ",NA," "," "," ",NA," "," "," ",0," "," ","7",0," "," ","7",0,"T"," ","7"
"1638","USC00392565",2014,1,"SNOW",0," "," ","7",0," "," ","7",0," "," ","7",0," "," ","7",38," "," ","7",0," "," ","7",0," "," ","7",0," "," ","7",0," "," ","7",0," "," ","7",0," "," ","7",0," "," ","7",25," "," ","7",51," "," ","7",152," "," ","7",0," "," ","7",NA," "," "," ",NA," "," "," ",NA," "," "," ",NA," "," "," ",NA," "," "," ",NA," "," "," ",NA," "," "," ",NA," "," "," ",NA," "," "," ",NA," "," "," ",NA," "," "," ",NA," "," "," ",0," "," ","7",0," "," ","7",3," "," ","7"
"1639","USC00392565",2014,1,"SNWD",0," "," ","7",0," "," ","7",0," "," ","7",0," "," ","7",25," "," ","7",25," "," ","7",25," "," ","7",0,"T"," ","7",0," "," ","7",0," "," ","7",0," "," ","7",0," "," ","7",25," "," ","7",51," "," ","7",178," "," ","7",127," "," ","7",NA," "," "," ",NA," "," "," ",NA," "," "," ",NA," "," "," ",NA," "," "," ",NA," "," "," ",NA," "," "," ",NA," "," "," ",NA," "," "," ",NA," "," "," ",NA," "," "," ",NA," "," "," ",0," "," ","7",0," "," ","7",0,"T"," ","7"
"1640","USC00392565",2014,2,"TMAX",-28," "," ","7",-89," "," ","7",-22," "," ","7",-44," "," ","7",-133," "," ","7",-172," "," ","7",-161," "," ","7",-28," "," ","7",-56," "," ","7",-56," "," ","7",-61," "," ","7",6," "," ","7",33," "," ","7",83," "," ","7",33," "," ","7",56," "," ","7",133," "," ","7",78," "," ","7",39," "," ","7",94," "," ","7",-6," "," ","7",17," "," ","7",-28," "," ","7",-67," "," ","7",-56," "," ","7",-72," "," ","7",0," "," ","7",39," "," ","7",NA," "," "," ",NA," "," "," ",NA," "," "," "
"1641","USC00392565",2014,2,"TMIN",-111," ","I","7",-189," "," ","7",-122," "," ","7",-161," "," ","7",-272," "," ","7",-283," "," ","7",-283," "," ","7",-178," "," ","7",-161," "," ","7",-233," "," ","7",-178," "," ","7",-150," "," ","7",-89," "," ","7",-89," "," ","7",-22," "," ","7",-33," "," ","7",-39," "," ","7",-39," "," ","7",-61," "," ","7",-44," "," ","7",-72," "," ","7",-100," "," ","7",-117," "," ","7",-117," "," ","7",-144," "," ","7",-211," "," ","7",-156," "," ","7",-61," "," ","7",NA," "," "," ",NA," "," "," ",NA," "," "," "
"1642","USC00392565",2014,2,"TOBS",-111," "," ","7",-122," "," ","7",-111," "," ","7",-144," "," ","7",-239," "," ","7",-283," "," ","7",-161," "," ","7",-117," "," ","7",-161," "," ","7",-156," "," ","7",-122," "," ","7",-44," "," ","7",-89," "," ","7",-17," "," ","7",-6," "," ","7",11," "," ","7",-17," "," ","7",22," "," ","7",22," "," ","7",-39," "," ","7",-22," "," ","7",-83," "," ","7",-117," "," ","7",-89," "," ","7",-94," "," ","7",-78," "," ","7",-39," "," ","7",-39," "," ","7",NA," "," "," ",NA," "," "," ",NA," "," "," "
"1643","USC00392565",2014,2,"PRCP",0," "," ","7",0," "," ","7",0," "," ","7",0," "," ","7",0," "," ","7",0," "," ","7",0," "," ","7",0," "," ","7",89," "," ","7",0," "," ","7",0," "," ","7",0," "," ","7",0," "," ","7",5," "," ","7",0," "," ","7",0," "," ","7",0," "," ","7",0," "," ","7",0," "," ","7",0," "," ","7",0," "," ","7",0," "," ","7",0," "," ","7",0," "," ","7",0," "," ","7",0," "," ","7",0," "," ","7",0," "," ","7",NA," "," "," ",NA," "," "," ",NA," "," "," "
"1644","USC00392565",2014,2,"SNOW",0," "," ","7",0," "," ","7",0," "," ","7",0," "," ","7",0," "," ","7",0," "," ","7",0," "," ","7",0," "," ","7",152," "," ","7",0," "," ","7",0," "," ","7",0," "," ","7",0," "," ","7",0,"T"," ","7",0," "," ","7",0," "," ","7",0," "," ","7",0," "," ","7",0," "," ","7",0," "," ","7",0," "," ","7",0," "," ","7",0," "," ","7",0," "," ","7",0," "," ","7",0," "," ","7",0," "," ","7",0," "," ","7",NA," "," "," ",NA," "," "," ",NA," "," "," "
"1645","USC00392565",2014,2,"SNWD",0," "," ","7",0," "," ","7",0," "," ","7",0," "," ","7",0," "," ","7",0," "," ","7",0," "," ","7",0," "," ","7",152," "," ","7",152," "," ","7",152," "," ","7",127," "," ","7",127," "," ","7",76," "," ","7",76," "," ","7",51," "," ","7",25," "," ","7",0," "," ","7",0," "," ","7",0," "," ","7",0," "," ","7",0," "," ","7",0," "," ","7",0," "," ","7",0," "," ","7",0," "," ","7",0," "," ","7",0," "," ","7",NA," "," "," ",NA," "," "," ",NA," "," "," "
"1646","USC00392565",2014,3,"TMAX",-39," "," ","7",-172," "," ","7",-50," "," ","7",NA," "," "," ",78," "," ","7",94," "," ","7",139," "," ","7",139," "," ","7",111," "," ","7",139," "," ","7",161," "," ","7",39," "," ","7",78," "," ","7",133," "," ","7",139," "," ","7",56," "," ","7",150," "," ","7",139," "," ","7",61," "," ","7",72," "," ","7",133," "," ","7",39," "," ","7",-61," "," ","7",39," "," ","7",0," "," ","7",106," "," ","7",144," "," ","7",11," "," ","7",56," "," ","7",178," "," ","7",133," "," ","7"
"1647","USC00392565",2014,3,"TMIN",-194," "," ","7",-250," "," ","7",-194," "," ","7",NA," "," "," ",-56," "," ","7",-39," "," ","7",0," "," ","7",-56," "," ","7",-28," "," ","7",-28," "," ","7",-6," "," ","7",-44," "," ","7",-50," "," ","7",-56," "," ","7",-56," "," ","7",-39," "," ","7",-22," "," ","7",0," "," ","7",-67," "," ","7",-67," "," ","7",-22," "," ","7",-83," "," ","7",-144," "," ","7",-78," "," ","7",-117," "," ","7",-111," "," ","7",-22," "," ","7",-39," "," ","7",-44," "," ","7",-28," "," ","7",-67," "," ","7"
"1648","USC00392565",2014,3,"TOBS",-189," "," ","7",-194," "," ","7",-56," "," ","7",NA," "," "," ",72," "," ","7",78," "," ","7",0," "," ","7",-28," "," ","7",-17," "," ","7",-6," "," ","7",6," "," ","7",-22," "," ","7",56," "," ","7",-6," "," ","7",11," "," ","7",-22," "," ","7",39," "," ","7",6," "," ","7",NA," "," "," ",-6," "," ","7",22," "," ","7",-83," "," ","7",-67," "," ","7",-44," "," ","7",-111," "," ","7",100," "," ","7",-22," "," ","7",-33," "," ","7",-28," "," ","7",44," "," ","7",-67," "," ","7"
"1649","USC00392565",2014,3,"PRCP",43," "," ","7",36," "," ","7",0," "," ","7",0," "," ","7",0," "," ","7",0," "," ","7",15," "," ","7",0," "," ","7",0," "," ","7",0," "," ","7",0," "," ","7",0," "," ","7",0," "," ","7",0," "," ","7",0," "," ","7",0," "," ","7",0," "," ","7",0," "," ","7",0," "," ","7",0," "," ","7",0," "," ","7",23," "," ","7",15," "," ","7",0," "," ","7",0," "," ","7",0," "," ","7",8," "," ","7",74," "," ","7",0," "," ","7",0," "," ","7",94," "," ","7"
"1650","USC00392565",2014,3,"SNOW",76," "," ","7",127," "," ","7",0," "," ","7",0," "," ","7",0," "," ","7",0," "," ","7",0," "," ","7",0," "," ","7",0," "," ","7",0," "," ","7",0," "," ","7",0," "," ","7",0," "," ","7",0," "," ","7",0," "," ","7",0," "," ","7",0," "," ","7",0," "," ","7",0," "," ","7",0," "," ","7",0," "," ","7",25," "," ","7",0," "," ","7",0," "," ","7",0," "," ","7",0," "," ","7",13," "," ","7",51," "," ","7",0," "," ","7",0," "," ","7",25," "," ","7"
"1651","USC00392565",2014,3,"SNWD",76," "," ","7",203," "," ","7",203," "," ","7",152," "," ","7",102," "," ","7",51," "," ","7",0," "," ","7",0," "," ","7",0," "," ","7",0," "," ","7",0," "," ","7",0," "," ","7",0," "," ","7",0," "," ","7",0," "," ","7",0," "," ","7",0," "," ","7",0," "," ","7",0," "," ","7",0," "," ","7",0," "," ","7",25," "," ","7",25," "," ","7",0,"T"," ","7",0," "," ","7",0," "," ","7",25," "," ","7",51," "," ","7",25," "," ","7",0," "," ","7",0," "," ","7"
"1652","USC00392565",2014,4,"TMAX",6," "," ","7",11," "," ","7",17," "," ","7",39," "," ","7",111," "," ","7",133," "," ","7",117," "," ","7",156," "," ","7",172," "," ","7",217," "," ","7",117," "," ","7",194," "," ","7",161," "," ","7",17," "," ","7",56," "," ","7",150," "," ","7",106," "," ","7",128," "," ","7",211," "," ","7",167," "," ","7",211," "," ","7",183," "," ","7",211," "," ","7",161," "," ","7",167," "," ","7",194," "," ","7",194," "," ","7",94," "," ","7",67," "," ","7",56," "," ","7",NA," "," "," "
"1653","USC00392565",2014,4,"TMIN",-83," "," ","7",-72," "," ","7",-50," "," ","7",-89," "," ","7",-39," "," ","7",-28," "," ","7",11," "," ","7",-11," "," ","7",6," "," ","7",11," "," ","7",-17," "," ","7",17," "," ","7",-17," "," ","7",-89," "," ","7",-61," "," ","7",17," "," ","7",-22," "," ","7",0," "," ","7",22," "," ","7",28," "," ","7",-11," "," ","7",-11," "," ","7",NA," "," "," ",-33," "," ","7",-11," "," ","7",89," "," ","7",78," "," ","7",11," "," ","7",11," "," ","7",-17," "," ","7",NA," "," "," "
"1654","USC00392565",2014,4,"TOBS",-44," "," ","7",-28," "," ","7",-6," "," ","7",6," "," ","7",-28," "," ","7",33," "," ","7",33," "," ","7",NA," "," "," ",NA," "," "," ",39," "," ","7",78," "," ","7",128," "," ","7",-17," "," ","7",-33," "," ","7",33," "," ","7",61," "," ","7",6," "," ","7",100," "," ","7",128," "," ","7",NA," "," "," ",122," "," ","7",NA," "," "," ",NA," "," "," ",39," "," ","7",89," "," ","7",139," "," ","7",94," "," ","7",33," "," ","7",11," "," ","7",39," "," ","7",NA," "," "," "
"1655","USC00392565",2014,4,"PRCP",23," "," ","7",58," "," ","7",20," "," ","7",0," "," ","7",0," "," ","7",0," "," ","7",0," "," ","7",0," "," ","7",0," "," ","7",0," "," ","7",0," "," ","7",0," "," ","7",25," "," ","7",0," "," ","7",0," "," ","7",0," "," ","7",41," "," ","7",0," "," ","7",0," "," ","7",0," "," ","7",0," "," ","7",0," "," ","7",0," "," ","7",0," "," ","7",0," "," ","7",0," "," ","7",109," "," ","7",84," "," ","7",0," "," ","7",0," "," ","7",NA," "," "," "
"1656","USC00392565",2014,4,"SNOW",20," "," ","7",71," "," ","7",25," "," ","7",0," "," ","7",0," "," ","7",0," "," ","7",0," "," ","7",0," "," ","7",0," "," ","7",0," "," ","7",0," "," ","7",0," "," ","7",13," "," ","7",0," "," ","7",0," "," ","7",0," "," ","7",13," "," ","7",0," "," ","7",0," "," ","7",0," "," ","7",0," "," ","7",0," "," ","7",0," "," ","7",0," "," ","7",0," "," ","7",0," "," ","7",0," "," ","7",0,"T"," ","7",0," "," ","7",0," "," ","7",NA," "," "," "
"1657","USC00392565",2014,4,"SNWD",25," "," ","7",102," "," ","7",76," "," ","7",25," "," ","7",0," "," ","7",0," "," ","7",0," "," ","7",0," "," ","7",0," "," ","7",0," "," ","7",0," "," ","7",0," "," ","7",0,"T"," ","7",0," "," ","7",0," "," ","7",0," "," ","7",0," "," ","7",0," "," ","7",0," "," ","7",0," "," ","7",0," "," ","7",0," "," ","7",0," "," ","7",0," "," ","7",0," "," ","7",0," "," ","7",0," "," ","7",0," "," ","7",0," "," ","7",0," "," ","7",NA," "," "," "
"1658","USC00392565",2014,5,"TMAX",83," "," ","7",133," "," ","7",206," "," ","7",189," "," ","7",167," "," ","7",211," "," ","7",189," "," ","7",100," "," ","7",100," "," ","7",167," "," ","7",150," "," ","7",78," "," ","7",78," "," ","7",122," "," ","7",144," "," ","7",156," "," ","7",144," "," ","7",161," "," ","7",222," "," ","7",200," "," ","7",183," "," ","7",150," "," ","7",217," "," ","7",228," "," ","7",228," "," ","7",228," "," ","7",256," "," ","7",261," "," ","7",294," "," ","7",306," "," ","7",189," "," ","7"
"1659","USC00392565",2014,5,"TMIN",-17," "," ","7",-6," "," ","7",-6," "," ","7",28," "," ","7",28," "," ","7",72," "," ","7",67," "," ","7",11," "," ","7",-11," "," ","7",50," "," ","7",11," "," ","7",28," "," ","7",-44," "," ","7",-17," "," ","7",-22," "," ","7",28," "," ","7",33," "," ","7",61," "," ","7",89," "," ","7",89," "," ","7",83," "," ","7",72," "," ","7",72," "," ","7",100," "," ","7",100," "," ","7",94," "," ","7",100," "," ","7",144," "," ","7",156," "," ","7",139," "," ","7",133," "," ","7"
"1660","USC00392565",2014,5,"TOBS",28," "," ","7",44," "," ","7",122," "," ","7",44," "," ","7",78," "," ","7",117," "," ","7",83," "," ","7",28," "," ","7",78," "," ","7",NA," "," "," ",28," "," ","7",50," "," ","7",56," "," ","7",89," "," ","7",72," "," ","7",94," "," ","7",111," "," ","7",106," "," ","7",NA," "," "," ",NA," "," "," ",89," "," ","7",100," "," ","7",206," "," ","7",161," "," ","7",150," "," ","7",100," "," ","7",211," "," ","7",178," "," ","7",244," "," ","7",156," "," ","7",139," "," ","7"
"1661","USC00392565",2014,5,"PRCP",0," "," ","7",0," "," ","7",0," "," ","7",0," "," ","7",0," "," ","7",0," "," ","7",107," "," ","7",137," "," ","7",25," "," ","7",0," "," ","7",23," "," ","7",3," "," ","7",0," "," ","7",0," "," ","7",0," "," ","7",13," "," ","7",0," "," ","7",0," "," ","7",0," "," ","7",0," "," ","7",86," "," ","7",0," "," ","7",0," "," ","7",0," "," ","7",0," "," ","7",0," "," ","7",0," "," ","7",38," "," ","7",0," "," ","7",3," "," ","7",43," "," ","7"
"1662","USC00392565",2014,5,"SNOW",0," "," ","7",0," "," ","7",0," "," ","7",0," "," ","7",0," "," ","7",0," "," ","7",0," "," ","7",0," "," ","7",0," "," ","7",0," "," ","7",0," "," ","7",0," "," ","7",0," "," ","7",0," "," ","7",0," "," ","7",0," "," ","7",0," "," ","7",0," "," ","7",0," "," ","7",0," "," ","7",0," "," ","7",0," "," ","7",0," "," ","7",0," "," ","7",0," "," ","7",0," "," ","7",0," "," ","7",0," "," ","7",0," "," ","7",0," "," ","7",0," "," ","7"
"1663","USC00392565",2014,5,"SNWD",0," "," ","7",0," "," ","7",0," "," ","7",0," "," ","7",0," "," ","7",0," "," ","7",0," "," ","7",0," "," ","7",0," "," ","7",0," "," ","7",0," "," ","7",0," "," ","7",0," "," ","7",0," "," ","7",0," "," ","7",0," "," ","7",0," "," ","7",0," "," ","7",0," "," ","7",0," "," ","7",0," "," ","7",0," "," ","7",0," "," ","7",0," "," ","7",0," "," ","7",0," "," ","7",0," "," ","7",0," "," ","7",0," "," ","7",0," "," ","7",0," "," ","7"
"1664","USC00392565",2014,6,"TMAX",228," "," ","7",200," "," ","7",228," "," ","7",NA," "," "," ",250," "," ","7",239," "," ","7",189," "," ","7",122," "," ","7",122," "," ","7",200," "," ","7",244," "," ","7",178," "," ","7",183," "," ","7",272," "," ","7",200," "," ","7",211," "," ","7",256," "," ","7",278," "," ","7",217," "," ","7",228," "," ","7",261," "," ","7",294," "," ","7",200," "," ","7",211," "," ","7",244," "," ","7",267," "," ","7",278," "," ","7",261," "," ","7",211," "," ","7",200," "," ","7",NA," "," "," "
"1665","USC00392565",2014,6,"TMIN",100," "," ","7",44," "," ","7",133," "," ","7",NA," "," "," ",67," "," ","7",117," "," ","7",56," "," ","7",56," "," ","7",28," "," ","7",67," "," ","7",72," "," ","7",44," "," ","7",94," "," ","7",117," "," ","7",39," "," ","7",67," "," ","7",122," "," ","7",67," "," ","7",61," "," ","7",67," "," ","7",117," "," ","7",111," "," ","7",122," "," ","7",106," "," ","7",144," "," ","7",133," "," ","7",133," "," ","7",122," "," ","7",72," "," ","7",117," "," ","7",NA," "," "," "
"1666","USC00392565",2014,6,"TOBS",144," "," ","7",133," "," ","7",167," "," ","7",NA," "," "," ",128," "," ","7",122," "," ","7",56," "," ","7",89," "," ","7",94," "," ","7",144," "," ","7",133," "," ","7",94," "," ","7",178," "," ","7",133," "," ","7",67," "," ","7",NA," "," "," ",194," "," ","7",144," "," ","7",NA," "," "," ",178," "," ","7",217," "," ","7",139," "," ","7",156," "," ","7",150," "," ","7",172," "," ","7",217," "," ","7",183," "," ","7",178," "," ","7",139," "," ","7",NA," "," "," ",NA," "," "," "
"1667","USC00392565",2014,6,"PRCP",338," "," ","7",48," "," ","7",0," "," ","7",0," "," ","7",46," "," ","7",0," "," ","7",8," "," ","7",79," "," ","7",155," "," ","7",0," "," ","7",109," "," ","7",0," "," ","7",0," "," ","7",13," "," ","7",142," "," ","7",0," "," ","7",0," "," ","7",165," "," ","7",0," "," ","7",0," "," ","7",0," "," ","7",51," "," ","7",46," "," ","7",0," "," ","7",0," "," ","7",18," "," ","7",3," "," ","7",0," "," ","7",0," "," ","7",0," "," ","7",NA," "," "," "
"1668","USC00392565",2014,6,"SNOW",0," "," ","7",0," "," ","7",0," "," ","7",0," "," ","7",0," "," ","7",0," "," ","7",0," "," ","7",0," "," ","7",0," "," ","7",0," "," ","7",0," "," ","7",0," "," ","7",0," "," ","7",0," "," ","7",0," "," ","7",0," "," ","7",0," "," ","7",0," "," ","7",0," "," ","7",0," "," ","7",0," "," ","7",0," "," ","7",0," "," ","7",0," "," ","7",0," "," ","7",0," "," ","7",0," "," ","7",0," "," ","7",0," "," ","7",0," "," ","7",NA," "," "," "
"1669","USC00392565",2014,6,"SNWD",0," "," ","7",0," "," ","7",0," "," ","7",0," "," ","7",0," "," ","7",0," "," ","7",0," "," ","7",0," "," ","7",0," "," ","7",0," "," ","7",0," "," ","7",0," "," ","7",0," "," ","7",0," "," ","7",0," "," ","7",0," "," ","7",0," "," ","7",0," "," ","7",0," "," ","7",0," "," ","7",0," "," ","7",0," "," ","7",0," "," ","7",0," "," ","7",0," "," ","7",0," "," ","7",0," "," ","7",0," "," ","7",0," "," ","7",0," "," ","7",NA," "," "," "
"1670","USC00392565",2014,7,"TMAX",244," "," ","7",206," "," ","7",239," "," ","7",289," "," ","7",328," "," ","7",344," "," ","7",300," "," ","7",272," "," ","7",261," "," ","7",272," "," ","7",317," "," ","7",311," "," ","7",278," "," ","7",294," "," ","7",233," "," ","7",233," "," ","7",228," "," ","7",300," "," ","7",322," "," ","7",311," "," ","7",367," "," ","7",350," "," ","7",311," "," ","7",317," "," ","7",372," "," ","7",283," "," ","7",283," "," ","7",294," "," ","7",278," "," ","7",194," "," ","7",272," "," ","7"
"1671","USC00392565",2014,7,"TMIN",78," "," ","7",61," "," ","7",122," "," ","7",172," "," ","7",144," "," ","7",194," "," ","7",172," "," ","7",78," "," ","7",156," "," ","7",156," "," ","7",150," "," ","7",128," "," ","7",117," "," ","7",106," "," ","7",89," "," ","7",133," "," ","7",94," "," ","7",128," "," ","7",161," "," ","7",161," "," ","7",156," "," ","7",167," "," ","7",161," "," ","7",183," "," ","7",144," "," ","7",133," "," ","7",89," "," ","7",139," "," ","7",139," "," ","7",106," "," ","7",89," "," ","7"
"1672","USC00392565",2014,7,"TOBS",128," "," ","7",144," "," ","7",178," "," ","7",222," "," ","7",217," "," ","7",206," "," ","7",217," "," ","7",178," "," ","7",183," "," ","7",172," "," ","7",244," "," ","7",172," "," ","7",NA," "," "," ",189," "," ","7",172," "," ","7",161," "," ","7",144," "," ","7",194," "," ","7",183," "," ","7",267," "," ","7",261," "," ","7",194," "," ","7",194," "," ","7",244," "," ","7",217," "," ","7",217," "," ","7",183," "," ","7",211," "," ","7",156," "," ","7",183," "," ","7",178," "," ","7"
"1673","USC00392565",2014,7,"PRCP",0," "," ","7",0," "," ","7",0," "," ","7",0," "," ","7",0," "," ","7",0," "," ","7",0," "," ","7",0," "," ","7",0," "," ","7",13," "," ","7",0," "," ","7",51," "," ","7",0," "," ","7",0," "," ","7",0," "," ","7",0," "," ","7",0," "," ","7",0," "," ","7",0," "," ","7",0," "," ","7",0," "," ","7",0," "," ","7",99," "," ","7",0," "," ","7",0," "," ","7",0," "," ","7",0," "," ","7",0," "," ","7",66," "," ","7",0," "," ","7",0," "," ","7"
"1674","USC00392565",2014,7,"SNOW",0," "," ","7",0," "," ","7",0," "," ","7",0," "," ","7",0," "," ","7",0," "," ","7",0," "," ","7",0," "," ","7",0," "," ","7",0," "," ","7",0," "," ","7",0," "," ","7",0," "," ","7",0," "," ","7",0," "," ","7",0," "," ","7",0," "," ","7",0," "," ","7",0," "," ","7",0," "," ","7",0," "," ","7",0," "," ","7",0," "," ","7",0," "," ","7",0," "," ","7",0," "," ","7",0," "," ","7",0," "," ","7",0," "," ","7",0," "," ","7",0," "," ","7"
"1675","USC00392565",2014,7,"SNWD",0," "," ","7",0," "," ","7",0," "," ","7",0," "," ","7",0," "," ","7",0," "," ","7",0," "," ","7",0," "," ","7",0," "," ","7",0," "," ","7",0," "," ","7",0," "," ","7",0," "," ","7",0," "," ","7",0," "," ","7",0," "," ","7",0," "," ","7",0," "," ","7",0," "," ","7",0," "," ","7",0," "," ","7",0," "," ","7",0," "," ","7",0," "," ","7",0," "," ","7",0," "," ","7",0," "," ","7",0," "," ","7",0," "," ","7",0," "," ","7",0," "," ","7"
"1676","USC00392565",2014,8,"TMAX",283," "," ","7",311," "," ","7",306," "," ","7",300," "," ","7",306," "," ","7",244," "," ","7",256," "," ","7",294," "," ","7",272," "," ","7",278," "," ","7",267," "," ","7",272," "," ","7",311," "," ","7",322," "," ","7",283," "," ","7",289," "," ","7",311," "," ","7",322," "," ","7",289," "," ","7",311," "," ","7",300," "," ","7",294," "," ","7",261," "," ","7",244," "," ","7",217," "," ","7",222," "," ","7",261," "," ","7",244," "," ","7",239," "," ","7",261," "," ","7",306," "," ","7"
"1677","USC00392565",2014,8,"TMIN",122," "," ","7",161," "," ","7",172," "," ","7",161," "," ","7",156," "," ","7",156," "," ","7",122," "," ","7",161," "," ","7",111," "," ","7",111," "," ","7",133," "," ","7",156," "," ","7",161," "," ","7",161," "," ","7",133," "," ","7",128," "," ","7",189," "," ","7",128," "," ","7",172," "," ","7",178," "," ","7",150," "," ","7",100," "," ","7",144," "," ","7",94," "," ","7",78," "," ","7",111," "," ","7",128," "," ","7",144," "," ","7",106," "," ","7",128," "," ","7",100," "," ","7"
"1678","USC00392565",2014,8,"TOBS",194," "," ","7",194," "," ","7",217," "," ","7",194," "," ","7",NA," "," "," ",167," "," ","7",178," "," ","7",200," "," ","7",189," "," ","7",178," "," ","7",172," "," ","7",189," "," ","7",206," "," ","7",194," "," ","7",172," "," ","7",189," "," ","7",194," "," ","7",189," "," ","7",200," "," ","7",200," "," ","7",183," "," ","7",156," "," ","7",161," "," ","7",106," "," ","7",111," "," ","7",144," "," ","7",167," "," ","7",167," "," ","7",189," "," ","7",161," "," ","7",133," "," ","7"
"1679","USC00392565",2014,8,"PRCP",0," "," ","7",0," "," ","7",0," "," ","7",0," "," ","7",56," "," ","7",3," "," ","7",53," "," ","7",0," "," ","7",0," "," ","7",0," "," ","7",0," "," ","7",0," "," ","7",0," "," ","7",13," "," ","7",13," "," ","7",0," "," ","7",0," "," ","7",0," "," ","7",0," "," ","7",0," "," ","7",0," "," ","7",15," "," ","7",84," "," ","7",53," "," ","7",0," "," ","7",13," "," ","7",0," "," ","7",10," "," ","7",0," "," ","7",0," "," ","7",0," "," ","7"
"1680","USC00392565",2014,8,"SNOW",0," "," ","7",0," "," ","7",0," "," ","7",0," "," ","7",0," "," ","7",0," "," ","7",0," "," ","7",0," "," ","7",0," "," ","7",0," "," ","7",0," "," ","7",0," "," ","7",0," "," ","7",0," "," ","7",0," "," ","7",0," "," ","7",0," "," ","7",0," "," ","7",0," "," ","7",0," "," ","7",0," "," ","7",0," "," ","7",0," "," ","7",0," "," ","7",0," "," ","7",0," "," ","7",0," "," ","7",0," "," ","7",0," "," ","7",0," "," ","7",0," "," ","7"
"1681","USC00392565",2014,8,"SNWD",0," "," ","7",0," "," ","7",0," "," ","7",0," "," ","7",0," "," ","7",0," "," ","7",0," "," ","7",0," "," ","7",0," "," ","7",0," "," ","7",0," "," ","7",0," "," ","7",0," "," ","7",0," "," ","7",0," "," ","7",0," "," ","7",0," "," ","7",0," "," ","7",0," "," ","7",0," "," ","7",0," "," ","7",0," "," ","7",0," "," ","7",0," "," ","7",0," "," ","7",0," "," ","7",0," "," ","7",0," "," ","7",0," "," ","7",0," "," ","7",0," "," ","7"
"1682","USC00392565",2014,9,"TMAX",222," "," ","7",189," "," ","7",267," "," ","7",339," "," ","7",200," "," ","7",183," "," ","7",250," "," ","7",294," "," ","7",306," "," ","7",211," "," ","7",83," "," ","7",28," "," ","7",111," "," ","7",189," "," ","7",144," "," ","7",194," "," ","7",283," "," ","7",283," "," ","7",322," "," ","7",267," "," ","7",233," "," ","7",233," "," ","7",222," "," ","7",250," "," ","7",289," "," ","7",322," "," ","7",333," "," ","7",283," "," ","7",211," "," ","7",128," "," ","7",NA," "," "," "
"1683","USC00392565",2014,9,"TMIN",56," "," ","7",44," "," ","7",78," "," ","7",100," "," ","7",67," "," ","7",56," "," ","7",100," "," ","7",78," "," ","7",139," "," ","7",61," "," ","7",6," "," ","7",-11," "," ","7",-11," "," ","7",6," "," ","7",6," "," ","7",33," "," ","7",89," "," ","7",94," "," ","7",139," "," ","7",83," "," ","7",50," "," ","7",94," "," ","7",94," "," ","7",89," "," ","7",144," "," ","7",122," "," ","7",111," "," ","7",89," "," ","7",94," "," ","7",89," "," ","7",NA," "," "," "
"1684","USC00392565",2014,9,"TOBS",100," "," ","7",150," "," ","7",128," "," ","7",133," "," ","7",117," "," ","7",122," "," ","7",128," "," ","7",156," "," ","7",161," "," ","7",61," "," ","7",6," "," ","7",11," "," ","7",56," "," ","7",28," "," ","7",33," "," ","7",94," "," ","7",167," "," ","7",139," "," ","7",156," "," ","7",128," "," ","7",94," "," ","7",139," "," ","7",144," "," ","7",183," "," ","7",183," "," ","7",144," "," ","7",144," "," ","7",117," "," ","7",106," "," ","7",106," "," ","7",NA," "," "," "
"1685","USC00392565",2014,9,"PRCP",30," "," ","7",8," "," ","7",0," "," ","7",0," "," ","7",0," "," ","7",0," "," ","7",0," "," ","7",0," "," ","7",0," "," ","7",15," "," ","7",130," "," ","7",41," "," ","7",0," "," ","7",0," "," ","7",0," "," ","7",0," "," ","7",0," "," ","7",0," "," ","7",0," "," ","7",0," "," ","7",0," "," ","7",0," "," ","7",3," "," ","7",0," "," ","7",0," "," ","7",0," "," ","7",0," "," ","7",0," "," ","7",254," "," ","7",353," "," ","7",NA," "," "," "
"1686","USC00392565",2014,9,"SNOW",0," "," ","7",0," "," ","7",0," "," ","7",0," "," ","7",0," "," ","7",0," "," ","7",0," "," ","7",0," "," ","7",0," "," ","7",0," "," ","7",0," "," ","7",0," "," ","7",0," "," ","7",0," "," ","7",0," "," ","7",0," "," ","7",0," "," ","7",0," "," ","7",0," "," ","7",0," "," ","7",0," "," ","7",0," "," ","7",0," "," ","7",0," "," ","7",0," "," ","7",0," "," ","7",0," "," ","7",0," "," ","7",0," "," ","7",0," "," ","7",NA," "," "," "
"1687","USC00392565",2014,9,"SNWD",0," "," ","7",0," "," ","7",0," "," ","7",0," "," ","7",0," "," ","7",0," "," ","7",0," "," ","7",0," "," ","7",0," "," ","7",0," "," ","7",0," "," ","7",0," "," ","7",0," "," ","7",0," "," ","7",0," "," ","7",0," "," ","7",0," "," ","7",0," "," ","7",0," "," ","7",0," "," ","7",0," "," ","7",0," "," ","7",0," "," ","7",0," "," ","7",0," "," ","7",0," "," ","7",0," "," ","7",0," "," ","7",0," "," ","7",0," "," ","7",NA," "," "," "
"1688","USC00392565",2014,10,"TMAX",156," "," ","7",156," "," ","7",144," "," ","7",83," "," ","7",161," "," ","7",161," "," ","7",206," "," ","7",161," "," ","7",233," "," ","7",161," "," ","7",161," "," ","7",222," "," ","7",94," "," ","7",133," "," ","7",211," "," ","7",244," "," ","7",150," "," ","7",156," "," ","7",194," "," ","7",217," "," ","7",233," "," ","7",244," "," ","7",150," "," ","7",194," "," ","7",233," "," ","7",217," "," ","7",211," "," ","7",94," "," ","7",89," "," ","7",156," "," ","7",144," "," ","7"
"1689","USC00392565",2014,10,"TMIN",56," "," ","7",-6," "," ","7",-17," "," ","7",-22," "," ","7",22," "," ","7",28," "," ","7",50," "," ","7",39," "," ","7",22," "," ","7",67," "," ","7",28," "," ","7",44," "," ","7",-17," "," ","7",-6," "," ","7",17," "," ","7",61," "," ","7",-11," "," ","7",11," "," ","7",50," "," ","7",56," "," ","7",61," "," ","7",61," "," ","7",-22," "," ","7",22," "," ","7",17," "," ","7",17," "," ","7",28," "," ","7",-33," "," ","7",-39," "," ","7",-28," "," ","7",-28," "," ","7"
"1690","USC00392565",2014,10,"TOBS",106," "," ","7",17," "," ","7",0," "," ","7",22," "," ","7",94," "," ","7",106," "," ","7",122," "," ","7",100," "," ","7",78," "," ","7",83," "," ","7",44," "," ","7",89," "," ","7",0," "," ","7",17," "," ","7",67," "," ","7",111," "," ","7",22," "," ","7",89," "," ","7",56," "," ","7",67," "," ","7",67," "," ","7",94," "," ","7",22," "," ","7",50," "," ","7",17," "," ","7",106," "," ","7",56," "," ","7",11," "," ","7",22," "," ","7",44," "," ","7",-11," "," ","7"
"1691","USC00392565",2014,10,"PRCP",23," "," ","7",3," "," ","7",23," "," ","7",0," "," ","7",0," "," ","7",10," "," ","7",0," "," ","7",0," "," ","7",0," "," ","7",0," "," ","7",0," "," ","7",0," "," ","7",58," "," ","7",0," "," ","7",0," "," ","7",0," "," ","7",0," "," ","7",0," "," ","7",0," "," ","7",0," "," ","7",0," "," ","7",0," "," ","7",0," "," ","7",0," "," ","7",0," "," ","7",0," "," ","7",0," "," ","7",0," "," ","7",0," "," ","7",0," "," ","7",0," "," ","7"
"1692","USC00392565",2014,10,"SNOW",0," "," ","7",0," "," ","7",0," "," ","7",0," "," ","7",0," "," ","7",0," "," ","7",0," "," ","7",0," "," ","7",0," "," ","7",0," "," ","7",0," "," ","7",0," "," ","7",0," "," ","7",0," "," ","7",0," "," ","7",0," "," ","7",0," "," ","7",0," "," ","7",0," "," ","7",0," "," ","7",0," "," ","7",0," "," ","7",0," "," ","7",0," "," ","7",0," "," ","7",0," "," ","7",0," "," ","7",0," "," ","7",0," "," ","7",0," "," ","7",0," "," ","7"
"1693","USC00392565",2014,10,"SNWD",0," "," ","7",0," "," ","7",0," "," ","7",0," "," ","7",0," "," ","7",0," "," ","7",0," "," ","7",0," "," ","7",0," "," ","7",0," "," ","7",0," "," ","7",0," "," ","7",0," "," ","7",0," "," ","7",0," "," ","7",0," "," ","7",0," "," ","7",0," "," ","7",0," "," ","7",0," "," ","7",0," "," ","7",0," "," ","7",0," "," ","7",0," "," ","7",0," "," ","7",0," "," ","7",0," "," ","7",0," "," ","7",0," "," ","7",0," "," ","7",0," "," ","7"
"1694","USC00392565",2014,12,"TMAX",-67," "," ","7",33," "," ","7",17," "," ","7",17," "," ","7",111," "," ","7",89," "," ","7",83," "," ","7",89," "," ","7",78," "," ","7",117," "," ","7",139," "," ","7",156," "," ","7",183," "," ","7",161," "," ","7",56," "," ","7",-22," "," ","7",-33," "," ","7",-11," "," ","7",44," "," ","7",50," "," ","7",61," "," ","7",72," "," ","7",17," "," ","7",-17," "," ","7",39," "," ","7",-11," "," ","7",-72," "," ","7",-22," "," ","7",-33," "," ","7",-117," "," ","7",-106," "," ","7"
"1695","USC00392565",2014,12,"TMIN",-161," "," ","7",-83," "," ","7",-111," "," ","7",-67," "," ","7",-33," "," ","7",-33," "," ","7",-39," "," ","7",-61," "," ","7",-50," "," ","7",-44," "," ","7",-11," "," ","7",-6," "," ","7",11," "," ","7",-39," "," ","7",-44," "," ","7",-111," "," ","7",-111," "," ","7",-128," "," ","7",-111," "," ","7",-106," "," ","7",-72," "," ","7",-50," "," ","7",-33," "," ","7",-128," "," ","7",-78," "," ","7",-100," "," ","7",-161," "," ","7",-156," "," ","7",-122," "," ","7",-261," "," ","7",-261," "," ","7"
"1696","USC00392565",2014,12,"TOBS",-83," "," ","7",0," "," ","7",-67," "," ","7",-28," "," ","7",-11," "," ","7",-28," "," ","7",0," "," ","7",-33," "," ","7",-44," "," ","7",6," "," ","7",6," "," ","7",33," "," ","7",111," "," ","7",-33," "," ","7",-33," "," ","7",-94," "," ","7",-111," "," ","7",-72," "," ","7",-106," "," ","7",-33," "," ","7",-44," "," ","7",-11," "," ","7",-33," "," ","7",-78," "," ","7",-11," "," ","7",-83," "," ","7",-133," "," ","7",-122," "," ","7",-122," "," ","7",-239," "," ","7",-106," "," ","7"
"1697","USC00392565",2014,12,"PRCP",0," "," ","7",0," "," ","7",0," "," ","7",0," "," ","7",0," "," ","7",0," "," ","7",0," "," ","7",0," "," ","7",0," "," ","7",0," "," ","7",0," "," ","7",0," "," ","7",0," "," ","7",0," "," ","7",0," "," ","7",0,"T"," ","7",0," "," ","7",0," "," ","7",0," "," ","7",0," "," ","7",0," "," ","7",15," "," ","7",3," "," ","7",0," "," ","7",0," "," ","7",10," "," ","7",0," "," ","7",0," "," ","7",8," "," ","7",18," "," ","7",0," "," ","7"
"1698","USC00392565",2014,12,"SNOW",0," "," ","7",0," "," ","7",0," "," ","7",0," "," ","7",0," "," ","7",0," "," ","7",0," "," ","7",0," "," ","7",0," "," ","7",0," "," ","7",0," "," ","7",0," "," ","7",0," "," ","7",0," "," ","7",0," "," ","7",0,"T"," ","7",0," "," ","7",0," "," ","7",0," "," ","7",0," "," ","7",0," "," ","7",0,"T"," ","7",0,"T"," ","7",0," "," ","7",0," "," ","7",25," "," ","7",0," "," ","7",0," "," ","7",25," "," ","7",46," "," ","7",0," "," ","7"
"1699","USC00392565",2014,12,"SNWD",0," "," ","7",0," "," ","7",0," "," ","7",0," "," ","7",0," "," ","7",0," "," ","7",0," "," ","7",0," "," ","7",0," "," ","7",0," "," ","7",0," "," ","7",0," "," ","7",0," "," ","7",0," "," ","7",0," "," ","7",0," "," ","7",0," "," ","7",0," "," ","7",0," "," ","7",0," "," ","7",0," "," ","7",0," "," ","7",0," "," ","7",0," "," ","7",0," "," ","7",25," "," ","7",25," "," ","7",0,"T"," ","7",25," "," ","7",51," "," ","7",51," "," ","7"
"1700","USC00392565",2015,1,"TMAX",-28," "," ","7",0," "," ","7",50," "," ","7",-33," "," ","7",-122," "," ","7",28," "," ","7",6," "," ","7",33," "," ","7",22," "," ","7",-56," "," ","7",67," "," ","7",-28," "," ","7",-28," "," ","7",33," "," ","7",22," "," ","7",61," "," ","7",72," "," ","7",44," "," ","7",89," "," ","7",61," "," ","7",11," "," ","7",-11," "," ","7",28," "," ","7",67," "," ","7",78," "," ","7",89," "," ","7",161," "," ","7",183," "," ","7",106," "," ","7",67," "," ","7",89," "," ","7"
"1701","USC00392565",2015,1,"TMIN",-167," "," ","7",-111," "," ","7",-83," "," ","7",-211," "," ","7",-194," "," ","7",-122," "," ","7",-156," "," ","7",-150," "," ","7",-250," "," ","7",-250," "," ","7",-106," "," ","7",-111," "," ","7",-111," "," ","7",-128," "," ","7",-100," "," ","7",-78," "," ","7",-28," "," ","7",-67," "," ","7",-6," "," ","7",-72," "," ","7",-44," "," ","7",-133," "," ","7",-139," "," ","7",-17," "," ","7",-39," "," ","7",-50," "," ","7",-22," "," ","7",-22," "," ","7",-56," "," ","7",-83," "," ","7",-50," "," ","7"
"1702","USC00392565",2015,1,"TOBS",-106," "," ","7",-39," "," ","7",-39," "," ","7",-178," "," ","7",-122," "," ","7",-72," "," ","7",-150," "," ","7",6," "," ","7",-250," "," ","7",-106," "," ","7",-50," "," ","7",-111," "," ","7",-61," "," ","7",-89," "," ","7",-56," "," ","7",-28," "," ","7",-11," "," ","7",11," "," ","7",17," "," ","7",-28," "," ","7",-44," "," ","7",-133," "," ","7",0," "," ","7",17," "," ","7",-22," "," ","7",-17," "," ","7",-22," "," ","7",44," "," ","7",-56," "," ","7",-44," "," ","7",-33," "," ","7"
"1703","USC00392565",2015,1,"PRCP",0," "," ","7",0," "," ","7",0," "," ","7",20," "," ","7",0," "," ","7",10," "," ","7",15," "," ","7",0," "," ","7",0," "," ","7",0," "," ","7",0," "," ","7",0," "," ","7",0," "," ","7",0," "," ","7",0," "," ","7",0," "," ","7",0," "," ","7",0," "," ","7",0," "," ","7",0," "," ","7",0," "," ","7",0," "," ","7",0," "," ","7",0," "," ","7",3," "," ","7",0," "," ","7",0," "," ","7",0," "," ","7",0," "," ","7",0," "," ","7",0," "," ","7"
"1704","USC00392565",2015,1,"SNOW",0," "," ","7",0," "," ","7",0," "," ","7",51," "," ","7",0," "," ","7",20," "," ","7",38," "," ","7",0," "," ","7",0," "," ","7",0," "," ","7",0," "," ","7",0," "," ","7",0," "," ","7",0," "," ","7",0," "," ","7",0," "," ","7",0," "," ","7",0," "," ","7",0," "," ","7",0," "," ","7",0," "," ","7",0," "," ","7",0," "," ","7",0," "," ","7",0," "," ","7",0," "," ","7",0," "," ","7",0," "," ","7",0," "," ","7",0," "," ","7",0," "," ","7"
"1705","USC00392565",2015,1,"SNWD",51," "," ","7",51," "," ","7",25," "," ","7",76," "," ","7",76," "," ","7",102," "," ","7",127," "," ","7",102," "," ","7",76," "," ","7",76," "," ","7",51," "," ","7",51," "," ","7",51," "," ","7",25," "," ","7",25," "," ","7",0,"T"," ","7",0," "," ","7",0," "," ","7",0," "," ","7",0," "," ","7",0," "," ","7",0," "," ","7",0," "," ","7",0," "," ","7",0," "," ","7",0," "," ","7",0," "," ","7",0," "," ","7",0," "," ","7",0," "," ","7",0," "," ","7"
"1706","USC00392565",2015,2,"TMAX",39," "," ","7",-67," "," ","7",44," "," ","7",72," "," ","7",-61," "," ","7",94," "," ","7",161," "," ","7",161," "," ","7",133," "," ","7",167," "," ","7",106," "," ","7",78," "," ","7",111," "," ","7",128," "," ","7",6," "," ","7",44," "," ","7",22," "," ","7",-61," "," ","7",6," "," ","7",100," "," ","7",44," "," ","7",NA," "," "," ",-33," "," ","7",-6," "," ","7",94," "," ","7",28," "," ","7",-78," "," ","7",-67," "," ","7",NA," "," "," ",NA," "," "," ",NA," "," "," "
"1707","USC00392565",2015,2,"TMIN",-150," "," ","7",-150," "," ","7",-72," "," ","7",-117," "," ","7",-139," "," ","7",-78," "," ","7",-17," "," ","7",-11," "," ","7",-22," "," ","7",-6," "," ","7",-78," "," ","7",-61," "," ","7",-39," "," ","7",-28," "," ","7",-44," "," ","7",-61," "," ","7",-117," "," ","7",-128," "," ","7",-94," "," ","7",-33," "," ","7",-44," "," ","7",NA," "," "," ",-183," "," ","7",-106," "," ","7",-6," "," ","7",-172," "," ","7",-194," "," ","7",-161," "," ","7",NA," "," "," ",NA," "," "," ",NA," "," "," "
"1708","USC00392565",2015,2,"TOBS",-150," "," ","7",-72," "," ","7",-11," "," ","7",-117," "," ","7",-72," "," ","7",-11," "," ","7",0," "," ","7",56," "," ","7",17," "," ","7",44," "," ","7",-44," "," ","7",-39," "," ","7",44," "," ","7",6," "," ","7",-22," "," ","7",-33," "," ","7",-117," "," ","7",-94," "," ","7",0," "," ","7",-11," "," ","7",-44," "," ","7",NA," "," "," ",-106," "," ","7",-6," "," ","7",11," "," ","7",-150," "," ","7",-139," "," ","7",-78," "," ","7",NA," "," "," ",NA," "," "," ",NA," "," "," "
"1709","USC00392565",2015,2,"PRCP",8," "," ","7",0," "," ","7",0," "," ","7",66," "," ","7",0," "," ","7",0," "," ","7",0," "," ","7",0," "," ","7",0," "," ","7",3," "," ","7",0," "," ","7",0," "," ","7",0," "," ","7",0," "," ","7",10," "," ","7",0,"T"," ","7",8," "," ","7",0," "," ","7",0," "," ","7",0," "," ","7",0," "," ","7",0," "," ","7",0," "," ","7",0," "," ","7",0," "," ","7",0," "," ","7",0," "," ","7",0," "," ","7",NA," "," "," ",NA," "," "," ",NA," "," "," "
"1710","USC00392565",2015,2,"SNOW",0," "," ","7",0," "," ","7",0," "," ","7",0," "," ","7",0," "," ","7",0," "," ","7",0," "," ","7",0," "," ","7",0," "," ","7",0," "," ","7",0," "," ","7",0," "," ","7",0," "," ","7",0," "," ","7",25," "," ","7",10," "," ","7",25," "," ","7",0," "," ","7",0," "," ","7",0,"T"," ","7",0," "," ","7",0," "," ","7",0," "," ","7",0," "," ","7",0," "," ","7",0," "," ","7",0," "," ","7",0," "," ","7",NA," "," "," ",NA," "," "," ",NA," "," "," "
"1711","USC00392565",2015,2,"SNWD",0," "," ","7",0," "," ","7",0," "," ","7",0," "," ","7",0," "," ","7",0," "," ","7",0," "," ","7",0," "," ","7",0," "," ","7",0," "," ","7",0," "," ","7",0," "," ","7",0," "," ","7",0," "," ","7",0," "," ","7",0," "," ","7",25," "," ","7",0,"T"," ","7",0," "," ","7",0," "," ","7",0," "," ","7",0," "," ","7",0," "," ","7",0," "," ","7",0," "," ","7",0," "," ","7",0," "," ","7",0," "," ","7",NA," "," "," ",NA," "," "," ",NA," "," "," "
"1712","USC00392565",2015,3,"TMAX",-17," "," ","7",-6," "," ","7",61," "," ","7",-83," "," ","7",-83," "," ","7",50," "," ","7",111," "," ","7",133," "," ","7",111," "," ","7",133," "," ","7",156," "," ","7",183," "," ","7",172," "," ","7",167," "," ","7",194," "," ","7",250," "," ","7",206," "," ","7",17," "," ","7",144," "," ","7",122," "," ","7",178," "," ","7",211," "," ","7",150," "," ","7",117," "," ","7",106," "," ","7",72," "," ","7",100," "," ","7",183," "," ","7",250," "," ","7",161," "," ","7",178," "," ","7"
"1713","USC00392565",2015,3,"TMIN",-139," "," ","7",-106," "," ","7",-106," "," ","7",-194," "," ","7",-200," "," ","7",-167," "," ","7",-56," "," ","7",-56," "," ","7",-50," "," ","7",-39," "," ","7",-33," "," ","7",0," "," ","7",-11," "," ","7",-22," "," ","7",33," "," ","7",78," "," ","7",-28," "," ","7",-33," "," ","7",-28," "," ","7",-39," "," ","7",22," "," ","7",6," "," ","7",0," "," ","7",17," "," ","7",-33," "," ","7",-44," "," ","7",-6," "," ","7",6," "," ","7",39," "," ","7",-11," "," ","7",11," "," ","7"
"1714","USC00392565",2015,3,"TOBS",-100," "," ","7",-6," "," ","7",-106," "," ","7",-144," "," ","7",-167," "," ","7",-33," "," ","7",33," "," ","7",-50," "," ","7",17," "," ","7",-11," "," ","7",0," "," ","7",61," "," ","7",72," "," ","7",56," "," ","7",89," "," ","7",156," "," ","7",-22," "," ","7",17," "," ","7",50," "," ","7",39," "," ","7",94," "," ","7",17," "," ","7",50," "," ","7",28," "," ","7",-17," "," ","7",17," "," ","7",39," "," ","7",61," "," ","7",61," "," ","7",72," "," ","7",100," "," ","7"
"1715","USC00392565",2015,3,"PRCP",0," "," ","7",0," "," ","7",43," "," ","7",0," "," ","7",0," "," ","7",0," "," ","7",0," "," ","7",0," "," ","7",0," "," ","7",0," "," ","7",0," "," ","7",0," "," ","7",0," "," ","7",0," "," ","7",0," "," ","7",0," "," ","7",0," "," ","7",0," "," ","7",0," "," ","7",0," "," ","7",0," "," ","7",0," "," ","7",0," "," ","7",8," "," ","7",5," "," ","7",0," "," ","7",5," "," ","7",0," "," ","7",0," "," ","7",0," "," ","7",0," "," ","7"
"1716","USC00392565",2015,3,"SNOW",0," "," ","7",0," "," ","7",38," "," ","7",0," "," ","7",0," "," ","7",0," "," ","7",0," "," ","7",0," "," ","7",0," "," ","7",0," "," ","7",0," "," ","7",0," "," ","7",0," "," ","7",0," "," ","7",0," "," ","7",0," "," ","7",0," "," ","7",0," "," ","7",0," "," ","7",0," "," ","7",0," "," ","7",0," "," ","7",0," "," ","7",0," "," ","7",0," "," ","7",0," "," ","7",0," "," ","7",0," "," ","7",0," "," ","7",0," "," ","7",0," "," ","7"
"1717","USC00392565",2015,3,"SNWD",0," "," ","7",0," "," ","7",51," "," ","7",51," "," ","7",51," "," ","7",0,"T"," ","7",0," "," ","7",0," "," ","7",0," "," ","7",0," "," ","7",0," "," ","7",0," "," ","7",0," "," ","7",0," "," ","7",0," "," ","7",0," "," ","7",0," "," ","7",0," "," ","7",0," "," ","7",0," "," ","7",0," "," ","7",0," "," ","7",0," "," ","7",0," "," ","7",0," "," ","7",0," "," ","7",0," "," ","7",0," "," ","7",0," "," ","7",0," "," ","7",0," "," ","7"
"1718","USC00392565",2015,4,"TMAX",233," "," ","7",144," "," ","7",72," "," ","7",83," "," ","7",144," "," ","7",172," "," ","7",128," "," ","7",133," "," ","7",83," "," ","7",100," "," ","7",161," "," ","7",217," "," ","7",100," "," ","7",161," "," ","7",244," "," ","7",128," "," ","7",117," "," ","7",100," "," ","7",83," "," ","7",78," "," ","7",106," "," ","7",150," "," ","7",172," "," ","7",194," "," ","7",178," "," ","7",178," "," ","7",83," "," ","7",83," "," ","7",156," "," ","7",222," "," ","7",NA," "," "," "
"1719","USC00392565",2015,4,"TMIN",72," "," ","7",-67," "," ","7",-100," "," ","7",-56," "," ","7",-33," "," ","7",-28," "," ","7",-6," "," ","7",0," "," ","7",0," "," ","7",-33," "," ","7",-6," "," ","7",17," "," ","7",-44," "," ","7",17," "," ","7",72," "," ","7",28," "," ","7",33," "," ","7",61," "," ","7",-28," "," ","7",-67," "," ","7",-44," "," ","7",-11," "," ","7",6," "," ","7",17," "," ","7",17," "," ","7",50," "," ","7",50," "," ","7",6," "," ","7",39," "," ","7",72," "," ","7",NA," "," "," "
"1720","USC00392565",2015,4,"TOBS",122," "," ","7",-11," "," ","7",-22," "," ","7",-33," "," ","7",22," "," ","7",22," "," ","7",0," "," ","7",44," "," ","7",6," "," ","7",56," "," ","7",67," "," ","7",33," "," ","7",39," "," ","7",150," "," ","7",72," "," ","7",39," "," ","7",78," "," ","7",67," "," ","7",11," "," ","7",0," "," ","7",50," "," ","7",17," "," ","7",72," "," ","7",72," "," ","7",78," "," ","7",78," "," ","7",56," "," ","7",39," "," ","7",94," "," ","7",144," "," ","7",NA," "," "," "
"1721","USC00392565",2015,4,"PRCP",0," "," ","7",0," "," ","7",0," "," ","7",0," "," ","7",0," "," ","7",0," "," ","7",0," "," ","7",0," "," ","7",81," "," ","7",0," "," ","7",0," "," ","7",0," "," ","7",0," "," ","7",0," "," ","7",0," "," ","7",33," "," ","7",0," "," ","7",43," "," ","7",43," "," ","7",0," "," ","7",0," "," ","7",0," "," ","7",0," "," ","7",0," "," ","7",0," "," ","7",122," "," ","7",41," "," ","7",8," "," ","7",0," "," ","7",0," "," ","7",NA," "," "," "
"1722","USC00392565",2015,4,"SNOW",0," "," ","7",0," "," ","7",0," "," ","7",0," "," ","7",0," "," ","7",0," "," ","7",0," "," ","7",0," "," ","7",0," "," ","7",0," "," ","7",0," "," ","7",0," "," ","7",0," "," ","7",0," "," ","7",0," "," ","7",0," "," ","7",0," "," ","7",0," "," ","7",0," "," ","7",0," "," ","7",0," "," ","7",0," "," ","7",0," "," ","7",0," "," ","7",0," "," ","7",0," "," ","7",0," "," ","7",0," "," ","7",0," "," ","7",0," "," ","7",NA," "," "," "
"1723","USC00392565",2015,4,"SNWD",0," "," ","7",0," "," ","7",0," "," ","7",0," "," ","7",0," "," ","7",0," "," ","7",0," "," ","7",0," "," ","7",0," "," ","7",0," "," ","7",0," "," ","7",0," "," ","7",0," "," ","7",0," "," ","7",0," "," ","7",0," "," ","7",0," "," ","7",0," "," ","7",0," "," ","7",0," "," ","7",0," "," ","7",0," "," ","7",0," "," ","7",0," "," ","7",0," "," ","7",0," "," ","7",0," "," ","7",0," "," ","7",0," "," ","7",0," "," ","7",NA," "," "," "
"1724","USC00392565",2015,5,"TMAX",233," "," ","7",200," "," ","7",244," "," ","7",133," "," ","7",133," "," ","7",172," "," ","7",161," "," ","7",111," "," ","7",94," "," ","7",33," "," ","7",33," "," ","7",117," "," ","7",183," "," ","7",172," "," ","7",194," "," ","7",150," "," ","7",189," "," ","7",128," "," ","7",133," "," ","7",33," "," ","7",72," "," ","7",144," "," ","7",128," "," ","7",161," "," ","7",167," "," ","7",156," "," ","7",189," "," ","7",211," "," ","7",211," "," ","7",144," "," ","7",178," "," ","7"
"1725","USC00392565",2015,5,"TMIN",6," "," ","7",44," "," ","7",72," "," ","7",56," "," ","7",56," "," ","7",100," "," ","7",67," "," ","7",28," "," ","7",22," "," ","7",-17," "," ","7",-28," "," ","7",-6," "," ","7",67," "," ","7",44," "," ","7",78," "," ","7",44," "," ","7",61," "," ","7",6," "," ","7",11," "," ","7",-6," "," ","7",-22," "," ","7",56," "," ","7",61," "," ","7",61," "," ","7",83," "," ","7",94," "," ","7",83," "," ","7",89," "," ","7",89," "," ","7",22," "," ","7",78," "," ","7"
"1726","USC00392565",2015,5,"TOBS",44," "," ","7",122," "," ","7",128," "," ","7",106," "," ","7",106," "," ","7",106," "," ","7",78," "," ","7",78," "," ","7",28," "," ","7",-11," "," ","7",17," "," ","7",67," "," ","7",106," "," ","7",89," "," ","7",89," "," ","7",83," "," ","7",100," "," ","7",28," "," ","7",17," "," ","7",6," "," ","7",56," "," ","7",94," "," ","7",61," "," ","7",100," "," ","7",117," "," ","7",122," "," ","7",139," "," ","7",111," "," ","7",106," "," ","7",78," "," ","7",133," "," ","7"
"1727","USC00392565",2015,5,"PRCP",0," "," ","7",0," "," ","7",0," "," ","7",18," "," ","7",0," "," ","7",43," "," ","7",53," "," ","7",5," "," ","7",119," "," ","7",198," "," ","7",56," "," ","7",0," "," ","7",0," "," ","7",43," "," ","7",0," "," ","7",175," "," ","7",0," "," ","7",0," "," ","7",0," "," ","7",150," "," ","7",0," "," ","7",0," "," ","7",0," "," ","7",76," "," ","7",28," "," ","7",64," "," ","7",0," "," ","7",43," "," ","7",0," "," ","7",38," "," ","7",0," "," ","7"
"1728","USC00392565",2015,5,"SNOW",0," "," ","7",0," "," ","7",0," "," ","7",0," "," ","7",0," "," ","7",0," "," ","7",0," "," ","7",0," "," ","7",0," "," ","7",229," "," ","7",0," "," ","7",0," "," ","7",0," "," ","7",0," "," ","7",0," "," ","7",0," "," ","7",0," "," ","7",0," "," ","7",0," "," ","7",0," "," ","7",0," "," ","7",0," "," ","7",0," "," ","7",0," "," ","7",0," "," ","7",0," "," ","7",0," "," ","7",0," "," ","7",0," "," ","7",0," "," ","7",0," "," ","7"
"1729","USC00392565",2015,5,"SNWD",0," "," ","7",0," "," ","7",0," "," ","7",0," "," ","7",0," "," ","7",0," "," ","7",0," "," ","7",0," "," ","7",0," "," ","7",229," "," ","7",178," "," ","7",127," "," ","7",76," "," ","7",0," "," ","7",0," "," ","7",0," "," ","7",0," "," ","7",0," "," ","7",0," "," ","7",0," "," ","7",0," "," ","7",0," "," ","7",0," "," ","7",0," "," ","7",0," "," ","7",0," "," ","7",0," "," ","7",0," "," ","7",0," "," ","7",0," "," ","7",0," "," ","7"
"1730","USC00392565",2015,6,"TMAX",244," "," ","7",289," "," ","7",272," "," ","7",222," "," ","7",178," "," ","7",228," "," ","7",250," "," ","7",244," "," ","7",272," "," ","7",311," "," ","7",250," "," ","7",156," "," ","7",239," "," ","7",261," "," ","7",222," "," ","7",189," "," ","7",233," "," ","7",250," "," ","7",233," "," ","7",289," "," ","7",272," "," ","7",278," "," ","7",239," "," ","7",256," "," ","7",261," "," ","7",217," "," ","7",256," "," ","7",289," "," ","7",306," "," ","7",300," "," ","7",NA," "," "," "
"1731","USC00392565",2015,6,"TMIN",117," "," ","7",106," "," ","7",78," "," ","7",94," "," ","7",117," "," ","7",139," "," ","7",144," "," ","7",83," "," ","7",122," "," ","7",156," "," ","7",139," "," ","7",122," "," ","7",128," "," ","7",139," "," ","7",106," "," ","7",122," "," ","7",128," "," ","7",100," "," ","7",122," "," ","7",117," "," ","7",122," "," ","7",122," "," ","7",144," "," ","7",78," "," ","7",144," "," ","7",128," "," ","7",128," "," ","7",117," "," ","7",161," "," ","7",144," "," ","7",NA," "," "," "
"1732","USC00392565",2015,6,"TOBS",144," "," ","7",167," "," ","7",144," "," ","7",117," "," ","7",161," "," ","7",172," "," ","7",161," "," ","7",194," "," ","7",217," "," ","7",183," "," ","7",144," "," ","7",128," "," ","7",206," "," ","7",167," "," ","7",139," "," ","7",144," "," ","7",150," "," ","7",122," "," ","7",183," "," ","7",189," "," ","7",172," "," ","7",144," "," ","7",161," "," ","7",156," "," ","7",167," "," ","7",172," "," ","7",206," "," ","7",200," "," ","7",183," "," ","7",200," "," ","7",NA," "," "," "
"1733","USC00392565",2015,6,"PRCP",0," "," ","7",0," "," ","7",0," "," ","7",292," "," ","7",0," "," ","7",0," "," ","7",51," "," ","7",0," "," ","7",0," "," ","7",0," "," ","7",251," "," ","7",104," "," ","7",0," "," ","7",0," "," ","7",107," "," ","7",84," "," ","7",0," "," ","7",94," "," ","7",0," "," ","7",0," "," ","7",23," "," ","7",0," "," ","7",0," "," ","7",249," "," ","7",97," "," ","7",41," "," ","7",0," "," ","7",0," "," ","7",0," "," ","7",0," "," ","7",NA," "," "," "
"1734","USC00392565",2015,6,"SNOW",0," "," ","7",0," "," ","7",0," "," ","7",0," "," ","7",0," "," ","7",0," "," ","7",0," "," ","7",0," "," ","7",0," "," ","7",0," "," ","7",0," "," ","7",0," "," ","7",0," "," ","7",0," "," ","7",0," "," ","7",0," "," ","7",0," "," ","7",0," "," ","7",0," "," ","7",0," "," ","7",0," "," ","7",0," "," ","7",0," "," ","7",0," "," ","7",0," "," ","7",0," "," ","7",0," "," ","7",0," "," ","7",0," "," ","7",0," "," ","7",NA," "," "," "
"1735","USC00392565",2015,6,"SNWD",0," "," ","7",0," "," ","7",0," "," ","7",0," "," ","7",0," "," ","7",0," "," ","7",0," "," ","7",0," "," ","7",0," "," ","7",0," "," ","7",0," "," ","7",0," "," ","7",0," "," ","7",0," "," ","7",0," "," ","7",0," "," ","7",0," "," ","7",0," "," ","7",0," "," ","7",0," "," ","7",0," "," ","7",0," "," ","7",0," "," ","7",0," "," ","7",0," "," ","7",0," "," ","7",0," "," ","7",0," "," ","7",0," "," ","7",0," "," ","7",NA," "," "," "
"1736","USC00392565",2015,7,"TMAX",306," "," ","7",300," "," ","7",256," "," ","7",267," "," ","7",311," "," ","7",294," "," ","7",189," "," ","7",217," "," ","7",222," "," ","7",222," "," ","7",256," "," ","7",300," "," ","7",317," "," ","7",306," "," ","7",283," "," ","7",272," "," ","7",272," "," ","7",239," "," ","7",233," "," ","7",283," "," ","7",272," "," ","7",233," "," ","7",311," "," ","7",322," "," ","7",306," "," ","7",306," "," ","7",333," "," ","7",328," "," ","7",222," "," ","7",256," "," ","7",294," "," ","7"
"1737","USC00392565",2015,7,"TMIN",156," "," ","7",133," "," ","7",117," "," ","7",156," "," ","7",167," "," ","7",128," "," ","7",128," "," ","7",144," "," ","7",94," "," ","7",117," "," ","7",111," "," ","7",111," "," ","7",122," "," ","7",161," "," ","7",156," "," ","7",111," "," ","7",122," "," ","7",106," "," ","7",106," "," ","7",111," "," ","7",156," "," ","7",111," "," ","7",133," "," ","7",128," "," ","7",167," "," ","7",183," "," ","7",172," "," ","7",94," "," ","7",61," "," ","7",106," "," ","7",144," "," ","7"
"1738","USC00392565",2015,7,"TOBS",200," "," ","7",194," "," ","7",183," "," ","7",206," "," ","7",250," "," ","7",133," "," ","7",150," "," ","7",156," "," ","7",144," "," ","7",156," "," ","7",172," "," ","7",194," "," ","7",161," "," ","7",206," "," ","7",183," "," ","7",172," "," ","7",156," "," ","7",144," "," ","7",178," "," ","7",156," "," ","7",189," "," ","7",161," "," ","7",211," "," ","7",172," "," ","7",183," "," ","7",222," "," ","7",211," "," ","7",111," "," ","7",133," "," ","7",167," "," ","7",200," "," ","7"
"1739","USC00392565",2015,7,"PRCP",0," "," ","7",384," "," ","7",0," "," ","7",0," "," ","7",0," "," ","7",541," "," ","7",0," "," ","7",0," "," ","7",0," "," ","7",0," "," ","7",0," "," ","7",0," "," ","7",0," "," ","7",0," "," ","7",0," "," ","7",102," "," ","7",0," "," ","7",5," "," ","7",0," "," ","7",0," "," ","7",0," "," ","7",0," "," ","7",0," "," ","7",0," "," ","7",0," "," ","7",0," "," ","7",0," "," ","7",0," "," ","7",0," "," ","7",0," "," ","7",0," "," ","7"
"1740","USC00392565",2015,7,"SNOW",0," "," ","7",0," "," ","7",0," "," ","7",0," "," ","7",0," "," ","7",0," "," ","7",0," "," ","7",0," "," ","7",0," "," ","7",0," "," ","7",0," "," ","7",0," "," ","7",0," "," ","7",0," "," ","7",0," "," ","7",0," "," ","7",0," "," ","7",0," "," ","7",0," "," ","7",0," "," ","7",0," "," ","7",0," "," ","7",0," "," ","7",0," "," ","7",0," "," ","7",0," "," ","7",0," "," ","7",0," "," ","7",0," "," ","7",0," "," ","7",0," "," ","7"
"1741","USC00392565",2015,7,"SNWD",0," "," ","7",0," "," ","7",0," "," ","7",0," "," ","7",0," "," ","7",0," "," ","7",0," "," ","7",0," "," ","7",0," "," ","7",0," "," ","7",0," "," ","7",0," "," ","7",0," "," ","7",0," "," ","7",0," "," ","7",0," "," ","7",0," "," ","7",0," "," ","7",0," "," ","7",0," "," ","7",0," "," ","7",0," "," ","7",0," "," ","7",0," "," ","7",0," "," ","7",0," "," ","7",0," "," ","7",0," "," ","7",0," "," ","7",0," "," ","7",0," "," ","7"
"1742","USC00392565",2015,8,"TMAX",311," "," ","7",328," "," ","7",306," "," ","7",278," "," ","7",283," "," ","7",317," "," ","7",261," "," ","7",256," "," ","7",283," "," ","7",261," "," ","7",294," "," ","7",311," "," ","7",344," "," ","7",344," "," ","7",367," "," ","7",256," "," ","7",206," "," ","7",206," "," ","7",200," "," ","7",267," "," ","7",311," "," ","7",356," "," ","7",228," "," ","7",272," "," ","7",322," "," ","7",339," "," ","7",267," "," ","7",294," "," ","7",333," "," ","7",356," "," ","7",267," "," ","7"
"1743","USC00392565",2015,8,"TMIN",156," "," ","7",150," "," ","7",178," "," ","7",144," "," ","7",122," "," ","7",128," "," ","7",139," "," ","7",167," "," ","7",117," "," ","7",117," "," ","7",144," "," ","7",150," "," ","7",167," "," ","7",178," "," ","7",178," "," ","7",106," "," ","7",100," "," ","7",67," "," ","7",72," "," ","7",122," "," ","7",117," "," ","7",133," "," ","7",17," "," ","7",83," "," ","7",172," "," ","7",161," "," ","7",106," "," ","7",133," "," ","7",144," "," ","7",150," "," ","7",100," "," ","7"
"1744","USC00392565",2015,8,"TOBS",206," "," ","7",256," "," ","7",194," "," ","7",172," "," ","7",161," "," ","7",172," "," ","7",183," "," ","7",189," "," ","7",139," "," ","7",167," "," ","7",194," "," ","7",194," "," ","7",189," "," ","7",211," "," ","7",211," "," ","7",106," "," ","7",117," "," ","7",100," "," ","7",178," "," ","7",178," "," ","7",133," "," ","7",167," "," ","7",89," "," ","7",228," "," ","7",228," "," ","7",167," "," ","7",161," "," ","7",250," "," ","7",256," "," ","7",200," "," ","7",206," "," ","7"
"1745","USC00392565",2015,8,"PRCP",0," "," ","7",0," "," ","7",0," "," ","7",0," "," ","7",0," "," ","7",168," "," ","7",0," "," ","7",0," "," ","7",0," "," ","7",0," "," ","7",0," "," ","7",0," "," ","7",0," "," ","7",0," "," ","7",0," "," ","7",20," "," ","7",104," "," ","7",46," "," ","7",0," "," ","7",0," "," ","7",0," "," ","7",0," "," ","7",0," "," ","7",0," "," ","7",0," "," ","7",25," "," ","7",0," "," ","7",0," "," ","7",0," "," ","7",0," "," ","7",0," "," ","7"
"1746","USC00392565",2015,8,"SNOW",0," "," ","7",0," "," ","7",0," "," ","7",0," "," ","7",0," "," ","7",0," "," ","7",0," "," ","7",0," "," ","7",0," "," ","7",0," "," ","7",0," "," ","7",0," "," ","7",0," "," ","7",0," "," ","7",0," "," ","7",0," "," ","7",0," "," ","7",0," "," ","7",0," "," ","7",0," "," ","7",0," "," ","7",0," "," ","7",0," "," ","7",0," "," ","7",0," "," ","7",0," "," ","7",0," "," ","7",0," "," ","7",0," "," ","7",0," "," ","7",0," "," ","7"
"1747","USC00392565",2015,8,"SNWD",0," "," ","7",0," "," ","7",0," "," ","7",0," "," ","7",0," "," ","7",0," "," ","7",0," "," ","7",0," "," ","7",0," "," ","7",0," "," ","7",0," "," ","7",0," "," ","7",0," "," ","7",0," "," ","7",0," "," ","7",0," "," ","7",0," "," ","7",0," "," ","7",0," "," ","7",0," "," ","7",0," "," ","7",0," "," ","7",0," "," ","7",0," "," ","7",0," "," ","7",0," "," ","7",0," "," ","7",0," "," ","7",0," "," ","7",0," "," ","7",0," "," ","7"
"1748","USC00392565",2015,9,"TMAX",317," "," ","7",344," "," ","7",333," "," ","7",NA," "," "," ",306," "," ","7",256," "," ","7",256," "," ","7",233," "," ","7",NA," "," "," ",256," "," ","7",233," "," ","7",278," "," ","7",311," "," ","7",322," "," ","7",289," "," ","7",289," "," ","7",206," "," ","7",167," "," ","7",222," "," ","7",256," "," ","7",294," "," ","7",228," "," ","7",244," "," ","7",NA," "," "," ",278," "," ","7",267," "," ","7",311," "," ","7",278," "," ","7",172," "," ","7",128," "," ","7",NA," "," "," "
"1749","USC00392565",2015,9,"TMIN",150," "," ","7",144," "," ","7",139," "," ","7",NA," "," "," ",144," "," ","7",122," "," ","7",72," "," ","7",94," "," ","7",NA," "," "," ",56," "," ","7",83," "," ","7",106," "," ","7",106," "," ","7",139," "," ","7",100," "," ","7",89," "," ","7",72," "," ","7",39," "," ","7",50," "," ","7",67," "," ","7",122," "," ","7",133," "," ","7",78," "," ","7",NA," "," "," ",94," "," ","7",83," "," ","7",100," "," ","7",128," "," ","7",106," "," ","7",67," "," ","7",NA," "," "," "
"1750","USC00392565",2015,9,"TOBS",194," "," ","7",217," "," ","7",250," "," ","7",NA," "," "," ",178," "," ","7",161," "," ","7",139," "," ","7",139," "," ","7",NA," "," "," ",150," "," ","7",189," "," ","7",189," "," ","7",178," "," ","7",239," "," ","7",217," "," ","7",150," "," ","7",89," "," ","7",122," "," ","7",128," "," ","7",156," "," ","7",150," "," ","7",139," "," ","7",178," "," ","7",NA," "," "," ",106," "," ","7",100," "," ","7",128," "," ","7",133," "," ","7",111," "," ","7",78," "," ","7",NA," "," "," "
"1751","USC00392565",2015,9,"PRCP",0," "," ","7",0," "," ","7",0," "," ","7",0," "," ","7",0," "," ","7",0," "," ","7",0," "," ","7",0," "," ","7",0," "," ","7",0," "," ","7",0," "," ","7",0," "," ","7",0," "," ","7",0," "," ","7",0," "," ","7",0," "," ","7",0," "," ","7",0," "," ","7",0," "," ","7",0," "," ","7",0," "," ","7",0," "," ","7",0," "," ","7",0," "," ","7",0," "," ","7",0," "," ","7",0," "," ","7",8," "," ","7",104," "," ","7",8," "," ","7",NA," "," "," "
"1752","USC00392565",2015,9,"SNOW",0," "," ","7",0," "," ","7",0," "," ","7",0," "," ","7",0," "," ","7",0," "," ","7",0," "," ","7",0," "," ","7",0," "," ","7",0," "," ","7",0," "," ","7",0," "," ","7",0," "," ","7",0," "," ","7",0," "," ","7",0," "," ","7",0," "," ","7",0," "," ","7",0," "," ","7",0," "," ","7",0," "," ","7",0," "," ","7",0," "," ","7",0," "," ","7",0," "," ","7",0," "," ","7",0," "," ","7",0," "," ","7",0," "," ","7",0," "," ","7",NA," "," "," "
"1753","USC00392565",2015,9,"SNWD",0," "," ","7",0," "," ","7",0," "," ","7",0," "," ","7",0," "," ","7",0," "," ","7",0," "," ","7",0," "," ","7",0," "," ","7",0," "," ","7",0," "," ","7",0," "," ","7",0," "," ","7",0," "," ","7",0," "," ","7",0," "," ","7",0," "," ","7",0," "," ","7",0," "," ","7",0," "," ","7",0," "," ","7",0," "," ","7",0," "," ","7",0," "," ","7",0," "," ","7",0," "," ","7",0," "," ","7",0," "," ","7",0," "," ","7",0," "," ","7",NA," "," "," "
"1754","USC00392565",2015,10,"TMAX",256," "," ","7",200," "," ","7",117," "," ","7",83," "," ","7",100," "," ","7",139," "," ","7",150," "," ","7",228," "," ","7",150," "," ","7",217," "," ","7",278," "," ","7",250," "," ","7",183," "," ","7",211," "," ","7",217," "," ","7",167," "," ","7",178," "," ","7",211," "," ","7",256," "," ","7",211," "," ","7",189," "," ","7",150," "," ","7",122," "," ","7",117," "," ","7",150," "," ","7",167," "," ","7",133," "," ","7",100," "," ","7",67," "," ","7",106," "," ","7",122," "," ","7"
"1755","USC00392565",2015,10,"TMIN",72," "," ","7",100," "," ","7",56," "," ","7",56," "," ","7",78," "," ","7",39," "," ","7",61," "," ","7",78," "," ","7",50," "," ","7",39," "," ","7",56," "," ","7",61," "," ","7",28," "," ","7",33," "," ","7",22," "," ","7",-11," "," ","7",11," "," ","7",17," "," ","7",56," "," ","7",44," "," ","7",17," "," ","7",22," "," ","7",61," "," ","7",-22," "," ","7",-6," "," ","7",56," "," ","7",-11," "," ","7",-6," "," ","7",-89," "," ","7",-78," "," ","7",-11," "," ","7"
"1756","USC00392565",2015,10,"TOBS",106," "," ","7",117," "," ","7",56," "," ","7",83," "," ","7",78," "," ","7",61," "," ","7",78," "," ","7",106," "," ","7",72," "," ","7",56," "," ","7",178," "," ","7",61," "," ","7",33," "," ","7",39," "," ","7",44," "," ","7",39," "," ","7",17," "," ","7",94," "," ","7",67," "," ","7",50," "," ","7",22," "," ","7",61," "," ","7",67," "," ","7",-6," "," ","7",67," "," ","7",61," "," ","7",0," "," ","7",22," "," ","7",-78," "," ","7",17," "," ","7",61," "," ","7"
"1757","USC00392565",2015,10,"PRCP",0," "," ","7",0," "," ","7",89," "," ","7",33," "," ","7",3," "," ","7",0," "," ","7",0," "," ","7",0," "," ","7",20," "," ","7",0," "," ","7",0," "," ","7",0," "," ","7",0," "," ","7",0," "," ","7",0," "," ","7",0," "," ","7",0," "," ","7",0," "," ","7",0," "," ","7",0," "," ","7",0," "," ","7",0," "," ","7",86," "," ","7",0," "," ","7",0," "," ","7",10," "," ","7",10," "," ","7",28," "," ","7",0," "," ","7",0," "," ","7",0," "," ","7"
"1758","USC00392565",2015,10,"SNOW",0," "," ","7",0," "," ","7",0," "," ","7",0," "," ","7",0," "," ","7",0," "," ","7",0," "," ","7",0," "," ","7",0," "," ","7",0," "," ","7",0," "," ","7",0," "," ","7",0," "," ","7",0," "," ","7",0," "," ","7",0," "," ","7",0," "," ","7",0," "," ","7",0," "," ","7",0," "," ","7",0," "," ","7",0," "," ","7",0," "," ","7",0," "," ","7",0," "," ","7",0," "," ","7",0," "," ","7",0," "," ","7",0," "," ","7",0," "," ","7",0," "," ","7"
"1759","USC00392565",2015,10,"SNWD",0," "," ","7",0," "," ","7",0," "," ","7",0," "," ","7",0," "," ","7",0," "," ","7",0," "," ","7",0," "," ","7",0," "," ","7",0," "," ","7",0," "," ","7",0," "," ","7",0," "," ","7",0," "," ","7",0," "," ","7",0," "," ","7",0," "," ","7",0," "," ","7",0," "," ","7",0," "," ","7",0," "," ","7",0," "," ","7",0," "," ","7",0," "," ","7",0," "," ","7",0," "," ","7",0," "," ","7",0," "," ","7",0," "," ","7",0," "," ","7",0," "," ","7"
"1760","USC00392565",2015,11,"TMAX",161," "," ","7",200," "," ","7",161," "," ","7",222," "," ","7",128," "," ","7",61," "," ","7",39," "," ","7",117," "," ","7",167," "," ","7",150," "," ","7",94," "," ","7",56," "," ","7",50," "," ","7",122," "," ","7",172," "," ","7",161," "," ","7",94," "," ","7",67," "," ","7",67," "," ","7",22," "," ","7",-11," "," ","7",-11," "," ","7",100," "," ","7",128," "," ","7",139," "," ","7",6," "," ","7",-83," "," ","7",-61," "," ","7",-56," "," ","7",-56," "," ","7",NA," "," "," "
"1761","USC00392565",2015,11,"TMIN",28," "," ","7",22," "," ","7",28," "," ","7",0," "," ","7",-6," "," ","7",-50," "," ","7",-89," "," ","7",-56," "," ","7",-11," "," ","7",-6," "," ","7",-6," "," ","7",-39," "," ","7",-78," "," ","7",-28," "," ","7",-17," "," ","7",-33," "," ","7",-28," "," ","7",-39," "," ","7",-117," "," ","7",-117," "," ","7",-194," "," ","7",-178," "," ","7",-78," "," ","7",-28," "," ","7",-33," "," ","7",-100," "," ","7",-183," "," ","7",-167," "," ","7",-167," "," ","7",-167," "," ","7",NA," "," "," "
"1762","USC00392565",2015,11,"TOBS",44," "," ","7",56," "," ","7",161," "," ","7",17," "," ","7",-6," "," ","7",-17," "," ","7",-56," "," ","7",44," "," ","7",22," "," ","7",28," "," ","7",-6," "," ","7",0," "," ","7",-11," "," ","7",0," "," ","7",0," "," ","7",-28," "," ","7",-17," "," ","7",22," "," ","7",-117," "," ","7",-33," "," ","7",-178," "," ","7",-78," "," ","7",-6," "," ","7",6," "," ","7",-28," "," ","7",-94," "," ","7",-167," "," ","7",-83," "," ","7",-83," "," ","7",-139," "," ","7",NA," "," "," "
"1763","USC00392565",2015,11,"PRCP",0," "," ","7",0," "," ","7",0," "," ","7",0," "," ","7",10," "," ","7",0," "," ","7",0," "," ","7",0," "," ","7",0," "," ","7",0," "," ","7",0," "," ","7",0," "," ","7",0," "," ","7",0," "," ","7",0," "," ","7",0," "," ","7",0," "," ","7",0," "," ","7",0," "," ","7",23," "," ","7",18," "," ","7",0," "," ","7",0," "," ","7",0," "," ","7",0," "," ","7",33," "," ","7",0,"T"," ","7",13," "," ","7",15," "," ","7",0," "," ","7",NA," "," "," "
"1764","USC00392565",2015,11,"SNOW",0," "," ","7",0," "," ","7",0," "," ","7",0," "," ","7",0," "," ","7",0," "," ","7",0," "," ","7",0," "," ","7",0," "," ","7",0," "," ","7",0," "," ","7",0," "," ","7",0," "," ","7",0," "," ","7",0," "," ","7",0," "," ","7",0," "," ","7",0," "," ","7",0," "," ","7",25," "," ","7",25," "," ","7",0," "," ","7",0," "," ","7",0," "," ","7",0," "," ","7",76," "," ","7",0,"T"," ","7",13," "," ","7",25," "," ","7",0," "," ","7",NA," "," "," "
"1765","USC00392565",2015,11,"SNWD",0," "," ","7",0," "," ","7",0," "," ","7",0," "," ","7",0," "," ","7",0," "," ","7",0," "," ","7",0," "," ","7",0," "," ","7",0," "," ","7",0," "," ","7",0," "," ","7",0," "," ","7",0," "," ","7",0," "," ","7",0," "," ","7",0," "," ","7",0," "," ","7",0," "," ","7",25," "," ","7",51," "," ","7",25," "," ","7",0,"T"," ","7",0," "," ","7",0," "," ","7",76," "," ","7",76," "," ","7",76," "," ","7",102," "," ","7",102," "," ","7",NA," "," "," "
"1766","USC00392565",2015,12,"TMAX",-50," "," ","7",-6," "," ","7",44," "," ","7",72," "," ","7",106," "," ","7",78," "," ","7",83," "," ","7",89," "," ","7",106," "," ","7",139," "," ","7",50," "," ","7",56," "," ","7",33," "," ","7",50," "," ","7",83," "," ","7",-6," "," ","7",-33," "," ","7",-56," "," ","7",33," "," ","7",106," "," ","7",6," "," ","7",39," "," ","7",44," "," ","7",0," "," ","7",6," "," ","7",6," "," ","7",-61," "," ","7",-17," "," ","7",-39," "," ","7",-89," "," ","7",-50," "," ","7"
"1767","USC00392565",2015,12,"TMIN",-139," "," ","7",-122," "," ","7",-83," "," ","7",-78," "," ","7",-28," "," ","7",-78," "," ","7",-67," "," ","7",-50," "," ","7",-22," "," ","7",-50," "," ","7",-33," "," ","7",-28," "," ","7",-83," "," ","7",-89," "," ","7",-72," "," ","7",-78," "," ","7",-128," "," ","7",-150," "," ","7",-133," "," ","7",-28," "," ","7",-61," "," ","7",-50," "," ","7",-111," "," ","7",-133," "," ","7",-139," "," ","7",-94," "," ","7",-189," "," ","7",-178," "," ","7",-200," "," ","7",-200," "," ","7",-144," "," ","7"
"1768","USC00392565",2015,12,"TOBS",-61," "," ","7",-83," "," ","7",-67," "," ","7",-28," "," ","7",-11," "," ","7",-67," "," ","7",-44," "," ","7",0," "," ","7",0," "," ","7",-28," "," ","7",6," "," ","7",-11," "," ","7",-78," "," ","7",-72," "," ","7",-44," "," ","7",-78," "," ","7",-111," "," ","7",-128," "," ","7",-22," "," ","7",-11," "," ","7",-44," "," ","7",33," "," ","7",-111," "," ","7",-133," "," ","7",-61," "," ","7",-94," "," ","7",-178," "," ","7",-156," "," ","7",-194," "," ","7",-144," "," ","7",-83," "," ","7"
"1769","USC00392565",2015,12,"PRCP",0," "," ","7",0," "," ","7",0," "," ","7",0," "," ","7",0," "," ","7",0," "," ","7",0," "," ","7",0," "," ","7",0," "," ","7",8," "," ","7",0," "," ","7",0," "," ","7",0," "," ","7",0," "," ","7",0," "," ","7",0," "," ","7",0," "," ","7",0," "," ","7",0," "," ","7",0," "," ","7",0," "," ","7",0," "," ","7",0," "," ","7",0," "," ","7",0," "," ","7",13," "," ","7",0," "," ","7",0," "," ","7",0," "," ","7",0," "," ","7",0,"T"," ","7"
"1770","USC00392565",2015,12,"SNOW",0," "," ","7",0," "," ","7",0," "," ","7",0," "," ","7",0," "," ","7",0," "," ","7",0," "," ","7",0," "," ","7",0," "," ","7",0," "," ","7",0," "," ","7",0," "," ","7",0," "," ","7",0," "," ","7",0," "," ","7",0," "," ","7",0," "," ","7",0," "," ","7",0," "," ","7",0," "," ","7",0," "," ","7",0," "," ","7",0," "," ","7",0," "," ","7",0," "," ","7",20," "," ","7",0," "," ","7",0," "," ","7",0," "," ","7",0," "," ","7",5," "," ","7"
"1771","USC00392565",2015,12,"SNWD",0," "," ","7",0," "," ","7",0," "," ","7",0," "," ","7",0," "," ","7",0," "," ","7",0," "," ","7",0," "," ","7",0," "," ","7",0," "," ","7",0," "," ","7",0," "," ","7",0," "," ","7",0," "," ","7",0," "," ","7",0," "," ","7",0," "," ","7",0," "," ","7",0," "," ","7",0," "," ","7",0," "," ","7",0," "," ","7",0," "," ","7",0," "," ","7",0," "," ","7",25," "," ","7",0,"T"," ","7",0,"T"," ","7",0," "," ","7",0," "," ","7",0,"T"," ","7"
"1772","USC00392565",2016,1,"TMAX",-56," "," ","7",22," "," ","7",61," "," ","7",33," "," ","7",94," "," ","7",100," "," ","7",56," "," ","7",11," "," ","7",-44," "," ","7",-50," "," ","7",11," "," ","7",11," "," ","7",67," "," ","7",67," "," ","7",11," "," ","7",0," "," ","7",-44," "," ","7",-78," "," ","7",56," "," ","7",56," "," ","7",44," "," ","7",33," "," ","7",94," "," ","7",106," "," ","7",56," "," ","7",11," "," ","7",39," "," ","7",89," "," ","7",122," "," ","7",78," "," ","7",39," "," ","7"
"1773","USC00392565",2016,1,"TMIN",-161," "," ","7",-100," "," ","7",-128," "," ","7",-106," "," ","7",-83," "," ","7",-67," "," ","7",-89," "," ","7",-94," "," ","7",-144," "," ","7",-139," "," ","7",-94," "," ","7",-128," "," ","7",-106," "," ","7",-89," "," ","7",-39," "," ","7",-89," "," ","7",-161," "," ","7",-144," "," ","7",-94," "," ","7",-89," "," ","7",-67," "," ","7",-111," "," ","7",-111," "," ","7",-50," "," ","7",-28," "," ","7",-106," "," ","7",-117," "," ","7",-56," "," ","7",-39," "," ","7",-17," "," ","7",-106," "," ","7"
"1774","USC00392565",2016,1,"TOBS",-100," "," ","7",-78," "," ","7",-106," "," ","7",-78," "," ","7",-61," "," ","7",-56," "," ","7",-72," "," ","7",-89," "," ","7",-122," "," ","7",-94," "," ","7",-50," "," ","7",-78," "," ","7",-89," "," ","7",-33," "," ","7",-22," "," ","7",-56," "," ","7",-144," "," ","7",-89," "," ","7",-89," "," ","7",-44," "," ","7",NA," "," "," ",NA," "," "," ",NA," "," "," ",NA," "," "," ",NA," "," "," ",NA," "," "," ",NA," "," "," ",NA," "," "," ",NA," "," "," ",NA," "," "," ",NA," "," "," "
"1775","USC00392565",2016,1,"PRCP",0," "," ","7",0," "," ","7",0," "," ","7",0," "," ","7",0," "," ","7",0," "," ","7",0," "," ","7",0," "," ","7",0," "," ","7",0," "," ","7",0," "," ","7",0," "," ","7",0," "," ","7",0," "," ","7",8," "," ","7",0," "," ","7",10," "," ","7",3," "," ","7",0,"T"," ","7",0," "," ","7",0," "," ","7",0," "," ","7",0," "," ","7",0," "," ","7",0," "," ","7",0," "," ","7",0," "," ","7",0," "," ","7",0," "," ","7",8," "," ","7",0," "," ","7"
"1776","USC00392565",2016,1,"SNOW",0," "," ","7",0," "," ","7",0," "," ","7",0," "," ","7",0," "," ","7",0," "," ","7",0," "," ","7",0," "," ","7",0," "," ","7",0," "," ","7",0," "," ","7",0," "," ","7",0," "," ","7",0," "," ","7",13," "," ","7",0," "," ","7",20," "," ","7",5," "," ","7",0,"T"," ","7",0," "," ","7",0," "," ","7",0," "," ","7",0," "," ","7",0," "," ","7",0," "," ","7",0," "," ","7",0," "," ","7",0," "," ","7",0," "," ","7",0," "," ","7",0," "," ","7"
"1777","USC00392565",2016,1,"SNWD",0," "," ","7",0," "," ","7",0," "," ","7",0," "," ","7",0," "," ","7",0," "," ","7",0," "," ","7",0," "," ","7",0," "," ","7",0," "," ","7",0," "," ","7",0," "," ","7",0," "," ","7",0," "," ","7",25," "," ","7",0,"T"," ","7",25," "," ","7",25," "," ","7",25," "," ","7",0,"T"," ","7",0," "," ","7",0," "," ","7",0," "," ","7",0," "," ","7",0," "," ","7",0," "," ","7",0," "," ","7",0," "," ","7",0," "," ","7",0," "," ","7",0," "," ","7"
"1778","USC00392565",2016,2,"TMAX",22," "," ","7",-6," "," ","7",-22," "," ","7",-22," "," ","7",-6," "," ","7",28," "," ","7",61," "," ","7",11," "," ","7",61," "," ","7",100," "," ","7",150," "," ","7",111," "," ","7",-11," "," ","7",133," "," ","7",50," "," ","7",39," "," ","7",61," "," ","7",117," "," ","7",194," "," ","7",122," "," ","7",106," "," ","7",56," "," ","7",61," "," ","7",56," "," ","7",22," "," ","7",61," "," ","7",144," "," ","7",156," "," ","7",117," "," ","7",NA," "," "," ",NA," "," "," "
"1779","USC00392565",2016,2,"TMIN",-100," "," ","7",-56," "," ","7",-161," "," ","7",-172," "," ","7",-156," "," ","7",-100," "," ","7",-17," "," ","7",-94," "," ","7",-83," "," ","7",-56," "," ","7",-61," "," ","7",-56," "," ","7",-61," "," ","7",-44," "," ","7",-56," "," ","7",-61," "," ","7",-44," "," ","7",0," "," ","7",11," "," ","7",-28," "," ","7",-33," "," ","7",-78," "," ","7",-83," "," ","7",-94," "," ","7",-139," "," ","7",-83," "," ","7",-39," "," ","7",17," "," ","7",-28," "," ","7",NA," "," "," ",NA," "," "," "
"1780","USC00392565",2016,2,"TOBS",NA," "," "," ",NA," "," "," ",-161," "," ","7",-156," "," ","7",-17," "," ","7",-11," "," ","7",-17," "," ","7",-67," "," ","7",-56," "," ","7",-56," "," ","7",39," "," ","7",-44," "," ","7",-22," "," ","7",-39," "," ","7",-22," "," ","7",-44," "," ","7",0," "," ","7",94," "," ","7",44," "," ","7",-11," "," ","7",-22," "," ","7",-56," "," ","7",-56," "," ","7",-28," "," ","7",-78," "," ","7",6," "," ","7",44," "," ","7",22," "," ","7",11," "," ","7",NA," "," "," ",NA," "," "," "
"1781","USC00392565",2016,2,"PRCP",0," "," ","7",0," "," ","7",20," "," ","7",0," "," ","7",0," "," ","7",0," "," ","7",0," "," ","7",0," "," ","7",0," "," ","7",0," "," ","7",0," "," ","7",0," "," ","7",0," "," ","7",0," "," ","7",8," "," ","7",15," "," ","7",0," "," ","7",0," "," ","7",36," "," ","7",0," "," ","7",0," "," ","7",0," "," ","7",0," "," ","7",0," "," ","7",0," "," ","7",0," "," ","7",0," "," ","7",0," "," ","7",0," "," ","7",NA," "," "," ",NA," "," "," "
"1782","USC00392565",2016,2,"SNOW",0," "," ","7",0," "," ","7",38," "," ","7",0," "," ","7",0," "," ","7",0," "," ","7",0," "," ","7",0," "," ","7",0," "," ","7",0," "," ","7",0," "," ","7",0," "," ","7",0," "," ","7",0," "," ","7",0," "," ","7",0," "," ","7",0," "," ","7",0," "," ","7",0," "," ","7",0," "," ","7",0," "," ","7",0," "," ","7",0," "," ","7",0," "," ","7",0," "," ","7",0," "," ","7",0," "," ","7",0," "," ","7",0," "," ","7",NA," "," "," ",NA," "," "," "
"1783","USC00392565",2016,2,"SNWD",0," "," ","7",0," "," ","7",51," "," ","7",51," "," ","7",25," "," ","7",0," "," ","7",0," "," ","7",0," "," ","7",0," "," ","7",0," "," ","7",0," "," ","7",0," "," ","7",0," "," ","7",0," "," ","7",0," "," ","7",0," "," ","7",0," "," ","7",0," "," ","7",0," "," ","7",0," "," ","7",0," "," ","7",0," "," ","7",0," "," ","7",0," "," ","7",0," "," ","7",0," "," ","7",0," "," ","7",0," "," ","7",0," "," ","7",NA," "," "," ",NA," "," "," "
"1784","USC00392565",2016,3,"TMAX",83," "," ","7",78," "," ","7",111," "," ","7",150," "," ","7",128," "," ","7",189," "," ","7",194," "," ","7",156," "," ","7",117," "," ","7",106," "," ","7",172," "," ","7",206," "," ","7",217," "," ","7",161," "," ","7",156," "," ","7",61," "," ","7",61," "," ","7",50," "," ","7",0," "," ","7",22," "," ","7",144," "," ","7",211," "," ","7",133," "," ","7",39," "," ","7",94," "," ","7",33," "," ","7",39," "," ","7",117," "," ","7",178," "," ","7",100," "," ","7",72," "," ","7"
"1785","USC00392565",2016,3,"TMIN",-78," "," ","7",-44," "," ","7",-72," "," ","7",-44," "," ","7",-22," "," ","7",-22," "," ","7",11," "," ","7",0," "," ","7",-61," "," ","7",-56," "," ","7",11," "," ","7",44," "," ","7",0," "," ","7",-17," "," ","7",-28," "," ","7",-67," "," ","7",-100," "," ","7",-117," "," ","7",-100," "," ","7",-117," "," ","7",-89," "," ","7",-17," "," ","7",-6," "," ","7",-72," "," ","7",-61," "," ","7",-56," "," ","7",-78," "," ","7",-61," "," ","7",6," "," ","7",22," "," ","7",-17," "," ","7"
"1786","USC00392565",2016,3,"TOBS",-44," "," ","7",-11," "," ","7",-44," "," ","7",56," "," ","7",56," "," ","7",33," "," ","7",33," "," ","7",11," "," ","7",-33," "," ","7",17," "," ","7",56," "," ","7",72," "," ","7",72," "," ","7",-6," "," ","7",-17," "," ","7",-22," "," ","7",-78," "," ","7",-72," "," ","7",-72," "," ","7",-89," "," ","7",-17," "," ","7",39," "," ","7",-6," "," ","7",-61," "," ","7",6," "," ","7",-50," "," ","7",-61," "," ","7",6," "," ","7",67," "," ","7",33," "," ","7",-11," "," ","7"
"1787","USC00392565",2016,3,"PRCP",5," "," ","7",0," "," ","7",0," "," ","7",0," "," ","7",0," "," ","7",0," "," ","7",0," "," ","7",0,"T"," ","7",0," "," ","7",0," "," ","7",0," "," ","7",0," "," ","7",0," "," ","7",38," "," ","7",0," "," ","7",0," "," ","7",0," "," ","7",0," "," ","7",0," "," ","7",0," "," ","7",0," "," ","7",0," "," ","7",33," "," ","7",0," "," ","7",0," "," ","7",94," "," ","7",0," "," ","7",0," "," ","7",0," "," ","7",0," "," ","7",15," "," ","7"
"1788","USC00392565",2016,3,"SNOW",0," "," ","7",0," "," ","7",0," "," ","7",0," "," ","7",0," "," ","7",0," "," ","7",0," "," ","7",0," "," ","7",0," "," ","7",0," "," ","7",0," "," ","7",0," "," ","7",0," "," ","7",13," "," ","7",0," "," ","7",0," "," ","7",0," "," ","7",0," "," ","7",0," "," ","7",0," "," ","7",0," "," ","7",0," "," ","7",0,"T"," ","7",0," "," ","7",0," "," ","7",89," "," ","7",0," "," ","7",0," "," ","7",0," "," ","7",0," "," ","7",0," "," ","7"
"1789","USC00392565",2016,3,"SNWD",0," "," ","7",0," "," ","7",0," "," ","7",0," "," ","7",0," "," ","7",0," "," ","7",0," "," ","7",0," "," ","7",0," "," ","7",0," "," ","7",0," "," ","7",0," "," ","7",0," "," ","7",0,"T"," ","7",0," "," ","7",0," "," ","7",0," "," ","7",0," "," ","7",0," "," ","7",0," "," ","7",0," "," ","7",0," "," ","7",0,"T"," ","7",0," "," ","7",0," "," ","7",102," "," ","7",51," "," ","7",0," "," ","7",0," "," ","7",0," "," ","7",0," "," ","7"
"1790","USC00392565",2016,4,"TMAX",50," "," ","7",72," "," ","7",178," "," ","7",183," "," ","7",194," "," ","7",122," "," ","7",150," "," ","7",128," "," ","7",172," "," ","7",244," "," ","7",122," "," ","7",144," "," ","7",228," "," ","7",244," "," ","7",233," "," ","7",122," "," ","7",78," "," ","7",67," "," ","7",83," "," ","7",117," "," ","7",167," "," ","7",206," "," ","7",261," "," ","7",272," "," ","7",128," "," ","7",144," "," ","7",28," "," ","7",50," "," ","7",44," "," ","7",61," "," ","7",NA," "," "," "
"1791","USC00392565",2016,4,"TMIN",-44," "," ","7",-33," "," ","7",-11," "," ","7",-6," "," ","7",33," "," ","7",-11," "," ","7",-11," "," ","7",-33," "," ","7",6," "," ","7",56," "," ","7",-56," "," ","7",-22," "," ","7",28," "," ","7",67," "," ","7",56," "," ","7",22," "," ","7",0," "," ","7",0," "," ","7",-28," "," ","7",0," "," ","7",-6," "," ","7",33," "," ","7",78," "," ","7",72," "," ","7",6," "," ","7",0," "," ","7",-6," "," ","7",-17," "," ","7",0," "," ","7",6," "," ","7",NA," "," "," "
"1792","USC00392565",2016,4,"TOBS",-33," "," ","7",28," "," ","7",44," "," ","7",33," "," ","7",50," "," ","7",33," "," ","7",50," "," ","7",39," "," ","7",56," "," ","7",67," "," ","7",-22," "," ","7",61," "," ","7",117," "," ","7",78," "," ","7",67," "," ","7",28," "," ","7",0," "," ","7",11," "," ","7",0," "," ","7",33," "," ","7",33," "," ","7",111," "," ","7",122," "," ","7",83," "," ","7",22," "," ","7",0," "," ","7",17," "," ","7",6," "," ","7",6," "," ","7",33," "," ","7",NA," "," "," "
"1793","USC00392565",2016,4,"PRCP",0," "," ","7",0," "," ","7",0," "," ","7",0," "," ","7",0," "," ","7",8," "," ","7",0," "," ","7",0," "," ","7",0," "," ","7",0," "," ","7",0," "," ","7",0," "," ","7",0," "," ","7",0," "," ","7",18," "," ","7",18," "," ","7",33," "," ","7",20," "," ","7",0," "," ","7",0," "," ","7",0," "," ","7",0," "," ","7",0," "," ","7",0," "," ","7",0," "," ","7",102," "," ","7",86," "," ","7",20," "," ","7",0,"T"," ","7",0," "," ","7",NA," "," "," "
"1794","USC00392565",2016,4,"SNOW",0," "," ","7",0," "," ","7",0," "," ","7",0," "," ","7",0," "," ","7",0," "," ","7",0," "," ","7",0," "," ","7",0," "," ","7",0," "," ","7",0," "," ","7",0," "," ","7",0," "," ","7",0," "," ","7",0," "," ","7",0," "," ","7",0," "," ","7",0," "," ","7",0," "," ","7",0," "," ","7",0," "," ","7",0," "," ","7",0," "," ","7",0," "," ","7",0," "," ","7",0,"T"," ","7",79," "," ","7",0,"T"," ","7",0," "," ","7",0," "," ","7",NA," "," "," "
"1795","USC00392565",2016,4,"SNWD",0," "," ","7",0," "," ","7",0," "," ","7",0," "," ","7",0," "," ","7",0," "," ","7",0," "," ","7",0," "," ","7",0," "," ","7",0," "," ","7",0," "," ","7",0," "," ","7",0," "," ","7",0," "," ","7",0," "," ","7",0," "," ","7",0," "," ","7",0," "," ","7",0," "," ","7",0," "," ","7",0," "," ","7",0," "," ","7",0," "," ","7",0," "," ","7",0," "," ","7",0," "," ","7",51," "," ","7",0,"T"," ","7",0," "," ","7",0," "," ","7",NA," "," "," "
"1796","USC00392565",2016,5,"TMAX",67," "," ","7",133," "," ","7",172," "," ","7",228," "," ","7",233," "," ","7",278," "," ","7",289," "," ","7",167," "," ","7",150," "," ","7",161," "," ","7",111," "," ","7",100," "," ","7",194," "," ","7",100," "," ","7",133," "," ","7",78," "," ","7",128," "," ","7",161," "," ","7",189," "," ","7",239," "," ","7",261," "," ","7",167," "," ","7",222," "," ","7",200," "," ","7",211," "," ","7",178," "," ","7",194," "," ","7",167," "," ","7",200," "," ","7",233," "," ","7",222," "," ","7"
"1797","USC00392565",2016,5,"TMIN",-17," "," ","7",-28," "," ","7",11," "," ","7",39," "," ","7",78," "," ","7",111," "," ","7",83," "," ","7",67," "," ","7",39," "," ","7",39," "," ","7",17," "," ","7",-33," "," ","7",39," "," ","7",-50," "," ","7",0," "," ","7",50," "," ","7",-11," "," ","7",11," "," ","7",39," "," ","7",78," "," ","7",117," "," ","7",111," "," ","7",11," "," ","7",44," "," ","7",33," "," ","7",44," "," ","7",67," "," ","7",50," "," ","7",44," "," ","7",83," "," ","7",39," "," ","7"
"1798","USC00392565",2016,5,"TOBS",28," "," ","7",39," "," ","7",89," "," ","7",128," "," ","7",117," "," ","7",206," "," ","7",89," "," ","7",89," "," ","7",67," "," ","7",39," "," ","7",33," "," ","7",44," "," ","7",39," "," ","7",6," "," ","7",56," "," ","7",56," "," ","7",78," "," ","7",94," "," ","7",83," "," ","7",117," "," ","7",122," "," ","7",128," "," ","7",89," "," ","7",128," "," ","7",94," "," ","7",122," "," ","7",128," "," ","7",78," "," ","7",83," "," ","7",172," "," ","7",94," "," ","7"
"1799","USC00392565",2016,5,"PRCP",0," "," ","7",0," "," ","7",0," "," ","7",0," "," ","7",0," "," ","7",0," "," ","7",25," "," ","7",0," "," ","7",69," "," ","7",13," "," ","7",0," "," ","7",0," "," ","7",0," "," ","7",0," "," ","7",0," "," ","7",33," "," ","7",5," "," ","7",0," "," ","7",0," "," ","7",3," "," ","7",20," "," ","7",10," "," ","7",38," "," ","7",0," "," ","7",58," "," ","7",0," "," ","7",0," "," ","7",3," "," ","7",81," "," ","7",0," "," ","7",8," "," ","7"
"1800","USC00392565",2016,5,"SNOW",0," "," ","7",0," "," ","7",0," "," ","7",0," "," ","7",0," "," ","7",0," "," ","7",0," "," ","7",0," "," ","7",0," "," ","7",0," "," ","7",0," "," ","7",0," "," ","7",0," "," ","7",0," "," ","7",0," "," ","7",0," "," ","7",0," "," ","7",0," "," ","7",0," "," ","7",0," "," ","7",0," "," ","7",0," "," ","7",0," "," ","7",0," "," ","7",0," "," ","7",0," "," ","7",0," "," ","7",0," "," ","7",0," "," ","7",0," "," ","7",0," "," ","7"
"1801","USC00392565",2016,5,"SNWD",0," "," ","7",0," "," ","7",0," "," ","7",0," "," ","7",0," "," ","7",0," "," ","7",0," "," ","7",0," "," ","7",0," "," ","7",0," "," ","7",0," "," ","7",0," "," ","7",0," "," ","7",0," "," ","7",0," "," ","7",0," "," ","7",0," "," ","7",0," "," ","7",0," "," ","7",0," "," ","7",0," "," ","7",0," "," ","7",0," "," ","7",0," "," ","7",0," "," ","7",0," "," ","7",0," "," ","7",0," "," ","7",0," "," ","7",0," "," ","7",0," "," ","7"
"1802","USC00392565",2016,6,"TMAX",150," "," ","7",211," "," ","7",289," "," ","7",233," "," ","7",256," "," ","7",289," "," ","7",261," "," ","7",317," "," ","7",317," "," ","7",339," "," ","7",328," "," ","7",361," "," ","7",278," "," ","7",244," "," ","7",261," "," ","7",300," "," ","7",322," "," ","7",283," "," ","7",339," "," ","7",317," "," ","7",267," "," ","7",372," "," ","7",289," "," ","7",322," "," ","7",350," "," ","7",278," "," ","7",300," "," ","7",289," "," ","7",294," "," ","7",311," "," ","7",NA," "," "," "
"1803","USC00392565",2016,6,"TMIN",17," "," ","7",78," "," ","7",111," "," ","7",67," "," ","7",72," "," ","7",100," "," ","7",133," "," ","7",133," "," ","7",133," "," ","7",139," "," ","7",161," "," ","7",189," "," ","7",122," "," ","7",117," "," ","7",111," "," ","7",167," "," ","7",150," "," ","7",172," "," ","7",161," "," ","7",144," "," ","7",167," "," ","7",161," "," ","7",139," "," ","7",139," "," ","7",133," "," ","7",94," "," ","7",167," "," ","7",139," "," ","7",111," "," ","7",122," "," ","7",NA," "," "," "
"1804","USC00392565",2016,6,"TOBS",89," "," ","7",183," "," ","7",161," "," ","7",156," "," ","7",183," "," ","7",189," "," ","7",183," "," ","7",172," "," ","7",239," "," ","7",239," "," ","7",256," "," ","7",189," "," ","7",183," "," ","7",144," "," ","7",200," "," ","7",194," "," ","7",211," "," ","7",206," "," ","7",200," "," ","7",172," "," ","7",211," "," ","7",189," "," ","7",172," "," ","7",222," "," ","7",178," "," ","7",183," "," ","7",200," "," ","7",211," "," ","7",211," "," ","7",206," "," ","7",NA," "," "," "
"1805","USC00392565",2016,6,"PRCP",0," "," ","7",0," "," ","7",0," "," ","7",0," "," ","7",0," "," ","7",0," "," ","7",0," "," ","7",18," "," ","7",13," "," ","7",8," "," ","7",0," "," ","7",0," "," ","7",180," "," ","7",224," "," ","7",0," "," ","7",0," "," ","7",0," "," ","7",0," "," ","7",0," "," ","7",0," "," ","7",0," "," ","7",0," "," ","7",0," "," ","7",0," "," ","7",0," "," ","7",0," "," ","7",0," "," ","7",0," "," ","7",10," "," ","7",0," "," ","7",NA," "," "," "
"1806","USC00392565",2016,6,"SNOW",0," "," ","7",0," "," ","7",0," "," ","7",0," "," ","7",0," "," ","7",0," "," ","7",0," "," ","7",0," "," ","7",0," "," ","7",0," "," ","7",0," "," ","7",0," "," ","7",0," "," ","7",0," "," ","7",0," "," ","7",0," "," ","7",0," "," ","7",0," "," ","7",0," "," ","7",0," "," ","7",0," "," ","7",0," "," ","7",0," "," ","7",0," "," ","7",0," "," ","7",0," "," ","7",0," "," ","7",0," "," ","7",0," "," ","7",0," "," ","7",NA," "," "," "
"1807","USC00392565",2016,6,"SNWD",0," "," ","7",0," "," ","7",0," "," ","7",0," "," ","7",0," "," ","7",0," "," ","7",0," "," ","7",0," "," ","7",0," "," ","7",0," "," ","7",0," "," ","7",0," "," ","7",0," "," ","7",0," "," ","7",0," "," ","7",0," "," ","7",0," "," ","7",0," "," ","7",0," "," ","7",0," "," ","7",0," "," ","7",0," "," ","7",0," "," ","7",0," "," ","7",0," "," ","7",0," "," ","7",0," "," ","7",0," "," ","7",0," "," ","7",0," "," ","7",NA," "," "," "
"1808","USC00392565",2016,7,"TMAX",250," "," ","7",189," "," ","7",256," "," ","7",317," "," ","7",322," "," ","7",300," "," ","7",300," "," ","7",256," "," ","7",306," "," ","7",361," "," ","7",344," "," ","7",256," "," ","7",283," "," ","7",267," "," ","7",311," "," ","7",261," "," ","7",311," "," ","7",272," "," ","7",328," "," ","7",356," "," ","7",367," "," ","7",344," "," ","7",328," "," ","7",306," "," ","7",289," "," ","7",322," "," ","7",306," "," ","7",289," "," ","7",239," "," ","7",278," "," ","7",317," "," ","7"
"1809","USC00392565",2016,7,"TMIN",139," "," ","7",128," "," ","7",133," "," ","7",139," "," ","7",139," "," ","7",139," "," ","7",128," "," ","7",133," "," ","7",161," "," ","7",150," "," ","7",133," "," ","7",61," "," ","7",100," "," ","7",106," "," ","7",133," "," ","7",167," "," ","7",117," "," ","7",150," "," ","7",150," "," ","7",161," "," ","7",161," "," ","7",183," "," ","7",144," "," ","7",167," "," ","7",156," "," ","7",178," "," ","7",150," "," ","7",133," "," ","7",117," "," ","7",139," "," ","7",122," "," ","7"
"1810","USC00392565",2016,7,"TOBS",150," "," ","7",139," "," ","7",194," "," ","7",250," "," ","7",144," "," ","7",200," "," ","7",161," "," ","7",206," "," ","7",178," "," ","7",228," "," ","7",167," "," ","7",156," "," ","7",167," "," ","7",183," "," ","7",178," "," ","7",194," "," ","7",200," "," ","7",239," "," ","7",250," "," ","7",228," "," ","7",228," "," ","7",217," "," ","7",206," "," ","7",NA," "," "," ",211," "," ","7",228," "," ","7",150," "," ","7",150," "," ","7",200," "," ","7",228," "," ","7",189," "," ","7"
"1811","USC00392565",2016,7,"PRCP",0,"T"," ","7",97," "," ","7",0," "," ","7",0," "," ","7",3," "," ","7",0," "," ","7",43," "," ","7",0," "," ","7",0," "," ","7",0," "," ","7",0," "," ","7",0," "," ","7",0," "," ","7",0," "," ","7",0,"T"," ","7",0," "," ","7",107," "," ","7",99," "," ","7",43," "," ","7",0," "," ","7",0," "," ","7",64," "," ","7",15," "," ","7",0,"T"," ","7",0," "," ","7",0," "," ","7",71," "," ","7",69," "," ","7",114," "," ","7",0," "," ","7",325," "," ","7"
"1812","USC00392565",2016,7,"SNOW",0," "," ","7",0," "," ","7",0," "," ","7",0," "," ","7",0," "," ","7",0," "," ","7",0," "," ","7",0," "," ","7",0," "," ","7",0," "," ","7",0," "," ","7",0," "," ","7",0," "," ","7",0," "," ","7",0," "," ","7",0," "," ","7",0," "," ","7",0," "," ","7",0," "," ","7",0," "," ","7",0," "," ","7",0," "," ","7",0," "," ","7",0," "," ","7",0," "," ","7",0," "," ","7",0," "," ","7",0," "," ","7",0," "," ","7",0," "," ","7",0," "," ","7"
"1813","USC00392565",2016,7,"SNWD",0," "," ","7",0," "," ","7",0," "," ","7",0," "," ","7",0," "," ","7",0," "," ","7",0," "," ","7",0," "," ","7",0," "," ","7",0," "," ","7",0," "," ","7",0," "," ","7",0," "," ","7",0," "," ","7",0," "," ","7",0," "," ","7",0," "," ","7",0," "," ","7",0," "," ","7",0," "," ","7",0," "," ","7",0," "," ","7",0," "," ","7",0," "," ","7",0," "," ","7",0," "," ","7",0," "," ","7",0," "," ","7",0," "," ","7",0," "," ","7",0," "," ","7"
"1814","USC00392565",2016,8,"TMAX",322," "," ","7",322," "," ","7",311," "," ","7",317," "," ","7",267," "," ","7",272," "," ","7",206," "," ","7",278," "," ","7",294," "," ","7",311," "," ","7",322," "," ","7",272," "," ","7",267," "," ","7",261," "," ","7",317," "," ","7",294," "," ","7",300," "," ","7",339," "," ","7",300," "," ","7",161," "," ","7",211," "," ","7",294," "," ","7",339," "," ","7",267," "," ","7",228," "," ","7",189," "," ","7",194," "," ","7",272," "," ","7",311," "," ","7",294," "," ","7",289," "," ","7"
"1815","USC00392565",2016,8,"TMIN",117," "," ","7",172," "," ","7",172," "," ","7",128," "," ","7",128," "," ","7",144," "," ","7",156," "," ","7",150," "," ","7",156," "," ","7",167," "," ","7",144," "," ","7",106," "," ","7",117," "," ","7",133," "," ","7",144," "," ","7",117," "," ","7",139," "," ","7",150," "," ","7",128," "," ","7",33," "," ","7",33," "," ","7",83," "," ","7",100," "," ","7",72," "," ","7",89," "," ","7",89," "," ","7",94," "," ","7",89," "," ","7",89," "," ","7",150," "," ","7",128," "," ","7"
"1816","USC00392565",2016,8,"TOBS",NA," "," "," ",228," "," ","7",189," "," ","7",189," "," ","7",167," "," ","7",189," "," ","7",167," "," ","7",183," "," ","7",189," "," ","7",211," "," ","7",178," "," ","7",128," "," ","7",183," "," ","7",183," "," ","7",167," "," ","7",144," "," ","7",183," "," ","7",200," "," ","7",133," "," ","7",72," "," ","7",122," "," ","7",161," "," ","7",150," "," ","7",100," "," ","7",89," "," ","7",122," "," ","7",189," "," ","7",133," "," ","7",150," "," ","7",178," "," ","7",211," "," ","7"
"1817","USC00392565",2016,8,"PRCP",0," "," ","7",0," "," ","7",13," "," ","7",23," "," ","7",0," "," ","7",0," "," ","7",0," "," ","7",130," "," ","7",13," "," ","7",0," "," ","7",0," "," ","7",0," "," ","7",15," "," ","7",0," "," ","7",0," "," ","7",0," "," ","7",0," "," ","7",0," "," ","7",0," "," ","7",102," "," ","7",0," "," ","7",0," "," ","7",0," "," ","7",0," "," ","7",0," "," ","7",112," "," ","7",5," "," ","7",0," "," ","7",0," "," ","7",0," "," ","7",0," "," ","7"
"1818","USC00392565",2016,8,"SNOW",0," "," ","7",0," "," ","7",0," "," ","7",0," "," ","7",0," "," ","7",0," "," ","7",0," "," ","7",0," "," ","7",0," "," ","7",0," "," ","7",0," "," ","7",0," "," ","7",0," "," ","7",0," "," ","7",0," "," ","7",0," "," ","7",0," "," ","7",0," "," ","7",0," "," ","7",0," "," ","7",0," "," ","7",0," "," ","7",0," "," ","7",0," "," ","7",0," "," ","7",0," "," ","7",0," "," ","7",0," "," ","7",0," "," ","7",0," "," ","7",0," "," ","7"
"1819","USC00392565",2016,8,"SNWD",0," "," ","7",0," "," ","7",0," "," ","7",0," "," ","7",0," "," ","7",0," "," ","7",0," "," ","7",0," "," ","7",0," "," ","7",0," "," ","7",0," "," ","7",0," "," ","7",0," "," ","7",0," "," ","7",0," "," ","7",0," "," ","7",0," "," ","7",0," "," ","7",0," "," ","7",0," "," ","7",0," "," ","7",0," "," ","7",0," "," ","7",0," "," ","7",0," "," ","7",0," "," ","7",0," "," ","7",0," "," ","7",0," "," ","7",0," "," ","7",0," "," ","7"
"1820","USC00392565",2016,9,"TMAX",256," "," ","7",267," "," ","7",283," "," ","7",283," "," ","7",250," "," ","7",250," "," ","7",189," "," ","7",261," "," ","7",144," "," ","7",239," "," ","7",289," "," ","7",139," "," ","7",94," "," ","7",228," "," ","7",183," "," ","7",206," "," ","7",256," "," ","7",283," "," ","7",261," "," ","7",311," "," ","7",233," "," ","7",233," "," ","7",183," "," ","7",294," "," ","7",111," "," ","7",150," "," ","7",194," "," ","7",256," "," ","7",261," "," ","7",256," "," ","7",NA," "," "," "
"1821","USC00392565",2016,9,"TMIN",161," "," ","7",144," "," ","7",117," "," ","7",144," "," ","7",106," "," ","7",128," "," ","7",128," "," ","7",67," "," ","7",11," "," ","7",61," "," ","7",56," "," ","7",44," "," ","7",50," "," ","7",72," "," ","7",50," "," ","7",50," "," ","7",56," "," ","7",72," "," ","7",89," "," ","7",94," "," ","7",111," "," ","7",106," "," ","7",117," "," ","7",67," "," ","7",61," "," ","7",28," "," ","7",22," "," ","7",50," "," ","7",61," "," ","7",100," "," ","7",NA," "," "," "
"1822","USC00392565",2016,9,"TOBS",172," "," ","7",161," "," ","7",144," "," ","7",178," "," ","7",128," "," ","7",128," "," ","7",150," "," ","7",94," "," ","7",72," "," ","7",106," "," ","7",89," "," ","7",50," "," ","7",94," "," ","7",83," "," ","7",94," "," ","7",78," "," ","7",94," "," ","7",106," "," ","7",106," "," ","7",117," "," ","7",128," "," ","7",128," "," ","7",139," "," ","7",83," "," ","7",78," "," ","7",33," "," ","7",67," "," ","7",94," "," ","7",111," "," ","7",111," "," ","7",NA," "," "," "
"1823","USC00392565",2016,9,"PRCP",0," "," ","7",0," "," ","7",0," "," ","7",8," "," ","7",28," "," ","7",0," "," ","7",0," "," ","7",0," "," ","7",66," "," ","7",0," "," ","7",0," "," ","7",25," "," ","7",0," "," ","7",43," "," ","7",13," "," ","7",0," "," ","7",0," "," ","7",0," "," ","7",0," "," ","7",0," "," ","7",0," "," ","7",0," "," ","7",0," "," ","7",155," "," ","7",15," "," ","7",0," "," ","7",0," "," ","7",0," "," ","7",0," "," ","7",0," "," ","7",NA," "," "," "
"1824","USC00392565",2016,9,"SNOW",0," "," ","7",0," "," ","7",0," "," ","7",0," "," ","7",0," "," ","7",0," "," ","7",0," "," ","7",0," "," ","7",0," "," ","7",0," "," ","7",0," "," ","7",0," "," ","7",0," "," ","7",0," "," ","7",0," "," ","7",0," "," ","7",0," "," ","7",0," "," ","7",0," "," ","7",0," "," ","7",0," "," ","7",0," "," ","7",0," "," ","7",0," "," ","7",0," "," ","7",0," "," ","7",0," "," ","7",0," "," ","7",0," "," ","7",0," "," ","7",NA," "," "," "
"1825","USC00392565",2016,9,"SNWD",0," "," ","7",0," "," ","7",0," "," ","7",0," "," ","7",0," "," ","7",0," "," ","7",0," "," ","7",0," "," ","7",0," "," ","7",0," "," ","7",0," "," ","7",0," "," ","7",0," "," ","7",0," "," ","7",0," "," ","7",0," "," ","7",0," "," ","7",0," "," ","7",0," "," ","7",0," "," ","7",0," "," ","7",0," "," ","7",0," "," ","7",0," "," ","7",0," "," ","7",0," "," ","7",0," "," ","7",0," "," ","7",0," "," ","7",0," "," ","7",NA," "," "," "
"1826","USC00392565",2016,10,"TMAX",222," "," ","7",261," "," ","7",250," "," ","7",167," "," ","7",117," "," ","7",122," "," ","7",72," "," ","7",150," "," ","7",211," "," ","7",256," "," ","7",261," "," ","7",61," "," ","7",100," "," ","7",200," "," ","7",256," "," ","7",194," "," ","7",222," "," ","7",156," "," ","7",144," "," ","7",117," "," ","7",133," "," ","7",194," "," ","7",244," "," ","7",156," "," ","7",206," "," ","7",206," "," ","7",206," "," ","7",239," "," ","7",211," "," ","7",83," "," ","7",178," "," ","7"
"1827","USC00392565",2016,10,"TMIN",72," "," ","7",72," "," ","7",89," "," ","7",56," "," ","7",-22," "," ","7",-6," "," ","7",-28," "," ","7",-17," "," ","7",11," "," ","7",22," "," ","7",28," "," ","7",-72," "," ","7",-61," "," ","7",6," "," ","7",67," "," ","7",83," "," ","7",78," "," ","7",-22," "," ","7",-17," "," ","7",-39," "," ","7",-39," "," ","7",11," "," ","7",0," "," ","7",6," "," ","7",17," "," ","7",22," "," ","7",22," "," ","7",50," "," ","7",50," "," ","7",44," "," ","7",44," "," ","7"
"1828","USC00392565",2016,10,"TOBS",78," "," ","7",89," "," ","7",144," "," ","7",61," "," ","7",-6," "," ","7",17," "," ","7",-17," "," ","7",17," "," ","7",67," "," ","7",28," "," ","7",39," "," ","7",-61," "," ","7",6," "," ","7",83," "," ","7",89," "," ","7",122," "," ","7",89," "," ","7",-17," "," ","7",11," "," ","7",-39," "," ","7",11," "," ","7",17," "," ","7",6," "," ","7",17," "," ","7",100," "," ","7",28," "," ","7",50," "," ","7",72," "," ","7",67," "," ","7",50," "," ","7",133," "," ","7"
"1829","USC00392565",2016,10,"PRCP",0," "," ","7",0," "," ","7",38," "," ","7",48," "," ","7",3," "," ","7",0," "," ","7",0," "," ","7",0," "," ","7",0," "," ","7",0," "," ","7",0," "," ","7",23," "," ","7",0," "," ","7",0," "," ","7",0," "," ","7",0," "," ","7",0," "," ","7",0," "," ","7",0," "," ","7",0," "," ","7",0," "," ","7",0," "," ","7",0," "," ","7",0," "," ","7",0," "," ","7",0," "," ","7",0," "," ","7",0," "," ","7",5," "," ","7",5," "," ","7",0," "," ","7"
"1830","USC00392565",2016,10,"SNOW",0," "," ","7",0," "," ","7",0," "," ","7",0," "," ","7",0," "," ","7",0," "," ","7",0," "," ","7",0," "," ","7",0," "," ","7",0," "," ","7",0," "," ","7",0," "," ","7",0," "," ","7",0," "," ","7",0," "," ","7",0," "," ","7",0," "," ","7",0," "," ","7",0," "," ","7",0," "," ","7",0," "," ","7",0," "," ","7",0," "," ","7",0," "," ","7",0," "," ","7",0," "," ","7",0," "," ","7",0," "," ","7",0," "," ","7",0," "," ","7",0," "," ","7"
"1831","USC00392565",2016,10,"SNWD",0," "," ","7",0," "," ","7",0," "," ","7",0," "," ","7",0," "," ","7",0," "," ","7",0," "," ","7",0," "," ","7",0," "," ","7",0," "," ","7",0," "," ","7",0," "," ","7",0," "," ","7",0," "," ","7",0," "," ","7",0," "," ","7",0," "," ","7",0," "," ","7",0," "," ","7",0," "," ","7",0," "," ","7",0," "," ","7",0," "," ","7",0," "," ","7",0," "," ","7",0," "," ","7",0," "," ","7",0," "," ","7",0," "," ","7",0," "," ","7",0," "," ","7"
"1832","USC00392565",2016,11,"TMAX",178," "," ","7",150," "," ","7",156," "," ","7",206," "," ","7",222," "," ","7",206," "," ","7",211," "," ","7",167," "," ","7",161," "," ","7",211," "," ","7",206," "," ","7",144," "," ","7",194," "," ","7",161," "," ","7",150," "," ","7",161," "," ","7",156," "," ","7",28," "," ","7",-6," "," ","7",89," "," ","7",150," "," ","7",150," "," ","7",72," "," ","7",72," "," ","7",39," "," ","7",94," "," ","7",128," "," ","7",106," "," ","7",44," "," ","7",-28," "," ","7",NA," "," "," "
"1833","USC00392565",2016,11,"TMIN",-28," "," ","7",-11," "," ","7",-22," "," ","7",-17," "," ","7",17," "," ","7",28," "," ","7",6," "," ","7",-17," "," ","7",6," "," ","7",17," "," ","7",-22," "," ","7",-17," "," ","7",0," "," ","7",-6," "," ","7",-6," "," ","7",11," "," ","7",17," "," ","7",-61," "," ","7",-117," "," ","7",-28," "," ","7",-6," "," ","7",6," "," ","7",-78," "," ","7",-72," "," ","7",-94," "," ","7",-89," "," ","7",-33," "," ","7",-6," "," ","7",-56," "," ","7",-61," "," ","7",NA," "," "," "
"1834","USC00392565",2016,11,"TOBS",-11," "," ","7",0," "," ","7",-11," "," ","7",50," "," ","7",28," "," ","7",28," "," ","7",106," "," ","7",22," "," ","7",22," "," ","7",56," "," ","7",6," "," ","7",22," "," ","7",78," "," ","7",11," "," ","7",39," "," ","7",50," "," ","7",28," "," ","7",-56," "," ","7",-22," "," ","7",22," "," ","7",33," "," ","7",39," "," ","7",-72," "," ","7",17," "," ","7",-89," "," ","7",-33," "," ","7",33," "," ","7",-6," "," ","7",-50," "," ","7",-56," "," ","7",NA," "," "," "
"1835","USC00392565",2016,11,"PRCP",0," "," ","7",0," "," ","7",0," "," ","7",0," "," ","7",0," "," ","7",0," "," ","7",0," "," ","7",0," "," ","7",0," "," ","7",0," "," ","7",0," "," ","7",0," "," ","7",0," "," ","7",0," "," ","7",0," "," ","7",0," "," ","7",0," "," ","7",33," "," ","7",0," "," ","7",0," "," ","7",0," "," ","7",0," "," ","7",8," "," ","7",0," "," ","7",0," "," ","7",0," "," ","7",0," "," ","7",0," "," ","7",25," "," ","7",8," "," ","7",NA," "," "," "
"1836","USC00392565",2016,11,"SNOW",0," "," ","7",0," "," ","7",0," "," ","7",0," "," ","7",0," "," ","7",0," "," ","7",0," "," ","7",0," "," ","7",0," "," ","7",0," "," ","7",0," "," ","7",0," "," ","7",0," "," ","7",0," "," ","7",0," "," ","7",0," "," ","7",0," "," ","7",56," "," ","7",0," "," ","7",0," "," ","7",0," "," ","7",0," "," ","7",0," "," ","7",0," "," ","7",0," "," ","7",0," "," ","7",0," "," ","7",0," "," ","7",10," "," ","7",5," "," ","7",NA," "," "," "
"1837","USC00392565",2016,11,"SNWD",0," "," ","7",0," "," ","7",0," "," ","7",0," "," ","7",0," "," ","7",0," "," ","7",0," "," ","7",0," "," ","7",0," "," ","7",0," "," ","7",0," "," ","7",0," "," ","7",0," "," ","7",0," "," ","7",0," "," ","7",0," "," ","7",0," "," ","7",25," "," ","7",25," "," ","7",0,"T"," ","7",0," "," ","7",0," "," ","7",0," "," ","7",0," "," ","7",0," "," ","7",0," "," ","7",0," "," ","7",0," "," ","7",0,"T"," ","7",0,"T"," ","7",NA," "," "," "
"1838","USC00392565",2016,12,"TMAX",-22," "," ","7",0," "," ","7",33," "," ","7",17," "," ","7",44," "," ","7",-6," "," ","7",-100," "," ","7",-139," "," ","7",-100," "," ","7",-83," "," ","7",-61," "," ","7",-22," "," ","7",-28," "," ","7",-44," "," ","7",-89," "," ","7",-56," "," ","7",-128," "," ","7",-200," "," ","7",-100," "," ","7",11," "," ","7",56," "," ","7",0," "," ","7",56," "," ","7",22," "," ","7",94," "," ","7",-28," "," ","7",-33," "," ","7",11," "," ","7",0," "," ","7",33," "," ","7",61," "," ","7"
"1839","USC00392565",2016,12,"TMIN",-111," "," ","7",-111," "," ","7",-122," "," ","7",-117," "," ","7",-56," "," ","7",-150," "," ","7",-200," "," ","7",-233," "," ","7",-233," "," ","7",-178," "," ","7",-139," "," ","7",-161," "," ","7",-228," "," ","7",-222," "," ","7",-161," "," ","7",-133," "," ","7",-311," "," ","7",-311," "," ","7",-278," "," ","7",-144," "," ","7",-100," "," ","7",-150," "," ","7",-133," "," ","7",-106," "," ","7",-56," "," ","7",-172," "," ","7",-156," "," ","7",-122," "," ","7",-122," "," ","7",-111," "," ","7",-122," "," ","7"
"1840","USC00392565",2016,12,"TOBS",-106," "," ","7",-72," "," ","7",-117," "," ","7",-56," "," ","7",-28," "," ","7",-139," "," ","7",-183," "," ","7",-233," "," ","7",-150," "," ","7",-139," "," ","7",-94," "," ","7",-161," "," ","7",-222," "," ","7",-144," "," ","7",-94," "," ","7",-128," "," ","7",-306," "," ","7",-272," "," ","7",-144," "," ","7",-100," "," ","7",-17," "," ","7",-128," "," ","7",-100," "," ","7",-50," "," ","7",-39," "," ","7",-122," "," ","7",-83," "," ","7",-111," "," ","7",-56," "," ","7",33," "," ","7",-89," "," ","7"
"1841","USC00392565",2016,12,"PRCP",0," "," ","7",0," "," ","7",0," "," ","7",0," "," ","7",0," "," ","7",0," "," ","7",0," "," ","7",0," "," ","7",0," "," ","7",25," "," ","7",0," "," ","7",0," "," ","7",0," "," ","7",0," "," ","7",46," "," ","7",38," "," ","7",117," "," ","7",0," "," ","7",0," "," ","7",0," "," ","7",0," "," ","7",0," "," ","7",0," "," ","7",0," "," ","7",0,"T"," ","7",150," "," ","7",0," "," ","7",0," "," ","7",0," "," ","7",0," "," ","7",0," "," ","7"
"1842","USC00392565",2016,12,"SNOW",0," "," ","7",0," "," ","7",0," "," ","7",0," "," ","7",0," "," ","7",0," "," ","7",0," "," ","7",0," "," ","7",0," "," ","7",38," "," ","7",0," "," ","7",0," "," ","7",0," "," ","7",0," "," ","7",43," "," ","7",36," "," ","7",140," "," ","7",0," "," ","7",0," "," ","7",0," "," ","7",0," "," ","7",0," "," ","7",0," "," ","7",0," "," ","7",0,"T"," ","7",203," "," ","7",0," "," ","7",0," "," ","7",0," "," ","7",0," "," ","7",0," "," ","7"
"1843","USC00392565",2016,12,"SNWD",0," "," ","7",0," "," ","7",0," "," ","7",0," "," ","7",0," "," ","7",0," "," ","7",0," "," ","7",0," "," ","7",0," "," ","7",51," "," ","7",25," "," ","7",25," "," ","7",0,"T"," ","7",0," "," ","7",51," "," ","7",76," "," ","7",229," "," ","7",229," "," ","7",203," "," ","7",178," "," ","7",102," "," ","7",102," "," ","7",76," "," ","7",51," "," ","7",51," "," ","7",254," "," ","7",254," "," ","7",229," "," ","7",203," "," ","7",203," "," ","7",152," "," ","7"
"1844","USC00392565",2017,1,"TMAX",-11," "," ","7",22," "," ","7",-89," "," ","7",-139," "," ","7",-144," "," ","7",-144," "," ","7",-72," "," ","7",-28," "," ","7",56," "," ","7",83," "," ","7",28," "," ","7",-133," "," ","7",-78," "," ","7",22," "," ","7",44," "," ","7",39," "," ","7",33," "," ","7",72," "," ","7",128," "," ","7",94," "," ","7",44," "," ","7",11," "," ","7",33," "," ","7",28," "," ","7",-61," "," ","7",-67," "," ","7",-39," "," ","7",-17," "," ","7",44," "," ","7",72," "," ","7",72," "," ","7"
"1845","USC00392565",2017,1,"TMIN",-122," "," ","7",-100," "," ","7",-194," "," ","7",-239," "," ","7",-250," "," ","7",-250," "," ","7",-228," "," ","7",-200," "," ","7",-72," "," ","7",-83," "," ","7",-167," "," ","7",-178," "," ","7",-172," "," ","7",-167," "," ","7",-111," "," ","7",-94," "," ","7",-117," "," ","7",-111," "," ","7",-61," "," ","7",-83," "," ","7",-83," "," ","7",-100," "," ","7",-83," "," ","7",-78," "," ","7",-106," "," ","7",-161," "," ","7",-150," "," ","7",-133," "," ","7",-78," "," ","7",-67," "," ","7",-50," "," ","7"
"1846","USC00392565",2017,1,"TOBS",-56," "," ","7",-100," "," ","7",-167," "," ","7",-189," "," ","7",-206," "," ","7",-183," "," ","7",-194," "," ","7",-61," "," ","7",56," "," ","7",-83," "," ","7",-161," "," ","7",-150," "," ","7",-167," "," ","7",-89," "," ","7",-83," "," ","7",-94," "," ","7",-111," "," ","7",-50," "," ","7",-22," "," ","7",-78," "," ","7",-61," "," ","7",-83," "," ","7",-33," "," ","7",-78," "," ","7",-100," "," ","7",-83," "," ","7",-56," "," ","7",-72," "," ","7",17," "," ","7",11," "," ","7",-28," "," ","7"
"1847","USC00392565",2017,1,"PRCP",0," "," ","7",30," "," ","7",8," "," ","7",0," "," ","7",0," "," ","7",0," "," ","7",0," "," ","7",0," "," ","7",10," "," ","7",0," "," ","7",0,"T"," ","7",0,"T"," ","7",0," "," ","7",0," "," ","7",0," "," ","7",0," "," ","7",0," "," ","7",0," "," ","7",0," "," ","7",0," "," ","7",0,"T"," ","7",0," "," ","7",0," "," ","7",58," "," ","7",69," "," ","7",0," "," ","7",0," "," ","7",0," "," ","7",0," "," ","7",0," "," ","7",0," "," ","7"
"1848","USC00392565",2017,1,"SNOW",0," "," ","7",51," "," ","7",18," "," ","7",0," "," ","7",0," "," ","7",0," "," ","7",0," "," ","7",0," "," ","7",0,"T"," ","7",0," "," ","7",0,"T"," ","7",0,"T"," ","7",0," "," ","7",0," "," ","7",0," "," ","7",0," "," ","7",0," "," ","7",0," "," ","7",0," "," ","7",0," "," ","7",0,"T"," ","7",0," "," ","7",0," "," ","7",89," "," ","7",102," "," ","7",0," "," ","7",0," "," ","7",0," "," ","7",0," "," ","7",0," "," ","7",0," "," ","7"
"1849","USC00392565",2017,1,"SNWD",152," "," ","7",203," "," ","7",203," "," ","7",203," "," ","7",178," "," ","7",178," "," ","7",178," "," ","7",178," "," ","7",152," "," ","7",152," "," ","7",152," "," ","7",152," "," ","7",152," "," ","7",152," "," ","7",127," "," ","7",127," "," ","7",127," "," ","7",127," "," ","7",102," "," ","7",102," "," ","7",102," "," ","7",102," "," ","7",102," "," ","7",178," "," ","7",254," "," ","7",254," "," ","7",229," "," ","7",229," "," ","7",229," "," ","7",203," "," ","7",203," "," ","7"
"1850","USC00392565",2017,2,"TMAX",-6," "," ","7",-83," "," ","7",-111," "," ","7",22," "," ","7",72," "," ","7",89," "," ","7",100," "," ","7",-56," "," ","7",-39," "," ","7",111," "," ","7",133," "," ","7",67," "," ","7",67," "," ","7",72," "," ","7",72," "," ","7",150," "," ","7",172," "," ","7",128," "," ","7",161," "," ","7",150," "," ","7",139," "," ","7",178," "," ","7",83," "," ","7",-22," "," ","7",-56," "," ","7",-39," "," ","7",-33," "," ","7",22," "," ","7",NA," "," "," ",NA," "," "," ",NA," "," "," "
"1851","USC00392565",2017,2,"TMIN",-100," "," ","7",-144," "," ","7",-250," "," ","7",-267," "," ","7",-89," "," ","7",-50," "," ","7",-94," "," ","7",-139," "," ","7",-150," "," ","7",-111," "," ","7",6," "," ","7",-106," "," ","7",-106," "," ","7",-83," "," ","7",-83," "," ","7",-56," "," ","7",-33," "," ","7",6," "," ","7",6," "," ","7",22," "," ","7",22," "," ","7",28," "," ","7",-28," "," ","7",-72," "," ","7",-133," "," ","7",-156," "," ","7",-122," "," ","7",-89," "," ","7",NA," "," "," ",NA," "," "," ",NA," "," "," "
"1852","USC00392565",2017,2,"TOBS",-100," "," ","7",-144," "," ","7",-250," "," ","7",17," "," ","7",-22," "," ","7",11," "," ","7",-94," "," ","7",-139," "," ","7",-100," "," ","7",94," "," ","7",6," "," ","7",-94," "," ","7",-72," "," ","7",-78," "," ","7",-50," "," ","7",-28," "," ","7",22," "," ","7",22," "," ","7",28," "," ","7",28," "," ","7",44," "," ","7",44," "," ","7",-28," "," ","7",-61," "," ","7",-117," "," ","7",-122," "," ","7",-50," "," ","7",-61," "," ","7",NA," "," "," ",NA," "," "," ",NA," "," "," "
"1853","USC00392565",2017,2,"PRCP",112," "," ","7",28," "," ","7",18," "," ","7",20," "," ","7",0," "," ","7",0," "," ","7",0," "," ","7",0," "," ","7",69," "," ","7",0," "," ","7",0," "," ","7",3," "," ","7",0," "," ","7",0," "," ","7",0," "," ","7",0," "," ","7",0," "," ","7",0," "," ","7",0," "," ","7",5," "," ","7",0," "," ","7",8," "," ","7",5," "," ","7",23," "," ","7",0," "," ","7",0," "," ","7",0," "," ","7",5," "," ","7",NA," "," "," ",NA," "," "," ",NA," "," "," "
"1854","USC00392565",2017,2,"SNOW",132," "," ","7",41," "," ","7",25," "," ","7",28," "," ","7",0," "," ","7",0," "," ","7",0," "," ","7",0," "," ","7",58," "," ","7",0," "," ","7",0," "," ","7",0,"T"," ","7",0," "," ","7",0," "," ","7",0," "," ","7",0," "," ","7",0," "," ","7",0," "," ","7",0," "," ","7",0," "," ","7",0," "," ","7",0," "," ","7",0,"T"," ","7",61," "," ","7",0," "," ","7",0," "," ","7",0," "," ","7",0," "," ","7",NA," "," "," ",NA," "," "," ",NA," "," "," "
"1855","USC00392565",2017,2,"SNWD",330," "," ","7",381," "," ","7",406," "," ","7",432," "," ","7",406," "," ","7",356," "," ","7",305," "," ","7",305," "," ","7",356," "," ","7",330," "," ","7",279," "," ","7",279," "," ","7",229," "," ","7",178," "," ","7",152," "," ","7",102," "," ","7",76," "," ","7",51," "," ","7",0,"T"," ","7",0,"T"," ","7",0," "," ","7",0," "," ","7",0," "," ","7",51," "," ","7",51," "," ","7",25," "," ","7",25," "," ","7",0,"T"," ","7",NA," "," "," ",NA," "," "," ",NA," "," "," "
"1856","USC00392565",2017,3,"TMAX",6," "," ","7",22," "," ","7",28," "," ","7",94," "," ","7",150," "," ","7",150," "," ","7",17," "," ","7",28," "," ","7",128," "," ","7",61," "," ","7",33," "," ","7",56," "," ","7",72," "," ","7",11," "," ","7",128," "," ","7",189," "," ","7",200," "," ","7",122," "," ","7",222," "," ","7",228," "," ","7",128," "," ","7",61," "," ","7",200," "," ","7",172," "," ","7",156," "," ","7",161," "," ","7",67," "," ","7",156," "," ","7",67," "," ","7",139," "," ","7",128," "," ","7"
"1857","USC00392565",2017,3,"TMIN",-78," "," ","7",-89," "," ","7",-67," "," ","7",-33," "," ","7",-33," "," ","7",17," "," ","7",-67," "," ","7",-78," "," ","7",-72," "," ","7",-78," "," ","7",-56," "," ","7",-61," "," ","7",-106," "," ","7",-100," "," ","7",-11," "," ","7",-6," "," ","7",-28," "," ","7",-11," "," ","7",33," "," ","7",17," "," ","7",11," "," ","7",0," "," ","7",11," "," ","7",-6," "," ","7",0," "," ","7",17," "," ","7",-17," "," ","7",11," "," ","7",11," "," ","7",6," "," ","7",22," "," ","7"
"1858","USC00392565",2017,3,"TOBS",-50," "," ","7",-61," "," ","7",-33," "," ","7",11," "," ","7",17," "," ","7",17," "," ","7",-44," "," ","7",-44," "," ","7",-44," "," ","7",-56," "," ","7",-22," "," ","7",-11," "," ","7",-100," "," ","7",11," "," ","7",-6," "," ","7",28," "," ","7",-11," "," ","7",33," "," ","7",83," "," ","7",44," "," ","7",17," "," ","7",11," "," ","7",50," "," ","7",11," "," ","7",17," "," ","7",61," "," ","7",11," "," ","7",56," "," ","7",33," "," ","7",50," "," ","7",28," "," ","7"
"1859","USC00392565",2017,3,"PRCP",0," "," ","7",0," "," ","7",0," "," ","7",0," "," ","7",0," "," ","7",0," "," ","7",0," "," ","7",0," "," ","7",0," "," ","7",0," "," ","7",0,"T"," ","7",0," "," ","7",0,"T"," ","7",0," "," ","7",0,"T"," ","7",0," "," ","7",0," "," ","7",0," "," ","7",0," "," ","7",0," "," ","7",0," "," ","7",0," "," ","7",0,"T"," ","7",0," "," ","7",0," "," ","7",0," "," ","7",5," "," ","7",30," "," ","7",81," "," ","7",0," "," ","7",10," "," ","7"
"1860","USC00392565",2017,3,"SNOW",0," "," ","7",0," "," ","7",0," "," ","7",0," "," ","7",0," "," ","7",0," "," ","7",0," "," ","7",0," "," ","7",0," "," ","7",0," "," ","7",0,"T"," ","7",0," "," ","7",0," "," ","7",0," "," ","7",0," "," ","7",0," "," ","7",0," "," ","7",0," "," ","7",0," "," ","7",0," "," ","7",0," "," ","7",0," "," ","7",0," "," ","7",0," "," ","7",0," "," ","7",0," "," ","7",0," "," ","7",0," "," ","7",0," "," ","7",0," "," ","7",0," "," ","7"
"1861","USC00392565",2017,3,"SNWD",0," "," ","7",0," "," ","7",0," "," ","7",0," "," ","7",0," "," ","7",0," "," ","7",0," "," ","7",0," "," ","7",0," "," ","7",0," "," ","7",0," "," ","7",0," "," ","7",0," "," ","7",0," "," ","7",0," "," ","7",0," "," ","7",0," "," ","7",0," "," ","7",0," "," ","7",0," "," ","7",0," "," ","7",0," "," ","7",0," "," ","7",0," "," ","7",0," "," ","7",0," "," ","7",0," "," ","7",0," "," ","7",0," "," ","7",0," "," ","7",0," "," ","7"
"1862","USC00392565",2017,4,"TMAX",56," "," ","7",94," "," ","7",144," "," ","7",39," "," ","7",67," "," ","7",111," "," ","7",161," "," ","7",222," "," ","7",194," "," ","7",117," "," ","7",83," "," ","7",150," "," ","7",161," "," ","7",233," "," ","7",211," "," ","7",128," "," ","7",156," "," ","7",167," "," ","7",139," "," ","7",94," "," ","7",161," "," ","7",122," "," ","7",156," "," ","7",222," "," ","7",161," "," ","7",28," "," ","7",111," "," ","7",83," "," ","7",83," "," ","7",100," "," ","7",NA," "," "," "
"1863","USC00392565",2017,4,"TMIN",0," "," ","7",-28," "," ","7",0," "," ","7",-28," "," ","7",-33," "," ","7",-11," "," ","7",17," "," ","7",67," "," ","7",39," "," ","7",-11," "," ","7",-22," "," ","7",-11," "," ","7",56," "," ","7",72," "," ","7",22," "," ","7",-28," "," ","7",17," "," ","7",-11," "," ","7",33," "," ","7",-28," "," ","7",44," "," ","7",-6," "," ","7",22," "," ","7",44," "," ","7",11," "," ","7",-33," "," ","7",-33," "," ","7",6," "," ","7",-44," "," ","7",-33," "," ","7",NA," "," "," "
"1864","USC00392565",2017,4,"TOBS",11," "," ","7",0," "," ","7",6," "," ","7",-11," "," ","7",-11," "," ","7",17," "," ","7",67," "," ","7",106," "," ","7",61," "," ","7",-6," "," ","7",-11," "," ","7",61," "," ","7",83," "," ","7",100," "," ","7",67," "," ","7",44," "," ","7",50," "," ","7",33," "," ","7",61," "," ","7",44," "," ","7",56," "," ","7",39," "," ","7",44," "," ","7",61," "," ","7",17," "," ","7",-28," "," ","7",6," "," ","7",6," "," ","7",17," "," ","7",28," "," ","7",NA," "," "," "
"1865","USC00392565",2017,4,"PRCP",13," "," ","7",0,"T"," ","7",191," "," ","7",71," "," ","7",0," "," ","7",0," "," ","7",0," "," ","7",0," "," ","7",10," "," ","7",43," "," ","7",0," "," ","7",0," "," ","7",0," "," ","7",0," "," ","7",0," "," ","7",0," "," ","7",0," "," ","7",0," "," ","7",38," "," ","7",8," "," ","7",0," "," ","7",5," "," ","7",0," "," ","7",0," "," ","7",13," "," ","7",25," "," ","7",0," "," ","7",38," "," ","7",0," "," ","7",0," "," ","7",NA," "," "," "
"1866","USC00392565",2017,4,"SNOW",0," "," ","7",0," "," ","7",0," "," ","7",0," "," ","7",0," "," ","7",0," "," ","7",0," "," ","7",0," "," ","7",0," "," ","7",25," "," ","7",0," "," ","7",0," "," ","7",0," "," ","7",0," "," ","7",0," "," ","7",0," "," ","7",0," "," ","7",0," "," ","7",0," "," ","7",0," "," ","7",0," "," ","7",0," "," ","7",0," "," ","7",0," "," ","7",0," "," ","7",13," "," ","7",0," "," ","7",0," "," ","7",0," "," ","7",0," "," ","7",NA," "," "," "
"1867","USC00392565",2017,4,"SNWD",0," "," ","7",0," "," ","7",0," "," ","7",0," "," ","7",0," "," ","7",0," "," ","7",0," "," ","7",0," "," ","7",0," "," ","7",0," "," ","7",0," "," ","7",0," "," ","7",0," "," ","7",0," "," ","7",0," "," ","7",0," "," ","7",0," "," ","7",0," "," ","7",0," "," ","7",0," "," ","7",0," "," ","7",0," "," ","7",0," "," ","7",0," "," ","7",0," "," ","7",0," "," ","7",0," "," ","7",0," "," ","7",0," "," ","7",0," "," ","7",NA," "," "," "
"1868","USC00392565",2017,5,"TMAX",150," "," ","7",106," "," ","7",122," "," ","7",128," "," ","7",217," "," ","7",250," "," ","7",294," "," ","7",278," "," ","7",183," "," ","7",139," "," ","7",144," "," ","7",200," "," ","7",261," "," ","7",283," "," ","7",217," "," ","7",206," "," ","7",167," "," ","7",128," "," ","7",61," "," ","7",61," "," ","7",133," "," ","7",156," "," ","7",133," "," ","7",172," "," ","7",256," "," ","7",178," "," ","7",156," "," ","7",189," "," ","7",206," "," ","7",189," "," ","7",222," "," ","7"
"1869","USC00392565",2017,5,"TMIN",-6," "," ","7",-11," "," ","7",6," "," ","7",-6," "," ","7",56," "," ","7",100," "," ","7",117," "," ","7",117," "," ","7",83," "," ","7",78," "," ","7",50," "," ","7",67," "," ","7",106," "," ","7",83," "," ","7",83," "," ","7",94," "," ","7",94," "," ","7",28," "," ","7",11," "," ","7",22," "," ","7",-11," "," ","7",11," "," ","7",6," "," ","7",28," "," ","7",72," "," ","7",33," "," ","7",67," "," ","7",33," "," ","7",28," "," ","7",22," "," ","7",72," "," ","7"
"1870","USC00392565",2017,5,"TOBS",67," "," ","7",28," "," ","7",39," "," ","7",78," "," ","7",106," "," ","7",139," "," ","7",178," "," ","7",133," "," ","7",106," "," ","7",100," "," ","7",106," "," ","7",122," "," ","7",111," "," ","7",117," "," ","7",111," "," ","7",111," "," ","7",106," "," ","7",39," "," ","7",28," "," ","7",44," "," ","7",72," "," ","7",61," "," ","7",50," "," ","7",100," "," ","7",106," "," ","7",72," "," ","7",67," "," ","7",83," "," ","7",94," "," ","7",133," "," ","7",117," "," ","7"
"1871","USC00392565",2017,5,"PRCP",0," "," ","7",8," "," ","7",10," "," ","7",0," "," ","7",0," "," ","7",0," "," ","7",0," "," ","7",0," "," ","7",0," "," ","7",135," "," ","7",0," "," ","7",0," "," ","7",0," "," ","7",51," "," ","7",66," "," ","7",5," "," ","7",0," "," ","7",8," "," ","7",56," "," ","7",0," "," ","7",0," "," ","7",30," "," ","7",0," "," ","7",0," "," ","7",0," "," ","7",0," "," ","7",43," "," ","7",0," "," ","7",0," "," ","7",0," "," ","7",89," "," ","7"
"1872","USC00392565",2017,5,"SNOW",0," "," ","7",0," "," ","7",0," "," ","7",0," "," ","7",0," "," ","7",0," "," ","7",0," "," ","7",0," "," ","7",0," "," ","7",0," "," ","7",0," "," ","7",0," "," ","7",0," "," ","7",0," "," ","7",0," "," ","7",0," "," ","7",0," "," ","7",0," "," ","7",0," "," ","7",0," "," ","7",0," "," ","7",0," "," ","7",0," "," ","7",0," "," ","7",0," "," ","7",0," "," ","7",0," "," ","7",0," "," ","7",0," "," ","7",0," "," ","7",0," "," ","7"
"1873","USC00392565",2017,5,"SNWD",0," "," ","7",0," "," ","7",0," "," ","7",0," "," ","7",0," "," ","7",0," "," ","7",0," "," ","7",0," "," ","7",0," "," ","7",0," "," ","7",0," "," ","7",0," "," ","7",0," "," ","7",0," "," ","7",0," "," ","7",0," "," ","7",0," "," ","7",0," "," ","7",0," "," ","7",0," "," ","7",0," "," ","7",0," "," ","7",0," "," ","7",0," "," ","7",0," "," ","7",0," "," ","7",0," "," ","7",0," "," ","7",0," "," ","7",0," "," ","7",0," "," ","7"
"1874","USC00392565",2017,6,"TMAX",233," "," ","7",283," "," ","7",272," "," ","7",267," "," ","7",283," "," ","7",311," "," ","7",206," "," ","7",261," "," ","7",278," "," ","7",317," "," ","7",272," "," ","7",244," "," ","7",250," "," ","7",206," "," ","7",239," "," ","7",256," "," ","7",244," "," ","7",200," "," ","7",217," "," ","7",239," "," ","7",328," "," ","7",317," "," ","7",244," "," ","7",194," "," ","7",217," "," ","7",244," "," ","7",261," "," ","7",311," "," ","7",NA," "," "," ",239," "," ","7",NA," "," "," "
"1875","USC00392565",2017,6,"TMIN",100," "," ","7",106," "," ","7",89," "," ","7",94," "," ","7",139," "," ","7",122," "," ","7",117," "," ","7",117," "," ","7",133," "," ","7",94," "," ","7",144," "," ","7",156," "," ","7",72," "," ","7",94," "," ","7",78," "," ","7",111," "," ","7",117," "," ","7",44," "," ","7",100," "," ","7",106," "," ","7",106," "," ","7",156," "," ","7",72," "," ","7",39," "," ","7",67," "," ","7",67," "," ","7",150," "," ","7",NA," "," "," ",78," "," ","7",89," "," ","7",NA," "," "," "
"1876","USC00392565",2017,6,"TOBS",150," "," ","7",183," "," ","7",156," "," ","7",183," "," ","7",211," "," ","7",156," "," ","7",139," "," ","7",167," "," ","7",211," "," ","7",144," "," ","7",172," "," ","7",172," "," ","7",128," "," ","7",117," "," ","7",161," "," ","7",167," "," ","7",128," "," ","7",100," "," ","7",150," "," ","7",194," "," ","7",228," "," ","7",189," "," ","7",100," "," ","7",100," "," ","7",122," "," ","7",156," "," ","7",178," "," ","7",NA," "," "," ",156," "," ","7",189," "," ","7",NA," "," "," "
"1877","USC00392565",2017,6,"PRCP",0," "," ","7",0," "," ","7",0," "," ","7",0," "," ","7",0," "," ","7",218," "," ","7",0," "," ","7",43," "," ","7",0," "," ","7",0," "," ","7",10," "," ","7",0," "," ","7",43," "," ","7",0," "," ","7",0," "," ","7",0," "," ","7",13," "," ","7",0," "," ","7",0," "," ","7",0," "," ","7",0," "," ","7",0," "," ","7",0," "," ","7",0," "," ","7",0," "," ","7",0," "," ","7",0," "," ","7",0," "," ","7",13," "," ","7",0," "," ","7",NA," "," "," "
"1878","USC00392565",2017,6,"SNOW",0," "," ","7",0," "," ","7",0," "," ","7",0," "," ","7",0," "," ","7",0," "," ","7",0," "," ","7",0," "," ","7",0," "," ","7",0," "," ","7",0," "," ","7",0," "," ","7",0," "," ","7",0," "," ","7",0," "," ","7",0," "," ","7",0," "," ","7",0," "," ","7",0," "," ","7",0," "," ","7",0," "," ","7",0," "," ","7",0," "," ","7",0," "," ","7",0," "," ","7",0," "," ","7",0," "," ","7",0," "," ","7",0," "," ","7",0," "," ","7",NA," "," "," "
"1879","USC00392565",2017,6,"SNWD",0," "," ","7",0," "," ","7",0," "," ","7",0," "," ","7",0," "," ","7",0," "," ","7",0," "," ","7",0," "," ","7",0," "," ","7",0," "," ","7",0," "," ","7",0," "," ","7",0," "," ","7",0," "," ","7",0," "," ","7",0," "," ","7",0," "," ","7",0," "," ","7",0," "," ","7",0," "," ","7",0," "," ","7",0," "," ","7",0," "," ","7",0," "," ","7",0," "," ","7",0," "," ","7",0," "," ","7",0," "," ","7",0," "," ","7",0," "," ","7",NA," "," "," "
"1880","USC00392565",2017,7,"TMAX",244," "," ","7",289," "," ","7",289," "," ","7",306," "," ","7",322," "," ","7",361," "," ","7",339," "," ","7",317," "," ","7",328," "," ","7",367," "," ","7",300," "," ","7",328," "," ","7",294," "," ","7",300," "," ","7",333," "," ","7",328," "," ","7",333," "," ","7",344," "," ","7",294," "," ","7",350," "," ","7",339," "," ","7",328," "," ","7",322," "," ","7",328," "," ","7",361," "," ","7",283," "," ","7",283," "," ","7",244," "," ","7",300," "," ","7",300," "," ","7",294," "," ","7"
"1881","USC00392565",2017,7,"TMIN",78," "," ","7",167," "," ","7",161," "," ","7",133," "," ","7",133," "," ","7",167," "," ","7",139," "," ","7",128," "," ","7",167," "," ","7",167," "," ","7",172," "," ","7",156," "," ","7",128," "," ","7",172," "," ","7",167," "," ","7",172," "," ","7",161," "," ","7",172," "," ","7",200," "," ","7",194," "," ","7",156," "," ","7",167," "," ","7",167," "," ","7",211," "," ","7",172," "," ","7",167," "," ","7",189," "," ","7",139," "," ","7",161," "," ","7",128," "," ","7",150," "," ","7"
"1882","USC00392565",2017,7,"TOBS",NA," "," "," ",267," "," ","7",244," "," ","7",294," "," ","7",267," "," ","7",278," "," ","7",200," "," ","7",233," "," ","7",289," "," ","7",233," "," ","7",217," "," ","7",189," "," ","7",172," "," ","7",250," "," ","7",272," "," ","7",278," "," ","7",239," "," ","7",206," "," ","7",244," "," ","7",267," "," ","7",206," "," ","7",250," "," ","7",239," "," ","7",256," "," ","7",244," "," ","7",189," "," ","7",200," "," ","7",183," "," ","7",211," "," ","7",194," "," ","7",222," "," ","7"
"1883","USC00392565",2017,7,"PRCP",0," "," ","7",0," "," ","7",20," "," ","7",0," "," ","7",0," "," ","7",0," "," ","7",69," "," ","7",0," "," ","7",0," "," ","7",0," "," ","7",0,"T"," ","7",0,"T"," ","7",178," "," ","7",0," "," ","7",0," "," ","7",0," "," ","7",0," "," ","7",8," "," ","7",0," "," ","7",0," "," ","7",46," "," ","7",0," "," ","7",0," "," ","7",0," "," ","7",0," "," ","7",10," "," ","7",0," "," ","7",91," "," ","7",0," "," ","7",0," "," ","7",0," "," ","7"
"1884","USC00392565",2017,7,"SNOW",0," "," ","7",0," "," ","7",0," "," ","7",0," "," ","7",0," "," ","7",0," "," ","7",0," "," ","7",0," "," ","7",0," "," ","7",0," "," ","7",0," "," ","7",0," "," ","7",0," "," ","7",0," "," ","7",0," "," ","7",0," "," ","7",0," "," ","7",0," "," ","7",0," "," ","7",0," "," ","7",0," "," ","7",0," "," ","7",0," "," ","7",0," "," ","7",0," "," ","7",0," "," ","7",0," "," ","7",0," "," ","7",0," "," ","7",0," "," ","7",0," "," ","7"
"1885","USC00392565",2017,7,"SNWD",0," "," ","7",0," "," ","7",0," "," ","7",0," "," ","7",0," "," ","7",0," "," ","7",0," "," ","7",0," "," ","7",0," "," ","7",0," "," ","7",0," "," ","7",0," "," ","7",0," "," ","7",0," "," ","7",0," "," ","7",0," "," ","7",0," "," ","7",0," "," ","7",0," "," ","7",0," "," ","7",0," "," ","7",0," "," ","7",0," "," ","7",0," "," ","7",0," "," ","7",0," "," ","7",0," "," ","7",0," "," ","7",0," "," ","7",0," "," ","7",0," "," ","7"
"1886","USC00392565",2017,8,"TMAX",333," "," ","7",300," "," ","7",256," "," ","7",222," "," ","7",283," "," ","7",211," "," ","7",228," "," ","7",233," "," ","7",261," "," ","7",256," "," ","7",228," "," ","7",256," "," ","7",267," "," ","7",278," "," ","7",289," "," ","7",233," "," ","7",256," "," ","7",306," "," ","7",294," "," ","7",328," "," ","7",278," "," ","7",272," "," ","7",283," "," ","7",328," "," ","7",294," "," ","7",294," "," ","7",317," "," ","7",283," "," ","7",322," "," ","7",333," "," ","7",300," "," ","7"
"1887","USC00392565",2017,8,"TMIN",144," "," ","7",128," "," ","7",78," "," ","7",106," "," ","7",133," "," ","7",122," "," ","7",106," "," ","7",117," "," ","7",106," "," ","7",78," "," ","7",89," "," ","7",100," "," ","7",106," "," ","7",144," "," ","7",106," "," ","7",100," "," ","7",106," "," ","7",106," "," ","7",89," "," ","7",117," "," ","7",139," "," ","7",83," "," ","7",106," "," ","7",161," "," ","7",161," "," ","7",117," "," ","7",100," "," ","7",133," "," ","7",150," "," ","7",194," "," ","7",194," "," ","7"
"1888","USC00392565",2017,8,"TOBS",222," "," ","7",144," "," ","7",139," "," ","7",139," "," ","7",167," "," ","7",150," "," ","7",128," "," ","7",167," "," ","7",156," "," ","7",122," "," ","7",133," "," ","7",161," "," ","7",178," "," ","7",161," "," ","7",161," "," ","7",139," "," ","7",NA," "," "," ",211," "," ","7",NA," "," "," ",172," "," ","7",178," "," ","7",106," "," ","7",178," "," ","7",161," "," ","7",NA," "," "," ",150," "," ","7",161," "," ","7",156," "," ","7",206," "," ","7",217," "," ","7",194," "," ","7"
"1889","USC00392565",2017,8,"PRCP",0," "," ","7",74," "," ","7",0," "," ","7",0," "," ","7",0," "," ","7",46," "," ","7",0," "," ","7",0," "," ","7",0," "," ","7",0," "," ","7",0," "," ","7",0," "," ","7",0," "," ","7",0," "," ","7",33," "," ","7",0," "," ","7",0," "," ","7",0," "," ","7",0," "," ","7",0," "," ","7",0," "," ","7",0," "," ","7",0," "," ","7",0," "," ","7",0," "," ","7",0," "," ","7",0," "," ","7",0," "," ","7",0," "," ","7",0," "," ","7",0," "," ","7"
"1890","USC00392565",2017,8,"SNOW",0," "," ","7",0," "," ","7",0," "," ","7",0," "," ","7",0," "," ","7",0," "," ","7",0," "," ","7",0," "," ","7",0," "," ","7",0," "," ","7",0," "," ","7",0," "," ","7",0," "," ","7",0," "," ","7",0," "," ","7",0," "," ","7",0," "," ","7",0," "," ","7",0," "," ","7",0," "," ","7",0," "," ","7",0," "," ","7",0," "," ","7",0," "," ","7",0," "," ","7",0," "," ","7",0," "," ","7",0," "," ","7",0," "," ","7",0," "," ","7",0," "," ","7"
"1891","USC00392565",2017,8,"SNWD",0," "," ","7",0," "," ","7",0," "," ","7",0," "," ","7",0," "," ","7",0," "," ","7",0," "," ","7",0," "," ","7",0," "," ","7",0," "," ","7",0," "," ","7",0," "," ","7",0," "," ","7",0," "," ","7",0," "," ","7",0," "," ","7",0," "," ","7",0," "," ","7",0," "," ","7",0," "," ","7",0," "," ","7",0," "," ","7",0," "," ","7",0," "," ","7",0," "," ","7",0," "," ","7",0," "," ","7",0," "," ","7",0," "," ","7",0," "," ","7",0," "," ","7"
"1892","USC00392565",2017,9,"TMAX",272," "," ","7",289," "," ","7",311," "," ","7",322," "," ","7",233," "," ","7",222," "," ","7",244," "," ","7",NA," "," "," ",294," "," ","7",NA," "," "," ",328," "," ","7",311," "," ","7",328," "," ","7",317," "," ","7",272," "," ","7",178," "," ","7",NA," "," "," ",NA," "," "," ",256," "," ","7",211," "," ","7",206," "," ","7",283," "," ","7",283," "," ","7",89," "," ","7",89," "," ","7",106," "," ","7",156," "," ","7",183," "," ","7",139," "," ","7",228," "," ","7",NA," "," "," "
"1893","USC00392565",2017,9,"TMIN",144," "," ","7",106," "," ","7",128," "," ","7",100," "," ","7",28," "," ","7",33," "," ","7",83," "," ","7",NA," "," "," ",161," "," ","7",NA," "," "," ",128," "," ","7",156," "," ","7",144," "," ","7",111," "," ","7",128," "," ","7",50," "," ","7",NA," "," "," ",NA," "," "," ",NA," "," "," ",-6," "," ","7",83," "," ","7",50," "," ","7",50," "," ","7",50," "," ","7",44," "," ","7",22," "," ","7",6," "," ","7",39," "," ","7",67," "," ","7",56," "," ","7",NA," "," "," "
"1894","USC00392565",2017,9,"TOBS",167," "," ","7",139," "," ","7",156," "," ","7",183," "," ","7",94," "," ","7",150," "," ","7",217," "," ","7",NA," "," "," ",222," "," ","7",NA," "," "," ",267," "," ","7",250," "," ","7",200," "," ","7",178," "," ","7",128," "," ","7",72," "," ","7",NA," "," "," ",NA," "," "," ",167," "," ","7",89," "," ","7",144," "," ","7",111," "," ","7",50," "," ","7",61," "," ","7",44," "," ","7",33," "," ","7",44," "," ","7",67," "," ","7",111," "," ","7",83," "," ","7",NA," "," "," "
"1895","USC00392565",2017,9,"PRCP",0," "," ","7",0," "," ","7",0," "," ","7",0," "," ","7",0," "," ","7",0," "," ","7",0," "," ","7",0," "," ","7",0," "," ","7",0," "," ","7",0," "," ","7",0," "," ","7",0," "," ","7",0," "," ","7",135," "," ","7",81," "," ","7",0," "," ","7",0," "," ","7",0," "," ","7",0," "," ","7",0," "," ","7",0," "," ","7",79," "," ","7",53," "," ","7",71," "," ","7",33," "," ","7",0," "," ","7",0," "," ","7",0," "," ","7",0," "," ","7",NA," "," "," "
"1896","USC00392565",2017,9,"SNOW",0," "," ","7",0," "," ","7",0," "," ","7",0," "," ","7",0," "," ","7",0," "," ","7",0," "," ","7",0," "," ","7",0," "," ","7",0," "," ","7",0," "," ","7",0," "," ","7",0," "," ","7",0," "," ","7",0," "," ","7",0," "," ","7",0," "," ","7",0," "," ","7",0," "," ","7",0," "," ","7",0," "," ","7",0," "," ","7",0," "," ","7",0," "," ","7",0," "," ","7",0," "," ","7",0," "," ","7",0," "," ","7",0," "," ","7",0," "," ","7",NA," "," "," "
"1897","USC00392565",2017,9,"SNWD",0," "," ","7",0," "," ","7",0," "," ","7",0," "," ","7",0," "," ","7",0," "," ","7",0," "," ","7",0," "," ","7",0," "," ","7",0," "," ","7",0," "," ","7",0," "," ","7",0," "," ","7",0," "," ","7",0," "," ","7",0," "," ","7",0," "," ","7",0," "," ","7",0," "," ","7",0," "," ","7",0," "," ","7",0," "," ","7",0," "," ","7",0," "," ","7",0," "," ","7",0," "," ","7",0," "," ","7",0," "," ","7",0," "," ","7",0," "," ","7",NA," "," "," "
"1898","USC00392565",2017,10,"TMAX",228," "," ","7",117," "," ","7",78," "," ","7",89," "," ","7",128," "," ","7",161," "," ","7",144," "," ","7",228," "," ","7",67," "," ","7",89," "," ","7",144," "," ","7",200," "," ","7",139," "," ","7",167," "," ","7",89," "," ","7",128," "," ","7",206," "," ","7",217," "," ","7",183," "," ","7",250," "," ","7",244," "," ","7",111," "," ","7",178," "," ","7",111," "," ","7",133," "," ","7",233," "," ","7",28," "," ","7",56," "," ","7",122," "," ","7",122," "," ","7",-11," "," ","7"
"1899","USC00392565",2017,10,"TMIN",56," "," ","7",17," "," ","7",0," "," ","7",-11," "," ","7",39," "," ","7",56," "," ","7",6," "," ","7",11," "," ","7",-17," "," ","7",-44," "," ","7",-33," "," ","7",28," "," ","7",-22," "," ","7",17," "," ","7",-56," "," ","7",-50," "," ","7",-6," "," ","7",17," "," ","7",28," "," ","7",50," "," ","7",50," "," ","7",-44," "," ","7",-28," "," ","7",-44," "," ","7",-33," "," ","7",11," "," ","7",-122," "," ","7",-117," "," ","7",-6," "," ","7",-33," "," ","7",-122," "," ","7"
"1900","USC00392565",2017,10,"TOBS",83," "," ","7",33," "," ","7",0," "," ","7",39," "," ","7",72," "," ","7",89," "," ","7",17," "," ","7",39," "," ","7",-11," "," ","7",-33," "," ","7",89," "," ","7",28," "," ","7",17," "," ","7",61," "," ","7",-50," "," ","7",-6," "," ","7",39," "," ","7",39," "," ","7",50," "," ","7",61," "," ","7",50," "," ","7",-28," "," ","7",44," "," ","7",-28," "," ","7",61," "," ","7",11," "," ","7",-117," "," ","7",6," "," ","7",11," "," ","7",-33," "," ","7",-94," "," ","7"
"1901","USC00392565",2017,10,"PRCP",0," "," ","7",18," "," ","7",46," "," ","7",0," "," ","7",0," "," ","7",3," "," ","7",0," "," ","7",0," "," ","7",53," "," ","7",0," "," ","7",0," "," ","7",0," "," ","7",0," "," ","7",0," "," ","7",0," "," ","7",0," "," ","7",0," "," ","7",0," "," ","7",0," "," ","7",0," "," ","7",0," "," ","7",0," "," ","7",28," "," ","7",0," "," ","7",0," "," ","7",0," "," ","7",0," "," ","7",0," "," ","7",0," "," ","7",0," "," ","7",0," "," ","7"
"1902","USC00392565",2017,10,"SNOW",0," "," ","7",0," "," ","7",0," "," ","7",0," "," ","7",0," "," ","7",0," "," ","7",0," "," ","7",0," "," ","7",0," "," ","7",0," "," ","7",0," "," ","7",0," "," ","7",0," "," ","7",0," "," ","7",0," "," ","7",0," "," ","7",0," "," ","7",0," "," ","7",0," "," ","7",0," "," ","7",0," "," ","7",0," "," ","7",0," "," ","7",0," "," ","7",0," "," ","7",0," "," ","7",0," "," ","7",0," "," ","7",0," "," ","7",0," "," ","7",0," "," ","7"
"1903","USC00392565",2017,10,"SNWD",0," "," ","7",0," "," ","7",0," "," ","7",0," "," ","7",0," "," ","7",0," "," ","7",0," "," ","7",0," "," ","7",0," "," ","7",0," "," ","7",0," "," ","7",0," "," ","7",0," "," ","7",0," "," ","7",0," "," ","7",0," "," ","7",0," "," ","7",0," "," ","7",0," "," ","7",0," "," ","7",0," "," ","7",0," "," ","7",0," "," ","7",0," "," ","7",0," "," ","7",0," "," ","7",0," "," ","7",0," "," ","7",0," "," ","7",0," "," ","7",0," "," ","7"
"1904","USC00392565",2017,11,"TMAX",56," "," ","7",11," "," ","7",6," "," ","7",56," "," ","7",67," "," ","7",22," "," ","7",22," "," ","7",-44," "," ","7",50," "," ","7",6," "," ","7",89," "," ","7",94," "," ","7",111," "," ","7",156," "," ","7",144," "," ","7",83," "," ","7",183," "," ","7",128," "," ","7",44," "," ","7",89," "," ","7",117," "," ","7",28," "," ","7",178," "," ","7",156," "," ","7",94," "," ","7",100," "," ","7",156," "," ","7",172," "," ","7",67," "," ","7",100," "," ","7",NA," "," "," "
"1905","USC00392565",2017,11,"TMIN",-94," "," ","7",-17," "," ","7",-28," "," ","7",-6," "," ","7",-44," "," ","7",-44," "," ","7",-83," "," ","7",-83," "," ","7",-44," "," ","7",-44," "," ","7",-56," "," ","7",-44," "," ","7",-67," "," ","7",-6," "," ","7",0," "," ","7",-72," "," ","7",-28," "," ","7",-33," "," ","7",-83," "," ","7",-83," "," ","7",-44," "," ","7",-39," "," ","7",-11," "," ","7",-11," "," ","7",-39," "," ","7",-33," "," ","7",-11," "," ","7",-56," "," ","7",-50," "," ","7",-89," "," ","7",NA," "," "," "
"1906","USC00392565",2017,11,"TOBS",11," "," ","7",-11," "," ","7",6," "," ","7",6," "," ","7",-39," "," ","7",6," "," ","7",-67," "," ","7",-44," "," ","7",-33," "," ","7",-44," "," ","7",-28," "," ","7",-28," "," ","7",-6," "," ","7",78," "," ","7",0," "," ","7",28," "," ","7",11," "," ","7",-28," "," ","7",-72," "," ","7",-22," "," ","7",-17," "," ","7",-11," "," ","7",0," "," ","7",94," "," ","7",-28," "," ","7",-11," "," ","7",50," "," ","7",-50," "," ","7",-28," "," ","7",-50," "," ","7",NA," "," "," "
"1907","USC00392565",2017,11,"PRCP",48," "," ","7",71," "," ","7",20," "," ","7",0," "," ","7",15," "," ","7",0," "," ","7",8," "," ","7",0," "," ","7",0," "," ","7",0," "," ","7",0," "," ","7",0," "," ","7",0," "," ","7",0," "," ","7",0," "," ","7",0," "," ","7",15," "," ","7",13," "," ","7",0," "," ","7",0," "," ","7",0,"T"," ","7",0," "," ","7",0," "," ","7",0,"T"," ","7",0," "," ","7",0," "," ","7",0," "," ","7",0," "," ","7",0," "," ","7",0," "," ","7",NA," "," "," "
"1908","USC00392565",2017,11,"SNOW",0," "," ","7",25," "," ","7",0,"T"," ","7",0," "," ","7",8," "," ","7",0," "," ","7",0,"T"," ","7",0," "," ","7",0," "," ","7",0," "," ","7",0," "," ","7",0," "," ","7",0," "," ","7",0," "," ","7",0," "," ","7",0," "," ","7",0," "," ","7",0," "," ","7",0," "," ","7",0," "," ","7",0," "," ","7",0," "," ","7",0," "," ","7",0," "," ","7",0," "," ","7",0," "," ","7",0," "," ","7",0," "," ","7",0," "," ","7",0," "," ","7",NA," "," "," "
"1909","USC00392565",2017,11,"SNWD",0," "," ","7",25," "," ","7",25," "," ","7",0,"T"," ","7",0,"T"," ","7",0,"T"," ","7",0,"T"," ","7",0," "," ","7",0," "," ","7",0," "," ","7",0," "," ","7",0," "," ","7",0," "," ","7",0," "," ","7",0," "," ","7",0," "," ","7",0," "," ","7",0," "," ","7",0," "," ","7",0," "," ","7",0," "," ","7",0," "," ","7",0," "," ","7",0," "," ","7",0," "," ","7",0," "," ","7",0," "," ","7",0," "," ","7",0," "," ","7",0," "," ","7",NA," "," "," "
"1910","USC00392565",2017,12,"TMAX",72," "," ","7",89," "," ","7",100," "," ","7",117," "," ","7",-28," "," ","7",22," "," ","7",-22," "," ","7",22," "," ","7",67," "," ","7",89," "," ","7",117," "," ","7",56," "," ","7",133," "," ","7",94," "," ","7",17," "," ","7",83," "," ","7",6," "," ","7",11," "," ","7",50," "," ","7",33," "," ","7",122," "," ","7",-89," "," ","7",-44," "," ","7",-89," "," ","7",-94," "," ","7",-144," "," ","7",-144," "," ","7",-22," "," ","7",-11," "," ","7",-44," "," ","7",-150," "," ","7"
"1911","USC00392565",2017,12,"TMIN",-56," "," ","7",-44," "," ","7",-39," "," ","7",-28," "," ","7",-94," "," ","7",-94," "," ","7",-133," "," ","7",-117," "," ","7",-61," "," ","7",-56," "," ","7",22," "," ","7",-72," "," ","7",-22," "," ","7",-17," "," ","7",-56," "," ","7",-94," "," ","7",-56," "," ","7",-89," "," ","7",-67," "," ","7",-50," "," ","7",-94," "," ","7",-189," "," ","7",-183," "," ","7",-233," "," ","7",-222," "," ","7",-228," "," ","7",-239," "," ","7",-161," "," ","7",-128," "," ","7",-200," "," ","7",-233," "," ","7"
"1912","USC00392565",2017,12,"TOBS",-11," "," ","7",-39," "," ","7",0," "," ","7",-28," "," ","7",-78," "," ","7",-39," "," ","7",-117," "," ","7",22," "," ","7",-6," "," ","7",44," "," ","7",39," "," ","7",-22," "," ","7",11," "," ","7",-17," "," ","7",-6," "," ","7",-56," "," ","7",-39," "," ","7",-22," "," ","7",-28," "," ","7",-33," "," ","7",-94," "," ","7",-94," "," ","7",-167," "," ","7",-222," "," ","7",-161," "," ","7",-194," "," ","7",-161," "," ","7",-56," "," ","7",-44," "," ","7",-200," "," ","7",-222," "," ","7"
"1913","USC00392565",2017,12,"PRCP",0," "," ","7",0," "," ","7",0," "," ","7",5," "," ","7",0," "," ","7",5," "," ","7",0," "," ","7",0," "," ","7",0," "," ","7",0," "," ","7",0," "," ","7",0," "," ","7",0," "," ","7",0,"T"," ","7",0," "," ","7",0," "," ","7",25," "," ","7",0," "," ","7",0," "," ","7",0," "," ","7",89," "," ","7",0," "," ","7",38," "," ","7",0," "," ","7",0," "," ","7",20," "," ","7",0," "," ","7",0," "," ","7",0," "," ","7",13," "," ","7",13," "," ","7"
"1914","USC00392565",2017,12,"SNOW",0," "," ","7",0," "," ","7",0," "," ","7",0," "," ","7",0," "," ","7",0,"T"," ","7",0," "," ","7",0," "," ","7",0," "," ","7",0," "," ","7",0," "," ","7",0," "," ","7",0," "," ","7",0," "," ","7",0," "," ","7",0," "," ","7",25," "," ","7",0," "," ","7",0," "," ","7",0," "," ","7",51," "," ","7",0," "," ","7",51," "," ","7",0," "," ","7",0," "," ","7",38," "," ","7",0," "," ","7",0," "," ","7",0," "," ","7",25," "," ","7",25," "," ","7"
"1915","USC00392565",2017,12,"SNWD",0," "," ","7",0," "," ","7",0," "," ","7",0," "," ","7",0," "," ","7",0," "," ","7",0," "," ","7",0," "," ","7",0," "," ","7",0," "," ","7",0," "," ","7",0," "," ","7",0," "," ","7",0," "," ","7",0," "," ","7",0," "," ","7",25," "," ","7",0,"T"," ","7",0," "," ","7",0," "," ","7",25," "," ","7",25," "," ","7",76," "," ","7",76," "," ","7",76," "," ","7",102," "," ","7",102," "," ","7",102," "," ","7",76," "," ","7",76," "," ","7",102," "," ","7"
"1916","USC00392565",2018,1,"TMAX",-167," "," ","7",-111," "," ","7",-28," "," ","7",6," "," ","7",50," "," ","7",39," "," ","7",67," "," ","7",50," "," ","7",83," "," ","7",100," "," ","7",94," "," ","7",-83," "," ","7",-94," "," ","7",6," "," ","7",17," "," ","7",-139," "," ","7",-17," "," ","7",50," "," ","7",94," "," ","7",94," "," ","7",-6," "," ","7",6," "," ","7",0," "," ","7",6," "," ","7",50," "," ","7",94," "," ","7",17," "," ","7",17," "," ","7",6," "," ","7",50," "," ","7",83," "," ","7"
"1917","USC00392565",2018,1,"TMIN",-222," "," ","7",-239," "," ","7",-150," "," ","7",-117," "," ","7",-83," "," ","7",-72," "," ","7",-61," "," ","7",-78," "," ","7",-50," "," ","7",-39," "," ","7",-183," "," ","7",-178," "," ","7",-144," "," ","7",-94," "," ","7",-183," "," ","7",-239," "," ","7",-217," "," ","7",-128," "," ","7",-28," "," ","7",-44," "," ","7",-39," "," ","7",-172," "," ","7",-150," "," ","7",-150," "," ","7",-100," "," ","7",-56," "," ","7",-133," "," ","7",-122," "," ","7",-94," "," ","7",-33," "," ","7",-28," "," ","7"
"1918","USC00392565",2018,1,"TOBS",-189," "," ","7",-122," "," ","7",-117," "," ","7",-50," "," ","7",-39," "," ","7",-61," "," ","7",-6," "," ","7",-50," "," ","7",-11," "," ","7",6," "," ","7",-178," "," ","7",-139," "," ","7",-94," "," ","7",-11," "," ","7",-172," "," ","7",-217," "," ","7",-111," "," ","7",-28," "," ","7",72," "," ","7",-22," "," ","7",-39," "," ","7",-150," "," ","7",-50," "," ","7",-100," "," ","7",-39," "," ","7",-22," "," ","7",-122," "," ","7",-94," "," ","7",-33," "," ","7",-11," "," ","7",-28," "," ","7"
"1919","USC00392565",2018,1,"PRCP",0," "," ","7",0," "," ","7",0," "," ","7",0," "," ","7",0," "," ","7",0," "," ","7",0," "," ","7",0," "," ","7",0," "," ","7",0," "," ","7",3," "," ","7",0," "," ","7",8," "," ","7",8," "," ","7",0," "," ","7",0," "," ","7",0," "," ","7",0," "," ","7",0," "," ","7",109," "," ","7",0," "," ","7",0," "," ","7",0," "," ","7",0," "," ","7",0," "," ","7",0," "," ","7",0," "," ","7",8," "," ","7",0," "," ","7",0," "," ","7",0," "," ","7"
"1920","USC00392565",2018,1,"SNOW",0," "," ","7",0," "," ","7",0," "," ","7",0," "," ","7",0," "," ","7",0," "," ","7",0," "," ","7",0," "," ","7",0," "," ","7",0," "," ","7",3," "," ","7",0," "," ","7",8," "," ","7",8," "," ","7",0," "," ","7",0," "," ","7",0," "," ","7",0," "," ","7",0," "," ","7",229," "," ","7",0," "," ","7",0," "," ","7",0," "," ","7",0," "," ","7",0," "," ","7",0," "," ","7",0," "," ","7",10," "," ","7",0," "," ","7",0," "," ","7",0," "," ","7"
"1921","USC00392565",2018,1,"SNWD",102," "," ","7",102," "," ","7",102," "," ","7",76," "," ","7",76," "," ","7",76," "," ","7",76," "," ","7",76," "," ","7",51," "," ","7",51," "," ","7",51," "," ","7",51," "," ","7",51," "," ","7",51," "," ","7",51," "," ","7",51," "," ","7",51," "," ","7",51," "," ","7",25," "," ","7",254," "," ","7",229," "," ","7",203," "," ","7",203," "," ","7",178," "," ","7",178," "," ","7",178," "," ","7",152," "," ","7",152," "," ","7",152," "," ","7",127," "," ","7",102," "," ","7"
"1922","USC00392565",2018,2,"TMAX",-6," "," ","7",-22," "," ","7",50," "," ","7",33," "," ","7",6," "," ","7",-61," "," ","7",-11," "," ","7",0," "," ","7",61," "," ","7",-139," "," ","7",-106," "," ","7",-39," "," ","7",-100," "," ","7",56," "," ","7",72," "," ","7",-6," "," ","7",6," "," ","7",28," "," ","7",50," "," ","7",-156," "," ","7",-144," "," ","7",-61," "," ","7",-28," "," ","7",-44," "," ","7",-28," "," ","7",-17," "," ","7",44," "," ","7",56," "," ","7",NA," "," "," ",NA," "," "," ",NA," "," "," "
"1923","USC00392565",2018,2,"TMIN",-133," "," ","7",-122," "," ","7",-72," "," ","7",-211," "," ","7",-206," "," ","7",-128," "," ","7",-106," "," ","7",-94," "," ","7",-161," "," ","7",-267," "," ","7",-239," "," ","7",-194," "," ","7",-194," "," ","7",-139," "," ","7",-94," "," ","7",-206," "," ","7",-178," "," ","7",-83," "," ","7",-172," "," ","7",-261," "," ","7",-272," "," ","7",-206," "," ","7",-217," "," ","7",-206," "," ","7",-178," "," ","7",-161," "," ","7",-106," "," ","7",-100," "," ","7",NA," "," "," ",NA," "," "," ",NA," "," "," "
"1924","USC00392565",2018,2,"TOBS",-111," "," ","7",-72," "," ","7",-6," "," ","7",-206," "," ","7",-61," "," ","7",-100," "," ","7",-94," "," ","7",-28," "," ","7",-161," "," ","7",-239," "," ","7",-194," "," ","7",-150," "," ","7",-139," "," ","7",6," "," ","7",-83," "," ","7",-178," "," ","7",-83," "," ","7",-33," "," ","7",-167," "," ","7",-250," "," ","7",-206," "," ","7",-183," "," ","7",-206," "," ","7",-144," "," ","7",-161," "," ","7",-106," "," ","7",-50," "," ","7",-56," "," ","7",NA," "," "," ",NA," "," "," ",NA," "," "," "
"1925","USC00392565",2018,2,"PRCP",0," "," ","7",0," "," ","7",0," "," ","7",74," "," ","7",0," "," ","7",0," "," ","7",18," "," ","7",0," "," ","7",160," "," ","7",0," "," ","7",0," "," ","7",0," "," ","7",0," "," ","7",0," "," ","7",0," "," ","7",5," "," ","7",0," "," ","7",0," "," ","7",102," "," ","7",51," "," ","7",0," "," ","7",0," "," ","7",0," "," ","7",0,"T"," ","7",0," "," ","7",0," "," ","7",0," "," ","7",0," "," ","7",NA," "," "," ",NA," "," "," ",NA," "," "," "
"1926","USC00392565",2018,2,"SNOW",0," "," ","7",0," "," ","7",0," "," ","7",102," "," ","7",0," "," ","7",0," "," ","7",20," "," ","7",0," "," ","7",203," "," ","7",0," "," ","7",0," "," ","7",0," "," ","7",0," "," ","7",0," "," ","7",0," "," ","7",5," "," ","7",0," "," ","7",0," "," ","7",114," "," ","7",64," "," ","7",0," "," ","7",0," "," ","7",0," "," ","7",0,"T"," ","7",0," "," ","7",0," "," ","7",0," "," ","7",0," "," ","7",NA," "," "," ",NA," "," "," ",NA," "," "," "
"1927","USC00392565",2018,2,"SNWD",102," "," ","7",102," "," ","7",76," "," ","7",152," "," ","7",127," "," ","7",127," "," ","7",152," "," ","7",152," "," ","7",330," "," ","7",330," "," ","7",330," "," ","7",330," "," ","7",330," "," ","7",330," "," ","7",305," "," ","7",305," "," ","7",279," "," ","7",254," "," ","7",356," "," ","7",406," "," ","7",406," "," ","7",381," "," ","7",381," "," ","7",381," "," ","7",356," "," ","7",305," "," ","7",254," "," ","7",203," "," ","7",NA," "," "," ",NA," "," "," ",NA," "," "," "
"1928","USC00392565",2018,3,"TMAX",6," "," ","7",67," "," ","7",122," "," ","7",144," "," ","7",39," "," ","7",-22," "," ","7",-11," "," ","7",33," "," ","7",100," "," ","7",117," "," ","7",11," "," ","7",50," "," ","7",83," "," ","7",111," "," ","7",172," "," ","7",150," "," ","7",-17," "," ","7",100," "," ","7",56," "," ","7",22," "," ","7",61," "," ","7",117," "," ","7",144," "," ","7",128," "," ","7",122," "," ","7",117," "," ","7",28," "," ","7",100," "," ","7",100," "," ","7",67," "," ","7",122," "," ","7"
"1929","USC00392565",2018,3,"TMIN",-117," "," ","7",-89," "," ","7",-33," "," ","7",-44," "," ","7",-100," "," ","7",-111," "," ","7",-133," "," ","7",-106," "," ","7",-89," "," ","7",-50," "," ","7",-122," "," ","7",-117," "," ","7",-67," "," ","7",-56," "," ","7",-33," "," ","7",-44," "," ","7",-83," "," ","7",-67," "," ","7",-39," "," ","7",-72," "," ","7",-50," "," ","7",-44," "," ","7",-22," "," ","7",-50," "," ","7",-39," "," ","7",-11," "," ","7",-72," "," ","7",-67," "," ","7",-11," "," ","7",-39," "," ","7",-44," "," ","7"
"1930","USC00392565",2018,3,"TOBS",-89," "," ","7",-33," "," ","7",-28," "," ","7",-39," "," ","7",-83," "," ","7",-100," "," ","7",-106," "," ","7",-78," "," ","7",-50," "," ","7",-6," "," ","7",-117," "," ","7",-33," "," ","7",-56," "," ","7",-33," "," ","7",39," "," ","7",-17," "," ","7",-67," "," ","7",17," "," ","7",-39," "," ","7",-39," "," ","7",-44," "," ","7",-22," "," ","7",11," "," ","7",-39," "," ","7",28," "," ","7",-6," "," ","7",-67," "," ","7",11," "," ","7",-6," "," ","7",-22," "," ","7",-44," "," ","7"
"1931","USC00392565",2018,3,"PRCP",0," "," ","7",0," "," ","7",0," "," ","7",0," "," ","7",0,"T"," ","7",0," "," ","7",0," "," ","7",0," "," ","7",0," "," ","7",0," "," ","7",0," "," ","7",0," "," ","7",0," "," ","7",0," "," ","7",0," "," ","7",114," "," ","7",0," "," ","7",0," "," ","7",18," "," ","7",0," "," ","7",0," "," ","7",0," "," ","7",0," "," ","7",0," "," ","7",0," "," ","7",79," "," ","7",0," "," ","7",0," "," ","7",30," "," ","7",0," "," ","7",0," "," ","7"
"1932","USC00392565",2018,3,"SNOW",0," "," ","7",0," "," ","7",0," "," ","7",0," "," ","7",0,"T"," ","7",0," "," ","7",0," "," ","7",0," "," ","7",0," "," ","7",0," "," ","7",0," "," ","7",0," "," ","7",0," "," ","7",0," "," ","7",0," "," ","7",51," "," ","7",0," "," ","7",0," "," ","7",25," "," ","7",0," "," ","7",0," "," ","7",0," "," ","7",0," "," ","7",0," "," ","7",0," "," ","7",13," "," ","7",0," "," ","7",0," "," ","7",25," "," ","7",0," "," ","7",0," "," ","7"
"1933","USC00392565",2018,3,"SNWD",0," "," ","7",0," "," ","7",0," "," ","7",0," "," ","7",0," "," ","7",0," "," ","7",0," "," ","7",0," "," ","7",0," "," ","7",0," "," ","7",0," "," ","7",0," "," ","7",0," "," ","7",0," "," ","7",0," "," ","7",25," "," ","7",25," "," ","7",0,"T"," ","7",25," "," ","7",0,"T"," ","7",0," "," ","7",0," "," ","7",0," "," ","7",0," "," ","7",0," "," ","7",0,"T"," ","7",0," "," ","7",0," "," ","7",25," "," ","7",0,"T"," ","7",0," "," ","7"
"1934","USC00392565",2018,4,"TMAX",-44," "," ","7",50," "," ","7",94," "," ","7",-11," "," ","7",106," "," ","7",50," "," ","7",-78," "," ","7",33," "," ","7",106," "," ","7",100," "," ","7",167," "," ","7",200," "," ","7",150," "," ","7",6," "," ","7",67," "," ","7",106," "," ","7",161," "," ","7",122," "," ","7",111," "," ","7",139," "," ","7",106," "," ","7",128," "," ","7",189," "," ","7",183," "," ","7",83," "," ","7",194," "," ","7",150," "," ","7",206," "," ","7",211," "," ","7",194," "," ","7",NA," "," "," "
"1935","USC00392565",2018,4,"TMIN",-94," "," ","7",-94," "," ","7",-111," "," ","7",-117," "," ","7",-83," "," ","7",-78," "," ","7",-139," "," ","7",-83," "," ","7",-28," "," ","7",-33," "," ","7",-11," "," ","7",39," "," ","7",0," "," ","7",-72," "," ","7",-61," "," ","7",-6," "," ","7",22," "," ","7",6," "," ","7",-11," "," ","7",11," "," ","7",17," "," ","7",-17," "," ","7",-11," "," ","7",-6," "," ","7",-50," "," ","7",-33," "," ","7",-6," "," ","7",17," "," ","7",56," "," ","7",28," "," ","7",NA," "," "," "
"1936","USC00392565",2018,4,"TOBS",-94," "," ","7",0," "," ","7",-111," "," ","7",-56," "," ","7",-11," "," ","7",-78," "," ","7",-83," "," ","7",22," "," ","7",-17," "," ","7",-11," "," ","7",83," "," ","7",67," "," ","7",0," "," ","7",-56," "," ","7",-6," "," ","7",28," "," ","7",33," "," ","7",6," "," ","7",11," "," ","7",44," "," ","7",17," "," ","7",-11," "," ","7",28," "," ","7",-6," "," ","7",-33," "," ","7",33," "," ","7",17," "," ","7",56," "," ","7",83," "," ","7",33," "," ","7",NA," "," "," "
"1937","USC00392565",2018,4,"PRCP",51," "," ","7",0," "," ","7",41," "," ","7",0," "," ","7",0," "," ","7",84," "," ","7",28," "," ","7",0," "," ","7",0," "," ","7",0," "," ","7",0," "," ","7",0," "," ","7",79," "," ","7",69," "," ","7",0," "," ","7",0," "," ","7",0," "," ","7",0," "," ","7",0," "," ","7",0," "," ","7",0,"T"," ","7",0," "," ","7",0," "," ","7",51," "," ","7",0," "," ","7",0," "," ","7",0," "," ","7",0," "," ","7",0," "," ","7",23," "," ","7",NA," "," "," "
"1938","USC00392565",2018,4,"SNOW",76," "," ","7",0," "," ","7",38," "," ","7",0," "," ","7",0," "," ","7",76," "," ","7",51," "," ","7",0," "," ","7",0," "," ","7",0," "," ","7",0," "," ","7",0," "," ","7",89," "," ","7",76," "," ","7",0," "," ","7",0," "," ","7",0," "," ","7",0," "," ","7",0," "," ","7",0," "," ","7",0," "," ","7",0," "," ","7",0," "," ","7",0," "," ","7",0," "," ","7",0," "," ","7",0," "," ","7",0," "," ","7",0," "," ","7",0," "," ","7",NA," "," "," "
"1939","USC00392565",2018,4,"SNWD",76," "," ","7",51," "," ","7",76," "," ","7",51," "," ","7",25," "," ","7",76," "," ","7",102," "," ","7",102," "," ","7",51," "," ","7",0," "," ","7",0," "," ","7",0," "," ","7",76," "," ","7",127," "," ","7",102," "," ","7",51," "," ","7",0," "," ","7",0," "," ","7",0," "," ","7",0," "," ","7",0," "," ","7",0," "," ","7",0," "," ","7",0," "," ","7",0," "," ","7",0," "," ","7",0," "," ","7",0," "," ","7",0," "," ","7",0," "," ","7",NA," "," "," "
"1940","USC00392565",2018,5,"TMAX",167," "," ","7",117," "," ","7",150," "," ","7",156," "," ","7",217," "," ","7",233," "," ","7",233," "," ","7",267," "," ","7",206," "," ","7",233," "," ","7",200," "," ","7",111," "," ","7",83," "," ","7",167," "," ","7",200," "," ","7",217," "," ","7",267," "," ","7",267," "," ","7",217," "," ","7",94," "," ","7",144," "," ","7",228," "," ","7",256," "," ","7",222," "," ","7",244," "," ","7",261," "," ","7",311," "," ","7",283," "," ","7",217," "," ","7",150," "," ","7",239," "," ","7"
"1941","USC00392565",2018,5,"TMIN",33," "," ","7",0," "," ","7",11," "," ","7",17," "," ","7",33," "," ","7",83," "," ","7",106," "," ","7",72," "," ","7",67," "," ","7",100," "," ","7",50," "," ","7",50," "," ","7",56," "," ","7",72," "," ","7",50," "," ","7",50," "," ","7",94," "," ","7",89," "," ","7",72," "," ","7",28," "," ","7",50," "," ","7",89," "," ","7",72," "," ","7",72," "," ","7",94," "," ","7",139," "," ","7",122," "," ","7",122," "," ","7",117," "," ","7",94," "," ","7",139," "," ","7"
"1942","USC00392565",2018,5,"TOBS",56," "," ","7",11," "," ","7",61," "," ","7",72," "," ","7",94," "," ","7",111," "," ","7",161," "," ","7",128," "," ","7",128," "," ","7",139," "," ","7",56," "," ","7",56," "," ","7",72," "," ","7",100," "," ","7",106," "," ","7",167," "," ","7",189," "," ","7",111," "," ","7",72," "," ","7",67," "," ","7",122," "," ","7",178," "," ","7",122," "," ","7",150," "," ","7",156," "," ","7",222," "," ","7",206," "," ","7",144," "," ","7",117," "," ","7",144," "," ","7",178," "," ","7"
"1943","USC00392565",2018,5,"PRCP",43," "," ","7",0," "," ","7",30," "," ","7",15," "," ","7",0," "," ","7",0," "," ","7",0," "," ","7",3," "," ","7",0," "," ","7",23," "," ","7",20," "," ","7",102," "," ","7",15," "," ","7",0," "," ","7",13," "," ","7",0," "," ","7",0," "," ","7",272," "," ","7",251," "," ","7",0," "," ","7",0," "," ","7",0," "," ","7",79," "," ","7",13," "," ","7",0," "," ","7",0," "," ","7",0," "," ","7",297," "," ","7",132," "," ","7",160," "," ","7",0," "," ","7"
"1944","USC00392565",2018,5,"SNOW",0," "," ","7",0," "," ","7",0," "," ","7",0," "," ","7",0," "," ","7",0," "," ","7",0," "," ","7",0," "," ","7",0," "," ","7",0," "," ","7",0," "," ","7",0," "," ","7",0," "," ","7",0," "," ","7",0," "," ","7",0," "," ","7",0," "," ","7",0," "," ","7",0," "," ","7",0," "," ","7",0," "," ","7",0," "," ","7",0," "," ","7",0," "," ","7",0," "," ","7",0," "," ","7",0," "," ","7",0," "," ","7",0," "," ","7",0," "," ","7",0," "," ","7"
"1945","USC00392565",2018,5,"SNWD",0," "," ","7",0," "," ","7",0," "," ","7",0," "," ","7",0," "," ","7",0," "," ","7",0," "," ","7",0," "," ","7",0," "," ","7",0," "," ","7",0," "," ","7",0," "," ","7",0," "," ","7",0," "," ","7",0," "," ","7",0," "," ","7",0," "," ","7",0," "," ","7",0," "," ","7",0," "," ","7",0," "," ","7",0," "," ","7",0," "," ","7",0," "," ","7",0," "," ","7",0," "," ","7",0," "," ","7",0," "," ","7",0," "," ","7",0," "," ","7",0," "," ","7"
"1946","USC00392565",2018,6,"TMAX",278," "," ","7",256," "," ","7",189," "," ","7",244," "," ","7",278," "," ","7",322," "," ","7",261," "," ","7",267," "," ","7",267," "," ","7",294," "," ","7",317," "," ","7",222," "," ","7",217," "," ","7",300," "," ","7",356," "," ","7",272," "," ","7",222," "," ","7",167," "," ","7",172," "," ","7",183," "," ","7",178," "," ","7",233," "," ","7",233," "," ","7",239," "," ","7",172," "," ","7",244," "," ","7",300," "," ","7",278," "," ","7",322," "," ","7",272," "," ","7",NA," "," "," "
"1947","USC00392565",2018,6,"TMIN",178," "," ","7",89," "," ","7",50," "," ","7",100," "," ","7",128," "," ","7",128," "," ","7",128," "," ","7",128," "," ","7",150," "," ","7",122," "," ","7",89," "," ","7",100," "," ","7",128," "," ","7",144," "," ","7",161," "," ","7",139," "," ","7",106," "," ","7",100," "," ","7",94," "," ","7",72," "," ","7",72," "," ","7",100," "," ","7",100," "," ","7",94," "," ","7",94," "," ","7",128," "," ","7",150," "," ","7",167," "," ","7",117," "," ","7",72," "," ","7",NA," "," "," "
"1948","USC00392565",2018,6,"TOBS",194," "," ","7",100," "," ","7",139," "," ","7",172," "," ","7",217," "," ","7",178," "," ","7",172," "," ","7",200," "," ","7",200," "," ","7",211," "," ","7",133," "," ","7",128," "," ","7",161," "," ","7",228," "," ","7",161," "," ","7",172," "," ","7",128," "," ","7",111," "," ","7",111," "," ","7",117," "," ","7",144," "," ","7",172," "," ","7",161," "," ","7",111," "," ","7",144," "," ","7",183," "," ","7",183," "," ","7",222," "," ","7",183," "," ","7",139," "," ","7",NA," "," "," "
"1949","USC00392565",2018,6,"PRCP",0," "," ","7",0," "," ","7",0," "," ","7",0," "," ","7",0," "," ","7",13," "," ","7",0," "," ","7",0," "," ","7",0," "," ","7",0," "," ","7",0," "," ","7",0," "," ","7",0," "," ","7",0," "," ","7",0," "," ","7",0," "," ","7",191," "," ","7",259," "," ","7",76," "," ","7",0," "," ","7",0," "," ","7",439," "," ","7",0," "," ","7",0," "," ","7",140," "," ","7",0," "," ","7",0," "," ","7",0," "," ","7",0," "," ","7",28," "," ","7",NA," "," "," "
"1950","USC00392565",2018,6,"SNOW",0," "," ","7",0," "," ","7",0," "," ","7",0," "," ","7",0," "," ","7",0," "," ","7",0," "," ","7",0," "," ","7",0," "," ","7",0," "," ","7",0," "," ","7",0," "," ","7",0," "," ","7",0," "," ","7",0," "," ","7",0," "," ","7",0," "," ","7",0," "," ","7",0," "," ","7",0," "," ","7",0," "," ","7",0," "," ","7",0," "," ","7",0," "," ","7",0," "," ","7",0," "," ","7",0," "," ","7",0," "," ","7",0," "," ","7",0," "," ","7",NA," "," "," "
"1951","USC00392565",2018,6,"SNWD",0," "," ","7",0," "," ","7",0," "," ","7",0," "," ","7",0," "," ","7",0," "," ","7",0," "," ","7",0," "," ","7",0," "," ","7",0," "," ","7",0," "," ","7",0," "," ","7",0," "," ","7",0," "," ","7",0," "," ","7",0," "," ","7",0," "," ","7",0," "," ","7",0," "," ","7",0," "," ","7",0," "," ","7",0," "," ","7",0," "," ","7",0," "," ","7",0," "," ","7",0," "," ","7",0," "," ","7",0," "," ","7",0," "," ","7",0," "," ","7",NA," "," "," "
"1952","USC00392565",2018,7,"TMAX",189," "," ","7",256," "," ","7",300," "," ","7",283," "," ","7",244," "," ","7",244," "," ","7",311," "," ","7",344," "," ","7",328," "," ","7",339," "," ","7",339," "," ","7",311," "," ","7",250," "," ","7",283," "," ","7",328," "," ","7",228," "," ","7",283," "," ","7",283," "," ","7",272," "," ","7",294," "," ","7",278," "," ","7",311," "," ","7",261," "," ","7",267," "," ","7",283," "," ","7",244," "," ","7",228," "," ","7",239," "," ","7",206," "," ","7",228," "," ","7",233," "," ","7"
"1953","USC00392565",2018,7,"TMIN",72," "," ","7",100," "," ","7",128," "," ","7",128," "," ","7",161," "," ","7",172," "," ","7",167," "," ","7",172," "," ","7",183," "," ","7",183," "," ","7",161," "," ","7",167," "," ","7",139," "," ","7",144," "," ","7",144," "," ","7",156," "," ","7",139," "," ","7",128," "," ","7",133," "," ","7",133," "," ","7",161," "," ","7",183," "," ","7",128," "," ","7",122," "," ","7",128," "," ","7",122," "," ","7",106," "," ","7",106," "," ","7",100," "," ","7",78," "," ","7",72," "," ","7"
"1954","USC00392565",2018,7,"TOBS",117," "," ","7",189," "," ","7",189," "," ","7",161," "," ","7",172," "," ","7",200," "," ","7",178," "," ","7",183," "," ","7",217," "," ","7",211," "," ","7",189," "," ","7",172," "," ","7",172," "," ","7",156," "," ","7",156," "," ","7",161," "," ","7",156," "," ","7",139," "," ","7",156," "," ","7",178," "," ","7",206," "," ","7",194," "," ","7",144," "," ","7",150," "," ","7",161," "," ","7",128," "," ","7",122," "," ","7",111," "," ","7",111," "," ","7",78," "," ","7",111," "," ","7"
"1955","USC00392565",2018,7,"PRCP",15," "," ","7",0," "," ","7",0," "," ","7",122," "," ","7",0," "," ","7",0," "," ","7",0," "," ","7",0," "," ","7",0," "," ","7",0," "," ","7",0," "," ","7",582," "," ","7",43," "," ","7",0," "," ","7",119," "," ","7",15," "," ","7",0," "," ","7",201," "," ","7",0," "," ","7",0," "," ","7",0," "," ","7",38," "," ","7",0," "," ","7",8," "," ","7",18," "," ","7",41," "," ","7",0," "," ","7",157," "," ","7",51," "," ","7",165," "," ","7",0," "," ","7"
"1956","USC00392565",2018,7,"SNOW",0," "," ","7",0," "," ","7",0," "," ","7",0," "," ","7",0," "," ","7",0," "," ","7",0," "," ","7",0," "," ","7",0," "," ","7",0," "," ","7",0," "," ","7",0," "," ","7",0," "," ","7",0," "," ","7",0," "," ","7",0," "," ","7",0," "," ","7",0," "," ","7",0," "," ","7",0," "," ","7",0," "," ","7",0," "," ","7",0," "," ","7",0," "," ","7",0," "," ","7",0," "," ","7",0," "," ","7",0," "," ","7",0," "," ","7",0," "," ","7",0," "," ","7"
"1957","USC00392565",2018,7,"SNWD",0," "," ","7",0," "," ","7",0," "," ","7",0," "," ","7",0," "," ","7",0," "," ","7",0," "," ","7",0," "," ","7",0," "," ","7",0," "," ","7",0," "," ","7",0," "," ","7",0," "," ","7",0," "," ","7",0," "," ","7",0," "," ","7",0," "," ","7",0," "," ","7",0," "," ","7",0," "," ","7",0," "," ","7",0," "," ","7",0," "," ","7",0," "," ","7",0," "," ","7",0," "," ","7",0," "," ","7",0," "," ","7",0," "," ","7",0," "," ","7",0," "," ","7"
"1958","USC00392565",2018,8,"TMAX",272," "," ","7",267," "," ","7",311," "," ","7",306," "," ","7",278," "," ","7",256," "," ","7",244," "," ","7",278," "," ","7",300," "," ","7",317," "," ","7",317," "," ","7",333," "," ","7",322," "," ","7",300," "," ","7",211," "," ","7",239," "," ","7",272," "," ","7",272," "," ","7",261," "," ","7",200," "," ","7",194," "," ","7",172," "," ","7",250," "," ","7",267," "," ","7",294," "," ","7",289," "," ","7",317," "," ","7",250," "," ","7",183," "," ","7",256," "," ","7",311," "," ","7"
"1959","USC00392565",2018,8,"TMIN",106," "," ","7",128," "," ","7",128," "," ","7",117," "," ","7",94," "," ","7",83," "," ","7",100," "," ","7",122," "," ","7",150," "," ","7",150," "," ","7",156," "," ","7",150," "," ","7",133," "," ","7",133," "," ","7",117," "," ","7",128," "," ","7",139," "," ","7",111," "," ","7",33," "," ","7",33," "," ","7",100," "," ","7",122," "," ","7",83," "," ","7",83," "," ","7",94," "," ","7",128," "," ","7",89," "," ","7",67," "," ","7",78," "," ","7",89," "," ","7",133," "," ","7"
"1960","USC00392565",2018,8,"TOBS",139," "," ","7",133," "," ","7",172," "," ","7",117," "," ","7",189," "," ","7",111," "," ","7",122," "," ","7",150," "," ","7",161," "," ","7",156," "," ","7",156," "," ","7",161," "," ","7",144," "," ","7",161," "," ","7",133," "," ","7",156," "," ","7",144," "," ","7",156," "," ","7",139," "," ","7",100," "," ","7",122," "," ","7",133," "," ","7",144," "," ","7",94," "," ","7",128," "," ","7",150," "," ","7",133," "," ","7",94," "," ","7",111," "," ","7",133," "," ","7",167," "," ","7"
"1961","USC00392565",2018,8,"PRCP",0," "," ","7",0," "," ","7",0," "," ","7",0," "," ","7",0," "," ","7",0,"T"," ","7",0," "," ","7",0," "," ","7",0," "," ","7",0," "," ","7",0," "," ","7",0," "," ","7",0," "," ","7",0," "," ","7",262," "," ","7",0," "," ","7",0," "," ","7",0," "," ","7",0," "," ","7",0," "," ","7",0," "," ","7",0," "," ","7",0," "," ","7",0," "," ","7",0," "," ","7",0," "," ","7",20," "," ","7",0," "," ","7",0," "," ","7",0," "," ","7",0," "," ","7"
"1962","USC00392565",2018,8,"SNOW",0," "," ","7",0," "," ","7",0," "," ","7",0," "," ","7",0," "," ","7",0," "," ","7",0," "," ","7",0," "," ","7",0," "," ","7",0," "," ","7",0," "," ","7",0," "," ","7",0," "," ","7",0," "," ","7",0," "," ","7",0," "," ","7",0," "," ","7",0," "," ","7",0," "," ","7",0," "," ","7",0," "," ","7",0," "," ","7",0," "," ","7",0," "," ","7",0," "," ","7",0," "," ","7",0," "," ","7",0," "," ","7",0," "," ","7",0," "," ","7",0," "," ","7"
"1963","USC00392565",2018,8,"SNWD",0," "," ","7",0," "," ","7",0," "," ","7",0," "," ","7",0," "," ","7",0," "," ","7",0," "," ","7",0," "," ","7",0," "," ","7",0," "," ","7",0," "," ","7",0," "," ","7",0," "," ","7",0," "," ","7",0," "," ","7",0," "," ","7",0," "," ","7",0," "," ","7",0," "," ","7",0," "," ","7",0," "," ","7",0," "," ","7",0," "," ","7",0," "," ","7",0," "," ","7",0," "," ","7",0," "," ","7",0," "," ","7",0," "," ","7",0," "," ","7",0," "," ","7"
"1964","USC00392565",2018,9,"TMAX",294," "," ","7",283," "," ","7",244," "," ","7",283," "," ","7",244," "," ","7",217," "," ","7",261," "," ","7",283," "," ","7",283," "," ","7",283," "," ","7",278," "," ","7",267," "," ","7",339," "," ","7",278," "," ","7",267," "," ","7",300," "," ","7",294," "," ","7",289," "," ","7",244," "," ","7",211," "," ","7",150," "," ","7",194," "," ","7",278," "," ","7",300," "," ","7",172," "," ","7",122," "," ","7",161," "," ","7",128," "," ","7",50," "," ","7",128," "," ","7",NA," "," "," "
"1965","USC00392565",2018,9,"TMIN",150," "," ","7",89," "," ","7",94," "," ","7",106," "," ","7",100," "," ","7",111," "," ","7",94," "," ","7",100," "," ","7",94," "," ","7",100," "," ","7",117," "," ","7",128," "," ","7",94," "," ","7",94," "," ","7",106," "," ","7",117," "," ","7",128," "," ","7",117," "," ","7",94," "," ","7",111," "," ","7",67," "," ","7",0," "," ","7",50," "," ","7",72," "," ","7",61," "," ","7",-6," "," ","7",-11," "," ","7",17," "," ","7",0," "," ","7",39," "," ","7",NA," "," "," "
"1966","USC00392565",2018,9,"TOBS",150," "," ","7",94," "," ","7",156," "," ","7",106," "," ","7",111," "," ","7",139," "," ","7",100," "," ","7",139," "," ","7",117," "," ","7",122," "," ","7",128," "," ","7",150," "," ","7",117," "," ","7",117," "," ","7",144," "," ","7",144," "," ","7",167," "," ","7",122," "," ","7",150," "," ","7",111," "," ","7",67," "," ","7",61," "," ","7",83," "," ","7",72," "," ","7",61," "," ","7",11," "," ","7",67," "," ","7",17," "," ","7",50," "," ","7",44," "," ","7",NA," "," "," "
"1967","USC00392565",2018,9,"PRCP",0," "," ","7",0," "," ","7",0," "," ","7",0," "," ","7",0," "," ","7",0," "," ","7",0," "," ","7",0," "," ","7",36," "," ","7",0," "," ","7",0," "," ","7",0," "," ","7",0," "," ","7",0," "," ","7",0," "," ","7",0," "," ","7",0," "," ","7",0," "," ","7",0," "," ","7",0," "," ","7",0," "," ","7",0," "," ","7",0," "," ","7",89," "," ","7",0," "," ","7",0," "," ","7",0," "," ","7",114," "," ","7",28," "," ","7",0," "," ","7",NA," "," "," "
"1968","USC00392565",2018,9,"SNOW",0," "," ","7",0," "," ","7",0," "," ","7",0," "," ","7",0," "," ","7",0," "," ","7",0," "," ","7",0," "," ","7",0," "," ","7",0," "," ","7",0," "," ","7",0," "," ","7",0," "," ","7",0," "," ","7",0," "," ","7",0," "," ","7",0," "," ","7",0," "," ","7",0," "," ","7",0," "," ","7",0," "," ","7",0," "," ","7",0," "," ","7",0," "," ","7",0," "," ","7",0," "," ","7",0," "," ","7",0," "," ","7",0," "," ","7",0," "," ","7",NA," "," "," "
"1969","USC00392565",2018,9,"SNWD",0," "," ","7",0," "," ","7",0," "," ","7",0," "," ","7",0," "," ","7",0," "," ","7",0," "," ","7",0," "," ","7",0," "," ","7",0," "," ","7",0," "," ","7",0," "," ","7",0," "," ","7",0," "," ","7",0," "," ","7",0," "," ","7",0," "," ","7",0," "," ","7",0," "," ","7",0," "," ","7",0," "," ","7",0," "," ","7",0," "," ","7",0," "," ","7",0," "," ","7",0," "," ","7",0," "," ","7",0," "," ","7",0," "," ","7",0," "," ","7",NA," "," "," "
"1970","USC00392565",2018,10,"TMAX",67," "," ","7",172," "," ","7",256," "," ","7",200," "," ","7",94," "," ","7",89," "," ","7",117," "," ","7",50," "," ","7",22," "," ","7",17," "," ","7",17," "," ","7",50," "," ","7",122," "," ","7",61," "," ","7",-39," "," ","7",67," "," ","7",128," "," ","7",161," "," ","7",194," "," ","7",161," "," ","7",161," "," ","7",200," "," ","7",172," "," ","7",161," "," ","7",189," "," ","7",178," "," ","7",172," "," ","7",167," "," ","7",161," "," ","7",194," "," ","7",94," "," ","7"
"1971","USC00392565",2018,10,"TMIN",44," "," ","7",44," "," ","7",61," "," ","7",-11," "," ","7",-17," "," ","7",-22," "," ","7",-28," "," ","7",6," "," ","7",-11," "," ","7",-44," "," ","7",-67," "," ","7",-28," "," ","7",-22," "," ","7",-111," "," ","7",-106," "," ","7",-39," "," ","7",-28," "," ","7",-11," "," ","7",-6," "," ","7",-17," "," ","7",-11," "," ","7",6," "," ","7",33," "," ","7",61," "," ","7",17," "," ","7",-6," "," ","7",0," "," ","7",-39," "," ","7",-11," "," ","7",-50," "," ","7",-72," "," ","7"
"1972","USC00392565",2018,10,"TOBS",56," "," ","7",83," "," ","7",150," "," ","7",-6," "," ","7",39," "," ","7",-11," "," ","7",39," "," ","7",6," "," ","7",-11," "," ","7",-11," "," ","7",NA," "," "," ",-22," "," ","7",33," "," ","7",-78," "," ","7",NA," "," "," ",-28," "," ","7",-11," "," ","7",6," "," ","7",6," "," ","7",-11," "," ","7",6," "," ","7",33," "," ","7",67," "," ","7",61," "," ","7",17," "," ","7",28," "," ","7",NA," "," "," ",NA," "," "," ",NA," "," "," ",NA," "," "," ",NA," "," "," "
"1973","USC00392565",2018,10,"PRCP",3," "," ","7",0," "," ","7",0," "," ","7",46," "," ","7",8," "," ","7",0," "," ","7",10," "," ","7",33," "," ","7",74," "," ","7",10," "," ","7",0," "," ","7",0," "," ","7",0," "," ","7",163," "," ","7",0," "," ","7",0," "," ","7",0," "," ","7",0," "," ","7",0," "," ","7",0," "," ","7",0," "," ","7",0," "," ","7",0," "," ","7",0," "," ","7",0," "," ","7",0," "," ","7",0," "," ","7",0," "," ","7",0," "," ","7",0," "," ","7",0," "," ","7"
"1974","USC00392565",2018,10,"SNOW",0," "," ","7",0," "," ","7",0," "," ","7",0," "," ","7",0," "," ","7",0," "," ","7",0," "," ","7",0," "," ","7",0," "," ","7",0," "," ","7",0," "," ","7",0," "," ","7",0," "," ","7",0," "," ","7",0," "," ","7",0," "," ","7",0," "," ","7",0," "," ","7",0," "," ","7",0," "," ","7",0," "," ","7",0," "," ","7",0," "," ","7",0," "," ","7",0," "," ","7",0," "," ","7",0," "," ","7",0," "," ","7",0," "," ","7",0," "," ","7",0," "," ","7"
"1975","USC00392565",2018,10,"SNWD",0," "," ","7",0," "," ","7",0," "," ","7",0," "," ","7",0," "," ","7",0," "," ","7",0," "," ","7",0," "," ","7",0," "," ","7",0," "," ","7",0," "," ","7",0," "," ","7",0," "," ","7",0," "," ","7",0," "," ","7",0," "," ","7",0," "," ","7",0," "," ","7",0," "," ","7",0," "," ","7",0," "," ","7",0," "," ","7",0," "," ","7",0," "," ","7",0," "," ","7",0," "," ","7",0," "," ","7",0," "," ","7",0," "," ","7",0," "," ","7",0," "," ","7"
"1976","USC00392565",2018,11,"TMAX",89," "," ","7",106," "," ","7",50," "," ","7",50," "," ","7",78," "," ","7",72," "," ","7",22," "," ","7",22," "," ","7",-17," "," ","7",-39," "," ","7",33," "," ","7",-6," "," ","7",-22," "," ","7",83," "," ","7",156," "," ","7",94," "," ","7",83," "," ","7",-33," "," ","7",17," "," ","7",56," "," ","7",100," "," ","7",139," "," ","7",117," "," ","7",89," "," ","7",11," "," ","7",11," "," ","7",17," "," ","7",67," "," ","7",72," "," ","7",78," "," ","7",NA," "," "," "
"1977","USC00392565",2018,11,"TMIN",-39," "," ","7",-39," "," ","7",-44," "," ","7",-56," "," ","7",-22," "," ","7",-94," "," ","7",-100," "," ","7",-122," "," ","7",-189," "," ","7",-94," "," ","7",-111," "," ","7",-139," "," ","7",-83," "," ","7",-56," "," ","7",-33," "," ","7",-44," "," ","7",-139," "," ","7",-156," "," ","7",-61," "," ","7",-72," "," ","7",-56," "," ","7",-44," "," ","7",-56," "," ","7",-44," "," ","7",-72," "," ","7",-111," "," ","7",-50," "," ","7",-11," "," ","7",-44," "," ","7",6," "," ","7",NA," "," "," "
"1978","USC00392565",2018,11,"PRCP",0," "," ","7",0," "," ","7",30," "," ","7",0," "," ","7",28," "," ","7",0," "," ","7",3," "," ","7",0," "," ","7",0," "," ","7",0," "," ","7",0," "," ","7",0," "," ","7",0," "," ","7",0," "," ","7",0," "," ","7",0," "," ","7",20," "," ","7",0," "," ","7",0," "," ","7",0," "," ","7",0," "," ","7",0," "," ","7",0," "," ","7",0," "," ","7",13," "," ","7",0," "," ","7",0," "," ","7",0," "," ","7",0," "," ","7",0," "," ","7",NA," "," "," "
"1979","USC00392565",2018,11,"SNOW",0," "," ","7",0," "," ","7",0," "," ","7",0," "," ","7",0," "," ","7",0," "," ","7",3," "," ","7",0," "," ","7",0," "," ","7",0," "," ","7",0," "," ","7",0," "," ","7",0," "," ","7",0," "," ","7",0," "," ","7",0," "," ","7",25," "," ","7",0," "," ","7",0," "," ","7",0," "," ","7",0," "," ","7",0," "," ","7",0," "," ","7",0," "," ","7",0,"T"," ","7",0," "," ","7",0," "," ","7",0," "," ","7",0," "," ","7",0," "," ","7",NA," "," "," "
"1980","USC00392565",2018,11,"SNWD",0," "," ","7",0," "," ","7",0," "," ","7",0," "," ","7",0," "," ","7",0," "," ","7",0,"T"," ","7",0," "," ","7",0," "," ","7",0," "," ","7",0," "," ","7",0," "," ","7",0," "," ","7",0," "," ","7",0," "," ","7",0," "," ","7",25," "," ","7",25," "," ","7",0,"T"," ","7",0," "," ","7",0," "," ","7",0," "," ","7",0," "," ","7",0," "," ","7",0,"T"," ","7",0," "," ","7",0," "," ","7",0," "," ","7",0," "," ","7",0," "," ","7",NA," "," "," "
"1981","USC00392565",2018,12,"TMAX",56," "," ","7",6," "," ","7",-6," "," ","7",-33," "," ","7",-28," "," ","7",-33," "," ","7",-50," "," ","7",-17," "," ","7",6," "," ","7",22," "," ","7",56," "," ","7",11," "," ","7",56," "," ","7",17," "," ","7",72," "," ","7",106," "," ","7",100," "," ","7",117," "," ","7",100," "," ","7",56," "," ","7",44," "," ","7",89," "," ","7",-6," "," ","7",28," "," ","7",44," "," ","7",22," "," ","7",-22," "," ","7",-72," "," ","7",-83," "," ","7",-17," "," ","7",11," "," ","7"
"1982","USC00392565",2018,12,"TMIN",0," "," ","7",-56," "," ","7",-78," "," ","7",-72," "," ","7",-144," "," ","7",-183," "," ","7",-178," "," ","7",-122," "," ","7",-117," "," ","7",-122," "," ","7",-78," "," ","7",-111," "," ","7",-100," "," ","7",-94," "," ","7",-50," "," ","7",-61," "," ","7",-33," "," ","7",-44," "," ","7",-33," "," ","7",-67," "," ","7",-56," "," ","7",-72," "," ","7",-128," "," ","7",-94," "," ","7",-89," "," ","7",-89," "," ","7",-128," "," ","7",-206," "," ","7",-189," "," ","7",-89," "," ","7",-211," "," ","7"
"1983","USC00392565",2018,12,"PRCP",94," "," ","7",38," "," ","7",0," "," ","7",0," "," ","7",0," "," ","7",0," "," ","7",0," "," ","7",0," "," ","7",0," "," ","7",0," "," ","7",0," "," ","7",0,"T"," ","7",0,"T"," ","7",0," "," ","7",0," "," ","7",0," "," ","7",0," "," ","7",0," "," ","7",0," "," ","7",0," "," ","7",0," "," ","7",0," "," ","7",0," "," ","7",0," "," ","7",0," "," ","7",18," "," ","7",3," "," ","7",0," "," ","7",0," "," ","7",0," "," ","7",155," "," ","7"
"1984","USC00392565",2018,12,"SNOW",0," "," ","7",51," "," ","7",0," "," ","7",0," "," ","7",0," "," ","7",0," "," ","7",0," "," ","7",0," "," ","7",0," "," ","7",0," "," ","7",0," "," ","7",0,"T"," ","7",0,"T"," ","7",0," "," ","7",0," "," ","7",0," "," ","7",0," "," ","7",0," "," ","7",0," "," ","7",0," "," ","7",0," "," ","7",0," "," ","7",0," "," ","7",0," "," ","7",0," "," ","7",13," "," ","7",0,"T"," ","7",0," "," ","7",0," "," ","7",0," "," ","7",127," "," ","7"
"1985","USC00392565",2018,12,"SNWD",0," "," ","7",51," "," ","7",51," "," ","7",51," "," ","7",25," "," ","7",25," "," ","7",25," "," ","7",0,"T"," ","7",0,"T"," ","7",0,"T"," ","7",0," "," ","7",0," "," ","7",0," "," ","7",0," "," ","7",0," "," ","7",0," "," ","7",0," "," ","7",0," "," ","7",0," "," ","7",0," "," ","7",0," "," ","7",0," "," ","7",0," "," ","7",0," "," ","7",0," "," ","7",0,"T"," ","7",0,"T"," ","7",0," "," ","7",0," "," ","7",0," "," ","7",127," "," ","7"
"1986","USC00392565",2019,1,"TMAX",-22," "," ","7",-100," "," ","7",-11," "," ","7",50," "," ","7",83," "," ","7",100," "," ","7",78," "," ","7",56," "," ","7",0," "," ","7",78," "," ","7",67," "," ","7",44," "," ","7",50," "," ","7",50," "," ","7",44," "," ","7",56," "," ","7",-11," "," ","7",56," "," ","7",-17," "," ","7",22," "," ","7",33," "," ","7",67," "," ","7",-22," "," ","7",-6," "," ","7",-50," "," ","7",-6," "," ","7",17," "," ","7",72," "," ","7",-39," "," ","7",-94," "," ","7",0," "," ","7"
"1987","USC00392565",2019,1,"TMIN",-100," "," ","7",-183," "," ","7",-128," "," ","7",-89," "," ","7",-50," "," ","7",-33," "," ","7",-67," "," ","7",-50," "," ","7",-122," "," ","7",-44," "," ","7",-67," "," ","7",-89," "," ","7",-94," "," ","7",-100," "," ","7",-83," "," ","7",-94," "," ","7",-100," "," ","7",-44," "," ","7",-122," "," ","7",-22," "," ","7",-89," "," ","7",-83," "," ","7",-150," "," ","7",-161," "," ","7",-106," "," ","7",-50," "," ","7",-39," "," ","7",-94," "," ","7",-167," "," ","7",-194," "," ","7",-94," "," ","7"
"1988","USC00392565",2019,1,"PRCP",0," "," ","7",0," "," ","7",0," "," ","7",0," "," ","7",0," "," ","7",0," "," ","7",0," "," ","7",0," "," ","7",0," "," ","7",0," "," ","7",0,"T"," ","7",0,"T"," ","7",0," "," ","7",0," "," ","7",0," "," ","7",0," "," ","7",0," "," ","7",15," "," ","7",0," "," ","7",0," "," ","7",0," "," ","7",46," "," ","7",0," "," ","7",0," "," ","7",3," "," ","7",15," "," ","7",0," "," ","7",0," "," ","7",0," "," ","7",0," "," ","7",0," "," ","7"
"1989","USC00392565",2019,1,"SNOW",0," "," ","7",0," "," ","7",0," "," ","7",0," "," ","7",0," "," ","7",0," "," ","7",0," "," ","7",0," "," ","7",0," "," ","7",0," "," ","7",0," "," ","7",0," "," ","7",0," "," ","7",0," "," ","7",0," "," ","7",0," "," ","7",0," "," ","7",0,"T"," ","7",0," "," ","7",0," "," ","7",0," "," ","7",64," "," ","7",0," "," ","7",0," "," ","7",0,"T"," ","7",13," "," ","7",0," "," ","7",0," "," ","7",0," "," ","7",0," "," ","7",0," "," ","7"
"1990","USC00392565",2019,1,"SNWD",127," "," ","7",127," "," ","7",127," "," ","7",102," "," ","7",51," "," ","7",0,"T"," ","7",0," "," ","7",0," "," ","7",0," "," ","7",0," "," ","7",0," "," ","7",0," "," ","7",0," "," ","7",0," "," ","7",0," "," ","7",0," "," ","7",0," "," ","7",0,"T"," ","7",0,"T"," ","7",0," "," ","7",0," "," ","7",76," "," ","7",76," "," ","7",51," "," ","7",51," "," ","7",51," "," ","7",51," "," ","7",25," "," ","7",25," "," ","7",25," "," ","7",25," "," ","7"
"1991","USC00392565",2019,2,"TMAX",56," "," ","7",111," "," ","7",106," "," ","7",33," "," ","7",-122," "," ","7",-78," "," ","7",-144," "," ","7",-161," "," ","7",-33," "," ","7",-94," "," ","7",-78," "," ","7",-33," "," ","7",17," "," ","7",56," "," ","7",6," "," ","7",-44," "," ","7",11," "," ","7",-139," "," ","7",-106," "," ","7",-83," "," ","7",-44," "," ","7",-39," "," ","7",-78," "," ","7",-17," "," ","7",-78," "," ","7",-128," "," ","7",-72," "," ","7",-72," "," ","7",NA," "," "," ",NA," "," "," ",NA," "," "," "
"1992","USC00392565",2019,2,"TMIN",-61," "," ","7",28," "," ","7",-6," "," ","7",-172," "," ","7",-150," "," ","7",-244," "," ","7",-239," "," ","7",-233," "," ","7",-194," "," ","7",-194," "," ","7",-161," "," ","7",-156," "," ","7",-33," "," ","7",-106," "," ","7",-106," "," ","7",-139," "," ","7",-228," "," ","7",-250," "," ","7",-139," "," ","7",-183," "," ","7",-194," "," ","7",-117," "," ","7",-189," "," ","7",-178," "," ","7",-189," "," ","7",-172," "," ","7",-194," "," ","7",-217," "," ","7",NA," "," "," ",NA," "," "," ",NA," "," "," "
"1993","USC00392565",2019,2,"PRCP",0," "," ","7",0," "," ","7",0," "," ","7",41," "," ","7",0," "," ","7",0," "," ","7",53," "," ","7",5," "," ","7",0," "," ","7",0,"T"," ","7",0," "," ","7",0," "," ","7",0," "," ","7",0," "," ","7",64," "," ","7",0,"T"," ","7",0," "," ","7",0," "," ","7",0," "," ","7",8," "," ","7",0," "," ","7",18," "," ","7",0," "," ","7",0," "," ","7",0," "," ","7",0," "," ","7",0," "," ","7",0,"T"," ","7",NA," "," "," ",NA," "," "," ",NA," "," "," "
"1994","USC00392565",2019,2,"SNOW",0," "," ","7",0," "," ","7",0," "," ","7",13," "," ","7",0," "," ","7",0," "," ","7",76," "," ","7",13," "," ","7",0," "," ","7",0,"T"," ","7",0," "," ","7",0," "," ","7",0," "," ","7",0," "," ","7",64," "," ","7",0,"T"," ","7",0," "," ","7",0," "," ","7",0," "," ","7",25," "," ","7",0," "," ","7",38," "," ","7",0," "," ","7",0," "," ","7",0," "," ","7",0," "," ","7",0," "," ","7",0,"T"," ","7",NA," "," "," ",NA," "," "," ",NA," "," "," "
"1995","USC00392565",2019,2,"SNWD",25," "," ","7",0,"T"," ","7",0," "," ","7",0,"T"," ","7",0,"T"," ","7",0,"T"," ","7",76," "," ","7",102," "," ","7",102," "," ","7",76," "," ","7",76," "," ","7",76," "," ","7",76," "," ","7",76," "," ","7",152," "," ","7",152," "," ","7",127," "," ","7",127," "," ","7",127," "," ","7",152," "," ","7",152," "," ","7",178," "," ","7",178," "," ","7",152," "," ","7",152," "," ","7",152," "," ","7",152," "," ","7",152," "," ","7",NA," "," "," ",NA," "," "," ",NA," "," "," "
"1996","USC00392565",2019,4,"TMAX",128," "," ","7",89," "," ","7",94," "," ","7",44," "," ","7",172," "," ","7",194," "," ","7",200," "," ","7",200," "," ","7",161," "," ","7",172," "," ","7",-6," "," ","7",-17," "," ","7",22," "," ","7",83," "," ","7",133," "," ","7",144," "," ","7",172," "," ","7",133," "," ","7",128," "," ","7",228," "," ","7",256," "," ","7",117," "," ","7",122," "," ","7",200," "," ","7",194," "," ","7",150," "," ","7",156," "," ","7",133," "," ","7",94," "," ","7",50," "," ","7",NA," "," "," "
"1997","USC00392565",2019,4,"TMIN",-39," "," ","7",-56," "," ","7",6," "," ","7",17," "," ","7",6," "," ","7",17," "," ","7",-6," "," ","7",0," "," ","7",22," "," ","7",-6," "," ","7",-67," "," ","7",-83," "," ","7",-83," "," ","7",-33," "," ","7",-11," "," ","7",39," "," ","7",50," "," ","7",-6," "," ","7",-17," "," ","7",50," "," ","7",33," "," ","7",33," "," ","7",-6," "," ","7",78," "," ","7",6," "," ","7",33," "," ","7",11," "," ","7",11," "," ","7",-28," "," ","7",-28," "," ","7",NA," "," "," "
"1998","USC00392565",2019,4,"PRCP",0," "," ","7",0," "," ","7",5," "," ","7",20," "," ","7",0," "," ","7",0," "," ","7",0," "," ","7",0," "," ","7",0," "," ","7",13," "," ","7",8," "," ","7",0," "," ","7",0," "," ","7",0," "," ","7",0," "," ","7",15," "," ","7",18," "," ","7",0," "," ","7",0," "," ","7",0," "," ","7",0," "," ","7",191," "," ","7",0," "," ","7",0," "," ","7",76," "," ","7",0," "," ","7",30," "," ","7",0," "," ","7",0," "," ","7",5," "," ","7",NA," "," "," "
"1999","USC00392565",2019,4,"SNOW",0," "," ","7",0," "," ","7",0," "," ","7",0," "," ","7",0," "," ","7",0," "," ","7",0," "," ","7",0," "," ","7",0," "," ","7",0," "," ","7",13," "," ","7",0," "," ","7",0," "," ","7",0," "," ","7",0," "," ","7",0," "," ","7",0," "," ","7",0," "," ","7",0," "," ","7",0," "," ","7",0," "," ","7",0," "," ","7",0," "," ","7",0," "," ","7",0," "," ","7",0," "," ","7",0," "," ","7",0," "," ","7",0," "," ","7",0," "," ","7",NA," "," "," "
"2000","USC00392565",2019,4,"SNWD",0," "," ","7",0," "," ","7",0," "," ","7",0," "," ","7",0," "," ","7",0," "," ","7",0," "," ","7",0," "," ","7",0," "," ","7",0," "," ","7",0,"T"," ","7",0," "," ","7",0," "," ","7",0," "," ","7",0," "," ","7",0," "," ","7",0," "," ","7",0," "," ","7",0," "," ","7",0," "," ","7",0," "," ","7",0," "," ","7",0," "," ","7",0," "," ","7",0," "," ","7",0," "," ","7",0," "," ","7",0," "," ","7",0," "," ","7",0," "," ","7",NA," "," "," "
"2001","USC00392565",2019,5,"TMAX",17," "," ","7",44," "," ","7",133," "," ","7",139," "," ","7",189," "," ","7",128," "," ","7",50," "," ","7",44," "," ","7",56," "," ","7",56," "," ","7",128," "," ","7",122," "," ","7",206," "," ","7",250," "," ","7",250," "," ","7",267," "," ","7",217," "," ","7",111," "," ","7",56," "," ","7",56," "," ","7",39," "," ","7",33," "," ","7",83," "," ","7",117," "," ","7",167," "," ","7",206," "," ","7",211," "," ","7",161," "," ","7",NA," "," "," ",NA," "," "," ",NA," "," "," "
"2002","USC00392565",2019,5,"TMIN",-39," "," ","7",-44," "," ","7",-11," "," ","7",0," "," ","7",11," "," ","7",17," "," ","7",11," "," ","7",22," "," ","7",-22," "," ","7",-22," "," ","7",28," "," ","7",-22," "," ","7",39," "," ","7",56," "," ","7",78," "," ","7",100," "," ","7",50," "," ","7",6," "," ","7",0," "," ","7",0," "," ","7",6," "," ","7",0," "," ","7",-11," "," ","7",44," "," ","7",11," "," ","7",111," "," ","7",89," "," ","7",61," "," ","7",NA," "," "," ",NA," "," "," ",NA," "," "," "
"2003","USC00392565",2019,5,"PRCP",41," "," ","7",71," "," ","7",0," "," ","7",0," "," ","7",0," "," ","7",0," "," ","7",13," "," ","7",23," "," ","7",0," "," ","7",0," "," ","7",23," "," ","7",28," "," ","7",0," "," ","7",0," "," ","7",0," "," ","7",0," "," ","7",43," "," ","7",74," "," ","7",23," "," ","7",30," "," ","7",46," "," ","7",58," "," ","7",0," "," ","7",48," "," ","7",0," "," ","7",0," "," ","7",0," "," ","7",53," "," ","7",140," "," ","7",0," "," ","7",0," "," ","7"
"2004","USC00392565",2019,5,"SNOW",NA," "," "," ",NA," "," "," ",0," "," ","7",0," "," ","7",0," "," ","7",0," "," ","7",0," "," ","7",0," "," ","7",0," "," ","7",0," "," ","7",0," "," ","7",0," "," ","7",0," "," ","7",0," "," ","7",0," "," ","7",0," "," ","7",0," "," ","7",0," "," ","7",0," "," ","7",0," "," ","7",0," "," ","7",0," "," ","7",0," "," ","7",0," "," ","7",0," "," ","7",0," "," ","7",0," "," ","7",0," "," ","7",0," "," ","7",0," "," ","7",0," "," ","7"
"2005","USC00392565",2019,5,"SNWD",NA," "," "," ",NA," "," "," ",0," "," ","7",0," "," ","7",0," "," ","7",0," "," ","7",0," "," ","7",0," "," ","7",0," "," ","7",0," "," ","7",0," "," ","7",0," "," ","7",0," "," ","7",0," "," ","7",0," "," ","7",0," "," ","7",0," "," ","7",0," "," ","7",0," "," ","7",0," "," ","7",0," "," ","7",0," "," ","7",0," "," ","7",0," "," ","7",0," "," ","7",0," "," ","7",0," "," ","7",0," "," ","7",0," "," ","7",0," "," ","7",0," "," ","7"
"2006","USC00392565",2019,6,"TMAX",NA," "," "," ",NA," "," "," ",NA," "," "," ",272," "," ","7",256," "," ","7",267," "," ","7",278," "," ","7",289," "," ","7",172," "," ","7",161," "," ","7",200," "," ","7",167," "," ","7",206," "," ","7",250," "," ","7",261," "," ","7",222," "," ","7",217," "," ","7",194," "," ","7",194," "," ","7",239," "," ","7",217," "," ","7",156," "," ","7",194," "," ","7",178," "," ","7",222," "," ","7",244," "," ","7",261," "," ","7",278," "," ","7",322," "," ","7",322," "," ","7",NA," "," "," "
"2007","USC00392565",2019,6,"TMIN",NA," "," "," ",NA," "," "," ",NA," "," "," ",NA," "," "," ",144," "," ","7",111," "," ","7",128," "," ","7",111," "," ","7",6," "," ","7",17," "," ","7",83," "," ","7",39," "," ","7",94," "," ","7",89," "," ","7",106," "," ","7",106," "," ","7",111," "," ","7",89," "," ","7",106," "," ","7",61," "," ","7",94," "," ","7",78," "," ","7",94," "," ","7",72," "," ","7",78," "," ","7",117," "," ","7",133," "," ","7",161," "," ","7",167," "," ","7",183," "," ","7",NA," "," "," "
"2008","USC00392565",2019,6,"PRCP",0," "," ","7",0," "," ","7",0," "," ","7",0," "," ","7",23," "," ","7",99," "," ","7",0," "," ","7",51," "," ","7",0," "," ","7",0," "," ","7",25," "," ","7",51," "," ","7",0," "," ","7",0,"T"," ","7",142," "," ","7",0," "," ","7",191," "," ","7",13," "," ","7",20," "," ","7",104," "," ","7",51," "," ","7",0," "," ","7",0," "," ","7",0," "," ","7",13," "," ","7",0," "," ","7",0," "," ","7",0," "," ","7",0," "," ","7",0," "," ","7",NA," "," "," "
"2009","USC00392565",2019,6,"SNOW",0," "," ","7",0," "," ","7",0," "," ","7",0," "," ","7",0," "," ","7",0," "," ","7",0," "," ","7",0," "," ","7",0," "," ","7",0," "," ","7",0," "," ","7",0," "," ","7",0," "," ","7",0," "," ","7",0," "," ","7",0," "," ","7",0," "," ","7",0," "," ","7",0," "," ","7",0," "," ","7",0," "," ","7",0," "," ","7",0," "," ","7",0," "," ","7",0," "," ","7",0," "," ","7",0," "," ","7",0," "," ","7",0," "," ","7",0," "," ","7",NA," "," "," "
"2010","USC00392565",2019,6,"SNWD",0," "," ","7",0," "," ","7",0," "," ","7",0," "," ","7",0," "," ","7",0," "," ","7",0," "," ","7",0," "," ","7",0," "," ","7",0," "," ","7",0," "," ","7",0," "," ","7",0," "," ","7",0," "," ","7",0," "," ","7",0," "," ","7",0," "," ","7",0," "," ","7",0," "," ","7",0," "," ","7",0," "," ","7",0," "," ","7",0," "," ","7",0," "," ","7",0," "," ","7",0," "," ","7",0," "," ","7",0," "," ","7",0," "," ","7",0," "," ","7",NA," "," "," "
"2011","USC00392565",2019,7,"TMAX",261," "," ","7",228," "," ","7",283," "," ","7",261," "," ","7",228," "," ","7",NA," "," "," ",NA," "," "," ",NA," "," "," ",NA," "," "," ",NA," "," "," ",NA," "," "," ",NA," "," "," ",NA," "," "," ",NA," "," "," ",NA," "," "," ",NA," "," "," ",NA," "," "," ",NA," "," "," ",NA," "," "," ",NA," "," "," ",NA," "," "," ",NA," "," "," ",NA," "," "," ",289," "," ","7",322," "," ","7",294," "," ","7",306," "," ","7",272," "," ","7",283," "," ","7",272," "," ","7",306," "," ","7"
"2012","USC00392565",2019,7,"TMIN",156," "," ","7",117," "," ","7",NA," "," "," ",NA," "," "," ",117," "," ","7",NA," "," "," ",NA," "," "," ",NA," "," "," ",NA," "," "," ",NA," "," "," ",NA," "," "," ",NA," "," "," ",NA," "," "," ",NA," "," "," ",NA," "," "," ",NA," "," "," ",NA," "," "," ",NA," "," "," ",NA," "," "," ",NA," "," "," ",NA," "," "," ",NA," "," "," ",NA," "," "," ",NA," "," "," ",144," "," ","7",172," "," ","7",183," "," ","7",133," "," ","7",111," "," ","7",144," "," ","7",150," "," ","7"
"2013","USC00392565",2019,7,"PRCP",188," "," ","7",0," "," ","7",43," "," ","7",953," "," ","7",155," "," ","7",117," "," ","7",0," "," ","7",0," "," ","7",38," "," ","7",15," "," ","7",0," "," ","7",0," "," ","7",51," "," ","7",36," "," ","7",0," "," ","7",71," "," ","7",119," "," ","7",15," "," ","7",0," "," ","7",0," "," ","7",0," "," ","7",18," "," ","7",0," "," ","7",0," "," ","7",0," "," ","7",0," "," ","7",0," "," ","7",0," "," ","7",0," "," ","7",0,"T"," ","7",0," "," ","7"
"2014","USC00392565",2019,7,"SNOW",0," "," ","7",0," "," ","7",0," "," ","7",0," "," ","7",0," "," ","7",0," "," ","7",0," "," ","7",0," "," ","7",0," "," ","7",0," "," ","7",0," "," ","7",0," "," ","7",0," "," ","7",0," "," ","7",0," "," ","7",0," "," ","7",0," "," ","7",0," "," ","7",0," "," ","7",0," "," ","7",0," "," ","7",0," "," ","7",0," "," ","7",0," "," ","7",0," "," ","7",0," "," ","7",0," "," ","7",0," "," ","7",0," "," ","7",0," "," ","7",0," "," ","7"
"2015","USC00392565",2019,7,"SNWD",0," "," ","7",0," "," ","7",0," "," ","7",0," "," ","7",0," "," ","7",0," "," ","7",0," "," ","7",0," "," ","7",0," "," ","7",0," "," ","7",0," "," ","7",0," "," ","7",0," "," ","7",0," "," ","7",0," "," ","7",0," "," ","7",0," "," ","7",0," "," ","7",0," "," ","7",0," "," ","7",0," "," ","7",0," "," ","7",0," "," ","7",0," "," ","7",0," "," ","7",0," "," ","7",0," "," ","7",0," "," ","7",0," "," ","7",0," "," ","7",0," "," ","7"
"2016","USC00392565",2019,8,"TMAX",322," "," ","7",244," "," ","7",272," "," ","7",311," "," ","7",244," "," ","7",294," "," ","7",322," "," ","7",294," "," ","7",289," "," ","7",294," "," ","7",311," "," ","7",250," "," ","7",250," "," ","7",256," "," ","7",244," "," ","7",244," "," ","7",250," "," ","7",267," "," ","7",256," "," ","7",322," "," ","7",294," "," ","7",250," "," ","7",272," "," ","7",261," "," ","7",272," "," ","7",289," "," ","7",200," "," ","7",200," "," ","7",283," "," ","7",261," "," ","7",211," "," ","7"
"2017","USC00392565",2019,8,"TMIN",161," "," ","7",139," "," ","7",150," "," ","7",167," "," ","7",150," "," ","7",133," "," ","7",150," "," ","7",139," "," ","7",144," "," ","7",156," "," ","7",156," "," ","7",128," "," ","7",122," "," ","7",100," "," ","7",111," "," ","7",117," "," ","7",133," "," ","7",122," "," ","7",122," "," ","7",189," "," ","7",161," "," ","7",139," "," ","7",156," "," ","7",128," "," ","7",139," "," ","7",111," "," ","7",56," "," ","7",67," "," ","7",106," "," ","7",122," "," ","7",94," "," ","7"
"2018","USC00392565",2019,8,"PRCP",41," "," ","7",10," "," ","7",0," "," ","7",0," "," ","7",41," "," ","7",0," "," ","7",0," "," ","7",20," "," ","7",249," "," ","7",0," "," ","7",130," "," ","7",84," "," ","7",0," "," ","7",0," "," ","7",48," "," ","7",5," "," ","7",0," "," ","7",15," "," ","7",0," "," ","7",0," "," ","7",0," "," ","7",0," "," ","7",0," "," ","7",0," "," ","7",0," "," ","7",66," "," ","7",0," "," ","7",0," "," ","7",0," "," ","7",0," "," ","7",46," "," ","7"
"2019","USC00392565",2019,8,"SNOW",0," "," ","7",0," "," ","7",0," "," ","7",0," "," ","7",0," "," ","7",0," "," ","7",0," "," ","7",0," "," ","7",0," "," ","7",0," "," ","7",0," "," ","7",0," "," ","7",0," "," ","7",0," "," ","7",0," "," ","7",0," "," ","7",0," "," ","7",0," "," ","7",0," "," ","7",0," "," ","7",0," "," ","7",0," "," ","7",0," "," ","7",0," "," ","7",0," "," ","7",0," "," ","7",0," "," ","7",0," "," ","7",0," "," ","7",0," "," ","7",0," "," ","7"
"2020","USC00392565",2019,8,"SNWD",0," "," ","7",0," "," ","7",0," "," ","7",0," "," ","7",0," "," ","7",0," "," ","7",0," "," ","7",0," "," ","7",0," "," ","7",0," "," ","7",0," "," ","7",0," "," ","7",0," "," ","7",0," "," ","7",0," "," ","7",0," "," ","7",0," "," ","7",0," "," ","7",0," "," ","7",0," "," ","7",0," "," ","7",0," "," ","7",0," "," ","7",0," "," ","7",0," "," ","7",0," "," ","7",0," "," ","7",0," "," ","7",0," "," ","7",0," "," ","7",0," "," ","7"
"2021","USC00392565",2019,9,"TMAX",278," "," ","7",294," "," ","7",339," "," ","7",267," "," ","7",322," "," ","7",311," "," ","7",261," "," ","7",228," "," ","7",183," "," ","7",250," "," ","7",211," "," ","7",161," "," ","7",139," "," ","7",233," "," ","7",267," "," ","7",322," "," ","7",317," "," ","7",278," "," ","7",228," "," ","7",294," "," ","7",256," "," ","7",150," "," ","7",183," "," ","7",256," "," ","7",233," "," ","7",167," "," ","7",278," "," ","7",111," "," ","7",106," "," ","7",228," "," ","7",NA," "," "," "
"2022","USC00392565",2019,9,"TMIN",133," "," ","7",144," "," ","7",128," "," ","7",144," "," ","7",133," "," ","7",150," "," ","7",122," "," ","7",61," "," ","7",78," "," ","7",94," "," ","7",100," "," ","7",83," "," ","7",28," "," ","7",50," "," ","7",78," "," ","7",106," "," ","7",111," "," ","7",44," "," ","7",56," "," ","7",133," "," ","7",89," "," ","7",39," "," ","7",50," "," ","7",61," "," ","7",67," "," ","7",28," "," ","7",61," "," ","7",61," "," ","7",56," "," ","7",67," "," ","7",NA," "," "," "
"2023","USC00392565",2019,9,"PRCP",0," "," ","7",0," "," ","7",0," "," ","7",0," "," ","7",0," "," ","7",0,"T"," ","7",104," "," ","7",0," "," ","7",15," "," ","7",0," "," ","7",0," "," ","7",13," "," ","7",36," "," ","7",0," "," ","7",0," "," ","7",0," "," ","7",0," "," ","7",53," "," ","7",0," "," ","7",0," "," ","7",51," "," ","7",0," "," ","7",0," "," ","7",0," "," ","7",0," "," ","7",0," "," ","7",0," "," ","7",56," "," ","7",152," "," ","7",43," "," ","7",NA," "," "," "
"2024","USC00392565",2019,9,"SNOW",0," "," ","7",0," "," ","7",0," "," ","7",0," "," ","7",0," "," ","7",0," "," ","7",0," "," ","7",0," "," ","7",0," "," ","7",0," "," ","7",0," "," ","7",0," "," ","7",0," "," ","7",0," "," ","7",0," "," ","7",0," "," ","7",0," "," ","7",0," "," ","7",0," "," ","7",0," "," ","7",0," "," ","7",0," "," ","7",0," "," ","7",0," "," ","7",0," "," ","7",0," "," ","7",0," "," ","7",0," "," ","7",0," "," ","7",0," "," ","7",NA," "," "," "
"2025","USC00392565",2019,9,"SNWD",0," "," ","7",0," "," ","7",0," "," ","7",0," "," ","7",0," "," ","7",0," "," ","7",0," "," ","7",0," "," ","7",0," "," ","7",0," "," ","7",0," "," ","7",0," "," ","7",0," "," ","7",0," "," ","7",0," "," ","7",0," "," ","7",0," "," ","7",0," "," ","7",0," "," ","7",0," "," ","7",0," "," ","7",0," "," ","7",0," "," ","7",0," "," ","7",0," "," ","7",0," "," ","7",0," "," ","7",0," "," ","7",0," "," ","7",0," "," ","7",NA," "," "," "
"2026","USC00392565",2019,10,"TMAX",106," "," ","7",44," "," ","7",61," "," ","7",150," "," ","7",183," "," ","7",117," "," ","7",133," "," ","7",194," "," ","7",239," "," ","7",50," "," ","7",-33," "," ","7",17," "," ","7",78," "," ","7",156," "," ","7",189," "," ","7",83," "," ","7",211," "," ","7",239," "," ","7",94," "," ","7",117," "," ","7",50," "," ","7",61," "," ","7",78," "," ","7",44," "," ","7",67," "," ","7",161," "," ","7",117," "," ","7",-50," "," ","7",-33," "," ","7",-78," "," ","7",-33," "," ","7"
"2027","USC00392565",2019,10,"TMIN",39," "," ","7",17," "," ","7",-39," "," ","7",-33," "," ","7",33," "," ","7",-6," "," ","7",-11," "," ","7",-11," "," ","7",11," "," ","7",-72," "," ","7",-89," "," ","7",-83," "," ","7",-50," "," ","7",-17," "," ","7",-11," "," ","7",-22," "," ","7",-6," "," ","7",33," "," ","7",-44," "," ","7",-33," "," ","7",-22," "," ","7",-39," "," ","7",-11," "," ","7",-44," "," ","7",-50," "," ","7",-44," "," ","7",-78," "," ","7",-150," "," ","7",-144," "," ","7",-183," "," ","7",-156," "," ","7"
"2028","USC00392565",2019,10,"PRCP",13," "," ","7",18," "," ","7",23," "," ","7",0," "," ","7",71," "," ","7",0," "," ","7",0," "," ","7",0," "," ","7",0," "," ","7",69," "," ","7",0," "," ","7",0," "," ","7",0," "," ","7",0," "," ","7",0," "," ","7",0," "," ","7",0," "," ","7",0," "," ","7",0," "," ","7",0," "," ","7",64," "," ","7",0," "," ","7",38," "," ","7",0," "," ","7",0," "," ","7",0," "," ","7",38," "," ","7",0," "," ","7",18," "," ","7",0," "," ","7",0," "," ","7"
"2029","USC00392565",2019,10,"SNOW",0," "," ","7",0," "," ","7",0," "," ","7",0," "," ","7",0," "," ","7",0," "," ","7",0," "," ","7",0," "," ","7",0," "," ","7",76," "," ","7",0," "," ","7",0," "," ","7",0," "," ","7",0," "," ","7",0," "," ","7",0," "," ","7",0," "," ","7",0," "," ","7",0," "," ","7",0," "," ","7",76," "," ","7",0," "," ","7",0," "," ","7",0," "," ","7",0," "," ","7",0," "," ","7",25," "," ","7",0," "," ","7",51," "," ","7",0," "," ","7",0," "," ","7"
"2030","USC00392565",2019,10,"SNWD",0," "," ","7",0," "," ","7",0," "," ","7",0," "," ","7",0," "," ","7",0," "," ","7",0," "," ","7",0," "," ","7",0," "," ","7",76," "," ","7",51," "," ","7",0,"T"," ","7",0," "," ","7",0," "," ","7",0," "," ","7",0," "," ","7",0," "," ","7",0," "," ","7",0," "," ","7",0," "," ","7",76," "," ","7",0,"T"," ","7",0," "," ","7",0," "," ","7",0," "," ","7",0," "," ","7",25," "," ","7",25," "," ","7",76," "," ","7",76," "," ","7",51," "," ","7"
"2031","USC00392565",2019,11,"TMAX",61," "," ","7",6," "," ","7",72," "," ","7",61," "," ","7",11," "," ","7",83," "," ","7",-17," "," ","7",61," "," ","7",144," "," ","7",178," "," ","7",33," "," ","7",-89," "," ","7",83," "," ","7",33," "," ","7",94," "," ","7",144," "," ","7",94," "," ","7",83," "," ","7",128," "," ","7",133," "," ","7",50," "," ","7",-17," "," ","7",44," "," ","7",106," "," ","7",89," "," ","7",28," "," ","7",-28," "," ","7",-28," "," ","7",-28," "," ","7",-17," "," ","7",NA," "," "," "
"2032","USC00392565",2019,11,"TMIN",-100," "," ","7",-94," "," ","7",-72," "," ","7",-28," "," ","7",-22," "," ","7",-39," "," ","7",-94," "," ","7",-83," "," ","7",-67," "," ","7",-33," "," ","7",-256," "," ","7",-256," "," ","7",-117," "," ","7",-33," "," ","7",-44," "," ","7",-39," "," ","7",-61," "," ","7",-67," "," ","7",-11," "," ","7",-11," "," ","7",-72," "," ","7",-106," "," ","7",-111," "," ","7",-39," "," ","7",-39," "," ","7",-44," "," ","7",-139," "," ","7",-128," "," ","7",-72," "," ","7",-61," "," ","7",NA," "," "," "
"2033","USC00392565",2019,11,"PRCP",0," "," ","7",0," "," ","7",0," "," ","7",0," "," ","7",0,"T"," ","7",0," "," ","7",28," "," ","7",0," "," ","7",0," "," ","7",0," "," ","7",114," "," ","7",0," "," ","7",0," "," ","7",0," "," ","7",0," "," ","7",0," "," ","7",0,"T"," ","7",0," "," ","7",0," "," ","7",0," "," ","7",8," "," ","7",0," "," ","7",0," "," ","7",0," "," ","7",0," "," ","7",18," "," ","7",0," "," ","7",0," "," ","7",0," "," ","7",64," "," ","7",NA," "," "," "
"2034","USC00392565",2019,11,"SNOW",0," "," ","7",0," "," ","7",0," "," ","7",0," "," ","7",0,"T"," ","7",0," "," ","7",13," "," ","7",0," "," ","7",0," "," ","7",0," "," ","7",208," "," ","7",0," "," ","7",0," "," ","7",0," "," ","7",0," "," ","7",0," "," ","7",0,"T"," ","7",0," "," ","7",0," "," ","7",0," "," ","7",18," "," ","7",0," "," ","7",0," "," ","7",0," "," ","7",0," "," ","7",25," "," ","7",0," "," ","7",0," "," ","7",0," "," ","7",81," "," ","7",NA," "," "," "
"2035","USC00392565",2019,11,"SNWD",0," "," ","7",0," "," ","7",0," "," ","7",0," "," ","7",0,"T"," ","7",0," "," ","7",0," "," ","7",0," "," ","7",0," "," ","7",0," "," ","7",203," "," ","7",152," "," ","7",102," "," ","7",25," "," ","7",0," "," ","7",0," "," ","7",0," "," ","7",0," "," ","7",0," "," ","7",0," "," ","7",25," "," ","7",25," "," ","7",0,"T"," ","7",0," "," ","7",0," "," ","7",25," "," ","7",25," "," ","7",0," "," ","7",0," "," ","7",76," "," ","7",NA," "," "," "
"2036","USC00392565",2020,1,"TMAX",33," "," ","7",61," "," ","7",39," "," ","7",-11," "," ","7",83," "," ","7",0," "," ","7",17," "," ","7",83," "," ","7",83," "," ","7",39," "," ","7",-94," "," ","7",-17," "," ","7",28," "," ","7",28," "," ","7",17," "," ","7",-17," "," ","7",28," "," ","7",72," "," ","7",-11," "," ","7",33," "," ","7",56," "," ","7",100," "," ","7",33," "," ","7",33," "," ","7",61," "," ","7",61," "," ","7",56," "," ","7",22," "," ","7",28," "," ","7",39," "," ","7",6," "," ","7"
"2037","USC00392565",2020,1,"TMIN",-128," "," ","7",-28," "," ","7",-50," "," ","7",-78," "," ","7",-67," "," ","7",-117," "," ","7",-117," "," ","7",-67," "," ","7",-56," "," ","7",-100," "," ","7",-206," "," ","7",-167," "," ","7",-122," "," ","7",-128," "," ","7",-161," "," ","7",-161," "," ","7",-94," "," ","7",-122," "," ","7",-133," "," ","7",-133," "," ","7",-111," "," ","7",-22," "," ","7",-50," "," ","7",-89," "," ","7",-44," "," ","7",-56," "," ","7",-100," "," ","7",-94," "," ","7",-94," "," ","7",-83," "," ","7",-133," "," ","7"
"2038","USC00392565",2020,1,"PRCP",0," "," ","7",0," "," ","7",8," "," ","7",5," "," ","7",0," "," ","7",0," "," ","7",0," "," ","7",0," "," ","7",0," "," ","7",20," "," ","7",5," "," ","7",0," "," ","7",0," "," ","7",0," "," ","7",0," "," ","7",0," "," ","7",0," "," ","7",0," "," ","7",0," "," ","7",0," "," ","7",0," "," ","7",0," "," ","7",5," "," ","7",0," "," ","7",0," "," ","7",0,"T"," ","7",0," "," ","7",38," "," ","7",0," "," ","7",0," "," ","7",10," "," ","7"
"2039","USC00392565",2020,1,"SNOW",0," "," ","7",0," "," ","7",10," "," ","7",0,"T"," ","7",0," "," ","7",0," "," ","7",0," "," ","7",0," "," ","7",0," "," ","7",23," "," ","7",8," "," ","7",0," "," ","7",0," "," ","7",0," "," ","7",0," "," ","7",0," "," ","7",0," "," ","7",0," "," ","7",0," "," ","7",0," "," ","7",0," "," ","7",0," "," ","7",0,"T"," ","7",0," "," ","7",0," "," ","7",0,"T"," ","7",0," "," ","7",51," "," ","7",0," "," ","7",0," "," ","7",25," "," ","7"
"2040","USC00392565",2020,1,"SNWD",25," "," ","7",0,"T"," ","7",0,"T"," ","7",0,"T"," ","7",0," "," ","7",0," "," ","7",0," "," ","7",0," "," ","7",0," "," ","7",25," "," ","7",25," "," ","7",25," "," ","7",0,"T"," ","7",0,"T"," ","7",0," "," ","7",0," "," ","7",0," "," ","7",0," "," ","7",0," "," ","7",0," "," ","7",0," "," ","7",0," "," ","7",0," "," ","7",0," "," ","7",0," "," ","7",0," "," ","7",0," "," ","7",51," "," ","7",25," "," ","7",0,"T"," ","7",25," "," ","7"
"2041","USC00392565",2020,2,"TMAX",50," "," ","7",83," "," ","7",94," "," ","7",-61," "," ","7",-72," "," ","7",-50," "," ","7",11," "," ","7",-11," "," ","7",50," "," ","7",-28," "," ","7",-17," "," ","7",-6," "," ","7",-6," "," ","7",-44," "," ","7",67," "," ","7",17," "," ","7",39," "," ","7",6," "," ","7",-11," "," ","7",-33," "," ","7",11," "," ","7",83," "," ","7",78," "," ","7",78," "," ","7",17," "," ","7",-22," "," ","7",-6," "," ","7",28," "," ","7",83," "," ","7",NA," "," "," ",NA," "," "," "
"2042","USC00392565",2020,2,"TMIN",-133," "," ","7",-11," "," ","7",-78," "," ","7",-106," "," ","7",-206," "," ","7",-206," "," ","7",-111," "," ","7",-144," "," ","7",-83," "," ","7",-122," "," ","7",-144," "," ","7",-156," "," ","7",-183," "," ","7",-172," "," ","7",-106," "," ","7",-111," "," ","7",-89," "," ","7",-111," "," ","7",-139," "," ","7",-161," "," ","7",-161," "," ","7",-117," "," ","7",-83," "," ","7",-72," "," ","7",-67," "," ","7",-167," "," ","7",-161," "," ","7",-78," "," ","7",-78," "," ","7",NA," "," "," ",NA," "," "," "
"2043","USC00392565",2020,2,"PRCP",0," "," ","7",0," "," ","7",0," "," ","7",25," "," ","7",0,"T"," ","7",0," "," ","7",43," "," ","7",0," "," ","7",0," "," ","7",0," "," ","7",0," "," ","7",0," "," ","7",0," "," ","7",0," "," ","7",0," "," ","7",0," "," ","7",5," "," ","7",0," "," ","7",5," "," ","7",0," "," ","7",0," "," ","7",0," "," ","7",0," "," ","7",0," "," ","7",13," "," ","7",0," "," ","7",3," "," ","7",0," "," ","7",0," "," ","7",NA," "," "," ",NA," "," "," "
"2044","USC00392565",2020,2,"SNOW",0," "," ","7",0," "," ","7",0," "," ","7",25," "," ","7",0,"T"," ","7",0," "," ","7",74," "," ","7",0," "," ","7",0," "," ","7",0," "," ","7",0," "," ","7",0," "," ","7",0," "," ","7",0," "," ","7",0," "," ","7",0," "," ","7",10," "," ","7",0," "," ","7",8," "," ","7",0," "," ","7",0," "," ","7",0," "," ","7",0," "," ","7",0," "," ","7",8," "," ","7",0," "," ","7",18," "," ","7",0," "," ","7",0," "," ","7",NA," "," "," ",NA," "," "," "
"2045","USC00392565",2020,2,"SNWD",0,"T"," ","7",0," "," ","7",0," "," ","7",25," "," ","7",25," "," ","7",25," "," ","7",102," "," ","7",102," "," ","7",76," "," ","7",76," "," ","7",76," "," ","7",51," "," ","7",25," "," ","7",25," "," ","7",0,"T"," ","7",0," "," ","7",0,"T"," ","7",0," "," ","7",0,"T"," ","7",0,"T"," ","7",0,"T"," ","7",0," "," ","7",0," "," ","7",0," "," ","7",0,"T"," ","7",0,"T"," ","7",25," "," ","7",0,"T"," ","7",0," "," ","7",NA," "," "," ",NA," "," "," "
"2046","USC00392565",2020,3,"TMAX",122," "," ","7",6," "," ","7",44," "," ","7",56," "," ","7",128," "," ","7",72," "," ","7",161," "," ","7",194," "," ","7",94," "," ","7",111," "," ","7",78," "," ","7",161," "," ","7",28," "," ","7",-6," "," ","7",-22," "," ","7",72," "," ","7",-22," "," ","7",111," "," ","7",78," "," ","7",39," "," ","7",-44," "," ","7",117," "," ","7",94," "," ","7",133," "," ","7",144," "," ","7",67," "," ","7",89," "," ","7",39," "," ","7",89," "," ","7",117," "," ","7",150," "," ","7"
"2047","USC00392565",2020,3,"TMIN",-50," "," ","7",-111," "," ","7",-111," "," ","7",-67," "," ","7",-50," "," ","7",-39," "," ","7",-33," "," ","7",-6," "," ","7",-94," "," ","7",-67," "," ","7",-61," "," ","7",-50," "," ","7",-89," "," ","7",-67," "," ","7",-44," "," ","7",-50," "," ","7",-67," "," ","7",-39," "," ","7",-39," "," ","7",-106," "," ","7",-111," "," ","7",-83," "," ","7",-50," "," ","7",-44," "," ","7",-44," "," ","7",-72," "," ","7",-44," "," ","7",-17," "," ","7",-94," "," ","7",-61," "," ","7",-83," "," ","7"
"2048","USC00392565",2020,3,"PRCP",0," "," ","7",0," "," ","7",0," "," ","7",5," "," ","7",0," "," ","7",0," "," ","7",0," "," ","7",0," "," ","7",0," "," ","7",0,"T"," ","7",0," "," ","7",0," "," ","7",0," "," ","7",66," "," ","7",0," "," ","7",13," "," ","7",0," "," ","7",0," "," ","7",0," "," ","7",0,"T"," ","7",0," "," ","7",0," "," ","7",0,"T"," ","7",0," "," ","7",36," "," ","7",30," "," ","7",8," "," ","7",5," "," ","7",0," "," ","7",0," "," ","7",0," "," ","7"
"2049","USC00392565",2020,3,"SNOW",0," "," ","7",0," "," ","7",0," "," ","7",0," "," ","7",0," "," ","7",0," "," ","7",0," "," ","7",0," "," ","7",0," "," ","7",0," "," ","7",0," "," ","7",0," "," ","7",0," "," ","7",102," "," ","7",0," "," ","7",0,"T"," ","7",0," "," ","7",0," "," ","7",0," "," ","7",0,"T"," ","7",0," "," ","7",0," "," ","7",0," "," ","7",0," "," ","7",0," "," ","7",0,"T"," ","7",0," "," ","7",0," "," ","7",0," "," ","7",0," "," ","7",0," "," ","7"
"2050","USC00392565",2020,3,"SNWD",0," "," ","7",0," "," ","7",0," "," ","7",0," "," ","7",0," "," ","7",0," "," ","7",0," "," ","7",0," "," ","7",0," "," ","7",0," "," ","7",0," "," ","7",0," "," ","7",0," "," ","7",102," "," ","7",76," "," ","7",25," "," ","7",0," "," ","7",0," "," ","7",0," "," ","7",0,"T"," ","7",0," "," ","7",0," "," ","7",0," "," ","7",0," "," ","7",0," "," ","7",0," "," ","7",0," "," ","7",0," "," ","7",0," "," ","7",0," "," ","7",0," "," ","7"
