"","id","year","month","element","VALUE1","MFLAG1","QFLAG1","SFLAG1","VALUE2","MFLAG2","QFLAG2","SFLAG2","VALUE3","MFLAG3","QFLAG3","SFLAG3","VALUE4","MFLAG4","QFLAG4","SFLAG4","VALUE5","MFLAG5","QFLAG5","SFLAG5","VALUE6","MFLAG6","QFLAG6","SFLAG6","VALUE7","MFLAG7","QFLAG7","SFLAG7","VALUE8","MFLAG8","QFLAG8","SFLAG8","VALUE9","MFLAG9","QFLAG9","SFLAG9","VALUE10","MFLAG10","QFLAG10","SFLAG10","VALUE11","MFLAG11","QFLAG11","SFLAG11","VALUE12","MFLAG12","QFLAG12","SFLAG12","VALUE13","MFLAG13","QFLAG13","SFLAG13","VALUE14","MFLAG14","QFLAG14","SFLAG14","VALUE15","MFLAG15","QFLAG15","SFLAG15","VALUE16","MFLAG16","QFLAG16","SFLAG16","VALUE17","MFLAG17","QFLAG17","SFLAG17","VALUE18","MFLAG18","QFLAG18","SFLAG18","VALUE19","MFLAG19","QFLAG19","SFLAG19","VALUE20","MFLAG20","QFLAG20","SFLAG20","VALUE21","MFLAG21","QFLAG21","SFLAG21","VALUE22","MFLAG22","QFLAG22","SFLAG22","VALUE23","MFLAG23","QFLAG23","SFLAG23","VALUE24","MFLAG24","QFLAG24","SFLAG24","VALUE25","MFLAG25","QFLAG25","SFLAG25","VALUE26","MFLAG26","QFLAG26","SFLAG26","VALUE27","MFLAG27","QFLAG27","SFLAG27","VALUE28","MFLAG28","QFLAG28","SFLAG28","VALUE29","MFLAG29","QFLAG29","SFLAG29","VALUE30","MFLAG30","QFLAG30","SFLAG30","VALUE31","MFLAG31","QFLAG31","SFLAG31"
"1","USR0000IFEN",1996,6,"TMAX",NA," "," "," ",NA," "," "," ",NA," "," "," ",NA," "," "," ",244,"H"," ","U",311,"H"," ","U",367,"H"," ","U",306,"H"," ","U",256,"H"," ","U",272,"H"," ","U",244,"H"," ","U",289,"H"," ","U",328,"H"," ","U",306,"H"," ","U",317,"H"," ","U",306,"H"," ","U",206,"H"," ","U",183,"H"," ","U",233,"H"," ","U",250,"H"," ","U",244,"H"," ","U",239,"H"," ","U",233,"H"," ","U",194,"H"," ","U",222,"H"," ","U",272,"H"," ","U",261,"H"," ","U",250,"H"," ","U",300,"H"," ","U",328,"H"," ","U",NA," "," "," "
"2","USR0000IFEN",1996,6,"TMIN",NA," "," "," ",NA," "," "," ",NA," "," "," ",NA," "," "," ",67,"H"," ","U",50,"H"," ","U",72,"H"," ","U",117,"H"," ","U",89,"H"," ","U",67,"H"," ","U",72,"H"," ","U",50,"H"," ","U",56,"H"," ","U",106,"H"," ","U",106,"H"," ","U",117,"H"," ","U",83,"H"," ","U",39,"H"," ","U",22,"H"," ","U",39,"H"," ","U",56,"H"," ","U",94,"H"," ","U",72,"H"," ","U",106,"H"," ","U",100,"H"," ","U",94,"H"," ","U",122,"H"," ","U",106,"H"," ","U",78,"H"," ","U",89,"H"," ","U",NA," "," "," "
"3","USR0000IFEN",1996,6,"TAVG",NA," "," "," ",NA," "," "," ",NA," "," "," ",NA," "," "," ",176," "," ","U",173," "," ","U",215," "," ","U",214," "," ","U",171," "," ","U",166," "," ","U",167," "," ","U",163," "," ","U",192," "," ","U",204," "," ","U",193," "," ","U",206," "," ","U",137," "," ","U",106," "," ","U",122," "," ","U",141," "," ","U",141," "," ","U",166," "," ","U",147," "," ","U",143," "," ","U",161," "," ","U",168," "," ","U",185," "," ","U",172," "," ","U",196," "," ","U",203," "," ","U",NA," "," "," "
"4","USR0000IFEN",1996,7,"TMAX",350,"H"," ","U",356,"H"," ","U",372,"H"," ","U",294,"H"," ","U",256,"H"," ","U",300,"H"," ","U",328,"H"," ","U",356,"H"," ","U",356,"H"," ","U",311,"H"," ","U",333,"H"," ","U",344,"H"," ","U",367,"H"," ","U",367,"H"," ","U",378,"H"," ","U",339,"H"," ","U",356,"H"," ","U",256,"H"," ","U",267,"H"," ","U",272,"H"," ","U",317,"H"," ","U",339,"H"," ","U",378,"H"," ","U",378,"H"," ","U",383,"H"," ","U",389,"H"," ","U",400,"H"," ","U",406,"H"," ","U",261,"H"," ","U",322,"H"," ","U",367,"H"," ","U"
"5","USR0000IFEN",1996,7,"TMIN",117,"H"," ","U",128,"H"," ","U",144,"H"," ","U",122,"H"," ","U",83,"H"," ","U",56,"H"," ","U",56,"H"," ","U",89,"H"," ","U",106,"H"," ","U",100,"H"," ","U",94,"H"," ","U",94,"H"," ","U",100,"H"," ","U",106,"H"," ","U",128,"H"," ","U",133,"H"," ","U",111,"H"," ","U",111,"H"," ","U",78,"H"," ","U",78,"H"," ","U",78,"H"," ","U",94,"H"," ","U",100,"H"," ","U",106,"H"," ","U",111,"H"," ","U",122,"H"," ","U",111,"H"," ","U",133,"H"," ","U",167,"H"," ","U",133,"H"," ","U",133,"H"," ","U"
"6","USR0000IFEN",1996,7,"TAVG",224," "," ","U",236," "," ","U",243," "," ","U",214," "," ","U",182," "," ","U",171," "," ","U",188," "," ","U",213," "," ","U",226," "," ","U",202," "," ","U",206," "," ","U",218," "," ","U",244," "," ","U",226," "," ","U",234," "," ","U",228," "," ","U",221," "," ","U",179," "," ","U",173," "," ","U",160," "," ","U",193," "," ","U",208," "," ","U",223," "," ","U",225," "," ","U",234," "," ","U",236," "," ","U",238," "," ","U",259," "," ","U",208," "," ","U",226," "," ","U",242," "," ","U"
"7","USR0000IFEN",1996,8,"TMAX",361,"H"," ","U",261,"H"," ","U",233,"H"," ","U",211,"H"," ","U",222,"H"," ","U",283,"H"," ","U",350,"H"," ","U",383,"H"," ","U",378,"H"," ","U",383,"H"," ","U",311,"H"," ","U",344,"H"," ","U",261,"H"," ","U",306,"H"," ","U",361,"H"," ","U",356,"H"," ","U",289,"H"," ","U",272,"H"," ","U",317,"H"," ","U",267,"H"," ","U",294,"H"," ","U",333,"H"," ","U",356,"H"," ","U",361,"H"," ","U",367,"H"," ","U",283,"H"," ","U",272,"H"," ","U",306,"H"," ","U",339,"H"," ","U",356,"H"," ","U",278,"H"," ","U"
"8","USR0000IFEN",1996,8,"TMIN",122,"H"," ","U",117,"H"," ","U",106,"H"," ","U",83,"H"," ","U",78,"H"," ","U",78,"H"," ","U",72,"H"," ","U",94,"H"," ","U",111,"H"," ","U",100,"H"," ","U",128,"H"," ","U",106,"H"," ","U",100,"H"," ","U",122,"H"," ","U",128,"H"," ","U",122,"H"," ","U",111,"H"," ","U",83,"H"," ","U",61,"H"," ","U",83,"H"," ","U",89,"H"," ","U",61,"H"," ","U",67,"H"," ","U",83,"H"," ","U",78,"H"," ","U",83,"H"," ","U",111,"H"," ","U",144,"H"," ","U",117,"H"," ","U",106,"H"," ","U",117,"H"," ","U"
"9","USR0000IFEN",1996,8,"TAVG",221," "," ","U",184," "," ","U",157," "," ","U",138," "," ","U",146," "," ","U",171," "," ","U",194," "," ","U",218," "," ","U",223," "," ","U",229," "," ","U",205," "," ","U",210," "," ","U",170," "," ","U",202," "," ","U",227," "," ","U",219," "," ","U",192," "," ","U",162," "," ","U",173," "," ","U",182," "," ","U",183," "," ","U",178," "," ","U",192," "," ","U",196," "," ","U",200," "," ","U",174," "," ","U",177," "," ","U",193," "," ","U",203," "," ","U",219," "," ","U",183," "," ","U"
"10","USR0000IFEN",1996,9,"TMAX",261,"H"," ","U",267,"H"," ","U",311,"H"," ","U",150,"H"," ","U",156,"H"," ","U",244,"H"," ","U",228,"H"," ","U",294,"H"," ","U",311,"H"," ","U",322,"H"," ","U",283,"H"," ","U",339,"H"," ","U",261,"H"," ","U",206,"H"," ","U",139,"H"," ","U",144,"H"," ","U",156,"H"," ","U",139,"H"," ","U",111,"H"," ","U",167,"H"," ","U",200,"H"," ","U",122,"H"," ","U",178,"H"," ","U",156,"H"," ","U",194,"H"," ","U",194,"H"," ","U",228,"H"," ","U",261,"H"," ","U",272,"H"," ","U",256,"H"," ","U",NA," "," "," "
"11","USR0000IFEN",1996,9,"TMIN",78,"H"," ","U",56,"H"," ","U",94,"H"," ","U",117,"H"," ","U",72,"H"," ","U",50,"H"," ","U",83,"H"," ","U",72,"H"," ","U",67,"H"," ","U",83,"H"," ","U",89,"H"," ","U",117,"H"," ","U",128,"H"," ","U",100,"H"," ","U",94,"H"," ","U",78,"H"," ","U",78,"H"," ","U",72,"H"," ","U",72,"H"," ","U",72,"H"," ","U",67,"H"," ","U",39,"H"," ","U",11,"H"," ","U",44,"H"," ","U",28,"H"," ","U",22,"H"," ","U",28,"H"," ","U",61,"H"," ","U",61,"H"," ","U",50,"H"," ","U",NA," "," "," "
"12","USR0000IFEN",1996,9,"TAVG",162," "," ","U",162," "," ","U",186," "," ","U",126," "," ","U",104," "," ","U",130," "," ","U",134," "," ","U",156," "," ","U",166," "," ","U",182," "," ","U",154," "," ","U",193," "," ","U",174," "," ","U",145," "," ","U",121," "," ","U",104," "," ","U",107," "," ","U",102," "," ","U",93," "," ","U",117," "," ","U",119," "," ","U",72," "," ","U",84," "," ","U",82," "," ","U",84," "," ","U",82," "," ","U",110," "," ","U",130," "," ","U",133," "," ","U",124," "," ","U",NA," "," "," "
"13","USR0000IFEN",1996,10,"TMAX",233,"H"," ","U",211,"H"," ","U",244,"H"," ","U",239,"H"," ","U",233,"H"," ","U",228,"H"," ","U",250,"H"," ","U",261,"H"," ","U",256,"H"," ","U",261,"H"," ","U",250,"H"," ","U",183,"H"," ","U",183,"H"," ","U",161,"H"," ","U",122,"H"," ","U",111,"H"," ","U",117,"H"," ","U",94,"H"," ","U",67,"H"," ","U",78,"H"," ","U",89,"H"," ","U",61,"H"," ","U",100,"H"," ","U",111,"H"," ","U",72,"H"," ","U",111,"H"," ","U",156,"H"," ","U",133,"H"," ","U",94,"H"," ","U",NA," "," "," ",NA," "," "," "
"14","USR0000IFEN",1996,10,"TMIN",33,"H"," ","U",17,"H"," ","U",39,"H"," ","U",44,"H"," ","U",89,"H"," ","U",56,"H"," ","U",50,"H"," ","U",50,"H"," ","U",50,"H"," ","U",56,"H"," ","U",61,"H"," ","U",44,"H"," ","U",67,"H"," ","U",61,"H"," ","U",50,"H"," ","U",11,"H"," ","U",-6,"H"," ","U",50,"H"," ","U",22,"H"," ","U",0,"H"," ","U",-11,"H"," ","U",28,"H"," ","U",39,"H"," ","U",39,"H"," ","U",28,"H"," ","U",22,"H"," ","U",11,"H"," ","U",11,"H"," ","U",50,"H"," ","U",NA," "," "," ",NA," "," "," "
"15","USR0000IFEN",1996,10,"TAVG",109," "," ","U",99," "," ","U",118," "," ","U",124," "," ","U",146," "," ","U",117," "," ","U",117," "," ","U",121," "," ","U",121," "," ","U",132," "," ","U",123," "," ","U",106," "," ","U",117," "," ","U",94," "," ","U",81," "," ","U",52," "," ","U",55," "," ","U",66," "," ","U",44," "," ","U",29," "," ","U",36," "," ","U",46," "," ","U",62," "," ","U",62," "," ","U",46," "," ","U",51," "," ","U",60," "," ","U",63," "," ","U",64," "," ","U",NA," "," "," ",NA," "," "," "
"16","USR0000IFEN",1997,5,"TMAX",NA," "," "," ",NA," "," "," ",NA," "," "," ",NA," "," "," ",NA," "," "," ",NA," "," "," ",NA," "," "," ",NA," "," "," ",NA," "," "," ",NA," "," "," ",NA," "," "," ",NA," "," "," ",NA," "," "," ",NA," "," "," ",NA," "," "," ",NA," "," "," ",NA," "," "," ",NA," "," "," ",294,"H"," ","U",261,"H"," ","U",256,"H"," ","U",267,"H"," ","U",194,"H"," ","U",117,"H"," ","U",133,"H"," ","U",189,"H"," ","U",256,"H"," ","U",267,"H"," ","U",244,"H"," ","U",261,"H"," ","U",300,"H"," ","U"
"17","USR0000IFEN",1997,5,"TMIN",NA," "," "," ",NA," "," "," ",NA," "," "," ",NA," "," "," ",NA," "," "," ",NA," "," "," ",NA," "," "," ",NA," "," "," ",NA," "," "," ",NA," "," "," ",NA," "," "," ",NA," "," "," ",NA," "," "," ",NA," "," "," ",NA," "," "," ",NA," "," "," ",NA," "," "," ",NA," "," "," ",39,"H"," ","U",50,"H"," ","U",28,"H"," ","U",50,"H"," ","U",89,"H"," ","U",89,"H"," ","U",83,"H"," ","U",83,"H"," ","U",72,"H"," ","U",94,"H"," ","U",122,"H"," ","U",100,"H"," ","U",111,"H"," ","U"
"18","USR0000IFEN",1997,5,"TAVG",NA," "," "," ",NA," "," "," ",NA," "," "," ",NA," "," "," ",NA," "," "," ",NA," "," "," ",NA," "," "," ",NA," "," "," ",NA," "," "," ",NA," "," "," ",NA," "," "," ",NA," "," "," ",NA," "," "," ",NA," "," "," ",NA," "," "," ",NA," "," "," ",NA," "," "," ",NA," "," "," ",177," "," ","U",146," "," ","U",139," "," ","U",151," "," ","U",142," "," ","U",106," "," ","U",107," "," ","U",128," "," ","U",155," "," ","U",162," "," ","U",171," "," ","U",173," "," ","U",176," "," ","U"
"19","USR0000IFEN",1997,6,"TMAX",239,"H"," ","U",256,"H"," ","U",211,"H"," ","U",167,"H"," ","U",172,"H"," ","U",206,"H"," ","U",267,"H"," ","U",256,"H"," ","U",294,"H"," ","U",244,"H"," ","U",228,"H"," ","U",150,"H"," ","U",178,"H"," ","U",283,"H"," ","U",306,"H"," ","U",278,"H"," ","U",261,"H"," ","U",244,"H"," ","U",233,"H"," ","U",233,"H"," ","U",261,"H"," ","U",228,"H"," ","U",200,"H"," ","U",228,"H"," ","U",311,"H"," ","U",272,"H"," ","U",278,"H"," ","U",294,"H"," ","U",239,"H"," ","U",200,"H"," ","U",NA," "," "," "
"20","USR0000IFEN",1997,6,"TMIN",117,"H"," ","U",83,"H"," ","U",83,"H"," ","U",111,"H"," ","U",106,"H"," ","U",89,"H"," ","U",78,"H"," ","U",94,"H"," ","U",78,"H"," ","U",106,"H"," ","U",128,"H"," ","U",117,"H"," ","U",106,"H"," ","U",128,"H"," ","U",122,"H"," ","U",117,"H"," ","U",106,"H"," ","U",111,"H"," ","U",89,"H"," ","U",78,"H"," ","U",56,"H"," ","U",72,"H"," ","U",67,"H"," ","U",94,"H"," ","U",72,"H"," ","U",89,"H"," ","U",78,"H"," ","U",72,"H"," ","U",111,"H"," ","U",100,"H"," ","U",NA," "," "," "
"21","USR0000IFEN",1997,6,"TAVG",170," "," ","U",161," "," ","U",147," "," ","U",139," "," ","U",138," "," ","U",139," "," ","U",162," "," ","U",172," "," ","U",184," "," ","U",168," "," ","U",161," "," ","U",133," "," ","U",139," "," ","U",193," "," ","U",206," "," ","U",178," "," ","U",174," "," ","U",177," "," ","U",164," "," ","U",159," "," ","U",164," "," ","U",152," "," ","U",134," "," ","U",142," "," ","U",210," "," ","U",187," "," ","U",180," "," ","U",182," "," ","U",165," "," ","U",143," "," ","U",NA," "," "," "
"22","USR0000IFEN",1997,7,"TMAX",194,"H"," ","U",256,"H"," ","U",306,"H"," ","U",333,"H"," ","U",361,"H"," ","U",272,"H"," ","U",294,"H"," ","U",322,"H"," ","U",183,"H"," ","U",211,"H"," ","U",244,"H"," ","U",261,"H"," ","U",306,"H"," ","U",311,"H"," ","U",328,"H"," ","U",322,"H"," ","U",272,"H"," ","U",261,"H"," ","U",250,"H"," ","U",322,"H"," ","U",339,"H"," ","U",289,"H"," ","U",306,"H"," ","U",311,"H"," ","U",283,"H"," ","U",306,"H"," ","U",300,"H"," ","U",333,"H"," ","U",267,"H"," ","U",322,"H"," ","U",356,"H"," ","U"
"23","USR0000IFEN",1997,7,"TMIN",106,"H"," ","U",100,"H"," ","U",78,"H"," ","U",78,"H"," ","U",100,"H"," ","U",122,"H"," ","U",100,"H"," ","U",106,"H"," ","U",144,"H"," ","U",106,"H"," ","U",72,"H"," ","U",78,"H"," ","U",89,"H"," ","U",117,"H"," ","U",117,"H"," ","U",128,"H"," ","U",156,"H"," ","U",144,"H"," ","U",144,"H"," ","U",144,"H"," ","U",133,"H"," ","U",150,"H"," ","U",122,"H"," ","U",117,"H"," ","U",111,"H"," ","U",94,"H"," ","U",100,"H"," ","U",117,"H"," ","U",172,"H"," ","U",156,"H"," ","U",139,"H"," ","U"
"24","USR0000IFEN",1997,7,"TAVG",132," "," ","U",168," "," ","U",177," "," ","U",193," "," ","U",213," "," ","U",189," "," ","U",192," "," ","U",220," "," ","U",162," "," ","U",151," "," ","U",163," "," ","U",168," "," ","U",188," "," ","U",212," "," ","U",213," "," ","U",216," "," ","U",192," "," ","U",190," "," ","U",182," "," ","U",220," "," ","U",209," "," ","U",207," "," ","U",218," "," ","U",204," "," ","U",194," "," ","U",192," "," ","U",194," "," ","U",223," "," ","U",209," "," ","U",222," "," ","U",218," "," ","U"
"25","USR0000IFEN",1997,8,"TMAX",317,"H"," ","U",339,"H"," ","U",367,"H"," ","U",322,"H"," ","U",333,"H"," ","U",372,"H"," ","U",333,"H"," ","U",272,"H"," ","U",294,"H"," ","U",289,"H"," ","U",311,"H"," ","U",328,"H"," ","U",322,"H"," ","U",350,"H"," ","U",294,"H"," ","U",306,"H"," ","U",311,"H"," ","U",311,"H"," ","U",344,"H"," ","U",317,"H"," ","U",344,"H"," ","U",361,"H"," ","U",333,"H"," ","U",256,"H"," ","U",311,"H"," ","U",350,"H"," ","U",283,"H"," ","U",256,"H"," ","U",294,"H"," ","U",317,"H"," ","U",261,"H"," ","U"
"26","USR0000IFEN",1997,8,"TMIN",133,"H"," ","U",139,"H"," ","U",133,"H"," ","U",139,"H"," ","U",172,"H"," ","U",144,"H"," ","U",156,"H"," ","U",122,"H"," ","U",78,"H"," ","U",100,"H"," ","U",122,"H"," ","U",128,"H"," ","U",139,"H"," ","U",161,"H"," ","U",128,"H"," ","U",106,"H"," ","U",106,"H"," ","U",133,"H"," ","U",106,"H"," ","U",117,"H"," ","U",128,"H"," ","U",106,"H"," ","U",111,"H"," ","U",139,"H"," ","U",122,"H"," ","U",111,"H"," ","U",111,"H"," ","U",122,"H"," ","U",94,"H"," ","U",89,"H"," ","U",117,"H"," ","U"
"27","USR0000IFEN",1997,8,"TAVG",212," "," ","U",232," "," ","U",234," "," ","U",223," "," ","U",234," "," ","U",243," "," ","U",241," "," ","U",194," "," ","U",180," "," ","U",197," "," ","U",212," "," ","U",212," "," ","U",223," "," ","U",231," "," ","U",197," "," ","U",194," "," ","U",200," "," ","U",227," "," ","U",206," "," ","U",195," "," ","U",214," "," ","U",208," "," ","U",218," "," ","U",187," "," ","U",197," "," ","U",206," "," ","U",198," "," ","U",179," "," ","U",176," "," ","U",187," "," ","U",182," "," ","U"
"28","USR0000IFEN",1997,9,"TMAX",311,"H"," ","U",289,"H"," ","U",228,"H"," ","U",283,"H"," ","U",289,"H"," ","U",250,"H"," ","U",300,"H"," ","U",300,"H"," ","U",300,"H"," ","U",278,"H"," ","U",189,"H"," ","U",211,"H"," ","U",250,"H"," ","U",278,"H"," ","U",194,"H"," ","U",183,"H"," ","U",161,"H"," ","U",183,"H"," ","U",200,"H"," ","U",244,"H"," ","U",250,"H"," ","U",267,"H"," ","U",278,"H"," ","U",278,"H"," ","U",267,"H"," ","U",206,"H"," ","U",161,"H"," ","U",222,"H"," ","U",250,"H"," ","U",222,"H"," ","U",NA," "," "," "
"29","USR0000IFEN",1997,9,"TMIN",133,"H"," ","U",111,"H"," ","U",150,"H"," ","U",122,"H"," ","U",133,"H"," ","U",117,"H"," ","U",111,"H"," ","U",100,"H"," ","U",106,"H"," ","U",117,"H"," ","U",139,"H"," ","U",106,"H"," ","U",89,"H"," ","U",117,"H"," ","U",89,"H"," ","U",83,"H"," ","U",83,"H"," ","U",67,"H"," ","U",72,"H"," ","U",78,"H"," ","U",89,"H"," ","U",89,"H"," ","U",94,"H"," ","U",83,"H"," ","U",83,"H"," ","U",106,"H"," ","U",83,"H"," ","U",56,"H"," ","U",78,"H"," ","U",78,"H"," ","U",NA," "," "," "
"30","USR0000IFEN",1997,9,"TAVG",200," "," ","U",193," "," ","U",182," "," ","U",189," "," ","U",196," "," ","U",172," "," ","U",178," "," ","U",175," "," ","U",181," "," ","U",171," "," ","U",156," "," ","U",152," "," ","U",156," "," ","U",169," "," ","U",131," "," ","U",121," "," ","U",116," "," ","U",114," "," ","U",111," "," ","U",137," "," ","U",142," "," ","U",149," "," ","U",156," "," ","U",153," "," ","U",162," "," ","U",140," "," ","U",114," "," ","U",122," "," ","U",140," "," ","U",138," "," ","U",NA," "," "," "
"31","USR0000IFEN",1997,10,"TMAX",222,"H"," ","U",194,"H"," ","U",178,"H"," ","U",194,"H"," ","U",111,"H"," ","U",144,"H"," ","U",122,"H"," ","U",183,"H"," ","U",139,"H"," ","U",139,"H"," ","U",83,"H"," ","U",117,"H"," ","U",183,"H"," ","U",178,"H"," ","U",194,"H"," ","U",206,"H"," ","U",200,"H"," ","U",189,"H"," ","U",189,"H"," ","U",172,"H"," ","U",150,"H"," ","U",128,"H"," ","U",100,"H"," ","U",39,"H"," ","U",NA," "," "," ",NA," "," "," ",NA," "," "," ",NA," "," "," ",NA," "," "," ",NA," "," "," ",NA," "," "," "
"32","USR0000IFEN",1997,10,"TMIN",100,"H"," ","U",100,"H"," ","U",94,"H"," ","U",89,"H"," ","U",78,"H"," ","U",39,"H"," ","U",44,"H"," ","U",11,"H"," ","U",33,"H"," ","U",28,"H"," ","U",39,"H"," ","U",33,"H"," ","U",44,"H"," ","U",50,"H"," ","U",44,"H"," ","U",28,"H"," ","U",50,"H"," ","U",56,"H"," ","U",39,"H"," ","U",33,"H"," ","U",28,"H"," ","U",28,"H"," ","U",33,"H"," ","U",39,"H"," ","U",NA," "," "," ",NA," "," "," ",NA," "," "," ",NA," "," "," ",NA," "," "," ",NA," "," "," ",NA," "," "," "
"33","USR0000IFEN",1997,10,"TAVG",151," "," ","U",134," "," ","U",121," "," ","U",116," "," ","U",93," "," ","U",86," "," ","U",79," "," ","U",82," "," ","U",88," "," ","U",74," "," ","U",61," "," ","U",61," "," ","U",83," "," ","U",93," "," ","U",93," "," ","U",92," "," ","U",97," "," ","U",96," "," ","U",78," "," ","U",66," "," ","U",64," "," ","U",69," "," ","U",64," "," ","U",39," "," ","U",NA," "," "," ",NA," "," "," ",NA," "," "," ",NA," "," "," ",NA," "," "," ",NA," "," "," ",NA," "," "," "
"34","USR0000IFEN",1998,4,"TMAX",NA," "," "," ",NA," "," "," ",NA," "," "," ",NA," "," "," ",NA," "," "," ",NA," "," "," ",NA," "," "," ",NA," "," "," ",NA," "," "," ",NA," "," "," ",NA," "," "," ",NA," "," "," ",NA," "," "," ",NA," "," "," ",NA," "," "," ",NA," "," "," ",NA," "," "," ",NA," "," "," ",NA," "," "," ",NA," "," "," ",NA," "," "," ",NA," "," "," ",NA," "," "," ",NA," "," "," ",NA," "," "," ",NA," "," "," ",NA," "," "," ",278,"H"," ","U",294,"H"," ","U",311,"H"," ","U",NA," "," "," "
"35","USR0000IFEN",1998,4,"TMIN",NA," "," "," ",NA," "," "," ",NA," "," "," ",NA," "," "," ",NA," "," "," ",NA," "," "," ",NA," "," "," ",NA," "," "," ",NA," "," "," ",NA," "," "," ",NA," "," "," ",NA," "," "," ",NA," "," "," ",NA," "," "," ",NA," "," "," ",NA," "," "," ",NA," "," "," ",NA," "," "," ",NA," "," "," ",NA," "," "," ",NA," "," "," ",NA," "," "," ",NA," "," "," ",NA," "," "," ",NA," "," "," ",NA," "," "," ",NA," "," "," ",72,"H"," ","U",44,"H"," ","U",56,"H"," ","U",NA," "," "," "
"36","USR0000IFEN",1998,4,"TAVG",NA," "," "," ",NA," "," "," ",NA," "," "," ",NA," "," "," ",NA," "," "," ",NA," "," "," ",NA," "," "," ",NA," "," "," ",NA," "," "," ",NA," "," "," ",NA," "," "," ",NA," "," "," ",NA," "," "," ",NA," "," "," ",NA," "," "," ",NA," "," "," ",NA," "," "," ",NA," "," "," ",NA," "," "," ",NA," "," "," ",NA," "," "," ",NA," "," "," ",NA," "," "," ",NA," "," "," ",NA," "," "," ",NA," "," "," ",NA," "," "," ",151," "," ","U",158," "," ","U",177," "," ","U",NA," "," "," "
"37","USR0000IFEN",1998,5,"TMAX",328,"H"," ","U",294,"H"," ","U",261,"H"," ","U",300,"H"," ","U",283,"H"," ","U",294,"H"," ","U",294,"H"," ","U",278,"H"," ","U",178,"H"," ","U",261,"H"," ","U",228,"H"," ","U",244,"H"," ","U",189,"H"," ","U",144,"H"," ","U",150,"H"," ","U",217,"H"," ","U",150,"H"," ","U",206,"H"," ","U",239,"H"," ","U",244,"H"," ","U",139,"H"," ","U",117,"H"," ","U",117,"H"," ","U",222,"H"," ","U",167,"H"," ","U",122,"H"," ","U",150,"H"," ","U",250,"H"," ","U",217,"H"," ","U",189,"H"," ","U",244,"H"," ","U"
"38","USR0000IFEN",1998,5,"TMIN",56,"H"," ","U",67,"H"," ","U",100,"H"," ","U",78,"H"," ","U",83,"H"," ","U",89,"H"," ","U",94,"H"," ","U",78,"H"," ","U",117,"H"," ","U",89,"H"," ","U",78,"H"," ","U",83,"H"," ","U",94,"H"," ","U",78,"H"," ","U",50,"H"," ","U",33,"H"," ","U",83,"H"," ","U",61,"H"," ","U",50,"H"," ","U",72,"H"," ","U",78,"H"," ","U",72,"H"," ","U",72,"H"," ","U",78,"H"," ","U",83,"H"," ","U",56,"H"," ","U",56,"H"," ","U",39,"H"," ","U",67,"H"," ","U",89,"H"," ","U",78,"H"," ","U"
"39","USR0000IFEN",1998,5,"TAVG",183," "," ","U",184," "," ","U",179," "," ","U",177," "," ","U",172," "," ","U",182," "," ","U",175," "," ","U",164," "," ","U",141," "," ","U",166," "," ","U",157," "," ","U",151," "," ","U",124," "," ","U",108," "," ","U",95," "," ","U",122," "," ","U",106," "," ","U",124," "," ","U",131," "," ","U",162," "," ","U",103," "," ","U",90," "," ","U",94," "," ","U",139," "," ","U",113," "," ","U",83," "," ","U",99," "," ","U",134," "," ","U",136," "," ","U",129," "," ","U",152," "," ","U"
"40","USR0000IFEN",1998,6,"TMAX",267,"H"," ","U",256,"H"," ","U",250,"H"," ","U",267,"H"," ","U",222,"H"," ","U",222,"H"," ","U",211,"H"," ","U",250,"H"," ","U",278,"H"," ","U",250,"H"," ","U",228,"H"," ","U",261,"H"," ","U",233,"H"," ","U",250,"H"," ","U",178,"H"," ","U",111,"H"," ","U",244,"H"," ","U",261,"H"," ","U",133,"H"," ","U",261,"H"," ","U",289,"H"," ","U",267,"H"," ","U",267,"H"," ","U",233,"H"," ","U",228,"H"," ","U",183,"H"," ","U",250,"H"," ","U",294,"H"," ","U",328,"H"," ","U",339,"H"," ","U",NA," "," "," "
"41","USR0000IFEN",1998,6,"TMIN",83,"H"," ","U",89,"H"," ","U",83,"H"," ","U",56,"H"," ","U",78,"H"," ","U",106,"H"," ","U",94,"H"," ","U",94,"H"," ","U",72,"H"," ","U",106,"H"," ","U",128,"H"," ","U",128,"H"," ","U",122,"H"," ","U",117,"H"," ","U",100,"H"," ","U",83,"H"," ","U",94,"H"," ","U",128,"H"," ","U",111,"H"," ","U",106,"H"," ","U",94,"H"," ","U",106,"H"," ","U",111,"H"," ","U",117,"H"," ","U",111,"H"," ","U",94,"H"," ","U",89,"H"," ","U",83,"H"," ","U",94,"H"," ","U",122,"H"," ","U",NA," "," "," "
"42","USR0000IFEN",1998,6,"TAVG",174," "," ","U",165," "," ","U",161," "," ","U",162," "," ","U",137," "," ","U",143," "," ","U",146," "," ","U",158," "," ","U",169," "," ","U",169," "," ","U",166," "," ","U",172," "," ","U",158," "," ","U",173," "," ","U",133," "," ","U",97," "," ","U",163," "," ","U",193," "," ","U",119," "," ","U",168," "," ","U",181," "," ","U",162," "," ","U",168," "," ","U",156," "," ","U",146," "," ","U",124," "," ","U",162," "," ","U",189," "," ","U",201," "," ","U",217," "," ","U",NA," "," "," "
"43","USR0000IFEN",1998,7,"TMAX",333,"H"," ","U",356,"H"," ","U",261,"H"," ","U",300,"H"," ","U",300,"H"," ","U",322,"H"," ","U",344,"H"," ","U",361,"H"," ","U",339,"H"," ","U",283,"H"," ","U",289,"H"," ","U",294,"H"," ","U",306,"H"," ","U",333,"H"," ","U",344,"H"," ","U",367,"H"," ","U",333,"H"," ","U",361,"H"," ","U",333,"H"," ","U",339,"H"," ","U",361,"H"," ","U",367,"H"," ","U",372,"H"," ","U",356,"H"," ","U",378,"H"," ","U",372,"H"," ","U",394,"H"," ","U",333,"H"," ","U",367,"H"," ","U",311,"H"," ","U",300,"H"," ","U"
"44","USR0000IFEN",1998,7,"TMIN",144,"H"," ","U",128,"H"," ","U",167,"H"," ","U",150,"H"," ","U",156,"H"," ","U",144,"H"," ","U",133,"H"," ","U",133,"H"," ","U",150,"H"," ","U",167,"H"," ","U",144,"H"," ","U",133,"H"," ","U",128,"H"," ","U",128,"H"," ","U",133,"H"," ","U",150,"H"," ","U",150,"H"," ","U",161,"H"," ","U",150,"H"," ","U",122,"H"," ","U",117,"H"," ","U",128,"H"," ","U",128,"H"," ","U",183,"H"," ","U",161,"H"," ","U",167,"H"," ","U",172,"H"," ","U",189,"H"," ","U",167,"H"," ","U",167,"H"," ","U",161,"H"," ","U"
"45","USR0000IFEN",1998,7,"TAVG",231," "," ","U",227," "," ","U",194," "," ","U",218," "," ","U",229," "," ","U",231," "," ","U",228," "," ","U",218," "," ","U",214," "," ","U",224," "," ","U",216," "," ","U",208," "," ","U",215," "," ","U",222," "," ","U",217," "," ","U",243," "," ","U",227," "," ","U",262," "," ","U",213," "," ","U",223," "," ","U",241," "," ","U",232," "," ","U",239," "," ","U",254," "," ","U",242," "," ","U",259," "," ","U",257," "," ","U",243," "," ","U",256," "," ","U",223," "," ","U",206," "," ","U"
"46","USR0000IFEN",1998,8,"TMAX",278,"H"," ","U",344,"H"," ","U",372,"H"," ","U",389,"H"," ","U",383,"H"," ","U",350,"H"," ","U",322,"H"," ","U",344,"H"," ","U",372,"H"," ","U",372,"H"," ","U",367,"H"," ","U",367,"H"," ","U",378,"H"," ","U",383,"H"," ","U",356,"H"," ","U",283,"H"," ","U",117,"H","S","U",NA," "," "," ",NA," "," "," ",NA," "," "," ",NA," "," "," ",NA," "," "," ",NA," "," "," ",NA," "," "," ",NA," "," "," ",NA," "," "," ",NA," "," "," ",NA," "," "," ",NA," "," "," ",233,"H"," ","U",283,"H"," ","U"
"47","USR0000IFEN",1998,8,"TMIN",172,"H"," ","U",167,"H"," ","U",156,"H"," ","U",139,"H"," ","U",133,"H"," ","U",161,"H"," ","U",139,"H"," ","U",111,"H"," ","U",111,"H"," ","U",139,"H"," ","U",139,"H"," ","U",139,"H"," ","U",133,"H"," ","U",133,"H"," ","U",139,"H"," ","U",122,"H"," ","U",111,"H"," ","U",NA," "," "," ",NA," "," "," ",NA," "," "," ",NA," "," "," ",NA," "," "," ",NA," "," "," ",NA," "," "," ",NA," "," "," ",NA," "," "," ",NA," "," "," ",NA," "," "," ",NA," "," "," ",139,"H"," ","U",106,"H"," ","U"
"48","USR0000IFEN",1998,8,"TAVG",214," "," ","U",246," "," ","U",246," "," ","U",242," "," ","U",245," "," ","U",244," "," ","U",217," "," ","U",217," "," ","U",232," "," ","U",238," "," ","U",238," "," ","U",221," "," ","U",238," "," ","U",241," "," ","U",244," "," ","U",189," "," ","U",114," "," ","U",NA," "," "," ",NA," "," "," ",NA," "," "," ",NA," "," "," ",NA," "," "," ",NA," "," "," ",NA," "," "," ",NA," "," "," ",NA," "," "," ",NA," "," "," ",NA," "," "," ",NA," "," "," ",176," "," ","U",164," "," ","U"
"49","USR0000IFEN",1998,9,"TMAX",283,"H"," ","U",367,"H"," ","U",278,"H"," ","U",367,"H"," ","U",300,"H"," ","U",244,"H"," ","U",278,"H"," ","U",300,"H"," ","U",189,"H"," ","U",206,"H"," ","U",278,"H"," ","U",294,"H"," ","U",306,"H"," ","U",256,"H"," ","U",278,"H"," ","U",306,"H"," ","U",261,"H"," ","U",233,"H"," ","U",167,"H"," ","U",228,"H"," ","U",244,"H"," ","U",261,"H"," ","U",267,"H"," ","U",267,"H"," ","U",144,"H"," ","U",228,"H"," ","U",250,"H"," ","U",250,"H"," ","U",267,"H"," ","U",256,"H"," ","U",NA," "," "," "
"50","USR0000IFEN",1998,9,"TMIN",106,"H"," ","U",111,"H"," ","U",100,"H"," ","U",111,"H"," ","U",122,"H"," ","U",133,"H"," ","U",167,"H"," ","U",178,"H"," ","U",144,"H"," ","U",139,"H"," ","U",133,"H"," ","U",117,"H"," ","U",111,"H"," ","U",106,"H"," ","U",111,"H"," ","U",122,"H"," ","U",122,"H"," ","U",117,"H"," ","U",100,"H"," ","U",94,"H"," ","U",83,"H"," ","U",83,"H"," ","U",67,"H"," ","U",72,"H"," ","U",117,"H"," ","U",106,"H"," ","U",94,"H"," ","U",89,"H"," ","U",94,"H"," ","U",83,"H"," ","U",NA," "," "," "
"51","USR0000IFEN",1998,9,"TAVG",170," "," ","U",207," "," ","U",170," "," ","U",195," "," ","U",201," "," ","U",184," "," ","U",210," "," ","U",216," "," ","U",164," "," ","U",164," "," ","U",179," "," ","U",183," "," ","U",178," "," ","U",149," "," ","U",173," "," ","U",188," "," ","U",192," "," ","U",149," "," ","U",122," "," ","U",137," "," ","U",138," "," ","U",143," "," ","U",139," "," ","U",151," "," ","U",131," "," ","U",141," "," ","U",146," "," ","U",146," "," ","U",146," "," ","U",142," "," ","U",NA," "," "," "
"52","USR0000IFEN",1998,10,"TMAX",250,"H"," ","U",178,"H"," ","U",167,"H"," ","U",150,"H"," ","U",144,"H"," ","U",211,"H"," ","U",233,"H"," ","U",183,"H"," ","U",156,"H"," ","U",106,"H"," ","U",144,"H"," ","U",161,"H"," ","U",128,"H"," ","U",128,"H"," ","U",106,"H"," ","U",122,"H"," ","U",106,"H"," ","U",139,"H"," ","U",156,"H"," ","U",167,"H"," ","U",183,"H"," ","U",133,"H"," ","U",183,"H"," ","U",156,"H"," ","U",106,"H"," ","U",83,"H"," ","U",NA," "," "," ",NA," "," "," ",NA," "," "," ",NA," "," "," ",NA," "," "," "
"53","USR0000IFEN",1998,10,"TMIN",89,"H"," ","U",67,"H"," ","U",56,"H"," ","U",56,"H"," ","U",39,"H"," ","U",50,"H"," ","U",56,"H"," ","U",56,"H"," ","U",72,"H"," ","U",44,"H"," ","U",11,"H"," ","U",33,"H"," ","U",67,"H"," ","U",67,"H"," ","U",50,"H"," ","U",22,"H"," ","U",11,"H"," ","U",50,"H"," ","U",33,"H"," ","U",17,"H"," ","U",22,"H"," ","U",28,"H"," ","U",44,"H"," ","U",28,"H"," ","U",61,"H"," ","U",78,"H"," ","U",NA," "," "," ",NA," "," "," ",NA," "," "," ",NA," "," "," ",NA," "," "," "
"54","USR0000IFEN",1998,10,"TAVG",147," "," ","U",109," "," ","U",93," "," ","U",78," "," ","U",85," "," ","U",107," "," ","U",118," "," ","U",103," "," ","U",107," "," ","U",73," "," ","U",77," "," ","U",93," "," ","U",90," "," ","U",90," "," ","U",67," "," ","U",61," "," ","U",59," "," ","U",81," "," ","U",68," "," ","U",65," "," ","U",73," "," ","U",69," "," ","U",84," "," ","U",81," "," ","U",82," "," ","U",79," "," ","U",NA," "," "," ",NA," "," "," ",NA," "," "," ",NA," "," "," ",NA," "," "," "
"55","USR0000IFEN",1999,4,"TMAX",NA," "," "," ",NA," "," "," ",NA," "," "," ",NA," "," "," ",NA," "," "," ",NA," "," "," ",NA," "," "," ",NA," "," "," ",NA," "," "," ",NA," "," "," ",NA," "," "," ",NA," "," "," ",NA," "," "," ",NA," "," "," ",NA," "," "," ",NA," "," "," ",NA," "," "," ",NA," "," "," ",NA," "," "," ",NA," "," "," ",NA," "," "," ",NA," "," "," ",NA," "," "," ",NA," "," "," ",NA," "," "," ",NA," "," "," ",156,"H"," ","U",61,"H"," ","U",133,"H"," ","U",211,"H"," ","U",NA," "," "," "
"56","USR0000IFEN",1999,4,"TMIN",NA," "," "," ",NA," "," "," ",NA," "," "," ",NA," "," "," ",NA," "," "," ",NA," "," "," ",NA," "," "," ",NA," "," "," ",NA," "," "," ",NA," "," "," ",NA," "," "," ",NA," "," "," ",NA," "," "," ",NA," "," "," ",NA," "," "," ",NA," "," "," ",NA," "," "," ",NA," "," "," ",NA," "," "," ",NA," "," "," ",NA," "," "," ",NA," "," "," ",NA," "," "," ",NA," "," "," ",NA," "," "," ",NA," "," "," ",61,"H"," ","U",39,"H"," ","U",39,"H"," ","U",39,"H"," ","U",NA," "," "," "
"57","USR0000IFEN",1999,4,"TAVG",NA," "," "," ",NA," "," "," ",NA," "," "," ",NA," "," "," ",NA," "," "," ",NA," "," "," ",NA," "," "," ",NA," "," "," ",NA," "," "," ",NA," "," "," ",NA," "," "," ",NA," "," "," ",NA," "," "," ",NA," "," "," ",NA," "," "," ",NA," "," "," ",NA," "," "," ",NA," "," "," ",NA," "," "," ",NA," "," "," ",NA," "," "," ",NA," "," "," ",NA," "," "," ",NA," "," "," ",NA," "," "," ",NA," "," "," ",96," "," ","U",48," "," ","U",76," "," ","U",114," "," ","U",NA," "," "," "
"58","USR0000IFEN",1999,5,"TMAX",167,"H"," ","U",139,"H"," ","U",111,"H"," ","U",100,"H"," ","U",156,"H"," ","U",261,"H"," ","U",122,"H"," ","U",122,"H"," ","U",100,"H"," ","U",150,"H"," ","U",211,"H"," ","U",183,"H"," ","U",133,"H"," ","U",156,"H"," ","U",144,"H"," ","U",211,"H"," ","U",167,"H"," ","U",206,"H"," ","U",228,"H"," ","U",222,"H"," ","U",233,"H"," ","U",261,"H"," ","U",322,"H"," ","U",339,"H"," ","U",294,"H"," ","U",267,"H"," ","U",311,"H"," ","U",267,"H"," ","U",250,"H"," ","U",217,"H"," ","U",183,"H"," ","U"
"59","USR0000IFEN",1999,5,"TMIN",50,"H"," ","U",61,"H"," ","U",50,"H"," ","U",28,"H"," ","U",11,"H"," ","U",-6,"H"," ","U",6,"H"," ","U",-6,"H"," ","U",11,"H"," ","U",11,"H"," ","U",-11,"H"," ","U",44,"H"," ","U",50,"H"," ","U",33,"H"," ","U",39,"H"," ","U",39,"H"," ","U",72,"H"," ","U",89,"H"," ","U",72,"H"," ","U",56,"H"," ","U",78,"H"," ","U",50,"H"," ","U",61,"H"," ","U",78,"H"," ","U",83,"H"," ","U",72,"H"," ","U",44,"H"," ","U",83,"H"," ","U",83,"H"," ","U",67,"H"," ","U",50,"H"," ","U"
"60","USR0000IFEN",1999,5,"TAVG",86," "," ","U",81," "," ","U",73," "," ","U",55," "," ","U",73," "," ","U",123," "," ","U",75," "," ","U",57," "," ","U",52," "," ","U",67," "," ","U",103," "," ","U",114," "," ","U",85," "," ","U",89," "," ","U",80," "," ","U",120," "," ","U",122," "," ","U",123," "," ","U",135," "," ","U",141," "," ","U",152," "," ","U",153," "," ","U",182," "," ","U",197," "," ","U",189," "," ","U",161," "," ","U",154," "," ","U",166," "," ","U",151," "," ","U",143," "," ","U",134," "," ","U"
"61","USR0000IFEN",1999,6,"TMAX",233,"H"," ","U",117,"H"," ","U",106,"H"," ","U",178,"H"," ","U",172,"H"," ","U",167,"H"," ","U",183,"H"," ","U",122,"H"," ","U",206,"H"," ","U",244,"H"," ","U",261,"H"," ","U",322,"H"," ","U",283,"H"," ","U",333,"H"," ","U",383,"H"," ","U",283,"H"," ","U",317,"H"," ","U",294,"H"," ","U",261,"H"," ","U",300,"H"," ","U",206,"H"," ","U",222,"H"," ","U",272,"H"," ","U",278,"H"," ","U",189,"H"," ","U",228,"H"," ","U",250,"H"," ","U",244,"H"," ","U",261,"H"," ","U",256,"H"," ","U",NA," "," "," "
"62","USR0000IFEN",1999,6,"TMIN",100,"H"," ","U",78,"H"," ","U",78,"H"," ","U",89,"H"," ","U",83,"H"," ","U",72,"H"," ","U",44,"H"," ","U",61,"H"," ","U",44,"H"," ","U",28,"H"," ","U",78,"H"," ","U",67,"H"," ","U",83,"H"," ","U",100,"H"," ","U",106,"H"," ","U",150,"H"," ","U",133,"H"," ","U",117,"H"," ","U",111,"H"," ","U",89,"H"," ","U",128,"H"," ","U",111,"H"," ","U",111,"H"," ","U",89,"H"," ","U",78,"H"," ","U",72,"H"," ","U",89,"H"," ","U",67,"H"," ","U",122,"H"," ","U",128,"H"," ","U",NA," "," "," "
"63","USR0000IFEN",1999,6,"TAVG",152," "," ","U",96," "," ","U",92," "," ","U",143," "," ","U",126," "," ","U",108," "," ","U",117," "," ","U",79," "," ","U",114," "," ","U",139," "," ","U",166," "," ","U",183," "," ","U",168," "," ","U",206," "," ","U",231," "," ","U",198," "," ","U",213," "," ","U",192," "," ","U",178," "," ","U",192," "," ","U",157," "," ","U",152," "," ","U",182," "," ","U",169," "," ","U",136," "," ","U",150," "," ","U",160," "," ","U",154," "," ","U",187," "," ","U",174," "," ","U",NA," "," "," "
"64","USR0000IFEN",1999,7,"TMAX",261,"H"," ","U",194,"H"," ","U",239,"H"," ","U",200,"H"," ","U",289,"H"," ","U",361,"H"," ","U",261,"H"," ","U",283,"H"," ","U",333,"H"," ","U",372,"H"," ","U",367,"H"," ","U",372,"H"," ","U",361,"H"," ","U",289,"H"," ","U",267,"H"," ","U",306,"H"," ","U",294,"H"," ","U",294,"H"," ","U",344,"H"," ","U",344,"H"," ","U",311,"H"," ","U",356,"H"," ","U",361,"H"," ","U",244,"H"," ","U",300,"H"," ","U",361,"H"," ","U",406,"H"," ","U",400,"H"," ","U",372,"H"," ","U",328,"H"," ","U",339,"H"," ","U"
"65","USR0000IFEN",1999,7,"TMIN",89,"H"," ","U",83,"H"," ","U",78,"H"," ","U",72,"H"," ","U",50,"H"," ","U",72,"H"," ","U",100,"H"," ","U",78,"H"," ","U",72,"H"," ","U",83,"H"," ","U",106,"H"," ","U",111,"H"," ","U",117,"H"," ","U",100,"H"," ","U",83,"H"," ","U",83,"H"," ","U",111,"H"," ","U",94,"H"," ","U",89,"H"," ","U",111,"H"," ","U",122,"H"," ","U",128,"H"," ","U",111,"H"," ","U",111,"H"," ","U",89,"H"," ","U",83,"H"," ","U",100,"H"," ","U",128,"H"," ","U",144,"H"," ","U",117,"H"," ","U",111,"H"," ","U"
"66","USR0000IFEN",1999,7,"TAVG",161," "," ","U",131," "," ","U",163," "," ","U",131," "," ","U",164," "," ","U",189," "," ","U",171," "," ","U",184," "," ","U",192," "," ","U",209," "," ","U",217," "," ","U",225," "," ","U",257," "," ","U",181," "," ","U",171," "," ","U",186," "," ","U",196," "," ","U",188," "," ","U",211," "," ","U",217," "," ","U",202," "," ","U",226," "," ","U",227," "," ","U",177," "," ","U",186," "," ","U",209," "," ","U",236," "," ","U",247," "," ","U",246," "," ","U",218," "," ","U",218," "," ","U"
"67","USR0000IFEN",1999,8,"TMAX",350,"H"," ","U",394,"H"," ","U",344,"H"," ","U",344,"H"," ","U",350,"H"," ","U",344,"H"," ","U",300,"H"," ","U",322,"H"," ","U",350,"H"," ","U",339,"H"," ","U",261,"H"," ","U",317,"H"," ","U",211,"H"," ","U",189,"H"," ","U",256,"H"," ","U",317,"H"," ","U",356,"H"," ","U",378,"H"," ","U",356,"H"," ","U",361,"H"," ","U",328,"H"," ","U",339,"H"," ","U",350,"H"," ","U",317,"H"," ","U",361,"H"," ","U",361,"H"," ","U",372,"H"," ","U",322,"H"," ","U",344,"H"," ","U",283,"H"," ","U",206,"H"," ","U"
"68","USR0000IFEN",1999,8,"TMIN",111,"H"," ","U",128,"H"," ","U",156,"H"," ","U",161,"H"," ","U",156,"H"," ","U",156,"H"," ","U",150,"H"," ","U",139,"H"," ","U",111,"H"," ","U",133,"H"," ","U",156,"H"," ","U",150,"H"," ","U",128,"H"," ","U",122,"H"," ","U",111,"H"," ","U",100,"H"," ","U",111,"H"," ","U",117,"H"," ","U",150,"H"," ","U",122,"H"," ","U",133,"H"," ","U",117,"H"," ","U",100,"H"," ","U",139,"H"," ","U",133,"H"," ","U",122,"H"," ","U",133,"H"," ","U",178,"H"," ","U",167,"H"," ","U",89,"H"," ","U",67,"H"," ","U"
"69","USR0000IFEN",1999,8,"TAVG",217," "," ","U",245," "," ","U",221," "," ","U",222," "," ","U",234," "," ","U",234," "," ","U",198," "," ","U",213," "," ","U",217," "," ","U",212," "," ","U",198," "," ","U",202," "," ","U",161," "," ","U",147," "," ","U",166," "," ","U",191," "," ","U",211," "," ","U",222," "," ","U",240," "," ","U",220," "," ","U",217," "," ","U",209," "," ","U",208," "," ","U",217," "," ","U",222," "," ","U",223," "," ","U",234," "," ","U",241," "," ","U",239," "," ","U",175," "," ","U",123," "," ","U"
"70","USR0000IFEN",1999,9,"TMAX",239,"H"," ","U",239,"H"," ","U",261,"H"," ","U",272,"H"," ","U",322,"H"," ","U",222,"H"," ","U",250,"H"," ","U",306,"H"," ","U",217,"H"," ","U",278,"H"," ","U",267,"H"," ","U",294,"H"," ","U",311,"H"," ","U",328,"H"," ","U",328,"H"," ","U",317,"H"," ","U",311,"H"," ","U",317,"H"," ","U",306,"H"," ","U",306,"H"," ","U",306,"H"," ","U",322,"H"," ","U",317,"H"," ","U",194,"H"," ","U",178,"H"," ","U",150,"H"," ","U",133,"H"," ","U",189,"H"," ","U",239,"H"," ","U",256,"H"," ","U",NA," "," "," "
"71","USR0000IFEN",1999,9,"TMIN",50,"H"," ","U",44,"H"," ","U",78,"H"," ","U",72,"H"," ","U",67,"H"," ","U",111,"H"," ","U",67,"H"," ","U",33,"H"," ","U",56,"H"," ","U",78,"H"," ","U",50,"H"," ","U",33,"H"," ","U",39,"H"," ","U",56,"H"," ","U",61,"H"," ","U",61,"H"," ","U",78,"H"," ","U",61,"H"," ","U",67,"H"," ","U",44,"H"," ","U",50,"H"," ","U",67,"H"," ","U",61,"H"," ","U",106,"H"," ","U",83,"H"," ","U",56,"H"," ","U",22,"H"," ","U",11,"H"," ","U",11,"H"," ","U",22,"H"," ","U",NA," "," "," "
"72","USR0000IFEN",1999,9,"TAVG",129," "," ","U",128," "," ","U",152," "," ","U",155," "," ","U",181," "," ","U",157," "," ","U",150," "," ","U",146," "," ","U",128," "," ","U",148," "," ","U",137," "," ","U",139," "," ","U",150," "," ","U",163," "," ","U",162," "," ","U",161," "," ","U",165," "," ","U",162," "," ","U",161," "," ","U",146," "," ","U",154," "," ","U",162," "," ","U",175," "," ","U",151," "," ","U",114," "," ","U",87," "," ","U",62," "," ","U",67," "," ","U",97," "," ","U",107," "," ","U",NA," "," "," "
"73","USR0000IFEN",1999,10,"TMAX",211,"H"," ","U",178,"H"," ","U",222,"H"," ","U",233,"H"," ","U",222,"H"," ","U",183,"H"," ","U",194,"H"," ","U",183,"H"," ","U",161,"H"," ","U",183,"H"," ","U",172,"H"," ","U",194,"H"," ","U",222,"H"," ","U",161,"H"," ","U",133,"H"," ","U",144,"H"," ","U",122,"H"," ","U",178,"H"," ","U",172,"H"," ","U",183,"H"," ","U",194,"H"," ","U",211,"H"," ","U",178,"H"," ","U",172,"H"," ","U",206,"H"," ","U",94,"H"," ","U",111,"H"," ","U",133,"H"," ","U",111,"H"," ","U",178,"H"," ","U",156,"H"," ","U"
"74","USR0000IFEN",1999,10,"TMIN",22,"H"," ","U",-6,"H"," ","U",-17,"H"," ","U",0,"H"," ","U",28,"H"," ","U",72,"H"," ","U",72,"H"," ","U",89,"H"," ","U",83,"H"," ","U",78,"H"," ","U",72,"H"," ","U",83,"H"," ","U",67,"H"," ","U",39,"H"," ","U",0,"H"," ","U",-17,"H"," ","U",-22,"H"," ","U",-11,"H"," ","U",-6,"H"," ","U",-17,"H"," ","U",-6,"H"," ","U",-6,"H"," ","U",0,"H"," ","U",11,"H"," ","U",17,"H"," ","U",22,"H"," ","U",28,"H"," ","U",72,"H"," ","U",50,"H"," ","U",56,"H"," ","U",6,"H"," ","U"
"75","USR0000IFEN",1999,10,"TAVG",91," "," ","U",61," "," ","U",74," "," ","U",91," "," ","U",101," "," ","U",111," "," ","U",121," "," ","U",123," "," ","U",111," "," ","U",121," "," ","U",109," "," ","U",107," "," ","U",121," "," ","U",103," "," ","U",47," "," ","U",28," "," ","U",41," "," ","U",51," "," ","U",49," "," ","U",54," "," ","U",62," "," ","U",69," "," ","U",72," "," ","U",67," "," ","U",88," "," ","U",62," "," ","U",59," "," ","U",87," "," ","U",74," "," ","U",89," "," ","U",63," "," ","U"
"76","USR0000IFEN",1999,11,"TMAX",128,"H"," ","U",122,"H"," ","U",0,"H"," ","U",NA," "," "," ",NA," "," "," ",NA," "," "," ",NA," "," "," ",NA," "," "," ",NA," "," "," ",NA," "," "," ",NA," "," "," ",NA," "," "," ",NA," "," "," ",NA," "," "," ",NA," "," "," ",NA," "," "," ",NA," "," "," ",NA," "," "," ",NA," "," "," ",NA," "," "," ",NA," "," "," ",NA," "," "," ",NA," "," "," ",NA," "," "," ",NA," "," "," ",NA," "," "," ",NA," "," "," ",NA," "," "," ",NA," "," "," ",NA," "," "," ",NA," "," "," "
"77","USR0000IFEN",1999,11,"TMIN",-17,"H"," ","U",-22,"H"," ","U",-11,"H"," ","U",NA," "," "," ",NA," "," "," ",NA," "," "," ",NA," "," "," ",NA," "," "," ",NA," "," "," ",NA," "," "," ",NA," "," "," ",NA," "," "," ",NA," "," "," ",NA," "," "," ",NA," "," "," ",NA," "," "," ",NA," "," "," ",NA," "," "," ",NA," "," "," ",NA," "," "," ",NA," "," "," ",NA," "," "," ",NA," "," "," ",NA," "," "," ",NA," "," "," ",NA," "," "," ",NA," "," "," ",NA," "," "," ",NA," "," "," ",NA," "," "," ",NA," "," "," "
"78","USR0000IFEN",1999,11,"TAVG",24," "," ","U",18," "," ","U",-3," "," ","U",NA," "," "," ",NA," "," "," ",NA," "," "," ",NA," "," "," ",NA," "," "," ",NA," "," "," ",NA," "," "," ",NA," "," "," ",NA," "," "," ",NA," "," "," ",NA," "," "," ",NA," "," "," ",NA," "," "," ",NA," "," "," ",NA," "," "," ",NA," "," "," ",NA," "," "," ",NA," "," "," ",NA," "," "," ",NA," "," "," ",NA," "," "," ",NA," "," "," ",NA," "," "," ",NA," "," "," ",NA," "," "," ",NA," "," "," ",NA," "," "," ",NA," "," "," "
"79","USR0000IFEN",2000,4,"TMAX",NA," "," "," ",NA," "," "," ",NA," "," "," ",NA," "," "," ",NA," "," "," ",NA," "," "," ",NA," "," "," ",NA," "," "," ",NA," "," "," ",NA," "," "," ",NA," "," "," ",NA," "," "," ",NA," "," "," ",NA," "," "," ",NA," "," "," ",NA," "," "," ",NA," "," "," ",NA," "," "," ",NA," "," "," ",NA," "," "," ",272,"H"," ","U",122,"H"," ","U",150,"H"," ","U",161,"H"," ","U",94,"H"," ","U",206,"H"," ","U",306,"H"," ","U",139,"H"," ","U",178,"H"," ","U",278,"H"," ","U",NA," "," "," "
"80","USR0000IFEN",2000,4,"TMIN",NA," "," "," ",NA," "," "," ",NA," "," "," ",NA," "," "," ",NA," "," "," ",NA," "," "," ",NA," "," "," ",NA," "," "," ",NA," "," "," ",NA," "," "," ",NA," "," "," ",NA," "," "," ",NA," "," "," ",NA," "," "," ",NA," "," "," ",NA," "," "," ",NA," "," "," ",NA," "," "," ",NA," "," "," ",NA," "," "," ",83,"H"," ","U",78,"H"," ","U",28,"H"," ","U",28,"H"," ","U",39,"H"," ","U",33,"H"," ","U",44,"H"," ","U",28,"H"," ","U",28,"H"," ","U",22,"H"," ","U",NA," "," "," "
"81","USR0000IFEN",2000,4,"TAVG",NA," "," "," ",NA," "," "," ",NA," "," "," ",NA," "," "," ",NA," "," "," ",NA," "," "," ",NA," "," "," ",NA," "," "," ",NA," "," "," ",NA," "," "," ",NA," "," "," ",NA," "," "," ",NA," "," "," ",NA," "," "," ",NA," "," "," ",NA," "," "," ",NA," "," "," ",NA," "," "," ",NA," "," "," ",NA," "," "," ",177," "," ","U",96," "," ","U",89," "," ","U",77," "," ","U",66," "," ","U",106," "," ","U",181," "," ","U",79," "," ","U",87," "," ","U",118," "," ","U",NA," "," "," "
"82","USR0000IFEN",2000,5,"TMAX",272,"H"," ","U",172,"H"," ","U",228,"H"," ","U",150,"H"," ","U",167,"H"," ","U",167,"H"," ","U",200,"H"," ","U",200,"H"," ","U",128,"H"," ","U",106,"H"," ","U",117,"H"," ","U",167,"H"," ","U",239,"H"," ","U",250,"H"," ","U",272,"H"," ","U",261,"H"," ","U",239,"H"," ","U",256,"H"," ","U",233,"H"," ","U",250,"H"," ","U",283,"H"," ","U",272,"H"," ","U",239,"H"," ","U",250,"H"," ","U",239,"H"," ","U",222,"H"," ","U",211,"H"," ","U",222,"H"," ","U",206,"H"," ","U",206,"H"," ","U",117,"H"," ","U"
"83","USR0000IFEN",2000,5,"TMIN",50,"H"," ","U",83,"H"," ","U",83,"H"," ","U",67,"H"," ","U",56,"H"," ","U",44,"H"," ","U",33,"H"," ","U",22,"H"," ","U",56,"H"," ","U",44,"H"," ","U",39,"H"," ","U",44,"H"," ","U",44,"H"," ","U",83,"H"," ","U",67,"H"," ","U",72,"H"," ","U",72,"H"," ","U",72,"H"," ","U",83,"H"," ","U",72,"H"," ","U",117,"H"," ","U",117,"H"," ","U",94,"H"," ","U",83,"H"," ","U",83,"H"," ","U",89,"H"," ","U",72,"H"," ","U",111,"H"," ","U",72,"H"," ","U",56,"H"," ","U",67,"H"," ","U"
"84","USR0000IFEN",2000,5,"TAVG",138," "," ","U",112," "," ","U",131," "," ","U",100," "," ","U",89," "," ","U",89," "," ","U",108," "," ","U",99," "," ","U",90," "," ","U",67," "," ","U",73," "," ","U",88," "," ","U",127," "," ","U",148," "," ","U",172," "," ","U",153," "," ","U",147," "," ","U",158," "," ","U",141," "," ","U",164," "," ","U",180," "," ","U",190," "," ","U",153," "," ","U",133," "," ","U",161," "," ","U",160," "," ","U",142," "," ","U",162," "," ","U",136," "," ","U",118," "," ","U",87," "," ","U"
"85","USR0000IFEN",2000,6,"TMAX",250,"H"," ","U",289,"H"," ","U",283,"H"," ","U",333,"H"," ","U",294,"H"," ","U",289,"H"," ","U",294,"H"," ","U",183,"H"," ","U",200,"H"," ","U",128,"H"," ","U",183,"H"," ","U",161,"H"," ","U",244,"H"," ","U",289,"H"," ","U",222,"H"," ","U",261,"H"," ","U",283,"H"," ","U",289,"H"," ","U",194,"H"," ","U",272,"H"," ","U",311,"H"," ","U",294,"H"," ","U",289,"H"," ","U",278,"H"," ","U",283,"H"," ","U",317,"H"," ","U",333,"H"," ","U",333,"H"," ","U",328,"H"," ","U",322,"H"," ","U",NA," "," "," "
"86","USR0000IFEN",2000,6,"TMIN",56,"H"," ","U",61,"H"," ","U",78,"H"," ","U",61,"H"," ","U",94,"H"," ","U",89,"H"," ","U",94,"H"," ","U",111,"H"," ","U",94,"H"," ","U",56,"H"," ","U",44,"H"," ","U",100,"H"," ","U",111,"H"," ","U",100,"H"," ","U",83,"H"," ","U",67,"H"," ","U",72,"H"," ","U",72,"H"," ","U",106,"H"," ","U",94,"H"," ","U",83,"H"," ","U",117,"H"," ","U",94,"H"," ","U",94,"H"," ","U",100,"H"," ","U",89,"H"," ","U",100,"H"," ","U",100,"H"," ","U",106,"H"," ","U",106,"H"," ","U",NA," "," "," "
"87","USR0000IFEN",2000,6,"TAVG",143," "," ","U",174," "," ","U",172," "," ","U",188," "," ","U",176," "," ","U",185," "," ","U",186," "," ","U",139," "," ","U",128," "," ","U",94," "," ","U",119," "," ","U",123," "," ","U",161," "," ","U",182," "," ","U",162," "," ","U",158," "," ","U",172," "," ","U",179," "," ","U",145," "," ","U",177," "," ","U",197," "," ","U",199," "," ","U",187," "," ","U",187," "," ","U",176," "," ","U",194," "," ","U",209," "," ","U",196," "," ","U",206," "," ","U",203," "," ","U",NA," "," "," "
"88","USR0000IFEN",2000,7,"TMAX",250,"H"," ","U",272,"H"," ","U",156,"H"," ","U",244,"H"," ","U",211,"H"," ","U",239,"H"," ","U",300,"H"," ","U",294,"H"," ","U",311,"H"," ","U",317,"H"," ","U",344,"H"," ","U",367,"H"," ","U",356,"H"," ","U",322,"H"," ","U",261,"H"," ","U",333,"H"," ","U",344,"H"," ","U",339,"H"," ","U",350,"H"," ","U",356,"H"," ","U",383,"H"," ","U",361,"H"," ","U",311,"H"," ","U",344,"H"," ","U",367,"H"," ","U",333,"H"," ","U",344,"H"," ","U",372,"H"," ","U",389,"H"," ","U",383,"H"," ","U",406,"H"," ","U"
"89","USR0000IFEN",2000,7,"TMIN",139,"H"," ","U",111,"H"," ","U",83,"H"," ","U",78,"H"," ","U",89,"H"," ","U",117,"H"," ","U",100,"H"," ","U",106,"H"," ","U",122,"H"," ","U",94,"H"," ","U",94,"H"," ","U",133,"H"," ","U",139,"H"," ","U",117,"H"," ","U",111,"H"," ","U",78,"H"," ","U",111,"H"," ","U",144,"H"," ","U",150,"H"," ","U",133,"H"," ","U",128,"H"," ","U",128,"H"," ","U",122,"H"," ","U",100,"H"," ","U",106,"H"," ","U",117,"H"," ","U",128,"H"," ","U",122,"H"," ","U",133,"H"," ","U",139,"H"," ","U",167,"H"," ","U"
"90","USR0000IFEN",2000,7,"TAVG",198," "," ","U",188," "," ","U",127," "," ","U",154," "," ","U",158," "," ","U",170," "," ","U",188," "," ","U",194," "," ","U",211," "," ","U",200," "," ","U",211," "," ","U",232," "," ","U",237," "," ","U",217," "," ","U",174," "," ","U",201," "," ","U",222," "," ","U",227," "," ","U",236," "," ","U",234," "," ","U",241," "," ","U",235," "," ","U",212," "," ","U",213," "," ","U",226," "," ","U",222," "," ","U",228," "," ","U",218," "," ","U",248," "," ","U",251," "," ","U",262," "," ","U"
"91","USR0000IFEN",2000,8,"TMAX",367,"H"," ","U",372,"H"," ","U",378,"H"," ","U",383,"H"," ","U",367,"H"," ","U",372,"H"," ","U",372,"H"," ","U",394,"H"," ","U",372,"H"," ","U",317,"H"," ","U",328,"H"," ","U",344,"H"," ","U",328,"H"," ","U",322,"H"," ","U",317,"H"," ","U",333,"H"," ","U",322,"H"," ","U",322,"H"," ","U",250,"H"," ","U",278,"H"," ","U",300,"H"," ","U",322,"H"," ","U",339,"H"," ","U",300,"H"," ","U",344,"H"," ","U",300,"H"," ","U",261,"H"," ","U",283,"H"," ","U",300,"H"," ","U",300,"H"," ","U",300,"H"," ","U"
"92","USR0000IFEN",2000,8,"TMIN",161,"H"," ","U",144,"H"," ","U",128,"H"," ","U",161,"H"," ","U",117,"H"," ","U",122,"H"," ","U",117,"H"," ","U",111,"H"," ","U",117,"H"," ","U",150,"H"," ","U",128,"H"," ","U",89,"H"," ","U",94,"H"," ","U",83,"H"," ","U",89,"H"," ","U",83,"H"," ","U",78,"H"," ","U",89,"H"," ","U",89,"H"," ","U",89,"H"," ","U",61,"H"," ","U",67,"H"," ","U",83,"H"," ","U",156,"H"," ","U",128,"H"," ","U",106,"H"," ","U",78,"H"," ","U",61,"H"," ","U",50,"H"," ","U",100,"H"," ","U",83,"H"," ","U"
"93","USR0000IFEN",2000,8,"TAVG",253," "," ","U",245," "," ","U",241," "," ","U",254," "," ","U",232," "," ","U",234," "," ","U",234," "," ","U",233," "," ","U",231," "," ","U",222," "," ","U",213," "," ","U",202," "," ","U",200," "," ","U",192," "," ","U",192," "," ","U",191," "," ","U",184," "," ","U",197," "," ","U",169," "," ","U",176," "," ","U",169," "," ","U",173," "," ","U",188," "," ","U",208," "," ","U",212," "," ","U",192," "," ","U",166," "," ","U",160," "," ","U",162," "," ","U",189," "," ","U",182," "," ","U"
"94","USR0000IFEN",2000,9,"TMAX",194,"H"," ","U",161,"H"," ","U",183,"H"," ","U",200,"H"," ","U",133,"H"," ","U",211,"H"," ","U",267,"H"," ","U",194,"H"," ","U",211,"H"," ","U",128,"H"," ","U",222,"H"," ","U",283,"H"," ","U",300,"H"," ","U",311,"H"," ","U",306,"H"," ","U",272,"H"," ","U",283,"H"," ","U",239,"H"," ","U",256,"H"," ","U",211,"H"," ","U",200,"H"," ","U",156,"H"," ","U",183,"H"," ","U",228,"H"," ","U",228,"H"," ","U",244,"H"," ","U",256,"H"," ","U",244,"H"," ","U",178,"H"," ","U",139,"H"," ","U",NA," "," "," "
"95","USR0000IFEN",2000,9,"TMIN",117,"H"," ","U",78,"H"," ","U",67,"H"," ","U",89,"H"," ","U",94,"H"," ","U",83,"H"," ","U",67,"H"," ","U",78,"H"," ","U",78,"H"," ","U",83,"H"," ","U",117,"H"," ","U",100,"H"," ","U",133,"H"," ","U",111,"H"," ","U",128,"H"," ","U",139,"H"," ","U",133,"H"," ","U",117,"H"," ","U",94,"H"," ","U",72,"H"," ","U",83,"H"," ","U",11,"H"," ","U",-17,"H"," ","U",-6,"H"," ","U",11,"H"," ","U",17,"H"," ","U",17,"H"," ","U",33,"H"," ","U",67,"H"," ","U",100,"H"," ","U",NA," "," "," "
"96","USR0000IFEN",2000,9,"TAVG",142," "," ","U",120," "," ","U",119," "," ","U",128," "," ","U",116," "," ","U",122," "," ","U",147," "," ","U",127," "," ","U",123," "," ","U",110," "," ","U",147," "," ","U",174," "," ","U",192," "," ","U",195," "," ","U",198," "," ","U",188," "," ","U",174," "," ","U",172," "," ","U",178," "," ","U",127," "," ","U",126," "," ","U",81," "," ","U",62," "," ","U",87," "," ","U",68," "," ","U",100," "," ","U",108," "," ","U",119," "," ","U",123," "," ","U",122," "," ","U",NA," "," "," "
"97","USR0000IFEN",2000,10,"TMAX",161,"H"," ","U",167,"H"," ","U",183,"H"," ","U",189,"H"," ","U",183,"H"," ","U",194,"H"," ","U",206,"H"," ","U",222,"H"," ","U",222,"H"," ","U",144,"H"," ","U",128,"H"," ","U",117,"H"," ","U",94,"H"," ","U",156,"H"," ","U",194,"H"," ","U",183,"H"," ","U",206,"H"," ","U",144,"H"," ","U",167,"H"," ","U",117,"H"," ","U",89,"H"," ","U",122,"H"," ","U",156,"H"," ","U",156,"H"," ","U",150,"H"," ","U",44,"H","S","U",NA," "," "," ",NA," "," "," ",NA," "," "," ",NA," "," "," ",NA," "," "," "
"98","USR0000IFEN",2000,10,"TMIN",100,"H"," ","U",67,"H"," ","U",56,"H"," ","U",33,"H"," ","U",11,"H"," ","U",0,"H"," ","U",6,"H"," ","U",11,"H"," ","U",22,"H"," ","U",56,"H"," ","U",83,"H"," ","U",89,"H"," ","U",83,"H"," ","U",72,"H"," ","U",50,"H"," ","U",56,"H"," ","U",44,"H"," ","U",56,"H"," ","U",72,"H"," ","U",56,"H"," ","U",39,"H"," ","U",22,"H"," ","U",-6,"H"," ","U",22,"H"," ","U",22,"H"," ","U",33,"H"," ","U",NA," "," "," ",NA," "," "," ",NA," "," "," ",NA," "," "," ",NA," "," "," "
"99","USR0000IFEN",2000,10,"TAVG",132," "," ","U",102," "," ","U",91," "," ","U",82," "," ","U",68," "," ","U",64," "," ","U",76," "," ","U",92," "," ","U",104," "," ","U",95," "," ","U",101," "," ","U",101," "," ","U",87," "," ","U",99," "," ","U",101," "," ","U",99," "," ","U",106," "," ","U",95," "," ","U",101," "," ","U",91," "," ","U",66," "," ","U",55," "," ","U",53," "," ","U",61," "," ","U",62," "," ","U",39," "," ","U",NA," "," "," ",NA," "," "," ",NA," "," "," ",NA," "," "," ",NA," "," "," "
"100","USR0000IFEN",2001,4,"TMAX",NA," "," "," ",NA," "," "," ",NA," "," "," ",NA," "," "," ",NA," "," "," ",NA," "," "," ",NA," "," "," ",NA," "," "," ",NA," "," "," ",NA," "," "," ",NA," "," "," ",NA," "," "," ",NA," "," "," ",NA," "," "," ",NA," "," "," ",NA," "," "," ",NA," "," "," ",NA," "," "," ",NA," "," "," ",NA," "," "," ",NA," "," "," ",NA," "," "," ",NA," "," "," ",NA," "," "," ",NA," "," "," ",294,"H"," ","U",261,"H"," ","U",117,"H"," ","U",161,"H"," ","U",106,"H"," ","U",NA," "," "," "
"101","USR0000IFEN",2001,4,"TMIN",NA," "," "," ",NA," "," "," ",NA," "," "," ",NA," "," "," ",NA," "," "," ",NA," "," "," ",NA," "," "," ",NA," "," "," ",NA," "," "," ",NA," "," "," ",NA," "," "," ",NA," "," "," ",NA," "," "," ",NA," "," "," ",NA," "," "," ",NA," "," "," ",NA," "," "," ",NA," "," "," ",NA," "," "," ",NA," "," "," ",NA," "," "," ",NA," "," "," ",NA," "," "," ",NA," "," "," ",NA," "," "," ",117,"H"," ","U",94,"H"," ","U",50,"H"," ","U",39,"H"," ","U",61,"H"," ","U",NA," "," "," "
"102","USR0000IFEN",2001,4,"TAVG",NA," "," "," ",NA," "," "," ",NA," "," "," ",NA," "," "," ",NA," "," "," ",NA," "," "," ",NA," "," "," ",NA," "," "," ",NA," "," "," ",NA," "," "," ",NA," "," "," ",NA," "," "," ",NA," "," "," ",NA," "," "," ",NA," "," "," ",NA," "," "," ",NA," "," "," ",NA," "," "," ",NA," "," "," ",NA," "," "," ",NA," "," "," ",NA," "," "," ",NA," "," "," ",NA," "," "," ",NA," "," "," ",194," "," ","U",154," "," ","U",83," "," ","U",94," "," ","U",84," "," ","U",NA," "," "," "
"103","USR0000IFEN",2001,5,"TMAX",89,"H"," ","U",117,"H"," ","U",211,"H"," ","U",250,"H"," ","U",156,"H"," ","U",194,"H"," ","U",250,"H"," ","U",239,"H"," ","U",233,"H"," ","U",228,"H"," ","U",300,"H"," ","U",294,"H"," ","U",200,"H"," ","U",178,"H"," ","U",172,"H"," ","U",172,"H"," ","U",206,"H"," ","U",189,"H"," ","U",239,"H"," ","U",211,"H"," ","U",256,"H"," ","U",339,"H"," ","U",367,"H"," ","U",356,"H"," ","U",322,"H"," ","U",328,"H"," ","U",294,"H"," ","U",244,"H"," ","U",206,"H"," ","U",250,"H"," ","U",306,"H"," ","U"
"104","USR0000IFEN",2001,5,"TMIN",39,"H"," ","U",28,"H"," ","U",22,"H"," ","U",28,"H"," ","U",28,"H"," ","U",0,"H"," ","U",6,"H"," ","U",44,"H"," ","U",67,"H"," ","U",56,"H"," ","U",44,"H"," ","U",67,"H"," ","U",100,"H"," ","U",89,"H"," ","U",94,"H"," ","U",39,"H"," ","U",28,"H"," ","U",56,"H"," ","U",44,"H"," ","U",44,"H"," ","U",22,"H"," ","U",50,"H"," ","U",72,"H"," ","U",111,"H"," ","U",122,"H"," ","U",100,"H"," ","U",89,"H"," ","U",106,"H"," ","U",50,"H"," ","U",28,"H"," ","U",72,"H"," ","U"
"105","USR0000IFEN",2001,5,"TAVG",55," "," ","U",64," "," ","U",100," "," ","U",131," "," ","U",103," "," ","U",89," "," ","U",122," "," ","U",134," "," ","U",146," "," ","U",134," "," ","U",168," "," ","U",175," "," ","U",143," "," ","U",119," "," ","U",126," "," ","U",113," "," ","U",121," "," ","U",116," "," ","U",141," "," ","U",137," "," ","U",140," "," ","U",178," "," ","U",206," "," ","U",233," "," ","U",217," "," ","U",199," "," ","U",189," "," ","U",173," "," ","U",134," "," ","U",146," "," ","U",179," "," ","U"
"106","USR0000IFEN",2001,6,"TMAX",344,"H"," ","U",189,"H"," ","U",133,"H"," ","U",111,"H"," ","U",161,"H"," ","U",233,"H"," ","U",244,"H"," ","U",300,"H"," ","U",250,"H"," ","U",172,"H"," ","U",222,"H"," ","U",117,"H"," ","U",133,"H"," ","U",233,"H"," ","U",244,"H"," ","U",283,"H"," ","U",228,"H"," ","U",256,"H"," ","U",294,"H"," ","U",333,"H"," ","U",344,"H"," ","U",333,"H"," ","U",300,"H"," ","U",233,"H"," ","U",239,"H"," ","U",300,"H"," ","U",306,"H"," ","U",278,"H"," ","U",317,"H"," ","U",333,"H"," ","U",NA," "," "," "
"107","USR0000IFEN",2001,6,"TMIN",78,"H"," ","U",94,"H"," ","U",72,"H"," ","U",50,"H"," ","U",39,"H"," ","U",78,"H"," ","U",72,"H"," ","U",83,"H"," ","U",133,"H"," ","U",100,"H"," ","U",83,"H"," ","U",61,"H"," ","U",61,"H"," ","U",50,"H"," ","U",72,"H"," ","U",56,"H"," ","U",61,"H"," ","U",61,"H"," ","U",56,"H"," ","U",78,"H"," ","U",94,"H"," ","U",117,"H"," ","U",128,"H"," ","U",122,"H"," ","U",100,"H"," ","U",128,"H"," ","U",150,"H"," ","U",133,"H"," ","U",128,"H"," ","U",128,"H"," ","U",NA," "," "," "
"108","USR0000IFEN",2001,6,"TAVG",203," "," ","U",136," "," ","U",90," "," ","U",77," "," ","U",106," "," ","U",143," "," ","U",136," "," ","U",186," "," ","U",188," "," ","U",136," "," ","U",153," "," ","U",82," "," ","U",95," "," ","U",138," "," ","U",155," "," ","U",166," "," ","U",144," "," ","U",154," "," ","U",172," "," ","U",197," "," ","U",210," "," ","U",217," "," ","U",212," "," ","U",176," "," ","U",169," "," ","U",198," "," ","U",194," "," ","U",199," "," ","U",207," "," ","U",222," "," ","U",NA," "," "," "
"109","USR0000IFEN",2001,7,"TMAX",322,"H"," ","U",344,"H"," ","U",378,"H"," ","U",367,"H"," ","U",278,"H"," ","U",300,"H"," ","U",317,"H"," ","U",339,"H"," ","U",361,"H"," ","U",378,"H"," ","U",350,"H"," ","U",328,"H"," ","U",267,"H"," ","U",339,"H"," ","U",272,"H"," ","U",211,"H"," ","U",233,"H"," ","U",267,"H"," ","U",294,"H"," ","U",311,"H"," ","U",272,"H"," ","U",311,"H"," ","U",322,"H"," ","U",333,"H"," ","U",328,"H"," ","U",333,"H"," ","U",361,"H"," ","U",272,"H"," ","U",222,"H"," ","U",189,"H"," ","U",267,"H"," ","U"
"110","USR0000IFEN",2001,7,"TMIN",156,"H"," ","U",128,"H"," ","U",122,"H"," ","U",189,"H"," ","U",156,"H"," ","U",133,"H"," ","U",106,"H"," ","U",156,"H"," ","U",150,"H"," ","U",156,"H"," ","U",139,"H"," ","U",167,"H"," ","U",161,"H"," ","U",150,"H"," ","U",150,"H"," ","U",122,"H"," ","U",122,"H"," ","U",111,"H"," ","U",133,"H"," ","U",133,"H"," ","U",139,"H"," ","U",117,"H"," ","U",111,"H"," ","U",117,"H"," ","U",122,"H"," ","U",111,"H"," ","U",106,"H"," ","U",117,"H"," ","U",111,"H"," ","U",122,"H"," ","U",111,"H"," ","U"
"111","USR0000IFEN",2001,7,"TAVG",227," "," ","U",223," "," ","U",234," "," ","U",253," "," ","U",209," "," ","U",213," "," ","U",204," "," ","U",236," "," ","U",250," "," ","U",248," "," ","U",228," "," ","U",215," "," ","U",196," "," ","U",232," "," ","U",193," "," ","U",150," "," ","U",161," "," ","U",170," "," ","U",197," "," ","U",203," "," ","U",191," "," ","U",205," "," ","U",211," "," ","U",223," "," ","U",217," "," ","U",214," "," ","U",221," "," ","U",187," "," ","U",158," "," ","U",149," "," ","U",168," "," ","U"
"112","USR0000IFEN",2001,8,"TMAX",317,"H"," ","U",344,"H"," ","U",350,"H"," ","U",283,"H"," ","U",350,"H"," ","U",378,"H"," ","U",361,"H"," ","U",361,"H"," ","U",367,"H"," ","U",367,"H"," ","U",372,"H"," ","U",389,"H"," ","U",361,"H"," ","U",361,"H"," ","U",372,"H"," ","U",378,"H"," ","U",383,"H"," ","U",322,"H"," ","U",300,"H"," ","U",328,"H"," ","U",322,"H"," ","U",256,"H"," ","U",294,"H"," ","U",283,"H"," ","U",339,"H"," ","U",372,"H"," ","U",361,"H"," ","U",328,"H"," ","U",350,"H"," ","U",361,"H"," ","U",328,"H"," ","U"
"113","USR0000IFEN",2001,8,"TMIN",94,"H"," ","U",122,"H"," ","U",122,"H"," ","U",128,"H"," ","U",133,"H"," ","U",128,"H"," ","U",144,"H"," ","U",144,"H"," ","U",122,"H"," ","U",122,"H"," ","U",122,"H"," ","U",122,"H"," ","U",156,"H"," ","U",144,"H"," ","U",133,"H"," ","U",122,"H"," ","U",117,"H"," ","U",117,"H"," ","U",94,"H"," ","U",78,"H"," ","U",89,"H"," ","U",94,"H"," ","U",128,"H"," ","U",106,"H"," ","U",72,"H"," ","U",83,"H"," ","U",122,"H"," ","U",111,"H"," ","U",94,"H"," ","U",100,"H"," ","U",117,"H"," ","U"
"114","USR0000IFEN",2001,8,"TAVG",202," "," ","U",223," "," ","U",221," "," ","U",186," "," ","U",221," "," ","U",236," "," ","U",243," "," ","U",234," "," ","U",227," "," ","U",230," "," ","U",228," "," ","U",242," "," ","U",240," "," ","U",234," "," ","U",230," "," ","U",226," "," ","U",228," "," ","U",214," "," ","U",187," "," ","U",189," "," ","U",192," "," ","U",169," "," ","U",201," "," ","U",192," "," ","U",184," "," ","U",213," "," ","U",223," "," ","U",205," "," ","U",206," "," ","U",214," "," ","U",194," "," ","U"
"115","USR0000IFEN",2001,9,"TMAX",328,"H"," ","U",322,"H"," ","U",333,"H"," ","U",344,"H"," ","U",211,"H"," ","U",239,"H"," ","U",222,"H"," ","U",272,"H"," ","U",322,"H"," ","U",289,"H"," ","U",333,"H"," ","U",333,"H"," ","U",333,"H"," ","U",344,"H"," ","U",339,"H"," ","U",322,"H"," ","U",311,"H"," ","U",311,"H"," ","U",250,"H"," ","U",300,"H"," ","U",272,"H"," ","U",311,"H"," ","U",333,"H"," ","U",328,"H"," ","U",267,"H"," ","U",222,"H"," ","U",250,"H"," ","U",161,"H"," ","U",261,"H"," ","U",278,"H"," ","U",NA," "," "," "
"116","USR0000IFEN",2001,9,"TMIN",111,"H"," ","U",106,"H"," ","U",106,"H"," ","U",94,"H"," ","U",111,"H"," ","U",122,"H"," ","U",67,"H"," ","U",39,"H"," ","U",44,"H"," ","U",61,"H"," ","U",67,"H"," ","U",94,"H"," ","U",122,"H"," ","U",111,"H"," ","U",94,"H"," ","U",89,"H"," ","U",111,"H"," ","U",94,"H"," ","U",72,"H"," ","U",44,"H"," ","U",56,"H"," ","U",50,"H"," ","U",72,"H"," ","U",83,"H"," ","U",72,"H"," ","U",106,"H"," ","U",94,"H"," ","U",72,"H"," ","U",61,"H"," ","U",39,"H"," ","U",NA," "," "," "
"117","USR0000IFEN",2001,9,"TAVG",204," "," ","U",194," "," ","U",206," "," ","U",214," "," ","U",157," "," ","U",166," "," ","U",137," "," ","U",141," "," ","U",159," "," ","U",158," "," ","U",177," "," ","U",198," "," ","U",210," "," ","U",201," "," ","U",190," "," ","U",191," "," ","U",186," "," ","U",182," "," ","U",144," "," ","U",145," "," ","U",140," "," ","U",154," "," ","U",170," "," ","U",172," "," ","U",164," "," ","U",136," "," ","U",160," "," ","U",130," "," ","U",128," "," ","U",125," "," ","U",NA," "," "," "
"118","USR0000IFEN",2001,10,"TMAX",294,"H"," ","U",261,"H"," ","U",272,"H"," ","U",239,"H"," ","U",228,"H"," ","U",244,"H"," ","U",178,"H"," ","U",128,"H"," ","U",111,"H"," ","U",183,"H"," ","U",106,"H"," ","U",72,"H"," ","U",150,"H"," ","U",161,"H"," ","U",189,"H"," ","U",194,"H"," ","U",144,"H"," ","U",111,"H"," ","U",89,"H"," ","U",167,"H"," ","U",150,"H"," ","U",94,"H"," ","U",61,"H","I","U",117,"H"," ","U",100,"H"," ","U",178,"H"," ","U",111,"H"," ","U",83,"H"," ","U",94,"H"," ","U",NA," "," "," ",NA," "," "," "
"119","USR0000IFEN",2001,10,"TMIN",56,"H"," ","U",56,"H"," ","U",39,"H"," ","U",22,"H"," ","U",-6,"H"," ","U",6,"H"," ","U",17,"H"," ","U",67,"H"," ","U",61,"H"," ","U",22,"H"," ","U",61,"H"," ","U",44,"H"," ","U",61,"H"," ","U",67,"H"," ","U",33,"H"," ","U",28,"H"," ","U",28,"H"," ","U",22,"H"," ","U",61,"H"," ","U",39,"H"," ","U",28,"H"," ","U",72,"H","I","U",44,"H"," ","U",28,"H"," ","U",11,"H"," ","U",17,"H"," ","U",11,"H"," ","U",56,"H"," ","U",56,"H"," ","U",NA," "," "," ",NA," "," "," "
"120","USR0000IFEN",2001,10,"TAVG",141," "," ","U",127," "," ","U",121," "," ","U",104," "," ","U",84," "," ","U",88," "," ","U",98," "," ","U",92," "," ","U",81," "," ","U",92," "," ","U",75," "," ","U",59," "," ","U",97," "," ","U",89," "," ","U",89," "," ","U",100," "," ","U",84," "," ","U",63," "," ","U",76," "," ","U",93," "," ","U",86," "," ","U",81," "," ","U",51," "," ","U",56," "," ","U",49," "," ","U",69," "," ","U",69," "," ","U",68," "," ","U",66," "," ","U",NA," "," "," ",NA," "," "," "
"121","USR0000IFEN",2002,5,"TMAX",NA," "," "," ",NA," "," "," ",NA," "," "," ",NA," "," "," ",NA," "," "," ",NA," "," "," ",NA," "," "," ",133,"H"," ","U",161,"H"," ","U",183,"H"," ","U",211,"H"," ","U",261,"H"," ","U",272,"H"," ","U",167,"H"," ","U",194,"H"," ","U",233,"H"," ","U",217,"H"," ","U",300,"H"," ","U",289,"H"," ","U",172,"H"," ","U",106,"H"," ","U",117,"H"," ","U",156,"H"," ","U",233,"H"," ","U",239,"H"," ","U",244,"H"," ","U",267,"H"," ","U",261,"H"," ","U",289,"H"," ","U",222,"H"," ","U",278,"H"," ","U"
"122","USR0000IFEN",2002,5,"TMIN",NA," "," "," ",NA," "," "," ",NA," "," "," ",NA," "," "," ",NA," "," "," ",NA," "," "," ",NA," "," "," ",83,"H"," ","U",94,"H"," ","U",83,"H"," ","U",83,"H"," ","U",89,"H"," ","U",122,"H"," ","U",89,"H"," ","U",83,"H"," ","U",61,"H"," ","U",50,"H"," ","U",67,"H"," ","U",83,"H"," ","U",83,"H"," ","U",78,"H"," ","U",72,"H"," ","U",61,"H"," ","U",61,"H"," ","U",44,"H"," ","U",106,"H"," ","U",100,"H"," ","U",128,"H"," ","U",122,"H"," ","U",94,"H"," ","U",83,"H"," ","U"
"123","USR0000IFEN",2002,5,"TAVG",NA," "," "," ",NA," "," "," ",NA," "," "," ",NA," "," "," ",NA," "," "," ",NA," "," "," ",NA," "," "," ",112," "," ","U",136," "," ","U",143," "," ","U",169," "," ","U",196," "," ","U",204," "," ","U",136," "," ","U",158," "," ","U",158," "," ","U",131," "," ","U",179," "," ","U",178," "," ","U",128," "," ","U",91," "," ","U",87," "," ","U",99," "," ","U",134," "," ","U",149," "," ","U",167," "," ","U",189," "," ","U",176," "," ","U",200," "," ","U",168," "," ","U",167," "," ","U"
"124","USR0000IFEN",2002,6,"TMAX",156,"H"," ","U",244,"H"," ","U",272,"H"," ","U",272,"H"," ","U",261,"H"," ","U",217,"H"," ","U",189,"H"," ","U",72,"H"," ","U",128,"H"," ","U",144,"H"," ","U",250,"H"," ","U",283,"H"," ","U",322,"H"," ","U",328,"H"," ","U",344,"H"," ","U",317,"H"," ","U",239,"H"," ","U",161,"H"," ","U",244,"H"," ","U",306,"H"," ","U",261,"H"," ","U",294,"H"," ","U",306,"H"," ","U",328,"H"," ","U",344,"H"," ","U",361,"H"," ","U",350,"H"," ","U",311,"H"," ","U",233,"H"," ","U",267,"H"," ","U",NA," "," "," "
"125","USR0000IFEN",2002,6,"TMIN",100,"H"," ","U",94,"H"," ","U",89,"H"," ","U",83,"H"," ","U",94,"H"," ","U",67,"H"," ","U",39,"H"," ","U",44,"H"," ","U",56,"H"," ","U",83,"H"," ","U",78,"H"," ","U",67,"H"," ","U",78,"H"," ","U",89,"H"," ","U",100,"H"," ","U",111,"H"," ","U",111,"H"," ","U",89,"H"," ","U",83,"H"," ","U",83,"H"," ","U",94,"H"," ","U",122,"H"," ","U",111,"H"," ","U",117,"H"," ","U",122,"H"," ","U",122,"H"," ","U",150,"H"," ","U",167,"H"," ","U",139,"H"," ","U",111,"H"," ","U",NA," "," "," "
"126","USR0000IFEN",2002,6,"TAVG",129," "," ","U",162," "," ","U",172," "," ","U",173," "," ","U",166," "," ","U",151," "," ","U",122," "," ","U",58," "," ","U",86," "," ","U",107," "," ","U",150," "," ","U",171," "," ","U",195," "," ","U",200," "," ","U",213," "," ","U",212," "," ","U",188," "," ","U",118," "," ","U",148," "," ","U",183," "," ","U",157," "," ","U",204," "," ","U",196," "," ","U",217," "," ","U",226," "," ","U",219," "," ","U",248," "," ","U",231," "," ","U",177," "," ","U",188," "," ","U",NA," "," "," "
"127","USR0000IFEN",2002,7,"TMAX",261,"H"," ","U",311,"H"," ","U",294,"H"," ","U",261,"H"," ","U",300,"H"," ","U",350,"H"," ","U",328,"H"," ","U",256,"H"," ","U",328,"H"," ","U",389,"H"," ","U",356,"H"," ","U",372,"H"," ","U",394,"H"," ","U",339,"H"," ","U",350,"H"," ","U",372,"H"," ","U",389,"H"," ","U",344,"H"," ","U",311,"H"," ","U",328,"H"," ","U",356,"H"," ","U",361,"H"," ","U",383,"H"," ","U",383,"H"," ","U",350,"H"," ","U",333,"H"," ","U",294,"H"," ","U",328,"H"," ","U",333,"H"," ","U",344,"H"," ","U",278,"H"," ","U"
"128","USR0000IFEN",2002,7,"TMIN",100,"H"," ","U",89,"H"," ","U",111,"H"," ","U",100,"H"," ","U",83,"H"," ","U",94,"H"," ","U",139,"H"," ","U",122,"H"," ","U",106,"H"," ","U",106,"H"," ","U",128,"H"," ","U",150,"H"," ","U",172,"H"," ","U",194,"H"," ","U",161,"H"," ","U",172,"H"," ","U",156,"H"," ","U",161,"H"," ","U",172,"H"," ","U",144,"H"," ","U",117,"H"," ","U",122,"H"," ","U",161,"H"," ","U",156,"H"," ","U",144,"H"," ","U",139,"H"," ","U",133,"H"," ","U",106,"H"," ","U",150,"H"," ","U",128,"H"," ","U",94,"H"," ","U"
"129","USR0000IFEN",2002,7,"TAVG",175," "," ","U",189," "," ","U",185," "," ","U",177," "," ","U",186," "," ","U",222," "," ","U",203," "," ","U",182," "," ","U",202," "," ","U",213," "," ","U",209," "," ","U",224," "," ","U",261," "," ","U",261," "," ","U",242," "," ","U",248," "," ","U",241," "," ","U",238," "," ","U",229," "," ","U",229," "," ","U",224," "," ","U",232," "," ","U",247," "," ","U",226," "," ","U",230," "," ","U",231," "," ","U",209," "," ","U",220," "," ","U",234," "," ","U",232," "," ","U",184," "," ","U"
"130","USR0000IFEN",2002,8,"TMAX",317,"H"," ","U",300,"H"," ","U",328,"H"," ","U",272,"H"," ","U",272,"H"," ","U",244,"H"," ","U",244,"H"," ","U",278,"H"," ","U",328,"H"," ","U",356,"H"," ","U",311,"H"," ","U",322,"H"," ","U",350,"H"," ","U",356,"H"," ","U",344,"H"," ","U",306,"H"," ","U",311,"H"," ","U",311,"H"," ","U",328,"H"," ","U",289,"H"," ","U",161,"H"," ","U",200,"H"," ","U",311,"H"," ","U",306,"H"," ","U",322,"H"," ","U",283,"H"," ","U",306,"H"," ","U",350,"H"," ","U",300,"H"," ","U",283,"H"," ","U",322,"H"," ","U"
"131","USR0000IFEN",2002,8,"TMIN",67,"H"," ","U",83,"H"," ","U",72,"H"," ","U",144,"H"," ","U",100,"H"," ","U",128,"H"," ","U",94,"H"," ","U",72,"H"," ","U",83,"H"," ","U",83,"H"," ","U",117,"H"," ","U",89,"H"," ","U",94,"H"," ","U",94,"H"," ","U",94,"H"," ","U",89,"H"," ","U",50,"H"," ","U",78,"H"," ","U",83,"H"," ","U",111,"H"," ","U",94,"H"," ","U",100,"H"," ","U",83,"H"," ","U",122,"H"," ","U",111,"H"," ","U",128,"H"," ","U",122,"H"," ","U",122,"H"," ","U",128,"H"," ","U",111,"H"," ","U",122,"H"," ","U"
"132","USR0000IFEN",2002,8,"TAVG",184," "," ","U",184," "," ","U",190," "," ","U",191," "," ","U",176," "," ","U",178," "," ","U",161," "," ","U",163," "," ","U",189," "," ","U",194," "," ","U",213," "," ","U",199," "," ","U",203," "," ","U",193," "," ","U",210," "," ","U",190," "," ","U",173," "," ","U",190," "," ","U",190," "," ","U",182," "," ","U",123," "," ","U",139," "," ","U",186," "," ","U",184," "," ","U",206," "," ","U",193," "," ","U",198," "," ","U",194," "," ","U",187," "," ","U",187," "," ","U",203," "," ","U"
"133","USR0000IFEN",2002,9,"TMAX",306,"H"," ","U",328,"H"," ","U",322,"H"," ","U",289,"H"," ","U",289,"H"," ","U",228,"H"," ","U",233,"H"," ","U",239,"H"," ","U",278,"H"," ","U",317,"H"," ","U",328,"H"," ","U",333,"H"," ","U",333,"H"," ","U",317,"H"," ","U",278,"H"," ","U",272,"H"," ","U",178,"H"," ","U",222,"H"," ","U",267,"H"," ","U",233,"H"," ","U",228,"H"," ","U",250,"H"," ","U",278,"H"," ","U",278,"H"," ","U",256,"H"," ","U",233,"H"," ","U",178,"H"," ","U",239,"H"," ","U",144,"H"," ","U",122,"H"," ","U",NA," "," "," "
"134","USR0000IFEN",2002,9,"TMIN",106,"H"," ","U",111,"H"," ","U",117,"H"," ","U",117,"H"," ","U",83,"H"," ","U",94,"H"," ","U",100,"H"," ","U",72,"H"," ","U",61,"H"," ","U",67,"H"," ","U",72,"H"," ","U",78,"H"," ","U",72,"H"," ","U",72,"H"," ","U",100,"H"," ","U",94,"H"," ","U",117,"H"," ","U",94,"H"," ","U",61,"H"," ","U",39,"H"," ","U",17,"H"," ","U",22,"H"," ","U",39,"H"," ","U",50,"H"," ","U",44,"H"," ","U",39,"H"," ","U",94,"H"," ","U",61,"H"," ","U",50,"H"," ","U",44,"H"," ","U",NA," "," "," "
"135","USR0000IFEN",2002,9,"TAVG",200," "," ","U",207," "," ","U",202," "," ","U",189," "," ","U",178," "," ","U",144," "," ","U",141," "," ","U",136," "," ","U",144," "," ","U",164," "," ","U",174," "," ","U",178," "," ","U",175," "," ","U",176," "," ","U",176," "," ","U",164," "," ","U",132," "," ","U",138," "," ","U",147," "," ","U",138," "," ","U",95," "," ","U",109," "," ","U",127," "," ","U",130," "," ","U",122," "," ","U",122," "," ","U",123," "," ","U",123," "," ","U",91," "," ","U",74," "," ","U",NA," "," "," "
"136","USR0000IFEN",2002,10,"TMAX",161,"H"," ","U",183,"H"," ","U",133,"H"," ","U",172,"H"," ","U",139,"H"," ","U",228,"H"," ","U",233,"H"," ","U",228,"H"," ","U",239,"H"," ","U",178,"H"," ","U",133,"H"," ","U",167,"H"," ","U",183,"H"," ","U",194,"H"," ","U",172,"H"," ","U",194,"H"," ","U",194,"H"," ","U",189,"H"," ","U",178,"H"," ","U",172,"H"," ","U",194,"H"," ","U",200,"H"," ","U",156,"H"," ","U",144,"H"," ","U",144,"H"," ","U",144,"H"," ","U",94,"H"," ","U",67,"H"," ","U",44,"H"," ","U",17,"H"," ","U",44,"H"," ","U"
"137","USR0000IFEN",2002,10,"TMIN",39,"H"," ","U",33,"H"," ","U",44,"H"," ","U",89,"H"," ","U",89,"H"," ","U",78,"H"," ","U",67,"H"," ","U",61,"H"," ","U",50,"H"," ","U",33,"H"," ","U",0,"H"," ","U",-11,"H"," ","U",-22,"H"," ","U",-22,"H"," ","U",-17,"H"," ","U",-11,"H"," ","U",0,"H"," ","U",-11,"H"," ","U",-11,"H"," ","U",33,"H"," ","U",33,"H"," ","U",6,"H"," ","U",-17,"H"," ","U",-33,"H"," ","U",-39,"H"," ","U",-39,"H"," ","U",-39,"H"," ","U",39,"H"," ","U",-17,"H"," ","U",-56,"H"," ","U",-83,"H"," ","U"
"138","USR0000IFEN",2002,10,"TAVG",79," "," ","U",77," "," ","U",86," "," ","U",110," "," ","U",102," "," ","U",122," "," ","U",111," "," ","U",115," "," ","U",108," "," ","U",92," "," ","U",61," "," ","U",47," "," ","U",51," "," ","U",51," "," ","U",53," "," ","U",60," "," ","U",61," "," ","U",59," "," ","U",56," "," ","U",83," "," ","U",81," "," ","U",72," "," ","U",41," "," ","U",22," "," ","U",16," "," ","U",13," "," ","U",31," "," ","U",49," "," ","U",14," "," ","U",-23," "," ","U",-36," "," ","U"
"139","USR0000IFEN",2003,1,"TMAX",NA," "," "," ",NA," "," "," ",NA," "," "," ",NA," "," "," ",NA," "," "," ",83,"H","D","U",NA," "," "," ",NA," "," "," ",NA," "," "," ",NA," "," "," ",NA," "," "," ",NA," "," "," ",NA," "," "," ",NA," "," "," ",NA," "," "," ",NA," "," "," ",NA," "," "," ",NA," "," "," ",NA," "," "," ",NA," "," "," ",NA," "," "," ",NA," "," "," ",NA," "," "," ",NA," "," "," ",NA," "," "," ",NA," "," "," ",NA," "," "," ",NA," "," "," ",NA," "," "," ",NA," "," "," ",NA," "," "," "
"140","USR0000IFEN",2003,1,"TMIN",NA," "," "," ",NA," "," "," ",NA," "," "," ",NA," "," "," ",NA," "," "," ",83,"H","D","U",NA," "," "," ",NA," "," "," ",NA," "," "," ",NA," "," "," ",NA," "," "," ",NA," "," "," ",NA," "," "," ",NA," "," "," ",NA," "," "," ",NA," "," "," ",NA," "," "," ",NA," "," "," ",NA," "," "," ",NA," "," "," ",NA," "," "," ",NA," "," "," ",NA," "," "," ",NA," "," "," ",NA," "," "," ",NA," "," "," ",NA," "," "," ",NA," "," "," ",NA," "," "," ",NA," "," "," ",NA," "," "," "
"141","USR0000IFEN",2003,1,"TAVG",NA," "," "," ",NA," "," "," ",NA," "," "," ",NA," "," "," ",NA," "," "," ",83," "," ","U",NA," "," "," ",NA," "," "," ",NA," "," "," ",NA," "," "," ",NA," "," "," ",NA," "," "," ",NA," "," "," ",NA," "," "," ",NA," "," "," ",NA," "," "," ",NA," "," "," ",NA," "," "," ",NA," "," "," ",NA," "," "," ",NA," "," "," ",NA," "," "," ",NA," "," "," ",NA," "," "," ",NA," "," "," ",NA," "," "," ",NA," "," "," ",NA," "," "," ",NA," "," "," ",NA," "," "," ",NA," "," "," "
"142","USR0000IFEN",2003,4,"TMAX",NA," "," "," ",NA," "," "," ",NA," "," "," ",NA," "," "," ",NA," "," "," ",NA," "," "," ",NA," "," "," ",NA," "," "," ",NA," "," "," ",NA," "," "," ",NA," "," "," ",NA," "," "," ",NA," "," "," ",NA," "," "," ",NA," "," "," ",NA," "," "," ",NA," "," "," ",NA," "," "," ",NA," "," "," ",NA," "," "," ",NA," "," "," ",NA," "," "," ",NA," "," "," ",194,"H"," ","U",150,"H"," ","U",117,"H"," ","U",183,"H"," ","U",200,"H"," ","U",178,"H"," ","U",133,"H"," ","U",NA," "," "," "
"143","USR0000IFEN",2003,4,"TMIN",NA," "," "," ",NA," "," "," ",NA," "," "," ",NA," "," "," ",NA," "," "," ",NA," "," "," ",NA," "," "," ",NA," "," "," ",NA," "," "," ",NA," "," "," ",NA," "," "," ",NA," "," "," ",NA," "," "," ",NA," "," "," ",NA," "," "," ",NA," "," "," ",NA," "," "," ",NA," "," "," ",NA," "," "," ",NA," "," "," ",NA," "," "," ",NA," "," "," ",NA," "," "," ",50,"H"," ","U",33,"H"," ","U",22,"H"," ","U",11,"H"," ","U",17,"H"," ","U",67,"H"," ","U",61,"H"," ","U",NA," "," "," "
"144","USR0000IFEN",2003,4,"TAVG",NA," "," "," ",NA," "," "," ",NA," "," "," ",NA," "," "," ",NA," "," "," ",NA," "," "," ",NA," "," "," ",NA," "," "," ",NA," "," "," ",NA," "," "," ",NA," "," "," ",NA," "," "," ",NA," "," "," ",NA," "," "," ",NA," "," "," ",NA," "," "," ",NA," "," "," ",NA," "," "," ",NA," "," "," ",NA," "," "," ",NA," "," "," ",NA," "," "," ",NA," "," "," ",116," "," ","U",79," "," ","U",56," "," ","U",81," "," ","U",78," "," ","U",123," "," ","U",91," "," ","U",NA," "," "," "
"145","USR0000IFEN",2003,5,"TMAX",183,"H"," ","U",194,"H"," ","U",194,"H"," ","U",128,"H"," ","U",122,"H"," ","U",150,"H"," ","U",167,"H"," ","U",206,"H"," ","U",211,"H"," ","U",222,"H"," ","U",189,"H"," ","U",133,"H"," ","U",244,"H"," ","U",272,"H"," ","U",161,"H"," ","U",156,"H"," ","U",117,"H"," ","U",117,"H"," ","U",217,"H"," ","U",244,"H"," ","U",217,"H"," ","U",283,"H"," ","U",317,"H"," ","U",367,"H"," ","U",233,"H"," ","U",261,"H"," ","U",311,"H"," ","U",350,"H"," ","U",333,"H"," ","U",244,"H"," ","U",261,"H"," ","U"
"146","USR0000IFEN",2003,5,"TMIN",56,"H"," ","U",39,"H"," ","U",44,"H"," ","U",67,"H"," ","U",28,"H"," ","U",22,"H"," ","U",22,"H"," ","U",11,"H"," ","U",44,"H"," ","U",33,"H"," ","U",44,"H"," ","U",83,"H"," ","U",61,"H"," ","U",50,"H"," ","U",61,"H"," ","U",50,"H"," ","U",28,"H"," ","U",6,"H"," ","U",28,"H"," ","U",17,"H"," ","U",83,"H"," ","U",67,"H"," ","U",83,"H"," ","U",94,"H"," ","U",122,"H"," ","U",106,"H"," ","U",94,"H"," ","U",111,"H"," ","U",111,"H"," ","U",144,"H"," ","U",128,"H"," ","U"
"147","USR0000IFEN",2003,5,"TAVG",112," "," ","U",107," "," ","U",107," "," ","U",86," "," ","U",75," "," ","U",67," "," ","U",90," "," ","U",112," "," ","U",127," "," ","U",126," "," ","U",113," "," ","U",103," "," ","U",143," "," ","U",156," "," ","U",113," "," ","U",96," "," ","U",65," "," ","U",51," "," ","U",107," "," ","U",136," "," ","U",147," "," ","U",170," "," ","U",194," "," ","U",221," "," ","U",180," "," ","U",173," "," ","U",192," "," ","U",226," "," ","U",214," "," ","U",175," "," ","U",175," "," ","U"
"148","USR0000IFEN",2003,6,"TMAX",261,"H"," ","U",239,"H"," ","U",261,"H"," ","U",283,"H"," ","U",317,"H"," ","U",306,"H"," ","U",322,"H"," ","U",322,"H"," ","U",317,"H"," ","U",294,"H"," ","U",278,"H"," ","U",317,"H"," ","U",272,"H"," ","U",267,"H"," ","U",294,"H"," ","U",322,"H"," ","U",361,"H"," ","U",367,"H"," ","U",267,"H"," ","U",183,"H"," ","U",206,"H"," ","U",211,"H"," ","U",244,"H"," ","U",228,"H"," ","U",283,"H"," ","U",317,"H"," ","U",322,"H"," ","U",339,"H"," ","U",389,"H"," ","U",317,"H"," ","U",NA," "," "," "
"149","USR0000IFEN",2003,6,"TMIN",106,"H"," ","U",83,"H"," ","U",61,"H"," ","U",67,"H"," ","U",78,"H"," ","U",78,"H"," ","U",83,"H"," ","U",78,"H"," ","U",100,"H"," ","U",122,"H"," ","U",100,"H"," ","U",83,"H"," ","U",111,"H"," ","U",100,"H"," ","U",100,"H"," ","U",94,"H"," ","U",100,"H"," ","U",122,"H"," ","U",150,"H"," ","U",100,"H"," ","U",94,"H"," ","U",72,"H"," ","U",67,"H"," ","U",78,"H"," ","U",100,"H"," ","U",89,"H"," ","U",100,"H"," ","U",117,"H"," ","U",111,"H"," ","U",139,"H"," ","U",NA," "," "," "
"150","USR0000IFEN",2003,6,"TAVG",179," "," ","U",166," "," ","U",161," "," ","U",172," "," ","U",187," "," ","U",187," "," ","U",196," "," ","U",190," "," ","U",217," "," ","U",199," "," ","U",177," "," ","U",193," "," ","U",171," "," ","U",181," "," ","U",195," "," ","U",203," "," ","U",223," "," ","U",217," "," ","U",193," "," ","U",141," "," ","U",141," "," ","U",131," "," ","U",153," "," ","U",136," "," ","U",174," "," ","U",198," "," ","U",210," "," ","U",221," "," ","U",238," "," ","U",226," "," ","U",NA," "," "," "
"151","USR0000IFEN",2003,7,"TMAX",300,"H"," ","U",278,"H"," ","U",311,"H"," ","U",322,"H"," ","U",311,"H"," ","U",333,"H"," ","U",356,"H"," ","U",300,"H"," ","U",339,"H"," ","U",389,"H"," ","U",389,"H"," ","U",372,"H"," ","U",289,"H"," ","U",328,"H"," ","U",394,"H"," ","U",378,"H"," ","U",372,"H"," ","U",411,"H"," ","U",417,"H"," ","U",372,"H"," ","U",394,"H"," ","U",406,"H"," ","U",406,"H"," ","U",278,"H"," ","U",367,"H"," ","U",322,"H"," ","U",394,"H"," ","U",406,"H"," ","U",417,"H"," ","U",422,"H"," ","U",400,"H"," ","U"
"152","USR0000IFEN",2003,7,"TMIN",106,"H"," ","U",94,"H"," ","U",122,"H"," ","U",94,"H"," ","U",94,"H"," ","U",111,"H"," ","U",106,"H"," ","U",133,"H"," ","U",117,"H"," ","U",117,"H"," ","U",133,"H"," ","U",133,"H"," ","U",133,"H"," ","U",117,"H"," ","U",117,"H"," ","U",144,"H"," ","U",144,"H"," ","U",133,"H"," ","U",156,"H"," ","U",156,"H"," ","U",139,"H"," ","U",133,"H"," ","U",161,"H"," ","U",150,"H"," ","U",178,"H"," ","U",178,"H"," ","U",167,"H"," ","U",144,"H"," ","U",139,"H"," ","U",133,"H"," ","U",128,"H"," ","U"
"153","USR0000IFEN",2003,7,"TAVG",200," "," ","U",186," "," ","U",201," "," ","U",205," "," ","U",204," "," ","U",214," "," ","U",227," "," ","U",206," "," ","U",217," "," ","U",238," "," ","U",247," "," ","U",227," "," ","U",212," "," ","U",216," "," ","U",241," "," ","U",251," "," ","U",249," "," ","U",260," "," ","U",268," "," ","U",253," "," ","U",254," "," ","U",258," "," ","U",256," "," ","U",201," "," ","U",244," "," ","U",239," "," ","U",261," "," ","U",257," "," ","U",256," "," ","U",254," "," ","U",245," "," ","U"
"154","USR0000IFEN",2003,8,"TMAX",400,"H"," ","U",333,"H"," ","U",250,"H"," ","U",350,"H"," ","U",367,"H"," ","U",333,"H"," ","U",333,"H"," ","U",389,"H"," ","U",411,"H"," ","U",400,"H"," ","U",344,"H"," ","U",333,"H"," ","U",356,"H"," ","U",389,"H"," ","U",356,"H"," ","U",322,"H"," ","U",328,"H"," ","U",361,"H"," ","U",394,"H"," ","U",350,"H"," ","U",339,"H"," ","U",211,"H"," ","U",306,"H"," ","U",333,"H"," ","U",356,"H"," ","U",350,"H"," ","U",317,"H"," ","U",322,"H"," ","U",339,"H"," ","U",344,"H"," ","U",356,"H"," ","U"
"155","USR0000IFEN",2003,8,"TMIN",133,"H"," ","U",139,"H"," ","U",150,"H"," ","U",144,"H"," ","U",133,"H"," ","U",161,"H"," ","U",139,"H"," ","U",133,"H"," ","U",133,"H"," ","U",133,"H"," ","U",128,"H"," ","U",117,"H"," ","U",139,"H"," ","U",111,"H"," ","U",139,"H"," ","U",144,"H"," ","U",139,"H"," ","U",122,"H"," ","U",122,"H"," ","U",133,"H"," ","U",100,"H"," ","U",172,"H"," ","U",150,"H"," ","U",144,"H"," ","U",122,"H"," ","U",117,"H"," ","U",122,"H"," ","U",94,"H"," ","U",89,"H"," ","U",94,"H"," ","U",89,"H"," ","U"
"156","USR0000IFEN",2003,8,"TAVG",244," "," ","U",222," "," ","U",197," "," ","U",229," "," ","U",226," "," ","U",227," "," ","U",228," "," ","U",242," "," ","U",246," "," ","U",247," "," ","U",220," "," ","U",209," "," ","U",231," "," ","U",233," "," ","U",239," "," ","U",231," "," ","U",218," "," ","U",217," "," ","U",236," "," ","U",219," "," ","U",213," "," ","U",184," "," ","U",209," "," ","U",214," "," ","U",209," "," ","U",215," "," ","U",229," "," ","U",189," "," ","U",194," "," ","U",201," "," ","U",199," "," ","U"
"157","USR0000IFEN",2003,9,"TMAX",350,"H"," ","U",339,"H"," ","U",333,"H"," ","U",300,"H"," ","U",350,"H"," ","U",328,"H"," ","U",294,"H"," ","U",183,"H"," ","U",183,"H"," ","U",206,"H"," ","U",272,"H"," ","U",206,"H"," ","U",239,"H"," ","U",278,"H"," ","U",272,"H"," ","U",150,"H"," ","U",167,"H"," ","U",228,"H"," ","U",283,"H"," ","U",250,"H"," ","U",250,"H"," ","U",278,"H"," ","U",283,"H"," ","U",294,"H"," ","U",306,"H"," ","U",311,"H"," ","U",294,"H"," ","U",300,"H"," ","U",306,"H"," ","U",294,"H"," ","U",NA," "," "," "
"158","USR0000IFEN",2003,9,"TMIN",94,"H"," ","U",100,"H"," ","U",100,"H"," ","U",106,"H"," ","U",133,"H"," ","U",139,"H"," ","U",144,"H"," ","U",100,"H"," ","U",83,"H"," ","U",111,"H"," ","U",128,"H"," ","U",83,"H"," ","U",50,"H"," ","U",39,"H"," ","U",100,"H"," ","U",78,"H"," ","U",50,"H"," ","U",33,"H"," ","U",67,"H"," ","U",67,"H"," ","U",50,"H"," ","U",44,"H"," ","U",50,"H"," ","U",61,"H"," ","U",67,"H"," ","U",72,"H"," ","U",56,"H"," ","U",61,"H"," ","U",72,"H"," ","U",61,"H"," ","U",NA," "," "," "
"159","USR0000IFEN",2003,9,"TAVG",195," "," ","U",187," "," ","U",191," "," ","U",188," "," ","U",212," "," ","U",227," "," ","U",213," "," ","U",128," "," ","U",128," "," ","U",147," "," ","U",162," "," ","U",147," "," ","U",127," "," ","U",147," "," ","U",172," "," ","U",112," "," ","U",88," "," ","U",109," "," ","U",152," "," ","U",144," "," ","U",120," "," ","U",133," "," ","U",142," "," ","U",149," "," ","U",157," "," ","U",156," "," ","U",146," "," ","U",150," "," ","U",159," "," ","U",156," "," ","U",NA," "," "," "
"160","USR0000IFEN",2003,10,"TMAX",289,"H"," ","U",289,"H"," ","U",283,"H"," ","U",267,"H"," ","U",250,"H"," ","U",278,"H"," ","U",217,"H"," ","U",267,"H"," ","U",183,"H"," ","U",133,"H"," ","U",144,"H"," ","U",144,"H"," ","U",161,"H"," ","U",100,"H"," ","U",106,"H"," ","U",94,"H"," ","U",189,"H"," ","U",206,"H"," ","U",194,"H"," ","U",194,"H"," ","U",233,"H"," ","U",233,"H"," ","U",172,"H"," ","U",161,"H"," ","U",156,"H"," ","U",172,"H"," ","U",122,"H"," ","U",128,"H"," ","U",117,"H"," ","U",67,"H"," ","U",67,"H"," ","U"
"161","USR0000IFEN",2003,10,"TMIN",72,"H"," ","U",72,"H"," ","U",61,"H"," ","U",50,"H"," ","U",56,"H"," ","U",83,"H"," ","U",89,"H"," ","U",83,"H"," ","U",56,"H"," ","U",22,"H"," ","U",11,"H"," ","U",78,"H"," ","U",61,"H"," ","U",56,"H"," ","U",44,"H"," ","U",44,"H"," ","U",61,"H"," ","U",67,"H"," ","U",72,"H"," ","U",72,"H"," ","U",83,"H"," ","U",67,"H"," ","U",22,"H"," ","U",-6,"H"," ","U",-17,"H"," ","U",-17,"H"," ","U",22,"H"," ","U",83,"H"," ","U",-6,"H"," ","U",-33,"H"," ","U",-61,"H"," ","U"
"162","USR0000IFEN",2003,10,"TAVG",152," "," ","U",148," "," ","U",142," "," ","U",131," "," ","U",133," "," ","U",146," "," ","U",132," "," ","U",153," "," ","U",117," "," ","U",74," "," ","U",82," "," ","U",101," "," ","U",92," "," ","U",78," "," ","U",75," "," ","U",77," "," ","U",112," "," ","U",114," "," ","U",114," "," ","U",117," "," ","U",126," "," ","U",120," "," ","U",98," "," ","U",50," "," ","U",40," "," ","U",56," "," ","U",77," "," ","U",97," "," ","U",51," "," ","U",7," "," ","U",-22," "," ","U"
"163","USR0000IFEN",2003,11,"TMAX",56,"H"," ","U",44,"H"," ","U",28,"H"," ","U",22,"H"," ","U",33,"H"," ","U",50,"H"," ","U",-44,"H"," ","U",NA," "," "," ",NA," "," "," ",NA," "," "," ",NA," "," "," ",NA," "," "," ",NA," "," "," ",NA," "," "," ",NA," "," "," ",NA," "," "," ",NA," "," "," ",NA," "," "," ",NA," "," "," ",NA," "," "," ",NA," "," "," ",NA," "," "," ",NA," "," "," ",NA," "," "," ",NA," "," "," ",NA," "," "," ",NA," "," "," ",NA," "," "," ",NA," "," "," ",NA," "," "," ",NA," "," "," "
"164","USR0000IFEN",2003,11,"TMIN",-72,"H"," ","U",-28,"H"," ","U",-11,"H"," ","U",-67,"H"," ","U",-89,"H"," ","U",-89,"H"," ","U",-83,"H"," ","U",NA," "," "," ",NA," "," "," ",NA," "," "," ",NA," "," "," ",NA," "," "," ",NA," "," "," ",NA," "," "," ",NA," "," "," ",NA," "," "," ",NA," "," "," ",NA," "," "," ",NA," "," "," ",NA," "," "," ",NA," "," "," ",NA," "," "," ",NA," "," "," ",NA," "," "," ",NA," "," "," ",NA," "," "," ",NA," "," "," ",NA," "," "," ",NA," "," "," ",NA," "," "," ",NA," "," "," "
"165","USR0000IFEN",2003,11,"TAVG",-21," "," ","U",1," "," ","U",2," "," ","U",-16," "," ","U",-45," "," ","U",-38," "," ","U",-72," "," ","U",NA," "," "," ",NA," "," "," ",NA," "," "," ",NA," "," "," ",NA," "," "," ",NA," "," "," ",NA," "," "," ",NA," "," "," ",NA," "," "," ",NA," "," "," ",NA," "," "," ",NA," "," "," ",NA," "," "," ",NA," "," "," ",NA," "," "," ",NA," "," "," ",NA," "," "," ",NA," "," "," ",NA," "," "," ",NA," "," "," ",NA," "," "," ",NA," "," "," ",NA," "," "," ",NA," "," "," "
"166","USR0000IFEN",2004,1,"TMAX",NA," "," "," ",NA," "," "," ",NA," "," "," ",NA," "," "," ",NA," "," "," ",83,"H","D","U",NA," "," "," ",NA," "," "," ",NA," "," "," ",NA," "," "," ",NA," "," "," ",NA," "," "," ",NA," "," "," ",NA," "," "," ",NA," "," "," ",NA," "," "," ",NA," "," "," ",NA," "," "," ",NA," "," "," ",NA," "," "," ",NA," "," "," ",NA," "," "," ",NA," "," "," ",NA," "," "," ",NA," "," "," ",NA," "," "," ",NA," "," "," ",NA," "," "," ",NA," "," "," ",NA," "," "," ",NA," "," "," "
"167","USR0000IFEN",2004,1,"TMIN",NA," "," "," ",NA," "," "," ",NA," "," "," ",NA," "," "," ",NA," "," "," ",83,"H","D","U",NA," "," "," ",NA," "," "," ",NA," "," "," ",NA," "," "," ",NA," "," "," ",NA," "," "," ",NA," "," "," ",NA," "," "," ",NA," "," "," ",NA," "," "," ",NA," "," "," ",NA," "," "," ",NA," "," "," ",NA," "," "," ",NA," "," "," ",NA," "," "," ",NA," "," "," ",NA," "," "," ",NA," "," "," ",NA," "," "," ",NA," "," "," ",NA," "," "," ",NA," "," "," ",NA," "," "," ",NA," "," "," "
"168","USR0000IFEN",2004,1,"TAVG",NA," "," "," ",NA," "," "," ",NA," "," "," ",NA," "," "," ",NA," "," "," ",83," "," ","U",NA," "," "," ",NA," "," "," ",NA," "," "," ",NA," "," "," ",NA," "," "," ",NA," "," "," ",NA," "," "," ",NA," "," "," ",NA," "," "," ",NA," "," "," ",NA," "," "," ",NA," "," "," ",NA," "," "," ",NA," "," "," ",NA," "," "," ",NA," "," "," ",NA," "," "," ",NA," "," "," ",NA," "," "," ",NA," "," "," ",NA," "," "," ",NA," "," "," ",NA," "," "," ",NA," "," "," ",NA," "," "," "
"169","USR0000IFEN",2004,5,"TMAX",NA," "," "," ",NA," "," "," ",272,"H"," ","U",256,"H"," ","U",239,"H"," ","U",261,"H"," ","U",294,"H"," ","U",211,"H"," ","U",222,"H"," ","U",100,"H"," ","U",106,"H"," ","U",139,"H"," ","U",194,"H"," ","U",233,"H"," ","U",222,"H"," ","U",150,"H"," ","U",244,"H"," ","U",172,"H"," ","U",222,"H"," ","U",206,"H"," ","U",194,"H"," ","U",144,"H"," ","U",161,"H"," ","U",211,"H"," ","U",228,"H"," ","U",156,"H"," ","U",239,"H"," ","U",133,"H"," ","U",161,"H"," ","U",178,"H"," ","U",217,"H"," ","U"
"170","USR0000IFEN",2004,5,"TMIN",NA," "," "," ",NA," "," "," ",94,"H"," ","U",72,"H"," ","U",78,"H"," ","U",56,"H"," ","U",89,"H"," ","U",83,"H"," ","U",56,"H"," ","U",50,"H"," ","U",56,"H"," ","U",50,"H"," ","U",33,"H"," ","U",28,"H"," ","U",28,"H"," ","U",89,"H"," ","U",61,"H"," ","U",89,"H"," ","U",100,"H"," ","U",83,"H"," ","U",100,"H"," ","U",83,"H"," ","U",83,"H"," ","U",61,"H"," ","U",56,"H"," ","U",106,"H"," ","U",117,"H"," ","U",72,"H"," ","U",67,"H"," ","U",72,"H"," ","U",89,"H"," ","U"
"171","USR0000IFEN",2004,5,"TAVG",NA," "," "," ",NA," "," "," ",194," "," ","U",176," "," ","U",162," "," ","U",152," "," ","U",179," "," ","U",136," "," ","U",133," "," ","U",75," "," ","U",76," "," ","U",84," "," ","U",106," "," ","U",121," "," ","U",129," "," ","U",111," "," ","U",148," "," ","U",121," "," ","U",143," "," ","U",134," "," ","U",127," "," ","U",108," "," ","U",106," "," ","U",125," "," ","U",142," "," ","U",127," "," ","U",153," "," ","U",101," "," ","U",98," "," ","U",114," "," ","U",139," "," ","U"
"172","USR0000IFEN",2004,6,"TMAX",250,"H"," ","U",294,"H"," ","U",344,"H"," ","U",339,"H"," ","U",261,"H"," ","U",211,"H"," ","U",222,"H"," ","U",211,"H"," ","U",194,"H"," ","U",161,"H"," ","U",189,"H"," ","U",239,"H"," ","U",244,"H"," ","U",222,"H"," ","U",228,"H"," ","U",278,"H"," ","U",294,"H"," ","U",294,"H"," ","U",272,"H"," ","U",289,"H"," ","U",333,"H"," ","U",350,"H"," ","U",372,"H"," ","U",383,"H"," ","U",361,"H"," ","U",328,"H"," ","U",333,"H"," ","U",311,"H"," ","U",289,"H"," ","U",350,"H"," ","U",NA," "," "," "
"173","USR0000IFEN",2004,6,"TMIN",83,"H"," ","U",78,"H"," ","U",78,"H"," ","U",133,"H"," ","U",111,"H"," ","U",72,"H"," ","U",67,"H"," ","U",117,"H"," ","U",117,"H"," ","U",117,"H"," ","U",72,"H"," ","U",67,"H"," ","U",117,"H"," ","U",100,"H"," ","U",72,"H"," ","U",50,"H"," ","U",78,"H"," ","U",83,"H"," ","U",94,"H"," ","U",83,"H"," ","U",100,"H"," ","U",106,"H"," ","U",111,"H"," ","U",133,"H"," ","U",161,"H"," ","U",133,"H"," ","U",150,"H"," ","U",133,"H"," ","U",150,"H"," ","U",133,"H"," ","U",NA," "," "," "
"174","USR0000IFEN",2004,6,"TAVG",157," "," ","U",173," "," ","U",199," "," ","U",221," "," ","U",172," "," ","U",140," "," ","U",151," "," ","U",144," "," ","U",139," "," ","U",131," "," ","U",136," "," ","U",154," "," ","U",168," "," ","U",154," "," ","U",148," "," ","U",168," "," ","U",181," "," ","U",161," "," ","U",157," "," ","U",177," "," ","U",207," "," ","U",218," "," ","U",227," "," ","U",243," "," ","U",252," "," ","U",225," "," ","U",229," "," ","U",198," "," ","U",213," "," ","U",221," "," ","U",NA," "," "," "
"175","USR0000IFEN",2004,7,"TMAX",311,"H"," ","U",333,"H"," ","U",294,"H"," ","U",294,"H"," ","U",311,"H"," ","U",328,"H"," ","U",244,"H"," ","U",267,"H"," ","U",322,"H"," ","U",289,"H"," ","U",283,"H"," ","U",350,"H"," ","U",372,"H"," ","U",394,"H"," ","U",394,"H"," ","U",389,"H"," ","U",406,"H"," ","U",306,"H"," ","U",350,"H"," ","U",317,"H"," ","U",317,"H"," ","U",328,"H"," ","U",NA," "," "," ",383,"H"," ","U",383,"H"," ","U",356,"H"," ","U",339,"H"," ","U",344,"H"," ","U",361,"H"," ","U",361,"H"," ","U",372,"H"," ","U"
"176","USR0000IFEN",2004,7,"TMIN",139,"H"," ","U",122,"H"," ","U",128,"H"," ","U",117,"H"," ","U",106,"H"," ","U",111,"H"," ","U",111,"H"," ","U",89,"H"," ","U",83,"H"," ","U",128,"H"," ","U",122,"H"," ","U",94,"H"," ","U",117,"H"," ","U",133,"H"," ","U",156,"H"," ","U",150,"H"," ","U",167,"H"," ","U",200,"H"," ","U",183,"H"," ","U",156,"H"," ","U",133,"H"," ","U",106,"H"," ","U",NA," "," "," ",167,"H"," ","U",144,"H"," ","U",139,"H"," ","U",111,"H"," ","U",111,"H"," ","U",111,"H"," ","U",122,"H"," ","U",133,"H"," ","U"
"177","USR0000IFEN",2004,7,"TAVG",218," "," ","U",220," "," ","U",201," "," ","U",201," "," ","U",206," "," ","U",213," "," ","U",179," "," ","U",169," "," ","U",197," "," ","U",206," "," ","U",200," "," ","U",207," "," ","U",241," "," ","U",251," "," ","U",261," "," ","U",257," "," ","U",275," "," ","U",241," "," ","U",232," "," ","U",226," "," ","U",216," "," ","U",193," "," ","U",NA," "," "," ",291," "," ","U",239," "," ","U",233," "," ","U",212," "," ","U",217," "," ","U",218," "," ","U",232," "," ","U",237," "," ","U"
"178","USR0000IFEN",2004,8,"TMAX",394,"H"," ","U",344,"H"," ","U",311,"H"," ","U",361,"H"," ","U",294,"H"," ","U",311,"H"," ","U",267,"H"," ","U",317,"H"," ","U",356,"H"," ","U",367,"H"," ","U",372,"H"," ","U",378,"H"," ","U",394,"H"," ","U",406,"H"," ","U",361,"H"," ","U",350,"H"," ","U",339,"H"," ","U",344,"H"," ","U",344,"H"," ","U",361,"H"," ","U",356,"H"," ","U",200,"H"," ","U",222,"H"," ","U",200,"H"," ","U",200,"H"," ","U",200,"H"," ","U",261,"H"," ","U",278,"H"," ","U",311,"H"," ","U",328,"H"," ","U",339,"H"," ","U"
"179","USR0000IFEN",2004,8,"TMIN",133,"H"," ","U",178,"H"," ","U",161,"H"," ","U",133,"H"," ","U",133,"H"," ","U",139,"H"," ","U",111,"H"," ","U",94,"H"," ","U",94,"H"," ","U",100,"H"," ","U",117,"H"," ","U",117,"H"," ","U",117,"H"," ","U",111,"H"," ","U",144,"H"," ","U",161,"H"," ","U",172,"H"," ","U",156,"H"," ","U",144,"H"," ","U",144,"H"," ","U",150,"H"," ","U",128,"H"," ","U",122,"H"," ","U",128,"H"," ","U",122,"H"," ","U",122,"H"," ","U",106,"H"," ","U",106,"H"," ","U",111,"H"," ","U",111,"H"," ","U",111,"H"," ","U"
"180","USR0000IFEN",2004,8,"TAVG",239," "," ","U",242," "," ","U",231," "," ","U",237," "," ","U",212," "," ","U",205," "," ","U",184," "," ","U",192," "," ","U",209," "," ","U",220," "," ","U",235," "," ","U",231," "," ","U",234," "," ","U",238," "," ","U",239," "," ","U",254," "," ","U",224," "," ","U",232," "," ","U",233," "," ","U",234," "," ","U",237," "," ","U",167," "," ","U",151," "," ","U",152," "," ","U",144," "," ","U",148," "," ","U",167," "," ","U",176," "," ","U",189," "," ","U",197," "," ","U",212," "," ","U"
"181","USR0000IFEN",2004,9,"TMAX",272,"H"," ","U",206,"H"," ","U",183,"H"," ","U",267,"H"," ","U",233,"H"," ","U",267,"H"," ","U",289,"H"," ","U",294,"H"," ","U",244,"H"," ","U",283,"H"," ","U",211,"H"," ","U",217,"H"," ","U",189,"H"," ","U",144,"H"," ","U",167,"H"," ","U",206,"H"," ","U",144,"H"," ","U",128,"H"," ","U",144,"H"," ","U",139,"H"," ","U",167,"H"," ","U",206,"H"," ","U",239,"H"," ","U",261,"H"," ","U",272,"H"," ","U",278,"H"," ","U",283,"H"," ","U",261,"H"," ","U",267,"H"," ","U",250,"H"," ","U",NA," "," "," "
"182","USR0000IFEN",2004,9,"TMIN",122,"H"," ","U",78,"H"," ","U",67,"H"," ","U",106,"H"," ","U",78,"H"," ","U",61,"H"," ","U",78,"H"," ","U",78,"H"," ","U",94,"H"," ","U",111,"H"," ","U",100,"H"," ","U",117,"H"," ","U",106,"H"," ","U",94,"H"," ","U",94,"H"," ","U",106,"H"," ","U",111,"H"," ","U",89,"H"," ","U",83,"H"," ","U",78,"H"," ","U",72,"H"," ","U",72,"H"," ","U",89,"H"," ","U",100,"H"," ","U",89,"H"," ","U",94,"H"," ","U",100,"H"," ","U",83,"H"," ","U",83,"H"," ","U",89,"H"," ","U",NA," "," "," "
"183","USR0000IFEN",2004,9,"TAVG",186," "," ","U",134," "," ","U",126," "," ","U",170," "," ","U",149," "," ","U",147," "," ","U",162," "," ","U",166," "," ","U",163," "," ","U",170," "," ","U",153," "," ","U",147," "," ","U",134," "," ","U",109," "," ","U",125," "," ","U",140," "," ","U",126," "," ","U",111," "," ","U",101," "," ","U",98," "," ","U",108," "," ","U",131," "," ","U",143," "," ","U",149," "," ","U",153," "," ","U",154," "," ","U",163," "," ","U",150," "," ","U",142," "," ","U",139," "," ","U",NA," "," "," "
"184","USR0000IFEN",2004,10,"TMAX",244,"H"," ","U",244,"H"," ","U",250,"H"," ","U",244,"H"," ","U",239,"H"," ","U",211,"H"," ","U",222,"H"," ","U",211,"H"," ","U",144,"H"," ","U",183,"H"," ","U",189,"H"," ","U",211,"H"," ","U",211,"H"," ","U",217,"H"," ","U",217,"H"," ","U",144,"H"," ","U",150,"H"," ","U",128,"H"," ","U",183,"H"," ","U",150,"H"," ","U",139,"H"," ","U",89,"H"," ","U",67,"H"," ","U",100,"H"," ","U",122,"H"," ","U",139,"H"," ","U",161,"H"," ","U",144,"H"," ","U",72,"H"," ","U",94,"H"," ","U",50,"H"," ","U"
"185","USR0000IFEN",2004,10,"TMIN",78,"H"," ","U",72,"H"," ","U",72,"H"," ","U",67,"H"," ","U",56,"H"," ","U",44,"H"," ","U",78,"H"," ","U",56,"H"," ","U",72,"H"," ","U",50,"H"," ","U",28,"H"," ","U",50,"H"," ","U",44,"H"," ","U",50,"H"," ","U",78,"H"," ","U",94,"H"," ","U",61,"H"," ","U",56,"H"," ","U",39,"H"," ","U",67,"H"," ","U",67,"H"," ","U",56,"H"," ","U",44,"H"," ","U",17,"H"," ","U",6,"H"," ","U",-6,"H"," ","U",22,"H"," ","U",50,"H"," ","U",50,"H"," ","U",28,"H"," ","U",28,"H"," ","U"
"186","USR0000IFEN",2004,10,"TAVG",131," "," ","U",125," "," ","U",121," "," ","U",124," "," ","U",117," "," ","U",115," "," ","U",133," "," ","U",117," "," ","U",99," "," ","U",96," "," ","U",88," "," ","U",101," "," ","U",96," "," ","U",107," "," ","U",122," "," ","U",114," "," ","U",106," "," ","U",83," "," ","U",94," "," ","U",93," "," ","U",89," "," ","U",69," "," ","U",58," "," ","U",57," "," ","U",43," "," ","U",48," "," ","U",69," "," ","U",74," "," ","U",59," "," ","U",56," "," ","U",34," "," ","U"
"187","USR0000IFEN",2004,11,"TMAX",100,"H"," ","U",89,"H"," ","U",100,"H"," ","U",111,"H"," ","U",128,"H"," ","U",133,"H"," ","U",156,"H"," ","U",144,"H"," ","U",100,"H"," ","U",106,"H"," ","U",78,"H"," ","U",83,"H"," ","U",NA," "," "," ",NA," "," "," ",NA," "," "," ",NA," "," "," ",NA," "," "," ",NA," "," "," ",NA," "," "," ",NA," "," "," ",NA," "," "," ",NA," "," "," ",NA," "," "," ",NA," "," "," ",NA," "," "," ",NA," "," "," ",NA," "," "," ",NA," "," "," ",NA," "," "," ",NA," "," "," ",NA," "," "," "
"188","USR0000IFEN",2004,11,"TMIN",22,"H"," ","U",44,"H"," ","U",28,"H"," ","U",-6,"H"," ","U",-6,"H"," ","U",0,"H"," ","U",11,"H"," ","U",6,"H"," ","U",11,"H"," ","U",22,"H"," ","U",44,"H"," ","U",44,"H"," ","U",NA," "," "," ",NA," "," "," ",NA," "," "," ",NA," "," "," ",NA," "," "," ",NA," "," "," ",NA," "," "," ",NA," "," "," ",NA," "," "," ",NA," "," "," ",NA," "," "," ",NA," "," "," ",NA," "," "," ",NA," "," "," ",NA," "," "," ",NA," "," "," ",NA," "," "," ",NA," "," "," ",NA," "," "," "
"189","USR0000IFEN",2004,11,"TAVG",61," "," ","U",64," "," ","U",53," "," ","U",43," "," ","U",40," "," ","U",41," "," ","U",57," "," ","U",39," "," ","U",38," "," ","U",52," "," ","U",56," "," ","U",58," "," ","U",NA," "," "," ",NA," "," "," ",NA," "," "," ",NA," "," "," ",NA," "," "," ",NA," "," "," ",NA," "," "," ",NA," "," "," ",NA," "," "," ",NA," "," "," ",NA," "," "," ",NA," "," "," ",NA," "," "," ",NA," "," "," ",NA," "," "," ",NA," "," "," ",NA," "," "," ",NA," "," "," ",NA," "," "," "
"190","USR0000IFEN",2004,12,"TMAX",NA," "," "," ",NA," "," "," ",NA," "," "," ",NA," "," "," ",17,"H"," ","U",-33,"H","I","U",67,"H"," ","U",NA," "," "," ",NA," "," "," ",NA," "," "," ",NA," "," "," ",NA," "," "," ",61,"H"," ","U",56,"H"," ","U",78,"H"," ","U",83,"H"," ","U",67,"H"," ","U",72,"H"," ","U",67,"H"," ","U",67,"H"," ","U",11,"H"," ","U",22,"H"," ","U",-6,"H"," ","U",11,"H"," ","U",17,"H"," ","U",22,"H"," ","U",28,"H"," ","U",17,"H"," ","U",50,"H"," ","U",44,"H"," ","U",22,"H"," ","U"
"191","USR0000IFEN",2004,12,"TMIN",NA," "," "," ",NA," "," "," ",NA," "," "," ",NA," "," "," ",-89,"H"," ","U",-122,"H"," ","U",67,"H","I","U",NA," "," "," ",NA," "," "," ",NA," "," "," ",NA," "," "," ",NA," "," "," ",6,"H"," ","U",6,"H"," ","U",17,"H"," ","U",0,"H"," ","U",0,"H"," ","U",6,"H"," ","U",0,"H"," ","U",-11,"H"," ","U",-11,"H"," ","U",-6,"H"," ","U",-28,"H"," ","U",-33,"H"," ","U",-17,"H"," ","U",-6,"H"," ","U",-22,"H"," ","U",-44,"H"," ","U",-28,"H"," ","U",0,"H"," ","U",0,"H"," ","U"
"192","USR0000IFEN",2004,12,"TAVG",NA," "," "," ",NA," "," "," ",NA," "," "," ",NA," "," "," ",-47," "," ","U",-98," "," ","U",67," "," ","U",NA," "," "," ",NA," "," "," ",NA," "," "," ",NA," "," "," ",NA," "," "," ",24," "," ","U",32," "," ","U",47," "," ","U",19," "," ","U",28," "," ","U",35," "," ","U",31," "," ","U",19," "," ","U",1," "," ","U",6," "," ","U",-18," "," ","U",-8," "," ","U",1," "," ","U",3," "," ","U",-7," "," ","U",-19," "," ","U",-3," "," ","U",13," "," ","U",8," "," ","U"
"193","USR0000IFEN",2005,1,"TMAX",17,"H"," ","U",22,"H"," ","U",6,"H"," ","U",11,"H"," ","U",-33,"H"," ","U",-17,"H"," ","U",11,"H"," ","U",56,"H"," ","U",28,"H"," ","U",28,"H"," ","U",11,"H"," ","U",61,"H"," ","U",11,"H"," ","U",-11,"H"," ","U",NA," "," "," ",NA," "," "," ",NA," "," "," ",NA," "," "," ",NA," "," "," ",NA," "," "," ",NA," "," "," ",NA," "," "," ",NA," "," "," ",NA," "," "," ",NA," "," "," ",NA," "," "," ",NA," "," "," ",NA," "," "," ",NA," "," "," ",NA," "," "," ",NA," "," "," "
"194","USR0000IFEN",2005,1,"TMIN",-6,"H"," ","U",-11,"H"," ","U",-39,"H"," ","U",-67,"H"," ","U",-83,"H"," ","U",-61,"H"," ","U",-17,"H"," ","U",-28,"H"," ","U",-33,"H"," ","U",-17,"H"," ","U",-11,"H"," ","U",-11,"H"," ","U",-11,"H"," ","U",-22,"H"," ","U",NA," "," "," ",NA," "," "," ",NA," "," "," ",NA," "," "," ",NA," "," "," ",NA," "," "," ",NA," "," "," ",NA," "," "," ",NA," "," "," ",NA," "," "," ",NA," "," "," ",NA," "," "," ",NA," "," "," ",NA," "," "," ",NA," "," "," ",NA," "," "," ",NA," "," "," "
"195","USR0000IFEN",2005,1,"TAVG",6," "," ","U",0," "," ","U",-23," "," ","U",-37," "," ","U",-54," "," ","U",-33," "," ","U",-7," "," ","U",-4," "," ","U",-12," "," ","U",-5," "," ","U",-2," "," ","U",14," "," ","U",-1," "," ","U",-14," "," ","U",NA," "," "," ",NA," "," "," ",NA," "," "," ",NA," "," "," ",NA," "," "," ",NA," "," "," ",NA," "," "," ",NA," "," "," ",NA," "," "," ",NA," "," "," ",NA," "," "," ",NA," "," "," ",NA," "," "," ",NA," "," "," ",NA," "," "," ",NA," "," "," ",NA," "," "," "
"196","USR0000IFEN",2005,3,"TMAX",NA," "," "," ",NA," "," "," ",NA," "," "," ",NA," "," "," ",NA," "," "," ",NA," "," "," ",NA," "," "," ",NA," "," "," ",NA," "," "," ",NA," "," "," ",178,"H"," ","U",139,"H"," ","U",139,"H"," ","U",156,"H"," ","U",167,"H"," ","U",83,"H"," ","U",83,"H"," ","U",106,"H"," ","U",183,"H"," ","U",161,"H"," ","U",111,"H"," ","U",122,"H"," ","U",94,"H"," ","U",83,"H"," ","U",83,"H"," ","U",106,"H"," ","U",78,"H"," ","U",94,"H"," ","U",83,"H"," ","U",72,"H"," ","U",144,"H"," ","U"
"197","USR0000IFEN",2005,3,"TMIN",NA," "," "," ",NA," "," "," ",NA," "," "," ",NA," "," "," ",NA," "," "," ",NA," "," "," ",NA," "," "," ",NA," "," "," ",NA," "," "," ",NA," "," "," ",117,"H"," ","U",33,"H"," ","U",0,"H"," ","U",-11,"H"," ","U",-17,"H"," ","U",0,"H"," ","U",0,"H"," ","U",-11,"H"," ","U",11,"H"," ","U",17,"H"," ","U",17,"H"," ","U",6,"H"," ","U",17,"H"," ","U",0,"H"," ","U",-11,"H"," ","U",-22,"H"," ","U",44,"H"," ","U",28,"H"," ","U",22,"H"," ","U",17,"H"," ","U",0,"H"," ","U"
"198","USR0000IFEN",2005,3,"TAVG",NA," "," "," ",NA," "," "," ",NA," "," "," ",NA," "," "," ",NA," "," "," ",NA," "," "," ",NA," "," "," ",NA," "," "," ",NA," "," "," ",NA," "," "," ",147," "," ","U",97," "," ","U",68," "," ","U",48," "," ","U",62," "," ","U",39," "," ","U",33," "," ","U",40," "," ","U",79," "," ","U",79," "," ","U",53," "," ","U",56," "," ","U",50," "," ","U",40," "," ","U",32," "," ","U",43," "," ","U",64," "," ","U",56," "," ","U",46," "," ","U",38," "," ","U",59," "," ","U"
"199","USR0000IFEN",2005,4,"TMAX",89,"H"," ","U",150,"H"," ","U",128,"H"," ","U",100,"H"," ","U",167,"H"," ","U",261,"H"," ","U",206,"H"," ","U",144,"H"," ","U",111,"H"," ","U",172,"H"," ","U",133,"H"," ","U",94,"H"," ","U",83,"H"," ","U",128,"H"," ","U",189,"H"," ","U",233,"H"," ","U",133,"H"," ","U",117,"H"," ","U",156,"H"," ","U",183,"H"," ","U",250,"H"," ","U",272,"H"," ","U",217,"H"," ","U",283,"H"," ","U",289,"H"," ","U",283,"H"," ","U",150,"H"," ","U",183,"H"," ","U",178,"H"," ","U",211,"H"," ","U",NA," "," "," "
"200","USR0000IFEN",2005,4,"TMIN",39,"H"," ","U",44,"H"," ","U",44,"H"," ","U",33,"H"," ","U",28,"H"," ","U",22,"H"," ","U",56,"H"," ","U",39,"H"," ","U",39,"H"," ","U",17,"H"," ","U",17,"H"," ","U",33,"H"," ","U",22,"H"," ","U",17,"H"," ","U",0,"H"," ","U",22,"H"," ","U",50,"H"," ","U",44,"H"," ","U",44,"H"," ","U",39,"H"," ","U",28,"H"," ","U",39,"H"," ","U",50,"H"," ","U",50,"H"," ","U",44,"H"," ","U",56,"H"," ","U",28,"H"," ","U",0,"H"," ","U",-6,"H"," ","U",0,"H"," ","U",NA," "," "," "
"201","USR0000IFEN",2005,4,"TAVG",67," "," ","U",83," "," ","U",77," "," ","U",57," "," ","U",78," "," ","U",118," "," ","U",114," "," ","U",78," "," ","U",62," "," ","U",79," "," ","U",73," "," ","U",57," "," ","U",43," "," ","U",52," "," ","U",78," "," ","U",131," "," ","U",81," "," ","U",69," "," ","U",90," "," ","U",103," "," ","U",121," "," ","U",144," "," ","U",124," "," ","U",151," "," ","U",159," "," ","U",158," "," ","U",92," "," ","U",84," "," ","U",81," "," ","U",99," "," ","U",NA," "," "," "
"202","USR0000IFEN",2005,5,"TMAX",250,"H"," ","U",261,"H"," ","U",228,"H"," ","U",189,"H"," ","U",217,"H"," ","U",206,"H"," ","U",150,"H"," ","U",222,"H"," ","U",194,"H"," ","U",133,"H"," ","U",206,"H"," ","U",244,"H"," ","U",283,"H"," ","U",244,"H"," ","U",189,"H"," ","U",133,"H"," ","U",172,"H"," ","U",183,"H"," ","U",211,"H"," ","U",178,"H"," ","U",211,"H"," ","U",139,"H"," ","U",200,"H"," ","U",206,"H"," ","U",267,"H"," ","U",317,"H"," ","U",328,"H"," ","U",344,"H"," ","U",333,"H"," ","U",294,"H"," ","U",233,"H"," ","U"
"203","USR0000IFEN",2005,5,"TMIN",0,"H"," ","U",39,"H"," ","U",78,"H"," ","U",67,"H"," ","U",78,"H"," ","U",106,"H"," ","U",100,"H"," ","U",89,"H"," ","U",72,"H"," ","U",67,"H"," ","U",72,"H"," ","U",39,"H"," ","U",61,"H"," ","U",67,"H"," ","U",100,"H"," ","U",89,"H"," ","U",78,"H"," ","U",83,"H"," ","U",89,"H"," ","U",78,"H"," ","U",78,"H"," ","U",61,"H"," ","U",56,"H"," ","U",44,"H"," ","U",39,"H"," ","U",44,"H"," ","U",61,"H"," ","U",72,"H"," ","U",83,"H"," ","U",67,"H"," ","U",89,"H"," ","U"
"204","USR0000IFEN",2005,5,"TAVG",116," "," ","U",143," "," ","U",135," "," ","U",114," "," ","U",144," "," ","U",139," "," ","U",122," "," ","U",145," "," ","U",119," "," ","U",97," "," ","U",136," "," ","U",139," "," ","U",161," "," ","U",152," "," ","U",142," "," ","U",114," "," ","U",124," "," ","U",130," "," ","U",132," "," ","U",111," "," ","U",139," "," ","U",104," "," ","U",118," "," ","U",116," "," ","U",143," "," ","U",167," "," ","U",184," "," ","U",197," "," ","U",203," "," ","U",182," "," ","U",147," "," ","U"
"205","USR0000IFEN",2005,6,"TMAX",156,"H"," ","U",128,"H"," ","U",194,"H"," ","U",272,"H"," ","U",172,"H"," ","U",172,"H"," ","U",161,"H"," ","U",200,"H"," ","U",250,"H"," ","U",261,"H"," ","U",239,"H"," ","U",150,"H"," ","U",228,"H"," ","U",228,"H"," ","U",256,"H"," ","U",250,"H"," ","U",189,"H"," ","U",200,"H"," ","U",283,"H"," ","U",344,"H"," ","U",389,"H"," ","U",306,"H"," ","U",278,"H"," ","U",311,"H"," ","U",278,"H"," ","U",306,"H"," ","U",183,"H"," ","U",217,"H"," ","U",278,"H"," ","U",322,"H"," ","U",NA," "," "," "
"206","USR0000IFEN",2005,6,"TMIN",94,"H"," ","U",94,"H"," ","U",94,"H"," ","U",89,"H"," ","U",78,"H"," ","U",72,"H"," ","U",72,"H"," ","U",67,"H"," ","U",56,"H"," ","U",78,"H"," ","U",100,"H"," ","U",56,"H"," ","U",39,"H"," ","U",72,"H"," ","U",100,"H"," ","U",83,"H"," ","U",100,"H"," ","U",83,"H"," ","U",67,"H"," ","U",83,"H"," ","U",111,"H"," ","U",133,"H"," ","U",117,"H"," ","U",89,"H"," ","U",122,"H"," ","U",122,"H"," ","U",133,"H"," ","U",133,"H"," ","U",122,"H"," ","U",117,"H"," ","U",NA," "," "," "
"207","USR0000IFEN",2005,6,"TAVG",118," "," ","U",108," "," ","U",127," "," ","U",167," "," ","U",111," "," ","U",114," "," ","U",112," "," ","U",127," "," ","U",148," "," ","U",157," "," ","U",143," "," ","U",111," "," ","U",129," "," ","U",150," "," ","U",174," "," ","U",163," "," ","U",138," "," ","U",129," "," ","U",161," "," ","U",203," "," ","U",239," "," ","U",221," "," ","U",195," "," ","U",198," "," ","U",175," "," ","U",193," "," ","U",153," "," ","U",160," "," ","U",187," "," ","U",208," "," ","U",NA," "," "," "
"208","USR0000IFEN",2005,7,"TMAX",306,"H"," ","U",272,"H"," ","U",289,"H"," ","U",322,"H"," ","U",350,"H"," ","U",328,"H"," ","U",306,"H"," ","U",322,"H"," ","U",217,"H"," ","U",239,"H"," ","U",333,"H"," ","U",339,"H"," ","U",306,"H"," ","U",328,"H"," ","U",289,"H"," ","U",300,"H"," ","U",317,"H"," ","U",361,"H"," ","U",361,"H"," ","U",367,"H"," ","U",383,"H"," ","U",344,"H"," ","U",339,"H"," ","U",333,"H"," ","U",306,"H"," ","U",333,"H"," ","U",372,"H"," ","U",383,"H"," ","U",367,"H"," ","U",389,"H"," ","U",344,"H"," ","U"
"209","USR0000IFEN",2005,7,"TMIN",122,"H"," ","U",106,"H"," ","U",83,"H"," ","U",89,"H"," ","U",100,"H"," ","U",122,"H"," ","U",144,"H"," ","U",128,"H"," ","U",122,"H"," ","U",122,"H"," ","U",122,"H"," ","U",128,"H"," ","U",128,"H"," ","U",100,"H"," ","U",100,"H"," ","U",128,"H"," ","U",111,"H"," ","U",100,"H"," ","U",122,"H"," ","U",106,"H"," ","U",111,"H"," ","U",167,"H"," ","U",144,"H"," ","U",117,"H"," ","U",100,"H"," ","U",78,"H"," ","U",83,"H"," ","U",100,"H"," ","U",122,"H"," ","U",122,"H"," ","U",139,"H"," ","U"
"210","USR0000IFEN",2005,7,"TAVG",212," "," ","U",183," "," ","U",181," "," ","U",196," "," ","U",216," "," ","U",223," "," ","U",218," "," ","U",229," "," ","U",168," "," ","U",177," "," ","U",219," "," ","U",228," "," ","U",214," "," ","U",208," "," ","U",172," "," ","U",212," "," ","U",204," "," ","U",223," "," ","U",232," "," ","U",229," "," ","U",238," "," ","U",228," "," ","U",233," "," ","U",218," "," ","U",196," "," ","U",198," "," ","U",214," "," ","U",219," "," ","U",229," "," ","U",240," "," ","U",237," "," ","U"
"211","USR0000IFEN",2005,8,"TMAX",361,"H"," ","U",294,"H"," ","U",344,"H"," ","U",383,"H"," ","U",406,"H"," ","U",400,"H"," ","U",394,"H"," ","U",367,"H"," ","U",372,"H"," ","U",356,"H"," ","U",339,"H"," ","U",328,"H"," ","U",306,"H"," ","U",328,"H"," ","U",339,"H"," ","U",356,"H"," ","U",272,"H"," ","U",283,"H"," ","U",322,"H"," ","U",372,"H"," ","U",378,"H"," ","U",317,"H"," ","U",294,"H"," ","U",272,"H"," ","U",311,"H"," ","U",356,"H"," ","U",361,"H"," ","U",350,"H"," ","U",272,"H"," ","U",244,"H"," ","U",300,"H"," ","U"
"212","USR0000IFEN",2005,8,"TMIN",172,"H"," ","U",144,"H"," ","U",111,"H"," ","U",94,"H"," ","U",106,"H"," ","U",128,"H"," ","U",139,"H"," ","U",161,"H"," ","U",150,"H"," ","U",128,"H"," ","U",94,"H"," ","U",94,"H"," ","U",106,"H"," ","U",89,"H"," ","U",83,"H"," ","U",100,"H"," ","U",111,"H"," ","U",117,"H"," ","U",78,"H"," ","U",78,"H"," ","U",106,"H"," ","U",122,"H"," ","U",89,"H"," ","U",56,"H"," ","U",61,"H"," ","U",56,"H"," ","U",89,"H"," ","U",89,"H"," ","U",106,"H"," ","U",78,"H"," ","U",50,"H"," ","U"
"213","USR0000IFEN",2005,8,"TAVG",233," "," ","U",211," "," ","U",212," "," ","U",219," "," ","U",235," "," ","U",247," "," ","U",248," "," ","U",236," "," ","U",239," "," ","U",225," "," ","U",204," "," ","U",203," "," ","U",196," "," ","U",194," "," ","U",197," "," ","U",205," "," ","U",170," "," ","U",189," "," ","U",186," "," ","U",207," "," ","U",221," "," ","U",208," "," ","U",181," "," ","U",157," "," ","U",167," "," ","U",183," "," ","U",198," "," ","U",201," "," ","U",176," "," ","U",155," "," ","U",158," "," ","U"
"214","USR0000IFEN",2005,9,"TMAX",328,"H"," ","U",300,"H"," ","U",306,"H"," ","U",278,"H"," ","U",289,"H"," ","U",322,"H"," ","U",333,"H"," ","U",333,"H"," ","U",217,"H"," ","U",183,"H"," ","U",211,"H"," ","U",217,"H"," ","U",239,"H"," ","U",278,"H"," ","U",289,"H"," ","U",222,"H"," ","U",183,"H"," ","U",256,"H"," ","U",306,"H"," ","U",278,"H"," ","U",256,"H"," ","U",244,"H"," ","U",117,"H"," ","U",89,"H"," ","U",200,"H"," ","U",250,"H"," ","U",256,"H"," ","U",256,"H"," ","U",189,"H"," ","U",167,"H"," ","U",NA," "," "," "
"215","USR0000IFEN",2005,9,"TMIN",56,"H"," ","U",78,"H"," ","U",89,"H"," ","U",89,"H"," ","U",56,"H"," ","U",61,"H"," ","U",67,"H"," ","U",78,"H"," ","U",83,"H"," ","U",61,"H"," ","U",50,"H"," ","U",61,"H"," ","U",67,"H"," ","U",56,"H"," ","U",50,"H"," ","U",56,"H"," ","U",100,"H"," ","U",67,"H"," ","U",44,"H"," ","U",44,"H"," ","U",50,"H"," ","U",11,"H"," ","U",78,"H"," ","U",56,"H"," ","U",44,"H"," ","U",44,"H"," ","U",56,"H"," ","U",22,"H"," ","U",28,"H"," ","U",106,"H"," ","U",NA," "," "," "
"216","USR0000IFEN",2005,9,"TAVG",167," "," ","U",175," "," ","U",181," "," ","U",166," "," ","U",160," "," ","U",164," "," ","U",171," "," ","U",172," "," ","U",134," "," ","U",109," "," ","U",117," "," ","U",131," "," ","U",136," "," ","U",138," "," ","U",145," "," ","U",142," "," ","U",139," "," ","U",142," "," ","U",146," "," ","U",142," "," ","U",124," "," ","U",119," "," ","U",98," "," ","U",73," "," ","U",99," "," ","U",117," "," ","U",118," "," ","U",104," "," ","U",99," "," ","U",135," "," ","U",NA," "," "," "
"217","USR0000IFEN",2005,10,"TMAX",144,"H"," ","U",156,"H"," ","U",100,"H"," ","U",144,"H"," ","U",183,"H"," ","U",194,"H"," ","U",167,"H"," ","U",189,"H"," ","U",172,"H"," ","U",200,"H"," ","U",100,"H"," ","U",194,"H"," ","U",178,"H"," ","U",222,"H"," ","U",222,"H"," ","U",200,"H"," ","U",239,"H"," ","U",233,"H"," ","U",144,"H"," ","U",150,"H"," ","U",189,"H"," ","U",194,"H"," ","U",206,"H"," ","U",189,"H"," ","U",211,"H"," ","U",122,"H"," ","U",128,"H"," ","U",133,"H"," ","U",128,"H"," ","U",139,"H"," ","U",61,"H"," ","U"
"218","USR0000IFEN",2005,10,"TMIN",56,"H"," ","U",56,"H"," ","U",50,"H"," ","U",56,"H"," ","U",28,"H"," ","U",17,"H"," ","U",61,"H"," ","U",39,"H"," ","U",39,"H"," ","U",17,"H"," ","U",50,"H"," ","U",67,"H"," ","U",72,"H"," ","U",50,"H"," ","U",56,"H"," ","U",50,"H"," ","U",61,"H"," ","U",67,"H"," ","U",67,"H"," ","U",83,"H"," ","U",61,"H"," ","U",44,"H"," ","U",44,"H"," ","U",50,"H"," ","U",50,"H"," ","U",61,"H"," ","U",50,"H"," ","U",39,"H"," ","U",44,"H"," ","U",22,"H"," ","U",28,"H"," ","U"
"219","USR0000IFEN",2005,10,"TAVG",93," "," ","U",89," "," ","U",71," "," ","U",79," "," ","U",82," "," ","U",87," "," ","U",100," "," ","U",99," "," ","U",80," "," ","U",81," "," ","U",75," "," ","U",106," "," ","U",107," "," ","U",114," "," ","U",109," "," ","U",108," "," ","U",128," "," ","U",121," "," ","U",99," "," ","U",105," "," ","U",98," "," ","U",91," "," ","U",93," "," ","U",97," "," ","U",104," "," ","U",83," "," ","U",73," "," ","U",75," "," ","U",74," "," ","U",64," "," ","U",49," "," ","U"
"220","USR0000IFEN",2005,11,"TMAX",111,"H"," ","U",100,"H"," ","U",111,"H"," ","U",100,"H"," ","U",78,"H"," ","U",61,"H"," ","U",61,"H"," ","U",83,"H"," ","U",100,"H"," ","U",133,"H"," ","U",56,"H"," ","U",67,"H"," ","U",33,"H"," ","U",78,"H"," ","U",33,"H"," ","U",28,"H"," ","U",61,"H"," ","U",78,"H"," ","U",100,"H"," ","U",100,"H"," ","U",89,"H"," ","U",94,"H"," ","U",78,"H"," ","U",78,"H"," ","U",33,"H"," ","U",33,"H"," ","U",39,"H"," ","U",39,"H"," ","U",17,"H"," ","U",44,"H"," ","U",NA," "," "," "
"221","USR0000IFEN",2005,11,"TMIN",56,"H"," ","U",39,"H"," ","U",33,"H"," ","U",28,"H"," ","U",22,"H"," ","U",28,"H"," ","U",11,"H"," ","U",0,"H"," ","U",-11,"H"," ","U",-11,"H"," ","U",17,"H"," ","U",11,"H"," ","U",0,"H"," ","U",-17,"H"," ","U",-39,"H"," ","U",6,"H"," ","U",6,"H"," ","U",0,"H"," ","U",0,"H"," ","U",-11,"H"," ","U",-11,"H"," ","U",0,"H"," ","U",-6,"H"," ","U",-17,"H"," ","U",-11,"H"," ","U",6,"H"," ","U",-11,"H"," ","U",-39,"H"," ","U",-6,"H"," ","U",0,"H"," ","U",NA," "," "," "
"222","USR0000IFEN",2005,11,"TAVG",81," "," ","U",65," "," ","U",59," "," ","U",52," "," ","U",48," "," ","U",42," "," ","U",36," "," ","U",24," "," ","U",21," "," ","U",41," "," ","U",38," "," ","U",35," "," ","U",21," "," ","U",26," "," ","U",1," "," ","U",14," "," ","U",32," "," ","U",27," "," ","U",24," "," ","U",16," "," ","U",17," "," ","U",22," "," ","U",17," "," ","U",8," "," ","U",15," "," ","U",23," "," ","U",7," "," ","U",-3," "," ","U",2," "," ","U",8," "," ","U",NA," "," "," "
"223","USR0000IFEN",2005,12,"TMAX",22,"H"," ","U",28,"H"," ","U",22,"H"," ","U",39,"H"," ","U",6,"H"," ","U",17,"H"," ","U",-28,"H"," ","U",-33,"H"," ","U",0,"H"," ","U",0,"H"," ","U",17,"H"," ","U",17,"H"," ","U",0,"H"," ","U",11,"H"," ","U",6,"H"," ","U",-17,"H"," ","U",-11,"H"," ","U",-33,"H"," ","U",6,"H"," ","U",28,"H"," ","U",28,"H"," ","U",22,"H"," ","U",50,"H"," ","U",61,"H"," ","U",28,"H"," ","U",39,"H"," ","U",28,"H"," ","U",39,"H"," ","U",50,"H"," ","U",39,"H"," ","U",50,"H"," ","U"
"224","USR0000IFEN",2005,12,"TMIN",-17,"H"," ","U",0,"H"," ","U",-6,"H"," ","U",-17,"H"," ","U",-17,"H"," ","U",-89,"H"," ","U",-122,"H"," ","U",-133,"H"," ","U",-106,"H"," ","U",-94,"H"," ","U",-89,"H"," ","U",-83,"H"," ","U",-22,"H"," ","U",-56,"H"," ","U",-94,"H"," ","U",-72,"H"," ","U",-122,"H"," ","U",-144,"H"," ","U",-61,"H"," ","U",-11,"H"," ","U",6,"H"," ","U",6,"H"," ","U",6,"H"," ","U",0,"H"," ","U",0,"H"," ","U",6,"H"," ","U",6,"H"," ","U",6,"H"," ","U",6,"H"," ","U",6,"H"," ","U",17,"H"," ","U"
"225","USR0000IFEN",2005,12,"TAVG",6," "," ","U",12," "," ","U",8," "," ","U",-4," "," ","U",-8," "," ","U",-35," "," ","U",-95," "," ","U",-97," "," ","U",-64," "," ","U",-59," "," ","U",-56," "," ","U",-46," "," ","U",-16," "," ","U",-33," "," ","U",-51," "," ","U",-52," "," ","U",-72," "," ","U",-97," "," ","U",-21," "," ","U",7," "," ","U",11," "," ","U",11," "," ","U",16," "," ","U",16," "," ","U",8," "," ","U",16," "," ","U",12," "," ","U",17," "," ","U",18," "," ","U",19," "," ","U",29," "," ","U"
"226","USR0000IFEN",2006,1,"TMAX",61,"H"," ","U",67,"H"," ","U",61,"H"," ","U",67,"H"," ","U",56,"H"," ","U",56,"H"," ","U",44,"H"," ","U",56,"H"," ","U",39,"H"," ","U",56,"H"," ","U",67,"H"," ","U",61,"H"," ","U",72,"H"," ","U",78,"H"," ","U",39,"H"," ","U",39,"H"," ","U",28,"H"," ","U",78,"H"," ","U",61,"H"," ","U",33,"H"," ","U",33,"H"," ","U",33,"H"," ","U",61,"H"," ","U",94,"H"," ","U",67,"H"," ","U",61,"H"," ","U",56,"H"," ","U",56,"H"," ","U",61,"H"," ","U",44,"H"," ","U",78,"H"," ","U"
"227","USR0000IFEN",2006,1,"TMIN",17,"H"," ","U",11,"H"," ","U",17,"H"," ","U",11,"H"," ","U",0,"H"," ","U",0,"H"," ","U",0,"H"," ","U",11,"H"," ","U",0,"H"," ","U",17,"H"," ","U",17,"H"," ","U",11,"H"," ","U",33,"H"," ","U",17,"H"," ","U",6,"H"," ","U",0,"H"," ","U",11,"H"," ","U",11,"H"," ","U",11,"H"," ","U",0,"H"," ","U",0,"H"," ","U",0,"H"," ","U",6,"H"," ","U",11,"H"," ","U",0,"H"," ","U",0,"H"," ","U",0,"H"," ","U",11,"H"," ","U",6,"H"," ","U",22,"H"," ","U",17,"H"," ","U"
"228","USR0000IFEN",2006,1,"TAVG",36," "," ","U",29," "," ","U",36," "," ","U",30," "," ","U",21," "," ","U",17," "," ","U",22," "," ","U",29," "," ","U",19," "," ","U",35," "," ","U",39," "," ","U",31," "," ","U",47," "," ","U",45," "," ","U",17," "," ","U",15," "," ","U",19," "," ","U",29," "," ","U",23," "," ","U",16," "," ","U",8," "," ","U",11," "," ","U",20," "," ","U",36," "," ","U",22," "," ","U",24," "," ","U",19," "," ","U",27," "," ","U",31," "," ","U",34," "," ","U",39," "," ","U"
"229","USR0000IFEN",2006,2,"TMAX",89,"H"," ","U",78,"H"," ","U",111,"H"," ","U",67,"H"," ","U",61,"H"," ","U",83,"H"," ","U",128,"H"," ","U",56,"H"," ","U",89,"H"," ","U",89,"H"," ","U",83,"H"," ","U",56,"H"," ","U",28,"H"," ","U",72,"H"," ","U",56,"H"," ","U",-6,"H"," ","U",-6,"H"," ","U",28,"H"," ","U",28,"H"," ","U",44,"H"," ","U",11,"H"," ","U",28,"H"," ","U",78,"H"," ","U",56,"H"," ","U",94,"H"," ","U",111,"H"," ","U",67,"H"," ","U",194,"H"," ","U",NA," "," "," ",NA," "," "," ",NA," "," "," "
"230","USR0000IFEN",2006,2,"TMIN",17,"H"," ","U",17,"H"," ","U",22,"H"," ","U",22,"H"," ","U",0,"H"," ","U",-6,"H"," ","U",-17,"H"," ","U",-11,"H"," ","U",-22,"H"," ","U",-39,"H"," ","U",-50,"H"," ","U",-50,"H"," ","U",-44,"H"," ","U",-50,"H"," ","U",-78,"H"," ","U",-83,"H"," ","U",-122,"H"," ","U",-139,"H"," ","U",-133,"H"," ","U",-78,"H"," ","U",-11,"H"," ","U",0,"H"," ","U",0,"H"," ","U",-22,"H"," ","U",-33,"H"," ","U",0,"H"," ","U",11,"H"," ","U",11,"H"," ","U",NA," "," "," ",NA," "," "," ",NA," "," "," "
"231","USR0000IFEN",2006,2,"TAVG",39," "," ","U",41," "," ","U",46," "," ","U",39," "," ","U",26," "," ","U",21," "," ","U",23," "," ","U",20," "," ","U",22," "," ","U",0," "," ","U",-8," "," ","U",-9," "," ","U",-7," "," ","U",-4," "," ","U",-23," "," ","U",-36," "," ","U",-79," "," ","U",-77," "," ","U",-64," "," ","U",-21," "," ","U",-2," "," ","U",10," "," ","U",22," "," ","U",12," "," ","U",11," "," ","U",28," "," ","U",32," "," ","U",55," "," ","U",NA," "," "," ",NA," "," "," ",NA," "," "," "
"232","USR0000IFEN",2006,3,"TMAX",111,"H"," ","U",161,"H"," ","U",106,"H"," ","U",89,"H"," ","U",83,"H"," ","U",89,"H"," ","U",94,"H"," ","U",94,"H"," ","U",67,"H"," ","U",67,"H"," ","U",106,"H"," ","U",111,"H"," ","U",106,"H"," ","U",106,"H"," ","U",94,"H"," ","U",161,"H"," ","U",94,"H"," ","U",106,"H"," ","U",100,"H"," ","U",139,"H"," ","U",133,"H"," ","U",178,"H"," ","U",172,"H"," ","U",161,"H"," ","U",128,"H"," ","U",83,"H"," ","U",156,"H"," ","U",122,"H"," ","U",100,"H"," ","U",156,"H"," ","U",128,"H"," ","U"
"233","USR0000IFEN",2006,3,"TMIN",0,"H"," ","U",-11,"H"," ","U",22,"H"," ","U",17,"H"," ","U",0,"H"," ","U",22,"H"," ","U",28,"H"," ","U",22,"H"," ","U",-17,"H"," ","U",-22,"H"," ","U",-17,"H"," ","U",-33,"H"," ","U",-17,"H"," ","U",-17,"H"," ","U",0,"H"," ","U",0,"H"," ","U",11,"H"," ","U",28,"H"," ","U",0,"H"," ","U",-11,"H"," ","U",-11,"H"," ","U",11,"H"," ","U",0,"H"," ","U",11,"H"," ","U",39,"H"," ","U",0,"H"," ","U",-6,"H"," ","U",17,"H"," ","U",44,"H"," ","U",50,"H"," ","U",44,"H"," ","U"
"234","USR0000IFEN",2006,3,"TAVG",40," "," ","U",47," "," ","U",50," "," ","U",38," "," ","U",40," "," ","U",51," "," ","U",48," "," ","U",48," "," ","U",16," "," ","U",14," "," ","U",26," "," ","U",22," "," ","U",26," "," ","U",30," "," ","U",35," "," ","U",62," "," ","U",50," "," ","U",56," "," ","U",51," "," ","U",42," "," ","U",50," "," ","U",73," "," ","U",68," "," ","U",72," "," ","U",69," "," ","U",39," "," ","U",59," "," ","U",65," "," ","U",70," "," ","U",88," "," ","U",82," "," ","U"
"235","USR0000IFEN",2006,4,"TMAX",94,"H"," ","U",167,"H"," ","U",150,"H"," ","U",133,"H"," ","U",128,"H"," ","U",83,"H"," ","U",211,"H"," ","U",206,"H"," ","U",183,"H"," ","U",144,"H"," ","U",150,"H"," ","U",178,"H"," ","U",156,"H"," ","U",217,"H"," ","U",89,"H"," ","U",100,"H"," ","U",89,"H"," ","U",161,"H"," ","U",211,"H"," ","U",250,"H"," ","U",222,"H"," ","U",139,"H"," ","U",211,"H"," ","U",206,"H"," ","U",183,"H"," ","U",233,"H"," ","U",222,"H"," ","U",272,"H"," ","U",283,"H"," ","U",189,"H"," ","U",NA," "," "," "
"236","USR0000IFEN",2006,4,"TMIN",33,"H"," ","U",11,"H"," ","U",39,"H"," ","U",72,"H"," ","U",67,"H"," ","U",56,"H"," ","U",44,"H"," ","U",39,"H"," ","U",56,"H"," ","U",61,"H"," ","U",50,"H"," ","U",44,"H"," ","U",78,"H"," ","U",50,"H"," ","U",28,"H"," ","U",28,"H"," ","U",28,"H"," ","U",11,"H"," ","U",6,"H"," ","U",17,"H"," ","U",44,"H"," ","U",44,"H"," ","U",39,"H"," ","U",6,"H"," ","U",33,"H"," ","U",17,"H"," ","U",56,"H"," ","U",28,"H"," ","U",56,"H"," ","U",39,"H"," ","U",NA," "," "," "
"237","USR0000IFEN",2006,4,"TAVG",60," "," ","U",77," "," ","U",89," "," ","U",99," "," ","U",93," "," ","U",72," "," ","U",103," "," ","U",93," "," ","U",106," "," ","U",86," "," ","U",94," "," ","U",109," "," ","U",108," "," ","U",121," "," ","U",57," "," ","U",58," "," ","U",50," "," ","U",72," "," ","U",94," "," ","U",119," "," ","U",127," "," ","U",90," "," ","U",118," "," ","U",111," "," ","U",101," "," ","U",123," "," ","U",134," "," ","U",142," "," ","U",167," "," ","U",109," "," ","U",NA," "," "," "
"238","USR0000IFEN",2006,5,"TMAX",200,"H"," ","U",183,"H"," ","U",228,"H"," ","U",239,"H"," ","U",261,"H"," ","U",233,"H"," ","U",122,"H"," ","U",150,"H"," ","U",189,"H"," ","U",250,"H"," ","U",239,"H"," ","U",239,"H"," ","U",300,"H"," ","U",333,"H"," ","U",372,"H"," ","U",372,"H"," ","U",378,"H"," ","U",328,"H"," ","U",333,"H"," ","U",272,"H"," ","U",267,"H"," ","U",250,"H"," ","U",278,"H"," ","U",283,"H"," ","U",244,"H"," ","U",189,"H"," ","U",128,"H"," ","U",111,"H"," ","U",217,"H"," ","U",267,"H"," ","U",311,"H"," ","U"
"239","USR0000IFEN",2006,5,"TMIN",17,"H"," ","U",17,"H"," ","U",-6,"H"," ","U",33,"H"," ","U",17,"H"," ","U",44,"H"," ","U",67,"H"," ","U",28,"H"," ","U",17,"H"," ","U",0,"H"," ","U",56,"H"," ","U",44,"H"," ","U",17,"H"," ","U",44,"H"," ","U",67,"H"," ","U",94,"H"," ","U",89,"H"," ","U",89,"H"," ","U",156,"H"," ","U",106,"H"," ","U",100,"H"," ","U",122,"H"," ","U",100,"H"," ","U",78,"H"," ","U",100,"H"," ","U",78,"H"," ","U",83,"H"," ","U",78,"H"," ","U",72,"H"," ","U",50,"H"," ","U",50,"H"," ","U"
"240","USR0000IFEN",2006,5,"TAVG",108," "," ","U",92," "," ","U",114," "," ","U",129," "," ","U",136," "," ","U",134," "," ","U",94," "," ","U",90," "," ","U",97," "," ","U",119," "," ","U",143," "," ","U",136," "," ","U",143," "," ","U",177," "," ","U",204," "," ","U",212," "," ","U",217," "," ","U",211," "," ","U",218," "," ","U",174," "," ","U",182," "," ","U",182," "," ","U",177," "," ","U",176," "," ","U",154," "," ","U",121," "," ","U",97," "," ","U",91," "," ","U",138," "," ","U",151," "," ","U",173," "," ","U"
"241","USR0000IFEN",2006,6,"TMAX",333,"H"," ","U",300,"H"," ","U",256,"H"," ","U",211,"H"," ","U",294,"H"," ","U",328,"H"," ","U",267,"H"," ","U",206,"H"," ","U",211,"H"," ","U",261,"H"," ","U",267,"H"," ","U",294,"H"," ","U",194,"H"," ","U",172,"H"," ","U",217,"H"," ","U",289,"H"," ","U",256,"H"," ","U",300,"H"," ","U",261,"H"," ","U",261,"H"," ","U",283,"H"," ","U",311,"H"," ","U",328,"H"," ","U",344,"H"," ","U",361,"H"," ","U",383,"H"," ","U",389,"H"," ","U",356,"H"," ","U",233,"H"," ","U",333,"H"," ","U",NA," "," "," "
"242","USR0000IFEN",2006,6,"TMIN",83,"H"," ","U",122,"H"," ","U",122,"H"," ","U",117,"H"," ","U",100,"H"," ","U",100,"H"," ","U",122,"H"," ","U",117,"H"," ","U",111,"H"," ","U",100,"H"," ","U",100,"H"," ","U",111,"H"," ","U",128,"H"," ","U",122,"H"," ","U",111,"H"," ","U",111,"H"," ","U",83,"H"," ","U",72,"H"," ","U",106,"H"," ","U",89,"H"," ","U",61,"H"," ","U",72,"H"," ","U",89,"H"," ","U",78,"H"," ","U",100,"H"," ","U",122,"H"," ","U",156,"H"," ","U",144,"H"," ","U",150,"H"," ","U",150,"H"," ","U",NA," "," "," "
"243","USR0000IFEN",2006,6,"TAVG",200," "," ","U",189," "," ","U",182," "," ","U",147," "," ","U",183," "," ","U",207," "," ","U",195," "," ","U",162," "," ","U",154," "," ","U",168," "," ","U",167," "," ","U",196," "," ","U",161," "," ","U",142," "," ","U",152," "," ","U",185," "," ","U",172," "," ","U",174," "," ","U",177," "," ","U",168," "," ","U",161," "," ","U",183," "," ","U",198," "," ","U",211," "," ","U",222," "," ","U",248," "," ","U",258," "," ","U",242," "," ","U",184," "," ","U",229," "," ","U",NA," "," "," "
"244","USR0000IFEN",2006,7,"TMAX",356,"H"," ","U",378,"H"," ","U",361,"H"," ","U",389,"H"," ","U",267,"H"," ","U",306,"H"," ","U",317,"H"," ","U",361,"H"," ","U",372,"H"," ","U",344,"H"," ","U",378,"H"," ","U",322,"H"," ","U",333,"H"," ","U",361,"H"," ","U",356,"H"," ","U",372,"H"," ","U",367,"H"," ","U",328,"H"," ","U",361,"H"," ","U",372,"H"," ","U",411,"H"," ","U",417,"H"," ","U",411,"H"," ","U",411,"H"," ","U",383,"H"," ","U",389,"H"," ","U",400,"H"," ","U",383,"H"," ","U",344,"H"," ","U",283,"H"," ","U",294,"H"," ","U"
"245","USR0000IFEN",2006,7,"TMIN",122,"H"," ","U",139,"H"," ","U",178,"H"," ","U",150,"H"," ","U",167,"H"," ","U",150,"H"," ","U",139,"H"," ","U",122,"H"," ","U",111,"H"," ","U",144,"H"," ","U",117,"H"," ","U",139,"H"," ","U",139,"H"," ","U",117,"H"," ","U",139,"H"," ","U",128,"H"," ","U",128,"H"," ","U",106,"H"," ","U",94,"H"," ","U",122,"H"," ","U",128,"H"," ","U",150,"H"," ","U",161,"H"," ","U",178,"H"," ","U",161,"H"," ","U",133,"H"," ","U",128,"H"," ","U",150,"H"," ","U",133,"H"," ","U",106,"H"," ","U",72,"H"," ","U"
"246","USR0000IFEN",2006,7,"TAVG",231," "," ","U",244," "," ","U",255," "," ","U",254," "," ","U",217," "," ","U",201," "," ","U",208," "," ","U",223," "," ","U",230," "," ","U",228," "," ","U",235," "," ","U",212," "," ","U",227," "," ","U",237," "," ","U",237," "," ","U",238," "," ","U",234," "," ","U",211," "," ","U",221," "," ","U",241," "," ","U",258," "," ","U",267," "," ","U",267," "," ","U",278," "," ","U",261," "," ","U",252," "," ","U",254," "," ","U",250," "," ","U",231," "," ","U",189," "," ","U",179," "," ","U"
"247","USR0000IFEN",2006,8,"TMAX",306,"H"," ","U",322,"H"," ","U",350,"H"," ","U",339,"H"," ","U",356,"H"," ","U",372,"H"," ","U",378,"H"," ","U",350,"H"," ","U",333,"H"," ","U",367,"H"," ","U",289,"H"," ","U",300,"H"," ","U",333,"H"," ","U",367,"H"," ","U",311,"H"," ","U",283,"H"," ","U",306,"H"," ","U",339,"H"," ","U",372,"H"," ","U",383,"H"," ","U",356,"H"," ","U",361,"H"," ","U",322,"H"," ","U",278,"H"," ","U",200,"H"," ","U",322,"H"," ","U",361,"H"," ","U",383,"H"," ","U",350,"H"," ","U",189,"H"," ","U",272,"H"," ","U"
"248","USR0000IFEN",2006,8,"TMIN",78,"H"," ","U",83,"H"," ","U",78,"H"," ","U",100,"H"," ","U",89,"H"," ","U",94,"H"," ","U",111,"H"," ","U",150,"H"," ","U",150,"H"," ","U",122,"H"," ","U",111,"H"," ","U",78,"H"," ","U",72,"H"," ","U",83,"H"," ","U",100,"H"," ","U",128,"H"," ","U",122,"H"," ","U",89,"H"," ","U",83,"H"," ","U",100,"H"," ","U",89,"H"," ","U",139,"H"," ","U",106,"H"," ","U",89,"H"," ","U",111,"H"," ","U",111,"H"," ","U",94,"H"," ","U",94,"H"," ","U",133,"H"," ","U",89,"H"," ","U",50,"H"," ","U"
"249","USR0000IFEN",2006,8,"TAVG",187," "," ","U",196," "," ","U",205," "," ","U",210," "," ","U",212," "," ","U",220," "," ","U",232," "," ","U",238," "," ","U",221," "," ","U",222," "," ","U",189," "," ","U",182," "," ","U",192," "," ","U",207," "," ","U",181," "," ","U",178," "," ","U",190," "," ","U",196," "," ","U",208," "," ","U",216," "," ","U",214," "," ","U",242," "," ","U",204," "," ","U",183," "," ","U",156," "," ","U",195," "," ","U",206," "," ","U",216," "," ","U",223," "," ","U",141," "," ","U",146," "," ","U"
"250","USR0000IFEN",2006,9,"TMAX",322,"H"," ","U",328,"H"," ","U",344,"H"," ","U",300,"H"," ","U",322,"H"," ","U",289,"H"," ","U",333,"H"," ","U",328,"H"," ","U",300,"H"," ","U",294,"H"," ","U",333,"H"," ","U",328,"H"," ","U",300,"H"," ","U",183,"H"," ","U",211,"H"," ","U",128,"H"," ","U",217,"H"," ","U",239,"H"," ","U",150,"H"," ","U",128,"H"," ","U",111,"H"," ","U",156,"H"," ","U",228,"H"," ","U",244,"H"," ","U",278,"H"," ","U",267,"H"," ","U",272,"H"," ","U",283,"H"," ","U",283,"H"," ","U",267,"H"," ","U",NA," "," "," "
"251","USR0000IFEN",2006,9,"TMIN",44,"H"," ","U",50,"H"," ","U",67,"H"," ","U",100,"H"," ","U",100,"H"," ","U",111,"H"," ","U",111,"H"," ","U",111,"H"," ","U",117,"H"," ","U",83,"H"," ","U",50,"H"," ","U",67,"H"," ","U",72,"H"," ","U",61,"H"," ","U",39,"H"," ","U",67,"H"," ","U",39,"H"," ","U",28,"H"," ","U",94,"H"," ","U",94,"H"," ","U",72,"H"," ","U",78,"H"," ","U",56,"H"," ","U",50,"H"," ","U",61,"H"," ","U",67,"H"," ","U",67,"H"," ","U",72,"H"," ","U",72,"H"," ","U",50,"H"," ","U",NA," "," "," "
"252","USR0000IFEN",2006,9,"TAVG",157," "," ","U",165," "," ","U",183," "," ","U",183," "," ","U",186," "," ","U",179," "," ","U",198," "," ","U",206," "," ","U",197," "," ","U",171," "," ","U",166," "," ","U",171," "," ","U",179," "," ","U",121," "," ","U",116," "," ","U",92," "," ","U",112," "," ","U",126," "," ","U",112," "," ","U",107," "," ","U",90," "," ","U",107," "," ","U",114," "," ","U",119," "," ","U",134," "," ","U",137," "," ","U",139," "," ","U",146," "," ","U",140," "," ","U",130," "," ","U",NA," "," "," "
"253","USR0000IFEN",2006,10,"TMAX",250,"H"," ","U",189,"H"," ","U",239,"H"," ","U",228,"H"," ","U",222,"H"," ","U",228,"H"," ","U",167,"H"," ","U",150,"H"," ","U",183,"H"," ","U",172,"H"," ","U",206,"H"," ","U",211,"H"," ","U",211,"H"," ","U",217,"H"," ","U",94,"H"," ","U",133,"H"," ","U",150,"H"," ","U",117,"H"," ","U",111,"H"," ","U",144,"H"," ","U",156,"H"," ","U",178,"H"," ","U",161,"H"," ","U",167,"H"," ","U",89,"H"," ","U",117,"H"," ","U",150,"H"," ","U",150,"H"," ","U",133,"H"," ","U",50,"H"," ","U",78,"H"," ","U"
"254","USR0000IFEN",2006,10,"TMIN",33,"H"," ","U",39,"H"," ","U",56,"H"," ","U",89,"H"," ","U",89,"H"," ","U",94,"H"," ","U",56,"H"," ","U",50,"H"," ","U",11,"H"," ","U",0,"H"," ","U",11,"H"," ","U",6,"H"," ","U",11,"H"," ","U",22,"H"," ","U",50,"H"," ","U",72,"H"," ","U",61,"H"," ","U",61,"H"," ","U",78,"H"," ","U",67,"H"," ","U",22,"H"," ","U",0,"H"," ","U",11,"H"," ","U",17,"H"," ","U",28,"H"," ","U",6,"H"," ","U",0,"H"," ","U",6,"H"," ","U",0,"H"," ","U",-39,"H"," ","U",-56,"H"," ","U"
"255","USR0000IFEN",2006,10,"TAVG",117," "," ","U",106," "," ","U",120," "," ","U",133," "," ","U",136," "," ","U",143," "," ","U",108," "," ","U",93," "," ","U",83," "," ","U",63," "," ","U",74," "," ","U",75," "," ","U",80," "," ","U",87," "," ","U",77," "," ","U",92," "," ","U",88," "," ","U",87," "," ","U",95," "," ","U",96," "," ","U",74," "," ","U",62," "," ","U",56," "," ","U",69," "," ","U",57," "," ","U",48," "," ","U",53," "," ","U",49," "," ","U",44," "," ","U",6," "," ","U",-17," "," ","U"
"256","USR0000IFEN",2006,11,"TMAX",100,"H"," ","U",94,"H"," ","U",106,"H"," ","U",122,"H"," ","U",178,"H"," ","U",133,"H"," ","U",133,"H"," ","U",133,"H"," ","U",61,"H"," ","U",61,"H"," ","U",61,"H"," ","U",111,"H"," ","U",78,"H"," ","U",72,"H"," ","U",67,"H"," ","U",100,"H"," ","U",83,"H"," ","U",100,"H"," ","U",67,"H"," ","U",83,"H"," ","U",106,"H"," ","U",100,"H"," ","U",56,"H"," ","U",22,"H"," ","U",28,"H"," ","U",17,"H"," ","U",22,"H"," ","U",0,"H"," ","U",0,"H"," ","U",-11,"H"," ","U",NA," "," "," "
"257","USR0000IFEN",2006,11,"TMIN",-67,"H"," ","U",-28,"H"," ","U",17,"H"," ","U",50,"H"," ","U",78,"H"," ","U",94,"H"," ","U",94,"H"," ","U",39,"H"," ","U",22,"H"," ","U",11,"H"," ","U",33,"H"," ","U",22,"H"," ","U",11,"H"," ","U",0,"H"," ","U",6,"H"," ","U",17,"H"," ","U",6,"H"," ","U",0,"H"," ","U",0,"H"," ","U",39,"H"," ","U",39,"H"," ","U",22,"H"," ","U",6,"H"," ","U",0,"H"," ","U",0,"H"," ","U",-11,"H"," ","U",-11,"H"," ","U",-61,"H"," ","U",-61,"H"," ","U",-39,"H"," ","U",NA," "," "," "
"258","USR0000IFEN",2006,11,"TAVG",-8," "," ","U",18," "," ","U",52," "," ","U",78," "," ","U",103," "," ","U",114," "," ","U",118," "," ","U",75," "," ","U",46," "," ","U",39," "," ","U",43," "," ","U",51," "," ","U",49," "," ","U",34," "," ","U",38," "," ","U",48," "," ","U",32," "," ","U",34," "," ","U",34," "," ","U",63," "," ","U",63," "," ","U",48," "," ","U",31," "," ","U",11," "," ","U",11," "," ","U",3," "," ","U",5," "," ","U",-31," "," ","U",-43," "," ","U",-24," "," ","U",NA," "," "," "
"259","USR0000IFEN",2006,12,"TMAX",22,"H"," ","U",33,"H"," ","U",22,"H"," ","U",0,"H"," ","U",33,"H"," ","U",61,"H"," ","U",61,"H"," ","U",33,"H"," ","U",33,"H"," ","U",50,"H"," ","U",61,"H"," ","U",33,"H"," ","U",50,"H"," ","U",44,"H"," ","U",78,"H"," ","U",33,"H"," ","U",11,"H"," ","U",6,"H"," ","U",6,"H"," ","U",17,"H"," ","U",6,"H"," ","U",22,"H"," ","U",17,"H"," ","U",44,"H"," ","U",28,"H"," ","U",22,"H"," ","U",33,"H"," ","U",22,"H"," ","U",28,"H"," ","U",22,"H"," ","U",22,"H"," ","U"
"260","USR0000IFEN",2006,12,"TMIN",-17,"H"," ","U",-50,"H"," ","U",-72,"H"," ","U",-72,"H"," ","U",-6,"H"," ","U",-6,"H"," ","U",-17,"H"," ","U",-22,"H"," ","U",-17,"H"," ","U",0,"H"," ","U",6,"H"," ","U",6,"H"," ","U",6,"H"," ","U",11,"H"," ","U",6,"H"," ","U",-17,"H"," ","U",-72,"H"," ","U",-78,"H"," ","U",-78,"H"," ","U",-67,"H"," ","U",-50,"H"," ","U",-11,"H"," ","U",-11,"H"," ","U",-17,"H"," ","U",0,"H"," ","U",0,"H"," ","U",0,"H"," ","U",-28,"H"," ","U",-56,"H"," ","U",-44,"H"," ","U",-33,"H"," ","U"
"261","USR0000IFEN",2006,12,"TAVG",-1," "," ","U",-4," "," ","U",-39," "," ","U",-31," "," ","U",5," "," ","U",6," "," ","U",7," "," ","U",-1," "," ","U",3," "," ","U",13," "," ","U",18," "," ","U",17," "," ","U",25," "," ","U",26," "," ","U",34," "," ","U",1," "," ","U",-36," "," ","U",-50," "," ","U",-42," "," ","U",-41," "," ","U",-13," "," ","U",3," "," ","U",2," "," ","U",13," "," ","U",13," "," ","U",9," "," ","U",13," "," ","U",-6," "," ","U",-26," "," ","U",-28," "," ","U",-14," "," ","U"
"262","USR0000IFEN",2007,1,"TMAX",11,"H"," ","U",50,"H"," ","U",28,"H"," ","U",44,"H"," ","U",33,"H"," ","U",22,"H"," ","U",11,"H"," ","U",44,"H"," ","U",56,"H"," ","U",33,"H"," ","U",-6,"H"," ","U",-50,"H"," ","U",-67,"H"," ","U",-6,"H"," ","U",6,"H"," ","U",28,"H"," ","U",-28,"H"," ","U",6,"H"," ","U",39,"H"," ","U",28,"H"," ","U",56,"H"," ","U",39,"H"," ","U",56,"H"," ","U",83,"H"," ","U",106,"H"," ","U",100,"H"," ","U",89,"H"," ","U",89,"H"," ","U",6,"H"," ","U",17,"H"," ","U",33,"H"," ","U"
"263","USR0000IFEN",2007,1,"TMIN",-44,"H"," ","U",0,"H"," ","U",0,"H"," ","U",0,"H"," ","U",-6,"H"," ","U",-11,"H"," ","U",-28,"H"," ","U",0,"H"," ","U",0,"H"," ","U",-28,"H"," ","U",-111,"H"," ","U",-144,"H","O","U",-161,"H","O","U",-117,"H"," ","U",-139,"H"," ","U",-122,"H"," ","U",-78,"H"," ","U",-67,"H"," ","U",-33,"H"," ","U",0,"H"," ","U",0,"H"," ","U",0,"H"," ","U",-6,"H"," ","U",-17,"H"," ","U",-28,"H"," ","U",-22,"H"," ","U",-50,"H"," ","U",-67,"H"," ","U",-78,"H"," ","U",-11,"H"," ","U",-11,"H"," ","U"
"264","USR0000IFEN",2007,1,"TAVG",-12," "," ","U",19," "," ","U",12," "," ","U",12," "," ","U",4," "," ","U",4," "," ","U",-1," "," ","U",13," "," ","U",20," "," ","U",1," "," ","U",-56," "," ","U",-118," "," ","U",-112," "," ","U",-78," "," ","U",-94," "," ","U",-78," "," ","U",-49," "," ","U",-23," "," ","U",3," "," ","U",10," "," ","U",13," "," ","U",11," "," ","U",14," "," ","U",10," "," ","U",1," "," ","U",4," "," ","U",-3," "," ","U",-29," "," ","U",-31," "," ","U",0," "," ","U",4," "," ","U"
"265","USR0000IFEN",2007,2,"TMAX",6,"H"," ","U",67,"H"," ","U",39,"H"," ","U",44,"H"," ","U",111,"H"," ","U",106,"H"," ","U",78,"H"," ","U",56,"H"," ","U",56,"H"," ","U",72,"H"," ","U",78,"H"," ","U",94,"H"," ","U",94,"H"," ","U",78,"H"," ","U",50,"H"," ","U",156,"H"," ","U",178,"H"," ","U",67,"H"," ","U",78,"H"," ","U",56,"H"," ","U",94,"H"," ","U",117,"H"," ","U",61,"H"," ","U",61,"H"," ","U",89,"H"," ","U",78,"H"," ","U",89,"H"," ","U",83,"H"," ","U",NA," "," "," ",NA," "," "," ",NA," "," "," "
"266","USR0000IFEN",2007,2,"TMIN",-22,"H"," ","U",-67,"H"," ","U",-72,"H"," ","U",-6,"H"," ","U",0,"H"," ","U",-11,"H"," ","U",-6,"H"," ","U",6,"H"," ","U",6,"H"," ","U",0,"H"," ","U",6,"H"," ","U",6,"H"," ","U",17,"H"," ","U",17,"H"," ","U",17,"H"," ","U",11,"H"," ","U",0,"H"," ","U",-6,"H"," ","U",11,"H"," ","U",0,"H"," ","U",6,"H"," ","U",6,"H"," ","U",0,"H"," ","U",-11,"H"," ","U",0,"H"," ","U",0,"H"," ","U",-6,"H"," ","U",-6,"H"," ","U",NA," "," "," ",NA," "," "," ",NA," "," "," "
"267","USR0000IFEN",2007,2,"TAVG",-7," "," ","U",-21," "," ","U",-22," "," ","U",12," "," ","U",26," "," ","U",21," "," ","U",22," "," ","U",22," "," ","U",22," "," ","U",25," "," ","U",33," "," ","U",33," "," ","U",42," "," ","U",36," "," ","U",34," "," ","U",53," "," ","U",48," "," ","U",23," "," ","U",39," "," ","U",23," "," ","U",28," "," ","U",39," "," ","U",15," "," ","U",19," "," ","U",29," "," ","U",24," "," ","U",22," "," ","U",23," "," ","U",NA," "," "," ",NA," "," "," ",NA," "," "," "
"268","USR0000IFEN",2007,3,"TMAX",33,"H"," ","U",61,"H"," ","U",44,"H"," ","U",133,"H"," ","U",122,"H"," ","U",206,"H"," ","U",150,"H"," ","U",133,"H"," ","U",144,"H"," ","U",189,"H"," ","U",183,"H"," ","U",94,"H"," ","U",133,"H"," ","U",139,"H"," ","U",133,"H"," ","U",156,"H"," ","U",189,"H"," ","U",211,"H"," ","U",178,"H"," ","U",128,"H"," ","U",122,"H"," ","U",144,"H"," ","U",178,"H"," ","U",189,"H"," ","U",106,"H"," ","U",156,"H"," ","U",78,"H"," ","U",94,"H"," ","U",194,"H"," ","U",206,"H"," ","U",156,"H"," ","U"
"269","USR0000IFEN",2007,3,"TMIN",-39,"H"," ","U",-67,"H"," ","U",-11,"H"," ","U",-11,"H"," ","U",0,"H"," ","U",6,"H"," ","U",6,"H"," ","U",22,"H"," ","U",17,"H"," ","U",39,"H"," ","U",56,"H"," ","U",56,"H"," ","U",56,"H"," ","U",17,"H"," ","U",0,"H"," ","U",33,"H"," ","U",17,"H"," ","U",28,"H"," ","U",6,"H"," ","U",33,"H"," ","U",0,"H"," ","U",-6,"H"," ","U",50,"H"," ","U",28,"H"," ","U",28,"H"," ","U",17,"H"," ","U",28,"H"," ","U",17,"H"," ","U",6,"H"," ","U",-6,"H"," ","U",39,"H"," ","U"
"270","USR0000IFEN",2007,3,"TAVG",-6," "," ","U",-9," "," ","U",10," "," ","U",39," "," ","U",49," "," ","U",62," "," ","U",65," "," ","U",64," "," ","U",68," "," ","U",89," "," ","U",99," "," ","U",76," "," ","U",85," "," ","U",72," "," ","U",62," "," ","U",85," "," ","U",86," "," ","U",99," "," ","U",84," "," ","U",57," "," ","U",52," "," ","U",61," "," ","U",93," "," ","U",101," "," ","U",66," "," ","U",74," "," ","U",52," "," ","U",49," "," ","U",76," "," ","U",81," "," ","U",89," "," ","U"
"271","USR0000IFEN",2007,4,"TMAX",167,"H"," ","U",111,"H"," ","U",167,"H"," ","U",150,"H"," ","U",211,"H"," ","U",256,"H"," ","U",261,"H"," ","U",189,"H"," ","U",111,"H"," ","U",111,"H"," ","U",167,"H"," ","U",161,"H"," ","U",206,"H"," ","U",194,"H"," ","U",111,"H"," ","U",183,"H"," ","U",111,"H"," ","U",72,"H"," ","U",139,"H"," ","U",150,"H"," ","U",178,"H"," ","U",178,"H"," ","U",183,"H"," ","U",228,"H"," ","U",144,"H"," ","U",194,"H"," ","U",261,"H"," ","U",256,"H"," ","U",244,"H"," ","U",244,"H"," ","U",NA," "," "," "
"272","USR0000IFEN",2007,4,"TMIN",33,"H"," ","U",-17,"H"," ","U",-28,"H"," ","U",28,"H"," ","U",61,"H"," ","U",50,"H"," ","U",28,"H"," ","U",56,"H"," ","U",39,"H"," ","U",22,"H"," ","U",0,"H"," ","U",0,"H"," ","U",17,"H"," ","U",22,"H"," ","U",22,"H"," ","U",11,"H"," ","U",56,"H"," ","U",44,"H"," ","U",17,"H"," ","U",11,"H"," ","U",0,"H"," ","U",56,"H"," ","U",72,"H"," ","U",56,"H"," ","U",56,"H"," ","U",67,"H"," ","U",50,"H"," ","U",67,"H"," ","U",78,"H"," ","U",56,"H"," ","U",NA," "," "," "
"273","USR0000IFEN",2007,4,"TAVG",82," "," ","U",38," "," ","U",59," "," ","U",83," "," ","U",112," "," ","U",141," "," ","U",129," "," ","U",119," "," ","U",70," "," ","U",52," "," ","U",70," "," ","U",69," "," ","U",99," "," ","U",107," "," ","U",72," "," ","U",89," "," ","U",73," "," ","U",54," "," ","U",66," "," ","U",67," "," ","U",93," "," ","U",105," "," ","U",117," "," ","U",133," "," ","U",98," "," ","U",123," "," ","U",142," "," ","U",154," "," ","U",150," "," ","U",143," "," ","U",NA," "," "," "
"274","USR0000IFEN",2007,5,"TMAX",250,"H"," ","U",161,"H"," ","U",122,"H"," ","U",128,"H"," ","U",161,"H"," ","U",206,"H"," ","U",256,"H"," ","U",317,"H"," ","U",278,"H"," ","U",239,"H"," ","U",289,"H"," ","U",289,"H"," ","U",183,"H"," ","U",256,"H"," ","U",300,"H"," ","U",344,"H"," ","U",289,"H"," ","U",289,"H"," ","U",222,"H"," ","U",150,"H"," ","U",94,"H"," ","U",156,"H"," ","U",222,"H"," ","U",206,"H"," ","U",256,"H"," ","U",261,"H"," ","U",211,"H"," ","U",144,"H"," ","U",261,"H"," ","U",283,"H"," ","U",311,"H"," ","U"
"275","USR0000IFEN",2007,5,"TMIN",61,"H"," ","U",72,"H"," ","U",39,"H"," ","U",22,"H"," ","U",22,"H"," ","U",17,"H"," ","U",56,"H"," ","U",56,"H"," ","U",89,"H"," ","U",122,"H"," ","U",78,"H"," ","U",89,"H"," ","U",56,"H"," ","U",39,"H"," ","U",50,"H"," ","U",61,"H"," ","U",89,"H"," ","U",89,"H"," ","U",100,"H"," ","U",89,"H"," ","U",28,"H"," ","U",50,"H"," ","U",50,"H"," ","U",78,"H"," ","U",83,"H"," ","U",56,"H"," ","U",89,"H"," ","U",39,"H"," ","U",44,"H"," ","U",56,"H"," ","U",56,"H"," ","U"
"276","USR0000IFEN",2007,5,"TAVG",151," "," ","U",106," "," ","U",66," "," ","U",64," "," ","U",82," "," ","U",104," "," ","U",142," "," ","U",175," "," ","U",181," "," ","U",160," "," ","U",173," "," ","U",178," "," ","U",132," "," ","U",136," "," ","U",163," "," ","U",190," "," ","U",184," "," ","U",179," "," ","U",163," "," ","U",116," "," ","U",60," "," ","U",92," "," ","U",128," "," ","U",133," "," ","U",154," "," ","U",158," "," ","U",143," "," ","U",98," "," ","U",142," "," ","U",164," "," ","U",181," "," ","U"
"277","USR0000IFEN",2007,6,"TMAX",339,"H"," ","U",350,"H"," ","U",361,"H"," ","U",328,"H"," ","U",189,"H"," ","U",106,"H"," ","U",172,"H"," ","U",272,"H"," ","U",289,"H"," ","U",156,"H"," ","U",244,"H"," ","U",261,"H"," ","U",244,"H"," ","U",239,"H"," ","U",283,"H"," ","U",256,"H"," ","U",161,"H"," ","U",261,"H"," ","U",322,"H"," ","U",328,"H"," ","U",322,"H"," ","U",311,"H"," ","U",272,"H"," ","U",256,"H"," ","U",228,"H"," ","U",317,"H"," ","U",322,"H"," ","U",328,"H"," ","U",311,"H"," ","U",294,"H"," ","U",NA," "," "," "
"278","USR0000IFEN",2007,6,"TMIN",83,"H"," ","U",100,"H"," ","U",111,"H"," ","U",122,"H"," ","U",100,"H"," ","U",78,"H"," ","U",83,"H"," ","U",89,"H"," ","U",83,"H"," ","U",122,"H"," ","U",106,"H"," ","U",100,"H"," ","U",89,"H"," ","U",106,"H"," ","U",106,"H"," ","U",100,"H"," ","U",100,"H"," ","U",72,"H"," ","U",67,"H"," ","U",100,"H"," ","U",111,"H"," ","U",111,"H"," ","U",111,"H"," ","U",94,"H"," ","U",61,"H"," ","U",39,"H"," ","U",83,"H"," ","U",122,"H"," ","U",128,"H"," ","U",128,"H"," ","U",NA," "," "," "
"279","USR0000IFEN",2007,6,"TAVG",201," "," ","U",209," "," ","U",221," "," ","U",190," "," ","U",136," "," ","U",89," "," ","U",114," "," ","U",162," "," ","U",174," "," ","U",139," "," ","U",166," "," ","U",165," "," ","U",162," "," ","U",167," "," ","U",183," "," ","U",172," "," ","U",126," "," ","U",162," "," ","U",188," "," ","U",206," "," ","U",211," "," ","U",214," "," ","U",188," "," ","U",173," "," ","U",144," "," ","U",172," "," ","U",200," "," ","U",221," "," ","U",211," "," ","U",202," "," ","U",NA," "," "," "
"280","USR0000IFEN",2007,7,"TMAX",350,"H"," ","U",311,"H"," ","U",361,"H"," ","U",378,"H"," ","U",406,"H"," ","U",389,"H"," ","U",361,"H"," ","U",350,"H"," ","U",344,"H"," ","U",389,"H"," ","U",406,"H"," ","U",400,"H"," ","U",400,"H"," ","U",411,"H"," ","U",361,"H"," ","U",350,"H"," ","U",350,"H"," ","U",372,"H"," ","U",344,"H"," ","U",372,"H"," ","U",350,"H"," ","U",383,"H"," ","U",372,"H"," ","U",344,"H"," ","U",378,"H"," ","U",350,"H"," ","U",406,"H"," ","U",383,"H"," ","U",367,"H"," ","U",344,"H"," ","U",356,"H"," ","U"
"281","USR0000IFEN",2007,7,"TMIN",100,"H"," ","U",128,"H"," ","U",111,"H"," ","U",122,"H"," ","U",128,"H"," ","U",139,"H"," ","U",161,"H"," ","U",122,"H"," ","U",117,"H"," ","U",139,"H"," ","U",144,"H"," ","U",139,"H"," ","U",150,"H"," ","U",183,"H"," ","U",178,"H"," ","U",167,"H"," ","U",167,"H"," ","U",167,"H"," ","U",167,"H"," ","U",133,"H"," ","U",156,"H"," ","U",144,"H"," ","U",161,"H"," ","U",183,"H"," ","U",144,"H"," ","U",139,"H"," ","U",156,"H"," ","U",144,"H"," ","U",144,"H"," ","U",139,"H"," ","U",117,"H"," ","U"
"282","USR0000IFEN",2007,7,"TAVG",216," "," ","U",212," "," ","U",228," "," ","U",239," "," ","U",253," "," ","U",264," "," ","U",259," "," ","U",231," "," ","U",231," "," ","U",249," "," ","U",256," "," ","U",256," "," ","U",262," "," ","U",281," "," ","U",253," "," ","U",254," "," ","U",234," "," ","U",258," "," ","U",242," "," ","U",240," "," ","U",239," "," ","U",255," "," ","U",259," "," ","U",256," "," ","U",251," "," ","U",229," "," ","U",245," "," ","U",252," "," ","U",244," "," ","U",233," "," ","U",228," "," ","U"
"283","USR0000IFEN",2007,8,"TMAX",383,"H"," ","U",389,"H"," ","U",361,"H"," ","U",333,"H"," ","U",283,"H"," ","U",294,"H"," ","U",328,"H"," ","U",322,"H"," ","U",350,"H"," ","U",294,"H"," ","U",350,"H"," ","U",356,"H"," ","U",350,"H"," ","U",367,"H"," ","U",356,"H"," ","U",283,"H"," ","U",322,"H"," ","U",322,"H"," ","U",261,"H"," ","U",189,"H"," ","U",278,"H"," ","U",306,"H"," ","U",300,"H"," ","U",322,"H"," ","U",350,"H"," ","U",300,"H"," ","U",283,"H"," ","U",322,"H"," ","U",367,"H"," ","U",350,"H"," ","U",328,"H"," ","U"
"284","USR0000IFEN",2007,8,"TMIN",100,"H"," ","U",111,"H"," ","U",139,"H"," ","U",106,"H"," ","U",100,"H"," ","U",117,"H"," ","U",111,"H"," ","U",106,"H"," ","U",111,"H"," ","U",111,"H"," ","U",78,"H"," ","U",100,"H"," ","U",106,"H"," ","U",100,"H"," ","U",100,"H"," ","U",117,"H"," ","U",117,"H"," ","U",89,"H"," ","U",111,"H"," ","U",117,"H"," ","U",111,"H"," ","U",100,"H"," ","U",94,"H"," ","U",78,"H"," ","U",94,"H"," ","U",89,"H"," ","U",78,"H"," ","U",67,"H"," ","U",72,"H"," ","U",89,"H"," ","U",156,"H"," ","U"
"285","USR0000IFEN",2007,8,"TAVG",228," "," ","U",234," "," ","U",239," "," ","U",216," "," ","U",191," "," ","U",201," "," ","U",210," "," ","U",210," "," ","U",219," "," ","U",198," "," ","U",198," "," ","U",214," "," ","U",208," "," ","U",208," "," ","U",207," "," ","U",183," "," ","U",205," "," ","U",196," "," ","U",163," "," ","U",149," "," ","U",182," "," ","U",179," "," ","U",178," "," ","U",185," "," ","U",201," "," ","U",188," "," ","U",174," "," ","U",178," "," ","U",192," "," ","U",198," "," ","U",213," "," ","U"
"286","USR0000IFEN",2007,9,"TMAX",306,"H"," ","U",361,"H"," ","U",328,"H"," ","U",311,"H"," ","U",250,"H"," ","U",278,"H"," ","U",289,"H"," ","U",272,"H"," ","U",283,"H"," ","U",289,"H"," ","U",294,"H"," ","U",328,"H"," ","U",306,"H"," ","U",222,"H"," ","U",294,"H"," ","U",294,"H"," ","U",217,"H"," ","U",167,"H"," ","U",211,"H"," ","U",200,"H"," ","U",250,"H"," ","U",206,"H"," ","U",133,"H"," ","U",194,"H"," ","U",239,"H"," ","U",250,"H"," ","U",261,"H"," ","U",206,"H"," ","U",128,"H"," ","U",150,"H"," ","U",NA," "," "," "
"287","USR0000IFEN",2007,9,"TMIN",156,"H"," ","U",139,"H"," ","U",111,"H"," ","U",144,"H"," ","U",128,"H"," ","U",111,"H"," ","U",83,"H"," ","U",61,"H"," ","U",72,"H"," ","U",50,"H"," ","U",50,"H"," ","U",56,"H"," ","U",61,"H"," ","U",67,"H"," ","U",89,"H"," ","U",106,"H"," ","U",94,"H"," ","U",67,"H"," ","U",67,"H"," ","U",50,"H"," ","U",44,"H"," ","U",56,"H"," ","U",78,"H"," ","U",56,"H"," ","U",39,"H"," ","U",33,"H"," ","U",39,"H"," ","U",61,"H"," ","U",22,"H"," ","U",33,"H"," ","U",NA," "," "," "
"288","USR0000IFEN",2007,9,"TAVG",207," "," ","U",222," "," ","U",205," "," ","U",224," "," ","U",181," "," ","U",175," "," ","U",168," "," ","U",149," "," ","U",166," "," ","U",143," "," ","U",144," "," ","U",163," "," ","U",156," "," ","U",143," "," ","U",170," "," ","U",173," "," ","U",136," "," ","U",109," "," ","U",118," "," ","U",113," "," ","U",119," "," ","U",120," "," ","U",101," "," ","U",113," "," ","U",105," "," ","U",113," "," ","U",127," "," ","U",102," "," ","U",71," "," ","U",82," "," ","U",NA," "," "," "
"289","USR0000IFEN",2007,10,"TMAX",111,"H"," ","U",144,"H"," ","U",183,"H"," ","U",133,"H"," ","U",78,"H"," ","U",139,"H"," ","U",117,"H"," ","U",194,"H"," ","U",244,"H"," ","U",189,"H"," ","U",178,"H"," ","U",178,"H"," ","U",206,"H"," ","U",200,"H"," ","U",206,"H"," ","U",183,"H"," ","U",122,"H"," ","U",100,"H"," ","U",100,"H"," ","U",89,"H"," ","U",100,"H"," ","U",156,"H"," ","U",200,"H"," ","U",200,"H"," ","U",111,"H"," ","U",139,"H"," ","U",150,"H"," ","U",150,"H"," ","U",156,"H"," ","U",150,"H"," ","U",128,"H"," ","U"
"290","USR0000IFEN",2007,10,"TMIN",61,"H"," ","U",61,"H"," ","U",50,"H"," ","U",39,"H"," ","U",56,"H"," ","U",56,"H"," ","U",56,"H"," ","U",72,"H"," ","U",44,"H"," ","U",78,"H"," ","U",72,"H"," ","U",67,"H"," ","U",56,"H"," ","U",50,"H"," ","U",44,"H"," ","U",61,"H"," ","U",50,"H"," ","U",39,"H"," ","U",61,"H"," ","U",50,"H"," ","U",28,"H"," ","U",67,"H"," ","U",56,"H"," ","U",56,"H"," ","U",44,"H"," ","U",17,"H"," ","U",0,"H"," ","U",0,"H"," ","U",17,"H"," ","U",0,"H"," ","U",-11,"H"," ","U"
"291","USR0000IFEN",2007,10,"TAVG",79," "," ","U",95," "," ","U",98," "," ","U",79," "," ","U",67," "," ","U",79," "," ","U",85," "," ","U",114," "," ","U",122," "," ","U",113," "," ","U",108," "," ","U",109," "," ","U",110," "," ","U",97," "," ","U",104," "," ","U",103," "," ","U",69," "," ","U",69," "," ","U",79," "," ","U",61," "," ","U",66," "," ","U",99," "," ","U",113," "," ","U",106," "," ","U",72," "," ","U",57," "," ","U",46," "," ","U",51," "," ","U",64," "," ","U",65," "," ","U",27," "," ","U"
"292","USR0000IFEN",2007,11,"TMAX",144,"H"," ","U",122,"H"," ","U",128,"H"," ","U",139,"H"," ","U",156,"H"," ","U",150,"H"," ","U",100,"H"," ","U",133,"H"," ","U",133,"H"," ","U",61,"H"," ","U",83,"H"," ","U",83,"H"," ","U",67,"H"," ","U",83,"H"," ","U",83,"H"," ","U",106,"H"," ","U",100,"H"," ","U",83,"H"," ","U",44,"H"," ","U",50,"H"," ","U",56,"H"," ","U",22,"H"," ","U",33,"H"," ","U",56,"H"," ","U",17,"H"," ","U",56,"H"," ","U",17,"H"," ","U",28,"H"," ","U",22,"H"," ","U",11,"H"," ","U",NA," "," "," "
"293","USR0000IFEN",2007,11,"TMIN",-11,"H"," ","U",-22,"H"," ","U",-22,"H"," ","U",-11,"H"," ","U",0,"H"," ","U",6,"H"," ","U",6,"H"," ","U",22,"H"," ","U",11,"H"," ","U",11,"H"," ","U",0,"H"," ","U",0,"H"," ","U",28,"H"," ","U",0,"H"," ","U",22,"H"," ","U",44,"H"," ","U",67,"H"," ","U",39,"H"," ","U",17,"H"," ","U",0,"H"," ","U",-33,"H"," ","U",-50,"H"," ","U",-50,"H"," ","U",-61,"H"," ","U",-11,"H"," ","U",-33,"H"," ","U",0,"H"," ","U",0,"H"," ","U",0,"H"," ","U",-11,"H"," ","U",NA," "," "," "
"294","USR0000IFEN",2007,11,"TAVG",38," "," ","U",19," "," ","U",23," "," ","U",40," "," ","U",48," "," ","U",50," "," ","U",43," "," ","U",63," "," ","U",51," "," ","U",39," "," ","U",39," "," ","U",47," "," ","U",43," "," ","U",36," "," ","U",51," "," ","U",69," "," ","U",86," "," ","U",59," "," ","U",23," "," ","U",16," "," ","U",2," "," ","U",-20," "," ","U",-18," "," ","U",-11," "," ","U",-1," "," ","U",10," "," ","U",6," "," ","U",9," "," ","U",7," "," ","U",-3," "," ","U",NA," "," "," "
"295","USR0000IFEN",2007,12,"TMAX",17,"H"," ","U",44,"H"," ","U",67,"H"," ","U",83,"H"," ","U",78,"H"," ","U",83,"H"," ","U",56,"H"," ","U",50,"H"," ","U",17,"H"," ","U",11,"H"," ","U",6,"H"," ","U",0,"H"," ","U",17,"H"," ","U",39,"H"," ","U",6,"H"," ","U",17,"H"," ","U",22,"H"," ","U",11,"H"," ","U",17,"H"," ","U",17,"H"," ","U",22,"H"," ","U",0,"H"," ","U",22,"H"," ","U",28,"H"," ","U",50,"H"," ","U",11,"H"," ","U",22,"H"," ","U",0,"H"," ","U",50,"H"," ","U",11,"H"," ","U",28,"H"," ","U"
"296","USR0000IFEN",2007,12,"TMIN",-17,"H"," ","U",-11,"H"," ","U",39,"H"," ","U",33,"H"," ","U",28,"H"," ","U",17,"H"," ","U",6,"H"," ","U",0,"H"," ","U",-11,"H"," ","U",-17,"H"," ","U",-61,"H"," ","U",-22,"H"," ","U",-11,"H"," ","U",-17,"H"," ","U",-22,"H"," ","U",-50,"H"," ","U",-11,"H"," ","U",-22,"H"," ","U",0,"H"," ","U",0,"H"," ","U",-33,"H"," ","U",-44,"H"," ","U",-22,"H"," ","U",0,"H"," ","U",0,"H"," ","U",-11,"H"," ","U",-22,"H"," ","U",-17,"H"," ","U",-17,"H"," ","U",-11,"H"," ","U",-44,"H"," ","U"
"297","USR0000IFEN",2007,12,"TAVG",-4," "," ","U",19," "," ","U",53," "," ","U",51," "," ","U",43," "," ","U",35," "," ","U",23," "," ","U",14," "," ","U",1," "," ","U",-6," "," ","U",-26," "," ","U",-11," "," ","U",0," "," ","U",1," "," ","U",-5," "," ","U",-18," "," ","U",1," "," ","U",-1," "," ","U",8," "," ","U",4," "," ","U",-1," "," ","U",-20," "," ","U",1," "," ","U",9," "," ","U",8," "," ","U",1," "," ","U",-6," "," ","U",-11," "," ","U",0," "," ","U",-1," "," ","U",-10," "," ","U"
"298","USR0000IFEN",2008,1,"TMAX",0,"H"," ","U",6,"H"," ","U",11,"H"," ","U",17,"H"," ","U",28,"H"," ","U",33,"H"," ","U",6,"H"," ","U",6,"H"," ","U",33,"H"," ","U",0,"H"," ","U",17,"H"," ","U",28,"H"," ","U",61,"H"," ","U",61,"H"," ","U",17,"H"," ","U",-17,"H"," ","U",-6,"H"," ","U",39,"H"," ","U",39,"H"," ","U",6,"H"," ","U",-11,"H"," ","U",0,"H"," ","U",11,"H"," ","U",6,"H"," ","U",78,"H"," ","U",-6,"H"," ","U",61,"H"," ","U",6,"H"," ","U",6,"H"," ","U",22,"H"," ","U",17,"H"," ","U"
"299","USR0000IFEN",2008,1,"TMIN",-72,"H"," ","U",-39,"H"," ","U",-33,"H"," ","U",-11,"H"," ","U",0,"H"," ","U",-11,"H"," ","U",-28,"H"," ","U",-39,"H"," ","U",-17,"H"," ","U",-17,"H"," ","U",-11,"H"," ","U",0,"H"," ","U",-6,"H"," ","U",-6,"H"," ","U",-78,"H"," ","U",-83,"H"," ","U",-39,"H"," ","U",-28,"H"," ","U",-33,"H"," ","U",-106,"H"," ","U",-139,"H"," ","U",-122,"H"," ","U",-128,"H"," ","U",-133,"H","O","U",-72,"H"," ","U",-83,"H"," ","U",-6,"H"," ","U",-28,"H"," ","U",-28,"H"," ","U",-17,"H"," ","U",0,"H"," ","U"
"300","USR0000IFEN",2008,1,"TAVG",-34," "," ","U",-19," "," ","U",-13," "," ","U",3," "," ","U",8," "," ","U",3," "," ","U",-9," "," ","U",-13," "," ","U",2," "," ","U",-8," "," ","U",3," "," ","U",8," "," ","U",13," "," ","U",18," "," ","U",-19," "," ","U",-52," "," ","U",-23," "," ","U",-11," "," ","U",-3," "," ","U",-32," "," ","U",-107," "," ","U",-73," "," ","U",-84," "," ","U",-83," "," ","U",-39," "," ","U",-31," "," ","U",9," "," ","U",-10," "," ","U",-10," "," ","U",-2," "," ","U",7," "," ","U"
"301","USR0000IFEN",2008,2,"TMAX",17,"H"," ","U",50,"H"," ","U",33,"H"," ","U",33,"H"," ","U",39,"H"," ","U",33,"H"," ","U",33,"H"," ","U",33,"H"," ","U",44,"H"," ","U",33,"H"," ","U",56,"H"," ","U",83,"H"," ","U",33,"H"," ","U",78,"H"," ","U",78,"H"," ","U",56,"H"," ","U",89,"H"," ","U",83,"H"," ","U",128,"H"," ","U",100,"H"," ","U",122,"H"," ","U",111,"H"," ","U",61,"H"," ","U",78,"H"," ","U",44,"H"," ","U",122,"H"," ","U",83,"H"," ","U",100,"H"," ","U",117,"H"," ","U",NA," "," "," ",NA," "," "," "
"302","USR0000IFEN",2008,2,"TMIN",0,"H"," ","U",-6,"H"," ","U",-17,"H"," ","U",-11,"H"," ","U",-17,"H"," ","U",0,"H"," ","U",0,"H"," ","U",0,"H"," ","U",0,"H"," ","U",0,"H"," ","U",0,"H"," ","U",0,"H"," ","U",0,"H"," ","U",-17,"H"," ","U",-28,"H"," ","U",0,"H"," ","U",-11,"H"," ","U",-22,"H"," ","U",-39,"H"," ","U",-28,"H"," ","U",-33,"H"," ","U",-28,"H"," ","U",0,"H"," ","U",0,"H"," ","U",11,"H"," ","U",0,"H"," ","U",0,"H"," ","U",0,"H"," ","U",-6,"H"," ","U",NA," "," "," ",NA," "," "," "
"303","USR0000IFEN",2008,2,"TAVG",5," "," ","U",9," "," ","U",6," "," ","U",3," "," ","U",6," "," ","U",6," "," ","U",10," "," ","U",11," "," ","U",15," "," ","U",15," "," ","U",17," "," ","U",25," "," ","U",11," "," ","U",10," "," ","U",11," "," ","U",18," "," ","U",21," "," ","U",7," "," ","U",8," "," ","U",8," "," ","U",8," "," ","U",17," "," ","U",18," "," ","U",23," "," ","U",23," "," ","U",37," "," ","U",28," "," ","U",34," "," ","U",38," "," ","U",NA," "," "," ",NA," "," "," "
"304","USR0000IFEN",2008,3,"TMAX",78,"H"," ","U",67,"H"," ","U",72,"H"," ","U",50,"H"," ","U",78,"H"," ","U",117,"H"," ","U",117,"H"," ","U",56,"H"," ","U",139,"H"," ","U",161,"H"," ","U",89,"H"," ","U",139,"H"," ","U",50,"H"," ","U",94,"H"," ","U",78,"H"," ","U",100,"H"," ","U",67,"H"," ","U",100,"H"," ","U",106,"H"," ","U",94,"H"," ","U",94,"H"," ","U",128,"H"," ","U",78,"H"," ","U",72,"H"," ","U",117,"H"," ","U",106,"H"," ","U",44,"H"," ","U",50,"H"," ","U",61,"H"," ","U",83,"H"," ","U",72,"H"," ","U"
"305","USR0000IFEN",2008,3,"TMIN",11,"H"," ","U",-6,"H"," ","U",-11,"H"," ","U",0,"H"," ","U",0,"H"," ","U",-17,"H"," ","U",-17,"H"," ","U",6,"H"," ","U",0,"H"," ","U",-11,"H"," ","U",17,"H"," ","U",17,"H"," ","U",17,"H"," ","U",17,"H"," ","U",0,"H"," ","U",6,"H"," ","U",0,"H"," ","U",28,"H"," ","U",22,"H"," ","U",17,"H"," ","U",-11,"H"," ","U",-17,"H"," ","U",-17,"H"," ","U",11,"H"," ","U",0,"H"," ","U",0,"H"," ","U",-17,"H"," ","U",-28,"H"," ","U",-17,"H"," ","U",-39,"H"," ","U",0,"H"," ","U"
"306","USR0000IFEN",2008,3,"TAVG",33," "," ","U",27," "," ","U",24," "," ","U",18," "," ","U",23," "," ","U",28," "," ","U",32," "," ","U",28," "," ","U",54," "," ","U",50," "," ","U",42," "," ","U",53," "," ","U",33," "," ","U",43," "," ","U",29," "," ","U",31," "," ","U",33," "," ","U",56," "," ","U",50," "," ","U",43," "," ","U",31," "," ","U",37," "," ","U",37," "," ","U",34," "," ","U",39," "," ","U",39," "," ","U",9," "," ","U",8," "," ","U",16," "," ","U",17," "," ","U",21," "," ","U"
"307","USR0000IFEN",2008,4,"TMAX",89,"H"," ","U",111,"H"," ","U",156,"H"," ","U",139,"H"," ","U",111,"H"," ","U",117,"H"," ","U",128,"H"," ","U",117,"H"," ","U",100,"H"," ","U",89,"H"," ","U",178,"H"," ","U",233,"H"," ","U",267,"H"," ","U",178,"H"," ","U",67,"H"," ","U",106,"H"," ","U",206,"H"," ","U",167,"H"," ","U",83,"H"," ","U",67,"H"," ","U",89,"H"," ","U",189,"H"," ","U",111,"H"," ","U",128,"H"," ","U",94,"H"," ","U",194,"H"," ","U",228,"H"," ","U",261,"H"," ","U",117,"H"," ","U",94,"H"," ","U",NA," "," "," "
"308","USR0000IFEN",2008,4,"TMIN",-17,"H"," ","U",-17,"H"," ","U",-28,"H"," ","U",-11,"H"," ","U",0,"H"," ","U",-6,"H"," ","U",17,"H"," ","U",6,"H"," ","U",0,"H"," ","U",0,"H"," ","U",6,"H"," ","U",6,"H"," ","U",6,"H"," ","U",22,"H"," ","U",11,"H"," ","U",17,"H"," ","U",6,"H"," ","U",17,"H"," ","U",17,"H"," ","U",-17,"H"," ","U",-17,"H"," ","U",0,"H"," ","U",44,"H"," ","U",39,"H"," ","U",11,"H"," ","U",0,"H"," ","U",0,"H"," ","U",39,"H"," ","U",33,"H"," ","U",22,"H"," ","U",NA," "," "," "
"309","USR0000IFEN",2008,4,"TAVG",22," "," ","U",29," "," ","U",44," "," ","U",41," "," ","U",36," "," ","U",49," "," ","U",59," "," ","U",56," "," ","U",38," "," ","U",34," "," ","U",72," "," ","U",95," "," ","U",116," "," ","U",72," "," ","U",36," "," ","U",48," "," ","U",82," "," ","U",82," "," ","U",52," "," ","U",23," "," ","U",31," "," ","U",81," "," ","U",65," "," ","U",74," "," ","U",52," "," ","U",83," "," ","U",104," "," ","U",136," "," ","U",62," "," ","U",48," "," ","U",NA," "," "," "
"310","USR0000IFEN",2008,5,"TMAX",133,"H"," ","U",211,"H"," ","U",228,"H"," ","U",250,"H"," ","U",256,"H"," ","U",228,"H"," ","U",156,"H"," ","U",161,"H"," ","U",156,"H"," ","U",211,"H"," ","U",167,"H"," ","U",156,"H"," ","U",200,"H"," ","U",150,"H"," ","U",278,"H"," ","U",317,"H"," ","U",344,"H"," ","U",328,"H"," ","U",300,"H"," ","U",228,"H"," ","U",128,"H"," ","U",111,"H"," ","U",217,"H"," ","U",233,"H"," ","U",250,"H"," ","U",267,"H"," ","U",272,"H"," ","U",239,"H"," ","U",189,"H"," ","U",222,"H"," ","U",283,"H"," ","U"
"311","USR0000IFEN",2008,5,"TMIN",6,"H"," ","U",0,"H"," ","U",11,"H"," ","U",17,"H"," ","U",28,"H"," ","U",39,"H"," ","U",72,"H"," ","U",50,"H"," ","U",11,"H"," ","U",11,"H"," ","U",61,"H"," ","U",22,"H"," ","U",11,"H"," ","U",78,"H"," ","U",78,"H"," ","U",67,"H"," ","U",56,"H"," ","U",78,"H"," ","U",72,"H"," ","U",78,"H"," ","U",67,"H"," ","U",72,"H"," ","U",78,"H"," ","U",72,"H"," ","U",89,"H"," ","U",61,"H"," ","U",72,"H"," ","U",89,"H"," ","U",106,"H"," ","U",106,"H"," ","U",78,"H"," ","U"
"312","USR0000IFEN",2008,5,"TAVG",62," "," ","U",98," "," ","U",108," "," ","U",123," "," ","U",133," "," ","U",132," "," ","U",101," "," ","U",99," "," ","U",82," "," ","U",106," "," ","U",101," "," ","U",84," "," ","U",98," "," ","U",110," "," ","U",156," "," ","U",173," "," ","U",181," "," ","U",193," "," ","U",183," "," ","U",126," "," ","U",91," "," ","U",88," "," ","U",136," "," ","U",135," "," ","U",156," "," ","U",169," "," ","U",181," "," ","U",143," "," ","U",139," "," ","U",143," "," ","U",174," "," ","U"
"313","USR0000IFEN",2008,6,"TMAX",244,"H"," ","U",211,"H"," ","U",189,"H"," ","U",133,"H"," ","U",217,"H"," ","U",150,"H"," ","U",156,"H"," ","U",233,"H"," ","U",239,"H"," ","U",128,"H"," ","U",78,"H"," ","U",211,"H"," ","U",283,"H"," ","U",272,"H"," ","U",294,"H"," ","U",317,"H"," ","U",283,"H"," ","U",272,"H"," ","U",289,"H"," ","U",356,"H"," ","U",367,"H"," ","U",289,"H"," ","U",294,"H"," ","U",294,"H"," ","U",311,"H"," ","U",283,"H"," ","U",317,"H"," ","U",367,"H"," ","U",400,"H"," ","U",356,"H"," ","U",NA," "," "," "
"314","USR0000IFEN",2008,6,"TMIN",89,"H"," ","U",67,"H"," ","U",61,"H"," ","U",89,"H"," ","U",83,"H"," ","U",67,"H"," ","U",67,"H"," ","U",72,"H"," ","U",67,"H"," ","U",28,"H"," ","U",33,"H"," ","U",67,"H"," ","U",50,"H"," ","U",83,"H"," ","U",61,"H"," ","U",61,"H"," ","U",89,"H"," ","U",67,"H"," ","U",67,"H"," ","U",78,"H"," ","U",94,"H"," ","U",117,"H"," ","U",94,"H"," ","U",89,"H"," ","U",72,"H"," ","U",106,"H"," ","U",83,"H"," ","U",94,"H"," ","U",117,"H"," ","U",139,"H"," ","U",NA," "," "," "
"315","USR0000IFEN",2008,6,"TAVG",154," "," ","U",137," "," ","U",121," "," ","U",106," "," ","U",144," "," ","U",99," "," ","U",97," "," ","U",136," "," ","U",134," "," ","U",75," "," ","U",59," "," ","U",114," "," ","U",161," "," ","U",168," "," ","U",168," "," ","U",183," "," ","U",183," "," ","U",168," "," ","U",173," "," ","U",200," "," ","U",219," "," ","U",201," "," ","U",186," "," ","U",186," "," ","U",190," "," ","U",193," "," ","U",194," "," ","U",223," "," ","U",246," "," ","U",232," "," ","U",NA," "," "," "
"316","USR0000IFEN",2008,7,"TMAX",328,"H"," ","U",356,"H"," ","U",406,"H"," ","U",311,"H"," ","U",306,"H"," ","U",317,"H"," ","U",317,"H"," ","U",333,"H"," ","U",356,"H"," ","U",339,"H"," ","U",278,"H"," ","U",328,"H"," ","U",356,"H"," ","U",356,"H"," ","U",333,"H"," ","U",333,"H"," ","U",344,"H"," ","U",317,"H"," ","U",344,"H"," ","U",372,"H"," ","U",356,"H"," ","U",250,"H"," ","U",278,"H"," ","U",328,"H"," ","U",372,"H"," ","U",356,"H"," ","U",333,"H"," ","U",322,"H"," ","U",322,"H"," ","U",294,"H"," ","U",378,"H"," ","U"
"317","USR0000IFEN",2008,7,"TMIN",156,"H"," ","U",144,"H"," ","U",133,"H"," ","U",161,"H"," ","U",133,"H"," ","U",122,"H"," ","U",111,"H"," ","U",111,"H"," ","U",100,"H"," ","U",117,"H"," ","U",83,"H"," ","U",56,"H"," ","U",72,"H"," ","U",100,"H"," ","U",128,"H"," ","U",100,"H"," ","U",94,"H"," ","U",106,"H"," ","U",83,"H"," ","U",100,"H"," ","U",111,"H"," ","U",128,"H"," ","U",122,"H"," ","U",106,"H"," ","U",100,"H"," ","U",117,"H"," ","U",117,"H"," ","U",111,"H"," ","U",111,"H"," ","U",122,"H"," ","U",89,"H"," ","U"
"318","USR0000IFEN",2008,7,"TAVG",217," "," ","U",234," "," ","U",248," "," ","U",223," "," ","U",214," "," ","U",212," "," ","U",209," "," ","U",212," "," ","U",218," "," ","U",228," "," ","U",175," "," ","U",184," "," ","U",207," "," ","U",219," "," ","U",210," "," ","U",206," "," ","U",213," "," ","U",207," "," ","U",204," "," ","U",222," "," ","U",216," "," ","U",173," "," ","U",192," "," ","U",203," "," ","U",221," "," ","U",228," "," ","U",221," "," ","U",209," "," ","U",212," "," ","U",200," "," ","U",214," "," ","U"
"319","USR0000IFEN",2008,8,"TMAX",339,"H"," ","U",289,"H"," ","U",311,"H"," ","U",350,"H"," ","U",383,"H"," ","U",367,"H"," ","U",389,"H"," ","U",361,"H"," ","U",333,"H"," ","U",261,"H"," ","U",306,"H"," ","U",344,"H"," ","U",356,"H"," ","U",378,"H"," ","U",394,"H"," ","U",394,"H"," ","U",400,"H"," ","U",389,"H"," ","U",294,"H"," ","U",244,"H"," ","U",183,"H"," ","U",267,"H"," ","U",289,"H"," ","U",344,"H"," ","U",311,"H"," ","U",228,"H"," ","U",200,"H"," ","U",289,"H"," ","U",333,"H"," ","U",272,"H"," ","U",206,"H"," ","U"
"320","USR0000IFEN",2008,8,"TMIN",111,"H"," ","U",128,"H"," ","U",106,"H"," ","U",83,"H"," ","U",94,"H"," ","U",117,"H"," ","U",150,"H"," ","U",178,"H"," ","U",144,"H"," ","U",117,"H"," ","U",89,"H"," ","U",89,"H"," ","U",128,"H"," ","U",111,"H"," ","U",122,"H"," ","U",111,"H"," ","U",122,"H"," ","U",128,"H"," ","U",156,"H"," ","U",139,"H"," ","U",111,"H"," ","U",89,"H"," ","U",111,"H"," ","U",89,"H"," ","U",122,"H"," ","U",89,"H"," ","U",89,"H"," ","U",106,"H"," ","U",106,"H"," ","U",111,"H"," ","U",106,"H"," ","U"
"321","USR0000IFEN",2008,8,"TAVG",219," "," ","U",203," "," ","U",199," "," ","U",206," "," ","U",222," "," ","U",229," "," ","U",245," "," ","U",254," "," ","U",227," "," ","U",184," "," ","U",188," "," ","U",202," "," ","U",223," "," ","U",233," "," ","U",236," "," ","U",234," "," ","U",237," "," ","U",259," "," ","U",212," "," ","U",175," "," ","U",143," "," ","U",163," "," ","U",163," "," ","U",197," "," ","U",196," "," ","U",150," "," ","U",141," "," ","U",178," "," ","U",198," "," ","U",187," "," ","U",144," "," ","U"
"322","USR0000IFEN",2008,9,"TMAX",228,"H"," ","U",250,"H"," ","U",267,"H"," ","U",250,"H"," ","U",217,"H"," ","U",272,"H"," ","U",278,"H"," ","U",283,"H"," ","U",267,"H"," ","U",250,"H"," ","U",278,"H"," ","U",289,"H"," ","U",294,"H"," ","U",289,"H"," ","U",300,"H"," ","U",306,"H"," ","U",289,"H"," ","U",289,"H"," ","U",306,"H"," ","U",200,"H"," ","U",150,"H"," ","U",167,"H"," ","U",200,"H"," ","U",206,"H"," ","U",250,"H"," ","U",250,"H"," ","U",250,"H"," ","U",256,"H"," ","U",256,"H"," ","U",267,"H"," ","U",NA," "," "," "
"323","USR0000IFEN",2008,9,"TMIN",56,"H"," ","U",33,"H"," ","U",61,"H"," ","U",61,"H"," ","U",50,"H"," ","U",106,"H"," ","U",78,"H"," ","U",61,"H"," ","U",61,"H"," ","U",67,"H"," ","U",50,"H"," ","U",50,"H"," ","U",61,"H"," ","U",56,"H"," ","U",61,"H"," ","U",50,"H"," ","U",50,"H"," ","U",67,"H"," ","U",78,"H"," ","U",111,"H"," ","U",106,"H"," ","U",72,"H"," ","U",50,"H"," ","U",50,"H"," ","U",83,"H"," ","U",78,"H"," ","U",78,"H"," ","U",67,"H"," ","U",56,"H"," ","U",56,"H"," ","U",NA," "," "," "
"324","USR0000IFEN",2008,9,"TAVG",134," "," ","U",134," "," ","U",149," "," ","U",129," "," ","U",129," "," ","U",168," "," ","U",160," "," ","U",151," "," ","U",139," "," ","U",142," "," ","U",136," "," ","U",149," "," ","U",153," "," ","U",149," "," ","U",152," "," ","U",152," "," ","U",146," "," ","U",157," "," ","U",169," "," ","U",148," "," ","U",126," "," ","U",108," "," ","U",104," "," ","U",117," "," ","U",138," "," ","U",139," "," ","U",136," "," ","U",127," "," ","U",128," "," ","U",141," "," ","U",NA," "," "," "
"325","USR0000IFEN",2008,10,"TMAX",283,"H"," ","U",250,"H"," ","U",211,"H"," ","U",172,"H"," ","U",172,"H"," ","U",183,"H"," ","U",156,"H"," ","U",150,"H"," ","U",133,"H"," ","U",122,"H"," ","U",133,"H"," ","U",150,"H"," ","U",150,"H"," ","U",122,"H"," ","U",100,"H"," ","U",117,"H"," ","U",194,"H"," ","U",139,"H"," ","U",194,"H"," ","U",133,"H"," ","U",100,"H"," ","U",150,"H"," ","U",133,"H"," ","U",144,"H"," ","U",183,"H"," ","U",150,"H"," ","U",161,"H"," ","U",167,"H"," ","U",172,"H"," ","U",161,"H"," ","U",117,"H"," ","U"
"326","USR0000IFEN",2008,10,"TMIN",83,"H"," ","U",89,"H"," ","U",117,"H"," ","U",106,"H"," ","U",83,"H"," ","U",78,"H"," ","U",56,"H"," ","U",11,"H"," ","U",6,"H"," ","U",-6,"H"," ","U",-28,"H"," ","U",-11,"H"," ","U",0,"H"," ","U",28,"H"," ","U",17,"H"," ","U",33,"H"," ","U",33,"H"," ","U",67,"H"," ","U",78,"H"," ","U",67,"H"," ","U",6,"H"," ","U",0,"H"," ","U",-6,"H"," ","U",11,"H"," ","U",28,"H"," ","U",11,"H"," ","U",0,"H"," ","U",6,"H"," ","U",33,"H"," ","U",17,"H"," ","U",39,"H"," ","U"
"327","USR0000IFEN",2008,10,"TAVG",156," "," ","U",156," "," ","U",147," "," ","U",132," "," ","U",115," "," ","U",117," "," ","U",100," "," ","U",67," "," ","U",52," "," ","U",55," "," ","U",33," "," ","U",39," "," ","U",62," "," ","U",69," "," ","U",52," "," ","U",71," "," ","U",99," "," ","U",101," "," ","U",124," "," ","U",89," "," ","U",59," "," ","U",50," "," ","U",47," "," ","U",60," "," ","U",80," "," ","U",53," "," ","U",49," "," ","U",61," "," ","U",71," "," ","U",65," "," ","U",64," "," ","U"
"328","USR0000IFEN",2008,11,"TMAX",117,"H"," ","U",128,"H"," ","U",111,"H"," ","U",94,"H"," ","U",94,"H"," ","U",72,"H"," ","U",83,"H"," ","U",111,"H"," ","U",94,"H"," ","U",100,"H"," ","U",78,"H"," ","U",94,"H"," ","U",111,"H"," ","U",72,"H"," ","U",111,"H"," ","U",111,"H"," ","U",100,"H"," ","U",106,"H"," ","U",83,"H"," ","U",111,"H"," ","U",67,"H"," ","U",50,"H"," ","U",61,"H"," ","U",61,"H"," ","U",50,"H"," ","U",56,"H"," ","U",44,"H"," ","U",50,"H"," ","U",67,"H"," ","U",89,"H"," ","U",NA," "," "," "
"329","USR0000IFEN",2008,11,"TMIN",28,"H"," ","U",67,"H"," ","U",50,"H"," ","U",39,"H"," ","U",0,"H"," ","U",-6,"H"," ","U",39,"H"," ","U",50,"H"," ","U",61,"H"," ","U",67,"H"," ","U",44,"H"," ","U",61,"H"," ","U",17,"H"," ","U",6,"H"," ","U",6,"H"," ","U",6,"H"," ","U",11,"H"," ","U",22,"H"," ","U",39,"H"," ","U",39,"H"," ","U",0,"H"," ","U",0,"H"," ","U",-17,"H"," ","U",-28,"H"," ","U",-28,"H"," ","U",-6,"H"," ","U",-6,"H"," ","U",0,"H"," ","U",28,"H"," ","U",50,"H"," ","U",NA," "," "," "
"330","USR0000IFEN",2008,11,"TAVG",71," "," ","U",92," "," ","U",76," "," ","U",58," "," ","U",38," "," ","U",36," "," ","U",60," "," ","U",76," "," ","U",77," "," ","U",77," "," ","U",64," "," ","U",79," "," ","U",71," "," ","U",28," "," ","U",39," "," ","U",41," "," ","U",49," "," ","U",51," "," ","U",54," "," ","U",65," "," ","U",32," "," ","U",22," "," ","U",16," "," ","U",-4," "," ","U",-4," "," ","U",14," "," ","U",10," "," ","U",25," "," ","U",47," "," ","U",64," "," ","U",NA," "," "," "
"331","USR0000IFEN",2008,12,"TMAX",94,"H"," ","U",78,"H"," ","U",67,"H"," ","U",39,"H"," ","U",22,"H"," ","U",67,"H"," ","U",33,"H"," ","U",22,"H"," ","U",50,"H"," ","U",67,"H"," ","U",67,"H"," ","U",44,"H"," ","U",28,"H"," ","U",-67,"H"," ","U",-67,"H"," ","U",-78,"H"," ","U",-39,"H"," ","U",0,"H"," ","U",-17,"H"," ","U",-56,"H"," ","U",-22,"H"," ","U",-28,"H"," ","U",-44,"H"," ","U",-17,"H"," ","U",6,"H"," ","U",0,"H"," ","U",0,"H"," ","U",11,"H"," ","U",33,"H"," ","U",11,"H"," ","U",11,"H"," ","U"
"332","USR0000IFEN",2008,12,"TMIN",22,"H"," ","U",44,"H"," ","U",17,"H"," ","U",-11,"H"," ","U",-22,"H"," ","U",0,"H"," ","U",0,"H"," ","U",0,"H"," ","U",6,"H"," ","U",28,"H"," ","U",11,"H"," ","U",-6,"H"," ","U",-72,"H"," ","U",-122,"H"," ","U",-128,"H"," ","U",-133,"H"," ","U",-133,"H"," ","U",-61,"H"," ","U",-72,"H"," ","U",-128,"H"," ","U",-83,"H"," ","U",-67,"H"," ","U",-67,"H"," ","U",-83,"H"," ","U",-28,"H"," ","U",-33,"H"," ","U",-22,"H"," ","U",-6,"H"," ","U",-11,"H"," ","U",-28,"H"," ","U",0,"H"," ","U"
"333","USR0000IFEN",2008,12,"TAVG",54," "," ","U",60," "," ","U",43," "," ","U",4," "," ","U",2," "," ","U",21," "," ","U",18," "," ","U",12," "," ","U",28," "," ","U",43," "," ","U",42," "," ","U",14," "," ","U",-19," "," ","U",-94," "," ","U",-101," "," ","U",-112," "," ","U",-77," "," ","U",-25," "," ","U",-42," "," ","U",-84," "," ","U",-48," "," ","U",-54," "," ","U",-58," "," ","U",-48," "," ","U",-13," "," ","U",-20," "," ","U",-9," "," ","U",4," "," ","U",9," "," ","U",-11," "," ","U",3," "," ","U"
"334","USR0000IFEN",2009,1,"TMAX",11,"H"," ","U",28,"H"," ","U",0,"H"," ","U",-11,"H"," ","U",-17,"H"," ","U",6,"H"," ","U",11,"H"," ","U",33,"H"," ","U",50,"H"," ","U",22,"H"," ","U",17,"H"," ","U",33,"H"," ","U",44,"H"," ","U",94,"H"," ","U",89,"H"," ","U",72,"H"," ","U",72,"H"," ","U",78,"H"," ","U",78,"H"," ","U",61,"H"," ","U",44,"H"," ","U",72,"H"," ","U",22,"H"," ","U",11,"H"," ","U",-6,"H"," ","U",6,"H"," ","U",-61,"H"," ","U",-6,"H"," ","U",56,"H"," ","U",94,"H"," ","U",50,"H"," ","U"
"335","USR0000IFEN",2009,1,"TMIN",0,"H"," ","U",-17,"H"," ","U",-67,"H"," ","U",-67,"H"," ","U",-39,"H"," ","U",-17,"H"," ","U",0,"H"," ","U",0,"H"," ","U",0,"H"," ","U",0,"H"," ","U",0,"H"," ","U",0,"H"," ","U",6,"H"," ","U",0,"H"," ","U",-6,"H"," ","U",-33,"H"," ","U",-28,"H"," ","U",-44,"H"," ","U",-50,"H"," ","U",-44,"H"," ","U",-50,"H"," ","U",-39,"H"," ","U",-17,"H"," ","U",-11,"H"," ","U",-89,"H"," ","U",-128,"H","O","U",-139,"H","O","U",-61,"H"," ","U",-17,"H"," ","U",-17,"H"," ","U",-28,"H"," ","U"
"336","USR0000IFEN",2009,1,"TAVG",4," "," ","U",3," "," ","U",-34," "," ","U",-43," "," ","U",-23," "," ","U",-3," "," ","U",4," "," ","U",8," "," ","U",10," "," ","U",6," "," ","U",8," "," ","U",12," "," ","U",15," "," ","U",17," "," ","U",11," "," ","U",-3," "," ","U",-6," "," ","U",-14," "," ","U",-22," "," ","U",-22," "," ","U",-24," "," ","U",-10," "," ","U",3," "," ","U",1," "," ","U",-26," "," ","U",-89," "," ","U",-83," "," ","U",-30," "," ","U",7," "," ","U",12," "," ","U",1," "," ","U"
"337","USR0000IFEN",2009,2,"TMAX",78,"H"," ","U",50,"H"," ","U",111,"H"," ","U",128,"H"," ","U",39,"H"," ","U",56,"H"," ","U",122,"H"," ","U",133,"H"," ","U",28,"H"," ","U",50,"H"," ","U",50,"H"," ","U",100,"H"," ","U",111,"H"," ","U",83,"H"," ","U",44,"H"," ","U",156,"H"," ","U",72,"H"," ","U",83,"H"," ","U",139,"H"," ","U",117,"H"," ","U",150,"H"," ","U",106,"H"," ","U",117,"H"," ","U",44,"H"," ","U",89,"H"," ","U",44,"H"," ","U",89,"H"," ","U",83,"H"," ","U",NA," "," "," ",NA," "," "," ",NA," "," "," "
"338","USR0000IFEN",2009,2,"TMIN",-50,"H"," ","U",-11,"H"," ","U",-22,"H"," ","U",-33,"H"," ","U",-33,"H"," ","U",-6,"H"," ","U",0,"H"," ","U",-17,"H"," ","U",-6,"H"," ","U",-22,"H"," ","U",-22,"H"," ","U",-44,"H"," ","U",-56,"H"," ","U",-33,"H"," ","U",-56,"H"," ","U",-17,"H"," ","U",0,"H"," ","U",0,"H"," ","U",-17,"H"," ","U",-28,"H"," ","U",-44,"H"," ","U",-39,"H"," ","U",0,"H"," ","U",6,"H"," ","U",11,"H"," ","U",-6,"H"," ","U",-33,"H"," ","U",-39,"H"," ","U",NA," "," "," ",NA," "," "," ",NA," "," "," "
"339","USR0000IFEN",2009,2,"TAVG",-3," "," ","U",8," "," ","U",11," "," ","U",7," "," ","U",-3," "," ","U",16," "," ","U",28," "," ","U",26," "," ","U",9," "," ","U",4," "," ","U",2," "," ","U",-4," "," ","U",-3," "," ","U",3," "," ","U",-5," "," ","U",18," "," ","U",21," "," ","U",21," "," ","U",27," "," ","U",11," "," ","U",12," "," ","U",12," "," ","U",34," "," ","U",22," "," ","U",31," "," ","U",9," "," ","U",11," "," ","U",10," "," ","U",NA," "," "," ",NA," "," "," ",NA," "," "," "
"340","USR0000IFEN",2009,3,"TMAX",78,"H"," ","U",78,"H"," ","U",117,"H"," ","U",89,"H"," ","U",78,"H"," ","U",33,"H"," ","U",28,"H"," ","U",44,"H"," ","U",67,"H"," ","U",22,"H"," ","U",61,"H"," ","U",89,"H"," ","U",128,"H"," ","U",122,"H"," ","U",67,"H"," ","U",39,"H"," ","U",106,"H"," ","U",106,"H"," ","U",133,"H"," ","U",167,"H"," ","U",94,"H"," ","U",100,"H"," ","U",78,"H"," ","U",50,"H"," ","U",61,"H"," ","U",106,"H"," ","U",128,"H"," ","U",72,"H"," ","U",22,"H"," ","U",67,"H"," ","U",50,"H"," ","U"
"341","USR0000IFEN",2009,3,"TMIN",0,"H"," ","U",0,"H"," ","U",11,"H"," ","U",6,"H"," ","U",0,"H"," ","U",-39,"H"," ","U",-61,"H"," ","U",-39,"H"," ","U",-61,"H"," ","U",-61,"H"," ","U",-100,"H"," ","U",-89,"H"," ","U",-56,"H"," ","U",-33,"H"," ","U",0,"H"," ","U",0,"H"," ","U",0,"H"," ","U",0,"H"," ","U",-6,"H"," ","U",6,"H"," ","U",6,"H"," ","U",28,"H"," ","U",6,"H"," ","U",0,"H"," ","U",6,"H"," ","U",-17,"H"," ","U",-11,"H"," ","U",17,"H"," ","U",0,"H"," ","U",0,"H"," ","U",6,"H"," ","U"
"342","USR0000IFEN",2009,3,"TAVG",27," "," ","U",38," "," ","U",39," "," ","U",33," "," ","U",23," "," ","U",1," "," ","U",-11," "," ","U",-2," "," ","U",-12," "," ","U",-18," "," ","U",-31," "," ","U",-15," "," ","U",13," "," ","U",21," "," ","U",29," "," ","U",13," "," ","U",37," "," ","U",44," "," ","U",55," "," ","U",62," "," ","U",49," "," ","U",54," "," ","U",38," "," ","U",24," "," ","U",25," "," ","U",32," "," ","U",45," "," ","U",39," "," ","U",9," "," ","U",29," "," ","U",25," "," ","U"
"343","USR0000IFEN",2009,4,"TMAX",56,"H"," ","U",78,"H"," ","U",89,"H"," ","U",150,"H"," ","U",200,"H"," ","U",217,"H"," ","U",250,"H"," ","U",150,"H"," ","U",183,"H"," ","U",206,"H"," ","U",106,"H"," ","U",200,"H"," ","U",106,"H"," ","U",100,"H"," ","U",128,"H"," ","U",178,"H"," ","U",206,"H"," ","U",217,"H"," ","U",239,"H"," ","U",294,"H"," ","U",306,"H"," ","U",261,"H"," ","U",122,"H"," ","U",156,"H"," ","U",144,"H"," ","U",150,"H"," ","U",167,"H"," ","U",150,"H"," ","U",161,"H"," ","U",156,"H"," ","U",NA," "," "," "
"344","USR0000IFEN",2009,4,"TMIN",0,"H"," ","U",0,"H"," ","U",17,"H"," ","U",0,"H"," ","U",-6,"H"," ","U",0,"H"," ","U",0,"H"," ","U",17,"H"," ","U",22,"H"," ","U",6,"H"," ","U",39,"H"," ","U",33,"H"," ","U",44,"H"," ","U",28,"H"," ","U",22,"H"," ","U",11,"H"," ","U",0,"H"," ","U",22,"H"," ","U",6,"H"," ","U",22,"H"," ","U",28,"H"," ","U",44,"H"," ","U",6,"H"," ","U",0,"H"," ","U",-17,"H"," ","U",6,"H"," ","U",0,"H"," ","U",44,"H"," ","U",33,"H"," ","U",17,"H"," ","U",NA," "," "," "
"345","USR0000IFEN",2009,4,"TAVG",23," "," ","U",30," "," ","U",39," "," ","U",57," "," ","U",72," "," ","U",80," "," ","U",91," "," ","U",77," "," ","U",91," "," ","U",95," "," ","U",69," "," ","U",103," "," ","U",66," "," ","U",57," "," ","U",66," "," ","U",84," "," ","U",94," "," ","U",107," "," ","U",105," "," ","U",134," "," ","U",144," "," ","U",144," "," ","U",73," "," ","U",61," "," ","U",64," "," ","U",77," "," ","U",82," "," ","U",75," "," ","U",81," "," ","U",81," "," ","U",NA," "," "," "
"346","USR0000IFEN",2009,5,"TMAX",211,"H"," ","U",222,"H"," ","U",122,"H"," ","U",222,"H"," ","U",117,"H"," ","U",178,"H"," ","U",122,"H"," ","U",189,"H"," ","U",233,"H"," ","U",233,"H"," ","U",200,"H"," ","U",106,"H"," ","U",200,"H"," ","U",156,"H"," ","U",228,"H"," ","U",278,"H"," ","U",328,"H"," ","U",333,"H"," ","U",189,"H"," ","U",206,"H"," ","U",256,"H"," ","U",300,"H"," ","U",306,"H"," ","U",289,"H"," ","U",300,"H"," ","U",278,"H"," ","U",289,"H"," ","U",333,"H"," ","U",344,"H"," ","U",344,"H"," ","U",328,"H"," ","U"
"347","USR0000IFEN",2009,5,"TMIN",0,"H"," ","U",17,"H"," ","U",56,"H"," ","U",39,"H"," ","U",78,"H"," ","U",61,"H"," ","U",44,"H"," ","U",28,"H"," ","U",22,"H"," ","U",33,"H"," ","U",72,"H"," ","U",33,"H"," ","U",33,"H"," ","U",67,"H"," ","U",56,"H"," ","U",33,"H"," ","U",56,"H"," ","U",89,"H"," ","U",89,"H"," ","U",44,"H"," ","U",11,"H"," ","U",28,"H"," ","U",61,"H"," ","U",89,"H"," ","U",78,"H"," ","U",72,"H"," ","U",67,"H"," ","U",72,"H"," ","U",83,"H"," ","U",122,"H"," ","U",94,"H"," ","U"
"348","USR0000IFEN",2009,5,"TAVG",98," "," ","U",107," "," ","U",87," "," ","U",124," "," ","U",96," "," ","U",101," "," ","U",73," "," ","U",86," "," ","U",114," "," ","U",126," "," ","U",124," "," ","U",61," "," ","U",111," "," ","U",99," "," ","U",129," "," ","U",143," "," ","U",179," "," ","U",196," "," ","U",127," "," ","U",124," "," ","U",127," "," ","U",162," "," ","U",188," "," ","U",191," "," ","U",189," "," ","U",174," "," ","U",172," "," ","U",193," "," ","U",197," "," ","U",225," "," ","U",203," "," ","U"
"349","USR0000IFEN",2009,6,"TMAX",294,"H"," ","U",300,"H"," ","U",333,"H"," ","U",306,"H"," ","U",311,"H"," ","U",183,"H"," ","U",233,"H"," ","U",228,"H"," ","U",261,"H"," ","U",278,"H"," ","U",294,"H"," ","U",272,"H"," ","U",311,"H"," ","U",256,"H"," ","U",244,"H"," ","U",306,"H"," ","U",256,"H"," ","U",289,"H"," ","U",194,"H"," ","U",217,"H"," ","U",167,"H"," ","U",178,"H"," ","U",283,"H"," ","U",356,"H"," ","U",283,"H"," ","U",267,"H"," ","U",300,"H"," ","U",328,"H"," ","U",317,"H"," ","U",322,"H"," ","U",NA," "," "," "
"350","USR0000IFEN",2009,6,"TMIN",83,"H"," ","U",78,"H"," ","U",83,"H"," ","U",139,"H"," ","U",117,"H"," ","U",106,"H"," ","U",78,"H"," ","U",78,"H"," ","U",72,"H"," ","U",61,"H"," ","U",67,"H"," ","U",83,"H"," ","U",89,"H"," ","U",128,"H"," ","U",133,"H"," ","U",117,"H"," ","U",122,"H"," ","U",117,"H"," ","U",122,"H"," ","U",106,"H"," ","U",94,"H"," ","U",67,"H"," ","U",50,"H"," ","U",78,"H"," ","U",117,"H"," ","U",89,"H"," ","U",72,"H"," ","U",72,"H"," ","U",100,"H"," ","U",100,"H"," ","U",NA," "," "," "
"351","USR0000IFEN",2009,6,"TAVG",175," "," ","U",184," "," ","U",208," "," ","U",211," "," ","U",194," "," ","U",142," "," ","U",141," "," ","U",127," "," ","U",154," "," ","U",164," "," ","U",181," "," ","U",170," "," ","U",184," "," ","U",179," "," ","U",169," "," ","U",202," "," ","U",171," "," ","U",192," "," ","U",152," "," ","U",154," "," ","U",131," "," ","U",121," "," ","U",161," "," ","U",208," "," ","U",193," "," ","U",174," "," ","U",181," "," ","U",199," "," ","U",207," "," ","U",202," "," ","U",NA," "," "," "
"352","USR0000IFEN",2009,7,"TMAX",333,"H"," ","U",367,"H"," ","U",367,"H"," ","U",372,"H"," ","U",378,"H"," ","U",289,"H"," ","U",278,"H"," ","U",256,"H"," ","U",267,"H"," ","U",322,"H"," ","U",311,"H"," ","U",328,"H"," ","U",206,"H"," ","U",311,"H"," ","U",344,"H"," ","U",372,"H"," ","U",339,"H"," ","U",394,"H"," ","U",333,"H"," ","U",350,"H"," ","U",372,"H"," ","U",389,"H"," ","U",367,"H"," ","U",339,"H"," ","U",361,"H"," ","U",317,"H"," ","U",361,"H"," ","U",350,"H"," ","U",344,"H"," ","U",356,"H"," ","U",383,"H"," ","U"
"353","USR0000IFEN",2009,7,"TMIN",83,"H"," ","U",89,"H"," ","U",128,"H"," ","U",122,"H"," ","U",122,"H"," ","U",117,"H"," ","U",89,"H"," ","U",100,"H"," ","U",72,"H"," ","U",89,"H"," ","U",94,"H"," ","U",144,"H"," ","U",139,"H"," ","U",128,"H"," ","U",100,"H"," ","U",106,"H"," ","U",128,"H"," ","U",133,"H"," ","U",133,"H"," ","U",106,"H"," ","U",111,"H"," ","U",111,"H"," ","U",128,"H"," ","U",150,"H"," ","U",139,"H"," ","U",150,"H"," ","U",161,"H"," ","U",144,"H"," ","U",144,"H"," ","U",117,"H"," ","U",117,"H"," ","U"
"354","USR0000IFEN",2009,7,"TAVG",202," "," ","U",216," "," ","U",239," "," ","U",239," "," ","U",231," "," ","U",198," "," ","U",176," "," ","U",162," "," ","U",150," "," ","U",193," "," ","U",204," "," ","U",219," "," ","U",156," "," ","U",199," "," ","U",208," "," ","U",222," "," ","U",217," "," ","U",240," "," ","U",228," "," ","U",218," "," ","U",230," "," ","U",237," "," ","U",238," "," ","U",234," "," ","U",243," "," ","U",215," "," ","U",242," "," ","U",238," "," ","U",239," "," ","U",226," "," ","U",236," "," ","U"
"355","USR0000IFEN",2009,8,"TMAX",400,"H"," ","U",389,"H"," ","U",383,"H"," ","U",400,"H"," ","U",350,"H"," ","U",294,"H"," ","U",228,"H"," ","U",261,"H"," ","U",311,"H"," ","U",344,"H"," ","U",350,"H"," ","U",294,"H"," ","U",217,"H"," ","U",200,"H"," ","U",194,"H"," ","U",261,"H"," ","U",289,"H"," ","U",322,"H"," ","U",344,"H"," ","U",361,"H"," ","U",356,"H"," ","U",322,"H"," ","U",272,"H"," ","U",311,"H"," ","U",328,"H"," ","U",350,"H"," ","U",367,"H"," ","U",356,"H"," ","U",283,"H"," ","U",300,"H"," ","U",294,"H"," ","U"
"356","USR0000IFEN",2009,8,"TMIN",133,"H"," ","U",150,"H"," ","U",133,"H"," ","U",133,"H"," ","U",161,"H"," ","U",156,"H"," ","U",139,"H"," ","U",139,"H"," ","U",122,"H"," ","U",122,"H"," ","U",128,"H"," ","U",133,"H"," ","U",139,"H"," ","U",100,"H"," ","U",106,"H"," ","U",106,"H"," ","U",89,"H"," ","U",106,"H"," ","U",111,"H"," ","U",122,"H"," ","U",139,"H"," ","U",111,"H"," ","U",111,"H"," ","U",94,"H"," ","U",89,"H"," ","U",100,"H"," ","U",100,"H"," ","U",111,"H"," ","U",161,"H"," ","U",139,"H"," ","U",122,"H"," ","U"
"357","USR0000IFEN",2009,8,"TAVG",252," "," ","U",249," "," ","U",242," "," ","U",254," "," ","U",240," "," ","U",208," "," ","U",167," "," ","U",188," "," ","U",210," "," ","U",223," "," ","U",226," "," ","U",211," "," ","U",166," "," ","U",142," "," ","U",134," "," ","U",164," "," ","U",177," "," ","U",196," "," ","U",210," "," ","U",221," "," ","U",228," "," ","U",204," "," ","U",177," "," ","U",184," "," ","U",196," "," ","U",202," "," ","U",211," "," ","U",222," "," ","U",206," "," ","U",184," "," ","U",197," "," ","U"
"358","USR0000IFEN",2009,9,"TMAX",339,"H"," ","U",333,"H"," ","U",294,"H"," ","U",311,"H"," ","U",300,"H"," ","U",239,"H"," ","U",239,"H"," ","U",267,"H"," ","U",261,"H"," ","U",300,"H"," ","U",322,"H"," ","U",339,"H"," ","U",339,"H"," ","U",311,"H"," ","U",322,"H"," ","U",328,"H"," ","U",294,"H"," ","U",317,"H"," ","U",306,"H"," ","U",228,"H"," ","U",267,"H"," ","U",294,"H"," ","U",328,"H"," ","U",311,"H"," ","U",328,"H"," ","U",311,"H"," ","U",272,"H"," ","U",233,"H"," ","U",178,"H"," ","U",111,"H"," ","U",NA," "," "," "
"359","USR0000IFEN",2009,9,"TMIN",128,"H"," ","U",111,"H"," ","U",117,"H"," ","U",89,"H"," ","U",111,"H"," ","U",106,"H"," ","U",78,"H"," ","U",50,"H"," ","U",44,"H"," ","U",78,"H"," ","U",67,"H"," ","U",89,"H"," ","U",94,"H"," ","U",100,"H"," ","U",117,"H"," ","U",117,"H"," ","U",122,"H"," ","U",106,"H"," ","U",106,"H"," ","U",56,"H"," ","U",33,"H"," ","U",39,"H"," ","U",72,"H"," ","U",83,"H"," ","U",83,"H"," ","U",72,"H"," ","U",50,"H"," ","U",28,"H"," ","U",39,"H"," ","U",44,"H"," ","U",NA," "," "," "
"360","USR0000IFEN",2009,9,"TAVG",213," "," ","U",207," "," ","U",187," "," ","U",183," "," ","U",190," "," ","U",161," "," ","U",146," "," ","U",138," "," ","U",142," "," ","U",166," "," ","U",174," "," ","U",187," "," ","U",190," "," ","U",193," "," ","U",200," "," ","U",206," "," ","U",188," "," ","U",187," "," ","U",182," "," ","U",136," "," ","U",123," "," ","U",146," "," ","U",166," "," ","U",170," "," ","U",167," "," ","U",161," "," ","U",133," "," ","U",122," "," ","U",103," "," ","U",68," "," ","U",NA," "," "," "
"361","USR0000IFEN",2009,10,"TMAX",167,"H"," ","U",156,"H"," ","U",189,"H"," ","U",150,"H"," ","U",206,"H"," ","U",194,"H"," ","U",167,"H"," ","U",172,"H"," ","U",117,"H"," ","U",111,"H"," ","U",111,"H"," ","U",89,"H"," ","U",161,"H"," ","U",106,"H"," ","U",167,"H"," ","U",222,"H"," ","U",167,"H"," ","U",200,"H"," ","U",144,"H"," ","U",150,"H"," ","U",133,"H"," ","U",167,"H"," ","U",94,"H"," ","U",128,"H"," ","U",133,"H"," ","U",94,"H"," ","U",56,"H"," ","U",72,"H"," ","U",56,"H"," ","U",72,"H"," ","U",111,"H"," ","U"
"362","USR0000IFEN",2009,10,"TMIN",28,"H"," ","U",28,"H"," ","U",67,"H"," ","U",22,"H"," ","U",0,"H"," ","U",-11,"H"," ","U",6,"H"," ","U",33,"H"," ","U",-11,"H"," ","U",-39,"H"," ","U",-67,"H"," ","U",-61,"H"," ","U",-22,"H"," ","U",44,"H"," ","U",78,"H"," ","U",61,"H"," ","U",44,"H"," ","U",78,"H"," ","U",78,"H"," ","U",56,"H"," ","U",28,"H"," ","U",61,"H"," ","U",44,"H"," ","U",28,"H"," ","U",17,"H"," ","U",50,"H"," ","U",17,"H"," ","U",11,"H"," ","U",11,"H"," ","U",28,"H"," ","U",56,"H"," ","U"
"363","USR0000IFEN",2009,10,"TAVG",82," "," ","U",91," "," ","U",106," "," ","U",97," "," ","U",73," "," ","U",66," "," ","U",68," "," ","U",83," "," ","U",62," "," ","U",14," "," ","U",-1," "," ","U",7," "," ","U",60," "," ","U",78," "," ","U",109," "," ","U",116," "," ","U",102," "," ","U",127," "," ","U",101," "," ","U",97," "," ","U",74," "," ","U",94," "," ","U",72," "," ","U",72," "," ","U",59," "," ","U",69," "," ","U",38," "," ","U",34," "," ","U",29," "," ","U",49," "," ","U",82," "," ","U"
"364","USR0000IFEN",2009,11,"TMAX",106,"H"," ","U",111,"H"," ","U",122,"H"," ","U",128,"H"," ","U",139,"H"," ","U",139,"H"," ","U",89,"H"," ","U",89,"H"," ","U",111,"H"," ","U",94,"H"," ","U",50,"H"," ","U",72,"H"," ","U",67,"H"," ","U",39,"H"," ","U",61,"H"," ","U",61,"H"," ","U",50,"H"," ","U",83,"H"," ","U",61,"H"," ","U",56,"H"," ","U",78,"H"," ","U",72,"H"," ","U",67,"H"," ","U",61,"H"," ","U",89,"H"," ","U",56,"H"," ","U",44,"H"," ","U",56,"H"," ","U",67,"H"," ","U",72,"H"," ","U",NA," "," "," "
"365","USR0000IFEN",2009,11,"TMIN",33,"H"," ","U",11,"H"," ","U",11,"H"," ","U",0,"H"," ","U",0,"H"," ","U",28,"H"," ","U",17,"H"," ","U",6,"H"," ","U",-11,"H"," ","U",11,"H"," ","U",6,"H"," ","U",0,"H"," ","U",-17,"H"," ","U",-11,"H"," ","U",-17,"H"," ","U",0,"H"," ","U",0,"H"," ","U",-6,"H"," ","U",-6,"H"," ","U",0,"H"," ","U",0,"H"," ","U",0,"H"," ","U",6,"H"," ","U",6,"H"," ","U",0,"H"," ","U",0,"H"," ","U",22,"H"," ","U",6,"H"," ","U",0,"H"," ","U",-11,"H"," ","U",NA," "," "," "
"366","USR0000IFEN",2009,11,"TAVG",69," "," ","U",44," "," ","U",42," "," ","U",38," "," ","U",49," "," ","U",68," "," ","U",43," "," ","U",43," "," ","U",39," "," ","U",42," "," ","U",28," "," ","U",24," "," ","U",14," "," ","U",11," "," ","U",8," "," ","U",22," "," ","U",24," "," ","U",33," "," ","U",23," "," ","U",27," "," ","U",28," "," ","U",22," "," ","U",23," "," ","U",32," "," ","U",29," "," ","U",27," "," ","U",34," "," ","U",26," "," ","U",23," "," ","U",18," "," ","U",NA," "," "," "
"367","USR0000IFEN",2009,12,"TMAX",44,"H"," ","U",17,"H"," ","U",17,"H"," ","U",-6,"H"," ","U",6,"H"," ","U",-28,"H"," ","U",-50,"H"," ","U",-78,"H"," ","U",-61,"H"," ","U",-44,"H"," ","U",0,"H"," ","U",-50,"H"," ","U",-6,"H"," ","U",6,"H"," ","U",11,"H"," ","U",17,"H"," ","U",56,"H"," ","U",50,"H"," ","U",33,"H"," ","U",22,"H"," ","U",28,"H"," ","U",22,"H"," ","U",22,"H"," ","U",17,"H"," ","U",0,"H"," ","U",-11,"H"," ","U",-17,"H"," ","U",-6,"H"," ","U",11,"H"," ","U",-11,"H"," ","U",11,"H"," ","U"
"368","USR0000IFEN",2009,12,"TMIN",-17,"H"," ","U",-61,"H"," ","U",-72,"H"," ","U",-72,"H"," ","U",-39,"H"," ","U",-111,"H"," ","U",-144,"H"," ","U",-161,"H"," ","U",-150,"H"," ","U",-133,"H"," ","U",-133,"H"," ","U",-117,"H"," ","U",-56,"H"," ","U",-50,"H"," ","U",-17,"H"," ","U",0,"H"," ","U",0,"H"," ","U",0,"H"," ","U",0,"H"," ","U",0,"H"," ","U",0,"H"," ","U",0,"H"," ","U",-17,"H"," ","U",-56,"H"," ","U",-78,"H"," ","U",-100,"H"," ","U",-111,"H"," ","U",-100,"H"," ","U",-67,"H"," ","U",-56,"H"," ","U",-28,"H"," ","U"
"369","USR0000IFEN",2009,12,"TAVG",17," "," ","U",-26," "," ","U",-47," "," ","U",-32," "," ","U",-21," "," ","U",-50," "," ","U",-106," "," ","U",-131," "," ","U",-121," "," ","U",-98," "," ","U",-89," "," ","U",-69," "," ","U",-35," "," ","U",-26," "," ","U",2," "," ","U",6," "," ","U",12," "," ","U",12," "," ","U",8," "," ","U",7," "," ","U",10," "," ","U",8," "," ","U",3," "," ","U",-26," "," ","U",-51," "," ","U",-73," "," ","U",-81," "," ","U",-53," "," ","U",-46," "," ","U",-27," "," ","U",-6," "," ","U"
"370","USR0000IFEN",2010,1,"TMAX",44,"H"," ","U",22,"H"," ","U",50,"H"," ","U",39,"H"," ","U",17,"H"," ","U",28,"H"," ","U",6,"H"," ","U",11,"H"," ","U",11,"H"," ","U",44,"H"," ","U",33,"H"," ","U",44,"H"," ","U",50,"H"," ","U",67,"H"," ","U",33,"H"," ","U",28,"H"," ","U",61,"H"," ","U",100,"H"," ","U",94,"H"," ","U",50,"H"," ","U",56,"H"," ","U",39,"H"," ","U",33,"H"," ","U",56,"H"," ","U",56,"H"," ","U",33,"H"," ","U",72,"H"," ","U",83,"H"," ","U",72,"H"," ","U",94,"H"," ","U",44,"H"," ","U"
"371","USR0000IFEN",2010,1,"TMIN",0,"H"," ","U",0,"H"," ","U",0,"H"," ","U",0,"H"," ","U",0,"H"," ","U",-50,"H"," ","U",-78,"H"," ","U",-89,"H"," ","U",-33,"H"," ","U",-33,"H"," ","U",-28,"H"," ","U",0,"H"," ","U",0,"H"," ","U",0,"H"," ","U",-6,"H"," ","U",0,"H"," ","U",0,"H"," ","U",0,"H"," ","U",-11,"H"," ","U",-17,"H"," ","U",-28,"H"," ","U",-33,"H"," ","U",6,"H"," ","U",0,"H"," ","U",0,"H"," ","U",6,"H"," ","U",6,"H"," ","U",0,"H"," ","U",-6,"H"," ","U",0,"H"," ","U",0,"H"," ","U"
"372","USR0000IFEN",2010,1,"TAVG",13," "," ","U",6," "," ","U",12," "," ","U",10," "," ","U",9," "," ","U",-6," "," ","U",-54," "," ","U",-49," "," ","U",-7," "," ","U",-6," "," ","U",1," "," ","U",19," "," ","U",17," "," ","U",19," "," ","U",12," "," ","U",13," "," ","U",19," "," ","U",18," "," ","U",15," "," ","U",1," "," ","U",-2," "," ","U",-3," "," ","U",14," "," ","U",18," "," ","U",21," "," ","U",16," "," ","U",29," "," ","U",18," "," ","U",17," "," ","U",19," "," ","U",21," "," ","U"
"373","USR0000IFEN",2010,2,"TMAX",94,"H"," ","U",67,"H"," ","U",72,"H"," ","U",111,"H"," ","U",67,"H"," ","U",122,"H"," ","U",89,"H"," ","U",100,"H"," ","U",83,"H"," ","U",89,"H"," ","U",83,"H"," ","U",106,"H"," ","U",122,"H"," ","U",128,"H"," ","U",133,"H"," ","U",72,"H"," ","U",111,"H"," ","U",133,"H"," ","U",100,"H"," ","U",117,"H"," ","U",89,"H"," ","U",111,"H"," ","U",122,"H"," ","U",39,"H"," ","U",106,"H"," ","U",133,"H"," ","U",139,"H"," ","U",139,"H"," ","U",NA," "," "," ",NA," "," "," ",NA," "," "," "
"374","USR0000IFEN",2010,2,"TMIN",11,"H"," ","U",0,"H"," ","U",-6,"H"," ","U",6,"H"," ","U",6,"H"," ","U",0,"H"," ","U",-6,"H"," ","U",6,"H"," ","U",0,"H"," ","U",0,"H"," ","U",17,"H"," ","U",28,"H"," ","U",11,"H"," ","U",0,"H"," ","U",22,"H"," ","U",6,"H"," ","U",28,"H"," ","U",-17,"H"," ","U",-33,"H"," ","U",-39,"H"," ","U",-61,"H"," ","U",-67,"H"," ","U",-56,"H"," ","U",-6,"H"," ","U",0,"H"," ","U",-6,"H"," ","U",28,"H"," ","U",17,"H"," ","U",NA," "," "," ",NA," "," "," ",NA," "," "," "
"375","USR0000IFEN",2010,2,"TAVG",34," "," ","U",23," "," ","U",21," "," ","U",34," "," ","U",34," "," ","U",39," "," ","U",23," "," ","U",34," "," ","U",31," "," ","U",34," "," ","U",41," "," ","U",53," "," ","U",47," "," ","U",51," "," ","U",64," "," ","U",42," "," ","U",53," "," ","U",49," "," ","U",12," "," ","U",7," "," ","U",-9," "," ","U",-6," "," ","U",10," "," ","U",14," "," ","U",33," "," ","U",55," "," ","U",64," "," ","U",64," "," ","U",NA," "," "," ",NA," "," "," ",NA," "," "," "
"376","USR0000IFEN",2010,3,"TMAX",183,"H"," ","U",144,"H"," ","U",150,"H"," ","U",156,"H"," ","U",150,"H"," ","U",167,"H"," ","U",189,"H"," ","U",78,"H"," ","U",39,"H"," ","U",72,"H"," ","U",111,"H"," ","U",150,"H"," ","U",67,"H"," ","U",122,"H"," ","U",189,"H"," ","U",183,"H"," ","U",144,"H"," ","U",144,"H"," ","U",161,"H"," ","U",194,"H"," ","U",133,"H"," ","U",89,"H"," ","U",161,"H"," ","U",189,"H"," ","U",111,"H"," ","U",106,"H"," ","U",183,"H"," ","U",128,"H"," ","U",211,"H"," ","U",100,"H"," ","U",106,"H"," ","U"
"377","USR0000IFEN",2010,3,"TMIN",0,"H"," ","U",-6,"H"," ","U",6,"H"," ","U",28,"H"," ","U",11,"H"," ","U",0,"H"," ","U",-6,"H"," ","U",0,"H"," ","U",-11,"H"," ","U",-33,"H"," ","U",-33,"H"," ","U",-6,"H"," ","U",6,"H"," ","U",0,"H"," ","U",0,"H"," ","U",0,"H"," ","U",39,"H"," ","U",0,"H"," ","U",-22,"H"," ","U",-28,"H"," ","U",-11,"H"," ","U",39,"H"," ","U",11,"H"," ","U",-6,"H"," ","U",0,"H"," ","U",28,"H"," ","U",17,"H"," ","U",0,"H"," ","U",39,"H"," ","U",17,"H"," ","U",0,"H"," ","U"
"378","USR0000IFEN",2010,3,"TAVG",57," "," ","U",52," "," ","U",61," "," ","U",78," "," ","U",78," "," ","U",55," "," ","U",60," "," ","U",33," "," ","U",13," "," ","U",14," "," ","U",36," "," ","U",61," "," ","U",32," "," ","U",42," "," ","U",64," "," ","U",76," "," ","U",83," "," ","U",62," "," ","U",48," "," ","U",56," "," ","U",58," "," ","U",56," "," ","U",62," "," ","U",70," "," ","U",51," "," ","U",55," "," ","U",76," "," ","U",72," "," ","U",88," "," ","U",40," "," ","U",41," "," ","U"
"379","USR0000IFEN",2010,4,"TMAX",106,"H"," ","U",94,"H"," ","U",83,"H"," ","U",144,"H"," ","U",56,"H"," ","U",122,"H"," ","U",172,"H"," ","U",89,"H"," ","U",133,"H"," ","U",178,"H"," ","U",178,"H"," ","U",178,"H"," ","U",94,"H"," ","U",183,"H"," ","U",250,"H"," ","U",278,"H"," ","U",244,"H"," ","U",256,"H"," ","U",294,"H"," ","U",283,"H"," ","U",200,"H"," ","U",94,"H"," ","U",183,"H"," ","U",128,"H"," ","U",161,"H"," ","U",228,"H"," ","U",133,"H"," ","U",144,"H"," ","U",72,"H"," ","U",67,"H"," ","U",NA," "," "," "
"380","USR0000IFEN",2010,4,"TMIN",11,"H"," ","U",0,"H"," ","U",-6,"H"," ","U",-11,"H"," ","U",-6,"H"," ","U",0,"H"," ","U",28,"H"," ","U",0,"H"," ","U",-11,"H"," ","U",-22,"H"," ","U",22,"H"," ","U",44,"H"," ","U",50,"H"," ","U",39,"H"," ","U",17,"H"," ","U",28,"H"," ","U",78,"H"," ","U",56,"H"," ","U",39,"H"," ","U",50,"H"," ","U",89,"H"," ","U",50,"H"," ","U",39,"H"," ","U",39,"H"," ","U",11,"H"," ","U",0,"H"," ","U",39,"H"," ","U",33,"H"," ","U",33,"H"," ","U",28,"H"," ","U",NA," "," "," "
"381","USR0000IFEN",2010,4,"TAVG",40," "," ","U",42," "," ","U",39," "," ","U",54," "," ","U",25," "," ","U",47," "," ","U",77," "," ","U",42," "," ","U",48," "," ","U",73," "," ","U",88," "," ","U",83," "," ","U",69," "," ","U",95," "," ","U",108," "," ","U",142," "," ","U",145," "," ","U",143," "," ","U",146," "," ","U",161," "," ","U",124," "," ","U",83," "," ","U",98," "," ","U",73," "," ","U",84," "," ","U",116," "," ","U",100," "," ","U",70," "," ","U",51," "," ","U",48," "," ","U",NA," "," "," "
"382","USR0000IFEN",2010,5,"TMAX",94,"H"," ","U",139,"H"," ","U",117,"H"," ","U",117,"H"," ","U",111,"H"," ","U",111,"H"," ","U",194,"H"," ","U",167,"H"," ","U",206,"H"," ","U",217,"H"," ","U",183,"H"," ","U",178,"H"," ","U",244,"H"," ","U",278,"H"," ","U",289,"H"," ","U",306,"H"," ","U",294,"H"," ","U",228,"H"," ","U",261,"H"," ","U",150,"H"," ","U",144,"H"," ","U",133,"H"," ","U",189,"H"," ","U",156,"H"," ","U",233,"H"," ","U",194,"H"," ","U",178,"H"," ","U",150,"H"," ","U",183,"H"," ","U",244,"H"," ","U",178,"H"," ","U"
"383","USR0000IFEN",2010,5,"TMIN",39,"H"," ","U",39,"H"," ","U",28,"H"," ","U",0,"H"," ","U",0,"H"," ","U",22,"H"," ","U",6,"H"," ","U",33,"H"," ","U",17,"H"," ","U",0,"H"," ","U",78,"H"," ","U",50,"H"," ","U",28,"H"," ","U",44,"H"," ","U",61,"H"," ","U",61,"H"," ","U",78,"H"," ","U",106,"H"," ","U",78,"H"," ","U",44,"H"," ","U",33,"H"," ","U",56,"H"," ","U",50,"H"," ","U",50,"H"," ","U",44,"H"," ","U",78,"H"," ","U",89,"H"," ","U",89,"H"," ","U",89,"H"," ","U",89,"H"," ","U",100,"H"," ","U"
"384","USR0000IFEN",2010,5,"TAVG",61," "," ","U",78," "," ","U",66," "," ","U",53," "," ","U",56," "," ","U",58," "," ","U",91," "," ","U",88," "," ","U",103," "," ","U",108," "," ","U",117," "," ","U",108," "," ","U",131," "," ","U",150," "," ","U",156," "," ","U",176," "," ","U",177," "," ","U",143," "," ","U",161," "," ","U",82," "," ","U",78," "," ","U",83," "," ","U",106," "," ","U",90," "," ","U",136," "," ","U",126," "," ","U",123," "," ","U",113," "," ","U",122," "," ","U",156," "," ","U",133," "," ","U"
"385","USR0000IFEN",2010,6,"TMAX",211,"H"," ","U",156,"H"," ","U",206,"H"," ","U",161,"H"," ","U",250,"H"," ","U",217,"H"," ","U",194,"H"," ","U",272,"H"," ","U",150,"H"," ","U",172,"H"," ","U",206,"H"," ","U",283,"H"," ","U",294,"H"," ","U",289,"H"," ","U",233,"H"," ","U",117,"H"," ","U",150,"H"," ","U",261,"H"," ","U",278,"H"," ","U",200,"H"," ","U",211,"H"," ","U",283,"H"," ","U",322,"H"," ","U",322,"H"," ","U",306,"H"," ","U",300,"H"," ","U",311,"H"," ","U",356,"H"," ","U",306,"H"," ","U",261,"H"," ","U",NA," "," "," "
"386","USR0000IFEN",2010,6,"TMIN",100,"H"," ","U",106,"H"," ","U",111,"H"," ","U",111,"H"," ","U",106,"H"," ","U",100,"H"," ","U",111,"H"," ","U",78,"H"," ","U",94,"H"," ","U",83,"H"," ","U",94,"H"," ","U",106,"H"," ","U",94,"H"," ","U",89,"H"," ","U",111,"H"," ","U",67,"H"," ","U",61,"H"," ","U",61,"H"," ","U",72,"H"," ","U",117,"H"," ","U",106,"H"," ","U",117,"H"," ","U",106,"H"," ","U",150,"H"," ","U",139,"H"," ","U",122,"H"," ","U",100,"H"," ","U",111,"H"," ","U",156,"H"," ","U",111,"H"," ","U",NA," "," "," "
"387","USR0000IFEN",2010,6,"TAVG",144," "," ","U",134," "," ","U",141," "," ","U",129," "," ","U",161," "," ","U",151," "," ","U",146," "," ","U",169," "," ","U",126," "," ","U",116," "," ","U",133," "," ","U",178," "," ","U",185," "," ","U",175," "," ","U",169," "," ","U",101," "," ","U",97," "," ","U",156," "," ","U",173," "," ","U",153," "," ","U",146," "," ","U",186," "," ","U",203," "," ","U",219," "," ","U",194," "," ","U",201," "," ","U",202," "," ","U",236," "," ","U",229," "," ","U",182," "," ","U",NA," "," "," "
"388","USR0000IFEN",2010,7,"TMAX",272,"H"," ","U",206,"H"," ","U",250,"H"," ","U",250,"H"," ","U",222,"H"," ","U",294,"H"," ","U",339,"H"," ","U",361,"H"," ","U",361,"H"," ","U",350,"H"," ","U",350,"H"," ","U",328,"H"," ","U",228,"H"," ","U",289,"H"," ","U",350,"H"," ","U",361,"H"," ","U",356,"H"," ","U",333,"H"," ","U",322,"H"," ","U",344,"H"," ","U",333,"H"," ","U",333,"H"," ","U",306,"H"," ","U",350,"H"," ","U",383,"H"," ","U",372,"H"," ","U",300,"H"," ","U",306,"H"," ","U",350,"H"," ","U",372,"H"," ","U",339,"H"," ","U"
"389","USR0000IFEN",2010,7,"TMIN",100,"H"," ","U",117,"H"," ","U",89,"H"," ","U",72,"H"," ","U",100,"H"," ","U",72,"H"," ","U",89,"H"," ","U",94,"H"," ","U",111,"H"," ","U",122,"H"," ","U",139,"H"," ","U",139,"H"," ","U",94,"H"," ","U",67,"H"," ","U",89,"H"," ","U",117,"H"," ","U",106,"H"," ","U",111,"H"," ","U",94,"H"," ","U",89,"H"," ","U",100,"H"," ","U",106,"H"," ","U",117,"H"," ","U",94,"H"," ","U",100,"H"," ","U",156,"H"," ","U",150,"H"," ","U",133,"H"," ","U",150,"H"," ","U",128,"H"," ","U",161,"H"," ","U"
"390","USR0000IFEN",2010,7,"TAVG",181," "," ","U",151," "," ","U",164," "," ","U",167," "," ","U",159," "," ","U",177," "," ","U",204," "," ","U",221," "," ","U",227," "," ","U",230," "," ","U",236," "," ","U",226," "," ","U",167," "," ","U",176," "," ","U",212," "," ","U",227," "," ","U",221," "," ","U",214," "," ","U",201," "," ","U",208," "," ","U",212," "," ","U",218," "," ","U",206," "," ","U",208," "," ","U",229," "," ","U",246," "," ","U",198," "," ","U",205," "," ","U",232," "," ","U",240," "," ","U",231," "," ","U"
"391","USR0000IFEN",2010,8,"TMAX",322,"H"," ","U",344,"H"," ","U",350,"H"," ","U",372,"H"," ","U",394,"H"," ","U",350,"H"," ","U",333,"H"," ","U",328,"H"," ","U",294,"H"," ","U",278,"H"," ","U",200,"H"," ","U",306,"H"," ","U",311,"H"," ","U",333,"H"," ","U",356,"H"," ","U",361,"H"," ","U",372,"H"," ","U",339,"H"," ","U",333,"H"," ","U",333,"H"," ","U",350,"H"," ","U",256,"H"," ","U",267,"H"," ","U",333,"H"," ","U",361,"H"," ","U",406,"H"," ","U",244,"H"," ","U",200,"H"," ","U",200,"H"," ","U",256,"H"," ","U",244,"H"," ","U"
"392","USR0000IFEN",2010,8,"TMIN",139,"H"," ","U",111,"H"," ","U",117,"H"," ","U",128,"H"," ","U",139,"H"," ","U",172,"H"," ","U",150,"H"," ","U",128,"H"," ","U",139,"H"," ","U",111,"H"," ","U",117,"H"," ","U",133,"H"," ","U",128,"H"," ","U",100,"H"," ","U",106,"H"," ","U",117,"H"," ","U",117,"H"," ","U",139,"H"," ","U",122,"H"," ","U",89,"H"," ","U",100,"H"," ","U",111,"H"," ","U",83,"H"," ","U",61,"H"," ","U",83,"H"," ","U",100,"H"," ","U",117,"H"," ","U",83,"H"," ","U",78,"H"," ","U",67,"H"," ","U",94,"H"," ","U"
"393","USR0000IFEN",2010,8,"TAVG",221," "," ","U",216," "," ","U",222," "," ","U",239," "," ","U",258," "," ","U",238," "," ","U",229," "," ","U",217," "," ","U",205," "," ","U",185," "," ","U",161," "," ","U",201," "," ","U",202," "," ","U",206," "," ","U",215," "," ","U",223," "," ","U",222," "," ","U",220," "," ","U",212," "," ","U",196," "," ","U",212," "," ","U",178," "," ","U",168," "," ","U",177," "," ","U",203," "," ","U",228," "," ","U",176," "," ","U",133," "," ","U",134," "," ","U",150," "," ","U",154," "," ","U"
"394","USR0000IFEN",2010,9,"TMAX",200,"H"," ","U",267,"H"," ","U",306,"H"," ","U",300,"H"," ","U",189,"H"," ","U",239,"H"," ","U",256,"H"," ","U",206,"H"," ","U",161,"H"," ","U",200,"H"," ","U",261,"H"," ","U",283,"H"," ","U",283,"H"," ","U",283,"H"," ","U",283,"H"," ","U",239,"H"," ","U",261,"H"," ","U",261,"H"," ","U",244,"H"," ","U",222,"H"," ","U",183,"H"," ","U",200,"H"," ","U",222,"H"," ","U",261,"H"," ","U",278,"H"," ","U",272,"H"," ","U",289,"H"," ","U",311,"H"," ","U",294,"H"," ","U",294,"H"," ","U",NA," "," "," "
"395","USR0000IFEN",2010,9,"TMIN",117,"H"," ","U",100,"H"," ","U",89,"H"," ","U",111,"H"," ","U",72,"H"," ","U",61,"H"," ","U",72,"H"," ","U",117,"H"," ","U",117,"H"," ","U",83,"H"," ","U",67,"H"," ","U",89,"H"," ","U",83,"H"," ","U",122,"H"," ","U",106,"H"," ","U",128,"H"," ","U",139,"H"," ","U",139,"H"," ","U",117,"H"," ","U",106,"H"," ","U",89,"H"," ","U",72,"H"," ","U",67,"H"," ","U",83,"H"," ","U",61,"H"," ","U",78,"H"," ","U",94,"H"," ","U",89,"H"," ","U",106,"H"," ","U",94,"H"," ","U",NA," "," "," "
"396","USR0000IFEN",2010,9,"TAVG",148," "," ","U",169," "," ","U",184," "," ","U",191," "," ","U",124," "," ","U",128," "," ","U",147," "," ","U",145," "," ","U",128," "," ","U",133," "," ","U",142," "," ","U",157," "," ","U",162," "," ","U",183," "," ","U",174," "," ","U",169," "," ","U",179," "," ","U",188," "," ","U",169," "," ","U",145," "," ","U",136," "," ","U",114," "," ","U",126," "," ","U",146," "," ","U",149," "," ","U",162," "," ","U",170," "," ","U",172," "," ","U",170," "," ","U",161," "," ","U",NA," "," "," "
"397","USR0000IFEN",2010,10,"TMAX",300,"H"," ","U",289,"H"," ","U",217,"H"," ","U",144,"H"," ","U",222,"H"," ","U",233,"H"," ","U",200,"H"," ","U",167,"H"," ","U",217,"H"," ","U",211,"H"," ","U",156,"H"," ","U",150,"H"," ","U",206,"H"," ","U",200,"H"," ","U",161,"H"," ","U",161,"H"," ","U",189,"H"," ","U",161,"H"," ","U",167,"H"," ","U",194,"H"," ","U",194,"H"," ","U",183,"H"," ","U",117,"H"," ","U",100,"H"," ","U",72,"H"," ","U",89,"H"," ","U",122,"H"," ","U",106,"H"," ","U",89,"H"," ","U",100,"H"," ","U",111,"H"," ","U"
"398","USR0000IFEN",2010,10,"TMIN",78,"H"," ","U",83,"H"," ","U",100,"H"," ","U",117,"H"," ","U",83,"H"," ","U",78,"H"," ","U",106,"H"," ","U",100,"H"," ","U",78,"H"," ","U",117,"H"," ","U",56,"H"," ","U",22,"H"," ","U",28,"H"," ","U",39,"H"," ","U",33,"H"," ","U",28,"H"," ","U",28,"H"," ","U",17,"H"," ","U",11,"H"," ","U",11,"H"," ","U",28,"H"," ","U",33,"H"," ","U",44,"H"," ","U",61,"H"," ","U",50,"H"," ","U",39,"H"," ","U",28,"H"," ","U",22,"H"," ","U",39,"H"," ","U",33,"H"," ","U",39,"H"," ","U"
"399","USR0000IFEN",2010,10,"TAVG",161," "," ","U",160," "," ","U",151," "," ","U",133," "," ","U",136," "," ","U",141," "," ","U",137," "," ","U",126," "," ","U",134," "," ","U",152," "," ","U",100," "," ","U",75," "," ","U",93," "," ","U",98," "," ","U",78," "," ","U",77," "," ","U",79," "," ","U",60," "," ","U",61," "," ","U",72," "," ","U",81," "," ","U",78," "," ","U",77," "," ","U",74," "," ","U",59," "," ","U",55," "," ","U",62," "," ","U",62," "," ","U",63," "," ","U",67," "," ","U",71," "," ","U"
"400","USR0000IFEN",2010,11,"TMAX",111,"H"," ","U",122,"H"," ","U",183,"H"," ","U",156,"H"," ","U",117,"H"," ","U",133,"H"," ","U",89,"H"," ","U",78,"H"," ","U",100,"H"," ","U",50,"H"," ","U",89,"H"," ","U",61,"H"," ","U",67,"H"," ","U",56,"H"," ","U",83,"H"," ","U",78,"H"," ","U",78,"H"," ","U",50,"H"," ","U",22,"H"," ","U",50,"H"," ","U",22,"H"," ","U",17,"H"," ","U",0,"H"," ","U",-61,"H"," ","U",-39,"H"," ","U",6,"H"," ","U",22,"H"," ","U",22,"H"," ","U",28,"H"," ","U",6,"H"," ","U",NA," "," "," "
"401","USR0000IFEN",2010,11,"TMIN",28,"H"," ","U",78,"H"," ","U",61,"H"," ","U",44,"H"," ","U",39,"H"," ","U",61,"H"," ","U",50,"H"," ","U",28,"H"," ","U",17,"H"," ","U",17,"H"," ","U",17,"H"," ","U",22,"H"," ","U",28,"H"," ","U",33,"H"," ","U",44,"H"," ","U",39,"H"," ","U",28,"H"," ","U",6,"H"," ","U",-6,"H"," ","U",0,"H"," ","U",-11,"H"," ","U",-11,"H"," ","U",-106,"H"," ","U",-133,"H"," ","U",-78,"H"," ","U",-61,"H"," ","U",-17,"H"," ","U",-17,"H"," ","U",-33,"H"," ","U",-28,"H"," ","U",NA," "," "," "
"402","USR0000IFEN",2010,11,"TAVG",73," "," ","U",97," "," ","U",99," "," ","U",79," "," ","U",76," "," ","U",84," "," ","U",64," "," ","U",51," "," ","U",38," "," ","U",33," "," ","U",42," "," ","U",39," "," ","U",44," "," ","U",44," "," ","U",66," "," ","U",53," "," ","U",54," "," ","U",28," "," ","U",6," "," ","U",11," "," ","U",2," "," ","U",1," "," ","U",-61," "," ","U",-94," "," ","U",-58," "," ","U",-21," "," ","U",-1," "," ","U",2," "," ","U",-10," "," ","U",-11," "," ","U",NA," "," "," "
"403","USR0000IFEN",2010,12,"TMAX",22,"H"," ","U",11,"H"," ","U",56,"H"," ","U",28,"H"," ","U",33,"H"," ","U",28,"H"," ","U",50,"H"," ","U",56,"H"," ","U",44,"H"," ","U",67,"H"," ","U",33,"H"," ","U",33,"H"," ","U",33,"H"," ","U",50,"H"," ","U",44,"H"," ","U",22,"H"," ","U",22,"H"," ","U",6,"H"," ","U",22,"H"," ","U",22,"H"," ","U",39,"H"," ","U",6,"H"," ","U",33,"H"," ","U",22,"H"," ","U",6,"H"," ","U",28,"H"," ","U",28,"H"," ","U",22,"H"," ","U",17,"H"," ","U",-11,"H"," ","U",-61,"H"," ","U"
"404","USR0000IFEN",2010,12,"TMIN",-6,"H"," ","U",0,"H"," ","U",-17,"H"," ","U",-39,"H"," ","U",-39,"H"," ","U",-44,"H"," ","U",0,"H"," ","U",0,"H"," ","U",0,"H"," ","U",6,"H"," ","U",0,"H"," ","U",6,"H"," ","U",11,"H"," ","U",11,"H"," ","U",6,"H"," ","U",-28,"H"," ","U",-50,"H"," ","U",-33,"H"," ","U",-28,"H"," ","U",-11,"H"," ","U",-44,"H"," ","U",-61,"H"," ","U",-11,"H"," ","U",-28,"H"," ","U",-39,"H"," ","U",-28,"H"," ","U",0,"H"," ","U",0,"H"," ","U",-11,"H"," ","U",-56,"H"," ","U",-100,"H"," ","U"
"405","USR0000IFEN",2010,12,"TAVG",4," "," ","U",6," "," ","U",8," "," ","U",-16," "," ","U",-19," "," ","U",-9," "," ","U",11," "," ","U",12," "," ","U",13," "," ","U",18," "," ","U",10," "," ","U",15," "," ","U",19," "," ","U",27," "," ","U",18," "," ","U",-6," "," ","U",-24," "," ","U",-10," "," ","U",-8," "," ","U",1," "," ","U",-21," "," ","U",-23," "," ","U",3," "," ","U",-4," "," ","U",-16," "," ","U",-5," "," ","U",8," "," ","U",10," "," ","U",2," "," ","U",-31," "," ","U",-79," "," ","U"
"406","USR0000IFEN",2011,1,"TMAX",-39,"H"," ","U",-28,"H"," ","U",6,"H"," ","U",6,"H"," ","U",28,"H"," ","U",17,"H"," ","U",72,"H"," ","U",28,"H"," ","U",17,"H"," ","U",-22,"H","I","U",-17,"H"," ","U",6,"H"," ","U",11,"H"," ","U",17,"H"," ","U",33,"H"," ","U",22,"H"," ","U",28,"H"," ","U",61,"H"," ","U",28,"H"," ","U",-11,"H"," ","U",17,"H"," ","U",56,"H"," ","U",39,"H"," ","U",44,"H"," ","U",28,"H"," ","U",89,"H"," ","U",78,"H"," ","U",83,"H"," ","U",50,"H"," ","U",44,"H"," ","U",11,"H"," ","U"
"407","USR0000IFEN",2011,1,"TMIN",-106,"H"," ","U",-94,"H"," ","U",-44,"H"," ","U",-44,"H"," ","U",-22,"H"," ","U",0,"H"," ","U",0,"H"," ","U",-6,"H"," ","U",-11,"H","I","U",-61,"H"," ","U",-100,"H"," ","U",-56,"H"," ","U",0,"H"," ","U",0,"H"," ","U",0,"H"," ","U",6,"H"," ","U",6,"H"," ","U",6,"H"," ","U",-22,"H"," ","U",-33,"H"," ","U",-11,"H"," ","U",0,"H"," ","U",0,"H"," ","U",0,"H"," ","U",6,"H"," ","U",0,"H"," ","U",-6,"H"," ","U",0,"H"," ","U",11,"H"," ","U",-6,"H"," ","U",-39,"H"," ","U"
"408","USR0000IFEN",2011,1,"TAVG",-83," "," ","U",-56," "," ","U",-31," "," ","U",-24," "," ","U",0," "," ","U",6," "," ","U",15," "," ","U",7," "," ","U",-1," "," ","U",-45," "," ","U",-63," "," ","U",-19," "," ","U",6," "," ","U",7," "," ","U",10," "," ","U",13," "," ","U",16," "," ","U",18," "," ","U",3," "," ","U",-20," "," ","U",1," "," ","U",13," "," ","U",10," "," ","U",12," "," ","U",12," "," ","U",23," "," ","U",19," "," ","U",18," "," ","U",23," "," ","U",16," "," ","U",-12," "," ","U"
"409","USR0000IFEN",2011,2,"TMAX",6,"H"," ","U",17,"H"," ","U",11,"H"," ","U",17,"H"," ","U",67,"H"," ","U",44,"H"," ","U",44,"H"," ","U",28,"H"," ","U",22,"H"," ","U",78,"H"," ","U",83,"H"," ","U",67,"H"," ","U",122,"H"," ","U",89,"H"," ","U",172,"H"," ","U",44,"H"," ","U",56,"H"," ","U",67,"H"," ","U",44,"H"," ","U",33,"H"," ","U",39,"H"," ","U",39,"H"," ","U",33,"H"," ","U",6,"H"," ","U",-6,"H"," ","U",-6,"H"," ","U",11,"H"," ","U",39,"H"," ","U",NA," "," "," ",NA," "," "," ",NA," "," "," "
"410","USR0000IFEN",2011,2,"TMIN",-89,"H"," ","U",-100,"H"," ","U",-61,"H"," ","U",0,"H"," ","U",0,"H"," ","U",0,"H"," ","U",0,"H"," ","U",-11,"H"," ","U",-17,"H"," ","U",-6,"H"," ","U",-17,"H"," ","U",0,"H"," ","U",6,"H"," ","U",-6,"H"," ","U",28,"H"," ","U",0,"H"," ","U",0,"H"," ","U",0,"H"," ","U",0,"H"," ","U",-6,"H"," ","U",-6,"H"," ","U",-11,"H"," ","U",-17,"H"," ","U",-72,"H"," ","U",-83,"H"," ","U",-117,"H"," ","U",-44,"H"," ","U",-22,"H"," ","U",NA," "," "," ",NA," "," "," ",NA," "," "," "
"411","USR0000IFEN",2011,2,"TAVG",-56," "," ","U",-53," "," ","U",-17," "," ","U",4," "," ","U",16," "," ","U",16," "," ","U",17," "," ","U",7," "," ","U",1," "," ","U",16," "," ","U",19," "," ","U",22," "," ","U",40," "," ","U",31," "," ","U",62," "," ","U",20," "," ","U",14," "," ","U",17," "," ","U",18," "," ","U",10," "," ","U",11," "," ","U",9," "," ","U",3," "," ","U",-29," "," ","U",-60," "," ","U",-56," "," ","U",-14," "," ","U",2," "," ","U",NA," "," "," ",NA," "," "," ",NA," "," "," "
"412","USR0000IFEN",2011,3,"TMAX",61,"H"," ","U",89,"H"," ","U",94,"H"," ","U",106,"H"," ","U",100,"H"," ","U",117,"H"," ","U",67,"H"," ","U",61,"H"," ","U",83,"H"," ","U",78,"H"," ","U",100,"H"," ","U",122,"H"," ","U",172,"H"," ","U",133,"H"," ","U",61,"H"," ","U",100,"H"," ","U",117,"H"," ","U",156,"H"," ","U",111,"H"," ","U",117,"H"," ","U",133,"H"," ","U",106,"H"," ","U",144,"H"," ","U",144,"H"," ","U",139,"H"," ","U",139,"H"," ","U",117,"H"," ","U",106,"H"," ","U",83,"H"," ","U",83,"H"," ","U",117,"H"," ","U"
"413","USR0000IFEN",2011,3,"TMIN",0,"H"," ","U",-6,"H"," ","U",0,"H"," ","U",0,"H"," ","U",11,"H"," ","U",0,"H"," ","U",0,"H"," ","U",0,"H"," ","U",0,"H"," ","U",17,"H"," ","U",0,"H"," ","U",-17,"H"," ","U",17,"H"," ","U",11,"H"," ","U",17,"H"," ","U",11,"H"," ","U",6,"H"," ","U",0,"H"," ","U",0,"H"," ","U",-11,"H"," ","U",22,"H"," ","U",17,"H"," ","U",0,"H"," ","U",0,"H"," ","U",17,"H"," ","U",-6,"H"," ","U",6,"H"," ","U",6,"H"," ","U",6,"H"," ","U",39,"H"," ","U",61,"H"," ","U"
"414","USR0000IFEN",2011,3,"TAVG",22," "," ","U",21," "," ","U",27," "," ","U",32," "," ","U",38," "," ","U",39," "," ","U",24," "," ","U",28," "," ","U",41," "," ","U",35," "," ","U",36," "," ","U",44," "," ","U",69," "," ","U",57," "," ","U",44," "," ","U",48," "," ","U",49," "," ","U",57," "," ","U",37," "," ","U",42," "," ","U",58," "," ","U",46," "," ","U",55," "," ","U",60," "," ","U",62," "," ","U",64," "," ","U",59," "," ","U",48," "," ","U",52," "," ","U",62," "," ","U",82," "," ","U"
"415","USR0000IFEN",2011,4,"TMAX",189,"H"," ","U",78,"H"," ","U",89,"H"," ","U",78,"H"," ","U",100,"H"," ","U",78,"H"," ","U",122,"H"," ","U",111,"H"," ","U",150,"H"," ","U",139,"H"," ","U",100,"H"," ","U",172,"H"," ","U",89,"H"," ","U",122,"H"," ","U",144,"H"," ","U",167,"H"," ","U",161,"H"," ","U",94,"H"," ","U",122,"H"," ","U",172,"H"," ","U",72,"H"," ","U",111,"H"," ","U",189,"H"," ","U",211,"H"," ","U",144,"H"," ","U",144,"H"," ","U",172,"H"," ","U",94,"H"," ","U",83,"H"," ","U",133,"H"," ","U",NA," "," "," "
"416","USR0000IFEN",2011,4,"TMIN",61,"H"," ","U",17,"H"," ","U",17,"H"," ","U",17,"H"," ","U",17,"H"," ","U",6,"H"," ","U",6,"H"," ","U",11,"H"," ","U",28,"H"," ","U",28,"H"," ","U",28,"H"," ","U",17,"H"," ","U",6,"H"," ","U",22,"H"," ","U",22,"H"," ","U",56,"H"," ","U",17,"H"," ","U",6,"H"," ","U",-6,"H"," ","U",-11,"H"," ","U",22,"H"," ","U",6,"H"," ","U",0,"H"," ","U",0,"H"," ","U",50,"H"," ","U",28,"H"," ","U",28,"H"," ","U",17,"H"," ","U",17,"H"," ","U",33,"H"," ","U",NA," "," "," "
"417","USR0000IFEN",2011,4,"TAVG",105," "," ","U",49," "," ","U",42," "," ","U",49," "," ","U",58," "," ","U",26," "," ","U",48," "," ","U",56," "," ","U",64," "," ","U",73," "," ","U",51," "," ","U",76," "," ","U",46," "," ","U",60," "," ","U",79," "," ","U",91," "," ","U",81," "," ","U",35," "," ","U",47," "," ","U",75," "," ","U",47," "," ","U",46," "," ","U",76," "," ","U",101," "," ","U",82," "," ","U",76," "," ","U",98," "," ","U",45," "," ","U",46," "," ","U",64," "," ","U",NA," "," "," "
"418","USR0000IFEN",2011,5,"TMAX",194,"H"," ","U",172,"H"," ","U",133,"H"," ","U",206,"H"," ","U",217,"H"," ","U",167,"H"," ","U",156,"H"," ","U",128,"H"," ","U",106,"H"," ","U",211,"H"," ","U",278,"H"," ","U",183,"H"," ","U",278,"H"," ","U",294,"H"," ","U",272,"H"," ","U",150,"H"," ","U",178,"H"," ","U",222,"H"," ","U",239,"H"," ","U",228,"H"," ","U",267,"H"," ","U",194,"H"," ","U",222,"H"," ","U",139,"H"," ","U",261,"H"," ","U",161,"H"," ","U",156,"H"," ","U",183,"H"," ","U",183,"H"," ","U",211,"H"," ","U",217,"H"," ","U"
"419","USR0000IFEN",2011,5,"TMIN",22,"H"," ","U",0,"H"," ","U",33,"H"," ","U",33,"H"," ","U",17,"H"," ","U",44,"H"," ","U",78,"H"," ","U",67,"H"," ","U",56,"H"," ","U",67,"H"," ","U",50,"H"," ","U",72,"H"," ","U",56,"H"," ","U",72,"H"," ","U",78,"H"," ","U",67,"H"," ","U",50,"H"," ","U",33,"H"," ","U",61,"H"," ","U",56,"H"," ","U",67,"H"," ","U",72,"H"," ","U",78,"H"," ","U",78,"H"," ","U",50,"H"," ","U",56,"H"," ","U",56,"H"," ","U",39,"H"," ","U",39,"H"," ","U",78,"H"," ","U",78,"H"," ","U"
"420","USR0000IFEN",2011,5,"TAVG",94," "," ","U",85," "," ","U",73," "," ","U",106," "," ","U",107," "," ","U",103," "," ","U",106," "," ","U",83," "," ","U",78," "," ","U",116," "," ","U",151," "," ","U",131," "," ","U",152," "," ","U",193," "," ","U",147," "," ","U",89," "," ","U",106," "," ","U",116," "," ","U",146," "," ","U",141," "," ","U",155," "," ","U",125," "," ","U",146," "," ","U",103," "," ","U",145," "," ","U",102," "," ","U",92," "," ","U",102," "," ","U",118," "," ","U",129," "," ","U",130," "," ","U"
"421","USR0000IFEN",2011,6,"TMAX",172,"H"," ","U",111,"H"," ","U",233,"H"," ","U",300,"H"," ","U",328,"H"," ","U",256,"H"," ","U",211,"H"," ","U",172,"H"," ","U",183,"H"," ","U",256,"H"," ","U",261,"H"," ","U",272,"H"," ","U",233,"H"," ","U",256,"H"," ","U",183,"H"," ","U",144,"H"," ","U",250,"H"," ","U",206,"H"," ","U",161,"H"," ","U",272,"H"," ","U",322,"H"," ","U",356,"H"," ","U",250,"H"," ","U",239,"H"," ","U",256,"H"," ","U",278,"H"," ","U",328,"H"," ","U",344,"H"," ","U",250,"H"," ","U",256,"H"," ","U",NA," "," "," "
"422","USR0000IFEN",2011,6,"TMIN",100,"H"," ","U",72,"H"," ","U",67,"H"," ","U",50,"H"," ","U",83,"H"," ","U",133,"H"," ","U",106,"H"," ","U",89,"H"," ","U",72,"H"," ","U",50,"H"," ","U",100,"H"," ","U",106,"H"," ","U",100,"H"," ","U",100,"H"," ","U",89,"H"," ","U",83,"H"," ","U",83,"H"," ","U",89,"H"," ","U",106,"H"," ","U",94,"H"," ","U",89,"H"," ","U",122,"H"," ","U",89,"H"," ","U",72,"H"," ","U",67,"H"," ","U",61,"H"," ","U",67,"H"," ","U",100,"H"," ","U",144,"H"," ","U",100,"H"," ","U",NA," "," "," "
"423","USR0000IFEN",2011,6,"TAVG",127," "," ","U",91," "," ","U",126," "," ","U",166," "," ","U",191," "," ","U",166," "," ","U",143," "," ","U",123," "," ","U",126," "," ","U",149," "," ","U",161," "," ","U",168," "," ","U",144," "," ","U",169," "," ","U",131," "," ","U",104," "," ","U",144," "," ","U",136," "," ","U",128," "," ","U",175," "," ","U",197," "," ","U",216," "," ","U",172," "," ","U",149," "," ","U",158," "," ","U",166," "," ","U",190," "," ","U",215," "," ","U",181," "," ","U",171," "," ","U",NA," "," "," "
"424","USR0000IFEN",2011,7,"TMAX",289,"H"," ","U",344,"H"," ","U",322,"H"," ","U",333,"H"," ","U",344,"H"," ","U",356,"H"," ","U",306,"H"," ","U",261,"H"," ","U",311,"H"," ","U",300,"H"," ","U",344,"H"," ","U",333,"H"," ","U",250,"H"," ","U",272,"H"," ","U",317,"H"," ","U",311,"H"," ","U",356,"H"," ","U",344,"H"," ","U",300,"H"," ","U",278,"H"," ","U",294,"H"," ","U",261,"H"," ","U",322,"H"," ","U",378,"H"," ","U",350,"H"," ","U",283,"H"," ","U",306,"H"," ","U",328,"H"," ","U",356,"H"," ","U",333,"H"," ","U",356,"H"," ","U"
"425","USR0000IFEN",2011,7,"TMIN",72,"H"," ","U",72,"H"," ","U",106,"H"," ","U",106,"H"," ","U",106,"H"," ","U",100,"H"," ","U",106,"H"," ","U",94,"H"," ","U",67,"H"," ","U",78,"H"," ","U",100,"H"," ","U",128,"H"," ","U",139,"H"," ","U",128,"H"," ","U",100,"H"," ","U",144,"H"," ","U",128,"H"," ","U",128,"H"," ","U",139,"H"," ","U",117,"H"," ","U",106,"H"," ","U",106,"H"," ","U",89,"H"," ","U",89,"H"," ","U",161,"H"," ","U",133,"H"," ","U",106,"H"," ","U",106,"H"," ","U",100,"H"," ","U",111,"H"," ","U",133,"H"," ","U"
"426","USR0000IFEN",2011,7,"TAVG",173," "," ","U",196," "," ","U",208," "," ","U",212," "," ","U",214," "," ","U",218," "," ","U",192," "," ","U",176," "," ","U",177," "," ","U",189," "," ","U",214," "," ","U",223," "," ","U",181," "," ","U",187," "," ","U",203," "," ","U",206," "," ","U",222," "," ","U",225," "," ","U",192," "," ","U",191," "," ","U",198," "," ","U",180," "," ","U",190," "," ","U",218," "," ","U",239," "," ","U",207," "," ","U",198," "," ","U",205," "," ","U",214," "," ","U",213," "," ","U",236," "," ","U"
"427","USR0000IFEN",2011,8,"TMAX",361,"H"," ","U",372,"H"," ","U",361,"H"," ","U",283,"H"," ","U",339,"H"," ","U",350,"H"," ","U",350,"H"," ","U",350,"H"," ","U",356,"H"," ","U",322,"H"," ","U",311,"H"," ","U",344,"H"," ","U",367,"H"," ","U",350,"H"," ","U",272,"H"," ","U",317,"H"," ","U",356,"H"," ","U",328,"H"," ","U",328,"H"," ","U",356,"H"," ","U",367,"H"," ","U",378,"H"," ","U",350,"H"," ","U",383,"H"," ","U",372,"H"," ","U",383,"H"," ","U",383,"H"," ","U",361,"H"," ","U",344,"H"," ","U",317,"H"," ","U",250,"H"," ","U"
"428","USR0000IFEN",2011,8,"TMIN",161,"H"," ","U",156,"H"," ","U",133,"H"," ","U",133,"H"," ","U",161,"H"," ","U",133,"H"," ","U",111,"H"," ","U",106,"H"," ","U",106,"H"," ","U",111,"H"," ","U",89,"H"," ","U",94,"H"," ","U",100,"H"," ","U",117,"H"," ","U",106,"H"," ","U",78,"H"," ","U",89,"H"," ","U",89,"H"," ","U",94,"H"," ","U",100,"H"," ","U",106,"H"," ","U",106,"H"," ","U",111,"H"," ","U",117,"H"," ","U",161,"H"," ","U",133,"H"," ","U",139,"H"," ","U",144,"H"," ","U",150,"H"," ","U",128,"H"," ","U",128,"H"," ","U"
"429","USR0000IFEN",2011,8,"TAVG",242," "," ","U",240," "," ","U",233," "," ","U",208," "," ","U",242," "," ","U",231," "," ","U",222," "," ","U",217," "," ","U",217," "," ","U",202," "," ","U",197," "," ","U",204," "," ","U",217," "," ","U",217," "," ","U",188," "," ","U",187," "," ","U",202," "," ","U",197," "," ","U",198," "," ","U",206," "," ","U",212," "," ","U",221," "," ","U",219," "," ","U",231," "," ","U",252," "," ","U",237," "," ","U",241," "," ","U",234," "," ","U",226," "," ","U",204," "," ","U",178," "," ","U"
"430","USR0000IFEN",2011,9,"TMAX",267,"H"," ","U",272,"H"," ","U",311,"H"," ","U",328,"H"," ","U",333,"H"," ","U",328,"H"," ","U",333,"H"," ","U",317,"H"," ","U",300,"H"," ","U",328,"H"," ","U",306,"H"," ","U",306,"H"," ","U",311,"H"," ","U",317,"H"," ","U",217,"H"," ","U",244,"H"," ","U",239,"H"," ","U",261,"H"," ","U",200,"H"," ","U",261,"H"," ","U",267,"H"," ","U",300,"H"," ","U",322,"H"," ","U",328,"H"," ","U",272,"H"," ","U",283,"H"," ","U",300,"H"," ","U",239,"H"," ","U",283,"H"," ","U",278,"H"," ","U",NA," "," "," "
"431","USR0000IFEN",2011,9,"TMIN",83,"H"," ","U",61,"H"," ","U",50,"H"," ","U",56,"H"," ","U",67,"H"," ","U",83,"H"," ","U",78,"H"," ","U",78,"H"," ","U",78,"H"," ","U",100,"H"," ","U",117,"H"," ","U",100,"H"," ","U",89,"H"," ","U",78,"H"," ","U",94,"H"," ","U",106,"H"," ","U",72,"H"," ","U",106,"H"," ","U",111,"H"," ","U",78,"H"," ","U",61,"H"," ","U",67,"H"," ","U",83,"H"," ","U",78,"H"," ","U",83,"H"," ","U",89,"H"," ","U",72,"H"," ","U",72,"H"," ","U",39,"H"," ","U",83,"H"," ","U",NA," "," "," "
"432","USR0000IFEN",2011,9,"TAVG",169," "," ","U",151," "," ","U",154," "," ","U",169," "," ","U",177," "," ","U",179," "," ","U",178," "," ","U",176," "," ","U",180," "," ","U",194," "," ","U",183," "," ","U",181," "," ","U",175," "," ","U",173," "," ","U",148," "," ","U",159," "," ","U",147," "," ","U",151," "," ","U",149," "," ","U",143," "," ","U",141," "," ","U",158," "," ","U",170," "," ","U",171," "," ","U",172," "," ","U",163," "," ","U",170," "," ","U",158," "," ","U",136," "," ","U",153," "," ","U",NA," "," "," "
"433","USR0000IFEN",2011,10,"TMAX",256,"H"," ","U",294,"H"," ","U",261,"H"," ","U",144,"H"," ","U",156,"H"," ","U",89,"H"," ","U",106,"H"," ","U",167,"H"," ","U",178,"H"," ","U",128,"H"," ","U",161,"H"," ","U",167,"H"," ","U",122,"H"," ","U",183,"H"," ","U",133,"H"," ","U",122,"H"," ","U",139,"H"," ","U",172,"H"," ","U",144,"H"," ","U",150,"H"," ","U",150,"H"," ","U",133,"H"," ","U",189,"H"," ","U",128,"H"," ","U",128,"H"," ","U",128,"H"," ","U",139,"H"," ","U",111,"H"," ","U",133,"H"," ","U",128,"H"," ","U",111,"H"," ","U"
"434","USR0000IFEN",2011,10,"TMIN",111,"H"," ","U",89,"H"," ","U",89,"H"," ","U",100,"H"," ","U",72,"H"," ","U",50,"H"," ","U",72,"H"," ","U",50,"H"," ","U",28,"H"," ","U",61,"H"," ","U",83,"H"," ","U",61,"H"," ","U",56,"H"," ","U",78,"H"," ","U",100,"H"," ","U",78,"H"," ","U",50,"H"," ","U",22,"H"," ","U",39,"H"," ","U",67,"H"," ","U",94,"H"," ","U",89,"H"," ","U",100,"H"," ","U",50,"H"," ","U",28,"H"," ","U",17,"H"," ","U",0,"H"," ","U",0,"H"," ","U",44,"H"," ","U",22,"H"," ","U",44,"H"," ","U"
"435","USR0000IFEN",2011,10,"TAVG",160," "," ","U",157," "," ","U",154," "," ","U",120," "," ","U",114," "," ","U",74," "," ","U",89," "," ","U",104," "," ","U",96," "," ","U",96," "," ","U",108," "," ","U",100," "," ","U",85," "," ","U",116," "," ","U",112," "," ","U",103," "," ","U",89," "," ","U",78," "," ","U",80," "," ","U",98," "," ","U",114," "," ","U",114," "," ","U",123," "," ","U",86," "," ","U",56," "," ","U",61," "," ","U",53," "," ","U",52," "," ","U",75," "," ","U",72," "," ","U",72," "," ","U"
"436","USR0000IFEN",2011,11,"TMAX",106,"H"," ","U",117,"H"," ","U",72,"H"," ","U",50,"H"," ","U",61,"H"," ","U",78,"H"," ","U",67,"H"," ","U",100,"H"," ","U",106,"H"," ","U",94,"H"," ","U",56,"H"," ","U",44,"H"," ","U",56,"H"," ","U",83,"H"," ","U",33,"H"," ","U",22,"H"," ","U",33,"H"," ","U",44,"H"," ","U",33,"H"," ","U",44,"H"," ","U",17,"H"," ","U",56,"H"," ","U",56,"H"," ","U",67,"H"," ","U",61,"H"," ","U",56,"H"," ","U",22,"H"," ","U",61,"H"," ","U",78,"H"," ","U",44,"H"," ","U",NA," "," "," "
"437","USR0000IFEN",2011,11,"TMIN",0,"H"," ","U",-22,"H"," ","U",-22,"H"," ","U",6,"H"," ","U",-6,"H"," ","U",-11,"H"," ","U",-11,"H"," ","U",-11,"H"," ","U",-22,"H"," ","U",-33,"H"," ","U",-39,"H"," ","U",6,"H"," ","U",0,"H"," ","U",17,"H"," ","U",-11,"H"," ","U",-28,"H"," ","U",0,"H"," ","U",0,"H"," ","U",0,"H"," ","U",-11,"H"," ","U",-17,"H"," ","U",0,"H"," ","U",11,"H"," ","U",22,"H"," ","U",-11,"H"," ","U",-17,"H"," ","U",-22,"H"," ","U",6,"H"," ","U",0,"H"," ","U",17,"H"," ","U",NA," "," "," "
"438","USR0000IFEN",2011,11,"TAVG",36," "," ","U",18," "," ","U",11," "," ","U",23," "," ","U",19," "," ","U",9," "," ","U",17," "," ","U",27," "," ","U",9," "," ","U",1," "," ","U",6," "," ","U",22," "," ","U",24," "," ","U",40," "," ","U",9," "," ","U",-1," "," ","U",14," "," ","U",14," "," ","U",9," "," ","U",6," "," ","U",-1," "," ","U",23," "," ","U",34," "," ","U",43," "," ","U",24," "," ","U",10," "," ","U",0," "," ","U",30," "," ","U",34," "," ","U",33," "," ","U",NA," "," "," "
"439","USR0000IFEN",2011,12,"TMAX",56,"H"," ","U",56,"H"," ","U",0,"H"," ","U",28,"H"," ","U",6,"H"," ","U",56,"H"," ","U",28,"H"," ","U",28,"H"," ","U",44,"H"," ","U",44,"H"," ","U",6,"H"," ","U",11,"H"," ","U",39,"H"," ","U",39,"H"," ","U",11,"H"," ","U",44,"H"," ","U",50,"H"," ","U",17,"H"," ","U",39,"H"," ","U",22,"H"," ","U",22,"H"," ","U",17,"H"," ","U",11,"H"," ","U",22,"H"," ","U",44,"H"," ","U",28,"H"," ","U",28,"H"," ","U",28,"H"," ","U",67,"H"," ","U",39,"H"," ","U",22,"H"," ","U"
"440","USR0000IFEN",2011,12,"TMIN",-6,"H"," ","U",-6,"H"," ","U",-17,"H"," ","U",-33,"H"," ","U",-50,"H"," ","U",-39,"H"," ","U",-17,"H"," ","U",-22,"H"," ","U",-39,"H"," ","U",-50,"H"," ","U",-56,"H"," ","U",-6,"H"," ","U",-17,"H"," ","U",-11,"H"," ","U",-11,"H"," ","U",0,"H"," ","U",-11,"H"," ","U",-22,"H"," ","U",-17,"H"," ","U",-33,"H"," ","U",-44,"H"," ","U",-61,"H"," ","U",-61,"H"," ","U",-67,"H"," ","U",-44,"H"," ","U",-17,"H"," ","U",0,"H"," ","U",11,"H"," ","U",17,"H"," ","U",11,"H"," ","U",0,"H"," ","U"
"441","USR0000IFEN",2011,12,"TAVG",14," "," ","U",7," "," ","U",-8," "," ","U",-3," "," ","U",-21," "," ","U",-8," "," ","U",2," "," ","U",-3," "," ","U",-6," "," ","U",-24," "," ","U",-22," "," ","U",2," "," ","U",3," "," ","U",3," "," ","U",0," "," ","U",14," "," ","U",7," "," ","U",-1," "," ","U",3," "," ","U",-5," "," ","U",-3," "," ","U",-32," "," ","U",-31," "," ","U",-17," "," ","U",-8," "," ","U",0," "," ","U",8," "," ","U",19," "," ","U",33," "," ","U",27," "," ","U",5," "," ","U"
"442","USR0000IFEN",2012,1,"TMAX",61,"H"," ","U",72,"H"," ","U",56,"H"," ","U",67,"H"," ","U",44,"H"," ","U",33,"H"," ","U",33,"H"," ","U",61,"H"," ","U",56,"H"," ","U",50,"H"," ","U",11,"H"," ","U",22,"H"," ","U",33,"H"," ","U",11,"H"," ","U",6,"H"," ","U",11,"H"," ","U",11,"H"," ","U",6,"H"," ","U",11,"H"," ","U",44,"H"," ","U",17,"H"," ","U",50,"H"," ","U",56,"H"," ","U",33,"H"," ","U",83,"H"," ","U",61,"H"," ","U",83,"H"," ","U",39,"H"," ","U",56,"H"," ","U",50,"H"," ","U",56,"H"," ","U"
"443","USR0000IFEN",2012,1,"TMIN",0,"H"," ","U",-6,"H"," ","U",-6,"H"," ","U",-17,"H"," ","U",0,"H"," ","U",0,"H"," ","U",0,"H"," ","U",-22,"H"," ","U",-22,"H"," ","U",0,"H"," ","U",-33,"H"," ","U",-50,"H"," ","U",-56,"H"," ","U",-22,"H"," ","U",-44,"H"," ","U",-50,"H"," ","U",-33,"H"," ","U",-11,"H"," ","U",0,"H"," ","U",0,"H"," ","U",0,"H"," ","U",0,"H"," ","U",-22,"H"," ","U",-28,"H"," ","U",0,"H"," ","U",0,"H"," ","U",-39,"H"," ","U",-50,"H"," ","U",0,"H"," ","U",6,"H"," ","U",0,"H"," ","U"
"444","USR0000IFEN",2012,1,"TAVG",22," "," ","U",24," "," ","U",8," "," ","U",7," "," ","U",21," "," ","U",14," "," ","U",8," "," ","U",13," "," ","U",5," "," ","U",16," "," ","U",-12," "," ","U",-28," "," ","U",-20," "," ","U",-4," "," ","U",-14," "," ","U",-27," "," ","U",-10," "," ","U",-3," "," ","U",5," "," ","U",9," "," ","U",5," "," ","U",14," "," ","U",7," "," ","U",2," "," ","U",17," "," ","U",13," "," ","U",-11," "," ","U",-8," "," ","U",20," "," ","U",18," "," ","U",15," "," ","U"
"445","USR0000IFEN",2012,2,"TMAX",33,"H"," ","U",61,"H"," ","U",67,"H"," ","U",78,"H"," ","U",89,"H"," ","U",94,"H"," ","U",94,"H"," ","U",61,"H"," ","U",67,"H"," ","U",94,"H"," ","U",83,"H"," ","U",94,"H"," ","U",61,"H"," ","U",78,"H"," ","U",56,"H"," ","U",72,"H"," ","U",106,"H"," ","U",72,"H"," ","U",44,"H"," ","U",44,"H"," ","U",22,"H"," ","U",83,"H"," ","U",94,"H"," ","U",106,"H"," ","U",44,"H"," ","U",33,"H"," ","U",78,"H"," ","U",89,"H"," ","U",56,"H"," ","U",NA," "," "," ",NA," "," "," "
"446","USR0000IFEN",2012,2,"TMIN",0,"H"," ","U",-6,"H"," ","U",-22,"H"," ","U",-39,"H"," ","U",-50,"H"," ","U",-50,"H"," ","U",-39,"H"," ","U",-39,"H"," ","U",0,"H"," ","U",6,"H"," ","U",6,"H"," ","U",6,"H"," ","U",6,"H"," ","U",6,"H"," ","U",0,"H"," ","U",-22,"H"," ","U",0,"H"," ","U",6,"H"," ","U",0,"H"," ","U",0,"H"," ","U",0,"H"," ","U",17,"H"," ","U",6,"H"," ","U",0,"H"," ","U",0,"H"," ","U",-6,"H"," ","U",-33,"H"," ","U",-6,"H"," ","U",-6,"H"," ","U",NA," "," "," ",NA," "," "," "
"447","USR0000IFEN",2012,2,"TAVG",11," "," ","U",16," "," ","U",4," "," ","U",-3," "," ","U",-7," "," ","U",-8," "," ","U",-4," "," ","U",3," "," ","U",22," "," ","U",28," "," ","U",34," "," ","U",31," "," ","U",31," "," ","U",34," "," ","U",20," "," ","U",17," "," ","U",34," "," ","U",29," "," ","U",16," "," ","U",14," "," ","U",13," "," ","U",48," "," ","U",30," "," ","U",44," "," ","U",19," "," ","U",12," "," ","U",7," "," ","U",21," "," ","U",12," "," ","U",NA," "," "," ",NA," "," "," "
"448","USR0000IFEN",2012,3,"TMAX",61,"H"," ","U",56,"H"," ","U",78,"H"," ","U",150,"H"," ","U",78,"H"," ","U",50,"H"," ","U",83,"H"," ","U",144,"H"," ","U",178,"H"," ","U",194,"H"," ","U",106,"H"," ","U",83,"H"," ","U",61,"H"," ","U",89,"H"," ","U",72,"H"," ","U",94,"H"," ","U",72,"H"," ","U",72,"H"," ","U",72,"H"," ","U",44,"H"," ","U",94,"H"," ","U",117,"H"," ","U",89,"H"," ","U",139,"H"," ","U",194,"H"," ","U",111,"H"," ","U",178,"H"," ","U",117,"H"," ","U",206,"H"," ","U",150,"H"," ","U",178,"H"," ","U"
"449","USR0000IFEN",2012,3,"TMIN",-6,"H"," ","U",0,"H"," ","U",0,"H"," ","U",6,"H"," ","U",0,"H"," ","U",-11,"H"," ","U",-33,"H"," ","U",-22,"H"," ","U",-6,"H"," ","U",-11,"H"," ","U",0,"H"," ","U",0,"H"," ","U",0,"H"," ","U",0,"H"," ","U",22,"H"," ","U",17,"H"," ","U",11,"H"," ","U",11,"H"," ","U",0,"H"," ","U",0,"H"," ","U",0,"H"," ","U",28,"H"," ","U",28,"H"," ","U",22,"H"," ","U",6,"H"," ","U",39,"H"," ","U",6,"H"," ","U",28,"H"," ","U",17,"H"," ","U",56,"H"," ","U",44,"H"," ","U"
"450","USR0000IFEN",2012,3,"TAVG",12," "," ","U",17," "," ","U",24," "," ","U",51," "," ","U",38," "," ","U",11," "," ","U",8," "," ","U",34," "," ","U",48," "," ","U",54," "," ","U",32," "," ","U",38," "," ","U",19," "," ","U",36," "," ","U",51," "," ","U",57," "," ","U",42," "," ","U",39," "," ","U",24," "," ","U",18," "," ","U",33," "," ","U",56," "," ","U",56," "," ","U",64," "," ","U",92," "," ","U",72," "," ","U",77," "," ","U",61," "," ","U",98," "," ","U",85," "," ","U",97," "," ","U"
"451","USR0000IFEN",2012,4,"TMAX",89,"H"," ","U",156,"H"," ","U",178,"H"," ","U",78,"H"," ","U",106,"H"," ","U",89,"H"," ","U",144,"H"," ","U",200,"H"," ","U",228,"H"," ","U",250,"H"," ","U",211,"H"," ","U",189,"H"," ","U",189,"H"," ","U",206,"H"," ","U",156,"H"," ","U",122,"H"," ","U",183,"H"," ","U",156,"H"," ","U",194,"H"," ","U",222,"H"," ","U",272,"H"," ","U",322,"H"," ","U",317,"H"," ","U",261,"H"," ","U",250,"H"," ","U",156,"H"," ","U",106,"H"," ","U",150,"H"," ","U",206,"H"," ","U",161,"H"," ","U",NA," "," "," "
"452","USR0000IFEN",2012,4,"TMIN",11,"H"," ","U",11,"H"," ","U",-6,"H"," ","U",6,"H"," ","U",0,"H"," ","U",6,"H"," ","U",0,"H"," ","U",0,"H"," ","U",11,"H"," ","U",28,"H"," ","U",33,"H"," ","U",39,"H"," ","U",39,"H"," ","U",28,"H"," ","U",33,"H"," ","U",6,"H"," ","U",56,"H"," ","U",56,"H"," ","U",56,"H"," ","U",83,"H"," ","U",67,"H"," ","U",44,"H"," ","U",78,"H"," ","U",106,"H"," ","U",100,"H"," ","U",56,"H"," ","U",50,"H"," ","U",33,"H"," ","U",56,"H"," ","U",56,"H"," ","U",NA," "," "," "
"453","USR0000IFEN",2012,4,"TAVG",50," "," ","U",66," "," ","U",76," "," ","U",37," "," ","U",44," "," ","U",40," "," ","U",59," "," ","U",82," "," ","U",107," "," ","U",115," "," ","U",123," "," ","U",108," "," ","U",99," "," ","U",110," "," ","U",91," "," ","U",72," "," ","U",108," "," ","U",92," "," ","U",114," "," ","U",138," "," ","U",151," "," ","U",166," "," ","U",183," "," ","U",158," "," ","U",164," "," ","U",107," "," ","U",71," "," ","U",89," "," ","U",117," "," ","U",94," "," ","U",NA," "," "," "
"454","USR0000IFEN",2012,5,"TMAX",161,"H"," ","U",150,"H"," ","U",144,"H"," ","U",139,"H"," ","U",106,"H"," ","U",200,"H"," ","U",256,"H"," ","U",294,"H"," ","U",228,"H"," ","U",172,"H"," ","U",228,"H"," ","U",267,"H"," ","U",317,"H"," ","U",344,"H"," ","U",322,"H"," ","U",289,"H"," ","U",228,"H"," ","U",222,"H"," ","U",256,"H"," ","U",256,"H"," ","U",233,"H"," ","U",172,"H"," ","U",133,"H"," ","U",178,"H"," ","U",183,"H"," ","U",167,"H"," ","U",133,"H"," ","U",256,"H"," ","U",211,"H"," ","U",233,"H"," ","U",200,"H"," ","U"
"455","USR0000IFEN",2012,5,"TMIN",50,"H"," ","U",33,"H"," ","U",28,"H"," ","U",50,"H"," ","U",39,"H"," ","U",33,"H"," ","U",17,"H"," ","U",22,"H"," ","U",61,"H"," ","U",6,"H"," ","U",-11,"H"," ","U",0,"H"," ","U",17,"H"," ","U",56,"H"," ","U",67,"H"," ","U",78,"H"," ","U",78,"H"," ","U",50,"H"," ","U",28,"H"," ","U",56,"H"," ","U",94,"H"," ","U",72,"H"," ","U",61,"H"," ","U",56,"H"," ","U",50,"H"," ","U",28,"H"," ","U",78,"H"," ","U",72,"H"," ","U",89,"H"," ","U",72,"H"," ","U",61,"H"," ","U"
"456","USR0000IFEN",2012,5,"TAVG",94," "," ","U",89," "," ","U",82," "," ","U",81," "," ","U",67," "," ","U",97," "," ","U",116," "," ","U",151," "," ","U",144," "," ","U",101," "," ","U",102," "," ","U",125," "," ","U",155," "," ","U",184," "," ","U",189," "," ","U",181," "," ","U",148," "," ","U",133," "," ","U",136," "," ","U",156," "," ","U",154," "," ","U",116," "," ","U",92," "," ","U",106," "," ","U",107," "," ","U",107," "," ","U",99," "," ","U",135," "," ","U",141," "," ","U",150," "," ","U",137," "," ","U"
"457","USR0000IFEN",2012,6,"TMAX",311,"H"," ","U",189,"H"," ","U",228,"H"," ","U",306,"H"," ","U",139,"H"," ","U",183,"H"," ","U",222,"H"," ","U",172,"H"," ","U",150,"H"," ","U",133,"H"," ","U",294,"H"," ","U",283,"H"," ","U",250,"H"," ","U",278,"H"," ","U",272,"H"," ","U",311,"H"," ","U",294,"H"," ","U",189,"H"," ","U",200,"H"," ","U",300,"H"," ","U",361,"H"," ","U",339,"H"," ","U",311,"H"," ","U",311,"H"," ","U",306,"H"," ","U",172,"H"," ","U",278,"H"," ","U",350,"H"," ","U",294,"H"," ","U",344,"H"," ","U",NA," "," "," "
"458","USR0000IFEN",2012,6,"TMIN",117,"H"," ","U",106,"H"," ","U",100,"H"," ","U",106,"H"," ","U",72,"H"," ","U",50,"H"," ","U",33,"H"," ","U",72,"H"," ","U",72,"H"," ","U",61,"H"," ","U",67,"H"," ","U",78,"H"," ","U",78,"H"," ","U",61,"H"," ","U",78,"H"," ","U",56,"H"," ","U",111,"H"," ","U",94,"H"," ","U",72,"H"," ","U",72,"H"," ","U",83,"H"," ","U",117,"H"," ","U",167,"H"," ","U",139,"H"," ","U",111,"H"," ","U",89,"H"," ","U",72,"H"," ","U",78,"H"," ","U",128,"H"," ","U",122,"H"," ","U",NA," "," "," "
"459","USR0000IFEN",2012,6,"TAVG",198," "," ","U",145," "," ","U",154," "," ","U",189," "," ","U",106," "," ","U",110," "," ","U",135," "," ","U",115," "," ","U",91," "," ","U",93," "," ","U",166," "," ","U",166," "," ","U",172," "," ","U",167," "," ","U",165," "," ","U",175," "," ","U",187," "," ","U",126," "," ","U",132," "," ","U",173," "," ","U",207," "," ","U",213," "," ","U",225," "," ","U",219," "," ","U",204," "," ","U",132," "," ","U",162," "," ","U",200," "," ","U",201," "," ","U",232," "," ","U",NA," "," "," "
"460","USR0000IFEN",2012,7,"TMAX",267,"H"," ","U",333,"H"," ","U",256,"H"," ","U",294,"H"," ","U",306,"H"," ","U",356,"H"," ","U",378,"H"," ","U",394,"H"," ","U",328,"H"," ","U",361,"H"," ","U",378,"H"," ","U",389,"H"," ","U",300,"H"," ","U",322,"H"," ","U",311,"H"," ","U",278,"H"," ","U",356,"H"," ","U",350,"H"," ","U",361,"H"," ","U",367,"H"," ","U",333,"H"," ","U",372,"H"," ","U",283,"H"," ","U",322,"H"," ","U",333,"H"," ","U",367,"H"," ","U",344,"H"," ","U",339,"H"," ","U",350,"H"," ","U",344,"H"," ","U",350,"H"," ","U"
"461","USR0000IFEN",2012,7,"TMIN",139,"H"," ","U",128,"H"," ","U",94,"H"," ","U",67,"H"," ","U",89,"H"," ","U",106,"H"," ","U",139,"H"," ","U",156,"H"," ","U",144,"H"," ","U",172,"H"," ","U",167,"H"," ","U",150,"H"," ","U",161,"H"," ","U",167,"H"," ","U",167,"H"," ","U",144,"H"," ","U",156,"H"," ","U",150,"H"," ","U",167,"H"," ","U",172,"H"," ","U",139,"H"," ","U",139,"H"," ","U",128,"H"," ","U",100,"H"," ","U",106,"H"," ","U",128,"H"," ","U",167,"H"," ","U",150,"H"," ","U",122,"H"," ","U",128,"H"," ","U",117,"H"," ","U"
"462","USR0000IFEN",2012,7,"TAVG",195," "," ","U",219," "," ","U",179," "," ","U",173," "," ","U",189," "," ","U",216," "," ","U",238," "," ","U",256," "," ","U",233," "," ","U",251," "," ","U",256," "," ","U",247," "," ","U",216," "," ","U",224," "," ","U",225," "," ","U",192," "," ","U",232," "," ","U",236," "," ","U",253," "," ","U",247," "," ","U",227," "," ","U",240," "," ","U",202," "," ","U",201," "," ","U",214," "," ","U",225," "," ","U",248," "," ","U",232," "," ","U",226," "," ","U",224," "," ","U",226," "," ","U"
"463","USR0000IFEN",2012,8,"TMAX",344,"H"," ","U",306,"H"," ","U",311,"H"," ","U",356,"H"," ","U",389,"H"," ","U",356,"H"," ","U",378,"H"," ","U",350,"H"," ","U",372,"H"," ","U",339,"H"," ","U",361,"H"," ","U",378,"H"," ","U",372,"H"," ","U",367,"H"," ","U",344,"H"," ","U",350,"H"," ","U",356,"H"," ","U",350,"H"," ","U",383,"H"," ","U",322,"H"," ","U",306,"H"," ","U",328,"H"," ","U",317,"H"," ","U",261,"H"," ","U",300,"H"," ","U",239,"H"," ","U",339,"H"," ","U",356,"H"," ","U",272,"H"," ","U",306,"H"," ","U",278,"H"," ","U"
"464","USR0000IFEN",2012,8,"TMIN",117,"H"," ","U",111,"H"," ","U",122,"H"," ","U",100,"H"," ","U",111,"H"," ","U",144,"H"," ","U",144,"H"," ","U",150,"H"," ","U",133,"H"," ","U",144,"H"," ","U",117,"H"," ","U",111,"H"," ","U",117,"H"," ","U",122,"H"," ","U",133,"H"," ","U",128,"H"," ","U",117,"H"," ","U",106,"H"," ","U",150,"H"," ","U",150,"H"," ","U",139,"H"," ","U",128,"H"," ","U",94,"H"," ","U",83,"H"," ","U",61,"H"," ","U",72,"H"," ","U",122,"H"," ","U",106,"H"," ","U",111,"H"," ","U",78,"H"," ","U",83,"H"," ","U"
"465","USR0000IFEN",2012,8,"TAVG",221," "," ","U",209," "," ","U",209," "," ","U",216," "," ","U",232," "," ","U",229," "," ","U",243," "," ","U",238," "," ","U",236," "," ","U",226," "," ","U",223," "," ","U",223," "," ","U",225," "," ","U",225," "," ","U",225," "," ","U",222," "," ","U",213," "," ","U",211," "," ","U",233," "," ","U",217," "," ","U",211," "," ","U",209," "," ","U",192," "," ","U",160," "," ","U",158," "," ","U",152," "," ","U",208," "," ","U",205," "," ","U",184," "," ","U",168," "," ","U",166," "," ","U"
"466","USR0000IFEN",2012,9,"TMAX",283,"H"," ","U",278,"H"," ","U",300,"H"," ","U",289,"H"," ","U",306,"H"," ","U",306,"H"," ","U",311,"H"," ","U",278,"H"," ","U",211,"H"," ","U",256,"H"," ","U",228,"H"," ","U",250,"H"," ","U",211,"H"," ","U",172,"H"," ","U",217,"H"," ","U",278,"H"," ","U",283,"H"," ","U",239,"H"," ","U",233,"H"," ","U",239,"H"," ","U",200,"H"," ","U",189,"H"," ","U",228,"H"," ","U",222,"H"," ","U",256,"H"," ","U",267,"H"," ","U",250,"H"," ","U",211,"H"," ","U",294,"H"," ","U",283,"H"," ","U",NA," "," "," "
"467","USR0000IFEN",2012,9,"TMIN",94,"H"," ","U",56,"H"," ","U",56,"H"," ","U",61,"H"," ","U",67,"H"," ","U",89,"H"," ","U",72,"H"," ","U",72,"H"," ","U",94,"H"," ","U",78,"H"," ","U",44,"H"," ","U",17,"H"," ","U",28,"H"," ","U",44,"H"," ","U",61,"H"," ","U",83,"H"," ","U",56,"H"," ","U",50,"H"," ","U",56,"H"," ","U",50,"H"," ","U",61,"H"," ","U",67,"H"," ","U",89,"H"," ","U",78,"H"," ","U",94,"H"," ","U",72,"H"," ","U",67,"H"," ","U",67,"H"," ","U",94,"H"," ","U",78,"H"," ","U",NA," "," "," "
"468","USR0000IFEN",2012,9,"TAVG",173," "," ","U",149," "," ","U",152," "," ","U",162," "," ","U",161," "," ","U",179," "," ","U",163," "," ","U",158," "," ","U",143," "," ","U",144," "," ","U",118," "," ","U",107," "," ","U",106," "," ","U",103," "," ","U",127," "," ","U",154," "," ","U",140," "," ","U",126," "," ","U",126," "," ","U",125," "," ","U",117," "," ","U",119," "," ","U",146," "," ","U",142," "," ","U",147," "," ","U",143," "," ","U",135," "," ","U",144," "," ","U",168," "," ","U",147," "," ","U",NA," "," "," "
"469","USR0000IFEN",2012,10,"TMAX",244,"H"," ","U",261,"H"," ","U",183,"H"," ","U",178,"H"," ","U",167,"H"," ","U",161,"H"," ","U",167,"H"," ","U",178,"H"," ","U",189,"H"," ","U",189,"H"," ","U",183,"H"," ","U",178,"H"," ","U",144,"H"," ","U",206,"H"," ","U",189,"H"," ","U",133,"H"," ","U",122,"H"," ","U",161,"H"," ","U",100,"H"," ","U",100,"H"," ","U",106,"H"," ","U",56,"H"," ","U",50,"H"," ","U",89,"H"," ","U",61,"H"," ","U",67,"H"," ","U",67,"H"," ","U",89,"H"," ","U",150,"H"," ","U",144,"H"," ","U",150,"H"," ","U"
"470","USR0000IFEN",2012,10,"TMIN",44,"H"," ","U",50,"H"," ","U",11,"H"," ","U",-6,"H"," ","U",-17,"H"," ","U",-22,"H"," ","U",-17,"H"," ","U",-11,"H"," ","U",-6,"H"," ","U",0,"H"," ","U",11,"H"," ","U",11,"H"," ","U",83,"H"," ","U",94,"H"," ","U",111,"H"," ","U",67,"H"," ","U",39,"H"," ","U",11,"H"," ","U",39,"H"," ","U",39,"H"," ","U",17,"H"," ","U",6,"H"," ","U",17,"H"," ","U",0,"H"," ","U",28,"H"," ","U",6,"H"," ","U",33,"H"," ","U",50,"H"," ","U",83,"H"," ","U",78,"H"," ","U",78,"H"," ","U"
"471","USR0000IFEN",2012,10,"TAVG",122," "," ","U",134," "," ","U",83," "," ","U",62," "," ","U",53," "," ","U",46," "," ","U",51," "," ","U",60," "," ","U",68," "," ","U",71," "," ","U",73," "," ","U",86," "," ","U",111," "," ","U",134," "," ","U",137," "," ","U",101," "," ","U",72," "," ","U",67," "," ","U",81," "," ","U",73," "," ","U",49," "," ","U",32," "," ","U",34," "," ","U",42," "," ","U",45," "," ","U",34," "," ","U",48," "," ","U",72," "," ","U",101," "," ","U",103," "," ","U",104," "," ","U"
"472","USR0000IFEN",2012,11,"TMAX",117,"H"," ","U",139,"H"," ","U",111,"H"," ","U",150,"H"," ","U",178,"H"," ","U",172,"H"," ","U",89,"H"," ","U",56,"H"," ","U",44,"H"," ","U",17,"H"," ","U",39,"H"," ","U",44,"H"," ","U",56,"H"," ","U",67,"H"," ","U",117,"H"," ","U",72,"H"," ","U",78,"H"," ","U",72,"H"," ","U",111,"H"," ","U",100,"H"," ","U",89,"H"," ","U",72,"H"," ","U",72,"H"," ","U",67,"H"," ","U",61,"H"," ","U",67,"H"," ","U",44,"H"," ","U",22,"H"," ","U",61,"H"," ","U",67,"H"," ","U",NA," "," "," "
"473","USR0000IFEN",2012,11,"TMIN",83,"H"," ","U",61,"H"," ","U",50,"H"," ","U",78,"H"," ","U",83,"H"," ","U",67,"H"," ","U",56,"H"," ","U",28,"H"," ","U",17,"H"," ","U",-6,"H"," ","U",-11,"H"," ","U",-6,"H"," ","U",6,"H"," ","U",33,"H"," ","U",17,"H"," ","U",17,"H"," ","U",28,"H"," ","U",11,"H"," ","U",17,"H"," ","U",67,"H"," ","U",28,"H"," ","U",-6,"H"," ","U",0,"H"," ","U",28,"H"," ","U",0,"H"," ","U",-22,"H"," ","U",-39,"H"," ","U",-28,"H"," ","U",11,"H"," ","U",39,"H"," ","U",NA," "," "," "
"474","USR0000IFEN",2012,11,"TAVG",96," "," ","U",94," "," ","U",82," "," ","U",102," "," ","U",111," "," ","U",105," "," ","U",72," "," ","U",41," "," ","U",28," "," ","U",6," "," ","U",6," "," ","U",14," "," ","U",29," "," ","U",47," "," ","U",44," "," ","U",37," "," ","U",51," "," ","U",37," "," ","U",66," "," ","U",83," "," ","U",61," "," ","U",26," "," ","U",31," "," ","U",47," "," ","U",36," "," ","U",1," "," ","U",-8," "," ","U",2," "," ","U",36," "," ","U",51," "," ","U",NA," "," "," "
"475","USR0000IFEN",2012,12,"TMAX",83,"H"," ","U",72,"H"," ","U",72,"H"," ","U",67,"H"," ","U",67,"H"," ","U",39,"H"," ","U",28,"H"," ","U",17,"H"," ","U",6,"H"," ","U",6,"H"," ","U",11,"H"," ","U",33,"H"," ","U",44,"H"," ","U",17,"H"," ","U",22,"H"," ","U",28,"H"," ","U",22,"H"," ","U",11,"H"," ","U",22,"H"," ","U",56,"H"," ","U",39,"H"," ","U",50,"H"," ","U",39,"H"," ","U",11,"H"," ","U",22,"H"," ","U",33,"H"," ","U",22,"H"," ","U",39,"H"," ","U",6,"H"," ","U",11,"H"," ","U",17,"H"," ","U"
"476","USR0000IFEN",2012,12,"TMIN",44,"H"," ","U",39,"H"," ","U",17,"H"," ","U",28,"H"," ","U",28,"H"," ","U",6,"H"," ","U",0,"H"," ","U",-17,"H"," ","U",-33,"H"," ","U",-11,"H"," ","U",0,"H"," ","U",6,"H"," ","U",-11,"H"," ","U",-17,"H"," ","U",-6,"H"," ","U",0,"H"," ","U",0,"H"," ","U",-17,"H"," ","U",-22,"H"," ","U",0,"H"," ","U",-6,"H"," ","U",-6,"H"," ","U",6,"H"," ","U",0,"H"," ","U",-6,"H"," ","U",0,"H"," ","U",0,"H"," ","U",-6,"H"," ","U",-22,"H"," ","U",-17,"H"," ","U",-17,"H"," ","U"
"477","USR0000IFEN",2012,12,"TAVG",61," "," ","U",56," "," ","U",42," "," ","U",51," "," ","U",52," "," ","U",26," "," ","U",17," "," ","U",-1," "," ","U",-13," "," ","U",-3," "," ","U",4," "," ","U",12," "," ","U",8," "," ","U",-1," "," ","U",3," "," ","U",13," "," ","U",12," "," ","U",-6," "," ","U",1," "," ","U",22," "," ","U",11," "," ","U",19," "," ","U",17," "," ","U",5," "," ","U",4," "," ","U",9," "," ","U",10," "," ","U",14," "," ","U",-11," "," ","U",-6," "," ","U",-8," "," ","U"
"478","USR0000IFEN",2013,1,"TMAX",-6,"H"," ","U",6,"H"," ","U",0,"H"," ","U",6,"H"," ","U",33,"H"," ","U",11,"H"," ","U",6,"H"," ","U",22,"H"," ","U",28,"H"," ","U",11,"H"," ","U",17,"H"," ","U",-28,"H"," ","U",-22,"H"," ","U",-28,"H"," ","U",33,"H"," ","U",56,"H"," ","U",50,"H"," ","U",61,"H"," ","U",61,"H"," ","U",61,"H"," ","U",56,"H"," ","U",44,"H"," ","U",11,"H"," ","U",67,"H"," ","U",33,"H"," ","U",28,"H"," ","U",44,"H"," ","U",22,"H"," ","U",22,"H"," ","U",17,"H"," ","U",39,"H"," ","U"
"479","USR0000IFEN",2013,1,"TMIN",-33,"H"," ","U",-67,"H"," ","U",-78,"H"," ","U",-67,"H"," ","U",-44,"H"," ","U",-17,"H"," ","U",-11,"H"," ","U",0,"H"," ","U",0,"H"," ","U",-17,"H"," ","U",-61,"H"," ","U",-72,"H"," ","U",-67,"H"," ","U",-56,"H"," ","U",-56,"H"," ","U",-72,"H"," ","U",-78,"H"," ","U",-61,"H"," ","U",-56,"H"," ","U",-61,"H"," ","U",-72,"H"," ","U",-67,"H"," ","U",-50,"H"," ","U",0,"H"," ","U",0,"H"," ","U",6,"H"," ","U",0,"H"," ","U",-6,"H"," ","U",0,"H"," ","U",0,"H"," ","U",0,"H"," ","U"
"480","USR0000IFEN",2013,1,"TAVG",-16," "," ","U",-42," "," ","U",-51," "," ","U",-24," "," ","U",-13," "," ","U",-4," "," ","U",-2," "," ","U",4," "," ","U",8," "," ","U",-1," "," ","U",-29," "," ","U",-57," "," ","U",-52," "," ","U",-42," "," ","U",-21," "," ","U",-43," "," ","U",-37," "," ","U",-24," "," ","U",-23," "," ","U",-27," "," ","U",-30," "," ","U",-26," "," ","U",-16," "," ","U",13," "," ","U",12," "," ","U",12," "," ","U",12," "," ","U",3," "," ","U",6," "," ","U",6," "," ","U",11," "," ","U"
"481","USR0000IFEN",2013,2,"TMAX",78,"H"," ","U",89,"H"," ","U",83,"H"," ","U",94,"H"," ","U",72,"H"," ","U",78,"H"," ","U",78,"H"," ","U",50,"H"," ","U",28,"H"," ","U",78,"H"," ","U",61,"H"," ","U",72,"H"," ","U",61,"H"," ","U",100,"H"," ","U",139,"H"," ","U",111,"H"," ","U",56,"H"," ","U",83,"H"," ","U",67,"H"," ","U",50,"H"," ","U",61,"H"," ","U",50,"H"," ","U",44,"H"," ","U",72,"H"," ","U",56,"H"," ","U",61,"H"," ","U",94,"H"," ","U",50,"H"," ","U",NA," "," "," ",NA," "," "," ",NA," "," "," "
"482","USR0000IFEN",2013,2,"TMIN",6,"H"," ","U",-11,"H"," ","U",-17,"H"," ","U",-6,"H"," ","U",0,"H"," ","U",0,"H"," ","U",-6,"H"," ","U",11,"H"," ","U",6,"H"," ","U",-11,"H"," ","U",-6,"H"," ","U",6,"H"," ","U",17,"H"," ","U",11,"H"," ","U",-11,"H"," ","U",-28,"H"," ","U",11,"H"," ","U",-11,"H"," ","U",-6,"H"," ","U",-11,"H"," ","U",-17,"H"," ","U",0,"H"," ","U",6,"H"," ","U",6,"H"," ","U",0,"H"," ","U",-6,"H"," ","U",-6,"H"," ","U",6,"H"," ","U",NA," "," "," ",NA," "," "," ",NA," "," "," "
"483","USR0000IFEN",2013,2,"TAVG",20," "," ","U",17," "," ","U",10," "," ","U",16," "," ","U",26," "," ","U",27," "," ","U",18," "," ","U",26," "," ","U",12," "," ","U",19," "," ","U",15," "," ","U",28," "," ","U",32," "," ","U",39," "," ","U",42," "," ","U",34," "," ","U",24," "," ","U",24," "," ","U",25," "," ","U",21," "," ","U",12," "," ","U",24," "," ","U",18," "," ","U",22," "," ","U",16," "," ","U",18," "," ","U",26," "," ","U",23," "," ","U",NA," "," "," ",NA," "," "," ",NA," "," "," "
"484","USR0000IFEN",2013,3,"TMAX",111,"H"," ","U",117,"H"," ","U",89,"H"," ","U",111,"H"," ","U",94,"H"," ","U",100,"H"," ","U",128,"H"," ","U",139,"H"," ","U",128,"H"," ","U",133,"H"," ","U",122,"H"," ","U",117,"H"," ","U",128,"H"," ","U",144,"H"," ","U",178,"H"," ","U",139,"H"," ","U",50,"H"," ","U",89,"H"," ","U",133,"H"," ","U",133,"H"," ","U",56,"H"," ","U",50,"H"," ","U",78,"H"," ","U",106,"H"," ","U",139,"H"," ","U",189,"H"," ","U",178,"H"," ","U",172,"H"," ","U",144,"H"," ","U",206,"H"," ","U",233,"H"," ","U"
"485","USR0000IFEN",2013,3,"TMIN",28,"H"," ","U",11,"H"," ","U",-6,"H"," ","U",-22,"H"," ","U",-28,"H"," ","U",11,"H"," ","U",-6,"H"," ","U",-17,"H"," ","U",-22,"H"," ","U",-28,"H"," ","U",11,"H"," ","U",17,"H"," ","U",28,"H"," ","U",11,"H"," ","U",39,"H"," ","U",28,"H"," ","U",11,"H"," ","U",6,"H"," ","U",-6,"H"," ","U",22,"H"," ","U",0,"H"," ","U",0,"H"," ","U",-17,"H"," ","U",-33,"H"," ","U",-33,"H"," ","U",-6,"H"," ","U",11,"H"," ","U",22,"H"," ","U",56,"H"," ","U",33,"H"," ","U",17,"H"," ","U"
"486","USR0000IFEN",2013,3,"TAVG",51," "," ","U",54," "," ","U",34," "," ","U",22," "," ","U",29," "," ","U",47," "," ","U",46," "," ","U",33," "," ","U",33," "," ","U",49," "," ","U",60," "," ","U",57," "," ","U",65," "," ","U",69," "," ","U",93," "," ","U",64," "," ","U",19," "," ","U",32," "," ","U",56," "," ","U",57," "," ","U",17," "," ","U",12," "," ","U",19," "," ","U",18," "," ","U",38," "," ","U",67," "," ","U",78," "," ","U",84," "," ","U",84," "," ","U",96," "," ","U",97," "," ","U"
"487","USR0000IFEN",2013,4,"TMAX",239,"H"," ","U",233,"H"," ","U",222,"H"," ","U",161,"H"," ","U",144,"H"," ","U",128,"H"," ","U",89,"H"," ","U",111,"H"," ","U",156,"H"," ","U",122,"H"," ","U",128,"H"," ","U",172,"H"," ","U",72,"H"," ","U",111,"H"," ","U",117,"H"," ","U",117,"H"," ","U",139,"H"," ","U",122,"H"," ","U",111,"H"," ","U",122,"H"," ","U",161,"H"," ","U",144,"H"," ","U",161,"H"," ","U",200,"H"," ","U",228,"H"," ","U",256,"H"," ","U",222,"H"," ","U",194,"H"," ","U",144,"H"," ","U",122,"H"," ","U",NA," "," "," "
"488","USR0000IFEN",2013,4,"TMIN",17,"H"," ","U",28,"H"," ","U",44,"H"," ","U",50,"H"," ","U",72,"H"," ","U",67,"H"," ","U",44,"H"," ","U",22,"H"," ","U",17,"H"," ","U",39,"H"," ","U",17,"H"," ","U",6,"H"," ","U",22,"H"," ","U",17,"H"," ","U",-11,"H"," ","U",-28,"H"," ","U",-33,"H"," ","U",-22,"H"," ","U",44,"H"," ","U",67,"H"," ","U",50,"H"," ","U",6,"H"," ","U",-6,"H"," ","U",-11,"H"," ","U",11,"H"," ","U",22,"H"," ","U",50,"H"," ","U",89,"H"," ","U",28,"H"," ","U",17,"H"," ","U",NA," "," "," "
"489","USR0000IFEN",2013,4,"TAVG",106," "," ","U",111," "," ","U",114," "," ","U",102," "," ","U",101," "," ","U",84," "," ","U",68," "," ","U",56," "," ","U",69," "," ","U",75," "," ","U",73," "," ","U",87," "," ","U",44," "," ","U",47," "," ","U",51," "," ","U",38," "," ","U",47," "," ","U",52," "," ","U",76," "," ","U",92," "," ","U",91," "," ","U",64," "," ","U",64," "," ","U",86," "," ","U",114," "," ","U",131," "," ","U",134," "," ","U",128," "," ","U",89," "," ","U",63," "," ","U",NA," "," "," "
"490","USR0000IFEN",2013,5,"TMAX",167,"H"," ","U",239,"H"," ","U",211,"H"," ","U",244,"H"," ","U",289,"H"," ","U",306,"H"," ","U",317,"H"," ","U",311,"H"," ","U",317,"H"," ","U",328,"H"," ","U",333,"H"," ","U",317,"H"," ","U",289,"H"," ","U",228,"H"," ","U",228,"H"," ","U",211,"H"," ","U",194,"H"," ","U",139,"H"," ","U",189,"H"," ","U",261,"H"," ","U",283,"H"," ","U",122,"H"," ","U",200,"H"," ","U",128,"H"," ","U",217,"H"," ","U",211,"H"," ","U",217,"H"," ","U",183,"H"," ","U",189,"H"," ","U",183,"H"," ","U",228,"H"," ","U"
"491","USR0000IFEN",2013,5,"TMIN",0,"H"," ","U",-11,"H"," ","U",56,"H"," ","U",33,"H"," ","U",39,"H"," ","U",56,"H"," ","U",61,"H"," ","U",72,"H"," ","U",83,"H"," ","U",83,"H"," ","U",89,"H"," ","U",100,"H"," ","U",106,"H"," ","U",78,"H"," ","U",56,"H"," ","U",83,"H"," ","U",78,"H"," ","U",83,"H"," ","U",78,"H"," ","U",83,"H"," ","U",72,"H"," ","U",33,"H"," ","U",28,"H"," ","U",33,"H"," ","U",44,"H"," ","U",44,"H"," ","U",100,"H"," ","U",100,"H"," ","U",72,"H"," ","U",78,"H"," ","U",67,"H"," ","U"
"492","USR0000IFEN",2013,5,"TAVG",78," "," ","U",107," "," ","U",118," "," ","U",136," "," ","U",157," "," ","U",169," "," ","U",177," "," ","U",186," "," ","U",189," "," ","U",193," "," ","U",187," "," ","U",203," "," ","U",163," "," ","U",146," "," ","U",135," "," ","U",134," "," ","U",126," "," ","U",114," "," ","U",122," "," ","U",157," "," ","U",147," "," ","U",82," "," ","U",113," "," ","U",81," "," ","U",117," "," ","U",126," "," ","U",149," "," ","U",133," "," ","U",119," "," ","U",123," "," ","U",138," "," ","U"
"493","USR0000IFEN",2013,6,"TMAX",261,"H"," ","U",222,"H"," ","U",244,"H"," ","U",278,"H"," ","U",306,"H"," ","U",328,"H"," ","U",317,"H"," ","U",294,"H"," ","U",294,"H"," ","U",306,"H"," ","U",261,"H"," ","U",250,"H"," ","U",217,"H"," ","U",233,"H"," ","U",300,"H"," ","U",350,"H"," ","U",328,"H"," ","U",278,"H"," ","U",161,"H"," ","U",178,"H"," ","U",211,"H"," ","U",244,"H"," ","U",272,"H"," ","U",233,"H"," ","U",228,"H"," ","U",228,"H"," ","U",344,"H"," ","U",372,"H"," ","U",372,"H"," ","U",378,"H"," ","U",NA," "," "," "
"494","USR0000IFEN",2013,6,"TMIN",44,"H"," ","U",100,"H"," ","U",94,"H"," ","U",72,"H"," ","U",78,"H"," ","U",111,"H"," ","U",117,"H"," ","U",111,"H"," ","U",94,"H"," ","U",83,"H"," ","U",100,"H"," ","U",94,"H"," ","U",117,"H"," ","U",72,"H"," ","U",56,"H"," ","U",72,"H"," ","U",100,"H"," ","U",117,"H"," ","U",94,"H"," ","U",89,"H"," ","U",100,"H"," ","U",89,"H"," ","U",78,"H"," ","U",139,"H"," ","U",133,"H"," ","U",139,"H"," ","U",133,"H"," ","U",144,"H"," ","U",167,"H"," ","U",172,"H"," ","U",NA," "," "," "
"495","USR0000IFEN",2013,6,"TAVG",149," "," ","U",143," "," ","U",160," "," ","U",170," "," ","U",188," "," ","U",203," "," ","U",208," "," ","U",199," "," ","U",191," "," ","U",188," "," ","U",175," "," ","U",173," "," ","U",150," "," ","U",147," "," ","U",173," "," ","U",202," "," ","U",212," "," ","U",196," "," ","U",126," "," ","U",124," "," ","U",139," "," ","U",156," "," ","U",174," "," ","U",172," "," ","U",169," "," ","U",179," "," ","U",222," "," ","U",246," "," ","U",251," "," ","U",259," "," ","U",NA," "," "," "
"496","USR0000IFEN",2013,7,"TMAX",411,"H"," ","U",394,"H"," ","U",361,"H"," ","U",339,"H"," ","U",306,"H"," ","U",328,"H"," ","U",344,"H"," ","U",317,"H"," ","U",356,"H"," ","U",378,"H"," ","U",306,"H"," ","U",311,"H"," ","U",300,"H"," ","U",350,"H"," ","U",350,"H"," ","U",361,"H"," ","U",356,"H"," ","U",378,"H"," ","U",378,"H"," ","U",378,"H"," ","U",383,"H"," ","U",378,"H"," ","U",394,"H"," ","U",394,"H"," ","U",394,"H"," ","U",367,"H"," ","U",350,"H"," ","U",333,"H"," ","U",333,"H"," ","U",333,"H"," ","U",344,"H"," ","U"
"497","USR0000IFEN",2013,7,"TMIN",161,"H"," ","U",189,"H"," ","U",183,"H"," ","U",156,"H"," ","U",128,"H"," ","U",117,"H"," ","U",122,"H"," ","U",156,"H"," ","U",128,"H"," ","U",122,"H"," ","U",144,"H"," ","U",122,"H"," ","U",106,"H"," ","U",100,"H"," ","U",117,"H"," ","U",139,"H"," ","U",172,"H"," ","U",139,"H"," ","U",128,"H"," ","U",122,"H"," ","U",117,"H"," ","U",117,"H"," ","U",122,"H"," ","U",128,"H"," ","U",144,"H"," ","U",128,"H"," ","U",133,"H"," ","U",117,"H"," ","U",106,"H"," ","U",150,"H"," ","U",128,"H"," ","U"
"498","USR0000IFEN",2013,7,"TAVG",271," "," ","U",275," "," ","U",264," "," ","U",235," "," ","U",216," "," ","U",217," "," ","U",228," "," ","U",218," "," ","U",229," "," ","U",240," "," ","U",216," "," ","U",209," "," ","U",196," "," ","U",213," "," ","U",225," "," ","U",246," "," ","U",258," "," ","U",244," "," ","U",238," "," ","U",237," "," ","U",237," "," ","U",237," "," ","U",242," "," ","U",247," "," ","U",251," "," ","U",237," "," ","U",234," "," ","U",218," "," ","U",212," "," ","U",228," "," ","U",213," "," ","U"
"499","USR0000IFEN",2013,8,"TMAX",267,"H"," ","U",267,"H"," ","U",294,"H"," ","U",339,"H"," ","U",344,"H"," ","U",361,"H"," ","U",367,"H"," ","U",367,"H"," ","U",361,"H"," ","U",356,"H"," ","U",283,"H"," ","U",322,"H"," ","U",361,"H"," ","U",389,"H"," ","U",389,"H"," ","U",367,"H"," ","U",356,"H"," ","U",344,"H"," ","U",361,"H"," ","U",328,"H"," ","U",350,"H"," ","U",311,"H"," ","U",328,"H"," ","U",350,"H"," ","U",339,"H"," ","U",294,"H"," ","U",328,"H"," ","U",306,"H"," ","U",322,"H"," ","U",311,"H"," ","U",356,"H"," ","U"
"500","USR0000IFEN",2013,8,"TMIN",139,"H"," ","U",133,"H"," ","U",122,"H"," ","U",122,"H"," ","U",139,"H"," ","U",122,"H"," ","U",122,"H"," ","U",117,"H"," ","U",144,"H"," ","U",144,"H"," ","U",150,"H"," ","U",128,"H"," ","U",161,"H"," ","U",128,"H"," ","U",139,"H"," ","U",139,"H"," ","U",156,"H"," ","U",156,"H"," ","U",128,"H"," ","U",128,"H"," ","U",100,"H"," ","U",150,"H"," ","U",161,"H"," ","U",133,"H"," ","U",139,"H"," ","U",139,"H"," ","U",117,"H"," ","U",167,"H"," ","U",139,"H"," ","U",156,"H"," ","U",122,"H"," ","U"
"501","USR0000IFEN",2013,8,"TAVG",174," "," ","U",176," "," ","U",198," "," ","U",214," "," ","U",217," "," ","U",228," "," ","U",226," "," ","U",226," "," ","U",224," "," ","U",236," "," ","U",206," "," ","U",219," "," ","U",229," "," ","U",236," "," ","U",244," "," ","U",242," "," ","U",240," "," ","U",233," "," ","U",228," "," ","U",215," "," ","U",210," "," ","U",217," "," ","U",222," "," ","U",227," "," ","U",201," "," ","U",197," "," ","U",207," "," ","U",221," "," ","U",203," "," ","U",213," "," ","U",214," "," ","U"
"502","USR0000IFEN",2013,9,"TMAX",344,"H"," ","U",289,"H"," ","U",294,"H"," ","U",350,"H"," ","U",283,"H"," ","U",272,"H"," ","U",294,"H"," ","U",261,"H"," ","U",300,"H"," ","U",328,"H"," ","U",339,"H"," ","U",356,"H"," ","U",350,"H"," ","U",344,"H"," ","U",328,"H"," ","U",289,"H"," ","U",217,"H"," ","U",167,"H"," ","U",239,"H"," ","U",272,"H"," ","U",239,"H"," ","U",172,"H"," ","U",189,"H"," ","U",122,"H"," ","U",100,"H"," ","U",150,"H"," ","U",139,"H"," ","U",144,"H"," ","U",139,"H"," ","U",144,"H"," ","U",NA," "," "," "
"503","USR0000IFEN",2013,9,"TMIN",117,"H"," ","U",150,"H"," ","U",167,"H"," ","U",150,"H"," ","U",172,"H"," ","U",139,"H"," ","U",122,"H"," ","U",122,"H"," ","U",133,"H"," ","U",111,"H"," ","U",111,"H"," ","U",122,"H"," ","U",167,"H"," ","U",156,"H"," ","U",133,"H"," ","U",133,"H"," ","U",106,"H"," ","U",89,"H"," ","U",67,"H"," ","U",67,"H"," ","U",83,"H"," ","U",117,"H"," ","U",94,"H"," ","U",89,"H"," ","U",83,"H"," ","U",72,"H"," ","U",56,"H"," ","U",94,"H"," ","U",83,"H"," ","U",78,"H"," ","U",NA," "," "," "
"504","USR0000IFEN",2013,9,"TAVG",217," "," ","U",200," "," ","U",207," "," ","U",233," "," ","U",206," "," ","U",194," "," ","U",186," "," ","U",171," "," ","U",192," "," ","U",194," "," ","U",203," "," ","U",225," "," ","U",235," "," ","U",226," "," ","U",213," "," ","U",208," "," ","U",149," "," ","U",121," "," ","U",131," "," ","U",146," "," ","U",147," "," ","U",137," "," ","U",132," "," ","U",104," "," ","U",89," "," ","U",106," "," ","U",96," "," ","U",120," "," ","U",101," "," ","U",103," "," ","U",NA," "," "," "
"505","USR0000IFEN",2013,10,"TMAX",167,"H"," ","U",161,"H"," ","U",122,"H"," ","U",172,"H"," ","U",183,"H"," ","U",206,"H"," ","U",178,"H"," ","U",122,"H"," ","U",139,"H"," ","U",144,"H"," ","U",150,"H"," ","U",144,"H"," ","U",139,"H"," ","U",161,"H"," ","U",161,"H"," ","U",139,"H"," ","U",161,"H"," ","U",161,"H"," ","U",161,"H"," ","U",178,"H"," ","U",178,"H"," ","U",178,"H"," ","U",172,"H"," ","U",172,"H"," ","U",167,"H"," ","U",161,"H"," ","U",106,"H"," ","U",122,"H"," ","U",133,"H"," ","U",139,"H"," ","U",56,"H"," ","U"
"506","USR0000IFEN",2013,10,"TMIN",67,"H"," ","U",50,"H"," ","U",56,"H"," ","U",28,"H"," ","U",17,"H"," ","U",22,"H"," ","U",44,"H"," ","U",67,"H"," ","U",61,"H"," ","U",67,"H"," ","U",39,"H"," ","U",33,"H"," ","U",44,"H"," ","U",28,"H"," ","U",17,"H"," ","U",11,"H"," ","U",28,"H"," ","U",17,"H"," ","U",11,"H"," ","U",22,"H"," ","U",22,"H"," ","U",39,"H"," ","U",28,"H"," ","U",22,"H"," ","U",22,"H"," ","U",22,"H"," ","U",11,"H"," ","U",-6,"H"," ","U",-28,"H"," ","U",11,"H"," ","U",22,"H"," ","U"
"507","USR0000IFEN",2013,10,"TAVG",96," "," ","U",92," "," ","U",83," "," ","U",78," "," ","U",75," "," ","U",86," "," ","U",96," "," ","U",86," "," ","U",88," "," ","U",94," "," ","U",84," "," ","U",72," "," ","U",77," "," ","U",72," "," ","U",60," "," ","U",59," "," ","U",68," "," ","U",62," "," ","U",63," "," ","U",69," "," ","U",73," "," ","U",77," "," ","U",69," "," ","U",66," "," ","U",65," "," ","U",62," "," ","U",51," "," ","U",62," "," ","U",25," "," ","U",52," "," ","U",42," "," ","U"
"508","USR0000IFEN",2013,11,"TMAX",139,"H"," ","U",83,"H"," ","U",56,"H"," ","U",33,"H"," ","U",22,"H"," ","U",44,"H"," ","U",67,"H"," ","U",72,"H"," ","U",106,"H"," ","U",106,"H"," ","U",139,"H"," ","U",94,"H"," ","U",117,"H"," ","U",83,"H"," ","U",78,"H"," ","U",33,"H"," ","U",50,"H"," ","U",61,"H"," ","U",56,"H"," ","U",50,"H"," ","U",33,"H"," ","U",28,"H"," ","U",39,"H"," ","U",44,"H"," ","U",50,"H"," ","U",44,"H"," ","U",50,"H"," ","U",50,"H"," ","U",33,"H"," ","U",39,"H"," ","U",NA," "," "," "
"509","USR0000IFEN",2013,11,"TMIN",44,"H"," ","U",28,"H"," ","U",11,"H"," ","U",11,"H"," ","U",-6,"H"," ","U",11,"H"," ","U",28,"H"," ","U",39,"H"," ","U",22,"H"," ","U",50,"H"," ","U",28,"H"," ","U",6,"H"," ","U",50,"H"," ","U",22,"H"," ","U",17,"H"," ","U",11,"H"," ","U",6,"H"," ","U",6,"H"," ","U",28,"H"," ","U",-28,"H"," ","U",-50,"H"," ","U",-67,"H"," ","U",-67,"H"," ","U",-56,"H"," ","U",-44,"H"," ","U",-44,"H"," ","U",-28,"H"," ","U",-28,"H"," ","U",-44,"H"," ","U",0,"H"," ","U",NA," "," "," "
"510","USR0000IFEN",2013,11,"TAVG",73," "," ","U",59," "," ","U",32," "," ","U",17," "," ","U",8," "," ","U",25," "," ","U",49," "," ","U",54," "," ","U",53," "," ","U",69," "," ","U",63," "," ","U",51," "," ","U",76," "," ","U",53," "," ","U",47," "," ","U",20," "," ","U",27," "," ","U",31," "," ","U",42," "," ","U",12," "," ","U",-24," "," ","U",-37," "," ","U",-34," "," ","U",-24," "," ","U",-18," "," ","U",-12," "," ","U",-6," "," ","U",-11," "," ","U",-8," "," ","U",17," "," ","U",NA," "," "," "
"511","USR0000IFEN",2013,12,"TMAX",50,"H"," ","U",44,"H"," ","U",-6,"H"," ","U",-22,"H"," ","U",-56,"H"," ","U",-33,"H"," ","U",-72,"H"," ","U",-83,"H"," ","U",-56,"H"," ","U",-33,"H"," ","U",28,"H"," ","U",56,"H"," ","U",17,"H"," ","U",22,"H"," ","U",50,"H"," ","U",56,"H"," ","U",56,"H"," ","U",22,"H"," ","U",11,"H"," ","U",0,"H"," ","U",39,"H"," ","U",17,"H"," ","U",17,"H"," ","U",39,"H"," ","U",44,"H"," ","U",44,"H"," ","U",22,"H"," ","U",28,"H"," ","U",11,"H"," ","U",33,"H"," ","U",22,"H"," ","U"
"512","USR0000IFEN",2013,12,"TMIN",17,"H"," ","U",-6,"H"," ","U",-89,"H"," ","U",-111,"H"," ","U",-122,"H"," ","U",-111,"H"," ","U",-139,"H"," ","U",-139,"H"," ","U",-128,"H"," ","U",-67,"H"," ","U",-44,"H"," ","U",-67,"H"," ","U",-17,"H"," ","U",0,"H"," ","U",-6,"H"," ","U",-6,"H"," ","U",-11,"H"," ","U",-17,"H"," ","U",-28,"H"," ","U",-33,"H"," ","U",-17,"H"," ","U",0,"H"," ","U",0,"H"," ","U",-6,"H"," ","U",-33,"H"," ","U",-33,"H"," ","U",-50,"H"," ","U",-17,"H"," ","U",-33,"H"," ","U",-17,"H"," ","U",6,"H"," ","U"
"513","USR0000IFEN",2013,12,"TAVG",32," "," ","U",19," "," ","U",-36," "," ","U",-82," "," ","U",-97," "," ","U",-83," "," ","U",-106," "," ","U",-114," "," ","U",-86," "," ","U",-49," "," ","U",-21," "," ","U",-21," "," ","U",-1," "," ","U",7," "," ","U",9," "," ","U",11," "," ","U",8," "," ","U",1," "," ","U",-4," "," ","U",-18," "," ","U",3," "," ","U",3," "," ","U",6," "," ","U",7," "," ","U",-8," "," ","U",-14," "," ","U",-13," "," ","U",-2," "," ","U",-9," "," ","U",3," "," ","U",9," "," ","U"
"514","USR0000IFEN",2014,1,"TMAX",44,"H"," ","U",50,"H"," ","U",33,"H"," ","U",33,"H"," ","U",0,"H"," ","U",33,"H"," ","U",22,"H"," ","U",33,"H"," ","U",39,"H"," ","U",33,"H"," ","U",39,"H"," ","U",33,"H"," ","U",50,"H"," ","U",78,"H"," ","U",61,"H"," ","U",56,"H"," ","U",50,"H"," ","U",56,"H"," ","U",50,"H"," ","U",67,"H"," ","U",61,"H"," ","U",39,"H"," ","U",56,"H"," ","U",61,"H"," ","U",61,"H"," ","U",56,"H"," ","U",39,"H"," ","U",22,"H"," ","U",11,"H"," ","U",28,"H"," ","U",33,"H"," ","U"
"515","USR0000IFEN",2014,1,"TMIN",0,"H"," ","U",-11,"H"," ","U",-6,"H"," ","U",-50,"H"," ","U",-72,"H"," ","U",-67,"H"," ","U",-44,"H"," ","U",-11,"H"," ","U",6,"H"," ","U",6,"H"," ","U",11,"H"," ","U",6,"H"," ","U",6,"H"," ","U",6,"H"," ","U",-6,"H"," ","U",-22,"H"," ","U",-39,"H"," ","U",-44,"H"," ","U",-50,"H"," ","U",-33,"H"," ","U",-44,"H"," ","U",-28,"H"," ","U",-28,"H"," ","U",-39,"H"," ","U",-56,"H"," ","U",-50,"H"," ","U",-33,"H"," ","U",-56,"H"," ","U",-6,"H"," ","U",0,"H"," ","U",0,"H"," ","U"
"516","USR0000IFEN",2014,1,"TAVG",13," "," ","U",12," "," ","U",12," "," ","U",-7," "," ","U",-49," "," ","U",-25," "," ","U",-15," "," ","U",5," "," ","U",12," "," ","U",14," "," ","U",25," "," ","U",18," "," ","U",21," "," ","U",22," "," ","U",12," "," ","U",-3," "," ","U",-15," "," ","U",-16," "," ","U",-6," "," ","U",-9," "," ","U",-14," "," ","U",-3," "," ","U",-4," "," ","U",-14," "," ","U",-23," "," ","U",-14," "," ","U",-1," "," ","U",-11," "," ","U",2," "," ","U",9," "," ","U",8," "," ","U"
"517","USR0000IFEN",2014,2,"TMAX",44,"H"," ","U",61,"H"," ","U",11,"H"," ","U",-50,"H"," ","U",-44,"H"," ","U",-33,"H"," ","U",22,"H"," ","U",-11,"H"," ","U",-11,"H"," ","U",94,"H"," ","U",50,"H"," ","U",117,"H"," ","U",100,"H"," ","U",22,"H"," ","U",56,"H"," ","U",72,"H"," ","U",44,"H"," ","U",61,"H"," ","U",33,"H"," ","U",22,"H"," ","U",28,"H"," ","U",28,"H"," ","U",22,"H"," ","U",72,"H"," ","U",78,"H"," ","U",100,"H"," ","U",44,"H"," ","U",33,"H"," ","U",NA," "," "," ",NA," "," "," ",NA," "," "," "
"518","USR0000IFEN",2014,2,"TMIN",-6,"H"," ","U",-6,"H"," ","U",-50,"H"," ","U",-106,"H"," ","U",-156,"H","O","U",-178,"H","O","U",-83,"H"," ","U",-61,"H"," ","U",-33,"H"," ","U",-28,"H"," ","U",-6,"H"," ","U",0,"H"," ","U",-17,"H"," ","U",-17,"H"," ","U",6,"H"," ","U",0,"H"," ","U",-6,"H"," ","U",6,"H"," ","U",0,"H"," ","U",0,"H"," ","U",0,"H"," ","U",-6,"H"," ","U",-6,"H"," ","U",0,"H"," ","U",6,"H"," ","U",-6,"H"," ","U",0,"H"," ","U",-17,"H"," ","U",NA," "," "," ",NA," "," "," ",NA," "," "," "
"519","USR0000IFEN",2014,2,"TAVG",6," "," ","U",11," "," ","U",-14," "," ","U",-72," "," ","U",-111," "," ","U",-112," "," ","U",-54," "," ","U",-37," "," ","U",-25," "," ","U",4," "," ","U",14," "," ","U",26," "," ","U",22," "," ","U",8," "," ","U",26," "," ","U",27," "," ","U",22," "," ","U",27," "," ","U",9," "," ","U",5," "," ","U",10," "," ","U",7," "," ","U",4," "," ","U",19," "," ","U",28," "," ","U",28," "," ","U",17," "," ","U",12," "," ","U",NA," "," "," ",NA," "," "," ",NA," "," "," "
"520","USR0000IFEN",2014,3,"TMAX",-22,"H"," ","U",11,"H"," ","U",44,"H"," ","U",83,"H"," ","U",56,"H"," ","U",117,"H"," ","U",94,"H"," ","U",122,"H"," ","U",111,"H"," ","U",78,"H"," ","U",117,"H"," ","U",156,"H"," ","U",172,"H"," ","U",67,"H"," ","U",111,"H"," ","U",128,"H"," ","U",83,"H"," ","U",100,"H"," ","U",139,"H"," ","U",89,"H"," ","U",117,"H"," ","U",133,"H"," ","U",139,"H"," ","U",183,"H"," ","U",144,"H"," ","U",144,"H"," ","U",100,"H"," ","U",133,"H"," ","U",106,"H"," ","U",94,"H"," ","U",122,"H"," ","U"
"521","USR0000IFEN",2014,3,"TMIN",-72,"H"," ","U",-61,"H"," ","U",6,"H"," ","U",6,"H"," ","U",11,"H"," ","U",28,"H"," ","U",17,"H"," ","U",0,"H"," ","U",39,"H"," ","U",33,"H"," ","U",17,"H"," ","U",-6,"H"," ","U",0,"H"," ","U",0,"H"," ","U",11,"H"," ","U",-6,"H"," ","U",22,"H"," ","U",-11,"H"," ","U",-11,"H"," ","U",0,"H"," ","U",-22,"H"," ","U",-28,"H"," ","U",-17,"H"," ","U",-17,"H"," ","U",-6,"H"," ","U",50,"H"," ","U",22,"H"," ","U",28,"H"," ","U",50,"H"," ","U",33,"H"," ","U",17,"H"," ","U"
"522","USR0000IFEN",2014,3,"TAVG",-43," "," ","U",-19," "," ","U",17," "," ","U",29," "," ","U",28," "," ","U",52," "," ","U",43," "," ","U",53," "," ","U",59," "," ","U",48," "," ","U",50," "," ","U",51," "," ","U",54," "," ","U",33," "," ","U",56," "," ","U",49," "," ","U",39," "," ","U",36," "," ","U",55," "," ","U",32," "," ","U",31," "," ","U",33," "," ","U",43," "," ","U",57," "," ","U",67," "," ","U",80," "," ","U",53," "," ","U",72," "," ","U",69," "," ","U",53," "," ","U",58," "," ","U"
"523","USR0000IFEN",2014,4,"TMAX",172,"H"," ","U",150,"H"," ","U",172,"H"," ","U",128,"H"," ","U",128,"H"," ","U",139,"H"," ","U",206,"H"," ","U",256,"H"," ","U",150,"H"," ","U",194,"H"," ","U",217,"H"," ","U",183,"H"," ","U",167,"H"," ","U",217,"H"," ","U",111,"H"," ","U",150,"H"," ","U",189,"H"," ","U",172,"H"," ","U",222,"H"," ","U",194,"H"," ","U",211,"H"," ","U",117,"H"," ","U",128,"H"," ","U",139,"H"," ","U",133,"H"," ","U",111,"H"," ","U",106,"H"," ","U",133,"H"," ","U",206,"H"," ","U",256,"H"," ","U",NA," "," "," "
"524","USR0000IFEN",2014,4,"TMIN",11,"H"," ","U",6,"H"," ","U",-6,"H"," ","U",28,"H"," ","U",44,"H"," ","U",61,"H"," ","U",50,"H"," ","U",28,"H"," ","U",50,"H"," ","U",39,"H"," ","U",22,"H"," ","U",33,"H"," ","U",6,"H"," ","U",-17,"H"," ","U",39,"H"," ","U",33,"H"," ","U",56,"H"," ","U",17,"H"," ","U",-6,"H"," ","U",39,"H"," ","U",11,"H"," ","U",50,"H"," ","U",44,"H"," ","U",44,"H"," ","U",39,"H"," ","U",44,"H"," ","U",28,"H"," ","U",33,"H"," ","U",17,"H"," ","U",17,"H"," ","U",NA," "," "," "
"525","USR0000IFEN",2014,4,"TAVG",73," "," ","U",69," "," ","U",72," "," ","U",64," "," ","U",78," "," ","U",87," "," ","U",107," "," ","U",122," "," ","U",86," "," ","U",96," "," ","U",111," "," ","U",94," "," ","U",75," "," ","U",91," "," ","U",66," "," ","U",87," "," ","U",112," "," ","U",96," "," ","U",111," "," ","U",106," "," ","U",113," "," ","U",72," "," ","U",68," "," ","U",68," "," ","U",82," "," ","U",68," "," ","U",63," "," ","U",67," "," ","U",94," "," ","U",122," "," ","U",NA," "," "," "
"526","USR0000IFEN",2014,5,"TMAX",294,"H"," ","U",278,"H"," ","U",222,"H"," ","U",172,"H"," ","U",144,"H"," ","U",161,"H"," ","U",183,"H"," ","U",228,"H"," ","U",150,"H"," ","U",133,"H"," ","U",128,"H"," ","U",211,"H"," ","U",250,"H"," ","U",272,"H"," ","U",300,"H"," ","U",278,"H"," ","U",250,"H"," ","U",144,"H"," ","U",217,"H"," ","U",261,"H"," ","U",283,"H"," ","U",306,"H"," ","U",317,"H"," ","U",233,"H"," ","U",272,"H"," ","U",244,"H"," ","U",256,"H"," ","U",200,"H"," ","U",228,"H"," ","U",278,"H"," ","U",283,"H"," ","U"
"527","USR0000IFEN",2014,5,"TMIN",39,"H"," ","U",56,"H"," ","U",67,"H"," ","U",83,"H"," ","U",67,"H"," ","U",56,"H"," ","U",44,"H"," ","U",33,"H"," ","U",72,"H"," ","U",50,"H"," ","U",61,"H"," ","U",39,"H"," ","U",22,"H"," ","U",28,"H"," ","U",56,"H"," ","U",94,"H"," ","U",61,"H"," ","U",83,"H"," ","U",67,"H"," ","U",61,"H"," ","U",61,"H"," ","U",72,"H"," ","U",78,"H"," ","U",100,"H"," ","U",78,"H"," ","U",83,"H"," ","U",61,"H"," ","U",61,"H"," ","U",56,"H"," ","U",44,"H"," ","U",78,"H"," ","U"
"528","USR0000IFEN",2014,5,"TAVG",149," "," ","U",159," "," ","U",132," "," ","U",119," "," ","U",98," "," ","U",96," "," ","U",101," "," ","U",123," "," ","U",101," "," ","U",83," "," ","U",83," "," ","U",112," "," ","U",122," "," ","U",144," "," ","U",166," "," ","U",177," "," ","U",159," "," ","U",104," "," ","U",123," "," ","U",149," "," ","U",168," "," ","U",181," "," ","U",194," "," ","U",166," "," ","U",168," "," ","U",163," "," ","U",163," "," ","U",129," "," ","U",134," "," ","U",161," "," ","U",192," "," ","U"
"529","USR0000IFEN",2014,6,"TMAX",289,"H"," ","U",300,"H"," ","U",267,"H"," ","U",289,"H"," ","U",272,"H"," ","U",272,"H"," ","U",278,"H"," ","U",300,"H"," ","U",289,"H"," ","U",267,"H"," ","U",294,"H"," ","U",289,"H"," ","U",200,"H"," ","U",150,"H"," ","U",183,"H"," ","U",144,"H"," ","U",139,"H"," ","U",183,"H"," ","U",289,"H"," ","U",278,"H"," ","U",278,"H"," ","U",294,"H"," ","U",322,"H"," ","U",283,"H"," ","U",283,"H"," ","U",206,"H"," ","U",217,"H"," ","U",239,"H"," ","U",250,"H"," ","U",294,"H"," ","U",NA," "," "," "
"530","USR0000IFEN",2014,6,"TMIN",94,"H"," ","U",72,"H"," ","U",106,"H"," ","U",89,"H"," ","U",78,"H"," ","U",61,"H"," ","U",61,"H"," ","U",72,"H"," ","U",78,"H"," ","U",78,"H"," ","U",72,"H"," ","U",72,"H"," ","U",94,"H"," ","U",89,"H"," ","U",78,"H"," ","U",89,"H"," ","U",89,"H"," ","U",83,"H"," ","U",89,"H"," ","U",106,"H"," ","U",83,"H"," ","U",83,"H"," ","U",100,"H"," ","U",111,"H"," ","U",117,"H"," ","U",144,"H"," ","U",139,"H"," ","U",111,"H"," ","U",100,"H"," ","U",89,"H"," ","U",NA," "," "," "
"531","USR0000IFEN",2014,6,"TAVG",189," "," ","U",180," "," ","U",180," "," ","U",182," "," ","U",169," "," ","U",164," "," ","U",168," "," ","U",179," "," ","U",184," "," ","U",168," "," ","U",177," "," ","U",182," "," ","U",124," "," ","U",117," "," ","U",128," "," ","U",113," "," ","U",104," "," ","U",129," "," ","U",178," "," ","U",182," "," ","U",176," "," ","U",184," "," ","U",199," "," ","U",191," "," ","U",196," "," ","U",171," "," ","U",163," "," ","U",167," "," ","U",164," "," ","U",182," "," ","U",NA," "," "," "
"532","USR0000IFEN",2014,7,"TMAX",350,"H"," ","U",383,"H"," ","U",350,"H"," ","U",300,"H"," ","U",339,"H"," ","U",356,"H"," ","U",361,"H"," ","U",372,"H"," ","U",322,"H"," ","U",372,"H"," ","U",372,"H"," ","U",383,"H"," ","U",389,"H"," ","U",372,"H"," ","U",356,"H"," ","U",372,"H"," ","U",378,"H"," ","U",311,"H"," ","U",344,"H"," ","U",350,"H"," ","U",322,"H"," ","U",372,"H"," ","U",394,"H"," ","U",272,"H"," ","U",306,"H"," ","U",344,"H"," ","U",389,"H"," ","U",400,"H"," ","U",400,"H"," ","U",394,"H"," ","U",400,"H"," ","U"
"533","USR0000IFEN",2014,7,"TMIN",89,"H"," ","U",111,"H"," ","U",161,"H"," ","U",144,"H"," ","U",128,"H"," ","U",128,"H"," ","U",128,"H"," ","U",133,"H"," ","U",139,"H"," ","U",144,"H"," ","U",128,"H"," ","U",133,"H"," ","U",133,"H"," ","U",167,"H"," ","U",156,"H"," ","U",156,"H"," ","U",150,"H"," ","U",133,"H"," ","U",117,"H"," ","U",133,"H"," ","U",167,"H"," ","U",156,"H"," ","U",183,"H"," ","U",122,"H"," ","U",89,"H"," ","U",94,"H"," ","U",106,"H"," ","U",133,"H"," ","U",150,"H"," ","U",144,"H"," ","U",150,"H"," ","U"
"534","USR0000IFEN",2014,7,"TAVG",208," "," ","U",230," "," ","U",249," "," ","U",214," "," ","U",219," "," ","U",232," "," ","U",236," "," ","U",240," "," ","U",224," "," ","U",242," "," ","U",236," "," ","U",237," "," ","U",243," "," ","U",248," "," ","U",244," "," ","U",248," "," ","U",246," "," ","U",214," "," ","U",222," "," ","U",241," "," ","U",229," "," ","U",255," "," ","U",259," "," ","U",189," "," ","U",190," "," ","U",210," "," ","U",233," "," ","U",248," "," ","U",254," "," ","U",253," "," ","U",252," "," ","U"
"535","USR0000IFEN",2014,8,"TMAX",356,"H"," ","U",356,"H"," ","U",356,"H"," ","U",367,"H"," ","U",372,"H"," ","U",367,"H"," ","U",367,"H"," ","U",328,"H"," ","U",339,"H"," ","U",306,"H"," ","U",322,"H"," ","U",361,"H"," ","U",289,"H"," ","U",289,"H"," ","U",233,"H"," ","U",300,"H"," ","U",333,"H"," ","U",344,"H"," ","U",344,"H"," ","U",300,"H"," ","U",300,"H"," ","U",256,"H"," ","U",217,"H"," ","U",272,"H"," ","U",294,"H"," ","U",317,"H"," ","U",339,"H"," ","U",333,"H"," ","U",339,"H"," ","U",272,"H"," ","U",250,"H"," ","U"
"536","USR0000IFEN",2014,8,"TMIN",144,"H"," ","U",144,"H"," ","U",167,"H"," ","U",150,"H"," ","U",156,"H"," ","U",144,"H"," ","U",128,"H"," ","U",128,"H"," ","U",117,"H"," ","U",117,"H"," ","U",133,"H"," ","U",172,"H"," ","U",156,"H"," ","U",167,"H"," ","U",156,"H"," ","U",150,"H"," ","U",133,"H"," ","U",128,"H"," ","U",133,"H"," ","U",150,"H"," ","U",133,"H"," ","U",139,"H"," ","U",122,"H"," ","U",100,"H"," ","U",100,"H"," ","U",94,"H"," ","U",100,"H"," ","U",117,"H"," ","U",106,"H"," ","U",139,"H"," ","U",122,"H"," ","U"
"537","USR0000IFEN",2014,8,"TAVG",226," "," ","U",232," "," ","U",244," "," ","U",239," "," ","U",248," "," ","U",240," "," ","U",233," "," ","U",219," "," ","U",212," "," ","U",204," "," ","U",218," "," ","U",231," "," ","U",217," "," ","U",214," "," ","U",183," "," ","U",211," "," ","U",221," "," ","U",223," "," ","U",221," "," ","U",209," "," ","U",210," "," ","U",172," "," ","U",159," "," ","U",174," "," ","U",184," "," ","U",188," "," ","U",201," "," ","U",208," "," ","U",213," "," ","U",186," "," ","U",173," "," ","U"
"538","USR0000IFEN",2014,9,"TMAX",267,"H"," ","U",317,"H"," ","U",200,"H"," ","U",272,"H"," ","U",306,"H"," ","U",322,"H"," ","U",333,"H"," ","U",333,"H"," ","U",250,"H"," ","U",228,"H"," ","U",233,"H"," ","U",261,"H"," ","U",261,"H"," ","U",261,"H"," ","U",256,"H"," ","U",261,"H"," ","U",222,"H"," ","U",267,"H"," ","U",283,"H"," ","U",283,"H"," ","U",278,"H"," ","U",267,"H"," ","U",256,"H"," ","U",306,"H"," ","U",278,"H"," ","U",217,"H"," ","U",194,"H"," ","U",244,"H"," ","U",156,"H"," ","U",144,"H"," ","U",NA," "," "," "
"539","USR0000IFEN",2014,9,"TMIN",100,"H"," ","U",83,"H"," ","U",83,"H"," ","U",67,"H"," ","U",67,"H"," ","U",61,"H"," ","U",72,"H"," ","U",78,"H"," ","U",78,"H"," ","U",78,"H"," ","U",44,"H"," ","U",17,"H"," ","U",33,"H"," ","U",44,"H"," ","U",44,"H"," ","U",78,"H"," ","U",106,"H"," ","U",133,"H"," ","U",117,"H"," ","U",89,"H"," ","U",89,"H"," ","U",111,"H"," ","U",133,"H"," ","U",117,"H"," ","U",100,"H"," ","U",111,"H"," ","U",106,"H"," ","U",94,"H"," ","U",128,"H"," ","U",89,"H"," ","U",NA," "," "," "
"540","USR0000IFEN",2014,9,"TAVG",169," "," ","U",184," "," ","U",156," "," ","U",156," "," ","U",164," "," ","U",172," "," ","U",176," "," ","U",179," "," ","U",159," "," ","U",144," "," ","U",121," "," ","U",120," "," ","U",130," "," ","U",133," "," ","U",136," "," ","U",157," "," ","U",158," "," ","U",181," "," ","U",182," "," ","U",168," "," ","U",172," "," ","U",177," "," ","U",184," "," ","U",195," "," ","U",173," "," ","U",157," "," ","U",139," "," ","U",150," "," ","U",140," "," ","U",119," "," ","U",NA," "," "," "
"541","USR0000IFEN",2014,10,"TMAX",161,"H"," ","U",200,"H"," ","U",194,"H"," ","U",217,"H"," ","U",267,"H"," ","U",267,"H"," ","U",272,"H"," ","U",233,"H"," ","U",250,"H"," ","U",250,"H"," ","U",150,"H"," ","U",150,"H"," ","U",222,"H"," ","U",167,"H"," ","U",133,"H"," ","U",144,"H"," ","U",183,"H"," ","U",206,"H"," ","U",222,"H"," ","U",206,"H"," ","U",139,"H"," ","U",167,"H"," ","U",117,"H"," ","U",122,"H"," ","U",156,"H"," ","U",133,"H"," ","U",111,"H"," ","U",128,"H"," ","U",139,"H"," ","U",156,"H"," ","U",183,"H"," ","U"
"542","USR0000IFEN",2014,10,"TMIN",72,"H"," ","U",44,"H"," ","U",39,"H"," ","U",39,"H"," ","U",83,"H"," ","U",72,"H"," ","U",83,"H"," ","U",72,"H"," ","U",78,"H"," ","U",56,"H"," ","U",72,"H"," ","U",72,"H"," ","U",72,"H"," ","U",67,"H"," ","U",67,"H"," ","U",61,"H"," ","U",33,"H"," ","U",61,"H"," ","U",56,"H"," ","U",44,"H"," ","U",72,"H"," ","U",44,"H"," ","U",94,"H"," ","U",83,"H"," ","U",72,"H"," ","U",61,"H"," ","U",39,"H"," ","U",28,"H"," ","U",67,"H"," ","U",67,"H"," ","U",67,"H"," ","U"
"543","USR0000IFEN",2014,10,"TAVG",106," "," ","U",99," "," ","U",91," "," ","U",107," "," ","U",144," "," ","U",141," "," ","U",147," "," ","U",132," "," ","U",129," "," ","U",120," "," ","U",103," "," ","U",104," "," ","U",119," "," ","U",106," "," ","U",90," "," ","U",91," "," ","U",95," "," ","U",107," "," ","U",108," "," ","U",109," "," ","U",100," "," ","U",99," "," ","U",107," "," ","U",104," "," ","U",101," "," ","U",84," "," ","U",70," "," ","U",75," "," ","U",96," "," ","U",97," "," ","U",106," "," ","U"
"544","USR0000IFEN",2014,11,"TMAX",106,"H"," ","U",89,"H"," ","U",100,"H"," ","U",83,"H"," ","U",133,"H"," ","U",122,"H"," ","U",128,"H"," ","U",111,"H"," ","U",67,"H"," ","U",56,"H"," ","U",6,"H"," ","U",22,"H"," ","U",0,"H"," ","U",6,"H"," ","U",17,"H"," ","U",22,"H"," ","U",28,"H"," ","U",33,"H"," ","U",61,"H"," ","U",28,"H"," ","U",50,"H"," ","U",100,"H"," ","U",44,"H"," ","U",56,"H"," ","U",33,"H"," ","U",67,"H"," ","U",89,"H"," ","U",72,"H"," ","U",56,"H"," ","U",11,"H"," ","U",NA," "," "," "
"545","USR0000IFEN",2014,11,"TMIN",61,"H"," ","U",44,"H"," ","U",33,"H"," ","U",67,"H"," ","U",72,"H"," ","U",78,"H"," ","U",44,"H"," ","U",28,"H"," ","U",39,"H"," ","U",-6,"H"," ","U",-56,"H"," ","U",-83,"H"," ","U",-94,"H"," ","U",-44,"H"," ","U",-83,"H"," ","U",-94,"H"," ","U",-94,"H"," ","U",-78,"H"," ","U",-50,"H"," ","U",-28,"H"," ","U",-6,"H"," ","U",11,"H"," ","U",11,"H"," ","U",11,"H"," ","U",17,"H"," ","U",28,"H"," ","U",39,"H"," ","U",50,"H"," ","U",-28,"H"," ","U",-56,"H"," ","U",NA," "," "," "
"546","USR0000IFEN",2014,11,"TAVG",88," "," ","U",61," "," ","U",69," "," ","U",77," "," ","U",93," "," ","U",102," "," ","U",82," "," ","U",55," "," ","U",52," "," ","U",27," "," ","U",-32," "," ","U",-45," "," ","U",-40," "," ","U",-19," "," ","U",-46," "," ","U",-56," "," ","U",-52," "," ","U",-29," "," ","U",-11," "," ","U",1," "," ","U",11," "," ","U",38," "," ","U",23," "," ","U",30," "," ","U",26," "," ","U",39," "," ","U",56," "," ","U",60," "," ","U",22," "," ","U",-33," "," ","U",NA," "," "," "
"547","USR0000IFEN",2014,12,"TMAX",-6,"H"," ","U",28,"H"," ","U",11,"H"," ","U",17,"H"," ","U",67,"H"," ","U",61,"H"," ","U",72,"H"," ","U",67,"H"," ","U",56,"H"," ","U",100,"H"," ","U",78,"H"," ","U",72,"H"," ","U",44,"H"," ","U",61,"H"," ","U",61,"H"," ","U",28,"H"," ","U",44,"H"," ","U",56,"H"," ","U",44,"H"," ","U",61,"H"," ","U",83,"H"," ","U",61,"H"," ","U",56,"H"," ","U",44,"H"," ","U",28,"H"," ","U",22,"H"," ","U",11,"H"," ","U",17,"H"," ","U",0,"H"," ","U",-72,"H"," ","U",-50,"H"," ","U"
"548","USR0000IFEN",2014,12,"TMIN",-61,"H"," ","U",-28,"H"," ","U",-28,"H"," ","U",0,"H"," ","U",6,"H"," ","U",0,"H"," ","U",6,"H"," ","U",0,"H"," ","U",6,"H"," ","U",22,"H"," ","U",44,"H"," ","U",33,"H"," ","U",28,"H"," ","U",6,"H"," ","U",-17,"H"," ","U",-6,"H"," ","U",-6,"H"," ","U",11,"H"," ","U",11,"H"," ","U",17,"H"," ","U",39,"H"," ","U",11,"H"," ","U",6,"H"," ","U",22,"H"," ","U",11,"H"," ","U",0,"H"," ","U",0,"H"," ","U",0,"H"," ","U",-100,"H"," ","U",-128,"H"," ","U",-117,"H"," ","U"
"549","USR0000IFEN",2014,12,"TAVG",-29," "," ","U",-14," "," ","U",-8," "," ","U",9," "," ","U",23," "," ","U",24," "," ","U",36," "," ","U",25," "," ","U",31," "," ","U",54," "," ","U",57," "," ","U",52," "," ","U",34," "," ","U",34," "," ","U",7," "," ","U",9," "," ","U",14," "," ","U",24," "," ","U",29," "," ","U",37," "," ","U",53," "," ","U",38," "," ","U",33," "," ","U",32," "," ","U",18," "," ","U",7," "," ","U",4," "," ","U",4," "," ","U",-44," "," ","U",-109," "," ","U",-97," "," ","U"
"550","USR0000IFEN",2015,1,"TMAX",-56,"H"," ","U",-44,"H"," ","U",11,"H"," ","U",6,"H"," ","U",6,"H"," ","U",39,"H"," ","U",44,"H"," ","U",44,"H"," ","U",39,"H"," ","U",44,"H"," ","U",33,"H"," ","U",33,"H"," ","U",50,"H"," ","U",72,"H"," ","U",44,"H"," ","U",33,"H"," ","U",50,"H"," ","U",33,"H"," ","U",39,"H"," ","U",67,"H"," ","U",56,"H"," ","U",33,"H"," ","U",56,"H"," ","U",56,"H"," ","U",106,"H"," ","U",100,"H"," ","U",83,"H"," ","U",100,"H"," ","U",72,"H"," ","U",72,"H"," ","U",50,"H"," ","U"
"551","USR0000IFEN",2015,1,"TMIN",-133,"H"," ","U",-117,"H"," ","U",-44,"H"," ","U",-17,"H"," ","U",0,"H"," ","U",6,"H"," ","U",-6,"H"," ","U",0,"H"," ","U",-6,"H"," ","U",-6,"H"," ","U",0,"H"," ","U",6,"H"," ","U",6,"H"," ","U",-28,"H"," ","U",-39,"H"," ","U",0,"H"," ","U",-6,"H"," ","U",17,"H"," ","U",11,"H"," ","U",6,"H"," ","U",-17,"H"," ","U",-17,"H"," ","U",0,"H"," ","U",17,"H"," ","U",6,"H"," ","U",0,"H"," ","U",6,"H"," ","U",6,"H"," ","U",-11,"H"," ","U",-11,"H"," ","U",-17,"H"," ","U"
"552","USR0000IFEN",2015,1,"TAVG",-106," "," ","U",-67," "," ","U",-24," "," ","U",-5," "," ","U",3," "," ","U",12," "," ","U",9," "," ","U",13," "," ","U",6," "," ","U",8," "," ","U",9," "," ","U",12," "," ","U",13," "," ","U",1," "," ","U",-9," "," ","U",12," "," ","U",18," "," ","U",22," "," ","U",19," "," ","U",22," "," ","U",4," "," ","U",7," "," ","U",17," "," ","U",29," "," ","U",34," "," ","U",28," "," ","U",31," "," ","U",32," "," ","U",14," "," ","U",12," "," ","U",9," "," ","U"
"553","USR0000IFEN",2015,2,"TMAX",50,"H"," ","U",28,"H"," ","U",44,"H"," ","U",61,"H"," ","U",56,"H"," ","U",61,"H"," ","U",94,"H"," ","U",133,"H"," ","U",89,"H"," ","U",106,"H"," ","U",117,"H"," ","U",144,"H"," ","U",156,"H"," ","U",133,"H"," ","U",139,"H"," ","U",128,"H"," ","U",122,"H"," ","U",144,"H"," ","U",122,"H"," ","U",56,"H"," ","U",94,"H"," ","U",78,"H"," ","U",89,"H"," ","U",111,"H"," ","U",133,"H"," ","U",111,"H"," ","U",133,"H"," ","U",117,"H"," ","U",NA," "," "," ",NA," "," "," ",NA," "," "," "
"554","USR0000IFEN",2015,2,"TMIN",-22,"H"," ","U",0,"H"," ","U",11,"H"," ","U",17,"H"," ","U",22,"H"," ","U",39,"H"," ","U",44,"H"," ","U",39,"H"," ","U",50,"H"," ","U",50,"H"," ","U",28,"H"," ","U",33,"H"," ","U",17,"H"," ","U",22,"H"," ","U",6,"H"," ","U",-17,"H"," ","U",-33,"H"," ","U",-28,"H"," ","U",-17,"H"," ","U",33,"H"," ","U",-22,"H"," ","U",-50,"H"," ","U",-61,"H"," ","U",-44,"H"," ","U",-11,"H"," ","U",6,"H"," ","U",11,"H"," ","U",-28,"H"," ","U",NA," "," "," ",NA," "," "," ",NA," "," "," "
"555","USR0000IFEN",2015,2,"TAVG",7," "," ","U",14," "," ","U",28," "," ","U",36," "," ","U",38," "," ","U",50," "," ","U",65," "," ","U",69," "," ","U",69," "," ","U",72," "," ","U",60," "," ","U",68," "," ","U",57," "," ","U",66," "," ","U",58," "," ","U",28," "," ","U",17," "," ","U",29," "," ","U",46," "," ","U",40," "," ","U",29," "," ","U",-7," "," ","U",-6," "," ","U",12," "," ","U",34," "," ","U",40," "," ","U",50," "," ","U",25," "," ","U",NA," "," "," ",NA," "," "," ",NA," "," "," "
"556","USR0000IFEN",2015,3,"TMAX",117,"H"," ","U",94,"H"," ","U",56,"H"," ","U",94,"H"," ","U",156,"H"," ","U",178,"H"," ","U",194,"H"," ","U",189,"H"," ","U",211,"H"," ","U",206,"H"," ","U",144,"H"," ","U",172,"H"," ","U",206,"H"," ","U",89,"H"," ","U",117,"H"," ","U",150,"H"," ","U",117,"H"," ","U",106,"H"," ","U",178,"H"," ","U",194,"H"," ","U",150,"H"," ","U",161,"H"," ","U",94,"H"," ","U",67,"H"," ","U",128,"H"," ","U",200,"H"," ","U",261,"H"," ","U",156,"H"," ","U",200,"H"," ","U",239,"H"," ","U",144,"H"," ","U"
"557","USR0000IFEN",2015,3,"TMIN",-50,"H"," ","U",-44,"H"," ","U",-39,"H"," ","U",-56,"H"," ","U",-50,"H"," ","U",-33,"H"," ","U",-22,"H"," ","U",-22,"H"," ","U",-17,"H"," ","U",-17,"H"," ","U",33,"H"," ","U",44,"H"," ","U",22,"H"," ","U",56,"H"," ","U",72,"H"," ","U",72,"H"," ","U",67,"H"," ","U",61,"H"," ","U",28,"H"," ","U",28,"H"," ","U",56,"H"," ","U",33,"H"," ","U",33,"H"," ","U",33,"H"," ","U",33,"H"," ","U",67,"H"," ","U",50,"H"," ","U",44,"H"," ","U",28,"H"," ","U",28,"H"," ","U",44,"H"," ","U"
"558","USR0000IFEN",2015,3,"TAVG",11," "," ","U",14," "," ","U",1," "," ","U",1," "," ","U",21," "," ","U",39," "," ","U",49," "," ","U",54," "," ","U",62," "," ","U",71," "," ","U",79," "," ","U",88," "," ","U",91," "," ","U",73," "," ","U",92," "," ","U",100," "," ","U",85," "," ","U",77," "," ","U",89," "," ","U",97," "," ","U",92," "," ","U",91," "," ","U",64," "," ","U",42," "," ","U",73," "," ","U",107," "," ","U",126," "," ","U",101," "," ","U",94," "," ","U",113," "," ","U",77," "," ","U"
"559","USR0000IFEN",2015,4,"TMAX",83,"H"," ","U",94,"H"," ","U",161,"H"," ","U",111,"H"," ","U",117,"H"," ","U",106,"H"," ","U",194,"H"," ","U",178,"H"," ","U",161,"H"," ","U",200,"H"," ","U",100,"H"," ","U",150,"H"," ","U",211,"H"," ","U",89,"H"," ","U",117,"H"," ","U",206,"H"," ","U",250,"H"," ","U",222,"H"," ","U",233,"H"," ","U",250,"H"," ","U",272,"H"," ","U",139,"H"," ","U",194,"H"," ","U",144,"H"," ","U",156,"H"," ","U",139,"H"," ","U",233,"H"," ","U",300,"H"," ","U",167,"H"," ","U",217,"H"," ","U",NA," "," "," "
"560","USR0000IFEN",2015,4,"TMIN",33,"H"," ","U",17,"H"," ","U",6,"H"," ","U",11,"H"," ","U",11,"H"," ","U",11,"H"," ","U",0,"H"," ","U",11,"H"," ","U",39,"H"," ","U",22,"H"," ","U",44,"H"," ","U",11,"H"," ","U",6,"H"," ","U",33,"H"," ","U",6,"H"," ","U",0,"H"," ","U",22,"H"," ","U",33,"H"," ","U",22,"H"," ","U",28,"H"," ","U",39,"H"," ","U",22,"H"," ","U",22,"H"," ","U",39,"H"," ","U",33,"H"," ","U",28,"H"," ","U",11,"H"," ","U",28,"H"," ","U",50,"H"," ","U",28,"H"," ","U",NA," "," "," "
"561","USR0000IFEN",2015,4,"TAVG",50," "," ","U",49," "," ","U",73," "," ","U",56," "," ","U",58," "," ","U",58," "," ","U",79," "," ","U",86," "," ","U",94," "," ","U",109," "," ","U",72," "," ","U",69," "," ","U",103," "," ","U",61," "," ","U",56," "," ","U",88," "," ","U",119," "," ","U",119," "," ","U",119," "," ","U",129," "," ","U",141," "," ","U",82," "," ","U",106," "," ","U",85," "," ","U",85," "," ","U",92," "," ","U",114," "," ","U",153," "," ","U",106," "," ","U",116," "," ","U",NA," "," "," "
"562","USR0000IFEN",2015,5,"TMAX",278,"H"," ","U",233,"H"," ","U",261,"H"," ","U",300,"H"," ","U",206,"H"," ","U",194,"H"," ","U",222,"H"," ","U",239,"H"," ","U",256,"H"," ","U",267,"H"," ","U",250,"H"," ","U",228,"H"," ","U",206,"H"," ","U",239,"H"," ","U",161,"H"," ","U",122,"H"," ","U",244,"H"," ","U",272,"H"," ","U",267,"H"," ","U",294,"H"," ","U",272,"H"," ","U",289,"H"," ","U",250,"H"," ","U",250,"H"," ","U",244,"H"," ","U",239,"H"," ","U",228,"H"," ","U",278,"H"," ","U",317,"H"," ","U",272,"H"," ","U",328,"H"," ","U"
"563","USR0000IFEN",2015,5,"TMIN",28,"H"," ","U",61,"H"," ","U",28,"H"," ","U",33,"H"," ","U",56,"H"," ","U",50,"H"," ","U",72,"H"," ","U",44,"H"," ","U",44,"H"," ","U",39,"H"," ","U",61,"H"," ","U",94,"H"," ","U",72,"H"," ","U",56,"H"," ","U",100,"H"," ","U",111,"H"," ","U",78,"H"," ","U",67,"H"," ","U",78,"H"," ","U",72,"H"," ","U",83,"H"," ","U",89,"H"," ","U",111,"H"," ","U",111,"H"," ","U",94,"H"," ","U",100,"H"," ","U",89,"H"," ","U",89,"H"," ","U",94,"H"," ","U",139,"H"," ","U",128,"H"," ","U"
"564","USR0000IFEN",2015,5,"TAVG",141," "," ","U",141," "," ","U",135," "," ","U",157," "," ","U",125," "," ","U",116," "," ","U",137," "," ","U",138," "," ","U",144," "," ","U",147," "," ","U",155," "," ","U",144," "," ","U",131," "," ","U",129," "," ","U",124," "," ","U",117," "," ","U",157," "," ","U",154," "," ","U",157," "," ","U",174," "," ","U",166," "," ","U",169," "," ","U",156," "," ","U",165," "," ","U",152," "," ","U",159," "," ","U",153," "," ","U",169," "," ","U",198," "," ","U",193," "," ","U",216," "," ","U"
"565","USR0000IFEN",2015,6,"TMAX",283,"H"," ","U",211,"H"," ","U",228,"H"," ","U",272,"H"," ","U",300,"H"," ","U",322,"H"," ","U",344,"H"," ","U",372,"H"," ","U",367,"H"," ","U",333,"H"," ","U",328,"H"," ","U",294,"H"," ","U",261,"H"," ","U",294,"H"," ","U",322,"H"," ","U",328,"H"," ","U",322,"H"," ","U",311,"H"," ","U",289,"H"," ","U",306,"H"," ","U",306,"H"," ","U",328,"H"," ","U",317,"H"," ","U",333,"H"," ","U",344,"H"," ","U",400,"H"," ","U",417,"H"," ","U",439,"H"," ","U",400,"H"," ","U",378,"H"," ","U",NA," "," "," "
"566","USR0000IFEN",2015,6,"TMIN",133,"H"," ","U",111,"H"," ","U",111,"H"," ","U",100,"H"," ","U",94,"H"," ","U",117,"H"," ","U",122,"H"," ","U",133,"H"," ","U",139,"H"," ","U",150,"H"," ","U",122,"H"," ","U",117,"H"," ","U",83,"H"," ","U",61,"H"," ","U",78,"H"," ","U",106,"H"," ","U",122,"H"," ","U",128,"H"," ","U",133,"H"," ","U",111,"H"," ","U",122,"H"," ","U",139,"H"," ","U",122,"H"," ","U",133,"H"," ","U",122,"H"," ","U",128,"H"," ","U",144,"H"," ","U",161,"H"," ","U",200,"H"," ","U",189,"H"," ","U",NA," "," "," "
"567","USR0000IFEN",2015,6,"TAVG",182," "," ","U",146," "," ","U",162," "," ","U",180," "," ","U",197," "," ","U",212," "," ","U",227," "," ","U",244," "," ","U",246," "," ","U",234," "," ","U",222," "," ","U",199," "," ","U",171," "," ","U",178," "," ","U",200," "," ","U",215," "," ","U",218," "," ","U",214," "," ","U",205," "," ","U",199," "," ","U",208," "," ","U",225," "," ","U",214," "," ","U",226," "," ","U",233," "," ","U",253," "," ","U",267," "," ","U",279," "," ","U",274," "," ","U",275," "," ","U",NA," "," "," "
"568","USR0000IFEN",2015,7,"TMAX",378,"H"," ","U",394,"H"," ","U",394,"H"," ","U",400,"H"," ","U",372,"H"," ","U",367,"H"," ","U",350,"H"," ","U",378,"H"," ","U",367,"H"," ","U",306,"H"," ","U",283,"H"," ","U",311,"H"," ","U",272,"H"," ","U",317,"H"," ","U",322,"H"," ","U",278,"H"," ","U",294,"H"," ","U",333,"H"," ","U",367,"H"," ","U",383,"H"," ","U",356,"H"," ","U",328,"H"," ","U",317,"H"," ","U",339,"H"," ","U",322,"H"," ","U",244,"H"," ","U",228,"H"," ","U",283,"H"," ","U",339,"H"," ","U",383,"H"," ","U",400,"H"," ","U"
"569","USR0000IFEN",2015,7,"TMIN",167,"H"," ","U",144,"H"," ","U",144,"H"," ","U",150,"H"," ","U",167,"H"," ","U",167,"H"," ","U",144,"H"," ","U",150,"H"," ","U",139,"H"," ","U",178,"H"," ","U",172,"H"," ","U",167,"H"," ","U",144,"H"," ","U",128,"H"," ","U",144,"H"," ","U",128,"H"," ","U",106,"H"," ","U",133,"H"," ","U",122,"H"," ","U",128,"H"," ","U",139,"H"," ","U",156,"H"," ","U",144,"H"," ","U",128,"H"," ","U",128,"H"," ","U",161,"H"," ","U",117,"H"," ","U",111,"H"," ","U",89,"H"," ","U",106,"H"," ","U",117,"H"," ","U"
"570","USR0000IFEN",2015,7,"TAVG",266," "," ","U",261," "," ","U",258," "," ","U",261," "," ","U",262," "," ","U",256," "," ","U",238," "," ","U",254," "," ","U",245," "," ","U",226," "," ","U",208," "," ","U",212," "," ","U",194," "," ","U",213," "," ","U",227," "," ","U",196," "," ","U",201," "," ","U",224," "," ","U",233," "," ","U",247," "," ","U",241," "," ","U",233," "," ","U",207," "," ","U",221," "," ","U",224," "," ","U",199," "," ","U",161," "," ","U",183," "," ","U",205," "," ","U",229," "," ","U",242," "," ","U"
"571","USR0000IFEN",2015,8,"TMAX",406,"H"," ","U",406,"H"," ","U",350,"H"," ","U",344,"H"," ","U",311,"H"," ","U",294,"H"," ","U",333,"H"," ","U",339,"H"," ","U",311,"H"," ","U",344,"H"," ","U",356,"H"," ","U",406,"H"," ","U",389,"H"," ","U",400,"H"," ","U",311,"H"," ","U",289,"H"," ","U",306,"H"," ","U",311,"H"," ","U",333,"H"," ","U",350,"H"," ","U",300,"H"," ","U",194,"H"," ","U",200,"H"," ","U",239,"H"," ","U",200,"H"," ","U",228,"H"," ","U",272,"H"," ","U",244,"H"," ","U",211,"H"," ","U",189,"H"," ","U",261,"H"," ","U"
"572","USR0000IFEN",2015,8,"TMIN",128,"H"," ","U",128,"H"," ","U",150,"H"," ","U",144,"H"," ","U",128,"H"," ","U",100,"H"," ","U",89,"H"," ","U",100,"H"," ","U",133,"H"," ","U",133,"H"," ","U",128,"H"," ","U",167,"H"," ","U",150,"H"," ","U",167,"H"," ","U",150,"H"," ","U",122,"H"," ","U",100,"H"," ","U",106,"H"," ","U",111,"H"," ","U",117,"H"," ","U",111,"H"," ","U",94,"H"," ","U",89,"H"," ","U",106,"H"," ","U",111,"H"," ","U",117,"H"," ","U",139,"H"," ","U",122,"H"," ","U",150,"H"," ","U",117,"H"," ","U",106,"H"," ","U"
"573","USR0000IFEN",2015,8,"TAVG",252," "," ","U",247," "," ","U",233," "," ","U",226," "," ","U",204," "," ","U",194," "," ","U",206," "," ","U",208," "," ","U",211," "," ","U",222," "," ","U",232," "," ","U",259," "," ","U",252," "," ","U",262," "," ","U",223," "," ","U",197," "," ","U",182," "," ","U",186," "," ","U",189," "," ","U",198," "," ","U",184," "," ","U",143," "," ","U",138," "," ","U",153," "," ","U",148," "," ","U",169," "," ","U",182," "," ","U",182," "," ","U",180," "," ","U",147," "," ","U",162," "," ","U"
"574","USR0000IFEN",2015,9,"TMAX",300,"H"," ","U",261,"H"," ","U",144,"H"," ","U",217,"H"," ","U",128,"H"," ","U",217,"H"," ","U",228,"H"," ","U",256,"H"," ","U",306,"H"," ","U",317,"H"," ","U",333,"H"," ","U",333,"H"," ","U",317,"H"," ","U",250,"H"," ","U",189,"H"," ","U",183,"H"," ","U",178,"H"," ","U",211,"H"," ","U",261,"H"," ","U",294,"H"," ","U",272,"H"," ","U",261,"H"," ","U",278,"H"," ","U",267,"H"," ","U",306,"H"," ","U",272,"H"," ","U",244,"H"," ","U",256,"H"," ","U",272,"H"," ","U",278,"H"," ","U",NA," "," "," "
"575","USR0000IFEN",2015,9,"TMIN",106,"H"," ","U",117,"H"," ","U",111,"H"," ","U",100,"H"," ","U",83,"H"," ","U",78,"H"," ","U",89,"H"," ","U",78,"H"," ","U",78,"H"," ","U",94,"H"," ","U",89,"H"," ","U",100,"H"," ","U",106,"H"," ","U",100,"H"," ","U",100,"H"," ","U",89,"H"," ","U",94,"H"," ","U",94,"H"," ","U",83,"H"," ","U",78,"H"," ","U",89,"H"," ","U",83,"H"," ","U",94,"H"," ","U",72,"H"," ","U",83,"H"," ","U",89,"H"," ","U",61,"H"," ","U",33,"H"," ","U",44,"H"," ","U",61,"H"," ","U",NA," "," "," "
"576","USR0000IFEN",2015,9,"TAVG",182," "," ","U",179," "," ","U",127," "," ","U",142," "," ","U",108," "," ","U",128," "," ","U",144," "," ","U",148," "," ","U",171," "," ","U",178," "," ","U",186," "," ","U",191," "," ","U",192," "," ","U",156," "," ","U",129," "," ","U",119," "," ","U",118," "," ","U",134," "," ","U",147," "," ","U",160," "," ","U",157," "," ","U",159," "," ","U",164," "," ","U",154," "," ","U",166," "," ","U",169," "," ","U",148," "," ","U",118," "," ","U",133," "," ","U",152," "," ","U",NA," "," "," "
"577","USR0000IFEN",2015,10,"TMAX",211,"H"," ","U",256,"H"," ","U",250,"H"," ","U",244,"H"," ","U",256,"H"," ","U",261,"H"," ","U",150,"H"," ","U",239,"H"," ","U",250,"H"," ","U",261,"H"," ","U",217,"H"," ","U",239,"H"," ","U",261,"H"," ","U",244,"H"," ","U",228,"H"," ","U",239,"H"," ","U",244,"H"," ","U",183,"H"," ","U",139,"H"," ","U",161,"H"," ","U",194,"H"," ","U",178,"H"," ","U",156,"H"," ","U",139,"H"," ","U",156,"H"," ","U",117,"H"," ","U",144,"H"," ","U",117,"H"," ","U",106,"H"," ","U",89,"H"," ","U",122,"H"," ","U"
"578","USR0000IFEN",2015,10,"TMIN",122,"H"," ","U",94,"H"," ","U",83,"H"," ","U",50,"H"," ","U",39,"H"," ","U",44,"H"," ","U",83,"H"," ","U",122,"H"," ","U",106,"H"," ","U",94,"H"," ","U",67,"H"," ","U",67,"H"," ","U",56,"H"," ","U",56,"H"," ","U",56,"H"," ","U",44,"H"," ","U",39,"H"," ","U",89,"H"," ","U",111,"H"," ","U",83,"H"," ","U",61,"H"," ","U",61,"H"," ","U",44,"H"," ","U",50,"H"," ","U",50,"H"," ","U",61,"H"," ","U",56,"H"," ","U",28,"H"," ","U",72,"H"," ","U",78,"H"," ","U",89,"H"," ","U"
"579","USR0000IFEN",2015,10,"TAVG",154," "," ","U",150," "," ","U",142," "," ","U",125," "," ","U",117," "," ","U",127," "," ","U",118," "," ","U",155," "," ","U",156," "," ","U",161," "," ","U",124," "," ","U",124," "," ","U",124," "," ","U",123," "," ","U",113," "," ","U",110," "," ","U",119," "," ","U",128," "," ","U",124," "," ","U",116," "," ","U",101," "," ","U",96," "," ","U",82," "," ","U",87," "," ","U",88," "," ","U",83," "," ","U",89," "," ","U",73," "," ","U",85," "," ","U",84," "," ","U",108," "," ","U"
"580","USR0000IFEN",2015,11,"TMAX",161,"H"," ","U",106,"H"," ","U",89,"H"," ","U",67,"H"," ","U",61,"H"," ","U",94,"H"," ","U",106,"H"," ","U",94,"H"," ","U",56,"H"," ","U",39,"H"," ","U",44,"H"," ","U",78,"H"," ","U",83,"H"," ","U",83,"H"," ","U",122,"H"," ","U",50,"H"," ","U",56,"H"," ","U",72,"H"," ","U",33,"H"," ","U",44,"H"," ","U",39,"H"," ","U",72,"H"," ","U",50,"H"," ","U",22,"H"," ","U",50,"H"," ","U",28,"H"," ","U",11,"H"," ","U",11,"H"," ","U",0,"H"," ","U",6,"H"," ","U",NA," "," "," "
"581","USR0000IFEN",2015,11,"TMIN",72,"H"," ","U",61,"H"," ","U",44,"H"," ","U",33,"H"," ","U",22,"H"," ","U",17,"H"," ","U",11,"H"," ","U",11,"H"," ","U",17,"H"," ","U",6,"H"," ","U",22,"H"," ","U",28,"H"," ","U",44,"H"," ","U",44,"H"," ","U",22,"H"," ","U",0,"H"," ","U",6,"H"," ","U",0,"H"," ","U",6,"H"," ","U",-33,"H"," ","U",-44,"H"," ","U",-44,"H"," ","U",-39,"H"," ","U",-22,"H"," ","U",-44,"H"," ","U",-67,"H"," ","U",-83,"H"," ","U",-89,"H"," ","U",-83,"H"," ","U",-78,"H"," ","U",NA," "," "," "
"582","USR0000IFEN",2015,11,"TAVG",106," "," ","U",80," "," ","U",66," "," ","U",47," "," ","U",34," "," ","U",43," "," ","U",45," "," ","U",49," "," ","U",39," "," ","U",24," "," ","U",32," "," ","U",45," "," ","U",64," "," ","U",59," "," ","U",58," "," ","U",24," "," ","U",23," "," ","U",28," "," ","U",17," "," ","U",2," "," ","U",-17," "," ","U",-9," "," ","U",-14," "," ","U",3," "," ","U",-9," "," ","U",-43," "," ","U",-54," "," ","U",-59," "," ","U",-49," "," ","U",-46," "," ","U",NA," "," "," "
"583","USR0000IFEN",2015,12,"TMAX",11,"H"," ","U",0,"H"," ","U",6,"H"," ","U",17,"H"," ","U",61,"H"," ","U",33,"H"," ","U",39,"H"," ","U",78,"H"," ","U",72,"H"," ","U",50,"H"," ","U",50,"H"," ","U",44,"H"," ","U",39,"H"," ","U",44,"H"," ","U",28,"H"," ","U",28,"H"," ","U",-6,"H"," ","U",11,"H"," ","U",22,"H"," ","U",22,"H"," ","U",22,"H"," ","U",33,"H"," ","U",17,"H"," ","U",22,"H"," ","U",17,"H"," ","U",6,"H"," ","U",-6,"H"," ","U",-6,"H"," ","U",6,"H"," ","U",6,"H"," ","U",-22,"H"," ","U"
"584","USR0000IFEN",2015,12,"TMIN",-89,"H"," ","U",-67,"H"," ","U",-50,"H"," ","U",-11,"H"," ","U",0,"H"," ","U",0,"H"," ","U",11,"H"," ","U",22,"H"," ","U",22,"H"," ","U",6,"H"," ","U",6,"H"," ","U",6,"H"," ","U",6,"H"," ","U",11,"H"," ","U",6,"H"," ","U",-17,"H"," ","U",-33,"H"," ","U",-11,"H"," ","U",0,"H"," ","U",-6,"H"," ","U",-11,"H"," ","U",-6,"H"," ","U",-6,"H"," ","U",-11,"H"," ","U",-11,"H"," ","U",-56,"H"," ","U",-67,"H"," ","U",-72,"H"," ","U",-33,"H"," ","U",-72,"H"," ","U",-94,"H"," ","U"
"585","USR0000IFEN",2015,12,"TAVG",-48," "," ","U",-31," "," ","U",-17," "," ","U",6," "," ","U",13," "," ","U",14," "," ","U",22," "," ","U",42," "," ","U",49," "," ","U",28," "," ","U",22," "," ","U",26," "," ","U",16," "," ","U",22," "," ","U",17," "," ","U",3," "," ","U",-18," "," ","U",0," "," ","U",4," "," ","U",4," "," ","U",3," "," ","U",8," "," ","U",1," "," ","U",2," "," ","U",-1," "," ","U",-21," "," ","U",-36," "," ","U",-37," "," ","U",-22," "," ","U",-36," "," ","U",-72," "," ","U"
"586","USR0000IFEN",2016,1,"TMAX",-33,"H"," ","U",-44,"H"," ","U",0,"H"," ","U",17,"H"," ","U",44,"H"," ","U",44,"H"," ","U",33,"H"," ","U",33,"H"," ","U",44,"H"," ","U",50,"H"," ","U",17,"H"," ","U",39,"H"," ","U",22,"H"," ","U",44,"H"," ","U",17,"H"," ","U",17,"H"," ","U",39,"H"," ","U",67,"H"," ","U",61,"H"," ","U",44,"H"," ","U",56,"H"," ","U",61,"H"," ","U",44,"H"," ","U",56,"H"," ","U",72,"H"," ","U",67,"H"," ","U",89,"H"," ","U",56,"H"," ","U",44,"H"," ","U",67,"H"," ","U",56,"H"," ","U"
"587","USR0000IFEN",2016,1,"TMIN",-117,"H"," ","U",-133,"H"," ","U",-117,"H"," ","U",-39,"H"," ","U",-6,"H"," ","U",-6,"H"," ","U",0,"H"," ","U",6,"H"," ","U",-6,"H"," ","U",-28,"H"," ","U",-44,"H"," ","U",-6,"H"," ","U",6,"H"," ","U",-6,"H"," ","U",-17,"H"," ","U",-11,"H"," ","U",0,"H"," ","U",6,"H"," ","U",6,"H"," ","U",11,"H"," ","U",11,"H"," ","U",11,"H"," ","U",6,"H"," ","U",22,"H"," ","U",0,"H"," ","U",-11,"H"," ","U",11,"H"," ","U",6,"H"," ","U",22,"H"," ","U",6,"H"," ","U",0,"H"," ","U"
"588","USR0000IFEN",2016,1,"TAVG",-92," "," ","U",-101," "," ","U",-51," "," ","U",-10," "," ","U",6," "," ","U",8," "," ","U",10," "," ","U",12," "," ","U",10," "," ","U",2," "," ","U",-17," "," ","U",9," "," ","U",12," "," ","U",16," "," ","U",-1," "," ","U",1," "," ","U",11," "," ","U",18," "," ","U",22," "," ","U",23," "," ","U",34," "," ","U",28," "," ","U",23," "," ","U",31," "," ","U",26," "," ","U",23," "," ","U",37," "," ","U",31," "," ","U",34," "," ","U",25," "," ","U",13," "," ","U"
"589","USR0000IFEN",2016,2,"TMAX",56,"H"," ","U",33,"H"," ","U",61,"H"," ","U",33,"H"," ","U",94,"H"," ","U",72,"H"," ","U",83,"H"," ","U",128,"H"," ","U",133,"H"," ","U",128,"H"," ","U",94,"H"," ","U",111,"H"," ","U",89,"H"," ","U",78,"H"," ","U",78,"H"," ","U",94,"H"," ","U",78,"H"," ","U",94,"H"," ","U",111,"H"," ","U",78,"H"," ","U",89,"H"," ","U",78,"H"," ","U",111,"H"," ","U",122,"H"," ","U",144,"H"," ","U",161,"H"," ","U",83,"H"," ","U",111,"H"," ","U",133,"H"," ","U",NA," "," "," ",NA," "," "," "
"590","USR0000IFEN",2016,2,"TMIN",0,"H"," ","U",-6,"H"," ","U",-11,"H"," ","U",0,"H"," ","U",6,"H"," ","U",17,"H"," ","U",6,"H"," ","U",0,"H"," ","U",-6,"H"," ","U",0,"H"," ","U",11,"H"," ","U",28,"H"," ","U",33,"H"," ","U",39,"H"," ","U",56,"H"," ","U",44,"H"," ","U",39,"H"," ","U",44,"H"," ","U",28,"H"," ","U",6,"H"," ","U",-11,"H"," ","U",-6,"H"," ","U",-17,"H"," ","U",-22,"H"," ","U",-22,"H"," ","U",-22,"H"," ","U",44,"H"," ","U",28,"H"," ","U",0,"H"," ","U",NA," "," "," ",NA," "," "," "
"591","USR0000IFEN",2016,2,"TAVG",13," "," ","U",8," "," ","U",12," "," ","U",11," "," ","U",30," "," ","U",33," "," ","U",29," "," ","U",33," "," ","U",32," "," ","U",41," "," ","U",47," "," ","U",59," "," ","U",54," "," ","U",57," "," ","U",63," "," ","U",63," "," ","U",57," "," ","U",62," "," ","U",58," "," ","U",32," "," ","U",32," "," ","U",34," "," ","U",23," "," ","U",25," "," ","U",36," "," ","U",52," "," ","U",61," "," ","U",64," "," ","U",48," "," ","U",NA," "," "," ",NA," "," "," "
"592","USR0000IFEN",2016,3,"TMAX",72,"H"," ","U",128,"H"," ","U",78,"H"," ","U",156,"H"," ","U",139,"H"," ","U",94,"H"," ","U",100,"H"," ","U",139,"H"," ","U",128,"H"," ","U",111,"H"," ","U",117,"H"," ","U",189,"H"," ","U",144,"H"," ","U",106,"H"," ","U",61,"H"," ","U",100,"H"," ","U",111,"H"," ","U",144,"H"," ","U",183,"H"," ","U",211,"H"," ","U",156,"H"," ","U",94,"H"," ","U",111,"H"," ","U",100,"H"," ","U",83,"H"," ","U",139,"H"," ","U",61,"H"," ","U",111,"H"," ","U",156,"H"," ","U",206,"H"," ","U",194,"H"," ","U"
"593","USR0000IFEN",2016,3,"TMIN",-11,"H"," ","U",11,"H"," ","U",17,"H"," ","U",0,"H"," ","U",39,"H"," ","U",22,"H"," ","U",6,"H"," ","U",28,"H"," ","U",33,"H"," ","U",33,"H"," ","U",28,"H"," ","U",44,"H"," ","U",22,"H"," ","U",17,"H"," ","U",22,"H"," ","U",11,"H"," ","U",-11,"H"," ","U",-22,"H"," ","U",-22,"H"," ","U",-6,"H"," ","U",67,"H"," ","U",22,"H"," ","U",17,"H"," ","U",33,"H"," ","U",6,"H"," ","U",11,"H"," ","U",11,"H"," ","U",28,"H"," ","U",22,"H"," ","U",0,"H"," ","U",17,"H"," ","U"
"594","USR0000IFEN",2016,3,"TAVG",28," "," ","U",54," "," ","U",53," "," ","U",64," "," ","U",77," "," ","U",59," "," ","U",46," "," ","U",60," "," ","U",74," "," ","U",71," "," ","U",66," "," ","U",90," "," ","U",70," "," ","U",39," "," ","U",35," "," ","U",43," "," ","U",36," "," ","U",44," "," ","U",62," "," ","U",89," "," ","U",101," "," ","U",52," "," ","U",55," "," ","U",58," "," ","U",29," "," ","U",57," "," ","U",32," "," ","U",57," "," ","U",71," "," ","U",86," "," ","U",88," "," ","U"
"595","USR0000IFEN",2016,4,"TMAX",239,"H"," ","U",261,"H"," ","U",244,"H"," ","U",106,"H"," ","U",150,"H"," ","U",228,"H"," ","U",278,"H"," ","U",300,"H"," ","U",272,"H"," ","U",256,"H"," ","U",261,"H"," ","U",150,"H"," ","U",133,"H"," ","U",128,"H"," ","U",117,"H"," ","U",211,"H"," ","U",261,"H"," ","U",283,"H"," ","U",283,"H"," ","U",317,"H"," ","U",300,"H"," ","U",217,"H"," ","U",122,"H"," ","U",139,"H"," ","U",144,"H"," ","U",200,"H"," ","U",211,"H"," ","U",178,"H"," ","U",128,"H"," ","U",183,"H"," ","U",NA," "," "," "
"596","USR0000IFEN",2016,4,"TMIN",17,"H"," ","U",22,"H"," ","U",44,"H"," ","U",44,"H"," ","U",28,"H"," ","U",11,"H"," ","U",28,"H"," ","U",33,"H"," ","U",50,"H"," ","U",44,"H"," ","U",44,"H"," ","U",67,"H"," ","U",72,"H"," ","U",50,"H"," ","U",50,"H"," ","U",56,"H"," ","U",39,"H"," ","U",39,"H"," ","U",33,"H"," ","U",50,"H"," ","U",67,"H"," ","U",89,"H"," ","U",89,"H"," ","U",83,"H"," ","U",72,"H"," ","U",61,"H"," ","U",44,"H"," ","U",67,"H"," ","U",72,"H"," ","U",72,"H"," ","U",NA," "," "," "
"597","USR0000IFEN",2016,4,"TAVG",106," "," ","U",123," "," ","U",128," "," ","U",67," "," ","U",74," "," ","U",100," "," ","U",127," "," ","U",141," "," ","U",139," "," ","U",138," "," ","U",135," "," ","U",103," "," ","U",94," "," ","U",70," "," ","U",76," "," ","U",113," "," ","U",129," "," ","U",139," "," ","U",141," "," ","U",163," "," ","U",166," "," ","U",139," "," ","U",102," "," ","U",99," "," ","U",103," "," ","U",120," "," ","U",124," "," ","U",119," "," ","U",96," "," ","U",124," "," ","U",NA," "," "," "
"598","USR0000IFEN",2016,5,"TMAX",261,"H"," ","U",294,"H"," ","U",306,"H"," ","U",294,"H"," ","U",267,"H"," ","U",267,"H"," ","U",306,"H"," ","U",267,"H"," ","U",122,"H"," ","U",156,"H"," ","U",244,"H"," ","U",289,"H"," ","U",300,"H"," ","U",211,"H"," ","U",139,"H"," ","U",217,"H"," ","U",261,"H"," ","U",283,"H"," ","U",150,"H"," ","U",167,"H"," ","U",161,"H"," ","U",150,"H"," ","U",156,"H"," ","U",200,"H"," ","U",189,"H"," ","U",222,"H"," ","U",178,"H"," ","U",228,"H"," ","U",267,"H"," ","U",244,"H"," ","U",278,"H"," ","U"
"599","USR0000IFEN",2016,5,"TMIN",61,"H"," ","U",61,"H"," ","U",67,"H"," ","U",89,"H"," ","U",117,"H"," ","U",111,"H"," ","U",89,"H"," ","U",100,"H"," ","U",78,"H"," ","U",50,"H"," ","U",33,"H"," ","U",50,"H"," ","U",78,"H"," ","U",83,"H"," ","U",100,"H"," ","U",100,"H"," ","U",94,"H"," ","U",100,"H"," ","U",89,"H"," ","U",83,"H"," ","U",83,"H"," ","U",83,"H"," ","U",83,"H"," ","U",78,"H"," ","U",78,"H"," ","U",100,"H"," ","U",89,"H"," ","U",61,"H"," ","U",72,"H"," ","U",78,"H"," ","U",56,"H"," ","U"
"600","USR0000IFEN",2016,5,"TAVG",151," "," ","U",164," "," ","U",178," "," ","U",178," "," ","U",190," "," ","U",174," "," ","U",191," "," ","U",180," "," ","U",90," "," ","U",101," "," ","U",132," "," ","U",160," "," ","U",177," "," ","U",155," "," ","U",121," "," ","U",149," "," ","U",174," "," ","U",187," "," ","U",122," "," ","U",123," "," ","U",115," "," ","U",107," "," ","U",114," "," ","U",125," "," ","U",132," "," ","U",156," "," ","U",128," "," ","U",141," "," ","U",161," "," ","U",161," "," ","U",163," "," ","U"
"601","USR0000IFEN",2016,6,"TMAX",306,"H"," ","U",222,"H"," ","U",300,"H"," ","U",350,"H"," ","U",339,"H"," ","U",367,"H"," ","U",356,"H"," ","U",361,"H"," ","U",272,"H"," ","U",194,"H"," ","U",217,"H"," ","U",278,"H"," ","U",289,"H"," ","U",156,"H"," ","U",183,"H"," ","U",144,"H"," ","U",283,"H"," ","U",267,"H"," ","U",267,"H"," ","U",339,"H"," ","U",272,"H"," ","U",322,"H"," ","U",289,"H"," ","U",211,"H"," ","U",278,"H"," ","U",322,"H"," ","U",378,"H"," ","U",367,"H"," ","U",378,"H"," ","U",339,"H"," ","U",NA," "," "," "
"602","USR0000IFEN",2016,6,"TMIN",83,"H"," ","U",117,"H"," ","U",94,"H"," ","U",100,"H"," ","U",117,"H"," ","U",150,"H"," ","U",156,"H"," ","U",156,"H"," ","U",128,"H"," ","U",117,"H"," ","U",78,"H"," ","U",56,"H"," ","U",61,"H"," ","U",72,"H"," ","U",67,"H"," ","U",78,"H"," ","U",61,"H"," ","U",83,"H"," ","U",78,"H"," ","U",72,"H"," ","U",106,"H"," ","U",78,"H"," ","U",100,"H"," ","U",117,"H"," ","U",94,"H"," ","U",83,"H"," ","U",100,"H"," ","U",144,"H"," ","U",144,"H"," ","U",161,"H"," ","U",NA," "," "," "
"603","USR0000IFEN",2016,6,"TAVG",188," "," ","U",168," "," ","U",192," "," ","U",217," "," ","U",228," "," ","U",251," "," ","U",238," "," ","U",240," "," ","U",199," "," ","U",152," "," ","U",145," "," ","U",160," "," ","U",179," "," ","U",108," "," ","U",117," "," ","U",113," "," ","U",167," "," ","U",151," "," ","U",162," "," ","U",200," "," ","U",185," "," ","U",192," "," ","U",195," "," ","U",144," "," ","U",181," "," ","U",198," "," ","U",231," "," ","U",249," "," ","U",250," "," ","U",244," "," ","U",NA," "," "," "
"604","USR0000IFEN",2016,7,"TMAX",350,"H"," ","U",300,"H"," ","U",322,"H"," ","U",283,"H"," ","U",278,"H"," ","U",256,"H"," ","U",289,"H"," ","U",278,"H"," ","U",222,"H"," ","U",144,"H"," ","U",228,"H"," ","U",250,"H"," ","U",294,"H"," ","U",322,"H"," ","U",289,"H"," ","U",283,"H"," ","U",306,"H"," ","U",339,"H"," ","U",322,"H"," ","U",322,"H"," ","U",378,"H"," ","U",300,"H"," ","U",300,"H"," ","U",339,"H"," ","U",361,"H"," ","U",372,"H"," ","U",372,"H"," ","U",372,"H"," ","U",383,"H"," ","U",367,"H"," ","U",317,"H"," ","U"
"605","USR0000IFEN",2016,7,"TMIN",139,"H"," ","U",133,"H"," ","U",133,"H"," ","U",117,"H"," ","U",94,"H"," ","U",106,"H"," ","U",83,"H"," ","U",133,"H"," ","U",133,"H"," ","U",94,"H"," ","U",94,"H"," ","U",100,"H"," ","U",100,"H"," ","U",100,"H"," ","U",106,"H"," ","U",94,"H"," ","U",106,"H"," ","U",117,"H"," ","U",122,"H"," ","U",150,"H"," ","U",122,"H"," ","U",139,"H"," ","U",122,"H"," ","U",111,"H"," ","U",117,"H"," ","U",139,"H"," ","U",144,"H"," ","U",150,"H"," ","U",144,"H"," ","U",144,"H"," ","U",117,"H"," ","U"
"606","USR0000IFEN",2016,7,"TAVG",238," "," ","U",213," "," ","U",221," "," ","U",195," "," ","U",188," "," ","U",179," "," ","U",185," "," ","U",191," "," ","U",171," "," ","U",124," "," ","U",139," "," ","U",167," "," ","U",190," "," ","U",203," "," ","U",194," "," ","U",189," "," ","U",201," "," ","U",223," "," ","U",216," "," ","U",220," "," ","U",234," "," ","U",214," "," ","U",207," "," ","U",215," "," ","U",229," "," ","U",241," "," ","U",247," "," ","U",250," "," ","U",251," "," ","U",247," "," ","U",212," "," ","U"
"607","USR0000IFEN",2016,8,"TMAX",339,"H"," ","U",322,"H"," ","U",283,"H"," ","U",333,"H"," ","U",378,"H"," ","U",328,"H"," ","U",278,"H"," ","U",289,"H"," ","U",217,"H"," ","U",283,"H"," ","U",317,"H"," ","U",344,"H"," ","U",344,"H"," ","U",372,"H"," ","U",367,"H"," ","U",378,"H"," ","U",372,"H"," ","U",367,"H"," ","U",339,"H"," ","U",350,"H"," ","U",372,"H"," ","U",283,"H"," ","U",289,"H"," ","U",306,"H"," ","U",311,"H"," ","U",322,"H"," ","U",356,"H"," ","U",333,"H"," ","U",361,"H"," ","U",272,"H"," ","U",283,"H"," ","U"
"608","USR0000IFEN",2016,8,"TMIN",100,"H"," ","U",106,"H"," ","U",94,"H"," ","U",100,"H"," ","U",106,"H"," ","U",172,"H"," ","U",128,"H"," ","U",100,"H"," ","U",106,"H"," ","U",100,"H"," ","U",106,"H"," ","U",111,"H"," ","U",117,"H"," ","U",133,"H"," ","U",122,"H"," ","U",117,"H"," ","U",122,"H"," ","U",122,"H"," ","U",133,"H"," ","U",94,"H"," ","U",89,"H"," ","U",106,"H"," ","U",72,"H"," ","U",83,"H"," ","U",89,"H"," ","U",83,"H"," ","U",94,"H"," ","U",122,"H"," ","U",106,"H"," ","U",128,"H"," ","U",128,"H"," ","U"
"609","USR0000IFEN",2016,8,"TAVG",207," "," ","U",209," "," ","U",188," "," ","U",204," "," ","U",234," "," ","U",233," "," ","U",187," "," ","U",188," "," ","U",164," "," ","U",183," "," ","U",201," "," ","U",215," "," ","U",221," "," ","U",233," "," ","U",231," "," ","U",226," "," ","U",231," "," ","U",233," "," ","U",221," "," ","U",204," "," ","U",214," "," ","U",181," "," ","U",169," "," ","U",179," "," ","U",187," "," ","U",187," "," ","U",212," "," ","U",216," "," ","U",212," "," ","U",196," "," ","U",183," "," ","U"
"610","USR0000IFEN",2016,9,"TMAX",294,"H"," ","U",233,"H"," ","U",250,"H"," ","U",244,"H"," ","U",239,"H"," ","U",183,"H"," ","U",250,"H"," ","U",256,"H"," ","U",261,"H"," ","U",317,"H"," ","U",250,"H"," ","U",239,"H"," ","U",256,"H"," ","U",250,"H"," ","U",283,"H"," ","U",306,"H"," ","U",172,"H"," ","U",222,"H"," ","U",222,"H"," ","U",194,"H"," ","U",194,"H"," ","U",167,"H"," ","U",200,"H"," ","U",211,"H"," ","U",261,"H"," ","U",289,"H"," ","U",300,"H"," ","U",306,"H"," ","U",278,"H"," ","U",306,"H"," ","U",NA," "," "," "
"611","USR0000IFEN",2016,9,"TMIN",100,"H"," ","U",94,"H"," ","U",72,"H"," ","U",67,"H"," ","U",94,"H"," ","U",94,"H"," ","U",111,"H"," ","U",122,"H"," ","U",67,"H"," ","U",50,"H"," ","U",72,"H"," ","U",50,"H"," ","U",28,"H"," ","U",50,"H"," ","U",39,"H"," ","U",50,"H"," ","U",78,"H"," ","U",133,"H"," ","U",111,"H"," ","U",94,"H"," ","U",106,"H"," ","U",117,"H"," ","U",117,"H"," ","U",72,"H"," ","U",67,"H"," ","U",72,"H"," ","U",89,"H"," ","U",89,"H"," ","U",94,"H"," ","U",100,"H"," ","U",NA," "," "," "
"612","USR0000IFEN",2016,9,"TAVG",194," "," ","U",162," "," ","U",154," "," ","U",141," "," ","U",154," "," ","U",131," "," ","U",164," "," ","U",174," "," ","U",146," "," ","U",157," "," ","U",145," "," ","U",137," "," ","U",127," "," ","U",128," "," ","U",139," "," ","U",154," "," ","U",129," "," ","U",158," "," ","U",160," "," ","U",137," "," ","U",141," "," ","U",136," "," ","U",143," "," ","U",126," "," ","U",137," "," ","U",157," "," ","U",166," "," ","U",171," "," ","U",161," "," ","U",179," "," ","U",NA," "," "," "
"613","USR0000IFEN",2016,10,"TMAX",222,"H"," ","U",233,"H"," ","U",106,"H"," ","U",128,"H"," ","U",161,"H"," ","U",156,"H"," ","U",106,"H"," ","U",178,"H"," ","U",183,"H"," ","U",167,"H"," ","U",156,"H"," ","U",172,"H"," ","U",122,"H"," ","U",150,"H"," ","U",133,"H"," ","U",156,"H"," ","U",106,"H"," ","U",94,"H"," ","U",139,"H"," ","U",117,"H"," ","U",139,"H"," ","U",133,"H"," ","U",167,"H"," ","U",122,"H"," ","U",139,"H"," ","U",139,"H"," ","U",133,"H"," ","U",144,"H"," ","U",156,"H"," ","U",156,"H"," ","U",117,"H"," ","U"
"614","USR0000IFEN",2016,10,"TMIN",61,"H"," ","U",39,"H"," ","U",78,"H"," ","U",72,"H"," ","U",78,"H"," ","U",67,"H"," ","U",67,"H"," ","U",83,"H"," ","U",100,"H"," ","U",67,"H"," ","U",11,"H"," ","U",0,"H"," ","U",22,"H"," ","U",83,"H"," ","U",78,"H"," ","U",72,"H"," ","U",67,"H"," ","U",56,"H"," ","U",44,"H"," ","U",39,"H"," ","U",83,"H"," ","U",67,"H"," ","U",61,"H"," ","U",67,"H"," ","U",89,"H"," ","U",94,"H"," ","U",89,"H"," ","U",83,"H"," ","U",61,"H"," ","U",83,"H"," ","U",61,"H"," ","U"
"615","USR0000IFEN",2016,10,"TAVG",140," "," ","U",116," "," ","U",89," "," ","U",95," "," ","U",99," "," ","U",96," "," ","U",93," "," ","U",129," "," ","U",133," "," ","U",111," "," ","U",74," "," ","U",61," "," ","U",69," "," ","U",108," "," ","U",103," "," ","U",103," "," ","U",86," "," ","U",71," "," ","U",82," "," ","U",82," "," ","U",110," "," ","U",92," "," ","U",97," "," ","U",96," "," ","U",108," "," ","U",113," "," ","U",111," "," ","U",108," "," ","U",104," "," ","U",112," "," ","U",89," "," ","U"
"616","USR0000IFEN",2016,11,"TMAX",100,"H"," ","U",150,"H"," ","U",139,"H"," ","U",167,"H"," ","U",161,"H"," ","U",150,"H"," ","U",139,"H"," ","U",172,"H"," ","U",167,"H"," ","U",167,"H"," ","U",167,"H"," ","U",122,"H"," ","U",128,"H"," ","U",106,"H"," ","U",122,"H"," ","U",83,"H"," ","U",67,"H"," ","U",61,"H"," ","U",67,"H"," ","U",78,"H"," ","U",89,"H"," ","U",100,"H"," ","U",50,"H"," ","U",56,"H"," ","U",67,"H"," ","U",83,"H"," ","U",28,"H"," ","U",28,"H"," ","U",50,"H"," ","U",33,"H"," ","U",NA," "," "," "
"617","USR0000IFEN",2016,11,"TMIN",44,"H"," ","U",39,"H"," ","U",33,"H"," ","U",22,"H"," ","U",17,"H"," ","U",39,"H"," ","U",33,"H"," ","U",39,"H"," ","U",39,"H"," ","U",44,"H"," ","U",22,"H"," ","U",28,"H"," ","U",83,"H"," ","U",89,"H"," ","U",61,"H"," ","U",33,"H"," ","U",11,"H"," ","U",-11,"H"," ","U",28,"H"," ","U",17,"H"," ","U",50,"H"," ","U",22,"H"," ","U",22,"H"," ","U",11,"H"," ","U",17,"H"," ","U",0,"H"," ","U",-6,"H"," ","U",0,"H"," ","U",-6,"H"," ","U",-6,"H"," ","U",NA," "," "," "
"618","USR0000IFEN",2016,11,"TAVG",67," "," ","U",73," "," ","U",63," "," ","U",62," "," ","U",59," "," ","U",69," "," ","U",62," "," ","U",78," "," ","U",72," "," ","U",72," "," ","U",63," "," ","U",72," "," ","U",98," "," ","U",94," "," ","U",96," "," ","U",51," "," ","U",38," "," ","U",23," "," ","U",46," "," ","U",47," "," ","U",65," "," ","U",56," "," ","U",34," "," ","U",34," "," ","U",36," "," ","U",21," "," ","U",11," "," ","U",14," "," ","U",21," "," ","U",12," "," ","U",NA," "," "," "
"619","USR0000IFEN",2016,12,"TMAX",33,"H"," ","U",39,"H"," ","U",33,"H"," ","U",22,"H"," ","U",17,"H"," ","U",-11,"H"," ","U",17,"H"," ","U",-28,"H"," ","U",-22,"H"," ","U",22,"H"," ","U",17,"H"," ","U",22,"H"," ","U",22,"H"," ","U",0,"H"," ","U",-11,"H"," ","U",-28,"H"," ","U",-44,"H"," ","U",-28,"H"," ","U",-28,"H"," ","U",28,"H"," ","U",44,"H"," ","U",17,"H"," ","U",-6,"H"," ","U",17,"H"," ","U",17,"H"," ","U",22,"H"," ","U",0,"H"," ","U",11,"H"," ","U",17,"H"," ","U",22,"H"," ","U",17,"H"," ","U"
"620","USR0000IFEN",2016,12,"TMIN",6,"H"," ","U",11,"H"," ","U",6,"H"," ","U",-6,"H"," ","U",-28,"H"," ","U",-28,"H"," ","U",-83,"H"," ","U",-94,"H"," ","U",-50,"H"," ","U",-28,"H"," ","U",-6,"H"," ","U",0,"H"," ","U",-11,"H"," ","U",-44,"H"," ","U",-44,"H"," ","U",-78,"H"," ","U",-122,"H"," ","U",-94,"H"," ","U",-61,"H"," ","U",-33,"H"," ","U",-11,"H"," ","U",-78,"H"," ","U",-78,"H"," ","U",-33,"H"," ","U",-11,"H"," ","U",-50,"H"," ","U",-22,"H"," ","U",-78,"H"," ","U",-83,"H"," ","U",-22,"H"," ","U",-94,"H"," ","U"
"621","USR0000IFEN",2016,12,"TAVG",17," "," ","U",23," "," ","U",21," "," ","U",16," "," ","U",-10," "," ","U",-20," "," ","U",-38," "," ","U",-60," "," ","U",-33," "," ","U",-6," "," ","U",6," "," ","U",7," "," ","U",-2," "," ","U",-20," "," ","U",-29," "," ","U",-51," "," ","U",-92," "," ","U",-65," "," ","U",-44," "," ","U",3," "," ","U",11," "," ","U",-21," "," ","U",-30," "," ","U",-6," "," ","U",-1," "," ","U",-23," "," ","U",-9," "," ","U",-33," "," ","U",-27," "," ","U",-1," "," ","U",-36," "," ","U"
"622","USR0000IFEN",2017,1,"TMAX",-11,"H"," ","U",0,"H"," ","U",-28,"H"," ","U",-72,"H"," ","U",-78,"H"," ","U",-50,"H"," ","U",-72,"H"," ","U",-6,"H"," ","U",28,"H"," ","U",28,"H"," ","U",33,"H"," ","U",-33,"H"," ","U",28,"H"," ","U",-17,"H"," ","U",17,"H"," ","U",17,"H"," ","U",11,"H"," ","U",44,"H"," ","U",33,"H"," ","U",72,"H"," ","U",56,"H"," ","U",22,"H"," ","U",50,"H"," ","U",28,"H"," ","U",17,"H"," ","U",44,"H"," ","U",44,"H"," ","U",83,"H"," ","U",67,"H"," ","U",83,"H"," ","U",17,"H"," ","U"
"623","USR0000IFEN",2017,1,"TMIN",-94,"H"," ","U",-89,"H"," ","U",-128,"H"," ","U",-156,"H"," ","U",-183,"H","O","U",-156,"H"," ","U",-167,"H","O","U",-72,"H"," ","U",-6,"H"," ","U",0,"H"," ","U",-50,"H"," ","U",-106,"H"," ","U",-133,"H"," ","U",-150,"H","O","U",-144,"H","O","U",-144,"H","O","U",-117,"H"," ","U",-22,"H"," ","U",6,"H"," ","U",-11,"H"," ","U",-11,"H"," ","U",-28,"H"," ","U",-6,"H"," ","U",-33,"H"," ","U",-39,"H"," ","U",-17,"H"," ","U",-67,"H"," ","U",-78,"H"," ","U",-44,"H"," ","U",-22,"H"," ","U",-11,"H"," ","U"
"624","USR0000IFEN",2017,1,"TAVG",-56," "," ","U",-62," "," ","U",-76," "," ","U",-126," "," ","U",-133," "," ","U",-122," "," ","U",-113," "," ","U",-36," "," ","U",8," "," ","U",9," "," ","U",-13," "," ","U",-75," "," ","U",-89," "," ","U",-98," "," ","U",-99," "," ","U",-94," "," ","U",-45," "," ","U",7," "," ","U",11," "," ","U",13," "," ","U",11," "," ","U",-1," "," ","U",14," "," ","U",7," "," ","U",-14," "," ","U",1," "," ","U",-26," "," ","U",-21," "," ","U",-3," "," ","U",11," "," ","U",-1," "," ","U"
"625","USR0000IFEN",2017,2,"TMAX",28,"H"," ","U",28,"H"," ","U",17,"H"," ","U",28,"H"," ","U",39,"H"," ","U",33,"H"," ","U",22,"H"," ","U",11,"H"," ","U",22,"H"," ","U",67,"H"," ","U",72,"H"," ","U",89,"H"," ","U",117,"H"," ","U",128,"H"," ","U",50,"H"," ","U",94,"H"," ","U",94,"H"," ","U",78,"H"," ","U",72,"H"," ","U",94,"H"," ","U",78,"H"," ","U",56,"H"," ","U",28,"H"," ","U",67,"H"," ","U",56,"H"," ","U",28,"H"," ","U",61,"H"," ","U",33,"H"," ","U",NA," "," "," ",NA," "," "," ",NA," "," "," "
"626","USR0000IFEN",2017,2,"TMIN",-83,"H"," ","U",-94,"H"," ","U",-61,"H"," ","U",0,"H"," ","U",6,"H"," ","U",0,"H"," ","U",-17,"H"," ","U",0,"H"," ","U",6,"H"," ","U",6,"H"," ","U",-11,"H"," ","U",-33,"H"," ","U",-39,"H"," ","U",-39,"H"," ","U",-33,"H"," ","U",11,"H"," ","U",0,"H"," ","U",0,"H"," ","U",6,"H"," ","U",11,"H"," ","U",6,"H"," ","U",6,"H"," ","U",0,"H"," ","U",-33,"H"," ","U",-33,"H"," ","U",-6,"H"," ","U",-11,"H"," ","U",-11,"H"," ","U",NA," "," "," ",NA," "," "," ",NA," "," "," "
"627","USR0000IFEN",2017,2,"TAVG",-30," "," ","U",-62," "," ","U",-16," "," ","U",9," "," ","U",13," "," ","U",9," "," ","U",2," "," ","U",4," "," ","U",11," "," ","U",19," "," ","U",14," "," ","U",4," "," ","U",8," "," ","U",10," "," ","U",6," "," ","U",29," "," ","U",31," "," ","U",24," "," ","U",30," "," ","U",34," "," ","U",28," "," ","U",21," "," ","U",12," "," ","U",6," "," ","U",-2," "," ","U",8," "," ","U",12," "," ","U",6," "," ","U",NA," "," "," ",NA," "," "," ",NA," "," "," "
"628","USR0000IFEN",2017,3,"TMAX",56,"H"," ","U",94,"H"," ","U",128,"H"," ","U",117,"H"," ","U",50,"H"," ","U",50,"H"," ","U",61,"H"," ","U",22,"H"," ","U",28,"H"," ","U",139,"H"," ","U",89,"H"," ","U",150,"H"," ","U",139,"H"," ","U",89,"H"," ","U",100,"H"," ","U",128,"H"," ","U",128,"H"," ","U",106,"H"," ","U",117,"H"," ","U",122,"H"," ","U",117,"H"," ","U",144,"H"," ","U",144,"H"," ","U",122,"H"," ","U",133,"H"," ","U",139,"H"," ","U",117,"H"," ","U",133,"H"," ","U",94,"H"," ","U",83,"H"," ","U",156,"H"," ","U"
"629","USR0000IFEN",2017,3,"TMIN",-11,"H"," ","U",0,"H"," ","U",6,"H"," ","U",22,"H"," ","U",0,"H"," ","U",-11,"H"," ","U",0,"H"," ","U",6,"H"," ","U",6,"H"," ","U",17,"H"," ","U",11,"H"," ","U",28,"H"," ","U",28,"H"," ","U",50,"H"," ","U",56,"H"," ","U",33,"H"," ","U",22,"H"," ","U",61,"H"," ","U",50,"H"," ","U",50,"H"," ","U",61,"H"," ","U",61,"H"," ","U",39,"H"," ","U",33,"H"," ","U",50,"H"," ","U",28,"H"," ","U",50,"H"," ","U",44,"H"," ","U",50,"H"," ","U",61,"H"," ","U",56,"H"," ","U"
"630","USR0000IFEN",2017,3,"TAVG",15," "," ","U",33," "," ","U",47," "," ","U",46," "," ","U",18," "," ","U",15," "," ","U",23," "," ","U",15," "," ","U",17," "," ","U",47," "," ","U",42," "," ","U",63," "," ","U",65," "," ","U",67," "," ","U",72," "," ","U",71," "," ","U",73," "," ","U",82," "," ","U",80," "," ","U",75," "," ","U",86," "," ","U",99," "," ","U",86," "," ","U",76," "," ","U",78," "," ","U",79," "," ","U",64," "," ","U",79," "," ","U",77," "," ","U",73," "," ","U",89," "," ","U"
"631","USR0000IFEN",2017,4,"TMAX",172,"H"," ","U",139,"H"," ","U",106,"H"," ","U",178,"H"," ","U",194,"H"," ","U",133,"H"," ","U",206,"H"," ","U",83,"H"," ","U",139,"H"," ","U",133,"H"," ","U",189,"H"," ","U",156,"H"," ","U",128,"H"," ","U",94,"H"," ","U",139,"H"," ","U",211,"H"," ","U",172,"H"," ","U",133,"H"," ","U",217,"H"," ","U",94,"H"," ","U",167,"H"," ","U",239,"H"," ","U",161,"H"," ","U",150,"H"," ","U",156,"H"," ","U",156,"H"," ","U",94,"H"," ","U",94,"H"," ","U",194,"H"," ","U",189,"H"," ","U",NA," "," "," "
"632","USR0000IFEN",2017,4,"TMIN",50,"H"," ","U",44,"H"," ","U",6,"H"," ","U",0,"H"," ","U",44,"H"," ","U",50,"H"," ","U",61,"H"," ","U",44,"H"," ","U",17,"H"," ","U",11,"H"," ","U",6,"H"," ","U",72,"H"," ","U",56,"H"," ","U",33,"H"," ","U",28,"H"," ","U",11,"H"," ","U",61,"H"," ","U",50,"H"," ","U",44,"H"," ","U",61,"H"," ","U",39,"H"," ","U",22,"H"," ","U",72,"H"," ","U",67,"H"," ","U",67,"H"," ","U",61,"H"," ","U",44,"H"," ","U",33,"H"," ","U",22,"H"," ","U",78,"H"," ","U",NA," "," "," "
"633","USR0000IFEN",2017,4,"TAVG",108," "," ","U",81," "," ","U",51," "," ","U",80," "," ","U",104," "," ","U",92," "," ","U",119," "," ","U",65," "," ","U",71," "," ","U",54," "," ","U",99," "," ","U",112," "," ","U",87," "," ","U",57," "," ","U",73," "," ","U",111," "," ","U",109," "," ","U",87," "," ","U",114," "," ","U",72," "," ","U",94," "," ","U",128," "," ","U",107," "," ","U",103," "," ","U",101," "," ","U",89," "," ","U",60," "," ","U",62," "," ","U",109," "," ","U",119," "," ","U",NA," "," "," "
"634","USR0000IFEN",2017,5,"TMAX",172,"H"," ","U",156,"H"," ","U",250,"H"," ","U",328,"H"," ","U",200,"H"," ","U",144,"H"," ","U",161,"H"," ","U",239,"H"," ","U",256,"H"," ","U",289,"H"," ","U",272,"H"," ","U",122,"H"," ","U",161,"H"," ","U",167,"H"," ","U",206,"H"," ","U",150,"H"," ","U",72,"H"," ","U",194,"H"," ","U",244,"H"," ","U",211,"H"," ","U",283,"H"," ","U",311,"H"," ","U",328,"H"," ","U",200,"H"," ","U",189,"H"," ","U",233,"H"," ","U",289,"H"," ","U",322,"H"," ","U",333,"H"," ","U",350,"H"," ","U",283,"H"," ","U"
"635","USR0000IFEN",2017,5,"TMIN",56,"H"," ","U",56,"H"," ","U",44,"H"," ","U",67,"H"," ","U",106,"H"," ","U",83,"H"," ","U",44,"H"," ","U",28,"H"," ","U",44,"H"," ","U",56,"H"," ","U",78,"H"," ","U",50,"H"," ","U",50,"H"," ","U",50,"H"," ","U",33,"H"," ","U",28,"H"," ","U",11,"H"," ","U",50,"H"," ","U",50,"H"," ","U",67,"H"," ","U",78,"H"," ","U",78,"H"," ","U",89,"H"," ","U",100,"H"," ","U",61,"H"," ","U",67,"H"," ","U",67,"H"," ","U",78,"H"," ","U",83,"H"," ","U",89,"H"," ","U",117,"H"," ","U"
"636","USR0000IFEN",2017,5,"TAVG",106," "," ","U",95," "," ","U",139," "," ","U",183," "," ","U",152," "," ","U",109," "," ","U",93," "," ","U",124," "," ","U",146," "," ","U",166," "," ","U",172," "," ","U",88," "," ","U",84," "," ","U",104," "," ","U",115," "," ","U",67," "," ","U",48," "," ","U",110," "," ","U",143," "," ","U",137," "," ","U",170," "," ","U",183," "," ","U",204," "," ","U",153," "," ","U",126," "," ","U",138," "," ","U",171," "," ","U",190," "," ","U",201," "," ","U",211," "," ","U",204," "," ","U"
"637","USR0000IFEN",2017,6,"TMAX",206,"H"," ","U",278,"H"," ","U",344,"H"," ","U",283,"H"," ","U",267,"H"," ","U",311,"H"," ","U",367,"H"," ","U",272,"H"," ","U",194,"H"," ","U",156,"H"," ","U",244,"H"," ","U",233,"H"," ","U",167,"H"," ","U",233,"H"," ","U",233,"H"," ","U",194,"H"," ","U",250,"H"," ","U",261,"H"," ","U",294,"H"," ","U",322,"H"," ","U",278,"H"," ","U",261,"H"," ","U",294,"H"," ","U",333,"H"," ","U",383,"H"," ","U",372,"H"," ","U",306,"H"," ","U",300,"H"," ","U",294,"H"," ","U",333,"H"," ","U",NA," "," "," "
"638","USR0000IFEN",2017,6,"TMIN",133,"H"," ","U",111,"H"," ","U",94,"H"," ","U",117,"H"," ","U",100,"H"," ","U",83,"H"," ","U",94,"H"," ","U",117,"H"," ","U",94,"H"," ","U",56,"H"," ","U",50,"H"," ","U",111,"H"," ","U",89,"H"," ","U",72,"H"," ","U",106,"H"," ","U",128,"H"," ","U",122,"H"," ","U",128,"H"," ","U",106,"H"," ","U",150,"H"," ","U",106,"H"," ","U",78,"H"," ","U",72,"H"," ","U",78,"H"," ","U",106,"H"," ","U",128,"H"," ","U",139,"H"," ","U",117,"H"," ","U",128,"H"," ","U",106,"H"," ","U",NA," "," "," "
"639","USR0000IFEN",2017,6,"TAVG",158," "," ","U",185," "," ","U",206," "," ","U",177," "," ","U",176," "," ","U",178," "," ","U",218," "," ","U",184," "," ","U",133," "," ","U",106," "," ","U",151," "," ","U",179," "," ","U",136," "," ","U",156," "," ","U",161," "," ","U",151," "," ","U",179," "," ","U",177," "," ","U",167," "," ","U",233," "," ","U",196," "," ","U",168," "," ","U",177," "," ","U",199," "," ","U",230," "," ","U",231," "," ","U",221," "," ","U",204," "," ","U",197," "," ","U",212," "," ","U",NA," "," "," "
"640","USR0000IFEN",2017,7,"TMAX",339,"H"," ","U",361,"H"," ","U",339,"H"," ","U",356,"H"," ","U",389,"H"," ","U",406,"H"," ","U",411,"H"," ","U",389,"H"," ","U",378,"H"," ","U",333,"H"," ","U",322,"H"," ","U",361,"H"," ","U",367,"H"," ","U",400,"H"," ","U",378,"H"," ","U",311,"H"," ","U",328,"H"," ","U",356,"H"," ","U",378,"H"," ","U",328,"H"," ","U",333,"H"," ","U",356,"H"," ","U",383,"H"," ","U",361,"H"," ","U",367,"H"," ","U",356,"H"," ","U",367,"H"," ","U",394,"H"," ","U",394,"H"," ","U",378,"H"," ","U",389,"H"," ","U"
"641","USR0000IFEN",2017,7,"TMIN",117,"H"," ","U",139,"H"," ","U",144,"H"," ","U",128,"H"," ","U",133,"H"," ","U",150,"H"," ","U",156,"H"," ","U",150,"H"," ","U",150,"H"," ","U",156,"H"," ","U",139,"H"," ","U",117,"H"," ","U",128,"H"," ","U",144,"H"," ","U",167,"H"," ","U",133,"H"," ","U",100,"H"," ","U",94,"H"," ","U",133,"H"," ","U",128,"H"," ","U",106,"H"," ","U",106,"H"," ","U",128,"H"," ","U",144,"H"," ","U",117,"H"," ","U",122,"H"," ","U",161,"H"," ","U",144,"H"," ","U",156,"H"," ","U",144,"H"," ","U",128,"H"," ","U"
"642","USR0000IFEN",2017,7,"TAVG",222," "," ","U",239," "," ","U",235," "," ","U",228," "," ","U",250," "," ","U",262," "," ","U",259," "," ","U",257," "," ","U",253," "," ","U",233," "," ","U",221," "," ","U",230," "," ","U",241," "," ","U",259," "," ","U",256," "," ","U",222," "," ","U",206," "," ","U",222," "," ","U",243," "," ","U",224," "," ","U",212," "," ","U",224," "," ","U",245," "," ","U",237," "," ","U",231," "," ","U",232," "," ","U",249," "," ","U",260," "," ","U",262," "," ","U",252," "," ","U",239," "," ","U"
"643","USR0000IFEN",2017,8,"TMAX",383,"H"," ","U",394,"H"," ","U",389,"H"," ","U",389,"H"," ","U",344,"H"," ","U",372,"H"," ","U",328,"H"," ","U",372,"H"," ","U",339,"H"," ","U",361,"H"," ","U",344,"H"," ","U",333,"H"," ","U",256,"H"," ","U",300,"H"," ","U",322,"H"," ","U",333,"H"," ","U",339,"H"," ","U",356,"H"," ","U",300,"H"," ","U",311,"H"," ","U",344,"H"," ","U",350,"H"," ","U",344,"H"," ","U",333,"H"," ","U",306,"H"," ","U",344,"H"," ","U",361,"H"," ","U",289,"H"," ","U",361,"H"," ","U",344,"H"," ","U",328,"H"," ","U"
"644","USR0000IFEN",2017,8,"TMIN",117,"H"," ","U",117,"H"," ","U",139,"H"," ","U",139,"H"," ","U",133,"H"," ","U",122,"H"," ","U",122,"H"," ","U",117,"H"," ","U",128,"H"," ","U",133,"H"," ","U",128,"H"," ","U",128,"H"," ","U",156,"H"," ","U",122,"H"," ","U",94,"H"," ","U",94,"H"," ","U",111,"H"," ","U",106,"H"," ","U",117,"H"," ","U",89,"H"," ","U",94,"H"," ","U",100,"H"," ","U",111,"H"," ","U",156,"H"," ","U",122,"H"," ","U",89,"H"," ","U",89,"H"," ","U",106,"H"," ","U",156,"H"," ","U",139,"H"," ","U",139,"H"," ","U"
"645","USR0000IFEN",2017,8,"TAVG",232," "," ","U",236," "," ","U",249," "," ","U",244," "," ","U",219," "," ","U",228," "," ","U",217," "," ","U",223," "," ","U",219," "," ","U",225," "," ","U",216," "," ","U",226," "," ","U",195," "," ","U",202," "," ","U",201," "," ","U",205," "," ","U",212," "," ","U",218," "," ","U",201," "," ","U",193," "," ","U",192," "," ","U",206," "," ","U",222," "," ","U",216," "," ","U",197," "," ","U",193," "," ","U",200," "," ","U",188," "," ","U",228," "," ","U",216," "," ","U",214," "," ","U"
"646","USR0000IFEN",2017,9,"TMAX",350,"H"," ","U",372,"H"," ","U",356,"H"," ","U",328,"H"," ","U",272,"H"," ","U",283,"H"," ","U",278,"H"," ","U",300,"H"," ","U",339,"H"," ","U",306,"H"," ","U",356,"H"," ","U",311,"H"," ","U",311,"H"," ","U",222,"H"," ","U",156,"H"," ","U",233,"H"," ","U",228,"H"," ","U",133,"H"," ","U",128,"H"," ","U",122,"H"," ","U",167,"H"," ","U",144,"H"," ","U",156,"H"," ","U",172,"H"," ","U",178,"H"," ","U",256,"H"," ","U",272,"H"," ","U",278,"H"," ","U",278,"H"," ","U",156,"H"," ","U",NA," "," "," "
"647","USR0000IFEN",2017,9,"TMIN",106,"H"," ","U",111,"H"," ","U",117,"H"," ","U",117,"H"," ","U",111,"H"," ","U",106,"H"," ","U",117,"H"," ","U",150,"H"," ","U",128,"H"," ","U",122,"H"," ","U",106,"H"," ","U",100,"H"," ","U",117,"H"," ","U",117,"H"," ","U",83,"H"," ","U",39,"H"," ","U",44,"H"," ","U",78,"H"," ","U",78,"H"," ","U",67,"H"," ","U",61,"H"," ","U",61,"H"," ","U",50,"H"," ","U",33,"H"," ","U",61,"H"," ","U",83,"H"," ","U",61,"H"," ","U",56,"H"," ","U",61,"H"," ","U",89,"H"," ","U",NA," "," "," "
"648","USR0000IFEN",2017,9,"TAVG",206," "," ","U",216," "," ","U",212," "," ","U",203," "," ","U",175," "," ","U",179," "," ","U",186," "," ","U",210," "," ","U",217," "," ","U",202," "," ","U",197," "," ","U",191," "," ","U",207," "," ","U",164," "," ","U",118," "," ","U",123," "," ","U",132," "," ","U",101," "," ","U",90," "," ","U",79," "," ","U",95," "," ","U",90," "," ","U",96," "," ","U",90," "," ","U",111," "," ","U",143," "," ","U",136," "," ","U",140," "," ","U",143," "," ","U",116," "," ","U",NA," "," "," "
"649","USR0000IFEN",2017,10,"TMAX",100,"H"," ","U",122,"H"," ","U",178,"H"," ","U",172,"H"," ","U",183,"H"," ","U",217,"H"," ","U",150,"H"," ","U",106,"H"," ","U",178,"H"," ","U",139,"H"," ","U",133,"H"," ","U",128,"H"," ","U",128,"H"," ","U",144,"H"," ","U",178,"H"," ","U",189,"H"," ","U",133,"H"," ","U",128,"H"," ","U",167,"H"," ","U",94,"H"," ","U",83,"H"," ","U",122,"H"," ","U",161,"H"," ","U",172,"H"," ","U",178,"H"," ","U",178,"H"," ","U",172,"H"," ","U",183,"H"," ","U",183,"H"," ","U",156,"H"," ","U",83,"H"," ","U"
"650","USR0000IFEN",2017,10,"TMIN",61,"H"," ","U",56,"H"," ","U",39,"H"," ","U",22,"H"," ","U",50,"H"," ","U",39,"H"," ","U",67,"H"," ","U",44,"H"," ","U",28,"H"," ","U",22,"H"," ","U",33,"H"," ","U",39,"H"," ","U",44,"H"," ","U",28,"H"," ","U",6,"H"," ","U",22,"H"," ","U",11,"H"," ","U",44,"H"," ","U",28,"H"," ","U",44,"H"," ","U",39,"H"," ","U",61,"H"," ","U",50,"H"," ","U",22,"H"," ","U",17,"H"," ","U",61,"H"," ","U",44,"H"," ","U",33,"H"," ","U",33,"H"," ","U",-17,"H"," ","U",-28,"H"," ","U"
"651","USR0000IFEN",2017,10,"TAVG",78," "," ","U",83," "," ","U",88," "," ","U",91," "," ","U",106," "," ","U",104," "," ","U",102," "," ","U",68," "," ","U",77," "," ","U",72," "," ","U",66," "," ","U",65," "," ","U",67," "," ","U",69," "," ","U",68," "," ","U",70," "," ","U",69," "," ","U",76," "," ","U",81," "," ","U",58," "," ","U",63," "," ","U",79," "," ","U",84," "," ","U",72," "," ","U",83," "," ","U",103," "," ","U",83," "," ","U",77," "," ","U",84," "," ","U",48," "," ","U",21," "," ","U"
"652","USR0000IFEN",2017,11,"TMAX",50,"H"," ","U",89,"H"," ","U",44,"H"," ","U",56,"H"," ","U",50,"H"," ","U",28,"H"," ","U",56,"H"," ","U",67,"H"," ","U",94,"H"," ","U",78,"H"," ","U",89,"H"," ","U",89,"H"," ","U",117,"H"," ","U",83,"H"," ","U",83,"H"," ","U",67,"H"," ","U",56,"H"," ","U",83,"H"," ","U",44,"H"," ","U",50,"H"," ","U",67,"H"," ","U",100,"H"," ","U",106,"H"," ","U",111,"H"," ","U",67,"H"," ","U",106,"H"," ","U",78,"H"," ","U",72,"H"," ","U",61,"H"," ","U",33,"H"," ","U",NA," "," "," "
"653","USR0000IFEN",2017,11,"TMIN",28,"H"," ","U",28,"H"," ","U",28,"H"," ","U",17,"H"," ","U",6,"H"," ","U",-6,"H"," ","U",-28,"H"," ","U",-11,"H"," ","U",28,"H"," ","U",22,"H"," ","U",28,"H"," ","U",11,"H"," ","U",-6,"H"," ","U",0,"H"," ","U",-11,"H"," ","U",17,"H"," ","U",17,"H"," ","U",-11,"H"," ","U",-17,"H"," ","U",17,"H"," ","U",22,"H"," ","U",56,"H"," ","U",67,"H"," ","U",17,"H"," ","U",-6,"H"," ","U",28,"H"," ","U",28,"H"," ","U",0,"H"," ","U",0,"H"," ","U",-11,"H"," ","U",NA," "," "," "
"654","USR0000IFEN",2017,11,"TAVG",39," "," ","U",50," "," ","U",35," "," ","U",31," "," ","U",27," "," ","U",14," "," ","U",4," "," ","U",23," "," ","U",49," "," ","U",43," "," ","U",56," "," ","U",43," "," ","U",41," "," ","U",38," "," ","U",28," "," ","U",37," "," ","U",28," "," ","U",24," "," ","U",8," "," ","U",34," "," ","U",49," "," ","U",68," "," ","U",86," "," ","U",57," "," ","U",28," "," ","U",58," "," ","U",53," "," ","U",31," "," ","U",29," "," ","U",10," "," ","U",NA," "," "," "
"655","USR0000IFEN",2017,12,"TMAX",78,"H"," ","U",50,"H"," ","U",39,"H"," ","U",33,"H"," ","U",56,"H"," ","U",50,"H"," ","U",33,"H"," ","U",44,"H"," ","U",28,"H"," ","U",17,"H"," ","U",28,"H"," ","U",11,"H"," ","U",11,"H"," ","U",39,"H"," ","U",28,"H"," ","U",6,"H"," ","U",11,"H"," ","U",11,"H"," ","U",22,"H"," ","U",44,"H"," ","U",22,"H"," ","U",6,"H"," ","U",-6,"H"," ","U",-44,"H"," ","U",-28,"H"," ","U",-17,"H"," ","U",-17,"H"," ","U",6,"H"," ","U",6,"H"," ","U",61,"H"," ","U",50,"H"," ","U"
"656","USR0000IFEN",2017,12,"TMIN",6,"H"," ","U",6,"H"," ","U",6,"H"," ","U",-6,"H"," ","U",-28,"H"," ","U",-39,"H"," ","U",-56,"H"," ","U",-56,"H"," ","U",-61,"H"," ","U",-61,"H"," ","U",-61,"H"," ","U",-56,"H"," ","U",-17,"H"," ","U",-17,"H"," ","U",-33,"H"," ","U",-39,"H"," ","U",-56,"H"," ","U",0,"H"," ","U",0,"H"," ","U",0,"H"," ","U",-11,"H"," ","U",-11,"H"," ","U",-100,"H"," ","U",-128,"H"," ","U",-67,"H"," ","U",-61,"H"," ","U",-50,"H"," ","U",-28,"H"," ","U",0,"H"," ","U",0,"H"," ","U",-28,"H"," ","U"
"657","USR0000IFEN",2017,12,"TAVG",23," "," ","U",26," "," ","U",21," "," ","U",6," "," ","U",2," "," ","U",-17," "," ","U",-27," "," ","U",-31," "," ","U",-33," "," ","U",-36," "," ","U",-37," "," ","U",-23," "," ","U",-5," "," ","U",1," "," ","U",-6," "," ","U",-8," "," ","U",-12," "," ","U",2," "," ","U",7," "," ","U",11," "," ","U",0," "," ","U",-3," "," ","U",-36," "," ","U",-83," "," ","U",-48," "," ","U",-42," "," ","U",-32," "," ","U",-12," "," ","U",2," "," ","U",14," "," ","U",1," "," ","U"
"658","USR0000IFEN",2018,1,"TMAX",6,"H"," ","U",22,"H"," ","U",22,"H"," ","U",17,"H"," ","U",33,"H"," ","U",39,"H"," ","U",44,"H"," ","U",50,"H"," ","U",22,"H"," ","U",56,"H"," ","U",28,"H"," ","U",39,"H"," ","U",44,"H"," ","U",89,"H"," ","U",72,"H"," ","U",28,"H"," ","U",67,"H"," ","U",33,"H"," ","U",50,"H"," ","U",56,"H"," ","U",78,"H"," ","U",67,"H"," ","U",61,"H"," ","U",78,"H"," ","U",61,"H"," ","U",50,"H"," ","U",33,"H"," ","U",50,"H"," ","U",72,"H"," ","U",56,"H"," ","U",44,"H"," ","U"
"659","USR0000IFEN",2018,1,"TMIN",-67,"H"," ","U",-78,"H"," ","U",-50,"H"," ","U",-61,"H"," ","U",-11,"H"," ","U",6,"H"," ","U",6,"H"," ","U",0,"H"," ","U",6,"H"," ","U",6,"H"," ","U",0,"H"," ","U",6,"H"," ","U",11,"H"," ","U",-6,"H"," ","U",-11,"H"," ","U",-17,"H"," ","U",-11,"H"," ","U",11,"H"," ","U",0,"H"," ","U",11,"H"," ","U",-6,"H"," ","U",0,"H"," ","U",0,"H"," ","U",17,"H"," ","U",11,"H"," ","U",6,"H"," ","U",-6,"H"," ","U",-6,"H"," ","U",11,"H"," ","U",6,"H"," ","U",0,"H"," ","U"
"660","USR0000IFEN",2018,1,"TAVG",-38," "," ","U",-48," "," ","U",-21," "," ","U",-21," "," ","U",7," "," ","U",14," "," ","U",14," "," ","U",13," "," ","U",12," "," ","U",17," "," ","U",9," "," ","U",17," "," ","U",21," "," ","U",17," "," ","U",11," "," ","U",4," "," ","U",20," "," ","U",22," "," ","U",19," "," ","U",23," "," ","U",29," "," ","U",22," "," ","U",27," "," ","U",33," "," ","U",25," "," ","U",23," "," ","U",15," "," ","U",19," "," ","U",36," "," ","U",29," "," ","U",15," "," ","U"
"661","USR0000IFEN",2018,2,"TMAX",61,"H"," ","U",50,"H"," ","U",67,"H"," ","U",72,"H"," ","U",67,"H"," ","U",94,"H"," ","U",72,"H"," ","U",89,"H"," ","U",83,"H"," ","U",67,"H"," ","U",50,"H"," ","U",50,"H"," ","U",94,"H"," ","U",17,"H"," ","U",67,"H"," ","U",22,"H"," ","U",17,"H"," ","U",33,"H"," ","U",-28,"H"," ","U",-11,"H"," ","U",22,"H"," ","U",0,"H"," ","U",22,"H"," ","U",11,"H"," ","U",17,"H"," ","U",50,"H"," ","U",50,"H"," ","U",89,"H"," ","U",NA," "," "," ",NA," "," "," ",NA," "," "," "
"662","USR0000IFEN",2018,2,"TMIN",0,"H"," ","U",17,"H"," ","U",33,"H"," ","U",44,"H"," ","U",44,"H"," ","U",39,"H"," ","U",44,"H"," ","U",44,"H"," ","U",22,"H"," ","U",-22,"H"," ","U",-28,"H"," ","U",-50,"H"," ","U",-56,"H"," ","U",-11,"H"," ","U",-6,"H"," ","U",-6,"H"," ","U",0,"H"," ","U",-56,"H"," ","U",-78,"H"," ","U",-78,"H"," ","U",-78,"H"," ","U",-72,"H"," ","U",-44,"H"," ","U",-33,"H"," ","U",-28,"H"," ","U",-39,"H"," ","U",-61,"H"," ","U",-11,"H"," ","U",NA," "," "," ",NA," "," "," ",NA," "," "," "
"663","USR0000IFEN",2018,2,"TAVG",28," "," ","U",32," "," ","U",48," "," ","U",56," "," ","U",53," "," ","U",55," "," ","U",54," "," ","U",57," "," ","U",46," "," ","U",12," "," ","U",6," "," ","U",-14," "," ","U",-4," "," ","U",1," "," ","U",12," "," ","U",4," "," ","U",7," "," ","U",0," "," ","U",-61," "," ","U",-55," "," ","U",-39," "," ","U",-36," "," ","U",-22," "," ","U",-17," "," ","U",-3," "," ","U",1," "," ","U",-9," "," ","U",21," "," ","U",NA," "," "," ",NA," "," "," ",NA," "," "," "
"664","USR0000IFEN",2018,3,"TMAX",128,"H"," ","U",50,"H"," ","U",50,"H"," ","U",78,"H"," ","U",83,"H"," ","U",133,"H"," ","U",133,"H"," ","U",122,"H"," ","U",94,"H"," ","U",150,"H"," ","U",178,"H"," ","U",189,"H"," ","U",217,"H"," ","U",83,"H"," ","U",78,"H"," ","U",139,"H"," ","U",72,"H"," ","U",50,"H"," ","U",122,"H"," ","U",144,"H"," ","U",139,"H"," ","U",106,"H"," ","U",133,"H"," ","U",122,"H"," ","U",133,"H"," ","U",111,"H"," ","U",117,"H"," ","U",144,"H"," ","U",150,"H"," ","U",183,"H"," ","U",156,"H"," ","U"
"665","USR0000IFEN",2018,3,"TMIN",0,"H"," ","U",-22,"H"," ","U",-39,"H"," ","U",-11,"H"," ","U",0,"H"," ","U",-22,"H"," ","U",-33,"H"," ","U",0,"H"," ","U",11,"H"," ","U",-6,"H"," ","U",-17,"H"," ","U",-22,"H"," ","U",-22,"H"," ","U",39,"H"," ","U",22,"H"," ","U",11,"H"," ","U",28,"H"," ","U",0,"H"," ","U",11,"H"," ","U",6,"H"," ","U",0,"H"," ","U",33,"H"," ","U",17,"H"," ","U",-11,"H"," ","U",-22,"H"," ","U",6,"H"," ","U",39,"H"," ","U",28,"H"," ","U",11,"H"," ","U",39,"H"," ","U",22,"H"," ","U"
"666","USR0000IFEN",2018,3,"TAVG",44," "," ","U",9," "," ","U",-1," "," ","U",14," "," ","U",21," "," ","U",31," "," ","U",31," "," ","U",44," "," ","U",43," "," ","U",43," "," ","U",43," "," ","U",50," "," ","U",72," "," ","U",57," "," ","U",48," "," ","U",62," "," ","U",43," "," ","U",24," "," ","U",54," "," ","U",58," "," ","U",61," "," ","U",62," "," ","U",62," "," ","U",44," "," ","U",52," "," ","U",56," "," ","U",69," "," ","U",81," "," ","U",74," "," ","U",97," "," ","U",88," "," ","U"
"667","USR0000IFEN",2018,4,"TMAX",117,"H"," ","U",56,"H"," ","U",139,"H"," ","U",106,"H"," ","U",117,"H"," ","U",178,"H"," ","U",150,"H"," ","U",94,"H"," ","U",183,"H"," ","U",106,"H"," ","U",167,"H"," ","U",83,"H"," ","U",150,"H"," ","U",167,"H"," ","U",167,"H"," ","U",133,"H"," ","U",94,"H"," ","U",172,"H"," ","U",211,"H"," ","U",228,"H"," ","U",200,"H"," ","U",178,"H"," ","U",206,"H"," ","U",267,"H"," ","U",272,"H"," ","U",306,"H"," ","U",344,"H"," ","U",167,"H"," ","U",144,"H"," ","U",144,"H"," ","U",NA," "," "," "
"668","USR0000IFEN",2018,4,"TMIN",6,"H"," ","U",0,"H"," ","U",0,"H"," ","U",39,"H"," ","U",56,"H"," ","U",56,"H"," ","U",50,"H"," ","U",56,"H"," ","U",50,"H"," ","U",33,"H"," ","U",67,"H"," ","U",39,"H"," ","U",39,"H"," ","U",50,"H"," ","U",50,"H"," ","U",39,"H"," ","U",28,"H"," ","U",6,"H"," ","U",28,"H"," ","U",17,"H"," ","U",39,"H"," ","U",11,"H"," ","U",11,"H"," ","U",11,"H"," ","U",28,"H"," ","U",33,"H"," ","U",44,"H"," ","U",83,"H"," ","U",72,"H"," ","U",72,"H"," ","U",NA," "," "," "
"669","USR0000IFEN",2018,4,"TAVG",50," "," ","U",23," "," ","U",60," "," ","U",66," "," ","U",83," "," ","U",99," "," ","U",68," "," ","U",67," "," ","U",98," "," ","U",82," "," ","U",98," "," ","U",58," "," ","U",88," "," ","U",93," "," ","U",93," "," ","U",71," "," ","U",57," "," ","U",88," "," ","U",114," "," ","U",113," "," ","U",105," "," ","U",91," "," ","U",102," "," ","U",128," "," ","U",140," "," ","U",153," "," ","U",174," "," ","U",122," "," ","U",98," "," ","U",91," "," ","U",NA," "," "," "
"670","USR0000IFEN",2018,5,"TMAX",167,"H"," ","U",194,"H"," ","U",267,"H"," ","U",294,"H"," ","U",267,"H"," ","U",294,"H"," ","U",228,"H"," ","U",294,"H"," ","U",250,"H"," ","U",172,"H"," ","U",167,"H"," ","U",267,"H"," ","U",278,"H"," ","U",317,"H"," ","U",333,"H"," ","U",256,"H"," ","U",206,"H"," ","U",183,"H"," ","U",278,"H"," ","U",222,"H"," ","U",261,"H"," ","U",311,"H"," ","U",261,"H"," ","U",294,"H"," ","U",311,"H"," ","U",206,"H"," ","U",272,"H"," ","U",283,"H"," ","U",289,"H"," ","U",211,"H"," ","U",161,"H"," ","U"
"671","USR0000IFEN",2018,5,"TMIN",67,"H"," ","U",56,"H"," ","U",44,"H"," ","U",72,"H"," ","U",94,"H"," ","U",94,"H"," ","U",89,"H"," ","U",72,"H"," ","U",100,"H"," ","U",78,"H"," ","U",78,"H"," ","U",83,"H"," ","U",56,"H"," ","U",67,"H"," ","U",72,"H"," ","U",111,"H"," ","U",128,"H"," ","U",117,"H"," ","U",100,"H"," ","U",78,"H"," ","U",128,"H"," ","U",128,"H"," ","U",122,"H"," ","U",111,"H"," ","U",106,"H"," ","U",122,"H"," ","U",106,"H"," ","U",100,"H"," ","U",94,"H"," ","U",111,"H"," ","U",106,"H"," ","U"
"672","USR0000IFEN",2018,5,"TAVG",98," "," ","U",122," "," ","U",146," "," ","U",182," "," ","U",168," "," ","U",167," "," ","U",140," "," ","U",173," "," ","U",151," "," ","U",114," "," ","U",107," "," ","U",154," "," ","U",165," "," ","U",179," "," ","U",193," "," ","U",173," "," ","U",149," "," ","U",144," "," ","U",177," "," ","U",160," "," ","U",178," "," ","U",186," "," ","U",173," "," ","U",188," "," ","U",197," "," ","U",159," "," ","U",185," "," ","U",186," "," ","U",193," "," ","U",154," "," ","U",131," "," ","U"
"673","USR0000IFEN",2018,6,"TMAX",211,"H"," ","U",294,"H"," ","U",322,"H"," ","U",228,"H"," ","U",267,"H"," ","U",306,"H"," ","U",283,"H"," ","U",311,"H"," ","U",222,"H"," ","U",178,"H"," ","U",183,"H"," ","U",272,"H"," ","U",300,"H"," ","U",244,"H"," ","U",278,"H"," ","U",178,"H"," ","U",244,"H"," ","U",217,"H"," ","U",256,"H"," ","U",306,"H"," ","U",256,"H"," ","U",306,"H"," ","U",261,"H"," ","U",333,"H"," ","U",283,"H"," ","U",267,"H"," ","U",311,"H"," ","U",256,"H"," ","U",250,"H"," ","U",289,"H"," ","U",NA," "," "," "
"674","USR0000IFEN",2018,6,"TMIN",72,"H"," ","U",56,"H"," ","U",89,"H"," ","U",100,"H"," ","U",83,"H"," ","U",89,"H"," ","U",106,"H"," ","U",111,"H"," ","U",89,"H"," ","U",67,"H"," ","U",56,"H"," ","U",39,"H"," ","U",94,"H"," ","U",89,"H"," ","U",67,"H"," ","U",122,"H"," ","U",111,"H"," ","U",122,"H"," ","U",144,"H"," ","U",133,"H"," ","U",144,"H"," ","U",133,"H"," ","U",117,"H"," ","U",144,"H"," ","U",117,"H"," ","U",94,"H"," ","U",83,"H"," ","U",117,"H"," ","U",122,"H"," ","U",117,"H"," ","U",NA," "," "," "
"675","USR0000IFEN",2018,6,"TAVG",131," "," ","U",166," "," ","U",201," "," ","U",172," "," ","U",171," "," ","U",185," "," ","U",180," "," ","U",203," "," ","U",152," "," ","U",113," "," ","U",103," "," ","U",151," "," ","U",203," "," ","U",174," "," ","U",176," "," ","U",146," "," ","U",161," "," ","U",164," "," ","U",188," "," ","U",207," "," ","U",187," "," ","U",212," "," ","U",188," "," ","U",226," "," ","U",203," "," ","U",176," "," ","U",190," "," ","U",179," "," ","U",175," "," ","U",198," "," ","U",NA," "," "," "
"676","USR0000IFEN",2018,7,"TMAX",283,"H"," ","U",233,"H"," ","U",239,"H"," ","U",322,"H"," ","U",394,"H"," ","U",339,"H"," ","U",322,"H"," ","U",344,"H"," ","U",372,"H"," ","U",306,"H"," ","U",322,"H"," ","U",344,"H"," ","U",378,"H"," ","U",361,"H"," ","U",361,"H"," ","U",361,"H"," ","U",378,"H"," ","U",356,"H"," ","U",361,"H"," ","U",328,"H"," ","U",328,"H"," ","U",339,"H"," ","U",378,"H"," ","U",389,"H"," ","U",383,"H"," ","U",383,"H"," ","U",378,"H"," ","U",372,"H"," ","U",372,"H"," ","U",383,"H"," ","U",317,"H"," ","U"
"677","USR0000IFEN",2018,7,"TMIN",122,"H"," ","U",89,"H"," ","U",67,"H"," ","U",67,"H"," ","U",111,"H"," ","U",144,"H"," ","U",128,"H"," ","U",117,"H"," ","U",122,"H"," ","U",133,"H"," ","U",117,"H"," ","U",117,"H"," ","U",117,"H"," ","U",133,"H"," ","U",128,"H"," ","U",128,"H"," ","U",117,"H"," ","U",128,"H"," ","U",117,"H"," ","U",122,"H"," ","U",94,"H"," ","U",89,"H"," ","U",94,"H"," ","U",144,"H"," ","U",128,"H"," ","U",122,"H"," ","U",128,"H"," ","U",133,"H"," ","U",133,"H"," ","U",122,"H"," ","U",133,"H"," ","U"
"678","USR0000IFEN",2018,7,"TAVG",199," "," ","U",166," "," ","U",146," "," ","U",179," "," ","U",242," "," ","U",234," "," ","U",224," "," ","U",222," "," ","U",236," "," ","U",217," "," ","U",214," "," ","U",224," "," ","U",237," "," ","U",239," "," ","U",230," "," ","U",217," "," ","U",232," "," ","U",232," "," ","U",232," "," ","U",216," "," ","U",203," "," ","U",207," "," ","U",224," "," ","U",246," "," ","U",241," "," ","U",239," "," ","U",240," "," ","U",242," "," ","U",241," "," ","U",238," "," ","U",217," "," ","U"
"679","USR0000IFEN",2018,8,"TMAX",378,"H"," ","U",356,"H"," ","U",311,"H"," ","U",328,"H"," ","U",339,"H"," ","U",356,"H"," ","U",372,"H"," ","U",394,"H"," ","U",400,"H"," ","U",406,"H"," ","U",372,"H"," ","U",317,"H"," ","U",322,"H"," ","U",350,"H"," ","U",372,"H"," ","U",372,"H"," ","U",356,"H"," ","U",344,"H"," ","U",367,"H"," ","U",172,"H"," ","U",289,"H"," ","U",306,"H"," ","U",322,"H"," ","U",283,"H"," ","U",283,"H"," ","U",194,"H"," ","U",161,"H"," ","U",267,"H"," ","U",322,"H"," ","U",272,"H"," ","U",272,"H"," ","U"
"680","USR0000IFEN",2018,8,"TMIN",150,"H"," ","U",117,"H"," ","U",100,"H"," ","U",106,"H"," ","U",100,"H"," ","U",100,"H"," ","U",111,"H"," ","U",117,"H"," ","U",128,"H"," ","U",133,"H"," ","U",167,"H"," ","U",128,"H"," ","U",100,"H"," ","U",100,"H"," ","U",94,"H"," ","U",128,"H"," ","U",161,"H"," ","U",133,"H"," ","U",117,"H"," ","U",144,"H"," ","U",122,"H"," ","U",111,"H"," ","U",111,"H"," ","U",111,"H"," ","U",78,"H"," ","U",128,"H"," ","U",122,"H"," ","U",100,"H"," ","U",89,"H"," ","U",106,"H"," ","U",100,"H"," ","U"
"681","USR0000IFEN",2018,8,"TAVG",243," "," ","U",224," "," ","U",203," "," ","U",206," "," ","U",211," "," ","U",218," "," ","U",222," "," ","U",235," "," ","U",243," "," ","U",252," "," ","U",249," "," ","U",213," "," ","U",201," "," ","U",206," "," ","U",212," "," ","U",232," "," ","U",234," "," ","U",221," "," ","U",224," "," ","U",156," "," ","U",191," "," ","U",192," "," ","U",196," "," ","U",185," "," ","U",177," "," ","U",150," "," ","U",135," "," ","U",168," "," ","U",180," "," ","U",174," "," ","U",170," "," ","U"
"682","USR0000IFEN",2018,9,"TMAX",283,"H"," ","U",294,"H"," ","U",300,"H"," ","U",300,"H"," ","U",322,"H"," ","U",344,"H"," ","U",328,"H"," ","U",289,"H"," ","U",294,"H"," ","U",278,"H"," ","U",222,"H"," ","U",244,"H"," ","U",194,"H"," ","U",278,"H"," ","U",244,"H"," ","U",256,"H"," ","U",250,"H"," ","U",244,"H"," ","U",239,"H"," ","U",244,"H"," ","U",267,"H"," ","U",233,"H"," ","U",206,"H"," ","U",206,"H"," ","U",239,"H"," ","U",256,"H"," ","U",272,"H"," ","U",278,"H"," ","U",244,"H"," ","U",189,"H"," ","U",NA," "," "," "
"683","USR0000IFEN",2018,9,"TMIN",78,"H"," ","U",78,"H"," ","U",72,"H"," ","U",83,"H"," ","U",78,"H"," ","U",133,"H"," ","U",117,"H"," ","U",117,"H"," ","U",100,"H"," ","U",83,"H"," ","U",106,"H"," ","U",72,"H"," ","U",61,"H"," ","U",56,"H"," ","U",78,"H"," ","U",78,"H"," ","U",50,"H"," ","U",61,"H"," ","U",39,"H"," ","U",39,"H"," ","U",44,"H"," ","U",94,"H"," ","U",50,"H"," ","U",39,"H"," ","U",28,"H"," ","U",28,"H"," ","U",33,"H"," ","U",50,"H"," ","U",56,"H"," ","U",78,"H"," ","U",NA," "," "," "
"684","USR0000IFEN",2018,9,"TAVG",165," "," ","U",166," "," ","U",171," "," ","U",172," "," ","U",187," "," ","U",216," "," ","U",204," "," ","U",188," "," ","U",177," "," ","U",172," "," ","U",154," "," ","U",142," "," ","U",112," "," ","U",142," "," ","U",147," "," ","U",150," "," ","U",133," "," ","U",131," "," ","U",120," "," ","U",123," "," ","U",139," "," ","U",149," "," ","U",125," "," ","U",94," "," ","U",108," "," ","U",116," "," ","U",130," "," ","U",138," "," ","U",138," "," ","U",126," "," ","U",NA," "," "," "
"685","USR0000IFEN",2018,10,"TMAX",228,"H"," ","U",172,"H"," ","U",200,"H"," ","U",128,"H"," ","U",167,"H"," ","U",117,"H"," ","U",167,"H"," ","U",178,"H"," ","U",139,"H"," ","U",128,"H"," ","U",183,"H"," ","U",206,"H"," ","U",144,"H"," ","U",156,"H"," ","U",183,"H"," ","U",189,"H"," ","U",206,"H"," ","U",211,"H"," ","U",206,"H"," ","U",217,"H"," ","U",189,"H"," ","U",211,"H"," ","U",139,"H"," ","U",194,"H"," ","U",178,"H"," ","U",128,"H"," ","U",167,"H"," ","U",106,"H"," ","U",89,"H"," ","U",78,"H"," ","U",61,"H"," ","U"
"686","USR0000IFEN",2018,10,"TMIN",50,"H"," ","U",100,"H"," ","U",44,"H"," ","U",61,"H"," ","U",56,"H"," ","U",83,"H"," ","U",50,"H"," ","U",39,"H"," ","U",78,"H"," ","U",56,"H"," ","U",22,"H"," ","U",6,"H"," ","U",11,"H"," ","U",-11,"H"," ","U",-22,"H"," ","U",-17,"H"," ","U",-6,"H"," ","U",0,"H"," ","U",11,"H"," ","U",6,"H"," ","U",11,"H"," ","U",11,"H"," ","U",28,"H"," ","U",61,"H"," ","U",56,"H"," ","U",89,"H"," ","U",78,"H"," ","U",67,"H"," ","U",56,"H"," ","U",50,"H"," ","U",44,"H"," ","U"
"687","USR0000IFEN",2018,10,"TAVG",137," "," ","U",134," "," ","U",107," "," ","U",86," "," ","U",106," "," ","U",96," "," ","U",100," "," ","U",94," "," ","U",99," "," ","U",86," "," ","U",77," "," ","U",72," "," ","U",64," "," ","U",40," "," ","U",47," "," ","U",56," "," ","U",68," "," ","U",77," "," ","U",77," "," ","U",77," "," ","U",67," "," ","U",79," "," ","U",77," "," ","U",113," "," ","U",108," "," ","U",107," "," ","U",112," "," ","U",84," "," ","U",67," "," ","U",63," "," ","U",55," "," ","U"
"688","USR0000IFEN",2018,11,"TMAX",89,"H"," ","U",156,"H"," ","U",94,"H"," ","U",94,"H"," ","U",100,"H"," ","U",67,"H"," ","U",67,"H"," ","U",67,"H"," ","U",56,"H"," ","U",67,"H"," ","U",44,"H"," ","U",78,"H"," ","U",94,"H"," ","U",56,"H"," ","U",133,"H"," ","U",83,"H"," ","U",100,"H"," ","U",83,"H"," ","U",78,"H"," ","U",78,"H"," ","U",28,"H"," ","U",44,"H"," ","U",78,"H"," ","U",28,"H"," ","U",72,"H"," ","U",56,"H"," ","U",44,"H"," ","U",72,"H"," ","U",83,"H"," ","U",33,"H"," ","U",NA," "," "," "
"689","USR0000IFEN",2018,11,"TMIN",61,"H"," ","U",83,"H"," ","U",72,"H"," ","U",61,"H"," ","U",50,"H"," ","U",39,"H"," ","U",33,"H"," ","U",-6,"H"," ","U",-11,"H"," ","U",-6,"H"," ","U",-17,"H"," ","U",-33,"H"," ","U",-28,"H"," ","U",-22,"H"," ","U",11,"H"," ","U",44,"H"," ","U",0,"H"," ","U",-22,"H"," ","U",-33,"H"," ","U",-39,"H"," ","U",-44,"H"," ","U",-11,"H"," ","U",17,"H"," ","U",17,"H"," ","U",-11,"H"," ","U",-11,"H"," ","U",22,"H"," ","U",28,"H"," ","U",6,"H"," ","U",-6,"H"," ","U",NA," "," "," "
"690","USR0000IFEN",2018,11,"TAVG",75," "," ","U",94," "," ","U",81," "," ","U",75," "," ","U",66," "," ","U",48," "," ","U",46," "," ","U",26," "," ","U",19," "," ","U",24," "," ","U",6," "," ","U",0," "," ","U",15," "," ","U",17," "," ","U",54," "," ","U",57," "," ","U",36," "," ","U",7," "," ","U",-5," "," ","U",-9," "," ","U",-9," "," ","U",12," "," ","U",39," "," ","U",23," "," ","U",11," "," ","U",23," "," ","U",34," "," ","U",47," "," ","U",30," "," ","U",12," "," ","U",NA," "," "," "
"691","USR0000IFEN",2018,12,"TMAX",44,"H"," ","U",39,"H"," ","U",33,"H"," ","U",44,"H"," ","U",6,"H"," ","U",6,"H"," ","U",11,"H"," ","U",-11,"H"," ","U",28,"H"," ","U",0,"H"," ","U",33,"H"," ","U",22,"H"," ","U",44,"H"," ","U",39,"H"," ","U",28,"H"," ","U",17,"H"," ","U",39,"H"," ","U",44,"H"," ","U",56,"H"," ","U",50,"H"," ","U",33,"H"," ","U",28,"H"," ","U",22,"H"," ","U",28,"H"," ","U",22,"H"," ","U",39,"H"," ","U",22,"H"," ","U",28,"H"," ","U",11,"H"," ","U",39,"H"," ","U",0,"H"," ","U"
"692","USR0000IFEN",2018,12,"TMIN",6,"H"," ","U",11,"H"," ","U",-22,"H"," ","U",-56,"H"," ","U",-78,"H"," ","U",-89,"H"," ","U",-94,"H"," ","U",-83,"H"," ","U",-72,"H"," ","U",-33,"H"," ","U",-22,"H"," ","U",0,"H"," ","U",-17,"H"," ","U",-6,"H"," ","U",-22,"H"," ","U",-22,"H"," ","U",6,"H"," ","U",11,"H"," ","U",0,"H"," ","U",0,"H"," ","U",0,"H"," ","U",-11,"H"," ","U",0,"H"," ","U",0,"H"," ","U",0,"H"," ","U",-6,"H"," ","U",-6,"H"," ","U",-11,"H"," ","U",-11,"H"," ","U",0,"H"," ","U",-61,"H"," ","U"
"693","USR0000IFEN",2018,12,"TAVG",22," "," ","U",22," "," ","U",7," "," ","U",-23," "," ","U",-51," "," ","U",-60," "," ","U",-59," "," ","U",-47," "," ","U",-33," "," ","U",-14," "," ","U",10," "," ","U",10," "," ","U",7," "," ","U",11," "," ","U",-8," "," ","U",0," "," ","U",17," "," ","U",26," "," ","U",24," "," ","U",30," "," ","U",12," "," ","U",6," "," ","U",7," "," ","U",8," "," ","U",8," "," ","U",7," "," ","U",3," "," ","U",0," "," ","U",-2," "," ","U",8," "," ","U",-31," "," ","U"
"694","USR0000IFEN",2019,1,"TMAX",-17,"H"," ","U",33,"H"," ","U",44,"H"," ","U",11,"H"," ","U",33,"H"," ","U",44,"H"," ","U",44,"H"," ","U",22,"H"," ","U",39,"H"," ","U",44,"H"," ","U",61,"H"," ","U",78,"H"," ","U",44,"H"," ","U",33,"H"," ","U",-6,"H"," ","U",44,"H"," ","U",33,"H"," ","U",50,"H"," ","U",33,"H"," ","U",33,"H"," ","U",22,"H"," ","U",33,"H"," ","U",17,"H"," ","U",44,"H"," ","U",44,"H"," ","U",78,"H"," ","U",72,"H"," ","U",78,"H"," ","U",72,"H"," ","U",61,"H"," ","U",72,"H"," ","U"
"695","USR0000IFEN",2019,1,"TMIN",-67,"H"," ","U",-44,"H"," ","U",-28,"H"," ","U",-6,"H"," ","U",-11,"H"," ","U",-6,"H"," ","U",-28,"H"," ","U",-28,"H"," ","U",0,"H"," ","U",-6,"H"," ","U",-22,"H"," ","U",-39,"H"," ","U",-61,"H"," ","U",-78,"H"," ","U",-78,"H"," ","U",-67,"H"," ","U",-17,"H"," ","U",6,"H"," ","U",6,"H"," ","U",6,"H"," ","U",-6,"H"," ","U",-11,"H"," ","U",6,"H"," ","U",0,"H"," ","U",6,"H"," ","U",-6,"H"," ","U",-11,"H"," ","U",-11,"H"," ","U",-33,"H"," ","U",-56,"H"," ","U",-44,"H"," ","U"
"696","USR0000IFEN",2019,1,"TAVG",-42," "," ","U",-13," "," ","U",4," "," ","U",2," "," ","U",3," "," ","U",11," "," ","U",4," "," ","U",-3," "," ","U",9," "," ","U",14," "," ","U",4," "," ","U",-7," "," ","U",-35," "," ","U",-47," "," ","U",-43," "," ","U",-25," "," ","U",8," "," ","U",16," "," ","U",22," "," ","U",16," "," ","U",8," "," ","U",7," "," ","U",9," "," ","U",15," "," ","U",21," "," ","U",17," "," ","U",13," "," ","U",16," "," ","U",-3," "," ","U",-16," "," ","U",-6," "," ","U"
"697","USR0000IFEN",2019,2,"TMAX",39,"H"," ","U",50,"H"," ","U",44,"H"," ","U",28,"H"," ","U",0,"H"," ","U",-28,"H"," ","U",11,"H"," ","U",-6,"H"," ","U",33,"H"," ","U",0,"H"," ","U",11,"H"," ","U",17,"H"," ","U",28,"H"," ","U",28,"H"," ","U",50,"H"," ","U",50,"H"," ","U",44,"H"," ","U",17,"H"," ","U",-17,"H"," ","U",61,"H"," ","U",61,"H"," ","U",44,"H"," ","U",61,"H"," ","U",17,"H"," ","U",11,"H"," ","U",28,"H"," ","U",39,"H"," ","U",33,"H"," ","U",NA," "," "," ",NA," "," "," ",NA," "," "," "
"698","USR0000IFEN",2019,2,"TMIN",-33,"H"," ","U",6,"H"," ","U",17,"H"," ","U",-6,"H"," ","U",-28,"H"," ","U",-83,"H"," ","U",-106,"H"," ","U",-67,"H"," ","U",-61,"H"," ","U",-78,"H"," ","U",-33,"H"," ","U",-22,"H"," ","U",0,"H"," ","U",-11,"H"," ","U",0,"H"," ","U",-6,"H"," ","U",-22,"H"," ","U",-39,"H"," ","U",-44,"H"," ","U",-28,"H"," ","U",-28,"H"," ","U",-50,"H"," ","U",-17,"H"," ","U",-33,"H"," ","U",-67,"H"," ","U",-72,"H"," ","U",-44,"H"," ","U",-67,"H"," ","U",NA," "," "," ",NA," "," "," ",NA," "," "," "
"699","USR0000IFEN",2019,2,"TAVG",-1," "," ","U",22," "," ","U",26," "," ","U",10," "," ","U",-17," "," ","U",-42," "," ","U",-58," "," ","U",-34," "," ","U",-21," "," ","U",-47," "," ","U",-15," "," ","U",-3," "," ","U",9," "," ","U",9," "," ","U",16," "," ","U",14," "," ","U",8," "," ","U",-26," "," ","U",-31," "," ","U",-3," "," ","U",-1," "," ","U",-9," "," ","U",8," "," ","U",-7," "," ","U",-39," "," ","U",-34," "," ","U",-25," "," ","U",-12," "," ","U",NA," "," "," ",NA," "," "," ",NA," "," "," "
"700","USR0000IFEN",2019,3,"TMAX",61,"H"," ","U",56,"H"," ","U",28,"H"," ","U",94,"H"," ","U",128,"H"," ","U",161,"H"," ","U",78,"H"," ","U",67,"H"," ","U",78,"H"," ","U",100,"H"," ","U",128,"H"," ","U",33,"H"," ","U",67,"H"," ","U",106,"H"," ","U",128,"H"," ","U",161,"H"," ","U",161,"H"," ","U",178,"H"," ","U",206,"H"," ","U",233,"H"," ","U",200,"H"," ","U",194,"H"," ","U",156,"H"," ","U",128,"H"," ","U",189,"H"," ","U",133,"H"," ","U",156,"H"," ","U",100,"H"," ","U",133,"H"," ","U",172,"H"," ","U",189,"H"," ","U"
"701","USR0000IFEN",2019,3,"TMIN",-78,"H"," ","U",-56,"H"," ","U",-117,"H"," ","U",-94,"H"," ","U",-78,"H"," ","U",0,"H"," ","U",-22,"H"," ","U",-28,"H"," ","U",-50,"H"," ","U",-67,"H"," ","U",-61,"H"," ","U",-39,"H"," ","U",-11,"H"," ","U",-28,"H"," ","U",-22,"H"," ","U",-28,"H"," ","U",-28,"H"," ","U",-28,"H"," ","U",-22,"H"," ","U",-22,"H"," ","U",-22,"H"," ","U",-17,"H"," ","U",28,"H"," ","U",22,"H"," ","U",11,"H"," ","U",22,"H"," ","U",22,"H"," ","U",44,"H"," ","U",44,"H"," ","U",33,"H"," ","U",0,"H"," ","U"
"702","USR0000IFEN",2019,3,"TAVG",-18," "," ","U",-4," "," ","U",-48," "," ","U",-33," "," ","U",-1," "," ","U",37," "," ","U",22," "," ","U",14," "," ","U",1," "," ","U",-1," "," ","U",9," "," ","U",-4," "," ","U",14," "," ","U",21," "," ","U",34," "," ","U",34," "," ","U",37," "," ","U",44," "," ","U",54," "," ","U",65," "," ","U",58," "," ","U",67," "," ","U",63," "," ","U",64," "," ","U",84," "," ","U",61," "," ","U",69," "," ","U",61," "," ","U",74," "," ","U",91," "," ","U",77," "," ","U"
"703","USR0000IFEN",2019,4,"TMAX",200,"H"," ","U",217,"H"," ","U",156,"H"," ","U",139,"H"," ","U",167,"H"," ","U",117,"H"," ","U",83,"H"," ","U",100,"H"," ","U",100,"H"," ","U",89,"H"," ","U",117,"H"," ","U",139,"H"," ","U",156,"H"," ","U",122,"H"," ","U",150,"H"," ","U",150,"H"," ","U",156,"H"," ","U",256,"H"," ","U",250,"H"," ","U",133,"H"," ","U",178,"H"," ","U",222,"H"," ","U",161,"H"," ","U",206,"H"," ","U",228,"H"," ","U",150,"H"," ","U",167,"H"," ","U",133,"H"," ","U",161,"H"," ","U",167,"H"," ","U",NA," "," "," "
"704","USR0000IFEN",2019,4,"TMIN",0,"H"," ","U",17,"H"," ","U",67,"H"," ","U",67,"H"," ","U",56,"H"," ","U",33,"H"," ","U",56,"H"," ","U",61,"H"," ","U",39,"H"," ","U",39,"H"," ","U",44,"H"," ","U",50,"H"," ","U",50,"H"," ","U",44,"H"," ","U",39,"H"," ","U",56,"H"," ","U",50,"H"," ","U",33,"H"," ","U",61,"H"," ","U",100,"H"," ","U",89,"H"," ","U",67,"H"," ","U",89,"H"," ","U",44,"H"," ","U",22,"H"," ","U",50,"H"," ","U",33,"H"," ","U",28,"H"," ","U",6,"H"," ","U",-6,"H"," ","U",NA," "," "," "
"705","USR0000IFEN",2019,4,"TAVG",84," "," ","U",109," "," ","U",94," "," ","U",96," "," ","U",106," "," ","U",68," "," ","U",71," "," ","U",81," "," ","U",73," "," ","U",54," "," ","U",66," "," ","U",84," "," ","U",91," "," ","U",79," "," ","U",83," "," ","U",87," "," ","U",92," "," ","U",127," "," ","U",149," "," ","U",117," "," ","U",117," "," ","U",132," "," ","U",115," "," ","U",127," "," ","U",120," "," ","U",89," "," ","U",82," "," ","U",66," "," ","U",66," "," ","U",72," "," ","U",NA," "," "," "
"706","USR0000IFEN",2019,5,"TMAX",194,"H"," ","U",178,"H"," ","U",233,"H"," ","U",250,"H"," ","U",261,"H"," ","U",261,"H"," ","U",239,"H"," ","U",244,"H"," ","U",250,"H"," ","U",278,"H"," ","U",311,"H"," ","U",300,"H"," ","U",272,"H"," ","U",289,"H"," ","U",217,"H"," ","U",256,"H"," ","U",128,"H"," ","U",189,"H"," ","U",228,"H"," ","U",206,"H"," ","U",200,"H"," ","U",222,"H"," ","U",256,"H"," ","U",178,"H"," ","U",200,"H"," ","U",228,"H"," ","U",261,"H"," ","U",289,"H"," ","U",306,"H"," ","U",289,"H"," ","U",311,"H"," ","U"
"707","USR0000IFEN",2019,5,"TMIN",-11,"H"," ","U",33,"H"," ","U",6,"H"," ","U",44,"H"," ","U",61,"H"," ","U",61,"H"," ","U",67,"H"," ","U",61,"H"," ","U",44,"H"," ","U",39,"H"," ","U",56,"H"," ","U",72,"H"," ","U",78,"H"," ","U",78,"H"," ","U",111,"H"," ","U",100,"H"," ","U",94,"H"," ","U",89,"H"," ","U",78,"H"," ","U",56,"H"," ","U",94,"H"," ","U",78,"H"," ","U",50,"H"," ","U",83,"H"," ","U",94,"H"," ","U",100,"H"," ","U",83,"H"," ","U",78,"H"," ","U",89,"H"," ","U",122,"H"," ","U",106,"H"," ","U"
"708","USR0000IFEN",2019,5,"TAVG",92," "," ","U",105," "," ","U",121," "," ","U",143," "," ","U",160," "," ","U",154," "," ","U",133," "," ","U",142," "," ","U",139," "," ","U",151," "," ","U",172," "," ","U",179," "," ","U",169," "," ","U",180," "," ","U",162," "," ","U",159," "," ","U",114," "," ","U",126," "," ","U",146," "," ","U",137," "," ","U",128," "," ","U",138," "," ","U",154," "," ","U",124," "," ","U",144," "," ","U",146," "," ","U",162," "," ","U",174," "," ","U",190," "," ","U",181," "," ","U",188," "," ","U"
"709","USR0000IFEN",2019,6,"TMAX",306,"H"," ","U",328,"H"," ","U",300,"H"," ","U",294,"H"," ","U",322,"H"," ","U",183,"H"," ","U",167,"H"," ","U",183,"H"," ","U",261,"H"," ","U",294,"H"," ","U",311,"H"," ","U",339,"H"," ","U",333,"H"," ","U",306,"H"," ","U",322,"H"," ","U",328,"H"," ","U",322,"H"," ","U",306,"H"," ","U",244,"H"," ","U",150,"H"," ","U",183,"H"," ","U",244,"H"," ","U",244,"H"," ","U",261,"H"," ","U",283,"H"," ","U",300,"H"," ","U",244,"H"," ","U",233,"H"," ","U",311,"H"," ","U",311,"H"," ","U",NA," "," "," "
"710","USR0000IFEN",2019,6,"TMIN",111,"H"," ","U",111,"H"," ","U",111,"H"," ","U",94,"H"," ","U",83,"H"," ","U",72,"H"," ","U",72,"H"," ","U",61,"H"," ","U",50,"H"," ","U",94,"H"," ","U",111,"H"," ","U",106,"H"," ","U",133,"H"," ","U",122,"H"," ","U",100,"H"," ","U",117,"H"," ","U",122,"H"," ","U",128,"H"," ","U",111,"H"," ","U",78,"H"," ","U",72,"H"," ","U",72,"H"," ","U",100,"H"," ","U",100,"H"," ","U",83,"H"," ","U",100,"H"," ","U",94,"H"," ","U",83,"H"," ","U",94,"H"," ","U",89,"H"," ","U",NA," "," "," "
"711","USR0000IFEN",2019,6,"TAVG",201," "," ","U",210," "," ","U",203," "," ","U",189," "," ","U",201," "," ","U",131," "," ","U",107," "," ","U",112," "," ","U",149," "," ","U",187," "," ","U",204," "," ","U",216," "," ","U",224," "," ","U",207," "," ","U",203," "," ","U",218," "," ","U",217," "," ","U",209," "," ","U",177," "," ","U",102," "," ","U",113," "," ","U",144," "," ","U",164," "," ","U",172," "," ","U",157," "," ","U",181," "," ","U",161," "," ","U",157," "," ","U",193," "," ","U",194," "," ","U",NA," "," "," "
"712","USR0000IFEN",2019,7,"TMAX",333,"H"," ","U",278,"H"," ","U",272,"H"," ","U",306,"H"," ","U",344,"H"," ","U",317,"H"," ","U",283,"H"," ","U",261,"H"," ","U",322,"H"," ","U",289,"H"," ","U",328,"H"," ","U",356,"H"," ","U",344,"H"," ","U",328,"H"," ","U",306,"H"," ","U",306,"H"," ","U",289,"H"," ","U",283,"H"," ","U",261,"H"," ","U",300,"H"," ","U",344,"H"," ","U",333,"H"," ","U",339,"H"," ","U",300,"H"," ","U",339,"H"," ","U",361,"H"," ","U",344,"H"," ","U",339,"H"," ","U",356,"H"," ","U",350,"H"," ","U",361,"H"," ","U"
"713","USR0000IFEN",2019,7,"TMIN",117,"H"," ","U",133,"H"," ","U",122,"H"," ","U",100,"H"," ","U",100,"H"," ","U",128,"H"," ","U",128,"H"," ","U",111,"H"," ","U",100,"H"," ","U",156,"H"," ","U",133,"H"," ","U",156,"H"," ","U",156,"H"," ","U",167,"H"," ","U",133,"H"," ","U",133,"H"," ","U",122,"H"," ","U",117,"H"," ","U",83,"H"," ","U",72,"H"," ","U",72,"H"," ","U",117,"H"," ","U",150,"H"," ","U",117,"H"," ","U",83,"H"," ","U",89,"H"," ","U",122,"H"," ","U",117,"H"," ","U",117,"H"," ","U",128,"H"," ","U",128,"H"," ","U"
"714","USR0000IFEN",2019,7,"TAVG",217," "," ","U",185," "," ","U",188," "," ","U",192," "," ","U",213," "," ","U",214," "," ","U",191," "," ","U",173," "," ","U",206," "," ","U",217," "," ","U",233," "," ","U",248," "," ","U",243," "," ","U",233," "," ","U",214," "," ","U",212," "," ","U",200," "," ","U",197," "," ","U",168," "," ","U",177," "," ","U",200," "," ","U",208," "," ","U",241," "," ","U",221," "," ","U",198," "," ","U",207," "," ","U",227," "," ","U",220," "," ","U",222," "," ","U",213," "," ","U",233," "," ","U"
"715","USR0000IFEN",2019,8,"TMAX",372,"H"," ","U",361,"H"," ","U",350,"H"," ","U",372,"H"," ","U",378,"H"," ","U",389,"H"," ","U",406,"H"," ","U",356,"H"," ","U",328,"H"," ","U",300,"H"," ","U",194,"H"," ","U",294,"H"," ","U",333,"H"," ","U",333,"H"," ","U",333,"H"," ","U",311,"H"," ","U",283,"H"," ","U",344,"H"," ","U",350,"H"," ","U",367,"H"," ","U",356,"H"," ","U",250,"H"," ","U",322,"H"," ","U",333,"H"," ","U",267,"H"," ","U",300,"H"," ","U",322,"H"," ","U",378,"H"," ","U",294,"H"," ","U",344,"H"," ","U",372,"H"," ","U"
"716","USR0000IFEN",2019,8,"TMIN",128,"H"," ","U",150,"H"," ","U",150,"H"," ","U",133,"H"," ","U",150,"H"," ","U",144,"H"," ","U",156,"H"," ","U",156,"H"," ","U",183,"H"," ","U",144,"H"," ","U",144,"H"," ","U",133,"H"," ","U",117,"H"," ","U",122,"H"," ","U",128,"H"," ","U",128,"H"," ","U",122,"H"," ","U",106,"H"," ","U",111,"H"," ","U",122,"H"," ","U",133,"H"," ","U",133,"H"," ","U",122,"H"," ","U",128,"H"," ","U",106,"H"," ","U",106,"H"," ","U",83,"H"," ","U",89,"H"," ","U",117,"H"," ","U",128,"H"," ","U",133,"H"," ","U"
"717","USR0000IFEN",2019,8,"TAVG",232," "," ","U",244," "," ","U",238," "," ","U",239," "," ","U",245," "," ","U",240," "," ","U",257," "," ","U",248," "," ","U",236," "," ","U",208," "," ","U",163," "," ","U",200," "," ","U",209," "," ","U",214," "," ","U",216," "," ","U",211," "," ","U",198," "," ","U",206," "," ","U",217," "," ","U",224," "," ","U",241," "," ","U",191," "," ","U",208," "," ","U",212," "," ","U",181," "," ","U",189," "," ","U",184," "," ","U",206," "," ","U",196," "," ","U",221," "," ","U",231," "," ","U"
"718","USR0000IFEN",2019,9,"TMAX",356,"H"," ","U",339,"H"," ","U",367,"H"," ","U",344,"H"," ","U",344,"H"," ","U",267,"H"," ","U",322,"H"," ","U",172,"H"," ","U",222,"H"," ","U",250,"H"," ","U",250,"H"," ","U",283,"H"," ","U",289,"H"," ","U",283,"H"," ","U",306,"H"," ","U",228,"H"," ","U",211,"H"," ","U",156,"H"," ","U",211,"H"," ","U",183,"H"," ","U",222,"H"," ","U",278,"H"," ","U",233,"H"," ","U",267,"H"," ","U",228,"H"," ","U",117,"H"," ","U",228,"H"," ","U",111,"H"," ","U",78,"H"," ","U",139,"H"," ","U",NA," "," "," "
"719","USR0000IFEN",2019,9,"TMIN",133,"H"," ","U",128,"H"," ","U",117,"H"," ","U",133,"H"," ","U",111,"H"," ","U",150,"H"," ","U",144,"H"," ","U",139,"H"," ","U",111,"H"," ","U",100,"H"," ","U",106,"H"," ","U",89,"H"," ","U",94,"H"," ","U",100,"H"," ","U",106,"H"," ","U",94,"H"," ","U",100,"H"," ","U",100,"H"," ","U",100,"H"," ","U",106,"H"," ","U",100,"H"," ","U",83,"H"," ","U",133,"H"," ","U",117,"H"," ","U",72,"H"," ","U",56,"H"," ","U",94,"H"," ","U",39,"H"," ","U",39,"H"," ","U",22,"H"," ","U",NA," "," "," "
"720","USR0000IFEN",2019,9,"TAVG",229," "," ","U",219," "," ","U",221," "," ","U",219," "," ","U",214," "," ","U",192," "," ","U",207," "," ","U",154," "," ","U",150," "," ","U",154," "," ","U",156," "," ","U",162," "," ","U",166," "," ","U",177," "," ","U",184," "," ","U",164," "," ","U",139," "," ","U",123," "," ","U",134," "," ","U",133," "," ","U",146," "," ","U",162," "," ","U",166," "," ","U",172," "," ","U",134," "," ","U",92," "," ","U",141," "," ","U",71," "," ","U",53," "," ","U",72," "," ","U",NA," "," "," "
"721","USR0000IFEN",2019,10,"TMAX",139,"H"," ","U",183,"H"," ","U",178,"H"," ","U",128,"H"," ","U",128,"H"," ","U",183,"H"," ","U",217,"H"," ","U",100,"H"," ","U",61,"H"," ","U",106,"H"," ","U",150,"H"," ","U",178,"H"," ","U",167,"H"," ","U",172,"H"," ","U",189,"H"," ","U",217,"H"," ","U",128,"H"," ","U",150,"H"," ","U",61,"H"," ","U",122,"H"," ","U",106,"H"," ","U",128,"H"," ","U",150,"H"," ","U",156,"H"," ","U",183,"H"," ","U",106,"H"," ","U",100,"H"," ","U",33,"H"," ","U",28,"H"," ","U",56,"H"," ","U",67,"H"," ","U"
"722","USR0000IFEN",2019,10,"TMIN",39,"H"," ","U",33,"H"," ","U",22,"H"," ","U",56,"H"," ","U",56,"H"," ","U",28,"H"," ","U",28,"H"," ","U",44,"H"," ","U",22,"H"," ","U",-11,"H"," ","U",-17,"H"," ","U",-6,"H"," ","U",6,"H"," ","U",22,"H"," ","U",6,"H"," ","U",56,"H"," ","U",56,"H"," ","U",33,"H"," ","U",17,"H"," ","U",22,"H"," ","U",44,"H"," ","U",61,"H"," ","U",11,"H"," ","U",6,"H"," ","U",11,"H"," ","U",22,"H"," ","U",-28,"H"," ","U",-33,"H"," ","U",-83,"H"," ","U",-89,"H"," ","U",-61,"H"," ","U"
"723","USR0000IFEN",2019,10,"TAVG",80," "," ","U",83," "," ","U",93," "," ","U",89," "," ","U",76," "," ","U",86," "," ","U",95," "," ","U",76," "," ","U",38," "," ","U",37," "," ","U",40," "," ","U",56," "," ","U",72," "," ","U",83," "," ","U",79," "," ","U",108," "," ","U",74," "," ","U",81," "," ","U",40," "," ","U",59," "," ","U",70," "," ","U",85," "," ","U",64," "," ","U",57," "," ","U",88," "," ","U",58," "," ","U",19," "," ","U",-9," "," ","U",-41," "," ","U",-31," "," ","U",-20," "," ","U"
"724","USR0000IFEN",2019,11,"TMAX",94,"H"," ","U",100,"H"," ","U",100,"H"," ","U",128,"H"," ","U",144,"H"," ","U",122,"H"," ","U",106,"H"," ","U",128,"H"," ","U",100,"H"," ","U",83,"H"," ","U",100,"H"," ","U",72,"H"," ","U",111,"H"," ","U",128,"H"," ","U",89,"H"," ","U",117,"H"," ","U",72,"H"," ","U",128,"H"," ","U",106,"H"," ","U",100,"H"," ","U",89,"H"," ","U",67,"H"," ","U",67,"H"," ","U",67,"H"," ","U",33,"H"," ","U",44,"H"," ","U",67,"H"," ","U",56,"H"," ","U",-22,"H"," ","U",28,"H"," ","U",NA," "," "," "
"725","USR0000IFEN",2019,11,"TMIN",-67,"H"," ","U",-56,"H"," ","U",-39,"H"," ","U",-17,"H"," ","U",-28,"H"," ","U",-28,"H"," ","U",-28,"H"," ","U",-33,"H"," ","U",-28,"H"," ","U",44,"H"," ","U",22,"H"," ","U",6,"H"," ","U",33,"H"," ","U",6,"H"," ","U",17,"H"," ","U",56,"H"," ","U",56,"H"," ","U",56,"H"," ","U",61,"H"," ","U",22,"H"," ","U",-11,"H"," ","U",-22,"H"," ","U",-22,"H"," ","U",-6,"H"," ","U",0,"H"," ","U",-17,"H"," ","U",-22,"H"," ","U",-56,"H"," ","U",-61,"H"," ","U",-72,"H"," ","U",NA," "," "," "
"726","USR0000IFEN",2019,11,"TAVG",-15," "," ","U",-2," "," ","U",12," "," ","U",34," "," ","U",21," "," ","U",13," "," ","U",10," "," ","U",15," "," ","U",32," "," ","U",59," "," ","U",46," "," ","U",40," "," ","U",59," "," ","U",46," "," ","U",49," "," ","U",71," "," ","U",66," "," ","U",77," "," ","U",70," "," ","U",62," "," ","U",16," "," ","U",-2," "," ","U",3," "," ","U",19," "," ","U",16," "," ","U",4," "," ","U",12," "," ","U",-21," "," ","U",-39," "," ","U",-38," "," ","U",NA," "," "," "
"727","USR0000IFEN",2019,12,"TMAX",17,"H"," ","U",39,"H"," ","U",78,"H"," ","U",72,"H"," ","U",72,"H"," ","U",39,"H"," ","U",33,"H"," ","U",50,"H"," ","U",39,"H"," ","U",67,"H"," ","U",22,"H"," ","U",56,"H"," ","U",56,"H"," ","U",17,"H"," ","U",22,"H"," ","U",39,"H"," ","U",6,"H"," ","U",-11,"H"," ","U",39,"H"," ","U",11,"H"," ","U",17,"H"," ","U",44,"H"," ","U",39,"H"," ","U",50,"H"," ","U",33,"H"," ","U",17,"H"," ","U",6,"H"," ","U",39,"H"," ","U",17,"H"," ","U",33,"H"," ","U",28,"H"," ","U"
"728","USR0000IFEN",2019,12,"TMIN",-78,"H"," ","U",-11,"H"," ","U",-11,"H"," ","U",-22,"H"," ","U",-17,"H"," ","U",-17,"H"," ","U",-11,"H"," ","U",6,"H"," ","U",-6,"H"," ","U",-28,"H"," ","U",-17,"H"," ","U",6,"H"," ","U",17,"H"," ","U",0,"H"," ","U",0,"H"," ","U",-22,"H"," ","U",-56,"H"," ","U",-72,"H"," ","U",-33,"H"," ","U",0,"H"," ","U",0,"H"," ","U",0,"H"," ","U",-6,"H"," ","U",0,"H"," ","U",-22,"H"," ","U",-44,"H"," ","U",-33,"H"," ","U",-17,"H"," ","U",-6,"H"," ","U",0,"H"," ","U",0,"H"," ","U"
"729","USR0000IFEN",2019,12,"TAVG",-20," "," ","U",5," "," ","U",12," "," ","U",13," "," ","U",10," "," ","U",1," "," ","U",12," "," ","U",27," "," ","U",6," "," ","U",-4," "," ","U",2," "," ","U",24," "," ","U",32," "," ","U",6," "," ","U",3," "," ","U",-3," "," ","U",-28," "," ","U",-43," "," ","U",-6," "," ","U",6," "," ","U",6," "," ","U",6," "," ","U",9," "," ","U",13," "," ","U",-3," "," ","U",-19," "," ","U",-18," "," ","U",0," "," ","U",1," "," ","U",10," "," ","U",14," "," ","U"
"730","USR0000IFEN",2020,1,"TMAX",33,"H"," ","U",39,"H"," ","U",61,"H"," ","U",50,"H"," ","U",50,"H"," ","U",22,"H"," ","U",44,"H"," ","U",44,"H"," ","U",22,"H"," ","U",0,"H"," ","U",11,"H"," ","U",22,"H"," ","U",11,"H"," ","U",22,"H"," ","U",-6,"H"," ","U",44,"H"," ","U",28,"H"," ","U",17,"H"," ","U",94,"H"," ","U",39,"H"," ","U",28,"H"," ","U",72,"H"," ","U",44,"H"," ","U",61,"H"," ","U",39,"H"," ","U",50,"H"," ","U",94,"H"," ","U",50,"H"," ","U",72,"H"," ","U",94,"H"," ","U",56,"H"," ","U"
"731","USR0000IFEN",2020,1,"TMIN",6,"H"," ","U",11,"H"," ","U",11,"H"," ","U",-6,"H"," ","U",-11,"H"," ","U",6,"H"," ","U",11,"H"," ","U",11,"H"," ","U",-6,"H"," ","U",-28,"H"," ","U",-17,"H"," ","U",0,"H"," ","U",-22,"H"," ","U",-56,"H"," ","U",-72,"H"," ","U",-28,"H"," ","U",-6,"H"," ","U",-22,"H"," ","U",-22,"H"," ","U",-28,"H"," ","U",-6,"H"," ","U",6,"H"," ","U",6,"H"," ","U",6,"H"," ","U",11,"H"," ","U",6,"H"," ","U",11,"H"," ","U",11,"H"," ","U",11,"H"," ","U",6,"H"," ","U",11,"H"," ","U"
"732","USR0000IFEN",2020,1,"TAVG",16," "," ","U",19," "," ","U",27," "," ","U",19," "," ","U",8," "," ","U",12," "," ","U",22," "," ","U",22," "," ","U",6," "," ","U",-10," "," ","U",0," "," ","U",8," "," ","U",-7," "," ","U",-14," "," ","U",-38," "," ","U",6," "," ","U",3," "," ","U",-3," "," ","U",-1," "," ","U",11," "," ","U",8," "," ","U",19," "," ","U",23," "," ","U",21," "," ","U",22," "," ","U",23," "," ","U",31," "," ","U",26," "," ","U",37," "," ","U",34," "," ","U",37," "," ","U"
"733","USR0000IFEN",2020,2,"TMAX",78,"H"," ","U",39,"H"," ","U",22,"H"," ","U",28,"H"," ","U",11,"H"," ","U",11,"H"," ","U",22,"H"," ","U",33,"H"," ","U",39,"H"," ","U",72,"H"," ","U",122,"H"," ","U",72,"H"," ","U",111,"H"," ","U",56,"H"," ","U",39,"H"," ","U",28,"H"," ","U",72,"H"," ","U",72,"H"," ","U",89,"H"," ","U",89,"H"," ","U",100,"H"," ","U",117,"H"," ","U",72,"H"," ","U",39,"H"," ","U",83,"H"," ","U",83,"H"," ","U",139,"H"," ","U",161,"H"," ","U",106,"H"," ","U",NA," "," "," ",NA," "," "," "
"734","USR0000IFEN",2020,2,"TMIN",28,"H"," ","U",-11,"H"," ","U",-28,"H"," ","U",-28,"H"," ","U",-11,"H"," ","U",0,"H"," ","U",0,"H"," ","U",6,"H"," ","U",6,"H"," ","U",-6,"H"," ","U",-17,"H"," ","U",6,"H"," ","U",-11,"H"," ","U",6,"H"," ","U",6,"H"," ","U",0,"H"," ","U",0,"H"," ","U",-28,"H"," ","U",-44,"H"," ","U",-39,"H"," ","U",-50,"H"," ","U",-39,"H"," ","U",-17,"H"," ","U",0,"H"," ","U",-17,"H"," ","U",0,"H"," ","U",-6,"H"," ","U",-17,"H"," ","U",6,"H"," ","U",NA," "," "," ",NA," "," "," "
"735","USR0000IFEN",2020,2,"TAVG",47," "," ","U",12," "," ","U",-7," "," ","U",-2," "," ","U",-1," "," ","U",5," "," ","U",8," "," ","U",13," "," ","U",13," "," ","U",14," "," ","U",21," "," ","U",23," "," ","U",31," "," ","U",20," "," ","U",18," "," ","U",11," "," ","U",18," "," ","U",6," "," ","U",-2," "," ","U",-1," "," ","U",4," "," ","U",15," "," ","U",15," "," ","U",13," "," ","U",20," "," ","U",35," "," ","U",45," "," ","U",45," "," ","U",36," "," ","U",NA," "," "," ",NA," "," "," "
"736","USR0000IFEN",2020,3,"TMAX",100,"H"," ","U",44,"H"," ","U",139,"H"," ","U",106,"H"," ","U",144,"H"," ","U",144,"H"," ","U",122,"H"," ","U",117,"H"," ","U",117,"H"," ","U",161,"H"," ","U",167,"H"," ","U",122,"H"," ","U",128,"H"," ","U",83,"H"," ","U",50,"H"," ","U",156,"H"," ","U",161,"H"," ","U",133,"H"," ","U",189,"H"," ","U",172,"H"," ","U",178,"H"," ","U",178,"H"," ","U",111,"H"," ","U",106,"H"," ","U",83,"H"," ","U",94,"H"," ","U",83,"H"," ","U",156,"H"," ","U",111,"H"," ","U",106,"H"," ","U",72,"H"," ","U"
"737","USR0000IFEN",2020,3,"TMIN",-22,"H"," ","U",-17,"H"," ","U",11,"H"," ","U",-17,"H"," ","U",-22,"H"," ","U",-6,"H"," ","U",11,"H"," ","U",17,"H"," ","U",0,"H"," ","U",-17,"H"," ","U",17,"H"," ","U",-22,"H"," ","U",-28,"H"," ","U",6,"H"," ","U",0,"H"," ","U",-6,"H"," ","U",0,"H"," ","U",6,"H"," ","U",-6,"H"," ","U",-11,"H"," ","U",-17,"H"," ","U",-6,"H"," ","U",0,"H"," ","U",33,"H"," ","U",11,"H"," ","U",6,"H"," ","U",22,"H"," ","U",33,"H"," ","U",22,"H"," ","U",6,"H"," ","U",6,"H"," ","U"
"738","USR0000IFEN",2020,3,"TAVG",26," "," ","U",11," "," ","U",47," "," ","U",34," "," ","U",42," "," ","U",52," "," ","U",44," "," ","U",53," "," ","U",48," "," ","U",56," "," ","U",72," "," ","U",35," "," ","U",39," "," ","U",42," "," ","U",12," "," ","U",50," "," ","U",66," "," ","U",66," "," ","U",67," "," ","U",64," "," ","U",61," "," ","U",71," "," ","U",50," "," ","U",55," "," ","U",36," "," ","U",43," "," ","U",46," "," ","U",77," "," ","U",61," "," ","U",46," "," ","U",22," "," ","U"
"739","USR0000IFEN",2020,4,"TMAX",78,"H"," ","U",89,"H"," ","U",89,"H"," ","U",139,"H"," ","U",172,"H"," ","U",183,"H"," ","U",194,"H"," ","U",222,"H"," ","U",244,"H"," ","U",244,"H"," ","U",167,"H"," ","U",122,"H"," ","U",139,"H"," ","U",139,"H"," ","U",139,"H"," ","U",167,"H"," ","U",222,"H"," ","U",206,"H"," ","U",211,"H"," ","U",244,"H"," ","U",239,"H"," ","U",189,"H"," ","U",144,"H"," ","U",189,"H"," ","U",228,"H"," ","U",228,"H"," ","U",233,"H"," ","U",244,"H"," ","U",272,"H"," ","U",144,"H"," ","U",NA," "," "," "
"740","USR0000IFEN",2020,4,"TMIN",6,"H"," ","U",-6,"H"," ","U",-6,"H"," ","U",17,"H"," ","U",39,"H"," ","U",22,"H"," ","U",17,"H"," ","U",6,"H"," ","U",6,"H"," ","U",17,"H"," ","U",11,"H"," ","U",-22,"H"," ","U",-28,"H"," ","U",-11,"H"," ","U",0,"H"," ","U",-22,"H"," ","U",-22,"H"," ","U",6,"H"," ","U",39,"H"," ","U",22,"H"," ","U",28,"H"," ","U",28,"H"," ","U",72,"H"," ","U",61,"H"," ","U",44,"H"," ","U",67,"H"," ","U",72,"H"," ","U",67,"H"," ","U",50,"H"," ","U",56,"H"," ","U",NA," "," "," "
"741","USR0000IFEN",2020,4,"TAVG",33," "," ","U",31," "," ","U",43," "," ","U",72," "," ","U",98," "," ","U",92," "," ","U",98," "," ","U",99," "," ","U",108," "," ","U",121," "," ","U",98," "," ","U",44," "," ","U",48," "," ","U",65," "," ","U",74," "," ","U",62," "," ","U",88," "," ","U",106," "," ","U",112," "," ","U",124," "," ","U",128," "," ","U",110," "," ","U",97," "," ","U",116," "," ","U",120," "," ","U",133," "," ","U",124," "," ","U",140," "," ","U",152," "," ","U",106," "," ","U",NA," "," "," "
"742","USR0000IFEN",2020,5,"TMAX",217,"H"," ","U",272,"H"," ","U",161,"H"," ","U",211,"H"," ","U",278,"H"," ","U",139,"H"," ","U",194,"H"," ","U",250,"H"," ","U",283,"H"," ","U",289,"H"," ","U",278,"H"," ","U",144,"H"," ","U",161,"H"," ","U",161,"H"," ","U",167,"H"," ","U",239,"H"," ","U",283,"H"," ","U",172,"H"," ","U",183,"H"," ","U",194,"H"," ","U",178,"H"," ","U",183,"H"," ","U",167,"H"," ","U",239,"H"," ","U",239,"H"," ","U",250,"H"," ","U",272,"H"," ","U",311,"H"," ","U",300,"H"," ","U",333,"H"," ","U",228,"H"," ","U"
"743","USR0000IFEN",2020,5,"TMIN",50,"H"," ","U",33,"H"," ","U",33,"H"," ","U",17,"H"," ","U",28,"H"," ","U",56,"H"," ","U",44,"H"," ","U",28,"H"," ","U",33,"H"," ","U",61,"H"," ","U",94,"H"," ","U",89,"H"," ","U",72,"H"," ","U",50,"H"," ","U",67,"H"," ","U",50,"H"," ","U",100,"H"," ","U",89,"H"," ","U",83,"H"," ","U",83,"H"," ","U",56,"H"," ","U",50,"H"," ","U",50,"H"," ","U",39,"H"," ","U",50,"H"," ","U",111,"H"," ","U",89,"H"," ","U",67,"H"," ","U",117,"H"," ","U",117,"H"," ","U",111,"H"," ","U"
"744","USR0000IFEN",2020,5,"TAVG",118," "," ","U",141," "," ","U",99," "," ","U",108," "," ","U",143," "," ","U",88," "," ","U",103," "," ","U",125," "," ","U",153," "," ","U",172," "," ","U",171," "," ","U",108," "," ","U",111," "," ","U",103," "," ","U",111," "," ","U",138," "," ","U",161," "," ","U",134," "," ","U",128," "," ","U",132," "," ","U",97," "," ","U",106," "," ","U",99," "," ","U",132," "," ","U",142," "," ","U",172," "," ","U",174," "," ","U",176," "," ","U",183," "," ","U",219," "," ","U",169," "," ","U"
"745","USR0000IFEN",2020,6,"TMAX",217,"H"," ","U",294,"H"," ","U",256,"H"," ","U",256,"H"," ","U",328,"H"," ","U",139,"H"," ","U",133,"H"," ","U",206,"H"," ","U",139,"H"," ","U",289,"H"," ","U",311,"H"," ","U",322,"H"," ","U",183,"H"," ","U",144,"H"," ","U",128,"H"," ","U",167,"H"," ","U",172,"H"," ","U",250,"H"," ","U",300,"H"," ","U",256,"H"," ","U",250,"H"," ","U",NA," "," "," ",NA," "," "," ",NA," "," "," ",NA," "," "," ",NA," "," "," ",NA," "," "," ",NA," "," "," ",NA," "," "," ",NA," "," "," ",NA," "," "," "
"746","USR0000IFEN",2020,6,"TMIN",94,"H"," ","U",89,"H"," ","U",94,"H"," ","U",100,"H"," ","U",106,"H"," ","U",89,"H"," ","U",89,"H"," ","U",72,"H"," ","U",67,"H"," ","U",100,"H"," ","U",100,"H"," ","U",128,"H"," ","U",83,"H"," ","U",56,"H"," ","U",56,"H"," ","U",106,"H"," ","U",89,"H"," ","U",89,"H"," ","U",89,"H"," ","U",94,"H"," ","U",144,"H"," ","U",NA," "," "," ",NA," "," "," ",NA," "," "," ",NA," "," "," ",NA," "," "," ",NA," "," "," ",NA," "," "," ",NA," "," "," ",NA," "," "," ",NA," "," "," "
"747","USR0000IFEN",2020,6,"TAVG",136," "," ","U",182," "," ","U",178," "," ","U",177," "," ","U",207," "," ","U",127," "," ","U",105," "," ","U",116," "," ","U",108," "," ","U",183," "," ","U",196," "," ","U",219," "," ","U",129," "," ","U",99," "," ","U",99," "," ","U",124," "," ","U",120," "," ","U",158," "," ","U",183," "," ","U",168," "," ","U",182," "," ","U",NA," "," "," ",NA," "," "," ",NA," "," "," ",NA," "," "," ",NA," "," "," ",NA," "," "," ",NA," "," "," ",NA," "," "," ",NA," "," "," ",NA," "," "," "
