"","id","year","month","element","VALUE1","MFLAG1","QFLAG1","SFLAG1","VALUE2","MFLAG2","QFLAG2","SFLAG2","VALUE3","MFLAG3","QFLAG3","SFLAG3","VALUE4","MFLAG4","QFLAG4","SFLAG4","VALUE5","MFLAG5","QFLAG5","SFLAG5","VALUE6","MFLAG6","QFLAG6","SFLAG6","VALUE7","MFLAG7","QFLAG7","SFLAG7","VALUE8","MFLAG8","QFLAG8","SFLAG8","VALUE9","MFLAG9","QFLAG9","SFLAG9","VALUE10","MFLAG10","QFLAG10","SFLAG10","VALUE11","MFLAG11","QFLAG11","SFLAG11","VALUE12","MFLAG12","QFLAG12","SFLAG12","VALUE13","MFLAG13","QFLAG13","SFLAG13","VALUE14","MFLAG14","QFLAG14","SFLAG14","VALUE15","MFLAG15","QFLAG15","SFLAG15","VALUE16","MFLAG16","QFLAG16","SFLAG16","VALUE17","MFLAG17","QFLAG17","SFLAG17","VALUE18","MFLAG18","QFLAG18","SFLAG18","VALUE19","MFLAG19","QFLAG19","SFLAG19","VALUE20","MFLAG20","QFLAG20","SFLAG20","VALUE21","MFLAG21","QFLAG21","SFLAG21","VALUE22","MFLAG22","QFLAG22","SFLAG22","VALUE23","MFLAG23","QFLAG23","SFLAG23","VALUE24","MFLAG24","QFLAG24","SFLAG24","VALUE25","MFLAG25","QFLAG25","SFLAG25","VALUE26","MFLAG26","QFLAG26","SFLAG26","VALUE27","MFLAG27","QFLAG27","SFLAG27","VALUE28","MFLAG28","QFLAG28","SFLAG28","VALUE29","MFLAG29","QFLAG29","SFLAG29","VALUE30","MFLAG30","QFLAG30","SFLAG30","VALUE31","MFLAG31","QFLAG31","SFLAG31"
"1","USC00413787",1941,7,"PRCP",0," "," ","0",163," "," ","0",56," "," ","0",0," "," ","0",0," "," ","0",325," "," ","0",0," "," ","0",0," "," ","0",0," "," ","0",0," "," ","0",0," "," ","0",0," "," ","0",183," "," ","0",0,"T"," ","0",0,"T"," ","0",0," "," ","0",0," "," ","0",0," "," ","0",0," "," ","0",0," "," ","0",630," "," ","0",0," "," ","0",0," "," ","0",NA," "," "," ",NA," "," "," ",170," "," ","0",0," "," ","0",0," "," ","0",0," "," ","0",0,"T"," ","0",0,"T"," ","0"
"2","USC00413787",1941,7,"SNOW",0," "," ","0",0," "," ","0",0," "," ","0",0," "," ","0",0," "," ","0",0," "," ","0",0," "," ","0",0," "," ","0",0," "," ","0",0," "," ","0",0," "," ","0",0," "," ","0",0," "," ","0",0," "," ","0",0," "," ","0",0," "," ","0",0," "," ","0",0," "," ","0",0," "," ","0",0," "," ","0",0," "," ","0",0," "," ","0",0," "," ","0",0," "," ","0",0," "," ","0",0," "," ","0",0," "," ","0",0," "," ","0",0," "," ","0",0," "," ","0",0," "," ","0"
"3","USC00413787",1941,7,"SNWD",0," "," ","0",0," "," ","0",0," "," ","0",0," "," ","0",0," "," ","0",0," "," ","0",0," "," ","0",0," "," ","0",0," "," ","0",0," "," ","0",0," "," ","0",0," "," ","0",0," "," ","0",0," "," ","0",0," "," ","0",0," "," ","0",0," "," ","0",0," "," ","0",0," "," ","0",0," "," ","0",0," "," ","0",0," "," ","0",0," "," ","0",0," "," ","0",0," "," ","0",0," "," ","0",0," "," ","0",0," "," ","0",0," "," ","0",0," "," ","0",0," "," ","0"
"4","USC00413787",1941,7,"DAPR",NA," "," "," ",NA," "," "," ",NA," "," "," ",NA," "," "," ",NA," "," "," ",NA," "," "," ",NA," "," "," ",NA," "," "," ",NA," "," "," ",NA," "," "," ",NA," "," "," ",NA," "," "," ",NA," "," "," ",NA," "," "," ",NA," "," "," ",NA," "," "," ",NA," "," "," ",NA," "," "," ",NA," "," "," ",NA," "," "," ",NA," "," "," ",NA," "," "," ",NA," "," "," ",NA," "," "," ",2," "," ","0",NA," "," "," ",NA," "," "," ",NA," "," "," ",NA," "," "," ",NA," "," "," ",NA," "," "," "
"5","USC00413787",1941,7,"MDPR",NA," "," "," ",NA," "," "," ",NA," "," "," ",NA," "," "," ",NA," "," "," ",NA," "," "," ",NA," "," "," ",NA," "," "," ",NA," "," "," ",NA," "," "," ",NA," "," "," ",NA," "," "," ",NA," "," "," ",NA," "," "," ",NA," "," "," ",NA," "," "," ",NA," "," "," ",NA," "," "," ",NA," "," "," ",NA," "," "," ",NA," "," "," ",NA," "," "," ",NA," "," "," ",NA," "," "," ",577," "," ","0",NA," "," "," ",NA," "," "," ",NA," "," "," ",NA," "," "," ",NA," "," "," ",NA," "," "," "
"6","USC00413787",1941,8,"PRCP",0," "," ","0",0," "," ","0",0," "," ","0",0,"T"," ","0",0," "," ","0",0," "," ","0",0," "," ","0",257," "," ","0",0," "," ","0",0," "," ","0",0," "," ","0",0," "," ","0",0," "," ","0",0," "," ","0",0," "," ","0",0," "," ","0",0," "," ","0",0," "," ","0",0," "," ","0",119," "," ","0",10," "," ","0",5," "," ","0",107," "," ","0",10," "," ","0",0," "," ","0",0," "," ","0",36," "," ","0",0," "," ","0",0," "," ","0",0," "," ","0",0," "," ","0"
"7","USC00413787",1941,8,"SNOW",0," "," ","0",0," "," ","0",0," "," ","0",0," "," ","0",0," "," ","0",0," "," ","0",0," "," ","0",0," "," ","0",0," "," ","0",0," "," ","0",0," "," ","0",0," "," ","0",0," "," ","0",0," "," ","0",0," "," ","0",0," "," ","0",0," "," ","0",0," "," ","0",0," "," ","0",0," "," ","0",0," "," ","0",0," "," ","0",0," "," ","0",0," "," ","0",0," "," ","0",0," "," ","0",0," "," ","0",0," "," ","0",0," "," ","0",0," "," ","0",0," "," ","0"
"8","USC00413787",1941,8,"SNWD",0," "," ","0",0," "," ","0",0," "," ","0",0," "," ","0",0," "," ","0",0," "," ","0",0," "," ","0",0," "," ","0",0," "," ","0",0," "," ","0",0," "," ","0",0," "," ","0",0," "," ","0",0," "," ","0",0," "," ","0",0," "," ","0",0," "," ","0",0," "," ","0",0," "," ","0",0," "," ","0",0," "," ","0",0," "," ","0",0," "," ","0",0," "," ","0",0," "," ","0",0," "," ","0",0," "," ","0",0," "," ","0",0," "," ","0",0," "," ","0",0," "," ","0"
"9","USC00413787",1941,8,"WT03",NA," "," "," ",NA," "," "," ",NA," "," "," ",1," "," ","0",NA," "," "," ",NA," "," "," ",1," "," ","0",NA," "," "," ",NA," "," "," ",NA," "," "," ",NA," "," "," ",NA," "," "," ",NA," "," "," ",NA," "," "," ",NA," "," "," ",NA," "," "," ",NA," "," "," ",NA," "," "," ",NA," "," "," ",1," "," ","0",1," "," ","0",1," "," ","0",1," "," ","0",1," "," ","0",NA," "," "," ",NA," "," "," ",NA," "," "," ",NA," "," "," ",NA," "," "," ",NA," "," "," ",NA," "," "," "
"10","USC00413787",1941,9,"PRCP",0," "," ","0",0," "," ","0",0," "," ","0",0," "," ","0",0," "," ","0",0," "," ","0",0," "," ","0",0,"T"," ","0",0," "," ","0",0," "," ","0",0," "," ","0",0," "," ","0",0,"T"," ","0",0," "," ","0",0," "," ","0",0," "," ","0",0," "," ","0",0," "," ","0",8," "," ","0",0," "," ","0",0,"T"," ","0",0," "," ","0",107," "," ","0",53," "," ","0",0," "," ","0",0," "," ","0",0," "," ","0",0," "," ","0",754," "," ","0",0," "," ","0",NA," "," "," "
"11","USC00413787",1941,9,"SNOW",0," "," ","0",0," "," ","0",0," "," ","0",0," "," ","0",0," "," ","0",0," "," ","0",0," "," ","0",0," "," ","0",0," "," ","0",0," "," ","0",0," "," ","0",0," "," ","0",0," "," ","0",0," "," ","0",0," "," ","0",0," "," ","0",0," "," ","0",0," "," ","0",0," "," ","0",0," "," ","0",0," "," ","0",0," "," ","0",0," "," ","0",0," "," ","0",0," "," ","0",0," "," ","0",0," "," ","0",0," "," ","0",0," "," ","0",0," "," ","0",NA," "," "," "
"12","USC00413787",1941,9,"SNWD",0," "," ","0",0," "," ","0",0," "," ","0",0," "," ","0",0," "," ","0",0," "," ","0",0," "," ","0",0," "," ","0",0," "," ","0",0," "," ","0",0," "," ","0",0," "," ","0",0," "," ","0",0," "," ","0",0," "," ","0",0," "," ","0",0," "," ","0",0," "," ","0",0," "," ","0",0," "," ","0",0," "," ","0",0," "," ","0",0," "," ","0",0," "," ","0",0," "," ","0",0," "," ","0",0," "," ","0",0," "," ","0",0," "," ","0",0," "," ","0",NA," "," "," "
"13","USC00413787",1941,10,"PRCP",0,"T"," ","0",0," "," ","0",8," "," ","0",183," "," ","0",0," "," ","0",0," "," ","0",0," "," ","0",0," "," ","0",0," "," ","0",0," "," ","0",0," "," ","0",0," "," ","0",0," "," ","0",NA," "," "," ",NA," "," "," ",NA," "," "," ",0," "," ","0",0," "," ","0",0,"T"," ","0",0,"T"," ","0",0," "," ","0",556," "," ","0",180," "," ","0",10," "," ","0",43," "," ","0",58," "," ","0",0," "," ","0",0," "," ","0",NA," "," "," ",NA," "," "," ",NA," "," "," "
"14","USC00413787",1941,10,"SNOW",0," "," ","0",0," "," ","0",0," "," ","0",0," "," ","0",0," "," ","0",0," "," ","0",0," "," ","0",0," "," ","0",0," "," ","0",0," "," ","0",0," "," ","0",0," "," ","0",0," "," ","0",0," "," ","0",0," "," ","0",0," "," ","0",0," "," ","0",0," "," ","0",0," "," ","0",0," "," ","0",0," "," ","0",0," "," ","0",0," "," ","0",0," "," ","0",0," "," ","0",0," "," ","0",0," "," ","0",0," "," ","0",0," "," ","0",0,"T"," ","0",0," "," ","0"
"15","USC00413787",1941,10,"SNWD",0," "," ","0",0," "," ","0",0," "," ","0",0," "," ","0",0," "," ","0",0," "," ","0",0," "," ","0",0," "," ","0",0," "," ","0",0," "," ","0",0," "," ","0",0," "," ","0",0," "," ","0",0," "," ","0",0," "," ","0",0," "," ","0",0," "," ","0",0," "," ","0",0," "," ","0",0," "," ","0",0," "," ","0",0," "," ","0",0," "," ","0",0," "," ","0",0," "," ","0",0," "," ","0",0," "," ","0",0," "," ","0",0," "," ","0",0," "," ","0",0," "," ","0"
"16","USC00413787",1941,10,"DAPR",NA," "," "," ",NA," "," "," ",NA," "," "," ",NA," "," "," ",NA," "," "," ",NA," "," "," ",NA," "," "," ",NA," "," "," ",NA," "," "," ",NA," "," "," ",NA," "," "," ",NA," "," "," ",NA," "," "," ",NA," "," "," ",NA," "," "," ",3," "," ","0",NA," "," "," ",NA," "," "," ",NA," "," "," ",NA," "," "," ",NA," "," "," ",NA," "," "," ",NA," "," "," ",NA," "," "," ",NA," "," "," ",NA," "," "," ",NA," "," "," ",NA," "," "," ",NA," "," "," ",NA," "," "," ",3," "," ","0"
"17","USC00413787",1941,10,"MDPR",NA," "," "," ",NA," "," "," ",NA," "," "," ",NA," "," "," ",NA," "," "," ",NA," "," "," ",NA," "," "," ",NA," "," "," ",NA," "," "," ",NA," "," "," ",NA," "," "," ",NA," "," "," ",NA," "," "," ",NA," "," "," ",NA," "," "," ",69," "," ","0",NA," "," "," ",NA," "," "," ",NA," "," "," ",NA," "," "," ",NA," "," "," ",NA," "," "," ",NA," "," "," ",NA," "," "," ",NA," "," "," ",NA," "," "," ",NA," "," "," ",NA," "," "," ",NA," "," "," ",NA," "," "," ",226," "," ","0"
"18","USC00413787",1941,10,"WT01",1," "," ","0",NA," "," "," ",NA," "," "," ",NA," "," "," ",NA," "," "," ",NA," "," "," ",NA," "," "," ",NA," "," "," ",NA," "," "," ",NA," "," "," ",NA," "," "," ",NA," "," "," ",NA," "," "," ",NA," "," "," ",NA," "," "," ",NA," "," "," ",NA," "," "," ",NA," "," "," ",1," "," ","0",NA," "," "," ",NA," "," "," ",NA," "," "," ",NA," "," "," ",1," "," ","0",NA," "," "," ",NA," "," "," ",NA," "," "," ",NA," "," "," ",NA," "," "," ",NA," "," "," ",NA," "," "," "
"19","USC00413787",1941,10,"WT11",NA," "," "," ",NA," "," "," ",NA," "," "," ",1," "," ","0",NA," "," "," ",NA," "," "," ",NA," "," "," ",NA," "," "," ",NA," "," "," ",NA," "," "," ",NA," "," "," ",NA," "," "," ",NA," "," "," ",NA," "," "," ",NA," "," "," ",NA," "," "," ",NA," "," "," ",NA," "," "," ",NA," "," "," ",NA," "," "," ",NA," "," "," ",NA," "," "," ",NA," "," "," ",NA," "," "," ",NA," "," "," ",NA," "," "," ",NA," "," "," ",NA," "," "," ",NA," "," "," ",NA," "," "," ",NA," "," "," "
"20","USC00413787",1941,10,"WT14",NA," "," "," ",NA," "," "," ",NA," "," "," ",NA," "," "," ",NA," "," "," ",NA," "," "," ",NA," "," "," ",NA," "," "," ",NA," "," "," ",NA," "," "," ",NA," "," "," ",NA," "," "," ",NA," "," "," ",1," "," ","0",NA," "," "," ",NA," "," "," ",NA," "," "," ",NA," "," "," ",NA," "," "," ",NA," "," "," ",NA," "," "," ",NA," "," "," ",NA," "," "," ",NA," "," "," ",NA," "," "," ",NA," "," "," ",NA," "," "," ",NA," "," "," ",NA," "," "," ",NA," "," "," ",NA," "," "," "
"21","USC00413787",1941,11,"PRCP",0," "," ","0",0," "," ","0",0," "," ","0",0," "," ","0",0,"T"," ","0",0," "," ","0",0,"T"," ","0",0," "," ","0",0," "," ","0",0," "," ","0",0," "," ","0",0," "," ","0",0," "," ","0",0," "," ","0",0," "," ","0",0," "," ","0",0," "," ","0",0," "," ","0",25," "," ","0",0," "," ","0",0," "," ","0",0," "," ","0",71," "," ","0",0," "," ","0",0," "," ","0",0," "," ","0",0," "," ","0",0," "," ","0",0,"T"," ","0",0," "," ","0",NA," "," "," "
"22","USC00413787",1941,11,"SNOW",0," "," ","0",0," "," ","0",0," "," ","0",0," "," ","0",0," "," ","0",0," "," ","0",0," "," ","0",0," "," ","0",0," "," ","0",0," "," ","0",0," "," ","0",0," "," ","0",0," "," ","0",0," "," ","0",0," "," ","0",0," "," ","0",0," "," ","0",0," "," ","0",0," "," ","0",0," "," ","0",0," "," ","0",0," "," ","0",0," "," ","0",0," "," ","0",0," "," ","0",0," "," ","0",0," "," ","0",0," "," ","0",0," "," ","0",0," "," ","0",NA," "," "," "
"23","USC00413787",1941,11,"SNWD",0," "," ","0",0," "," ","0",0," "," ","0",0," "," ","0",0," "," ","0",0," "," ","0",0," "," ","0",0," "," ","0",0," "," ","0",0," "," ","0",0," "," ","0",0," "," ","0",0," "," ","0",0," "," ","0",0," "," ","0",0," "," ","0",0," "," ","0",0," "," ","0",0," "," ","0",0," "," ","0",0," "," ","0",0," "," ","0",0," "," ","0",0," "," ","0",0," "," ","0",0," "," ","0",0," "," ","0",0," "," ","0",0," "," ","0",0," "," ","0",NA," "," "," "
"24","USC00413787",1941,12,"PRCP",0," "," ","0",0," "," ","0",0," "," ","0",0," "," ","0",0," "," ","0",0," "," ","0",0," "," ","0",0," "," ","0",0," "," ","0",0,"T"," ","0",25," "," ","0",0,"T"," ","0",0,"T"," ","0",3," "," ","0",0," "," ","0",0," "," ","0",0," "," ","0",0," "," ","0",0," "," ","0",0," "," ","0",0,"T"," ","0",0," "," ","0",0,"T"," ","0",0," "," ","0",0,"T"," ","0",0," "," ","0",0,"T"," ","0",0," "," ","0",0," "," ","0",0," "," ","0",0,"T"," ","0"
"25","USC00413787",1941,12,"SNOW",0," "," ","0",0," "," ","0",0," "," ","0",0," "," ","0",0," "," ","0",0," "," ","0",0," "," ","0",0," "," ","0",0," "," ","0",0,"T"," ","0",25," "," ","0",0," "," ","0",0," "," ","0",0," "," ","0",0," "," ","0",0," "," ","0",0," "," ","0",0," "," ","0",0," "," ","0",0," "," ","0",0," "," ","0",0," "," ","0",0," "," ","0",0," "," ","0",0," "," ","0",0," "," ","0",0," "," ","0",0," "," ","0",0," "," ","0",0," "," ","0",0,"T"," ","0"
"26","USC00413787",1941,12,"SNWD",0," "," ","0",0," "," ","0",0," "," ","0",0," "," ","0",0," "," ","0",0," "," ","0",0," "," ","0",0," "," ","0",0," "," ","0",0," "," ","0",0,"T"," ","0",0," "," ","0",0," "," ","0",0," "," ","0",0," "," ","0",0," "," ","0",0," "," ","0",0," "," ","0",0," "," ","0",0," "," ","0",0," "," ","0",0," "," ","0",0," "," ","0",0," "," ","0",0," "," ","0",0," "," ","0",0," "," ","0",0," "," ","0",0," "," ","0",0," "," ","0",0," "," ","0"
"27","USC00413787",1941,12,"WT01",NA," "," "," ",NA," "," "," ",NA," "," "," ",NA," "," "," ",NA," "," "," ",NA," "," "," ",NA," "," "," ",NA," "," "," ",NA," "," "," ",NA," "," "," ",NA," "," "," ",1," "," ","0",NA," "," "," ",NA," "," "," ",NA," "," "," ",NA," "," "," ",NA," "," "," ",NA," "," "," ",NA," "," "," ",NA," "," "," ",NA," "," "," ",NA," "," "," ",NA," "," "," ",NA," "," "," ",NA," "," "," ",NA," "," "," ",NA," "," "," ",NA," "," "," ",NA," "," "," ",NA," "," "," ",1," "," ","0"
"28","USC00413787",1941,12,"WT04",NA," "," "," ",NA," "," "," ",NA," "," "," ",NA," "," "," ",NA," "," "," ",NA," "," "," ",NA," "," "," ",NA," "," "," ",NA," "," "," ",1," "," ","0",NA," "," "," ",NA," "," "," ",NA," "," "," ",NA," "," "," ",NA," "," "," ",NA," "," "," ",NA," "," "," ",NA," "," "," ",NA," "," "," ",NA," "," "," ",NA," "," "," ",NA," "," "," ",NA," "," "," ",NA," "," "," ",NA," "," "," ",NA," "," "," ",NA," "," "," ",NA," "," "," ",NA," "," "," ",NA," "," "," ",NA," "," "," "
"29","USC00413787",1942,1,"PRCP",0,"T"," ","0",0," "," ","0",0,"T"," ","0",0,"T"," ","0",0," "," ","0",0," "," ","0",0,"T"," ","0",0," "," ","0",0," "," ","0",0," "," ","0",0," "," ","0",0," "," ","0",0," "," ","0",0," "," ","0",0," "," ","0",0," "," ","0",0," "," ","0",0," "," ","0",0," "," ","0",0," "," ","0",0," "," ","0",0," "," ","0",0," "," ","0",0," "," ","0",0," "," ","0",0," "," ","0",0," "," ","0",0," "," ","0",0,"T"," ","0",0," "," ","0",0," "," ","0"
"30","USC00413787",1942,1,"SNOW",0,"T"," ","0",0," "," ","0",0,"T"," ","0",3," "," ","0",0," "," ","0",0," "," ","0",0," "," ","0",0," "," ","0",0," "," ","0",0," "," ","0",0," "," ","0",0," "," ","0",0," "," ","0",0," "," ","0",0," "," ","0",0," "," ","0",0," "," ","0",0," "," ","0",0," "," ","0",0," "," ","0",0," "," ","0",0," "," ","0",0," "," ","0",0," "," ","0",0," "," ","0",0," "," ","0",0," "," ","0",0," "," ","0",0,"T"," ","0",0," "," ","0",0," "," ","0"
"31","USC00413787",1942,1,"SNWD",0,"T"," ","0",0," "," ","0",0," "," ","0",0,"T"," ","0",0,"T"," ","0",0,"T"," ","0",0,"T"," ","0",0," "," ","0",0," "," ","0",0," "," ","0",0," "," ","0",0," "," ","0",0," "," ","0",0," "," ","0",0," "," ","0",0," "," ","0",0," "," ","0",0," "," ","0",0," "," ","0",0," "," ","0",0," "," ","0",0," "," ","0",0," "," ","0",0," "," ","0",0," "," ","0",0," "," ","0",0," "," ","0",0," "," ","0",0," "," ","0",0," "," ","0",0," "," ","0"
"32","USC00413787",1942,2,"PRCP",0," "," ","0",0," "," ","0",0," "," ","0",0," "," ","0",0," "," ","0",0," "," ","0",0," "," ","0",0," "," ","0",0," "," ","0",0," "," ","0",0," "," ","0",0," "," ","0",0," "," ","0",0," "," ","0",0,"T"," ","0",0," "," ","0",0,"T"," ","0",0,"T"," ","0",0," "," ","0",0," "," ","0",0," "," ","0",0," "," ","0",0,"T"," ","0",0," "," ","0",0,"T"," ","0",0,"T"," ","0",0," "," ","0",51," "," ","0",NA," "," "," ",NA," "," "," ",NA," "," "," "
"33","USC00413787",1942,2,"SNOW",0," "," ","0",0," "," ","0",0," "," ","0",0," "," ","0",0," "," ","0",0," "," ","0",0," "," ","0",0," "," ","0",0," "," ","0",0," "," ","0",0," "," ","0",0," "," ","0",0," "," ","0",0," "," ","0",0," "," ","0",0," "," ","0",0,"T"," ","0",0," "," ","0",0," "," ","0",0," "," ","0",0," "," ","0",0," "," ","0",0," "," ","0",0," "," ","0",0," "," ","0",0,"T"," ","0",0," "," ","0",51," "," ","0",NA," "," "," ",NA," "," "," ",NA," "," "," "
"34","USC00413787",1942,2,"SNWD",0," "," ","0",0," "," ","0",0," "," ","0",0," "," ","0",0," "," ","0",0," "," ","0",0," "," ","0",0," "," ","0",0," "," ","0",0," "," ","0",0," "," ","0",0," "," ","0",0," "," ","0",0," "," ","0",0," "," ","0",0," "," ","0",0,"T"," ","0",0," "," ","0",0," "," ","0",0," "," ","0",0," "," ","0",0," "," ","0",0," "," ","0",0," "," ","0",0," "," ","0",0,"T"," ","0",0," "," ","0",51," "," ","0",NA," "," "," ",NA," "," "," ",NA," "," "," "
"35","USC00413787",1942,2,"WT11",NA," "," "," ",NA," "," "," ",NA," "," "," ",NA," "," "," ",1," "," ","0",NA," "," "," ",NA," "," "," ",NA," "," "," ",NA," "," "," ",NA," "," "," ",NA," "," "," ",NA," "," "," ",NA," "," "," ",NA," "," "," ",NA," "," "," ",NA," "," "," ",NA," "," "," ",NA," "," "," ",NA," "," "," ",NA," "," "," ",NA," "," "," ",NA," "," "," ",NA," "," "," ",NA," "," "," ",NA," "," "," ",NA," "," "," ",NA," "," "," ",NA," "," "," ",NA," "," "," ",NA," "," "," ",NA," "," "," "
"36","USC00413787",1942,3,"PRCP",66," "," ","0",0," "," ","0",0," "," ","0",0," "," ","0",0," "," ","0",0," "," ","0",0,"T"," ","0",0,"T"," ","0",0," "," ","0",0," "," ","0",0," "," ","0",0," "," ","0",0," "," ","0",0," "," ","0",NA," "," "," ",NA," "," "," ",178," "," ","0",0," "," ","0",0," "," ","0",0," "," ","0",0," "," ","0",0," "," ","0",0," "," ","0",0," "," ","0",170," "," ","0",0," "," ","0",0," "," ","0",0," "," ","0",0," "," ","0",0," "," ","0",0," "," ","0"
"37","USC00413787",1942,3,"SNOW",38," "," ","0",0," "," ","0",0," "," ","0",0," "," ","0",0," "," ","0",0," "," ","0",0,"T"," ","0",0,"T"," ","0",0," "," ","0",0," "," ","0",0," "," ","0",0," "," ","0",0," "," ","0",0," "," ","0",0," "," ","0",0," "," ","0",0," "," ","0",0," "," ","0",0," "," ","0",0," "," ","0",0," "," ","0",0," "," ","0",0," "," ","0",0," "," ","0",0," "," ","0",0," "," ","0",0," "," ","0",0," "," ","0",0," "," ","0",0," "," ","0",0," "," ","0"
"38","USC00413787",1942,3,"SNWD",25," "," ","0",0," "," ","0",0," "," ","0",0," "," ","0",0," "," ","0",0," "," ","0",0,"T"," ","0",0,"T"," ","0",0," "," ","0",0," "," ","0",0," "," ","0",0," "," ","0",0," "," ","0",0," "," ","0",0," "," ","0",0," "," ","0",0," "," ","0",0," "," ","0",0," "," ","0",0," "," ","0",0," "," ","0",0," "," ","0",0," "," ","0",0," "," ","0",0," "," ","0",0," "," ","0",0," "," ","0",0," "," ","0",0," "," ","0",0," "," ","0",0," "," ","0"
"39","USC00413787",1942,3,"DAPR",NA," "," "," ",NA," "," "," ",NA," "," "," ",NA," "," "," ",NA," "," "," ",NA," "," "," ",NA," "," "," ",NA," "," "," ",NA," "," "," ",NA," "," "," ",NA," "," "," ",NA," "," "," ",NA," "," "," ",NA," "," "," ",NA," "," "," ",2," "," ","0",NA," "," "," ",NA," "," "," ",NA," "," "," ",NA," "," "," ",NA," "," "," ",NA," "," "," ",NA," "," "," ",NA," "," "," ",NA," "," "," ",NA," "," "," ",NA," "," "," ",NA," "," "," ",NA," "," "," ",NA," "," "," ",NA," "," "," "
"40","USC00413787",1942,3,"MDPR",NA," "," "," ",NA," "," "," ",NA," "," "," ",NA," "," "," ",NA," "," "," ",NA," "," "," ",NA," "," "," ",NA," "," "," ",NA," "," "," ",NA," "," "," ",NA," "," "," ",NA," "," "," ",NA," "," "," ",NA," "," "," ",NA," "," "," ",180," "," ","0",NA," "," "," ",NA," "," "," ",NA," "," "," ",NA," "," "," ",NA," "," "," ",NA," "," "," ",NA," "," "," ",NA," "," "," ",NA," "," "," ",NA," "," "," ",NA," "," "," ",NA," "," "," ",NA," "," "," ",NA," "," "," ",NA," "," "," "
"41","USC00413787",1942,4,"PRCP",0," "," ","0",0," "," ","0",0," "," ","0",0," "," ","0",0," "," ","0",0," "," ","0",0," "," ","0",140," "," ","0",0," "," ","0",0," "," ","0",0," "," ","0",NA," "," "," ",NA," "," "," ",0," "," ","0",0," "," ","0",0," "," ","0",0,"T"," ","0",122," "," ","0",965," "," ","0",0," "," ","0",282," "," ","0",0," "," ","0",NA," "," "," ",NA," "," "," ",0," "," ","0",0," "," ","0",0," "," ","0",0," "," ","0",0," "," ","0",25," "," ","0",NA," "," "," "
"42","USC00413787",1942,4,"SNOW",0," "," ","0",0," "," ","0",0," "," ","0",0," "," ","0",0," "," ","0",0," "," ","0",0," "," ","0",25," "," ","0",0," "," ","0",0," "," ","0",0," "," ","0",0," "," ","0",0," "," ","0",0," "," ","0",0," "," ","0",0," "," ","0",0," "," ","0",0," "," ","0",0," "," ","0",0," "," ","0",0," "," ","0",0," "," ","0",0," "," ","0",0," "," ","0",0," "," ","0",0," "," ","0",0," "," ","0",0," "," ","0",0," "," ","0",0," "," ","0",NA," "," "," "
"43","USC00413787",1942,4,"SNWD",0," "," ","0",0," "," ","0",0," "," ","0",0," "," ","0",0," "," ","0",0," "," ","0",0," "," ","0",0," "," ","0",0," "," ","0",0," "," ","0",0," "," ","0",0," "," ","0",0," "," ","0",0," "," ","0",0," "," ","0",0," "," ","0",0," "," ","0",0," "," ","0",0," "," ","0",0," "," ","0",0," "," ","0",0," "," ","0",0," "," ","0",0," "," ","0",0," "," ","0",0," "," ","0",0," "," ","0",0," "," ","0",0," "," ","0",0," "," ","0",NA," "," "," "
"44","USC00413787",1942,4,"DAPR",NA," "," "," ",NA," "," "," ",NA," "," "," ",NA," "," "," ",NA," "," "," ",NA," "," "," ",NA," "," "," ",NA," "," "," ",NA," "," "," ",NA," "," "," ",NA," "," "," ",NA," "," "," ",2," "," ","0",NA," "," "," ",NA," "," "," ",NA," "," "," ",NA," "," "," ",NA," "," "," ",NA," "," "," ",NA," "," "," ",NA," "," "," ",NA," "," "," ",NA," "," "," ",2," "," ","0",NA," "," "," ",NA," "," "," ",NA," "," "," ",NA," "," "," ",NA," "," "," ",NA," "," "," ",NA," "," "," "
"45","USC00413787",1942,4,"MDPR",NA," "," "," ",NA," "," "," ",NA," "," "," ",NA," "," "," ",NA," "," "," ",NA," "," "," ",NA," "," "," ",NA," "," "," ",NA," "," "," ",NA," "," "," ",NA," "," "," ",NA," "," "," ",102," "," ","0",NA," "," "," ",NA," "," "," ",NA," "," "," ",NA," "," "," ",NA," "," "," ",NA," "," "," ",NA," "," "," ",NA," "," "," ",NA," "," "," ",NA," "," "," ",315," "," ","0",NA," "," "," ",NA," "," "," ",NA," "," "," ",NA," "," "," ",NA," "," "," ",NA," "," "," ",NA," "," "," "
"46","USC00413787",1942,4,"WT01",NA," "," "," ",NA," "," "," ",NA," "," "," ",NA," "," "," ",NA," "," "," ",NA," "," "," ",NA," "," "," ",NA," "," "," ",NA," "," "," ",NA," "," "," ",NA," "," "," ",NA," "," "," ",NA," "," "," ",NA," "," "," ",NA," "," "," ",NA," "," "," ",1," "," ","0",NA," "," "," ",NA," "," "," ",NA," "," "," ",NA," "," "," ",NA," "," "," ",NA," "," "," ",NA," "," "," ",NA," "," "," ",NA," "," "," ",NA," "," "," ",NA," "," "," ",NA," "," "," ",NA," "," "," ",NA," "," "," "
"47","USC00413787",1942,4,"WT05",NA," "," "," ",NA," "," "," ",NA," "," "," ",NA," "," "," ",NA," "," "," ",NA," "," "," ",NA," "," "," ",NA," "," "," ",NA," "," "," ",NA," "," "," ",NA," "," "," ",NA," "," "," ",NA," "," "," ",NA," "," "," ",NA," "," "," ",NA," "," "," ",NA," "," "," ",NA," "," "," ",1," "," ","0",NA," "," "," ",NA," "," "," ",NA," "," "," ",NA," "," "," ",NA," "," "," ",NA," "," "," ",NA," "," "," ",NA," "," "," ",NA," "," "," ",NA," "," "," ",NA," "," "," ",NA," "," "," "
"48","USC00413787",1942,4,"WT11",NA," "," "," ",NA," "," "," ",NA," "," "," ",NA," "," "," ",NA," "," "," ",NA," "," "," ",NA," "," "," ",NA," "," "," ",NA," "," "," ",NA," "," "," ",NA," "," "," ",NA," "," "," ",NA," "," "," ",NA," "," "," ",NA," "," "," ",NA," "," "," ",NA," "," "," ",NA," "," "," ",NA," "," "," ",NA," "," "," ",NA," "," "," ",NA," "," "," ",NA," "," "," ",NA," "," "," ",NA," "," "," ",NA," "," "," ",NA," "," "," ",NA," "," "," ",NA," "," "," ",1," "," ","0",NA," "," "," "
"49","USC00413787",1942,5,"PRCP",0," "," ","0",0," "," ","0",0," "," ","0",0," "," ","0",0," "," ","0",0," "," ","0",0," "," ","0",0," "," ","0",0," "," ","0",36," "," ","0",0," "," ","0",0," "," ","0",0," "," ","0",5," "," ","0",0," "," ","0",0," "," ","0",0," "," ","0",0," "," ","0",0," "," ","0",64," "," ","0",145," "," ","0",10," "," ","0",0," "," ","0",0," "," ","0",0," "," ","0",0," "," ","0",0," "," ","0",0," "," ","0",0," "," ","0",0,"T"," ","0",0,"T"," ","0"
"50","USC00413787",1942,5,"SNOW",0," "," ","0",0," "," ","0",0," "," ","0",0," "," ","0",0," "," ","0",0," "," ","0",0," "," ","0",0," "," ","0",0," "," ","0",0," "," ","0",0," "," ","0",0," "," ","0",0," "," ","0",0," "," ","0",0," "," ","0",0," "," ","0",0," "," ","0",0," "," ","0",0," "," ","0",0," "," ","0",0," "," ","0",0," "," ","0",0," "," ","0",0," "," ","0",0," "," ","0",0," "," ","0",0," "," ","0",0," "," ","0",0," "," ","0",0," "," ","0",0," "," ","0"
"51","USC00413787",1942,5,"SNWD",0," "," ","0",0," "," ","0",0," "," ","0",0," "," ","0",0," "," ","0",0," "," ","0",0," "," ","0",0," "," ","0",0," "," ","0",0," "," ","0",0," "," ","0",0," "," ","0",0," "," ","0",0," "," ","0",0," "," ","0",0," "," ","0",0," "," ","0",0," "," ","0",0," "," ","0",0," "," ","0",0," "," ","0",0," "," ","0",0," "," ","0",0," "," ","0",0," "," ","0",0," "," ","0",0," "," ","0",0," "," ","0",0," "," ","0",0," "," ","0",0," "," ","0"
"52","USC00413787",1942,6,"PRCP",163," "," ","0",0," "," ","0",0," "," ","0",0," "," ","0",76," "," ","0",0," "," ","0",0," "," ","0",NA," "," "," ",NA," "," "," ",15," "," ","0",0," "," ","0",0," "," ","0",0," "," ","0",0," "," ","0",160," "," ","0",0," "," ","0",0," "," ","0",0," "," ","0",0," "," ","0",0," "," ","0",0," "," ","0",61," "," ","0",25," "," ","0",0,"T"," ","0",0," "," ","0",0," "," ","0",0," "," ","0",0," "," ","0",0," "," ","0",41," "," ","0",NA," "," "," "
"53","USC00413787",1942,6,"SNOW",0," "," ","0",0," "," ","0",0," "," ","0",0," "," ","0",0," "," ","0",0," "," ","0",0," "," ","0",0," "," ","0",0," "," ","0",0," "," ","0",0," "," ","0",0," "," ","0",0," "," ","0",0," "," ","0",0," "," ","0",0," "," ","0",0," "," ","0",0," "," ","0",0," "," ","0",0," "," ","0",0," "," ","0",0," "," ","0",0," "," ","0",0," "," ","0",0," "," ","0",0," "," ","0",0," "," ","0",0," "," ","0",0," "," ","0",0," "," ","0",NA," "," "," "
"54","USC00413787",1942,6,"SNWD",0," "," ","0",0," "," ","0",0," "," ","0",0," "," ","0",0," "," ","0",0," "," ","0",0," "," ","0",0," "," ","0",0," "," ","0",0," "," ","0",0," "," ","0",0," "," ","0",0," "," ","0",0," "," ","0",0," "," ","0",0," "," ","0",0," "," ","0",0," "," ","0",0," "," ","0",0," "," ","0",0," "," ","0",0," "," ","0",0," "," ","0",0," "," ","0",0," "," ","0",0," "," ","0",0," "," ","0",0," "," ","0",0," "," ","0",0," "," ","0",NA," "," "," "
"55","USC00413787",1942,6,"DAPR",NA," "," "," ",NA," "," "," ",NA," "," "," ",NA," "," "," ",NA," "," "," ",NA," "," "," ",NA," "," "," ",NA," "," "," ",2," "," ","0",NA," "," "," ",NA," "," "," ",NA," "," "," ",NA," "," "," ",NA," "," "," ",NA," "," "," ",NA," "," "," ",NA," "," "," ",NA," "," "," ",NA," "," "," ",NA," "," "," ",NA," "," "," ",NA," "," "," ",NA," "," "," ",NA," "," "," ",NA," "," "," ",NA," "," "," ",NA," "," "," ",NA," "," "," ",NA," "," "," ",NA," "," "," ",NA," "," "," "
"56","USC00413787",1942,6,"MDPR",NA," "," "," ",NA," "," "," ",NA," "," "," ",NA," "," "," ",NA," "," "," ",NA," "," "," ",NA," "," "," ",NA," "," "," ",1407," "," ","0",NA," "," "," ",NA," "," "," ",NA," "," "," ",NA," "," "," ",NA," "," "," ",NA," "," "," ",NA," "," "," ",NA," "," "," ",NA," "," "," ",NA," "," "," ",NA," "," "," ",NA," "," "," ",NA," "," "," ",NA," "," "," ",NA," "," "," ",NA," "," "," ",NA," "," "," ",NA," "," "," ",NA," "," "," ",NA," "," "," ",NA," "," "," ",NA," "," "," "
"57","USC00413787",1942,7,"PRCP",43," "," ","0",25," "," ","0",0," "," ","0",0," "," ","0",0," "," ","0",0," "," ","0",0," "," ","0",0," "," ","0",25," "," ","0",0," "," ","0",173," "," ","0",0," "," ","0",0," "," ","0",0," "," ","0",0," "," ","0",0," "," ","0",91," "," ","0",25," "," ","0",0," "," ","0",0," "," ","0",0," "," ","0",0," "," ","0",0," "," ","0",0," "," ","0",0," "," ","0",0," "," ","0",0," "," ","0",0," "," ","0",0," "," ","0",5," "," ","0",0," "," ","0"
"58","USC00413787",1942,7,"SNOW",0," "," ","0",0," "," ","0",0," "," ","0",0," "," ","0",0," "," ","0",0," "," ","0",0," "," ","0",0," "," ","0",0," "," ","0",0," "," ","0",0," "," ","0",0," "," ","0",0," "," ","0",0," "," ","0",0," "," ","0",0," "," ","0",0," "," ","0",0," "," ","0",0," "," ","0",0," "," ","0",0," "," ","0",0," "," ","0",0," "," ","0",0," "," ","0",0," "," ","0",0," "," ","0",0," "," ","0",0," "," ","0",0," "," ","0",0," "," ","0",0," "," ","0"
"59","USC00413787",1942,7,"SNWD",0," "," ","0",0," "," ","0",0," "," ","0",0," "," ","0",0," "," ","0",0," "," ","0",0," "," ","0",0," "," ","0",0," "," ","0",0," "," ","0",0," "," ","0",0," "," ","0",0," "," ","0",0," "," ","0",0," "," ","0",0," "," ","0",0," "," ","0",0," "," ","0",0," "," ","0",0," "," ","0",0," "," ","0",0," "," ","0",0," "," ","0",0," "," ","0",0," "," ","0",0," "," ","0",0," "," ","0",0," "," ","0",0," "," ","0",0," "," ","0",0," "," ","0"
"60","USC00413787",1942,8,"PRCP",0," "," ","0",0," "," ","0",0," "," ","0",0," "," ","0",0," "," ","0",196," "," ","0",0,"T"," ","0",0," "," ","0",33," "," ","0",25," "," ","0",0," "," ","0",64," "," ","0",165," "," ","0",0,"T"," ","0",318," "," ","0",0," "," ","0",0," "," ","0",0," "," ","0",0," "," ","0",0," "," ","0",0," "," ","0",0," "," ","0",0," "," ","0",48," "," ","0",0,"T"," ","0",0," "," ","0",0," "," ","0",0," "," ","0",0," "," ","0",0,"T"," ","0",0," "," ","0"
"61","USC00413787",1942,8,"SNOW",0," "," ","0",0," "," ","0",0," "," ","0",0," "," ","0",0," "," ","0",0," "," ","0",0," "," ","0",0," "," ","0",0," "," ","0",0," "," ","0",0," "," ","0",0," "," ","0",0," "," ","0",0," "," ","0",0," "," ","0",0," "," ","0",0," "," ","0",0," "," ","0",0," "," ","0",0," "," ","0",0," "," ","0",0," "," ","0",0," "," ","0",0," "," ","0",0," "," ","0",0," "," ","0",0," "," ","0",0," "," ","0",0," "," ","0",0," "," ","0",0," "," ","0"
"62","USC00413787",1942,8,"SNWD",0," "," ","0",0," "," ","0",0," "," ","0",0," "," ","0",0," "," ","0",0," "," ","0",0," "," ","0",0," "," ","0",0," "," ","0",0," "," ","0",0," "," ","0",0," "," ","0",0," "," ","0",0," "," ","0",0," "," ","0",0," "," ","0",0," "," ","0",0," "," ","0",0," "," ","0",0," "," ","0",0," "," ","0",0," "," ","0",0," "," ","0",0," "," ","0",0," "," ","0",0," "," ","0",0," "," ","0",0," "," ","0",0," "," ","0",0," "," ","0",0," "," ","0"
"63","USC00413787",1942,9,"PRCP",127," "," ","0",0,"T"," ","0",0,"T"," ","0",0," "," ","0",0," "," ","0",185," "," ","0",0,"T"," ","0",0," "," ","0",0," "," ","0",0," "," ","0",0," "," ","0",0," "," ","0",0," "," ","0",0," "," ","0",0," "," ","0",0," "," ","0",0," "," ","0",0,"T"," ","0",0,"T"," ","0",0," "," ","0",0," "," ","0",0," "," ","0",0," "," ","0",0," "," ","0",0," "," ","0",0," "," ","0",0," "," ","0",0," "," ","0",0," "," ","0",0," "," ","0",NA," "," "," "
"64","USC00413787",1942,9,"SNOW",0," "," ","0",0," "," ","0",0," "," ","0",0," "," ","0",0," "," ","0",0," "," ","0",0," "," ","0",0," "," ","0",0," "," ","0",0," "," ","0",0," "," ","0",0," "," ","0",0," "," ","0",0," "," ","0",0," "," ","0",0," "," ","0",0," "," ","0",0," "," ","0",0," "," ","0",0," "," ","0",0," "," ","0",0," "," ","0",0," "," ","0",0," "," ","0",0," "," ","0",0," "," ","0",0," "," ","0",0," "," ","0",0," "," ","0",0," "," ","0",NA," "," "," "
"65","USC00413787",1942,9,"SNWD",0," "," ","0",0," "," ","0",0," "," ","0",0," "," ","0",0," "," ","0",0," "," ","0",0," "," ","0",0," "," ","0",0," "," ","0",0," "," ","0",0," "," ","0",0," "," ","0",0," "," ","0",0," "," ","0",0," "," ","0",0," "," ","0",0," "," ","0",0," "," ","0",0," "," ","0",0," "," ","0",0," "," ","0",0," "," ","0",0," "," ","0",0," "," ","0",0," "," ","0",0," "," ","0",0," "," ","0",0," "," ","0",0," "," ","0",0," "," ","0",NA," "," "," "
"66","USC00413787",1942,10,"PRCP",0," "," ","0",NA," "," "," ",NA," "," "," ",0," "," ","0",0," "," ","0",0," "," ","0",0," "," ","0",0," "," ","0",0," "," ","0",0," "," ","0",0," "," ","0",0," "," ","0",76," "," ","0",NA," "," "," ",NA," "," "," ",0," "," ","0",787," "," ","0",30," "," ","0",0," "," ","0",0," "," ","0",0," "," ","0",0," "," ","0",NA," "," "," ",NA," "," "," ",0,"T"," ","0",0," "," ","0",0," "," ","0",0," "," ","0",0," "," ","0",0," "," ","0",0," "," ","0"
"67","USC00413787",1942,10,"SNOW",0," "," ","0",0," "," ","0",0," "," ","0",0," "," ","0",0," "," ","0",0," "," ","0",0," "," ","0",0," "," ","0",0," "," ","0",0," "," ","0",0," "," ","0",0," "," ","0",0," "," ","0",0," "," ","0",0," "," ","0",0," "," ","0",0," "," ","0",0," "," ","0",0," "," ","0",0," "," ","0",0," "," ","0",0," "," ","0",0," "," ","0",0," "," ","0",0," "," ","0",0," "," ","0",0," "," ","0",0," "," ","0",0," "," ","0",0," "," ","0",0," "," ","0"
"68","USC00413787",1942,10,"SNWD",0," "," ","0",0," "," ","0",0," "," ","0",0," "," ","0",0," "," ","0",0," "," ","0",0," "," ","0",0," "," ","0",0," "," ","0",0," "," ","0",0," "," ","0",0," "," ","0",0," "," ","0",0," "," ","0",0," "," ","0",0," "," ","0",0," "," ","0",0," "," ","0",0," "," ","0",0," "," ","0",0," "," ","0",0," "," ","0",0," "," ","0",0," "," ","0",0," "," ","0",0," "," ","0",0," "," ","0",0," "," ","0",0," "," ","0",0," "," ","0",0," "," ","0"
"69","USC00413787",1942,10,"DAPR",NA," "," "," ",NA," "," "," ",2," "," ","0",NA," "," "," ",NA," "," "," ",NA," "," "," ",NA," "," "," ",NA," "," "," ",NA," "," "," ",NA," "," "," ",NA," "," "," ",NA," "," "," ",NA," "," "," ",NA," "," "," ",2," "," ","0",NA," "," "," ",NA," "," "," ",NA," "," "," ",NA," "," "," ",NA," "," "," ",NA," "," "," ",NA," "," "," ",NA," "," "," ",2," "," ","0",NA," "," "," ",NA," "," "," ",NA," "," "," ",NA," "," "," ",NA," "," "," ",NA," "," "," ",NA," "," "," "
"70","USC00413787",1942,10,"MDPR",NA," "," "," ",NA," "," "," ",170," "," ","0",NA," "," "," ",NA," "," "," ",NA," "," "," ",NA," "," "," ",NA," "," "," ",NA," "," "," ",NA," "," "," ",NA," "," "," ",NA," "," "," ",NA," "," "," ",NA," "," "," ",559," "," ","0",NA," "," "," ",NA," "," "," ",NA," "," "," ",NA," "," "," ",NA," "," "," ",NA," "," "," ",NA," "," "," ",NA," "," "," ",74," "," ","0",NA," "," "," ",NA," "," "," ",NA," "," "," ",NA," "," "," ",NA," "," "," ",NA," "," "," ",NA," "," "," "
"71","USC00413787",1942,11,"PRCP",0," "," ","0",0," "," ","0",0," "," ","0",0," "," ","0",0," "," ","0",0," "," ","0",0," "," ","0",0," "," ","0",0," "," ","0",0," "," ","0",0," "," ","0",0," "," ","0",0," "," ","0",0," "," ","0",0," "," ","0",0," "," ","0",0," "," ","0",0," "," ","0",0," "," ","0",0," "," ","0",0," "," ","0",0," "," ","0",0," "," ","0",0," "," ","0",0," "," ","0",0," "," ","0",0," "," ","0",0," "," ","0",0," "," ","0",0," "," ","0",NA," "," "," "
"72","USC00413787",1942,11,"SNOW",0," "," ","0",0," "," ","0",0," "," ","0",0," "," ","0",0," "," ","0",0," "," ","0",0," "," ","0",0," "," ","0",0," "," ","0",0," "," ","0",0," "," ","0",0," "," ","0",0," "," ","0",0," "," ","0",0," "," ","0",0," "," ","0",0," "," ","0",0," "," ","0",0," "," ","0",0," "," ","0",0," "," ","0",0," "," ","0",0," "," ","0",0," "," ","0",0," "," ","0",0," "," ","0",0," "," ","0",0," "," ","0",0," "," ","0",0," "," ","0",NA," "," "," "
"73","USC00413787",1942,11,"SNWD",0," "," ","0",0," "," ","0",0," "," ","0",0," "," ","0",0," "," ","0",0," "," ","0",0," "," ","0",0," "," ","0",0," "," ","0",0," "," ","0",0," "," ","0",0," "," ","0",0," "," ","0",0," "," ","0",0," "," ","0",0," "," ","0",0," "," ","0",0," "," ","0",0," "," ","0",0," "," ","0",0," "," ","0",0," "," ","0",0," "," ","0",0," "," ","0",0," "," ","0",0," "," ","0",0," "," ","0",0," "," ","0",0," "," ","0",0," "," ","0",NA," "," "," "
"74","USC00413787",1943,4,"PRCP",0," "," ","0",0," "," ","0",0," "," ","0",0," "," ","0",0," "," ","0",0," "," ","0",NA," "," "," ",NA," "," "," ",0," "," ","0",0," "," ","0",0," "," ","0",0," "," ","0",69," "," ","0",0," "," ","0",0," "," ","0",0," "," ","0",0," "," ","0",NA," "," "," ",NA," "," "," ",0," "," ","0",0," "," ","0",0," "," ","0",0," "," ","0",0," "," ","0",0," "," ","0",0," "," ","0",0," "," ","0",0," "," ","0",0," "," ","0",0," "," ","0",NA," "," "," "
"75","USC00413787",1943,4,"SNOW",0," "," ","0",0," "," ","0",0," "," ","0",0," "," ","0",0," "," ","0",0," "," ","0",0," "," ","0",0," "," ","0",0," "," ","0",0," "," ","0",0," "," ","0",0," "," ","0",0," "," ","0",0," "," ","0",0," "," ","0",0," "," ","0",0," "," ","0",0," "," ","0",0," "," ","0",0," "," ","0",0," "," ","0",0," "," ","0",0," "," ","0",0," "," ","0",0," "," ","0",0," "," ","0",0," "," ","0",0," "," ","0",0," "," ","0",0," "," ","0",NA," "," "," "
"76","USC00413787",1943,4,"SNWD",0," "," ","0",0," "," ","0",0," "," ","0",0," "," ","0",0," "," ","0",0," "," ","0",0," "," ","0",0," "," ","0",0," "," ","0",0," "," ","0",0," "," ","0",0," "," ","0",0," "," ","0",0," "," ","0",0," "," ","0",0," "," ","0",0," "," ","0",0," "," ","0",0," "," ","0",0," "," ","0",0," "," ","0",0," "," ","0",0," "," ","0",0," "," ","0",0," "," ","0",0," "," ","0",0," "," ","0",0," "," ","0",0," "," ","0",0," "," ","0",NA," "," "," "
"77","USC00413787",1943,4,"DAPR",NA," "," "," ",NA," "," "," ",NA," "," "," ",NA," "," "," ",NA," "," "," ",NA," "," "," ",NA," "," "," ",2," "," ","0",NA," "," "," ",NA," "," "," ",NA," "," "," ",NA," "," "," ",NA," "," "," ",NA," "," "," ",NA," "," "," ",NA," "," "," ",NA," "," "," ",NA," "," "," ",2," "," ","0",NA," "," "," ",NA," "," "," ",NA," "," "," ",NA," "," "," ",NA," "," "," ",NA," "," "," ",NA," "," "," ",NA," "," "," ",NA," "," "," ",NA," "," "," ",NA," "," "," ",NA," "," "," "
"78","USC00413787",1943,4,"MDPR",NA," "," "," ",NA," "," "," ",NA," "," "," ",NA," "," "," ",NA," "," "," ",NA," "," "," ",NA," "," "," ",630," "," ","0",NA," "," "," ",NA," "," "," ",NA," "," "," ",NA," "," "," ",NA," "," "," ",NA," "," "," ",NA," "," "," ",NA," "," "," ",NA," "," "," ",NA," "," "," ",102," "," ","0",NA," "," "," ",NA," "," "," ",NA," "," "," ",NA," "," "," ",NA," "," "," ",NA," "," "," ",NA," "," "," ",NA," "," "," ",NA," "," "," ",NA," "," "," ",NA," "," "," ",NA," "," "," "
"79","USC00413787",1943,5,"PRCP",0," "," ","0",0," "," ","0",0," "," ","0",0," "," ","0",0," "," ","0",0," "," ","0",0,"T"," ","0",0," "," ","0",117," "," ","0",0," "," ","0",0,"T"," ","0",0," "," ","0",0," "," ","0",0,"T"," ","0",0," "," ","0",0," "," ","0",0,"T"," ","0",0,"T"," ","0",0," "," ","0",0," "," ","0",5," "," ","0",102," "," ","0",0," "," ","0",0," "," ","0",0," "," ","0",0," "," ","0",0," "," ","0",124," "," ","0",0," "," ","0",0," "," ","0",0," "," ","0"
"80","USC00413787",1943,5,"SNOW",0," "," ","0",0," "," ","0",0," "," ","0",0," "," ","0",0," "," ","0",0," "," ","0",0," "," ","0",0," "," ","0",0," "," ","0",0," "," ","0",0," "," ","0",0," "," ","0",0," "," ","0",0," "," ","0",0," "," ","0",0," "," ","0",0," "," ","0",0," "," ","0",0," "," ","0",0," "," ","0",0," "," ","0",0," "," ","0",0," "," ","0",0," "," ","0",0," "," ","0",0," "," ","0",0," "," ","0",0," "," ","0",0," "," ","0",0," "," ","0",0," "," ","0"
"81","USC00413787",1943,5,"SNWD",0," "," ","0",0," "," ","0",0," "," ","0",0," "," ","0",0," "," ","0",0," "," ","0",0," "," ","0",0," "," ","0",0," "," ","0",0," "," ","0",0," "," ","0",0," "," ","0",0," "," ","0",0," "," ","0",0," "," ","0",0," "," ","0",0," "," ","0",0," "," ","0",0," "," ","0",0," "," ","0",0," "," ","0",0," "," ","0",0," "," ","0",0," "," ","0",0," "," ","0",0," "," ","0",0," "," ","0",0," "," ","0",0," "," ","0",0," "," ","0",0," "," ","0"
"82","USC00413787",1944,4,"PRCP",NA," "," "," ",NA," "," "," ",NA," "," "," ",NA," "," "," ",NA," "," "," ",NA," "," "," ",NA," "," "," ",NA," "," "," ",NA," "," "," ",NA," "," "," ",NA," "," "," ",NA," "," "," ",NA," "," "," ",NA," "," "," ",NA," "," "," ",NA," "," "," ",NA," "," "," ",NA," "," "," ",NA," "," "," ",NA," "," "," ",NA," "," "," ",NA," "," "," ",NA," "," "," ",0," "," ","0",0," "," ","0",0," "," ","0",0," "," ","0",0," "," ","0",241," "," ","0",0," "," ","0",NA," "," "," "
"83","USC00413787",1944,4,"SNOW",NA," "," "," ",NA," "," "," ",NA," "," "," ",NA," "," "," ",NA," "," "," ",NA," "," "," ",NA," "," "," ",NA," "," "," ",NA," "," "," ",NA," "," "," ",NA," "," "," ",NA," "," "," ",NA," "," "," ",NA," "," "," ",NA," "," "," ",NA," "," "," ",NA," "," "," ",NA," "," "," ",NA," "," "," ",NA," "," "," ",NA," "," "," ",NA," "," "," ",NA," "," "," ",0," "," ","0",0," "," ","0",0," "," ","0",0," "," ","0",0," "," ","0",0," "," ","0",0," "," ","0",NA," "," "," "
"84","USC00413787",1944,4,"SNWD",NA," "," "," ",NA," "," "," ",NA," "," "," ",NA," "," "," ",NA," "," "," ",NA," "," "," ",NA," "," "," ",NA," "," "," ",NA," "," "," ",NA," "," "," ",NA," "," "," ",NA," "," "," ",NA," "," "," ",NA," "," "," ",NA," "," "," ",NA," "," "," ",NA," "," "," ",NA," "," "," ",NA," "," "," ",NA," "," "," ",NA," "," "," ",NA," "," "," ",NA," "," "," ",0," "," ","0",0," "," ","0",0," "," ","0",0," "," ","0",0," "," ","0",0," "," ","0",0," "," ","0",NA," "," "," "
"85","USC00413787",1944,5,"PRCP",15," "," ","0",0," "," ","0",0," "," ","0",0," "," ","0",0," "," ","0",0," "," ","0",0," "," ","0",0," "," ","0",89," "," ","0",191," "," ","0",0," "," ","0",0," "," ","0",0," "," ","0",0," "," ","0",0," "," ","0",0," "," ","0",0," "," ","0",0," "," ","0",0," "," ","0",0," "," ","0",0," "," ","0",0," "," ","0",0," "," ","0",0," "," ","0",0," "," ","0",0," "," ","0",508," "," ","0",0," "," ","0",0," "," ","0",58," "," ","0",0," "," ","0"
"86","USC00413787",1944,5,"SNOW",0," "," ","0",0," "," ","0",0," "," ","0",0," "," ","0",0," "," ","0",0," "," ","0",0," "," ","0",0," "," ","0",0," "," ","0",0," "," ","0",0," "," ","0",0," "," ","0",0," "," ","0",0," "," ","0",0," "," ","0",0," "," ","0",0," "," ","0",0," "," ","0",0," "," ","0",0," "," ","0",0," "," ","0",0," "," ","0",0," "," ","0",0," "," ","0",0," "," ","0",0," "," ","0",0," "," ","0",0," "," ","0",0," "," ","0",0," "," ","0",0," "," ","0"
"87","USC00413787",1944,5,"SNWD",0," "," ","0",0," "," ","0",0," "," ","0",0," "," ","0",0," "," ","0",0," "," ","0",0," "," ","0",0," "," ","0",0," "," ","0",0," "," ","0",0," "," ","0",0," "," ","0",0," "," ","0",0," "," ","0",0," "," ","0",0," "," ","0",0," "," ","0",0," "," ","0",0," "," ","0",0," "," ","0",0," "," ","0",0," "," ","0",0," "," ","0",0," "," ","0",0," "," ","0",0," "," ","0",0," "," ","0",0," "," ","0",0," "," ","0",0," "," ","0",0," "," ","0"
"88","USC00413787",1944,6,"PRCP",43," "," ","0",0," "," ","0",0," "," ","0",0," "," ","0",0," "," ","0",0," "," ","0",0," "," ","0",0," "," ","0",0," "," ","0",0," "," ","0",0," "," ","0",127," "," ","0",0," "," ","0",0," "," ","0",41," "," ","0",0," "," ","0",0," "," ","0",0," "," ","0",0," "," ","0",0," "," ","0",0," "," ","0",0," "," ","0",0," "," ","0",0," "," ","0",0," "," ","0",0," "," ","0",0," "," ","0",0," "," ","0",0," "," ","0",0," "," ","0",NA," "," "," "
"89","USC00413787",1944,6,"SNOW",0," "," ","0",0," "," ","0",0," "," ","0",0," "," ","0",0," "," ","0",0," "," ","0",0," "," ","0",0," "," ","0",0," "," ","0",0," "," ","0",0," "," ","0",0," "," ","0",0," "," ","0",0," "," ","0",0," "," ","0",0," "," ","0",0," "," ","0",0," "," ","0",0," "," ","0",0," "," ","0",0," "," ","0",0," "," ","0",0," "," ","0",0," "," ","0",0," "," ","0",0," "," ","0",0," "," ","0",0," "," ","0",0," "," ","0",0," "," ","0",NA," "," "," "
"90","USC00413787",1944,6,"SNWD",0," "," ","0",0," "," ","0",0," "," ","0",0," "," ","0",0," "," ","0",0," "," ","0",0," "," ","0",0," "," ","0",0," "," ","0",0," "," ","0",0," "," ","0",0," "," ","0",0," "," ","0",0," "," ","0",0," "," ","0",0," "," ","0",0," "," ","0",0," "," ","0",0," "," ","0",0," "," ","0",0," "," ","0",0," "," ","0",0," "," ","0",0," "," ","0",0," "," ","0",0," "," ","0",0," "," ","0",0," "," ","0",0," "," ","0",0," "," ","0",NA," "," "," "
"91","USC00413787",1944,7,"PRCP",0," "," ","0",0," "," ","0",0," "," ","0",155," "," ","0",0," "," ","0",0," "," ","0",0," "," ","0",0," "," ","0",0," "," ","0",0," "," ","0",0," "," ","0",0," "," ","0",244," "," ","0",0," "," ","0",0," "," ","0",0," "," ","0",0," "," ","0",0," "," ","0",36," "," ","0",173," "," ","0",0," "," ","0",0," "," ","0",0," "," ","0",NA," "," "," ",NA," "," "," ",0," "," ","0",0," "," ","0",0," "," ","0",0," "," ","0",0," "," ","0",0," "," ","0"
"92","USC00413787",1944,7,"SNOW",0," "," ","0",0," "," ","0",0," "," ","0",0," "," ","0",0," "," ","0",0," "," ","0",0," "," ","0",0," "," ","0",0," "," ","0",0," "," ","0",0," "," ","0",0," "," ","0",0," "," ","0",0," "," ","0",0," "," ","0",0," "," ","0",0," "," ","0",0," "," ","0",0," "," ","0",0," "," ","0",0," "," ","0",0," "," ","0",0," "," ","0",0," "," ","0",0," "," ","0",0," "," ","0",0," "," ","0",0," "," ","0",0," "," ","0",0," "," ","0",0," "," ","0"
"93","USC00413787",1944,7,"SNWD",0," "," ","0",0," "," ","0",0," "," ","0",0," "," ","0",0," "," ","0",0," "," ","0",0," "," ","0",0," "," ","0",0," "," ","0",0," "," ","0",0," "," ","0",0," "," ","0",0," "," ","0",0," "," ","0",0," "," ","0",0," "," ","0",0," "," ","0",0," "," ","0",0," "," ","0",0," "," ","0",0," "," ","0",0," "," ","0",0," "," ","0",0," "," ","0",0," "," ","0",0," "," ","0",0," "," ","0",0," "," ","0",0," "," ","0",0," "," ","0",0," "," ","0"
"94","USC00413787",1944,7,"DAPR",NA," "," "," ",NA," "," "," ",NA," "," "," ",NA," "," "," ",NA," "," "," ",NA," "," "," ",NA," "," "," ",NA," "," "," ",NA," "," "," ",NA," "," "," ",NA," "," "," ",NA," "," "," ",NA," "," "," ",NA," "," "," ",NA," "," "," ",NA," "," "," ",NA," "," "," ",NA," "," "," ",NA," "," "," ",NA," "," "," ",NA," "," "," ",NA," "," "," ",NA," "," "," ",NA," "," "," ",2," "," ","0",NA," "," "," ",NA," "," "," ",NA," "," "," ",NA," "," "," ",NA," "," "," ",NA," "," "," "
"95","USC00413787",1944,7,"MDPR",NA," "," "," ",NA," "," "," ",NA," "," "," ",NA," "," "," ",NA," "," "," ",NA," "," "," ",NA," "," "," ",NA," "," "," ",NA," "," "," ",NA," "," "," ",NA," "," "," ",NA," "," "," ",NA," "," "," ",NA," "," "," ",NA," "," "," ",NA," "," "," ",NA," "," "," ",NA," "," "," ",NA," "," "," ",NA," "," "," ",NA," "," "," ",NA," "," "," ",NA," "," "," ",NA," "," "," ",478," "," ","0",NA," "," "," ",NA," "," "," ",NA," "," "," ",NA," "," "," ",NA," "," "," ",NA," "," "," "
"96","USC00413787",1944,8,"PRCP",0," "," ","0",0," "," ","0",0," "," ","0",0," "," ","0",0," "," ","0",0," "," ","0",104," "," ","0",0," "," ","0",0," "," ","0",0," "," ","0",0," "," ","0",0," "," ","0",0," "," ","0",0," "," ","0",0," "," ","0",0," "," ","0",0," "," ","0",0," "," ","0",18," "," ","0",0," "," ","0",0," "," ","0",0," "," ","0",0," "," ","0",0," "," ","0",168," "," ","0",0," "," ","0",0," "," ","0",56," "," ","0",0," "," ","0",229," "," ","0",0," "," ","0"
"97","USC00413787",1944,8,"SNOW",0," "," ","0",0," "," ","0",0," "," ","0",0," "," ","0",0," "," ","0",0," "," ","0",0," "," ","0",0," "," ","0",0," "," ","0",0," "," ","0",0," "," ","0",0," "," ","0",0," "," ","0",0," "," ","0",0," "," ","0",0," "," ","0",0," "," ","0",0," "," ","0",0," "," ","0",0," "," ","0",0," "," ","0",0," "," ","0",0," "," ","0",0," "," ","0",0," "," ","0",0," "," ","0",0," "," ","0",0," "," ","0",0," "," ","0",0," "," ","0",0," "," ","0"
"98","USC00413787",1944,8,"SNWD",0," "," ","0",0," "," ","0",0," "," ","0",0," "," ","0",0," "," ","0",0," "," ","0",0," "," ","0",0," "," ","0",0," "," ","0",0," "," ","0",0," "," ","0",0," "," ","0",0," "," ","0",0," "," ","0",0," "," ","0",0," "," ","0",0," "," ","0",0," "," ","0",0," "," ","0",0," "," ","0",0," "," ","0",0," "," ","0",0," "," ","0",0," "," ","0",0," "," ","0",0," "," ","0",0," "," ","0",0," "," ","0",0," "," ","0",0," "," ","0",0," "," ","0"
"99","USC00413787",1944,9,"PRCP",0," "," ","0",0," "," ","0",0," "," ","0",107," "," ","0",0," "," ","0",0," "," ","0",0," "," ","0",0," "," ","0",20," "," ","0",0," "," ","0",0," "," ","0",0," "," ","0",0," "," ","0",0," "," ","0",0," "," ","0",0," "," ","0",0," "," ","0",0," "," ","0",0," "," ","0",0," "," ","0",0," "," ","0",0," "," ","0",0," "," ","0",0," "," ","0",0," "," ","0",0," "," ","0",244," "," ","0",0," "," ","0",0," "," ","0",0," "," ","0",NA," "," "," "
"100","USC00413787",1944,9,"SNOW",0," "," ","0",0," "," ","0",0," "," ","0",0," "," ","0",0," "," ","0",0," "," ","0",0," "," ","0",0," "," ","0",0," "," ","0",0," "," ","0",0," "," ","0",0," "," ","0",0," "," ","0",0," "," ","0",0," "," ","0",0," "," ","0",0," "," ","0",0," "," ","0",0," "," ","0",0," "," ","0",0," "," ","0",0," "," ","0",0," "," ","0",0," "," ","0",0," "," ","0",0," "," ","0",0," "," ","0",0," "," ","0",0," "," ","0",0," "," ","0",NA," "," "," "
"101","USC00413787",1944,9,"SNWD",0," "," ","0",0," "," ","0",0," "," ","0",0," "," ","0",0," "," ","0",0," "," ","0",0," "," ","0",0," "," ","0",0," "," ","0",0," "," ","0",0," "," ","0",0," "," ","0",0," "," ","0",0," "," ","0",0," "," ","0",0," "," ","0",0," "," ","0",0," "," ","0",0," "," ","0",0," "," ","0",0," "," ","0",0," "," ","0",0," "," ","0",0," "," ","0",0," "," ","0",0," "," ","0",0," "," ","0",0," "," ","0",0," "," ","0",0," "," ","0",NA," "," "," "
"102","USC00413787",1944,10,"PRCP",0," "," ","0",142," "," ","0",0," "," ","0",41," "," ","0",0," "," ","0",0," "," ","0",0," "," ","0",0," "," ","0",0," "," ","0",0," "," ","0",0," "," ","0",0," "," ","0",0," "," ","0",0," "," ","0",0," "," ","0",5," "," ","0",0," "," ","0",0," "," ","0",0," "," ","0",0," "," ","0",0," "," ","0",0," "," ","0",0," "," ","0",0," "," ","0",0," "," ","0",0," "," ","0",0," "," ","0",0," "," ","0",0," "," ","0",0," "," ","0",0," "," ","0"
"103","USC00413787",1944,10,"SNOW",0," "," ","0",0," "," ","0",0," "," ","0",0," "," ","0",0," "," ","0",0," "," ","0",0," "," ","0",0," "," ","0",0," "," ","0",0," "," ","0",0," "," ","0",0," "," ","0",0," "," ","0",0," "," ","0",0," "," ","0",0," "," ","0",0," "," ","0",0," "," ","0",0," "," ","0",0," "," ","0",0," "," ","0",0," "," ","0",0," "," ","0",0," "," ","0",0," "," ","0",0," "," ","0",0," "," ","0",0," "," ","0",0," "," ","0",0," "," ","0",0," "," ","0"
"104","USC00413787",1944,10,"SNWD",0," "," ","0",0," "," ","0",0," "," ","0",0," "," ","0",0," "," ","0",0," "," ","0",0," "," ","0",0," "," ","0",0," "," ","0",0," "," ","0",0," "," ","0",0," "," ","0",0," "," ","0",0," "," ","0",0," "," ","0",0," "," ","0",0," "," ","0",0," "," ","0",0," "," ","0",0," "," ","0",0," "," ","0",0," "," ","0",0," "," ","0",0," "," ","0",0," "," ","0",0," "," ","0",0," "," ","0",0," "," ","0",0," "," ","0",0," "," ","0",0," "," ","0"
"105","USC00413787",1944,11,"PRCP",0," "," ","0",0," "," ","0",0," "," ","0",0," "," ","0",0," "," ","0",114," "," ","0",0," "," ","0",20," "," ","0",0," "," ","0",0," "," ","0",0," "," ","0",0," "," ","0",0," "," ","0",0," "," ","0",0," "," ","0",0," "," ","0",0," "," ","0",0," "," ","0",0," "," ","0",0," "," ","0",0," "," ","0",0," "," ","0",0," "," ","0",76," "," ","0",13," "," ","0",0," "," ","0",0," "," ","0",0," "," ","0",0," "," ","0",0," "," ","0",NA," "," "," "
"106","USC00413787",1944,11,"SNOW",0," "," ","0",0," "," ","0",0," "," ","0",0," "," ","0",0," "," ","0",0," "," ","0",0," "," ","0",0," "," ","0",0," "," ","0",0," "," ","0",0," "," ","0",0," "," ","0",0," "," ","0",0," "," ","0",0," "," ","0",0," "," ","0",0," "," ","0",0," "," ","0",0," "," ","0",0," "," ","0",0," "," ","0",0," "," ","0",0," "," ","0",0," "," ","0",0," "," ","0",0," "," ","0",0," "," ","0",0," "," ","0",0," "," ","0",0," "," ","0",NA," "," "," "
"107","USC00413787",1944,11,"SNWD",0," "," ","0",0," "," ","0",0," "," ","0",0," "," ","0",0," "," ","0",0," "," ","0",0," "," ","0",0," "," ","0",0," "," ","0",0," "," ","0",0," "," ","0",0," "," ","0",0," "," ","0",0," "," ","0",0," "," ","0",0," "," ","0",0," "," ","0",0," "," ","0",0," "," ","0",0," "," ","0",0," "," ","0",0," "," ","0",0," "," ","0",0," "," ","0",0," "," ","0",0," "," ","0",0," "," ","0",0," "," ","0",0," "," ","0",0," "," ","0",NA," "," "," "
"108","USC00413787",1944,12,"PRCP",0," "," ","0",0," "," ","0",0," "," ","0",330," "," ","0",155," "," ","0",0," "," ","0",0," "," ","0",0," "," ","0",0," "," ","0",0," "," ","0",0," "," ","0",0," "," ","0",0," "," ","0",0," "," ","0",0," "," ","0",0," "," ","0",0," "," ","0",0," "," ","0",0," "," ","0",0," "," ","0",0," "," ","0",0," "," ","0",0," "," ","0",0," "," ","0",0," "," ","0",0," "," ","0",0," "," ","0",0," "," ","0",0," "," ","0",0," "," ","0",0," "," ","0"
"109","USC00413787",1944,12,"SNOW",0," "," ","0",0," "," ","0",0," "," ","0",0," "," ","0",0," "," ","0",0," "," ","0",0," "," ","0",0," "," ","0",0," "," ","0",0," "," ","0",0," "," ","0",0," "," ","0",0," "," ","0",0," "," ","0",0," "," ","0",0," "," ","0",0," "," ","0",0," "," ","0",0," "," ","0",0," "," ","0",0," "," ","0",0," "," ","0",0," "," ","0",0," "," ","0",0," "," ","0",0," "," ","0",0," "," ","0",0," "," ","0",0," "," ","0",0," "," ","0",0," "," ","0"
"110","USC00413787",1944,12,"SNWD",0," "," ","0",0," "," ","0",0," "," ","0",0," "," ","0",0," "," ","0",0," "," ","0",0," "," ","0",0," "," ","0",0," "," ","0",0," "," ","0",0," "," ","0",0," "," ","0",0," "," ","0",0," "," ","0",0," "," ","0",0," "," ","0",0," "," ","0",0," "," ","0",0," "," ","0",0," "," ","0",0," "," ","0",0," "," ","0",0," "," ","0",0," "," ","0",0," "," ","0",0," "," ","0",0," "," ","0",0," "," ","0",0," "," ","0",0," "," ","0",0," "," ","0"
"111","USC00413787",1945,1,"PRCP",0," "," ","0",0," "," ","0",0," "," ","0",0," "," ","0",0," "," ","0",0," "," ","0",0," "," ","0",0," "," ","0",0," "," ","0",0," "," ","0",0," "," ","0",0," "," ","0",0," "," ","0",0," "," ","0",0," "," ","0",0," "," ","0",0," "," ","0",66," "," ","0",0," "," ","0",94," "," ","0",0," "," ","0",0," "," ","0",0," "," ","0",0," "," ","0",0," "," ","0",0," "," ","0",30," "," ","0",0," "," ","0",0," "," ","0",0," "," ","0",0," "," ","0"
"112","USC00413787",1945,1,"SNOW",0," "," ","0",0," "," ","0",0," "," ","0",0," "," ","0",0," "," ","0",0," "," ","0",0," "," ","0",0," "," ","0",0," "," ","0",0," "," ","0",0," "," ","0",0," "," ","0",0," "," ","0",0," "," ","0",0," "," ","0",0," "," ","0",0," "," ","0",0," "," ","0",0," "," ","0",0," "," ","0",0," "," ","0",0," "," ","0",0," "," ","0",0," "," ","0",0," "," ","0",0," "," ","0",0," "," ","0",0," "," ","0",0," "," ","0",0," "," ","0",0," "," ","0"
"113","USC00413787",1945,1,"SNWD",0," "," ","0",0," "," ","0",0," "," ","0",0," "," ","0",0," "," ","0",0," "," ","0",0," "," ","0",0," "," ","0",0," "," ","0",0," "," ","0",0," "," ","0",0," "," ","0",0," "," ","0",0," "," ","0",0," "," ","0",0," "," ","0",0," "," ","0",0," "," ","0",0," "," ","0",0," "," ","0",0," "," ","0",0," "," ","0",0," "," ","0",0," "," ","0",0," "," ","0",0," "," ","0",0," "," ","0",0," "," ","0",0," "," ","0",0," "," ","0",0," "," ","0"
"114","USC00413787",1945,2,"PRCP",0," "," ","0",0," "," ","0",0," "," ","0",0," "," ","0",0," "," ","0",0," "," ","0",0," "," ","0",0," "," ","0",0," "," ","0",0," "," ","0",0," "," ","0",0," "," ","0",0," "," ","0",0," "," ","0",0," "," ","0",0," "," ","0",0," "," ","0",0," "," ","0",0," "," ","0",0," "," ","0",142," "," ","0",0," "," ","0",0," "," ","0",0," "," ","0",0," "," ","0",0," "," ","0",0," "," ","0",0," "," ","0",NA," "," "," ",NA," "," "," ",NA," "," "," "
"115","USC00413787",1945,2,"SNOW",0," "," ","0",0," "," ","0",0," "," ","0",0," "," ","0",0," "," ","0",0," "," ","0",0," "," ","0",0," "," ","0",0," "," ","0",0," "," ","0",0," "," ","0",0," "," ","0",0," "," ","0",0," "," ","0",0," "," ","0",0," "," ","0",0," "," ","0",0," "," ","0",0," "," ","0",0," "," ","0",0," "," ","0",0," "," ","0",0," "," ","0",0," "," ","0",0," "," ","0",0," "," ","0",0," "," ","0",0," "," ","0",NA," "," "," ",NA," "," "," ",NA," "," "," "
"116","USC00413787",1945,2,"SNWD",0," "," ","0",0," "," ","0",0," "," ","0",0," "," ","0",0," "," ","0",0," "," ","0",0," "," ","0",0," "," ","0",0," "," ","0",0," "," ","0",0," "," ","0",0," "," ","0",0," "," ","0",0," "," ","0",0," "," ","0",0," "," ","0",0," "," ","0",0," "," ","0",0," "," ","0",0," "," ","0",0," "," ","0",0," "," ","0",0," "," ","0",0," "," ","0",0," "," ","0",0," "," ","0",0," "," ","0",0," "," ","0",NA," "," "," ",NA," "," "," ",NA," "," "," "
"117","USC00413787",1945,3,"PRCP",0," "," ","0",0," "," ","0",0," "," ","0",0," "," ","0",0," "," ","0",0," "," ","0",0," "," ","0",0," "," ","0",0," "," ","0",0," "," ","0",0," "," ","0",0," "," ","0",0," "," ","0",46," "," ","0",0," "," ","0",0," "," ","0",0," "," ","0",0," "," ","0",64," "," ","0",0," "," ","0",0," "," ","0",0," "," ","0",0," "," ","0",0," "," ","0",0," "," ","0",0," "," ","0",0," "," ","0",0," "," ","0",0," "," ","0",0," "," ","0",0," "," ","0"
"118","USC00413787",1945,3,"SNOW",0," "," ","0",0," "," ","0",0," "," ","0",0," "," ","0",0," "," ","0",0," "," ","0",0," "," ","0",0," "," ","0",0," "," ","0",0," "," ","0",0," "," ","0",0," "," ","0",0," "," ","0",0," "," ","0",0," "," ","0",0," "," ","0",0," "," ","0",0," "," ","0",0," "," ","0",0," "," ","0",0," "," ","0",0," "," ","0",0," "," ","0",0," "," ","0",0," "," ","0",0," "," ","0",0," "," ","0",0," "," ","0",0," "," ","0",0," "," ","0",0," "," ","0"
"119","USC00413787",1945,3,"SNWD",0," "," ","0",0," "," ","0",0," "," ","0",0," "," ","0",0," "," ","0",0," "," ","0",0," "," ","0",0," "," ","0",0," "," ","0",0," "," ","0",0," "," ","0",0," "," ","0",0," "," ","0",0," "," ","0",0," "," ","0",0," "," ","0",0," "," ","0",0," "," ","0",0," "," ","0",0," "," ","0",0," "," ","0",0," "," ","0",0," "," ","0",0," "," ","0",0," "," ","0",0," "," ","0",0," "," ","0",0," "," ","0",0," "," ","0",0," "," ","0",0," "," ","0"
"120","USC00413787",1945,4,"PRCP",0," "," ","0",0," "," ","0",8," "," ","0",0," "," ","0",0," "," ","0",0," "," ","0",0," "," ","0",0," "," ","0",0," "," ","0",0," "," ","0",0," "," ","0",0," "," ","0",0," "," ","0",76," "," ","0",61," "," ","0",25," "," ","0",0," "," ","0",0," "," ","0",0," "," ","0",0," "," ","0",0," "," ","0",0," "," ","0",18," "," ","0",13," "," ","0",8," "," ","0",0," "," ","0",0," "," ","0",13," "," ","0",0," "," ","0",0," "," ","0",NA," "," "," "
"121","USC00413787",1945,4,"SNOW",0," "," ","0",0," "," ","0",0," "," ","0",0," "," ","0",0," "," ","0",0," "," ","0",0," "," ","0",0," "," ","0",0," "," ","0",0," "," ","0",0," "," ","0",0," "," ","0",0," "," ","0",0," "," ","0",0," "," ","0",0," "," ","0",0," "," ","0",0," "," ","0",0," "," ","0",0," "," ","0",0," "," ","0",0," "," ","0",0," "," ","0",0," "," ","0",0," "," ","0",0," "," ","0",0," "," ","0",0," "," ","0",0," "," ","0",0," "," ","0",NA," "," "," "
"122","USC00413787",1945,4,"SNWD",0," "," ","0",0," "," ","0",0," "," ","0",0," "," ","0",0," "," ","0",0," "," ","0",0," "," ","0",0," "," ","0",0," "," ","0",0," "," ","0",0," "," ","0",0," "," ","0",0," "," ","0",0," "," ","0",0," "," ","0",0," "," ","0",0," "," ","0",0," "," ","0",0," "," ","0",0," "," ","0",0," "," ","0",0," "," ","0",0," "," ","0",0," "," ","0",0," "," ","0",0," "," ","0",0," "," ","0",0," "," ","0",0," "," ","0",0," "," ","0",NA," "," "," "
"123","USC00413787",1945,5,"PRCP",262," "," ","0",0," "," ","0",0," "," ","0",0," "," ","0",0," "," ","0",0," "," ","0",0," "," ","0",0," "," ","0",0," "," ","0",0," "," ","0",0," "," ","0",0," "," ","0",0," "," ","0",0," "," ","0",33," "," ","0",0," "," ","0",0," "," ","0",0," "," ","0",0," "," ","0",0," "," ","0",0," "," ","0",0," "," ","0",0," "," ","0",0," "," ","0",0," "," ","0",0," "," ","0",0," "," ","0",0," "," ","0",0," "," ","0",0," "," ","0",3," "," ","0"
"124","USC00413787",1945,5,"SNOW",0," "," ","0",0," "," ","0",0," "," ","0",0," "," ","0",0," "," ","0",0," "," ","0",0," "," ","0",0," "," ","0",0," "," ","0",0," "," ","0",0," "," ","0",0," "," ","0",0," "," ","0",0," "," ","0",0," "," ","0",0," "," ","0",0," "," ","0",0," "," ","0",0," "," ","0",0," "," ","0",0," "," ","0",0," "," ","0",0," "," ","0",0," "," ","0",0," "," ","0",0," "," ","0",0," "," ","0",0," "," ","0",0," "," ","0",0," "," ","0",0," "," ","0"
"125","USC00413787",1945,5,"SNWD",0," "," ","0",0," "," ","0",0," "," ","0",0," "," ","0",0," "," ","0",0," "," ","0",0," "," ","0",0," "," ","0",0," "," ","0",0," "," ","0",0," "," ","0",0," "," ","0",0," "," ","0",0," "," ","0",0," "," ","0",0," "," ","0",0," "," ","0",0," "," ","0",0," "," ","0",0," "," ","0",0," "," ","0",0," "," ","0",0," "," ","0",0," "," ","0",0," "," ","0",0," "," ","0",0," "," ","0",0," "," ","0",0," "," ","0",0," "," ","0",0," "," ","0"
"126","USC00413787",1945,6,"PRCP",0," "," ","0",0," "," ","0",33," "," ","0",0," "," ","0",0," "," ","0",0," "," ","0",0," "," ","0",0," "," ","0",0," "," ","0",0," "," ","0",64," "," ","0",244," "," ","0",0," "," ","0",0," "," ","0",0," "," ","0",0," "," ","0",0," "," ","0",0," "," ","0",0," "," ","0",272," "," ","0",81," "," ","0",0," "," ","0",0," "," ","0",0," "," ","0",0," "," ","0",0," "," ","0",38," "," ","0",0," "," ","0",0," "," ","0",0," "," ","0",NA," "," "," "
"127","USC00413787",1945,6,"SNOW",0," "," ","0",0," "," ","0",0," "," ","0",0," "," ","0",0," "," ","0",0," "," ","0",0," "," ","0",0," "," ","0",0," "," ","0",0," "," ","0",0," "," ","0",0," "," ","0",0," "," ","0",0," "," ","0",0," "," ","0",0," "," ","0",0," "," ","0",0," "," ","0",0," "," ","0",0," "," ","0",0," "," ","0",0," "," ","0",0," "," ","0",0," "," ","0",0," "," ","0",0," "," ","0",0," "," ","0",0," "," ","0",0," "," ","0",0," "," ","0",NA," "," "," "
"128","USC00413787",1945,6,"SNWD",0," "," ","0",0," "," ","0",0," "," ","0",0," "," ","0",0," "," ","0",0," "," ","0",0," "," ","0",0," "," ","0",0," "," ","0",0," "," ","0",0," "," ","0",0," "," ","0",0," "," ","0",0," "," ","0",0," "," ","0",0," "," ","0",0," "," ","0",0," "," ","0",0," "," ","0",0," "," ","0",0," "," ","0",0," "," ","0",0," "," ","0",0," "," ","0",0," "," ","0",0," "," ","0",0," "," ","0",0," "," ","0",0," "," ","0",0," "," ","0",NA," "," "," "
"129","USC00413787",1945,7,"PRCP",584," "," ","0",0," "," ","0",0," "," ","0",0," "," ","0",0," "," ","0",0," "," ","0",0," "," ","0",0," "," ","0",0," "," ","0",0," "," ","0",30," "," ","0",254," "," ","0",0," "," ","0",0," "," ","0",0," "," ","0",0," "," ","0",0," "," ","0",0," "," ","0",0," "," ","0",0," "," ","0",0," "," ","0",0," "," ","0",0," "," ","0",0," "," ","0",0," "," ","0",36," "," ","0",0," "," ","0",0," "," ","0",0," "," ","0",0," "," ","0",0," "," ","0"
"130","USC00413787",1945,7,"SNOW",0," "," ","0",0," "," ","0",0," "," ","0",0," "," ","0",0," "," ","0",0," "," ","0",0," "," ","0",0," "," ","0",0," "," ","0",0," "," ","0",0," "," ","0",0," "," ","0",0," "," ","0",0," "," ","0",0," "," ","0",0," "," ","0",0," "," ","0",0," "," ","0",0," "," ","0",0," "," ","0",0," "," ","0",0," "," ","0",0," "," ","0",0," "," ","0",0," "," ","0",0," "," ","0",0," "," ","0",0," "," ","0",0," "," ","0",0," "," ","0",0," "," ","0"
"131","USC00413787",1945,7,"SNWD",0," "," ","0",0," "," ","0",0," "," ","0",0," "," ","0",0," "," ","0",0," "," ","0",0," "," ","0",0," "," ","0",0," "," ","0",0," "," ","0",0," "," ","0",0," "," ","0",0," "," ","0",0," "," ","0",0," "," ","0",0," "," ","0",0," "," ","0",0," "," ","0",0," "," ","0",0," "," ","0",0," "," ","0",0," "," ","0",0," "," ","0",0," "," ","0",0," "," ","0",0," "," ","0",0," "," ","0",0," "," ","0",0," "," ","0",0," "," ","0",0," "," ","0"
"132","USC00413787",1945,8,"PRCP",0," "," ","0",0," "," ","0",0," "," ","0",0," "," ","0",0," "," ","0",0," "," ","0",0," "," ","0",0," "," ","0",0," "," ","0",0," "," ","0",0," "," ","0",0," "," ","0",0," "," ","0",0," "," ","0",46," "," ","0",0," "," ","0",0," "," ","0",224," "," ","0",0," "," ","0",0," "," ","0",213," "," ","0",0," "," ","0",0," "," ","0",0," "," ","0",0," "," ","0",0," "," ","0",0," "," ","0",0," "," ","0",0," "," ","0",0," "," ","0",0," "," ","0"
"133","USC00413787",1945,8,"SNOW",0," "," ","0",0," "," ","0",0," "," ","0",0," "," ","0",0," "," ","0",0," "," ","0",0," "," ","0",0," "," ","0",0," "," ","0",0," "," ","0",0," "," ","0",0," "," ","0",0," "," ","0",0," "," ","0",0," "," ","0",0," "," ","0",0," "," ","0",0," "," ","0",0," "," ","0",0," "," ","0",0," "," ","0",0," "," ","0",0," "," ","0",0," "," ","0",0," "," ","0",0," "," ","0",0," "," ","0",0," "," ","0",0," "," ","0",0," "," ","0",0," "," ","0"
"134","USC00413787",1945,8,"SNWD",0," "," ","0",0," "," ","0",0," "," ","0",0," "," ","0",0," "," ","0",0," "," ","0",0," "," ","0",0," "," ","0",0," "," ","0",0," "," ","0",0," "," ","0",0," "," ","0",0," "," ","0",0," "," ","0",0," "," ","0",0," "," ","0",0," "," ","0",0," "," ","0",0," "," ","0",0," "," ","0",0," "," ","0",0," "," ","0",0," "," ","0",0," "," ","0",0," "," ","0",0," "," ","0",0," "," ","0",0," "," ","0",0," "," ","0",0," "," ","0",0," "," ","0"
"135","USC00413787",1945,9,"PRCP",0," "," ","0",0," "," ","0",0," "," ","0",0," "," ","0",0," "," ","0",0," "," ","0",0," "," ","0",0," "," ","0",0," "," ","0",0," "," ","0",0," "," ","0",0," "," ","0",0," "," ","0",0," "," ","0",0," "," ","0",0," "," ","0",20," "," ","0",0," "," ","0",0," "," ","0",0," "," ","0",0," "," ","0",0," "," ","0",0," "," ","0",0," "," ","0",0," "," ","0",0," "," ","0",0," "," ","0",345," "," ","0",193," "," ","0",183," "," ","0",NA," "," "," "
"136","USC00413787",1945,9,"SNOW",0," "," ","0",0," "," ","0",0," "," ","0",0," "," ","0",0," "," ","0",0," "," ","0",0," "," ","0",0," "," ","0",0," "," ","0",0," "," ","0",0," "," ","0",0," "," ","0",0," "," ","0",0," "," ","0",0," "," ","0",0," "," ","0",0," "," ","0",0," "," ","0",0," "," ","0",0," "," ","0",0," "," ","0",0," "," ","0",0," "," ","0",0," "," ","0",0," "," ","0",0," "," ","0",0," "," ","0",0," "," ","0",0," "," ","0",0," "," ","0",NA," "," "," "
"137","USC00413787",1945,9,"SNWD",0," "," ","0",0," "," ","0",0," "," ","0",0," "," ","0",0," "," ","0",0," "," ","0",0," "," ","0",0," "," ","0",0," "," ","0",0," "," ","0",0," "," ","0",0," "," ","0",0," "," ","0",0," "," ","0",0," "," ","0",0," "," ","0",0," "," ","0",0," "," ","0",0," "," ","0",0," "," ","0",0," "," ","0",0," "," ","0",0," "," ","0",0," "," ","0",0," "," ","0",0," "," ","0",0," "," ","0",0," "," ","0",0," "," ","0",0," "," ","0",NA," "," "," "
"138","USC00413787",1945,10,"PRCP",0," "," ","0",0," "," ","0",0," "," ","0",0," "," ","0",0," "," ","0",0," "," ","0",0," "," ","0",0," "," ","0",0," "," ","0",0," "," ","0",0," "," ","0",0," "," ","0",61," "," ","0",0," "," ","0",0," "," ","0",0," "," ","0",0," "," ","0",0," "," ","0",0," "," ","0",0," "," ","0",122," "," ","0",0," "," ","0",0," "," ","0",13," "," ","0",0," "," ","0",0," "," ","0",0," "," ","0",0," "," ","0",0," "," ","0",0," "," ","0",0," "," ","0"
"139","USC00413787",1945,10,"SNOW",0," "," ","0",0," "," ","0",0," "," ","0",0," "," ","0",0," "," ","0",0," "," ","0",0," "," ","0",0," "," ","0",0," "," ","0",0," "," ","0",0," "," ","0",0," "," ","0",0," "," ","0",0," "," ","0",0," "," ","0",0," "," ","0",0," "," ","0",0," "," ","0",0," "," ","0",0," "," ","0",0," "," ","0",0," "," ","0",0," "," ","0",0," "," ","0",0," "," ","0",0," "," ","0",0," "," ","0",0," "," ","0",0," "," ","0",0," "," ","0",0," "," ","0"
"140","USC00413787",1945,10,"SNWD",0," "," ","0",0," "," ","0",0," "," ","0",0," "," ","0",0," "," ","0",0," "," ","0",0," "," ","0",0," "," ","0",0," "," ","0",0," "," ","0",0," "," ","0",0," "," ","0",0," "," ","0",0," "," ","0",0," "," ","0",0," "," ","0",0," "," ","0",0," "," ","0",0," "," ","0",0," "," ","0",0," "," ","0",0," "," ","0",0," "," ","0",0," "," ","0",0," "," ","0",0," "," ","0",0," "," ","0",0," "," ","0",0," "," ","0",0," "," ","0",0," "," ","0"
"141","USC00413787",1945,11,"PRCP",0," "," ","0",0," "," ","0",0," "," ","0",0," "," ","0",0," "," ","0",0," "," ","0",0," "," ","0",0," "," ","0",0," "," ","0",0," "," ","0",0," "," ","0",0," "," ","0",0," "," ","0",0," "," ","0",0," "," ","0",0," "," ","0",0," "," ","0",0," "," ","0",0," "," ","0",0," "," ","0",0," "," ","0",0," "," ","0",0," "," ","0",0," "," ","0",0," "," ","0",0," "," ","0",0," "," ","0",0," "," ","0",0," "," ","0",0," "," ","0",NA," "," "," "
"142","USC00413787",1945,11,"SNOW",0," "," ","0",0," "," ","0",0," "," ","0",0," "," ","0",0," "," ","0",0," "," ","0",0," "," ","0",0," "," ","0",0," "," ","0",0," "," ","0",0," "," ","0",0," "," ","0",0," "," ","0",0," "," ","0",0," "," ","0",0," "," ","0",0," "," ","0",0," "," ","0",0," "," ","0",0," "," ","0",0," "," ","0",0," "," ","0",0," "," ","0",0," "," ","0",0," "," ","0",0," "," ","0",0," "," ","0",0," "," ","0",0," "," ","0",0," "," ","0",NA," "," "," "
"143","USC00413787",1945,11,"SNWD",0," "," ","0",0," "," ","0",0," "," ","0",0," "," ","0",0," "," ","0",0," "," ","0",0," "," ","0",0," "," ","0",0," "," ","0",0," "," ","0",0," "," ","0",0," "," ","0",0," "," ","0",0," "," ","0",0," "," ","0",0," "," ","0",0," "," ","0",0," "," ","0",0," "," ","0",0," "," ","0",0," "," ","0",0," "," ","0",0," "," ","0",0," "," ","0",0," "," ","0",0," "," ","0",0," "," ","0",0," "," ","0",0," "," ","0",0," "," ","0",NA," "," "," "
"144","USC00413787",1945,12,"PRCP",0," "," ","0",0," "," ","0",0," "," ","0",0," "," ","0",0," "," ","0",0," "," ","0",0," "," ","0",0," "," ","0",0," "," ","0",0," "," ","0",0," "," ","0",0," "," ","0",0," "," ","0",0," "," ","0",0," "," ","0",0," "," ","0",0," "," ","0",0," "," ","0",0," "," ","0",0," "," ","0",0," "," ","0",0," "," ","0",0," "," ","0",0," "," ","0",0," "," ","0",0," "," ","0",0," "," ","0",0," "," ","0",0," "," ","0",36," "," ","0",0," "," ","0"
"145","USC00413787",1945,12,"SNOW",0," "," ","0",0," "," ","0",0," "," ","0",0," "," ","0",0," "," ","0",0," "," ","0",0," "," ","0",0," "," ","0",0," "," ","0",0," "," ","0",0," "," ","0",0," "," ","0",0," "," ","0",0," "," ","0",0," "," ","0",0," "," ","0",0," "," ","0",0," "," ","0",0," "," ","0",0," "," ","0",0," "," ","0",0," "," ","0",0," "," ","0",0," "," ","0",0," "," ","0",0," "," ","0",0," "," ","0",0," "," ","0",0," "," ","0",0," "," ","0",0," "," ","0"
"146","USC00413787",1945,12,"SNWD",0," "," ","0",0," "," ","0",0," "," ","0",0," "," ","0",0," "," ","0",0," "," ","0",0," "," ","0",0," "," ","0",0," "," ","0",0," "," ","0",0," "," ","0",0," "," ","0",0," "," ","0",0," "," ","0",0," "," ","0",0," "," ","0",0," "," ","0",0," "," ","0",0," "," ","0",0," "," ","0",0," "," ","0",0," "," ","0",0," "," ","0",0," "," ","0",0," "," ","0",0," "," ","0",0," "," ","0",0," "," ","0",0," "," ","0",0," "," ","0",0," "," ","0"
"147","USC00413787",1946,1,"PRCP",0," "," ","0",0," "," ","0",0," "," ","0",51," "," ","0",0," "," ","0",0," "," ","0",0," "," ","0",0," "," ","0",0," "," ","0",0," "," ","0",0," "," ","0",0," "," ","0",0," "," ","0",0," "," ","0",0," "," ","0",0," "," ","0",0," "," ","0",5," "," ","0",0," "," ","0",0," "," ","0",0," "," ","0",0," "," ","0",0," "," ","0",0," "," ","0",0," "," ","0",0,"T"," ","0",0," "," ","0",0," "," ","0",0," "," ","0",0," "," ","0",0," "," ","0"
"148","USC00413787",1946,1,"SNOW",0," "," ","0",0," "," ","0",0," "," ","0",0," "," ","0",0," "," ","0",0," "," ","0",0," "," ","0",0," "," ","0",0," "," ","0",0," "," ","0",0," "," ","0",0," "," ","0",0," "," ","0",0," "," ","0",0," "," ","0",0," "," ","0",0," "," ","0",0," "," ","0",0," "," ","0",0," "," ","0",0," "," ","0",0," "," ","0",0," "," ","0",0," "," ","0",0," "," ","0",0,"T"," ","0",0," "," ","0",0," "," ","0",0," "," ","0",0," "," ","0",0," "," ","0"
"149","USC00413787",1946,1,"SNWD",0," "," ","0",0," "," ","0",0," "," ","0",0," "," ","0",0," "," ","0",0," "," ","0",0," "," ","0",0," "," ","0",0," "," ","0",0," "," ","0",0," "," ","0",0," "," ","0",0," "," ","0",0," "," ","0",0," "," ","0",0," "," ","0",0," "," ","0",0," "," ","0",0," "," ","0",0," "," ","0",0," "," ","0",0," "," ","0",0," "," ","0",0," "," ","0",0," "," ","0",0," "," ","0",0," "," ","0",0," "," ","0",0," "," ","0",0," "," ","0",0," "," ","0"
"150","USC00413787",1946,2,"PRCP",0," "," ","0",0," "," ","0",0," "," ","0",0," "," ","0",0," "," ","0",0," "," ","0",0," "," ","0",0," "," ","0",0," "," ","0",0," "," ","0",0," "," ","0",0," "," ","0",0,"T"," ","0",0," "," ","0",0," "," ","0",0," "," ","0",0," "," ","0",157," "," ","0",20," "," ","0",0," "," ","0",0," "," ","0",0," "," ","0",0," "," ","0",0," "," ","0",0," "," ","0",0," "," ","0",0," "," ","0",0," "," ","0",NA," "," "," ",NA," "," "," ",NA," "," "," "
"151","USC00413787",1946,2,"SNOW",0," "," ","0",0," "," ","0",0," "," ","0",0," "," ","0",0," "," ","0",0," "," ","0",0," "," ","0",0," "," ","0",0," "," ","0",0," "," ","0",0," "," ","0",0," "," ","0",0,"T"," ","0",0," "," ","0",0," "," ","0",0," "," ","0",0," "," ","0",0," "," ","0",0," "," ","0",0," "," ","0",0," "," ","0",0," "," ","0",0," "," ","0",0," "," ","0",0," "," ","0",0," "," ","0",0," "," ","0",0," "," ","0",NA," "," "," ",NA," "," "," ",NA," "," "," "
"152","USC00413787",1946,2,"SNWD",0," "," ","0",0," "," ","0",0," "," ","0",0," "," ","0",0," "," ","0",0," "," ","0",0," "," ","0",0," "," ","0",0," "," ","0",0," "," ","0",0," "," ","0",0," "," ","0",0," "," ","0",0," "," ","0",0," "," ","0",0," "," ","0",0," "," ","0",0," "," ","0",0," "," ","0",0," "," ","0",0," "," ","0",0," "," ","0",0," "," ","0",0," "," ","0",0," "," ","0",0," "," ","0",0," "," ","0",0," "," ","0",NA," "," "," ",NA," "," "," ",NA," "," "," "
"153","USC00413787",1946,3,"PRCP",0," "," ","0",0," "," ","0",0," "," ","0",0," "," ","0",36," "," ","0",18," "," ","0",33," "," ","0",0," "," ","0",0," "," ","0",0," "," ","0",0," "," ","0",0," "," ","0",0," "," ","0",0," "," ","0",10," "," ","0",0," "," ","0",0," "," ","0",0," "," ","0",0," "," ","0",0," "," ","0",0," "," ","0",0," "," ","0",0," "," ","0",0," "," ","0",0," "," ","0",0," "," ","0",0," "," ","0",0," "," ","0",0," "," ","0",0," "," ","0",0," "," ","0"
"154","USC00413787",1946,3,"SNOW",0," "," ","0",0," "," ","0",0," "," ","0",0," "," ","0",0," "," ","0",0," "," ","0",0," "," ","0",0," "," ","0",0," "," ","0",0," "," ","0",0," "," ","0",0," "," ","0",0," "," ","0",0," "," ","0",0," "," ","0",0," "," ","0",0," "," ","0",0," "," ","0",0," "," ","0",0," "," ","0",0," "," ","0",0," "," ","0",0," "," ","0",0," "," ","0",0," "," ","0",0," "," ","0",0," "," ","0",0," "," ","0",0," "," ","0",0," "," ","0",0," "," ","0"
"155","USC00413787",1946,3,"SNWD",0," "," ","0",0," "," ","0",0," "," ","0",0," "," ","0",0," "," ","0",0," "," ","0",0," "," ","0",0," "," ","0",0," "," ","0",0," "," ","0",0," "," ","0",0," "," ","0",0," "," ","0",0," "," ","0",0," "," ","0",0," "," ","0",0," "," ","0",0," "," ","0",0," "," ","0",0," "," ","0",0," "," ","0",0," "," ","0",0," "," ","0",0," "," ","0",0," "," ","0",0," "," ","0",0," "," ","0",0," "," ","0",0," "," ","0",0," "," ","0",0," "," ","0"
"156","USC00413787",1946,4,"PRCP",0," "," ","0",0," "," ","0",0," "," ","0",0," "," ","0",0," "," ","0",0," "," ","0",0," "," ","0",0," "," ","0",0," "," ","0",0," "," ","0",0," "," ","0",0," "," ","0",0," "," ","0",0," "," ","0",0," "," ","0",102," "," ","0",0," "," ","0",0," "," ","0",0," "," ","0",0," "," ","0",0," "," ","0",0," "," ","0",0," "," ","0",0," "," ","0",0," "," ","0",0," "," ","0",0," "," ","0",0," "," ","0",668," "," ","0",0," "," ","0",NA," "," "," "
"157","USC00413787",1946,4,"SNOW",0," "," ","0",0," "," ","0",0," "," ","0",0," "," ","0",0," "," ","0",0," "," ","0",0," "," ","0",0," "," ","0",0," "," ","0",0," "," ","0",0," "," ","0",0," "," ","0",0," "," ","0",0," "," ","0",0," "," ","0",0," "," ","0",0," "," ","0",0," "," ","0",0," "," ","0",0," "," ","0",0," "," ","0",0," "," ","0",0," "," ","0",0," "," ","0",0," "," ","0",0," "," ","0",0," "," ","0",0," "," ","0",0," "," ","0",0," "," ","0",NA," "," "," "
"158","USC00413787",1946,4,"SNWD",0," "," ","0",0," "," ","0",0," "," ","0",0," "," ","0",0," "," ","0",0," "," ","0",0," "," ","0",0," "," ","0",0," "," ","0",0," "," ","0",0," "," ","0",0," "," ","0",0," "," ","0",0," "," ","0",0," "," ","0",0," "," ","0",0," "," ","0",0," "," ","0",0," "," ","0",0," "," ","0",0," "," ","0",0," "," ","0",0," "," ","0",0," "," ","0",0," "," ","0",0," "," ","0",0," "," ","0",0," "," ","0",0," "," ","0",0," "," ","0",NA," "," "," "
"159","USC00413787",1946,5,"PRCP",0," "," ","0",0," "," ","0",0," "," ","0",0," "," ","0",0," "," ","0",0," "," ","0",0," "," ","0",0," "," ","0",3," "," ","0",0," "," ","0",0," "," ","0",0," "," ","0",0," "," ","0",0," "," ","0",0," "," ","0",122," "," ","0",196," "," ","0",0," "," ","0",0," "," ","0",25," "," ","0",0," "," ","0",0," "," ","0",0," "," ","0",0," "," ","0",0," "," ","0",0," "," ","0",0," "," ","0",368," "," ","0",0," "," ","0",0," "," ","0",30," "," ","0"
"160","USC00413787",1946,5,"SNOW",0," "," ","0",0," "," ","0",0," "," ","0",0," "," ","0",0," "," ","0",0," "," ","0",0," "," ","0",0," "," ","0",0," "," ","0",0," "," ","0",0," "," ","0",0," "," ","0",0," "," ","0",0," "," ","0",0," "," ","0",0," "," ","0",0," "," ","0",0," "," ","0",0," "," ","0",0," "," ","0",0," "," ","0",0," "," ","0",0," "," ","0",0," "," ","0",0," "," ","0",0," "," ","0",0," "," ","0",0," "," ","0",0," "," ","0",0," "," ","0",0," "," ","0"
"161","USC00413787",1946,5,"SNWD",0," "," ","0",0," "," ","0",0," "," ","0",0," "," ","0",0," "," ","0",0," "," ","0",0," "," ","0",0," "," ","0",0," "," ","0",0," "," ","0",0," "," ","0",0," "," ","0",0," "," ","0",0," "," ","0",0," "," ","0",0," "," ","0",0," "," ","0",0," "," ","0",0," "," ","0",0," "," ","0",0," "," ","0",0," "," ","0",0," "," ","0",0," "," ","0",0," "," ","0",0," "," ","0",0," "," ","0",0," "," ","0",0," "," ","0",0," "," ","0",0," "," ","0"
"162","USC00413787",1946,6,"PRCP",0," "," ","0",168," "," ","0",0," "," ","0",0," "," ","0",0," "," ","0",0," "," ","0",0," "," ","0",0," "," ","0",104," "," ","0",0," "," ","0",0," "," ","0",0," "," ","0",0," "," ","0",0," "," ","0",0," "," ","0",0," "," ","0",0," "," ","0",0," "," ","0",41," "," ","0",0," "," ","0",0," "," ","0",229," "," ","0",0," "," ","0",0," "," ","0",0," "," ","0",0," "," ","0",0," "," ","0",0," "," ","0",0," "," ","0",0," "," ","0",NA," "," "," "
"163","USC00413787",1946,6,"SNOW",0," "," ","0",0," "," ","0",0," "," ","0",0," "," ","0",0," "," ","0",0," "," ","0",0," "," ","0",0," "," ","0",0," "," ","0",0," "," ","0",0," "," ","0",0," "," ","0",0," "," ","0",0," "," ","0",0," "," ","0",0," "," ","0",0," "," ","0",0," "," ","0",0," "," ","0",0," "," ","0",0," "," ","0",0," "," ","0",0," "," ","0",0," "," ","0",0," "," ","0",0," "," ","0",0," "," ","0",0," "," ","0",0," "," ","0",0," "," ","0",NA," "," "," "
"164","USC00413787",1946,6,"SNWD",0," "," ","0",0," "," ","0",0," "," ","0",0," "," ","0",0," "," ","0",0," "," ","0",0," "," ","0",0," "," ","0",0," "," ","0",0," "," ","0",0," "," ","0",0," "," ","0",0," "," ","0",0," "," ","0",0," "," ","0",0," "," ","0",0," "," ","0",0," "," ","0",0," "," ","0",0," "," ","0",0," "," ","0",0," "," ","0",0," "," ","0",0," "," ","0",0," "," ","0",0," "," ","0",0," "," ","0",0," "," ","0",0," "," ","0",0," "," ","0",NA," "," "," "
"165","USC00413787",1946,7,"PRCP",48," "," ","0",0," "," ","0",0," "," ","0",0," "," ","0",117," "," ","0",0," "," ","0",0," "," ","0",41," "," ","0",0," "," ","0",0," "," ","0",0," "," ","0",0," "," ","0",0," "," ","0",0," "," ","0",23," "," ","0",53," "," ","0",0," "," ","0",0," "," ","0",0," "," ","0",0," "," ","0",0," "," ","0",0," "," ","0",0," "," ","0",0," "," ","0",0," "," ","0",0," "," ","0",0," "," ","0",41," "," ","0",8," "," ","0",0," "," ","0",0," "," ","0"
"166","USC00413787",1946,7,"SNOW",0," "," ","0",0," "," ","0",0," "," ","0",0," "," ","0",0," "," ","0",0," "," ","0",0," "," ","0",0," "," ","0",0," "," ","0",0," "," ","0",0," "," ","0",0," "," ","0",0," "," ","0",0," "," ","0",0," "," ","0",0," "," ","0",0," "," ","0",0," "," ","0",0," "," ","0",0," "," ","0",0," "," ","0",0," "," ","0",0," "," ","0",0," "," ","0",0," "," ","0",0," "," ","0",0," "," ","0",0," "," ","0",0," "," ","0",0," "," ","0",0," "," ","0"
"167","USC00413787",1946,7,"SNWD",0," "," ","0",0," "," ","0",0," "," ","0",0," "," ","0",0," "," ","0",0," "," ","0",0," "," ","0",0," "," ","0",0," "," ","0",0," "," ","0",0," "," ","0",0," "," ","0",0," "," ","0",0," "," ","0",0," "," ","0",0," "," ","0",0," "," ","0",0," "," ","0",0," "," ","0",0," "," ","0",0," "," ","0",0," "," ","0",0," "," ","0",0," "," ","0",0," "," ","0",0," "," ","0",0," "," ","0",0," "," ","0",0," "," ","0",0," "," ","0",0," "," ","0"
"168","USC00413787",1946,8,"PRCP",0," "," ","0",0," "," ","0",58," "," ","0",18," "," ","0",0," "," ","0",0," "," ","0",0," "," ","0",0," "," ","0",0," "," ","0",0," "," ","0",0," "," ","0",0," "," ","0",0," "," ","0",25," "," ","0",312," "," ","0",0," "," ","0",0," "," ","0",13," "," ","0",155," "," ","0",0," "," ","0",0," "," ","0",0," "," ","0",48," "," ","0",0," "," ","0",0," "," ","0",0," "," ","0",0," "," ","0",157," "," ","0",0," "," ","0",0," "," ","0",0," "," ","0"
"169","USC00413787",1946,8,"SNOW",0," "," ","0",0," "," ","0",0," "," ","0",0," "," ","0",0," "," ","0",0," "," ","0",0," "," ","0",0," "," ","0",0," "," ","0",0," "," ","0",0," "," ","0",0," "," ","0",0," "," ","0",0," "," ","0",0," "," ","0",0," "," ","0",0," "," ","0",0," "," ","0",0," "," ","0",0," "," ","0",0," "," ","0",0," "," ","0",0," "," ","0",0," "," ","0",0," "," ","0",0," "," ","0",0," "," ","0",0," "," ","0",0," "," ","0",0," "," ","0",0," "," ","0"
"170","USC00413787",1946,8,"SNWD",0," "," ","0",0," "," ","0",0," "," ","0",0," "," ","0",0," "," ","0",0," "," ","0",0," "," ","0",0," "," ","0",0," "," ","0",0," "," ","0",0," "," ","0",0," "," ","0",0," "," ","0",0," "," ","0",0," "," ","0",0," "," ","0",0," "," ","0",0," "," ","0",0," "," ","0",0," "," ","0",0," "," ","0",0," "," ","0",0," "," ","0",0," "," ","0",0," "," ","0",0," "," ","0",0," "," ","0",0," "," ","0",0," "," ","0",0," "," ","0",0," "," ","0"
"171","USC00413787",1946,9,"PRCP",0," "," ","0",0," "," ","0",0," "," ","0",0," "," ","0",0," "," ","0",0," "," ","0",0," "," ","0",97," "," ","0",0," "," ","0",0," "," ","0",0," "," ","0",20," "," ","0",0," "," ","0",0," "," ","0",0," "," ","0",0," "," ","0",0," "," ","0",0," "," ","0",300," "," ","0",0," "," ","0",0," "," ","0",0," "," ","0",0," "," ","0",0," "," ","0",0," "," ","0",0," "," ","0",0," "," ","0",0," "," ","0",76," "," ","0",0," "," ","0",NA," "," "," "
"172","USC00413787",1946,9,"SNOW",0," "," ","0",0," "," ","0",0," "," ","0",0," "," ","0",0," "," ","0",0," "," ","0",0," "," ","0",0," "," ","0",0," "," ","0",0," "," ","0",0," "," ","0",0," "," ","0",0," "," ","0",0," "," ","0",0," "," ","0",0," "," ","0",0," "," ","0",0," "," ","0",0," "," ","0",0," "," ","0",0," "," ","0",0," "," ","0",0," "," ","0",0," "," ","0",0," "," ","0",0," "," ","0",0," "," ","0",0," "," ","0",0," "," ","0",0," "," ","0",NA," "," "," "
"173","USC00413787",1946,9,"SNWD",0," "," ","0",0," "," ","0",0," "," ","0",0," "," ","0",0," "," ","0",0," "," ","0",0," "," ","0",0," "," ","0",0," "," ","0",0," "," ","0",0," "," ","0",0," "," ","0",0," "," ","0",0," "," ","0",0," "," ","0",0," "," ","0",0," "," ","0",0," "," ","0",0," "," ","0",0," "," ","0",0," "," ","0",0," "," ","0",0," "," ","0",0," "," ","0",0," "," ","0",0," "," ","0",0," "," ","0",0," "," ","0",0," "," ","0",0," "," ","0",NA," "," "," "
"174","USC00413787",1946,10,"PRCP",0," "," ","0",0," "," ","0",0," "," ","0",56," "," ","0",1123," "," ","0",23," "," ","0",892," "," ","0",0," "," ","0",0," "," ","0",104," "," ","0",0," "," ","0",0," "," ","0",0," "," ","0",0," "," ","0",0," "," ","0",30," "," ","0",0," "," ","0",0," "," ","0",0," "," ","0",0," "," ","0",0," "," ","0",0," "," ","0",0," "," ","0",0," "," ","0",0," "," ","0",0," "," ","0",0," "," ","0",0," "," ","0",0," "," ","0",0," "," ","0",0," "," ","0"
"175","USC00413787",1946,10,"SNOW",0," "," ","0",0," "," ","0",0," "," ","0",0," "," ","0",0," "," ","0",0," "," ","0",0," "," ","0",0," "," ","0",0," "," ","0",0," "," ","0",0," "," ","0",0," "," ","0",0," "," ","0",0," "," ","0",0," "," ","0",0," "," ","0",0," "," ","0",0," "," ","0",0," "," ","0",0," "," ","0",0," "," ","0",0," "," ","0",0," "," ","0",0," "," ","0",0," "," ","0",0," "," ","0",0," "," ","0",0," "," ","0",0," "," ","0",0," "," ","0",0," "," ","0"
"176","USC00413787",1946,10,"SNWD",0," "," ","0",0," "," ","0",0," "," ","0",0," "," ","0",0," "," ","0",0," "," ","0",0," "," ","0",0," "," ","0",0," "," ","0",0," "," ","0",0," "," ","0",0," "," ","0",0," "," ","0",0," "," ","0",0," "," ","0",0," "," ","0",0," "," ","0",0," "," ","0",0," "," ","0",0," "," ","0",0," "," ","0",0," "," ","0",0," "," ","0",0," "," ","0",0," "," ","0",0," "," ","0",0," "," ","0",0," "," ","0",0," "," ","0",0," "," ","0",0," "," ","0"
"177","USC00413787",1946,11,"PRCP",0," "," ","0",0," "," ","0",307," "," ","0",160," "," ","0",76," "," ","0",102," "," ","0",0," "," ","0",0," "," ","0",0," "," ","0",0," "," ","0",0," "," ","0",0," "," ","0",0," "," ","0",0," "," ","0",0," "," ","0",0," "," ","0",0," "," ","0",0," "," ","0",0," "," ","0",0," "," ","0",0," "," ","0",0," "," ","0",0," "," ","0",0," "," ","0",30," "," ","0",0," "," ","0",0," "," ","0",0," "," ","0",0," "," ","0",0," "," ","0",NA," "," "," "
"178","USC00413787",1946,11,"SNOW",0," "," ","0",0," "," ","0",0," "," ","0",0," "," ","0",0," "," ","0",0," "," ","0",0," "," ","0",0," "," ","0",0," "," ","0",0," "," ","0",0," "," ","0",0," "," ","0",0," "," ","0",0," "," ","0",0," "," ","0",0," "," ","0",0," "," ","0",0," "," ","0",0," "," ","0",0," "," ","0",0," "," ","0",0," "," ","0",0," "," ","0",0," "," ","0",0," "," ","0",0," "," ","0",0," "," ","0",0," "," ","0",0," "," ","0",0," "," ","0",NA," "," "," "
"179","USC00413787",1946,11,"SNWD",0," "," ","0",0," "," ","0",0," "," ","0",0," "," ","0",0," "," ","0",0," "," ","0",0," "," ","0",0," "," ","0",0," "," ","0",0," "," ","0",0," "," ","0",0," "," ","0",0," "," ","0",0," "," ","0",0," "," ","0",0," "," ","0",0," "," ","0",0," "," ","0",0," "," ","0",0," "," ","0",0," "," ","0",0," "," ","0",0," "," ","0",0," "," ","0",0," "," ","0",0," "," ","0",0," "," ","0",0," "," ","0",0," "," ","0",0," "," ","0",NA," "," "," "
"180","USC00413787",1946,12,"PRCP",0," "," ","0",0," "," ","0",0," "," ","0",0," "," ","0",0," "," ","0",0," "," ","0",0," "," ","0",0," "," ","0",0," "," ","0",0," "," ","0",0," "," ","0",18," "," ","0",0," "," ","0",0," "," ","0",0," "," ","0",0," "," ","0",0," "," ","0",0," "," ","0",0," "," ","0",0," "," ","0",0," "," ","0",0," "," ","0",0," "," ","0",0," "," ","0",0," "," ","0",0," "," ","0",0," "," ","0",0," "," ","0",0,"T"," ","0",0," "," ","0",0," "," ","0"
"181","USC00413787",1946,12,"SNOW",0," "," ","0",0," "," ","0",0," "," ","0",0," "," ","0",0," "," ","0",0," "," ","0",0," "," ","0",0," "," ","0",0," "," ","0",0," "," ","0",0," "," ","0",0," "," ","0",0," "," ","0",0," "," ","0",0," "," ","0",0," "," ","0",0," "," ","0",0," "," ","0",0," "," ","0",0," "," ","0",0," "," ","0",0," "," ","0",0," "," ","0",0," "," ","0",0," "," ","0",0," "," ","0",0," "," ","0",0," "," ","0",0,"T"," ","0",0," "," ","0",0," "," ","0"
"182","USC00413787",1946,12,"SNWD",0," "," ","0",0," "," ","0",0," "," ","0",0," "," ","0",0," "," ","0",0," "," ","0",0," "," ","0",0," "," ","0",0," "," ","0",0," "," ","0",0," "," ","0",0," "," ","0",0," "," ","0",0," "," ","0",0," "," ","0",0," "," ","0",0," "," ","0",0," "," ","0",0," "," ","0",0," "," ","0",0," "," ","0",0," "," ","0",0," "," ","0",0," "," ","0",0," "," ","0",0," "," ","0",0," "," ","0",0," "," ","0",0," "," ","0",0," "," ","0",0," "," ","0"
"183","USC00413787",1947,1,"PRCP",0," "," ","0",58," "," ","0",18," "," ","0",0," "," ","0",0," "," ","0",0," "," ","0",0," "," ","0",0," "," ","0",0," "," ","0",0," "," ","0",0," "," ","0",0," "," ","0",0," "," ","0",0," "," ","0",0," "," ","0",0," "," ","0",0," "," ","0",0," "," ","0",0," "," ","0",0," "," ","0",0," "," ","0",0," "," ","0",0," "," ","0",0," "," ","0",0," "," ","0",0," "," ","0",0," "," ","0",0," "," ","0",0," "," ","0",0," "," ","0",0," "," ","0"
"184","USC00413787",1947,1,"SNOW",0," "," ","0",0," "," ","0",0," "," ","0",0," "," ","0",0," "," ","0",0," "," ","0",0," "," ","0",0," "," ","0",0," "," ","0",0," "," ","0",0," "," ","0",0," "," ","0",0," "," ","0",0," "," ","0",0," "," ","0",0," "," ","0",0," "," ","0",0," "," ","0",0," "," ","0",0," "," ","0",0," "," ","0",0," "," ","0",0," "," ","0",0," "," ","0",0," "," ","0",0," "," ","0",0," "," ","0",0," "," ","0",0," "," ","0",0," "," ","0",0," "," ","0"
"185","USC00413787",1947,1,"SNWD",0," "," ","0",0," "," ","0",0," "," ","0",0," "," ","0",0," "," ","0",0," "," ","0",0," "," ","0",0," "," ","0",0," "," ","0",0," "," ","0",0," "," ","0",0," "," ","0",0," "," ","0",0," "," ","0",0," "," ","0",0," "," ","0",0," "," ","0",0," "," ","0",0," "," ","0",0," "," ","0",0," "," ","0",0," "," ","0",0," "," ","0",0," "," ","0",0," "," ","0",0," "," ","0",0," "," ","0",0," "," ","0",0," "," ","0",0," "," ","0",0," "," ","0"
"186","USC00413787",1947,2,"PRCP",0," "," ","0",0," "," ","0",0," "," ","0",0," "," ","0",0," "," ","0",0," "," ","0",0," "," ","0",0," "," ","0",0," "," ","0",0," "," ","0",0," "," ","0",0," "," ","0",0," "," ","0",0," "," ","0",0," "," ","0",0," "," ","0",0," "," ","0",0," "," ","0",0," "," ","0",0," "," ","0",0," "," ","0",0,"T"," ","0",0," "," ","0",0,"T"," ","0",0," "," ","0",0," "," ","0",5," "," ","0",0," "," ","0",NA," "," "," ",NA," "," "," ",NA," "," "," "
"187","USC00413787",1947,2,"SNOW",0," "," ","0",0," "," ","0",0," "," ","0",0," "," ","0",0," "," ","0",0," "," ","0",0," "," ","0",0," "," ","0",0," "," ","0",0," "," ","0",0," "," ","0",0," "," ","0",0," "," ","0",0," "," ","0",0," "," ","0",0," "," ","0",0," "," ","0",0," "," ","0",0," "," ","0",0," "," ","0",0," "," ","0",0,"T"," ","0",0," "," ","0",0,"T"," ","0",0," "," ","0",0," "," ","0",0," "," ","0",0," "," ","0",NA," "," "," ",NA," "," "," ",NA," "," "," "
"188","USC00413787",1947,2,"SNWD",0," "," ","0",0," "," ","0",0," "," ","0",0," "," ","0",0," "," ","0",0," "," ","0",0," "," ","0",0," "," ","0",0," "," ","0",0," "," ","0",0," "," ","0",0," "," ","0",0," "," ","0",0," "," ","0",0," "," ","0",0," "," ","0",0," "," ","0",0," "," ","0",0," "," ","0",0," "," ","0",0," "," ","0",0," "," ","0",0," "," ","0",0," "," ","0",0," "," ","0",0," "," ","0",0," "," ","0",0," "," ","0",NA," "," "," ",NA," "," "," ",NA," "," "," "
"189","USC00413787",1947,3,"PRCP",0," "," ","0",0," "," ","0",0," "," ","0",0," "," ","0",0," "," ","0",0," "," ","0",15," "," ","0",0," "," ","0",0," "," ","0",5," "," ","0",5," "," ","0",51," "," ","0",86," "," ","0",0,"T"," ","0",0," "," ","0",0," "," ","0",0," "," ","0",0," "," ","0",0," "," ","0",0," "," ","0",0," "," ","0",0," "," ","0",0," "," ","0",0," "," ","0",0," "," ","0",0," "," ","0",0," "," ","0",0," "," ","0",0," "," ","0",0," "," ","0",0," "," ","0"
"190","USC00413787",1947,3,"SNOW",0," "," ","0",0," "," ","0",0," "," ","0",0," "," ","0",0," "," ","0",0," "," ","0",0," "," ","0",0," "," ","0",0," "," ","0",0," "," ","0",0," "," ","0",0," "," ","0",0," "," ","0",0,"T"," ","0",0," "," ","0",0," "," ","0",0," "," ","0",0," "," ","0",0," "," ","0",0," "," ","0",0," "," ","0",0," "," ","0",0," "," ","0",0," "," ","0",0," "," ","0",0," "," ","0",0," "," ","0",0," "," ","0",0," "," ","0",0," "," ","0",0," "," ","0"
"191","USC00413787",1947,3,"SNWD",0," "," ","0",0," "," ","0",0," "," ","0",0," "," ","0",0," "," ","0",0," "," ","0",0," "," ","0",0," "," ","0",0," "," ","0",0," "," ","0",0," "," ","0",0," "," ","0",0," "," ","0",0," "," ","0",0," "," ","0",0," "," ","0",0," "," ","0",0," "," ","0",0," "," ","0",0," "," ","0",0," "," ","0",0," "," ","0",0," "," ","0",0," "," ","0",0," "," ","0",0," "," ","0",0," "," ","0",0," "," ","0",0," "," ","0",0," "," ","0",0," "," ","0"
"192","USC00413787",1947,4,"PRCP",0," "," ","0",0," "," ","0",0," "," ","0",0," "," ","0",0," "," ","0",0," "," ","0",0," "," ","0",0," "," ","0",0," "," ","0",0," "," ","0",0," "," ","0",323," "," ","0",13," "," ","0",0," "," ","0",30," "," ","0",48," "," ","0",0," "," ","0",0," "," ","0",0," "," ","0",23," "," ","0",0," "," ","0",0," "," ","0",0," "," ","0",224," "," ","0",10," "," ","0",0," "," ","0",0," "," ","0",0," "," ","0",0," "," ","0",0," "," ","0",NA," "," "," "
"193","USC00413787",1947,4,"SNOW",0," "," ","0",0," "," ","0",0," "," ","0",0," "," ","0",0," "," ","0",0," "," ","0",0," "," ","0",0," "," ","0",0," "," ","0",0," "," ","0",0," "," ","0",0," "," ","0",0," "," ","0",0," "," ","0",0," "," ","0",0," "," ","0",0," "," ","0",0," "," ","0",0," "," ","0",0," "," ","0",0," "," ","0",0," "," ","0",0," "," ","0",0," "," ","0",0," "," ","0",0," "," ","0",0," "," ","0",0," "," ","0",0," "," ","0",0," "," ","0",NA," "," "," "
"194","USC00413787",1947,4,"SNWD",0," "," ","0",0," "," ","0",0," "," ","0",0," "," ","0",0," "," ","0",0," "," ","0",0," "," ","0",0," "," ","0",0," "," ","0",0," "," ","0",0," "," ","0",0," "," ","0",0," "," ","0",0," "," ","0",0," "," ","0",0," "," ","0",0," "," ","0",0," "," ","0",0," "," ","0",0," "," ","0",0," "," ","0",0," "," ","0",0," "," ","0",0," "," ","0",0," "," ","0",0," "," ","0",0," "," ","0",0," "," ","0",0," "," ","0",0," "," ","0",NA," "," "," "
"195","USC00413787",1947,5,"PRCP",0," "," ","0",0," "," ","0",0," "," ","0",0," "," ","0",0," "," ","0",5," "," ","0",0," "," ","0",0," "," ","0",0," "," ","0",0," "," ","0",0," "," ","0",117," "," ","0",155," "," ","0",30," "," ","0",0," "," ","0",0," "," ","0",422," "," ","0",13," "," ","0",0," "," ","0",0," "," ","0",290," "," ","0",0," "," ","0",0," "," ","0",0," "," ","0",53," "," ","0",38," "," ","0",0," "," ","0",0," "," ","0",0," "," ","0",0," "," ","0",0," "," ","0"
"196","USC00413787",1947,5,"SNOW",0," "," ","0",0," "," ","0",0," "," ","0",0," "," ","0",0," "," ","0",0," "," ","0",0," "," ","0",0," "," ","0",0," "," ","0",0," "," ","0",0," "," ","0",0," "," ","0",0," "," ","0",0," "," ","0",0," "," ","0",0," "," ","0",0," "," ","0",0," "," ","0",0," "," ","0",0," "," ","0",0," "," ","0",0," "," ","0",0," "," ","0",0," "," ","0",0," "," ","0",0," "," ","0",0," "," ","0",0," "," ","0",0," "," ","0",0," "," ","0",0," "," ","0"
"197","USC00413787",1947,5,"SNWD",0," "," ","0",0," "," ","0",0," "," ","0",0," "," ","0",0," "," ","0",0," "," ","0",0," "," ","0",0," "," ","0",0," "," ","0",0," "," ","0",0," "," ","0",0," "," ","0",0," "," ","0",0," "," ","0",0," "," ","0",0," "," ","0",0," "," ","0",0," "," ","0",0," "," ","0",0," "," ","0",0," "," ","0",0," "," ","0",0," "," ","0",0," "," ","0",0," "," ","0",0," "," ","0",0," "," ","0",0," "," ","0",0," "," ","0",0," "," ","0",0," "," ","0"
"198","USC00413787",1947,6,"PRCP",0," "," ","0",0," "," ","0",0," "," ","0",107," "," ","0",0," "," ","0",0," "," ","0",0," "," ","0",0," "," ","0",0," "," ","0",0," "," ","0",0," "," ","0",0," "," ","0",0," "," ","0",0," "," ","0",0," "," ","0",71," "," ","0",0," "," ","0",0," "," ","0",0," "," ","0",302," "," ","0",0," "," ","0",0," "," ","0",53," "," ","0",0," "," ","0",808," "," ","0",0," "," ","0",0," "," ","0",0," "," ","0",0," "," ","0",0," "," ","0",NA," "," "," "
"199","USC00413787",1947,6,"SNOW",0," "," ","0",0," "," ","0",0," "," ","0",0," "," ","0",0," "," ","0",0," "," ","0",0," "," ","0",0," "," ","0",0," "," ","0",0," "," ","0",0," "," ","0",0," "," ","0",0," "," ","0",0," "," ","0",0," "," ","0",0," "," ","0",0," "," ","0",0," "," ","0",0," "," ","0",0," "," ","0",0," "," ","0",0," "," ","0",0," "," ","0",0," "," ","0",0," "," ","0",0," "," ","0",0," "," ","0",0," "," ","0",0," "," ","0",0," "," ","0",NA," "," "," "
"200","USC00413787",1947,6,"SNWD",0," "," ","0",0," "," ","0",0," "," ","0",0," "," ","0",0," "," ","0",0," "," ","0",0," "," ","0",0," "," ","0",0," "," ","0",0," "," ","0",0," "," ","0",0," "," ","0",0," "," ","0",0," "," ","0",0," "," ","0",0," "," ","0",0," "," ","0",0," "," ","0",0," "," ","0",0," "," ","0",0," "," ","0",0," "," ","0",0," "," ","0",0," "," ","0",0," "," ","0",0," "," ","0",0," "," ","0",0," "," ","0",0," "," ","0",0," "," ","0",NA," "," "," "
"201","USC00413787",1947,7,"PRCP",0," "," ","0",0," "," ","0",0," "," ","0",0," "," ","0",0," "," ","0",117," "," ","0",56," "," ","0",20," "," ","0",0," "," ","0",10," "," ","0",0," "," ","0",0," "," ","0",0," "," ","0",0," "," ","0",0," "," ","0",0," "," ","0",0," "," ","0",0," "," ","0",0," "," ","0",0," "," ","0",155," "," ","0",53," "," ","0",20," "," ","0",0," "," ","0",0," "," ","0",0," "," ","0",0," "," ","0",0," "," ","0",0," "," ","0",0," "," ","0",0," "," ","0"
"202","USC00413787",1947,7,"SNOW",0," "," ","0",0," "," ","0",0," "," ","0",0," "," ","0",0," "," ","0",0," "," ","0",0," "," ","0",0," "," ","0",0," "," ","0",0," "," ","0",0," "," ","0",0," "," ","0",0," "," ","0",0," "," ","0",0," "," ","0",0," "," ","0",0," "," ","0",0," "," ","0",0," "," ","0",0," "," ","0",0," "," ","0",0," "," ","0",0," "," ","0",0," "," ","0",0," "," ","0",0," "," ","0",0," "," ","0",0," "," ","0",0," "," ","0",0," "," ","0",0," "," ","0"
"203","USC00413787",1947,7,"SNWD",0," "," ","0",0," "," ","0",0," "," ","0",0," "," ","0",0," "," ","0",0," "," ","0",0," "," ","0",0," "," ","0",0," "," ","0",0," "," ","0",0," "," ","0",0," "," ","0",0," "," ","0",0," "," ","0",0," "," ","0",0," "," ","0",0," "," ","0",0," "," ","0",0," "," ","0",0," "," ","0",0," "," ","0",0," "," ","0",0," "," ","0",0," "," ","0",0," "," ","0",0," "," ","0",0," "," ","0",0," "," ","0",0," "," ","0",0," "," ","0",0," "," ","0"
"204","USC00413787",1947,7,"WT03",NA," "," "," ",NA," "," "," ",NA," "," "," ",NA," "," "," ",NA," "," "," ",NA," "," "," ",NA," "," "," ",NA," "," "," ",NA," "," "," ",NA," "," "," ",NA," "," "," ",NA," "," "," ",NA," "," "," ",NA," "," "," ",NA," "," "," ",NA," "," "," ",NA," "," "," ",NA," "," "," ",NA," "," "," ",1," "," ","0",1," "," ","0",1," "," ","0",NA," "," "," ",NA," "," "," ",NA," "," "," ",NA," "," "," ",NA," "," "," ",NA," "," "," ",NA," "," "," ",NA," "," "," ",NA," "," "," "
"205","USC00413787",1947,8,"PRCP",0," "," ","0",0," "," ","0",0," "," ","0",0," "," ","0",0," "," ","0",0," "," ","0",99," "," ","0",0," "," ","0",0," "," ","0",0," "," ","0",0," "," ","0",0," "," ","0",0," "," ","0",84," "," ","0",10," "," ","0",0," "," ","0",0," "," ","0",0," "," ","0",0," "," ","0",0," "," ","0",0," "," ","0",0," "," ","0",0," "," ","0",0," "," ","0",69," "," ","0",191," "," ","0",0," "," ","0",0," "," ","0",0," "," ","0",0," "," ","0",0," "," ","0"
"206","USC00413787",1947,8,"SNOW",0," "," ","0",0," "," ","0",0," "," ","0",0," "," ","0",0," "," ","0",0," "," ","0",0," "," ","0",0," "," ","0",0," "," ","0",0," "," ","0",0," "," ","0",0," "," ","0",0," "," ","0",0," "," ","0",0," "," ","0",0," "," ","0",0," "," ","0",0," "," ","0",0," "," ","0",0," "," ","0",0," "," ","0",0," "," ","0",0," "," ","0",0," "," ","0",0," "," ","0",0," "," ","0",0," "," ","0",0," "," ","0",0," "," ","0",0," "," ","0",0," "," ","0"
"207","USC00413787",1947,8,"SNWD",0," "," ","0",0," "," ","0",0," "," ","0",0," "," ","0",0," "," ","0",0," "," ","0",0," "," ","0",0," "," ","0",0," "," ","0",0," "," ","0",0," "," ","0",0," "," ","0",0," "," ","0",0," "," ","0",0," "," ","0",0," "," ","0",0," "," ","0",0," "," ","0",0," "," ","0",0," "," ","0",0," "," ","0",0," "," ","0",0," "," ","0",0," "," ","0",0," "," ","0",0," "," ","0",0," "," ","0",0," "," ","0",0," "," ","0",0," "," ","0",0," "," ","0"
"208","USC00413787",1947,9,"PRCP",0," "," ","0",0," "," ","0",0," "," ","0",0," "," ","0",0," "," ","0",0," "," ","0",0," "," ","0",0," "," ","0",25," "," ","0",5," "," ","0",0," "," ","0",0," "," ","0",0," "," ","0",0," "," ","0",0," "," ","0",0," "," ","0",0," "," ","0",0," "," ","0",0," "," ","0",0," "," ","0",0," "," ","0",0," "," ","0",0," "," ","0",0," "," ","0",0," "," ","0",0," "," ","0",0," "," ","0",0," "," ","0",0," "," ","0",0," "," ","0",NA," "," "," "
"209","USC00413787",1947,9,"SNOW",0," "," ","0",0," "," ","0",0," "," ","0",0," "," ","0",0," "," ","0",0," "," ","0",0," "," ","0",0," "," ","0",0," "," ","0",0," "," ","0",0," "," ","0",0," "," ","0",0," "," ","0",0," "," ","0",0," "," ","0",0," "," ","0",0," "," ","0",0," "," ","0",0," "," ","0",0," "," ","0",0," "," ","0",0," "," ","0",0," "," ","0",0," "," ","0",0," "," ","0",0," "," ","0",0," "," ","0",0," "," ","0",0," "," ","0",0," "," ","0",NA," "," "," "
"210","USC00413787",1947,9,"SNWD",0," "," ","0",0," "," ","0",0," "," ","0",0," "," ","0",0," "," ","0",0," "," ","0",0," "," ","0",0," "," ","0",0," "," ","0",0," "," ","0",0," "," ","0",0," "," ","0",0," "," ","0",0," "," ","0",0," "," ","0",0," "," ","0",0," "," ","0",0," "," ","0",0," "," ","0",0," "," ","0",0," "," ","0",0," "," ","0",0," "," ","0",0," "," ","0",0," "," ","0",0," "," ","0",0," "," ","0",0," "," ","0",0," "," ","0",0," "," ","0",NA," "," "," "
"211","USC00413787",1947,9,"WT07",NA," "," "," ",NA," "," "," ",NA," "," "," ",NA," "," "," ",NA," "," "," ",NA," "," "," ",NA," "," "," ",NA," "," "," ",NA," "," "," ",NA," "," "," ",NA," "," "," ",NA," "," "," ",NA," "," "," ",1," "," ","0",NA," "," "," ",NA," "," "," ",NA," "," "," ",NA," "," "," ",NA," "," "," ",NA," "," "," ",NA," "," "," ",NA," "," "," ",NA," "," "," ",NA," "," "," ",NA," "," "," ",NA," "," "," ",NA," "," "," ",NA," "," "," ",NA," "," "," ",NA," "," "," ",NA," "," "," "
"212","USC00413787",1947,10,"PRCP",0," "," ","0",0," "," ","0",0," "," ","0",0," "," ","0",0," "," ","0",0," "," ","0",0," "," ","0",224," "," ","0",0," "," ","0",0," "," ","0",25," "," ","0",0," "," ","0",0," "," ","0",0," "," ","0",56," "," ","0",0," "," ","0",0," "," ","0",0," "," ","0",0," "," ","0",0," "," ","0",0," "," ","0",0," "," ","0",0," "," ","0",0," "," ","0",0," "," ","0",33," "," ","0",0," "," ","0",0," "," ","0",0," "," ","0",0," "," ","0",0," "," ","0"
"213","USC00413787",1947,10,"SNOW",0," "," ","0",0," "," ","0",0," "," ","0",0," "," ","0",0," "," ","0",0," "," ","0",0," "," ","0",0," "," ","0",0," "," ","0",0," "," ","0",0," "," ","0",0," "," ","0",0," "," ","0",0," "," ","0",0," "," ","0",0," "," ","0",0," "," ","0",0," "," ","0",0," "," ","0",0," "," ","0",0," "," ","0",0," "," ","0",0," "," ","0",0," "," ","0",0," "," ","0",0," "," ","0",0," "," ","0",0," "," ","0",0," "," ","0",0," "," ","0",0," "," ","0"
"214","USC00413787",1947,10,"SNWD",0," "," ","0",0," "," ","0",0," "," ","0",0," "," ","0",0," "," ","0",0," "," ","0",0," "," ","0",0," "," ","0",0," "," ","0",0," "," ","0",0," "," ","0",0," "," ","0",0," "," ","0",0," "," ","0",0," "," ","0",0," "," ","0",0," "," ","0",0," "," ","0",0," "," ","0",0," "," ","0",0," "," ","0",0," "," ","0",0," "," ","0",0," "," ","0",0," "," ","0",0," "," ","0",NA," "," "," ",NA," "," "," ",0," "," ","0",NA," "," "," ",0," "," ","0"
"215","USC00413787",1947,10,"WT01",NA," "," "," ",NA," "," "," ",NA," "," "," ",NA," "," "," ",NA," "," "," ",NA," "," "," ",NA," "," "," ",NA," "," "," ",NA," "," "," ",NA," "," "," ",NA," "," "," ",NA," "," "," ",NA," "," "," ",NA," "," "," ",NA," "," "," ",1," "," ","0",NA," "," "," ",NA," "," "," ",NA," "," "," ",NA," "," "," ",NA," "," "," ",NA," "," "," ",NA," "," "," ",NA," "," "," ",NA," "," "," ",NA," "," "," ",NA," "," "," ",NA," "," "," ",NA," "," "," ",NA," "," "," ",NA," "," "," "
"216","USC00413787",1947,11,"PRCP",0," "," ","0",0," "," ","0",0," "," ","0",0," "," ","0",0," "," ","0",0," "," ","0",0,"T"," ","0",0," "," ","0",0," "," ","0",0," "," ","0",0," "," ","0",0," "," ","0",0," "," ","0",109," "," ","0",0," "," ","0",0," "," ","0",61," "," ","0",3," "," ","0",0," "," ","0",0," "," ","0",8," "," ","0",0," "," ","0",0," "," ","0",0," "," ","0",0," "," ","0",0," "," ","0",0," "," ","0",0," "," ","0",0," "," ","0",0," "," ","0",NA," "," "," "
"217","USC00413787",1947,11,"SNOW",0," "," ","0",0," "," ","0",0," "," ","0",0," "," ","0",0," "," ","0",0," "," ","0",0,"T"," ","0",0," "," ","0",0," "," ","0",0," "," ","0",0," "," ","0",0," "," ","0",0," "," ","0",0,"T"," ","0",0," "," ","0",0," "," ","0",0," "," ","0",0," "," ","0",0," "," ","0",0," "," ","0",76," "," ","0",0," "," ","0",0," "," ","0",0," "," ","0",0," "," ","0",0," "," ","0",0," "," ","0",0," "," ","0",0," "," ","0",0," "," ","0",NA," "," "," "
"218","USC00413787",1947,11,"SNWD",0," "," ","0",0," "," ","0",0," "," ","0",0," "," ","0",0," "," ","0",0," "," ","0",0," "," ","0",0," "," ","0",0," "," ","0",0," "," ","0",0," "," ","0",0," "," ","0",0," "," ","0",0,"T"," ","0",0," "," ","0",0," "," ","0",0," "," ","0",0," "," ","0",0," "," ","0",0," "," ","0",76," "," ","0",0," "," ","0",0," "," ","0",0," "," ","0",0," "," ","0",0," "," ","0",0," "," ","0",0," "," ","0",0," "," ","0",0," "," ","0",NA," "," "," "
"219","USC00413787",1947,11,"WT14",NA," "," "," ",NA," "," "," ",NA," "," "," ",NA," "," "," ",NA," "," "," ",NA," "," "," ",NA," "," "," ",NA," "," "," ",NA," "," "," ",NA," "," "," ",NA," "," "," ",NA," "," "," ",NA," "," "," ",NA," "," "," ",NA," "," "," ",NA," "," "," ",1," "," ","0",1," "," ","0",NA," "," "," ",NA," "," "," ",NA," "," "," ",NA," "," "," ",NA," "," "," ",NA," "," "," ",NA," "," "," ",NA," "," "," ",NA," "," "," ",NA," "," "," ",NA," "," "," ",NA," "," "," ",NA," "," "," "
"220","USC00413787",1947,12,"PRCP",0," "," ","0",0," "," ","0",165," "," ","0",99," "," ","0",0," "," ","0",0," "," ","0",0," "," ","0",0," "," ","0",48," "," ","0",0," "," ","0",0," "," ","0",0,"T"," ","0",0," "," ","0",0," "," ","0",0," "," ","0",0," "," ","0",0," "," ","0",0," "," ","0",0," "," ","0",0," "," ","0",0," "," ","0",0," "," ","0",0," "," ","0",0," "," ","0",3," "," ","0",0," "," ","0",0," "," ","0",0," "," ","0",0," "," ","0",0," "," ","0",8," "," ","0"
"221","USC00413787",1947,12,"SNOW",0," "," ","0",0," "," ","0",3," "," ","0",0," "," ","0",0," "," ","0",0," "," ","0",0," "," ","0",0," "," ","0",76," "," ","0",0," "," ","0",0," "," ","0",13," "," ","0",0," "," ","0",0," "," ","0",0," "," ","0",0," "," ","0",0," "," ","0",0," "," ","0",0," "," ","0",0," "," ","0",0," "," ","0",0," "," ","0",0," "," ","0",0," "," ","0",0,"T"," ","0",0," "," ","0",0," "," ","0",0," "," ","0",0," "," ","0",0," "," ","0",25," "," ","0"
"222","USC00413787",1947,12,"SNWD",0," "," ","0",0," "," ","0",0," "," ","0",0," "," ","0",0," "," ","0",0," "," ","0",0," "," ","0",0," "," ","0",51," "," ","0",0," "," ","0",0," "," ","0",0," "," ","0",0," "," ","0",0," "," ","0",0," "," ","0",0," "," ","0",0," "," ","0",0," "," ","0",0," "," ","0",0," "," ","0",0," "," ","0",0," "," ","0",0," "," ","0",0," "," ","0",0," "," ","0",0," "," ","0",0," "," ","0",0," "," ","0",0," "," ","0",0," "," ","0",0," "," ","0"
"223","USC00413787",1947,12,"WT01",NA," "," "," ",NA," "," "," ",NA," "," "," ",NA," "," "," ",NA," "," "," ",NA," "," "," ",NA," "," "," ",NA," "," "," ",1," "," ","0",NA," "," "," ",NA," "," "," ",NA," "," "," ",NA," "," "," ",NA," "," "," ",NA," "," "," ",NA," "," "," ",NA," "," "," ",NA," "," "," ",NA," "," "," ",NA," "," "," ",NA," "," "," ",NA," "," "," ",NA," "," "," ",NA," "," "," ",NA," "," "," ",NA," "," "," ",NA," "," "," ",NA," "," "," ",NA," "," "," ",NA," "," "," ",NA," "," "," "
"224","USC00413787",1947,12,"WT04",NA," "," "," ",1," "," ","0",1," "," ","0",NA," "," "," ",NA," "," "," ",NA," "," "," ",NA," "," "," ",NA," "," "," ",NA," "," "," ",NA," "," "," ",NA," "," "," ",NA," "," "," ",NA," "," "," ",NA," "," "," ",NA," "," "," ",NA," "," "," ",NA," "," "," ",NA," "," "," ",NA," "," "," ",NA," "," "," ",NA," "," "," ",NA," "," "," ",NA," "," "," ",1," "," ","0",NA," "," "," ",NA," "," "," ",NA," "," "," ",NA," "," "," ",NA," "," "," ",NA," "," "," ",NA," "," "," "
"225","USC00413787",1948,1,"PRCP",5," "," ","0",0," "," ","0",0," "," ","0",0," "," ","0",0," "," ","0",0," "," ","0",0," "," ","0",0," "," ","0",0," "," ","0",0," "," ","0",0," "," ","0",0," "," ","0",0," "," ","0",0," "," ","0",0," "," ","0",3," "," ","0",0," "," ","0",0," "," ","0",0," "," ","0",0," "," ","0",0," "," ","0",0," "," ","0",5," "," ","0",0," "," ","0",0," "," ","0",3," "," ","0",10," "," ","0",0,"T"," ","0",48," "," ","0",3," "," ","0",0,"T"," ","0"
"226","USC00413787",1948,1,"SNOW",51," "," ","0",0," "," ","0",0," "," ","0",0," "," ","0",0," "," ","0",0," "," ","0",0," "," ","0",0," "," ","0",0," "," ","0",0," "," ","0",0," "," ","0",0," "," ","0",0," "," ","0",0," "," ","0",0," "," ","0",20," "," ","0",0," "," ","0",0," "," ","0",0," "," ","0",0," "," ","0",0," "," ","0",0," "," ","0",13," "," ","0",0," "," ","0",0," "," ","0",25," "," ","0",76," "," ","0",0," "," ","0",140," "," ","0",25," "," ","0",0," "," ","0"
"227","USC00413787",1948,1,"SNWD",0," "," ","0",0," "," ","0",0," "," ","0",0," "," ","0",0," "," ","0",0," "," ","0",0," "," ","0",0," "," ","0",0," "," ","0",0," "," ","0",0," "," ","0",0," "," ","0",0," "," ","0",0," "," ","0",0," "," ","0",0," "," ","0",0," "," ","0",0," "," ","0",0," "," ","0",0," "," ","0",0," "," ","0",0," "," ","0",0," "," ","0",0," "," ","0",0," "," ","0",25," "," ","0",76," "," ","0",0," "," ","0",127," "," ","0",127," "," ","0",0," "," ","0"
"228","USC00413787",1948,1,"WT14",NA," "," "," ",NA," "," "," ",NA," "," "," ",NA," "," "," ",NA," "," "," ",NA," "," "," ",NA," "," "," ",NA," "," "," ",NA," "," "," ",NA," "," "," ",NA," "," "," ",NA," "," "," ",NA," "," "," ",NA," "," "," ",NA," "," "," ",NA," "," "," ",NA," "," "," ",NA," "," "," ",NA," "," "," ",NA," "," "," ",NA," "," "," ",NA," "," "," ",NA," "," "," ",NA," "," "," ",NA," "," "," ",NA," "," "," ",NA," "," "," ",NA," "," "," ",NA," "," "," ",NA," "," "," ",1," "," ","0"
"229","USC00413787",1948,2,"PRCP",0," "," ","0",0,"T"," ","0",0,"T"," ","0",0," "," ","0",107," "," ","0",3," "," ","0",0," "," ","0",0,"T"," ","0",13," "," ","0",0," "," ","0",NA," "," "," ",NA," "," "," ",NA," "," "," ",0," "," ","0",0," "," ","0",0," "," ","0",0," "," ","0",0," "," ","0",0," "," ","0",0," "," ","0",0," "," ","0",0," "," ","0",0," "," ","0",51," "," ","0",3," "," ","0",0," "," ","0",404," "," ","0",0," "," ","0",0," "," ","0",NA," "," "," ",NA," "," "," "
"230","USC00413787",1948,2,"SNOW",0," "," ","0",0," "," ","0",0," "," ","0",0," "," ","0",152," "," ","0",25," "," ","0",0," "," ","0",0,"T"," ","0",51," "," ","0",0," "," ","0",NA," "," "," ",NA," "," "," ",NA," "," "," ",0," "," ","0",0," "," ","0",0," "," ","0",0," "," ","0",0," "," ","0",0," "," ","0",0," "," ","0",0," "," ","0",0," "," ","0",0," "," ","0",0," "," ","0",0," "," ","0",0," "," ","0",0," "," ","0",0," "," ","0",0," "," ","0",NA," "," "," ",NA," "," "," "
"231","USC00413787",1948,2,"SNWD",0," "," ","0",0," "," ","0",0," "," ","0",0," "," ","0",152," "," ","0",152," "," ","0",0," "," ","0",0," "," ","0",51," "," ","0",0," "," ","0",NA," "," "," ",NA," "," "," ",NA," "," "," ",0," "," ","0",0," "," ","0",0," "," ","0",0," "," ","0",0," "," ","0",0," "," ","0",0," "," ","0",0," "," ","0",0," "," ","0",0," "," ","0",0," "," ","0",0," "," ","0",0," "," ","0",0," "," ","0",0," "," ","0",0," "," ","0",NA," "," "," ",NA," "," "," "
"232","USC00413787",1948,2,"DAPR",NA," "," "," ",NA," "," "," ",NA," "," "," ",NA," "," "," ",NA," "," "," ",NA," "," "," ",NA," "," "," ",NA," "," "," ",NA," "," "," ",NA," "," "," ",NA," "," "," ",NA," "," "," ",3," "," ","0",NA," "," "," ",NA," "," "," ",NA," "," "," ",NA," "," "," ",NA," "," "," ",NA," "," "," ",NA," "," "," ",NA," "," "," ",NA," "," "," ",NA," "," "," ",NA," "," "," ",NA," "," "," ",NA," "," "," ",NA," "," "," ",NA," "," "," ",NA," "," "," ",NA," "," "," ",NA," "," "," "
"233","USC00413787",1948,2,"MDPR",NA," "," "," ",NA," "," "," ",NA," "," "," ",NA," "," "," ",NA," "," "," ",NA," "," "," ",NA," "," "," ",NA," "," "," ",NA," "," "," ",NA," "," "," ",NA," "," "," ",NA," "," "," ",117," "," ","0",NA," "," "," ",NA," "," "," ",NA," "," "," ",NA," "," "," ",NA," "," "," ",NA," "," "," ",NA," "," "," ",NA," "," "," ",NA," "," "," ",NA," "," "," ",NA," "," "," ",NA," "," "," ",NA," "," "," ",NA," "," "," ",NA," "," "," ",NA," "," "," ",NA," "," "," ",NA," "," "," "
"234","USC00413787",1948,2,"WT01",NA," "," "," ",NA," "," "," ",NA," "," "," ",NA," "," "," ",NA," "," "," ",NA," "," "," ",NA," "," "," ",NA," "," "," ",NA," "," "," ",NA," "," "," ",NA," "," "," ",NA," "," "," ",NA," "," "," ",NA," "," "," ",NA," "," "," ",NA," "," "," ",NA," "," "," ",NA," "," "," ",NA," "," "," ",NA," "," "," ",NA," "," "," ",NA," "," "," ",NA," "," "," ",NA," "," "," ",NA," "," "," ",1," "," ","0",1," "," ","0",NA," "," "," ",NA," "," "," ",NA," "," "," ",NA," "," "," "
"235","USC00413787",1948,2,"WT14",NA," "," "," ",1," "," ","0",1," "," ","0",NA," "," "," ",NA," "," "," ",NA," "," "," ",NA," "," "," ",NA," "," "," ",NA," "," "," ",NA," "," "," ",NA," "," "," ",NA," "," "," ",NA," "," "," ",NA," "," "," ",NA," "," "," ",NA," "," "," ",NA," "," "," ",NA," "," "," ",NA," "," "," ",NA," "," "," ",NA," "," "," ",NA," "," "," ",NA," "," "," ",1," "," ","0",1," "," ","0",NA," "," "," ",NA," "," "," ",NA," "," "," ",NA," "," "," ",NA," "," "," ",NA," "," "," "
"236","USC00413787",1948,3,"PRCP",147," "," ","0",0," "," ","0",NA," "," "," ",NA," "," "," ",NA," "," "," ",0," "," ","0",0," "," ","0",0,"T"," ","0",0," "," ","0",56," "," ","0",0,"T"," ","0",0," "," ","0",0," "," ","0",0," "," ","0",0," "," ","0",0," "," ","0",0," "," ","0",0," "," ","0",48," "," ","0",0," "," ","0",0," "," ","0",0," "," ","0",0," "," ","0",0," "," ","0",0," "," ","0",0," "," ","0",0," "," ","0",0," "," ","0",0," "," ","0",0," "," ","0",0,"T"," ","0"
"237","USC00413787",1948,3,"SNOW",25," "," ","0",0," "," ","0",NA," "," "," ",NA," "," "," ",NA," "," "," ",0," "," ","0",0," "," ","0",13," "," ","0",0," "," ","0",102," "," ","0",0,"T"," ","0",0," "," ","0",0," "," ","0",0," "," ","0",0," "," ","0",0," "," ","0",0," "," ","0",0," "," ","0",0," "," ","0",0," "," ","0",0," "," ","0",0," "," ","0",0," "," ","0",0," "," ","0",0," "," ","0",0," "," ","0",0," "," ","0",0," "," ","0",0," "," ","0",0," "," ","0",0,"T"," ","0"
"238","USC00413787",1948,3,"SNWD",25," "," ","0",0," "," ","0",NA," "," "," ",NA," "," "," ",203," "," ","0",203," "," ","0",152," "," ","0",102," "," ","0",51," "," ","0",152," "," ","0",152," "," ","0",152," "," ","0",0," "," ","0",0," "," ","0",0," "," ","0",0," "," ","0",0," "," ","0",0," "," ","0",0," "," ","0",0," "," ","0",0," "," ","0",0," "," ","0",0," "," ","0",0," "," ","0",0," "," ","0",0," "," ","0",0," "," ","0",0," "," ","0",0," "," ","0",0," "," ","0",0," "," ","0"
"239","USC00413787",1948,3,"DAPR",NA," "," "," ",NA," "," "," ",NA," "," "," ",NA," "," "," ",3," "," ","0",NA," "," "," ",NA," "," "," ",NA," "," "," ",NA," "," "," ",NA," "," "," ",NA," "," "," ",NA," "," "," ",NA," "," "," ",NA," "," "," ",NA," "," "," ",NA," "," "," ",NA," "," "," ",NA," "," "," ",NA," "," "," ",NA," "," "," ",NA," "," "," ",NA," "," "," ",NA," "," "," ",NA," "," "," ",NA," "," "," ",NA," "," "," ",NA," "," "," ",NA," "," "," ",NA," "," "," ",NA," "," "," ",NA," "," "," "
"240","USC00413787",1948,3,"DASF",NA," "," "," ",NA," "," "," ",NA," "," "," ",NA," "," "," ",3," "," ","0",NA," "," "," ",NA," "," "," ",NA," "," "," ",NA," "," "," ",NA," "," "," ",NA," "," "," ",NA," "," "," ",NA," "," "," ",NA," "," "," ",NA," "," "," ",NA," "," "," ",NA," "," "," ",NA," "," "," ",NA," "," "," ",NA," "," "," ",NA," "," "," ",NA," "," "," ",NA," "," "," ",NA," "," "," ",NA," "," "," ",NA," "," "," ",NA," "," "," ",NA," "," "," ",NA," "," "," ",NA," "," "," ",NA," "," "," "
"241","USC00413787",1948,3,"MDPR",NA," "," "," ",NA," "," "," ",NA," "," "," ",NA," "," "," ",175," "," ","0",NA," "," "," ",NA," "," "," ",NA," "," "," ",NA," "," "," ",NA," "," "," ",NA," "," "," ",NA," "," "," ",NA," "," "," ",NA," "," "," ",NA," "," "," ",NA," "," "," ",NA," "," "," ",NA," "," "," ",NA," "," "," ",NA," "," "," ",NA," "," "," ",NA," "," "," ",NA," "," "," ",NA," "," "," ",NA," "," "," ",NA," "," "," ",NA," "," "," ",NA," "," "," ",NA," "," "," ",NA," "," "," ",NA," "," "," "
"242","USC00413787",1948,3,"MDSF",NA," "," "," ",NA," "," "," ",NA," "," "," ",NA," "," "," ",203," "," ","0",NA," "," "," ",NA," "," "," ",NA," "," "," ",NA," "," "," ",NA," "," "," ",NA," "," "," ",NA," "," "," ",NA," "," "," ",NA," "," "," ",NA," "," "," ",NA," "," "," ",NA," "," "," ",NA," "," "," ",NA," "," "," ",NA," "," "," ",NA," "," "," ",NA," "," "," ",NA," "," "," ",NA," "," "," ",NA," "," "," ",NA," "," "," ",NA," "," "," ",NA," "," "," ",NA," "," "," ",NA," "," "," ",NA," "," "," "
"243","USC00413787",1948,3,"WT01",NA," "," "," ",NA," "," "," ",NA," "," "," ",NA," "," "," ",NA," "," "," ",NA," "," "," ",NA," "," "," ",NA," "," "," ",1," "," ","0",NA," "," "," ",NA," "," "," ",NA," "," "," ",NA," "," "," ",NA," "," "," ",NA," "," "," ",NA," "," "," ",NA," "," "," ",NA," "," "," ",NA," "," "," ",NA," "," "," ",NA," "," "," ",NA," "," "," ",NA," "," "," ",NA," "," "," ",NA," "," "," ",NA," "," "," ",NA," "," "," ",NA," "," "," ",NA," "," "," ",NA," "," "," ",NA," "," "," "
"244","USC00413787",1948,3,"WT04",1," "," ","0",NA," "," "," ",NA," "," "," ",NA," "," "," ",NA," "," "," ",NA," "," "," ",NA," "," "," ",NA," "," "," ",NA," "," "," ",NA," "," "," ",NA," "," "," ",NA," "," "," ",NA," "," "," ",NA," "," "," ",NA," "," "," ",NA," "," "," ",NA," "," "," ",NA," "," "," ",NA," "," "," ",NA," "," "," ",NA," "," "," ",NA," "," "," ",NA," "," "," ",NA," "," "," ",NA," "," "," ",NA," "," "," ",NA," "," "," ",NA," "," "," ",NA," "," "," ",NA," "," "," ",NA," "," "," "
"245","USC00413787",1948,3,"WT06",NA," "," "," ",NA," "," "," ",NA," "," "," ",NA," "," "," ",NA," "," "," ",NA," "," "," ",NA," "," "," ",NA," "," "," ",1," "," ","0",NA," "," "," ",NA," "," "," ",NA," "," "," ",NA," "," "," ",NA," "," "," ",NA," "," "," ",NA," "," "," ",NA," "," "," ",NA," "," "," ",NA," "," "," ",NA," "," "," ",NA," "," "," ",NA," "," "," ",NA," "," "," ",NA," "," "," ",NA," "," "," ",NA," "," "," ",NA," "," "," ",NA," "," "," ",NA," "," "," ",NA," "," "," ",NA," "," "," "
"246","USC00413787",1948,3,"WT09",NA," "," "," ",NA," "," "," ",NA," "," "," ",NA," "," "," ",NA," "," "," ",NA," "," "," ",NA," "," "," ",NA," "," "," ",NA," "," "," ",1," "," ","0",NA," "," "," ",NA," "," "," ",NA," "," "," ",NA," "," "," ",NA," "," "," ",NA," "," "," ",NA," "," "," ",NA," "," "," ",NA," "," "," ",NA," "," "," ",NA," "," "," ",NA," "," "," ",NA," "," "," ",NA," "," "," ",NA," "," "," ",NA," "," "," ",NA," "," "," ",NA," "," "," ",NA," "," "," ",NA," "," "," ",NA," "," "," "
"247","USC00413787",1948,4,"PRCP",0,"T"," ","0",0," "," ","0",0," "," ","0",0," "," ","0",0," "," ","0",0," "," ","0",0," "," ","0",0," "," ","0",0," "," ","0",0," "," ","0",0," "," ","0",0," "," ","0",0," "," ","0",0," "," ","0",0," "," ","0",0," "," ","0",0," "," ","0",0," "," ","0",0," "," ","0",0," "," ","0",0," "," ","0",102," "," ","0",0," "," ","0",0," "," ","0",0," "," ","0",0," "," ","0",0," "," ","0",0," "," ","0",0," "," ","0",0," "," ","0",NA," "," "," "
"248","USC00413787",1948,4,"SNOW",0," "," ","0",0," "," ","0",0," "," ","0",0," "," ","0",0," "," ","0",0," "," ","0",0," "," ","0",0," "," ","0",0," "," ","0",0," "," ","0",0," "," ","0",0," "," ","0",0," "," ","0",0," "," ","0",0," "," ","0",0," "," ","0",0," "," ","0",0," "," ","0",0," "," ","0",0," "," ","0",0," "," ","0",0," "," ","0",0," "," ","0",0," "," ","0",0," "," ","0",0," "," ","0",0," "," ","0",0," "," ","0",0," "," ","0",0," "," ","0",NA," "," "," "
"249","USC00413787",1948,4,"SNWD",0," "," ","0",0," "," ","0",0," "," ","0",0," "," ","0",0," "," ","0",0," "," ","0",0," "," ","0",0," "," ","0",0," "," ","0",0," "," ","0",0," "," ","0",0," "," ","0",0," "," ","0",0," "," ","0",0," "," ","0",0," "," ","0",0," "," ","0",0," "," ","0",0," "," ","0",0," "," ","0",0," "," ","0",0," "," ","0",0," "," ","0",0," "," ","0",0," "," ","0",0," "," ","0",0," "," ","0",0," "," ","0",0," "," ","0",0," "," ","0",NA," "," "," "
"250","USC00413787",1948,4,"WT03",NA," "," "," ",NA," "," "," ",NA," "," "," ",NA," "," "," ",NA," "," "," ",NA," "," "," ",NA," "," "," ",NA," "," "," ",NA," "," "," ",NA," "," "," ",NA," "," "," ",NA," "," "," ",NA," "," "," ",NA," "," "," ",NA," "," "," ",NA," "," "," ",NA," "," "," ",NA," "," "," ",NA," "," "," ",NA," "," "," ",1," "," ","0",NA," "," "," ",NA," "," "," ",NA," "," "," ",NA," "," "," ",NA," "," "," ",NA," "," "," ",NA," "," "," ",NA," "," "," ",NA," "," "," ",NA," "," "," "
"251","USC00413787",1948,5,"PRCP",0," "," ","0",0," "," ","0",0," "," ","0",0," "," ","0",0," "," ","0",0," "," ","0",0," "," ","0",0," "," ","0",0," "," ","0",18," "," ","0",23," "," ","0",0," "," ","0",0," "," ","0",0," "," ","0",0," "," ","0",0," "," ","0",0," "," ","0",0," "," ","0",0," "," ","0",0," "," ","0",0," "," ","0",8," "," ","0",36," "," ","0",0,"T"," ","0",38," "," ","0",0," "," ","0",0," "," ","0",0," "," ","0",267," "," ","0",0," "," ","0",107," "," ","0"
"252","USC00413787",1948,5,"SNOW",0," "," ","0",0," "," ","0",0," "," ","0",0," "," ","0",0," "," ","0",0," "," ","0",0," "," ","0",0," "," ","0",0," "," ","0",0," "," ","0",0," "," ","0",0," "," ","0",0," "," ","0",0," "," ","0",0," "," ","0",0," "," ","0",0," "," ","0",0," "," ","0",0," "," ","0",0," "," ","0",0," "," ","0",0," "," ","0",0," "," ","0",0," "," ","0",0," "," ","0",0," "," ","0",0," "," ","0",0," "," ","0",0," "," ","0",0," "," ","0",0," "," ","0"
"253","USC00413787",1948,5,"SNWD",0," "," ","0",0," "," ","0",0," "," ","0",0," "," ","0",0," "," ","0",0," "," ","0",0," "," ","0",0," "," ","0",0," "," ","0",0," "," ","0",0," "," ","0",0," "," ","0",0," "," ","0",0," "," ","0",0," "," ","0",0," "," ","0",0," "," ","0",0," "," ","0",0," "," ","0",0," "," ","0",0," "," ","0",0," "," ","0",0," "," ","0",0," "," ","0",0," "," ","0",0," "," ","0",0," "," ","0",0," "," ","0",0," "," ","0",0," "," ","0",0," "," ","0"
"254","USC00413787",1948,5,"WT03",NA," "," "," ",NA," "," "," ",NA," "," "," ",NA," "," "," ",NA," "," "," ",NA," "," "," ",NA," "," "," ",NA," "," "," ",NA," "," "," ",1," "," ","0",NA," "," "," ",NA," "," "," ",NA," "," "," ",NA," "," "," ",NA," "," "," ",NA," "," "," ",NA," "," "," ",NA," "," "," ",NA," "," "," ",NA," "," "," ",1," "," ","0",1," "," ","0",NA," "," "," ",NA," "," "," ",NA," "," "," ",NA," "," "," ",NA," "," "," ",NA," "," "," ",1," "," ","0",NA," "," "," ",1," "," ","0"
"255","USC00413787",1948,5,"WT14",NA," "," "," ",NA," "," "," ",NA," "," "," ",NA," "," "," ",NA," "," "," ",NA," "," "," ",NA," "," "," ",NA," "," "," ",NA," "," "," ",NA," "," "," ",NA," "," "," ",NA," "," "," ",NA," "," "," ",NA," "," "," ",NA," "," "," ",NA," "," "," ",NA," "," "," ",NA," "," "," ",NA," "," "," ",NA," "," "," ",NA," "," "," ",NA," "," "," ",NA," "," "," ",NA," "," "," ",1," "," ","0",NA," "," "," ",NA," "," "," ",NA," "," "," ",NA," "," "," ",NA," "," "," ",NA," "," "," "
"256","USC00413787",1948,6,"PRCP",0," "," ","0",0," "," ","0",0," "," ","0",0," "," ","0",0," "," ","0",0," "," ","0",0," "," ","0",0," "," ","0",0," "," ","0",0,"T"," ","0",0," "," ","0",0," "," ","0",23," "," ","0",0," "," ","0",0," "," ","0",0,"T"," ","0",0," "," ","0",0," "," ","0",328," "," ","0",556," "," ","0",0," "," ","0",0," "," ","0",0," "," ","0",0," "," ","0",0," "," ","0",0," "," ","0",23," "," ","0",206," "," ","0",0," "," ","0",0," "," ","0",NA," "," "," "
"257","USC00413787",1948,6,"SNOW",0," "," ","0",0," "," ","0",0," "," ","0",0," "," ","0",0," "," ","0",0," "," ","0",0," "," ","0",0," "," ","0",0," "," ","0",0," "," ","0",0," "," ","0",0," "," ","0",0," "," ","0",0," "," ","0",0," "," ","0",0," "," ","0",0," "," ","0",0," "," ","0",0," "," ","0",0," "," ","0",0," "," ","0",0," "," ","0",0," "," ","0",0," "," ","0",0," "," ","0",0," "," ","0",0," "," ","0",0," "," ","0",0," "," ","0",0," "," ","0",NA," "," "," "
"258","USC00413787",1948,6,"SNWD",0," "," ","0",0," "," ","0",0," "," ","0",0," "," ","0",0," "," ","0",0," "," ","0",0," "," ","0",0," "," ","0",0," "," ","0",0," "," ","0",0," "," ","0",0," "," ","0",0," "," ","0",0," "," ","0",0," "," ","0",0," "," ","0",0," "," ","0",0," "," ","0",0," "," ","0",0," "," ","0",0," "," ","0",0," "," ","0",0," "," ","0",0," "," ","0",0," "," ","0",0," "," ","0",0," "," ","0",0," "," ","0",0," "," ","0",0," "," ","0",NA," "," "," "
"259","USC00413787",1948,6,"WT03",NA," "," "," ",NA," "," "," ",NA," "," "," ",NA," "," "," ",NA," "," "," ",NA," "," "," ",NA," "," "," ",NA," "," "," ",NA," "," "," ",1," "," ","0",NA," "," "," ",NA," "," "," ",NA," "," "," ",NA," "," "," ",NA," "," "," ",1," "," ","0",NA," "," "," ",NA," "," "," ",1," "," ","0",1," "," ","0",NA," "," "," ",NA," "," "," ",NA," "," "," ",NA," "," "," ",NA," "," "," ",NA," "," "," ",1," "," ","0",NA," "," "," ",NA," "," "," ",NA," "," "," ",NA," "," "," "
"260","USC00413787",1948,6,"WT14",NA," "," "," ",NA," "," "," ",NA," "," "," ",NA," "," "," ",NA," "," "," ",NA," "," "," ",NA," "," "," ",NA," "," "," ",NA," "," "," ",NA," "," "," ",NA," "," "," ",NA," "," "," ",1," "," ","0",NA," "," "," ",NA," "," "," ",NA," "," "," ",NA," "," "," ",NA," "," "," ",NA," "," "," ",NA," "," "," ",NA," "," "," ",NA," "," "," ",NA," "," "," ",NA," "," "," ",NA," "," "," ",NA," "," "," ",NA," "," "," ",NA," "," "," ",NA," "," "," ",NA," "," "," ",NA," "," "," "
"261","USC00413787",1948,7,"PRCP",0," "," ","0",0," "," ","0",NA," "," "," ",NA," "," "," ",NA," "," "," ",NA," "," "," ",NA," "," "," ",36," "," ","0",5," "," ","0",0," "," ","0",0," "," ","0",0," "," ","0",0," "," ","0",0," "," ","0",8," "," ","0",114," "," ","0",0," "," ","0",0," "," ","0",0," "," ","0",0," "," ","0",0," "," ","0",18," "," ","0",43," "," ","0",0," "," ","0",0," "," ","0",0," "," ","0",102," "," ","0",3," "," ","0",0," "," ","0",152," "," ","0",0," "," ","0"
"262","USC00413787",1948,7,"SNOW",0," "," ","0",0," "," ","0",NA," "," "," ",NA," "," "," ",NA," "," "," ",NA," "," "," ",NA," "," "," ",0," "," ","0",0," "," ","0",0," "," ","0",0," "," ","0",0," "," ","0",0," "," ","0",0," "," ","0",0," "," ","0",0," "," ","0",0," "," ","0",0," "," ","0",0," "," ","0",0," "," ","0",0," "," ","0",0," "," ","0",0," "," ","0",0," "," ","0",0," "," ","0",0," "," ","0",0," "," ","0",0," "," ","0",0," "," ","0",0," "," ","0",0," "," ","0"
"263","USC00413787",1948,7,"SNWD",0," "," ","0",0," "," ","0",NA," "," "," ",NA," "," "," ",NA," "," "," ",NA," "," "," ",NA," "," "," ",0," "," ","0",0," "," ","0",0," "," ","0",0," "," ","0",0," "," ","0",0," "," ","0",0," "," ","0",0," "," ","0",0," "," ","0",0," "," ","0",0," "," ","0",0," "," ","0",0," "," ","0",0," "," ","0",0," "," ","0",0," "," ","0",0," "," ","0",0," "," ","0",0," "," ","0",0," "," ","0",0," "," ","0",0," "," ","0",0," "," ","0",0," "," ","0"
"264","USC00413787",1948,7,"WT03",NA," "," "," ",NA," "," "," ",NA," "," "," ",NA," "," "," ",NA," "," "," ",NA," "," "," ",NA," "," "," ",NA," "," "," ",NA," "," "," ",NA," "," "," ",NA," "," "," ",NA," "," "," ",NA," "," "," ",NA," "," "," ",1," "," ","0",1," "," ","0",NA," "," "," ",NA," "," "," ",NA," "," "," ",NA," "," "," ",NA," "," "," ",NA," "," "," ",NA," "," "," ",NA," "," "," ",NA," "," "," ",1," "," ","0",NA," "," "," ",1," "," ","0",NA," "," "," ",1," "," ","0",NA," "," "," "
"265","USC00413787",1948,7,"WT05",NA," "," "," ",NA," "," "," ",NA," "," "," ",NA," "," "," ",NA," "," "," ",NA," "," "," ",NA," "," "," ",NA," "," "," ",NA," "," "," ",NA," "," "," ",NA," "," "," ",NA," "," "," ",NA," "," "," ",NA," "," "," ",NA," "," "," ",NA," "," "," ",NA," "," "," ",NA," "," "," ",NA," "," "," ",NA," "," "," ",NA," "," "," ",1," "," ","0",1," "," ","0",NA," "," "," ",NA," "," "," ",NA," "," "," ",NA," "," "," ",NA," "," "," ",NA," "," "," ",NA," "," "," ",NA," "," "," "
"266","USC00413787",1948,8,"PRCP",386," "," ","0",0," "," ","0",0," "," ","0",0," "," ","0",0," "," ","0",0," "," ","0",25," "," ","0",69," "," ","0",0," "," ","0",0," "," ","0",0," "," ","0",0," "," ","0",43," "," ","0",43," "," ","0",48," "," ","0",0," "," ","0",0," "," ","0",0," "," ","0",0," "," ","0",0," "," ","0",0," "," ","0",0," "," ","0",0," "," ","0",0," "," ","0",0," "," ","0",41," "," ","0",53," "," ","0",0," "," ","0",0," "," ","0",0," "," ","0",0," "," ","0"
"267","USC00413787",1948,8,"SNOW",0," "," ","0",0," "," ","0",0," "," ","0",0," "," ","0",0," "," ","0",0," "," ","0",0," "," ","0",0," "," ","0",0," "," ","0",0," "," ","0",0," "," ","0",0," "," ","0",0," "," ","0",0," "," ","0",0," "," ","0",0," "," ","0",0," "," ","0",0," "," ","0",0," "," ","0",0," "," ","0",0," "," ","0",0," "," ","0",0," "," ","0",0," "," ","0",0," "," ","0",0," "," ","0",0," "," ","0",0," "," ","0",0," "," ","0",0," "," ","0",0," "," ","0"
"268","USC00413787",1948,8,"SNWD",0," "," ","0",0," "," ","0",0," "," ","0",0," "," ","0",0," "," ","0",0," "," ","0",0," "," ","0",0," "," ","0",0," "," ","0",0," "," ","0",0," "," ","0",0," "," ","0",0," "," ","0",0," "," ","0",0," "," ","0",0," "," ","0",0," "," ","0",0," "," ","0",0," "," ","0",0," "," ","0",0," "," ","0",0," "," ","0",0," "," ","0",0," "," ","0",0," "," ","0",0," "," ","0",0," "," ","0",0," "," ","0",0," "," ","0",0," "," ","0",0," "," ","0"
"269","USC00413787",1948,8,"WT03",1," "," ","0",NA," "," "," ",NA," "," "," ",NA," "," "," ",NA," "," "," ",NA," "," "," ",1," "," ","0",1," "," ","0",NA," "," "," ",NA," "," "," ",NA," "," "," ",NA," "," "," ",1," "," ","0",1," "," ","0",1," "," ","0",NA," "," "," ",NA," "," "," ",NA," "," "," ",NA," "," "," ",NA," "," "," ",NA," "," "," ",NA," "," "," ",NA," "," "," ",NA," "," "," ",NA," "," "," ",1," "," ","0",1," "," ","0",NA," "," "," ",NA," "," "," ",NA," "," "," ",NA," "," "," "
"270","USC00413787",1948,9,"PRCP",0," "," ","0",0," "," ","0",0," "," ","0",0," "," ","0",0," "," ","0",0," "," ","0",0," "," ","0",241," "," ","0",0," "," ","0",0," "," ","0",0," "," ","0",0," "," ","0",0," "," ","0",0," "," ","0",0," "," ","0",0," "," ","0",0," "," ","0",0," "," ","0",0," "," ","0",0," "," ","0",0," "," ","0",0," "," ","0",0," "," ","0",0," "," ","0",0," "," ","0",0," "," ","0",0," "," ","0",0," "," ","0",0," "," ","0",0," "," ","0",NA," "," "," "
"271","USC00413787",1948,9,"SNOW",0," "," ","0",0," "," ","0",0," "," ","0",0," "," ","0",0," "," ","0",0," "," ","0",0," "," ","0",0," "," ","0",0," "," ","0",0," "," ","0",0," "," ","0",0," "," ","0",0," "," ","0",0," "," ","0",0," "," ","0",0," "," ","0",0," "," ","0",0," "," ","0",0," "," ","0",0," "," ","0",0," "," ","0",0," "," ","0",0," "," ","0",0," "," ","0",0," "," ","0",0," "," ","0",0," "," ","0",0," "," ","0",0," "," ","0",0," "," ","0",NA," "," "," "
"272","USC00413787",1948,9,"SNWD",0," "," ","0",0," "," ","0",0," "," ","0",0," "," ","0",0," "," ","0",0," "," ","0",0," "," ","0",0," "," ","0",0," "," ","0",0," "," ","0",0," "," ","0",0," "," ","0",0," "," ","0",0," "," ","0",0," "," ","0",0," "," ","0",0," "," ","0",0," "," ","0",0," "," ","0",0," "," ","0",0," "," ","0",0," "," ","0",0," "," ","0",0," "," ","0",0," "," ","0",0," "," ","0",0," "," ","0",0," "," ","0",0," "," ","0",0," "," ","0",NA," "," "," "
"273","USC00413787",1948,9,"WT03",NA," "," "," ",NA," "," "," ",NA," "," "," ",NA," "," "," ",NA," "," "," ",NA," "," "," ",NA," "," "," ",1," "," ","0",NA," "," "," ",NA," "," "," ",NA," "," "," ",NA," "," "," ",NA," "," "," ",NA," "," "," ",NA," "," "," ",NA," "," "," ",NA," "," "," ",NA," "," "," ",NA," "," "," ",NA," "," "," ",NA," "," "," ",NA," "," "," ",NA," "," "," ",NA," "," "," ",NA," "," "," ",NA," "," "," ",NA," "," "," ",NA," "," "," ",NA," "," "," ",NA," "," "," ",NA," "," "," "
"274","USC00413787",1948,10,"PRCP",0," "," ","0",0," "," ","0",0," "," ","0",0," "," ","0",0," "," ","0",0," "," ","0",0," "," ","0",0," "," ","0",0," "," ","0",0," "," ","0",0," "," ","0",0," "," ","0",0," "," ","0",0," "," ","0",0," "," ","0",0," "," ","0",0," "," ","0",0," "," ","0",28," "," ","0",0," "," ","0",180," "," ","0",0," "," ","0",0," "," ","0",0," "," ","0",0," "," ","0",0," "," ","0",0," "," ","0",191," "," ","0",0," "," ","0",0," "," ","0",0," "," ","0"
"275","USC00413787",1948,10,"SNOW",0," "," ","0",0," "," ","0",0," "," ","0",0," "," ","0",0," "," ","0",0," "," ","0",0," "," ","0",0," "," ","0",0," "," ","0",0," "," ","0",0," "," ","0",0," "," ","0",0," "," ","0",0," "," ","0",0," "," ","0",0," "," ","0",0," "," ","0",0," "," ","0",0," "," ","0",0," "," ","0",0," "," ","0",0," "," ","0",0," "," ","0",0," "," ","0",0," "," ","0",0," "," ","0",0," "," ","0",0," "," ","0",0," "," ","0",0," "," ","0",0," "," ","0"
"276","USC00413787",1948,10,"SNWD",0," "," ","0",0," "," ","0",0," "," ","0",0," "," ","0",0," "," ","0",0," "," ","0",0," "," ","0",0," "," ","0",0," "," ","0",0," "," ","0",0," "," ","0",0," "," ","0",0," "," ","0",0," "," ","0",0," "," ","0",0," "," ","0",0," "," ","0",0," "," ","0",0," "," ","0",0," "," ","0",0," "," ","0",0," "," ","0",0," "," ","0",0," "," ","0",0," "," ","0",0," "," ","0",0," "," ","0",0," "," ","0",0," "," ","0",0," "," ","0",0," "," ","0"
"277","USC00413787",1948,10,"WT03",NA," "," "," ",NA," "," "," ",NA," "," "," ",NA," "," "," ",NA," "," "," ",NA," "," "," ",NA," "," "," ",NA," "," "," ",NA," "," "," ",NA," "," "," ",NA," "," "," ",NA," "," "," ",NA," "," "," ",NA," "," "," ",NA," "," "," ",NA," "," "," ",NA," "," "," ",NA," "," "," ",NA," "," "," ",NA," "," "," ",NA," "," "," ",NA," "," "," ",NA," "," "," ",NA," "," "," ",NA," "," "," ",NA," "," "," ",NA," "," "," ",1," "," ","0",NA," "," "," ",NA," "," "," ",NA," "," "," "
"278","USC00413787",1948,11,"PRCP",597," "," ","0",0," "," ","0",0," "," ","0",0," "," ","0",0," "," ","0",0," "," ","0",0," "," ","0",0," "," ","0",0," "," ","0",0," "," ","0",0," "," ","0",0," "," ","0",0," "," ","0",0," "," ","0",0," "," ","0",0," "," ","0",0," "," ","0",NA," "," "," ",NA," "," "," ",0," "," ","0",0," "," ","0",0," "," ","0",0," "," ","0",0," "," ","0",0," "," ","0",0," "," ","0",127," "," ","0",0," "," ","0",0," "," ","0",0," "," ","0",NA," "," "," "
"279","USC00413787",1948,11,"SNOW",0," "," ","0",0," "," ","0",0," "," ","0",0," "," ","0",0," "," ","0",0," "," ","0",0," "," ","0",0," "," ","0",0," "," ","0",0," "," ","0",0," "," ","0",0," "," ","0",0," "," ","0",0," "," ","0",0," "," ","0",0," "," ","0",0," "," ","0",0," "," ","0",25," "," ","0",0," "," ","0",0," "," ","0",0," "," ","0",0," "," ","0",0," "," ","0",0," "," ","0",0," "," ","0",76," "," ","0",0," "," ","0",0," "," ","0",0," "," ","0",NA," "," "," "
"280","USC00413787",1948,11,"SNWD",0," "," ","0",0," "," ","0",0," "," ","0",0," "," ","0",0," "," ","0",0," "," ","0",0," "," ","0",0," "," ","0",0," "," ","0",0," "," ","0",0," "," ","0",0," "," ","0",0," "," ","0",0," "," ","0",0," "," ","0",0," "," ","0",0," "," ","0",0," "," ","0",0," "," ","0",0," "," ","0",0," "," ","0",0," "," ","0",0," "," ","0",0," "," ","0",0," "," ","0",0," "," ","0",76," "," ","0",0," "," ","0",0," "," ","0",0," "," ","0",NA," "," "," "
"281","USC00413787",1948,11,"DAPR",NA," "," "," ",NA," "," "," ",NA," "," "," ",NA," "," "," ",NA," "," "," ",NA," "," "," ",NA," "," "," ",NA," "," "," ",NA," "," "," ",NA," "," "," ",NA," "," "," ",NA," "," "," ",NA," "," "," ",NA," "," "," ",NA," "," "," ",NA," "," "," ",NA," "," "," ",NA," "," "," ",2," "," ","0",NA," "," "," ",NA," "," "," ",NA," "," "," ",NA," "," "," ",NA," "," "," ",NA," "," "," ",NA," "," "," ",NA," "," "," ",NA," "," "," ",NA," "," "," ",NA," "," "," ",NA," "," "," "
"282","USC00413787",1948,11,"MDPR",NA," "," "," ",NA," "," "," ",NA," "," "," ",NA," "," "," ",NA," "," "," ",NA," "," "," ",NA," "," "," ",NA," "," "," ",NA," "," "," ",NA," "," "," ",NA," "," "," ",NA," "," "," ",NA," "," "," ",NA," "," "," ",NA," "," "," ",NA," "," "," ",NA," "," "," ",NA," "," "," ",13," "," ","0",NA," "," "," ",NA," "," "," ",NA," "," "," ",NA," "," "," ",NA," "," "," ",NA," "," "," ",NA," "," "," ",NA," "," "," ",NA," "," "," ",NA," "," "," ",NA," "," "," ",NA," "," "," "
"283","USC00413787",1948,11,"WT03",1," "," ","0",NA," "," "," ",NA," "," "," ",NA," "," "," ",NA," "," "," ",NA," "," "," ",NA," "," "," ",NA," "," "," ",NA," "," "," ",NA," "," "," ",NA," "," "," ",NA," "," "," ",NA," "," "," ",NA," "," "," ",NA," "," "," ",NA," "," "," ",NA," "," "," ",NA," "," "," ",NA," "," "," ",NA," "," "," ",NA," "," "," ",NA," "," "," ",NA," "," "," ",NA," "," "," ",NA," "," "," ",NA," "," "," ",NA," "," "," ",NA," "," "," ",NA," "," "," ",NA," "," "," ",NA," "," "," "
"284","USC00413787",1948,11,"WT09",NA," "," "," ",NA," "," "," ",NA," "," "," ",NA," "," "," ",NA," "," "," ",NA," "," "," ",NA," "," "," ",NA," "," "," ",NA," "," "," ",NA," "," "," ",NA," "," "," ",NA," "," "," ",NA," "," "," ",NA," "," "," ",NA," "," "," ",NA," "," "," ",NA," "," "," ",1," "," ","0",NA," "," "," ",NA," "," "," ",NA," "," "," ",NA," "," "," ",NA," "," "," ",NA," "," "," ",NA," "," "," ",NA," "," "," ",NA," "," "," ",NA," "," "," ",NA," "," "," ",NA," "," "," ",NA," "," "," "
"285","USC00413787",1948,11,"WT11",NA," "," "," ",NA," "," "," ",NA," "," "," ",NA," "," "," ",1," "," ","0",NA," "," "," ",NA," "," "," ",NA," "," "," ",NA," "," "," ",NA," "," "," ",NA," "," "," ",NA," "," "," ",NA," "," "," ",NA," "," "," ",NA," "," "," ",NA," "," "," ",NA," "," "," ",NA," "," "," ",NA," "," "," ",NA," "," "," ",NA," "," "," ",NA," "," "," ",NA," "," "," ",NA," "," "," ",NA," "," "," ",NA," "," "," ",NA," "," "," ",NA," "," "," ",NA," "," "," ",NA," "," "," ",NA," "," "," "
"286","USC00413787",1948,12,"PRCP",0," "," ","0",0," "," ","0",0," "," ","0",0," "," ","0",0," "," ","0",0," "," ","0",0," "," ","0",0," "," ","0",0," "," ","0",0," "," ","0",0," "," ","0",0," "," ","0",0," "," ","0",0," "," ","0",0," "," ","0",0," "," ","0",0," "," ","0",0," "," ","0",0," "," ","0",0," "," ","0",0," "," ","0",0," "," ","0",0," "," ","0",0," "," ","0",0," "," ","0",0," "," ","0",0," "," ","0",0," "," ","0",0," "," ","0",0," "," ","0",0," "," ","0"
"287","USC00413787",1948,12,"SNOW",0," "," ","0",0," "," ","0",0," "," ","0",0," "," ","0",0," "," ","0",0," "," ","0",0," "," ","0",0," "," ","0",0," "," ","0",0," "," ","0",0," "," ","0",0," "," ","0",0," "," ","0",0," "," ","0",0," "," ","0",0," "," ","0",0," "," ","0",0," "," ","0",0," "," ","0",0," "," ","0",0," "," ","0",0," "," ","0",0," "," ","0",0," "," ","0",0," "," ","0",0," "," ","0",0," "," ","0",0," "," ","0",0," "," ","0",0," "," ","0",0," "," ","0"
"288","USC00413787",1948,12,"SNWD",0," "," ","0",0," "," ","0",0," "," ","0",0," "," ","0",0," "," ","0",0," "," ","0",0," "," ","0",0," "," ","0",0," "," ","0",0," "," ","0",0," "," ","0",0," "," ","0",0," "," ","0",0," "," ","0",0," "," ","0",0," "," ","0",0," "," ","0",0," "," ","0",0," "," ","0",0," "," ","0",0," "," ","0",0," "," ","0",0," "," ","0",0," "," ","0",0," "," ","0",0," "," ","0",0," "," ","0",0," "," ","0",0," "," ","0",0," "," ","0",0," "," ","0"
"289","USC00413787",1948,12,"WT01",NA," "," "," ",NA," "," "," ",NA," "," "," ",NA," "," "," ",NA," "," "," ",NA," "," "," ",NA," "," "," ",NA," "," "," ",NA," "," "," ",NA," "," "," ",NA," "," "," ",NA," "," "," ",NA," "," "," ",NA," "," "," ",NA," "," "," ",NA," "," "," ",NA," "," "," ",NA," "," "," ",NA," "," "," ",NA," "," "," ",NA," "," "," ",NA," "," "," ",1," "," ","0",1," "," ","0",NA," "," "," ",NA," "," "," ",NA," "," "," ",NA," "," "," ",NA," "," "," ",NA," "," "," ",NA," "," "," "
"290","USC00413787",1948,12,"WT07",NA," "," "," ",NA," "," "," ",NA," "," "," ",NA," "," "," ",NA," "," "," ",NA," "," "," ",NA," "," "," ",NA," "," "," ",NA," "," "," ",NA," "," "," ",NA," "," "," ",NA," "," "," ",NA," "," "," ",NA," "," "," ",NA," "," "," ",NA," "," "," ",NA," "," "," ",NA," "," "," ",NA," "," "," ",NA," "," "," ",NA," "," "," ",NA," "," "," ",NA," "," "," ",NA," "," "," ",NA," "," "," ",NA," "," "," ",NA," "," "," ",1," "," ","0",NA," "," "," ",NA," "," "," ",NA," "," "," "
"291","USC00413787",1948,12,"WT11",NA," "," "," ",NA," "," "," ",NA," "," "," ",NA," "," "," ",NA," "," "," ",NA," "," "," ",NA," "," "," ",NA," "," "," ",NA," "," "," ",1," "," ","0",NA," "," "," ",NA," "," "," ",NA," "," "," ",NA," "," "," ",NA," "," "," ",NA," "," "," ",NA," "," "," ",NA," "," "," ",NA," "," "," ",NA," "," "," ",NA," "," "," ",NA," "," "," ",NA," "," "," ",NA," "," "," ",NA," "," "," ",NA," "," "," ",NA," "," "," ",NA," "," "," ",NA," "," "," ",NA," "," "," ",NA," "," "," "
"292","USC00413787",1949,1,"PRCP",0," "," ","0",0," "," ","0",0,"T"," ","0",0," "," ","0",0," "," ","0",0," "," ","0",0," "," ","0",0," "," ","0",NA," "," "," ",NA," "," "," ",NA," "," "," ",0," "," ","0",0," "," ","0",0," "," ","0",0," "," ","0",0," "," ","0",0," "," ","0",0," "," ","0",0," "," ","0",0," "," ","0",0," "," ","0",3," "," ","0",NA," "," "," ",NA," "," "," ",NA," "," "," ",NA," "," "," ",NA," "," "," ",NA," "," "," ",0," "," ","0",0," "," ","0",0," "," ","0"
"293","USC00413787",1949,1,"SNOW",0," "," ","0",0," "," ","0",0,"T"," ","0",0," "," ","0",0," "," ","0",0," "," ","0",0," "," ","0",0," "," ","0",NA," "," "," ",NA," "," "," ",NA," "," "," ",0," "," ","0",0," "," ","0",0," "," ","0",0," "," ","0",0," "," ","0",0," "," ","0",0," "," ","0",0," "," ","0",0," "," ","0",0," "," ","0",0," "," ","0",0," "," ","0",NA," "," "," ",NA," "," "," ",NA," "," "," ",NA," "," "," ",NA," "," "," ",0," "," ","0",0," "," ","0",0," "," ","0"
"294","USC00413787",1949,1,"SNWD",0," "," ","0",0," "," ","0",0," "," ","0",0," "," ","0",0," "," ","0",0," "," ","0",0," "," ","0",0," "," ","0",NA," "," "," ",NA," "," "," ",NA," "," "," ",0," "," ","0",0," "," ","0",0," "," ","0",0," "," ","0",0," "," ","0",0," "," ","0",0," "," ","0",0," "," ","0",0," "," ","0",0," "," ","0",0," "," ","0",0," "," ","0",NA," "," "," ",76," "," ","0",NA," "," "," ",NA," "," "," ",NA," "," "," ",0," "," ","0",0," "," ","0",0," "," ","0"
"295","USC00413787",1949,1,"DAPR",NA," "," "," ",NA," "," "," ",NA," "," "," ",NA," "," "," ",NA," "," "," ",NA," "," "," ",NA," "," "," ",NA," "," "," ",NA," "," "," ",NA," "," "," ",3," "," ","0",NA," "," "," ",NA," "," "," ",NA," "," "," ",NA," "," "," ",NA," "," "," ",NA," "," "," ",NA," "," "," ",NA," "," "," ",NA," "," "," ",NA," "," "," ",NA," "," "," ",NA," "," "," ",NA," "," "," ",3," "," ","0",NA," "," "," ",NA," "," "," ",3," "," ","0",NA," "," "," ",NA," "," "," ",NA," "," "," "
"296","USC00413787",1949,1,"DASF",NA," "," "," ",NA," "," "," ",NA," "," "," ",NA," "," "," ",NA," "," "," ",NA," "," "," ",NA," "," "," ",NA," "," "," ",NA," "," "," ",NA," "," "," ",NA," "," "," ",NA," "," "," ",NA," "," "," ",NA," "," "," ",NA," "," "," ",NA," "," "," ",NA," "," "," ",NA," "," "," ",NA," "," "," ",NA," "," "," ",NA," "," "," ",NA," "," "," ",NA," "," "," ",NA," "," "," ",2," "," ","0",NA," "," "," ",NA," "," "," ",NA," "," "," ",NA," "," "," ",NA," "," "," ",NA," "," "," "
"297","USC00413787",1949,1,"MDPR",NA," "," "," ",NA," "," "," ",NA," "," "," ",NA," "," "," ",NA," "," "," ",NA," "," "," ",NA," "," "," ",NA," "," "," ",NA," "," "," ",NA," "," "," ",277," "," ","0",NA," "," "," ",NA," "," "," ",NA," "," "," ",NA," "," "," ",NA," "," "," ",NA," "," "," ",NA," "," "," ",NA," "," "," ",NA," "," "," ",NA," "," "," ",NA," "," "," ",NA," "," "," ",NA," "," "," ",97," "," ","0",NA," "," "," ",NA," "," "," ",84," "," ","0",NA," "," "," ",NA," "," "," ",NA," "," "," "
"298","USC00413787",1949,1,"MDSF",NA," "," "," ",NA," "," "," ",NA," "," "," ",NA," "," "," ",NA," "," "," ",NA," "," "," ",NA," "," "," ",NA," "," "," ",NA," "," "," ",NA," "," "," ",NA," "," "," ",NA," "," "," ",NA," "," "," ",NA," "," "," ",NA," "," "," ",NA," "," "," ",NA," "," "," ",NA," "," "," ",NA," "," "," ",NA," "," "," ",NA," "," "," ",NA," "," "," ",NA," "," "," ",NA," "," "," ",76," "," ","0",NA," "," "," ",NA," "," "," ",NA," "," "," ",NA," "," "," ",NA," "," "," ",NA," "," "," "
"299","USC00413787",1949,1,"WT04",NA," "," "," ",NA," "," "," ",NA," "," "," ",NA," "," "," ",NA," "," "," ",NA," "," "," ",NA," "," "," ",1," "," ","0",1," "," ","0",1," "," ","0",NA," "," "," ",NA," "," "," ",NA," "," "," ",NA," "," "," ",NA," "," "," ",NA," "," "," ",NA," "," "," ",NA," "," "," ",NA," "," "," ",NA," "," "," ",NA," "," "," ",NA," "," "," ",NA," "," "," ",NA," "," "," ",NA," "," "," ",NA," "," "," ",NA," "," "," ",NA," "," "," ",NA," "," "," ",NA," "," "," ",NA," "," "," "
"300","USC00413787",1949,1,"WT06",NA," "," "," ",NA," "," "," ",NA," "," "," ",NA," "," "," ",NA," "," "," ",NA," "," "," ",NA," "," "," ",NA," "," "," ",NA," "," "," ",NA," "," "," ",NA," "," "," ",NA," "," "," ",NA," "," "," ",NA," "," "," ",NA," "," "," ",NA," "," "," ",NA," "," "," ",NA," "," "," ",NA," "," "," ",NA," "," "," ",NA," "," "," ",NA," "," "," ",NA," "," "," ",1," "," ","0",NA," "," "," ",NA," "," "," ",NA," "," "," ",NA," "," "," ",NA," "," "," ",NA," "," "," ",NA," "," "," "
"301","USC00413787",1949,1,"WT09",NA," "," "," ",NA," "," "," ",NA," "," "," ",NA," "," "," ",NA," "," "," ",NA," "," "," ",NA," "," "," ",1," "," ","0",1," "," ","0",1," "," ","0",NA," "," "," ",NA," "," "," ",NA," "," "," ",NA," "," "," ",NA," "," "," ",NA," "," "," ",NA," "," "," ",NA," "," "," ",NA," "," "," ",NA," "," "," ",NA," "," "," ",NA," "," "," ",NA," "," "," ",1," "," ","0",NA," "," "," ",1," "," ","0",1," "," ","0",1," "," ","0",NA," "," "," ",NA," "," "," ",NA," "," "," "
"302","USC00413787",1949,1,"WT14",NA," "," "," ",NA," "," "," ",NA," "," "," ",NA," "," "," ",NA," "," "," ",NA," "," "," ",NA," "," "," ",NA," "," "," ",NA," "," "," ",NA," "," "," ",NA," "," "," ",NA," "," "," ",NA," "," "," ",NA," "," "," ",NA," "," "," ",NA," "," "," ",NA," "," "," ",NA," "," "," ",NA," "," "," ",NA," "," "," ",NA," "," "," ",NA," "," "," ",NA," "," "," ",1," "," ","0",1," "," ","0",NA," "," "," ",NA," "," "," ",NA," "," "," ",NA," "," "," ",NA," "," "," ",NA," "," "," "
"303","USC00413787",1949,2,"PRCP",0,"T"," ","0",0," "," ","0",0," "," ","0",0," "," ","0",0," "," ","0",0," "," ","0",0," "," ","0",0," "," ","0",0," "," ","0",0," "," ","0",0," "," ","0",0," "," ","0",102," "," ","0",0,"T"," ","0",0," "," ","0",0," "," ","0",0," "," ","0",0," "," ","0",0," "," ","0",0,"T"," ","0",0," "," ","0",0," "," ","0",0," "," ","0",0," "," ","0",8," "," ","0",130," "," ","0",0," "," ","0",0," "," ","0",NA," "," "," ",NA," "," "," ",NA," "," "," "
"304","USC00413787",1949,2,"SNOW",0,"T"," ","0",0," "," ","0",0," "," ","0",0," "," ","0",0," "," ","0",0," "," ","0",0," "," ","0",0," "," ","0",0," "," ","0",0," "," ","0",0," "," ","0",0," "," ","0",25," "," ","0",0,"T"," ","0",0," "," ","0",0," "," ","0",0," "," ","0",0," "," ","0",0," "," ","0",0," "," ","0",0," "," ","0",0," "," ","0",0," "," ","0",0," "," ","0",0," "," ","0",0," "," ","0",0," "," ","0",0," "," ","0",NA," "," "," ",NA," "," "," ",NA," "," "," "
"305","USC00413787",1949,2,"SNWD",0,"T"," ","0",0," "," ","0",0," "," ","0",0," "," ","0",0," "," ","0",0," "," ","0",0," "," ","0",0," "," ","0",0," "," ","0",0," "," ","0",0," "," ","0",0," "," ","0",25," "," ","0",0," "," ","0",0," "," ","0",0," "," ","0",0," "," ","0",0," "," ","0",0," "," ","0",0," "," ","0",0," "," ","0",0," "," ","0",0," "," ","0",0," "," ","0",0," "," ","0",0," "," ","0",0," "," ","0",0," "," ","0",NA," "," "," ",NA," "," "," ",NA," "," "," "
"306","USC00413787",1949,2,"WT01",NA," "," "," ",NA," "," "," ",NA," "," "," ",NA," "," "," ",NA," "," "," ",NA," "," "," ",NA," "," "," ",NA," "," "," ",NA," "," "," ",NA," "," "," ",NA," "," "," ",NA," "," "," ",NA," "," "," ",NA," "," "," ",NA," "," "," ",NA," "," "," ",NA," "," "," ",NA," "," "," ",1," "," ","0",NA," "," "," ",NA," "," "," ",NA," "," "," ",NA," "," "," ",NA," "," "," ",NA," "," "," ",1," "," ","0",NA," "," "," ",NA," "," "," ",NA," "," "," ",NA," "," "," ",NA," "," "," "
"307","USC00413787",1949,2,"WT06",NA," "," "," ",NA," "," "," ",NA," "," "," ",NA," "," "," ",NA," "," "," ",NA," "," "," ",NA," "," "," ",NA," "," "," ",NA," "," "," ",NA," "," "," ",NA," "," "," ",NA," "," "," ",1," "," ","0",NA," "," "," ",NA," "," "," ",NA," "," "," ",NA," "," "," ",NA," "," "," ",NA," "," "," ",NA," "," "," ",NA," "," "," ",NA," "," "," ",NA," "," "," ",NA," "," "," ",NA," "," "," ",NA," "," "," ",NA," "," "," ",NA," "," "," ",NA," "," "," ",NA," "," "," ",NA," "," "," "
"308","USC00413787",1949,3,"PRCP",23," "," ","0",0," "," ","0",0," "," ","0",0," "," ","0",0," "," ","0",0," "," ","0",0," "," ","0",0," "," ","0",0,"T"," ","0",0," "," ","0",0," "," ","0",0," "," ","0",0," "," ","0",0," "," ","0",0,"T"," ","0",0," "," ","0",0," "," ","0",0," "," ","0",0," "," ","0",0," "," ","0",76," "," ","0",0," "," ","0",0," "," ","0",0," "," ","0",0," "," ","0",69," "," ","0",0," "," ","0",0," "," ","0",0," "," ","0",119," "," ","0",0," "," ","0"
"309","USC00413787",1949,3,"SNOW",0," "," ","0",0," "," ","0",0," "," ","0",0," "," ","0",0," "," ","0",0," "," ","0",0," "," ","0",0," "," ","0",0," "," ","0",0," "," ","0",0," "," ","0",0," "," ","0",0," "," ","0",0," "," ","0",0," "," ","0",0," "," ","0",0," "," ","0",0," "," ","0",0," "," ","0",0," "," ","0",0," "," ","0",0," "," ","0",0," "," ","0",0," "," ","0",0," "," ","0",0,"T"," ","0",0," "," ","0",0," "," ","0",0," "," ","0",0,"T"," ","0",0," "," ","0"
"310","USC00413787",1949,3,"SNWD",0," "," ","0",0," "," ","0",0," "," ","0",0," "," ","0",0," "," ","0",0," "," ","0",0," "," ","0",0," "," ","0",0," "," ","0",0," "," ","0",0," "," ","0",0," "," ","0",0," "," ","0",0," "," ","0",0," "," ","0",0," "," ","0",0," "," ","0",0," "," ","0",0," "," ","0",0," "," ","0",0," "," ","0",0," "," ","0",0," "," ","0",0," "," ","0",0," "," ","0",0," "," ","0",0," "," ","0",0," "," ","0",0," "," ","0",0," "," ","0",0," "," ","0"
"311","USC00413787",1949,3,"WT03",NA," "," "," ",NA," "," "," ",NA," "," "," ",NA," "," "," ",NA," "," "," ",NA," "," "," ",NA," "," "," ",NA," "," "," ",NA," "," "," ",NA," "," "," ",NA," "," "," ",NA," "," "," ",NA," "," "," ",NA," "," "," ",NA," "," "," ",NA," "," "," ",NA," "," "," ",NA," "," "," ",NA," "," "," ",NA," "," "," ",NA," "," "," ",NA," "," "," ",NA," "," "," ",NA," "," "," ",NA," "," "," ",1," "," ","0",NA," "," "," ",NA," "," "," ",NA," "," "," ",1," "," ","0",NA," "," "," "
"312","USC00413787",1949,3,"WT14",NA," "," "," ",NA," "," "," ",NA," "," "," ",NA," "," "," ",NA," "," "," ",NA," "," "," ",NA," "," "," ",NA," "," "," ",NA," "," "," ",NA," "," "," ",NA," "," "," ",NA," "," "," ",NA," "," "," ",NA," "," "," ",1," "," ","0",NA," "," "," ",NA," "," "," ",NA," "," "," ",NA," "," "," ",NA," "," "," ",NA," "," "," ",NA," "," "," ",NA," "," "," ",NA," "," "," ",NA," "," "," ",1," "," ","0",NA," "," "," ",NA," "," "," ",NA," "," "," ",1," "," ","0",NA," "," "," "
"313","USC00413787",1949,4,"PRCP",0,"T"," ","0",38," "," ","0",0," "," ","0",0," "," ","0",0," "," ","0",0," "," ","0",0," "," ","0",0," "," ","0",0," "," ","0",0," "," ","0",0," "," ","0",0," "," ","0",0," "," ","0",0," "," ","0",0," "," ","0",0," "," ","0",0," "," ","0",0," "," ","0",249," "," ","0",3," "," ","0",0," "," ","0",0," "," ","0",0," "," ","0",0," "," ","0",0," "," ","0",0," "," ","0",0," "," ","0",46," "," ","0",0," "," ","0",0," "," ","0",NA," "," "," "
"314","USC00413787",1949,4,"SNOW",0,"T"," ","0",0," "," ","0",0," "," ","0",0," "," ","0",0," "," ","0",0," "," ","0",0," "," ","0",0," "," ","0",0," "," ","0",0," "," ","0",0," "," ","0",0," "," ","0",0," "," ","0",0," "," ","0",0," "," ","0",0," "," ","0",0," "," ","0",0," "," ","0",0," "," ","0",0," "," ","0",0," "," ","0",0," "," ","0",0," "," ","0",0," "," ","0",0," "," ","0",0," "," ","0",0," "," ","0",0," "," ","0",0," "," ","0",0," "," ","0",NA," "," "," "
"315","USC00413787",1949,4,"SNWD",0," "," ","0",0," "," ","0",0," "," ","0",0," "," ","0",0," "," ","0",0," "," ","0",0," "," ","0",0," "," ","0",0," "," ","0",0," "," ","0",0," "," ","0",0," "," ","0",0," "," ","0",0," "," ","0",0," "," ","0",0," "," ","0",0," "," ","0",0," "," ","0",0," "," ","0",0," "," ","0",0," "," ","0",0," "," ","0",0," "," ","0",0," "," ","0",0," "," ","0",0," "," ","0",0," "," ","0",0," "," ","0",0," "," ","0",0," "," ","0",NA," "," "," "
"316","USC00413787",1949,4,"WT14",NA," "," "," ",1," "," ","0",NA," "," "," ",NA," "," "," ",NA," "," "," ",NA," "," "," ",NA," "," "," ",NA," "," "," ",NA," "," "," ",NA," "," "," ",NA," "," "," ",NA," "," "," ",NA," "," "," ",NA," "," "," ",NA," "," "," ",NA," "," "," ",NA," "," "," ",NA," "," "," ",NA," "," "," ",1," "," ","0",NA," "," "," ",NA," "," "," ",NA," "," "," ",NA," "," "," ",NA," "," "," ",NA," "," "," ",NA," "," "," ",NA," "," "," ",NA," "," "," ",NA," "," "," ",NA," "," "," "
"317","USC00413787",1949,5,"PRCP",0," "," ","0",0," "," ","0",0," "," ","0",104," "," ","0",452," "," ","0",33," "," ","0",152," "," ","0",0," "," ","0",0," "," ","0",0," "," ","0",0," "," ","0",0," "," ","0",0," "," ","0",112," "," ","0",0," "," ","0",759," "," ","0",0," "," ","0",0," "," ","0",74," "," ","0",0," "," ","0",0," "," ","0",0," "," ","0",25," "," ","0",107," "," ","0",0," "," ","0",0," "," ","0",0," "," ","0",0," "," ","0",0," "," ","0",0," "," ","0",0," "," ","0"
"318","USC00413787",1949,5,"SNOW",0," "," ","0",0," "," ","0",0," "," ","0",0," "," ","0",0,"T"," ","0",0," "," ","0",0," "," ","0",0," "," ","0",0," "," ","0",0," "," ","0",0," "," ","0",0," "," ","0",0," "," ","0",0,"T"," ","0",0," "," ","0",0,"T"," ","0",0," "," ","0",0," "," ","0",0,"T"," ","0",0," "," ","0",0," "," ","0",0," "," ","0",0," "," ","0",0," "," ","0",0," "," ","0",0," "," ","0",0," "," ","0",0," "," ","0",0," "," ","0",0," "," ","0",0," "," ","0"
"319","USC00413787",1949,5,"SNWD",0," "," ","0",0," "," ","0",0," "," ","0",0," "," ","0",0," "," ","0",0," "," ","0",0," "," ","0",0," "," ","0",0," "," ","0",0," "," ","0",0," "," ","0",0," "," ","0",0," "," ","0",0," "," ","0",0," "," ","0",0," "," ","0",0," "," ","0",0," "," ","0",0," "," ","0",0," "," ","0",0," "," ","0",0," "," ","0",0," "," ","0",0," "," ","0",0," "," ","0",0," "," ","0",0," "," ","0",0," "," ","0",0," "," ","0",0," "," ","0",0," "," ","0"
"320","USC00413787",1949,5,"WT03",NA," "," "," ",NA," "," "," ",NA," "," "," ",NA," "," "," ",NA," "," "," ",NA," "," "," ",NA," "," "," ",NA," "," "," ",NA," "," "," ",NA," "," "," ",NA," "," "," ",NA," "," "," ",NA," "," "," ",NA," "," "," ",NA," "," "," ",1," "," ","0",NA," "," "," ",1," "," ","0",NA," "," "," ",NA," "," "," ",NA," "," "," ",NA," "," "," ",1," "," ","0",1," "," ","0",NA," "," "," ",NA," "," "," ",NA," "," "," ",NA," "," "," ",NA," "," "," ",NA," "," "," ",NA," "," "," "
"321","USC00413787",1949,5,"WT05",NA," "," "," ",NA," "," "," ",NA," "," "," ",1," "," ","0",1," "," ","0",NA," "," "," ",NA," "," "," ",NA," "," "," ",NA," "," "," ",NA," "," "," ",NA," "," "," ",NA," "," "," ",1," "," ","0",NA," "," "," ",NA," "," "," ",NA," "," "," ",NA," "," "," ",NA," "," "," ",NA," "," "," ",NA," "," "," ",NA," "," "," ",NA," "," "," ",NA," "," "," ",NA," "," "," ",NA," "," "," ",NA," "," "," ",NA," "," "," ",NA," "," "," ",NA," "," "," ",NA," "," "," ",NA," "," "," "
"322","USC00413787",1949,5,"WT11",NA," "," "," ",NA," "," "," ",NA," "," "," ",NA," "," "," ",NA," "," "," ",NA," "," "," ",NA," "," "," ",NA," "," "," ",NA," "," "," ",NA," "," "," ",NA," "," "," ",NA," "," "," ",NA," "," "," ",NA," "," "," ",NA," "," "," ",1," "," ","0",NA," "," "," ",1," "," ","0",NA," "," "," ",NA," "," "," ",NA," "," "," ",NA," "," "," ",NA," "," "," ",NA," "," "," ",NA," "," "," ",NA," "," "," ",NA," "," "," ",NA," "," "," ",NA," "," "," ",NA," "," "," ",NA," "," "," "
"323","USC00413787",1949,6,"PRCP",0," "," ","0",0," "," ","0",0," "," ","0",183," "," ","0",0," "," ","0",0," "," ","0",0,"T"," ","0",66," "," ","0",15," "," ","0",493," "," ","0",0," "," ","0",8," "," ","0",259," "," ","0",0,"T"," ","0",0," "," ","0",0," "," ","0",0," "," ","0",0," "," ","0",0," "," ","0",0," "," ","0",0," "," ","0",610," "," ","0",0," "," ","0",28," "," ","0",10," "," ","0",0," "," ","0",0," "," ","0",0," "," ","0",0," "," ","0",0," "," ","0",NA," "," "," "
"324","USC00413787",1949,6,"SNOW",0," "," ","0",0," "," ","0",0," "," ","0",0," "," ","0",0," "," ","0",0," "," ","0",0," "," ","0",0," "," ","0",0," "," ","0",0," "," ","0",0," "," ","0",0," "," ","0",0," "," ","0",0," "," ","0",0," "," ","0",0," "," ","0",0," "," ","0",0," "," ","0",0," "," ","0",0," "," ","0",0," "," ","0",0,"T"," ","0",0," "," ","0",0," "," ","0",0," "," ","0",0," "," ","0",0," "," ","0",0," "," ","0",0," "," ","0",0," "," ","0",NA," "," "," "
"325","USC00413787",1949,6,"SNWD",0," "," ","0",0," "," ","0",0," "," ","0",0," "," ","0",0," "," ","0",0," "," ","0",0," "," ","0",0," "," ","0",0," "," ","0",0," "," ","0",0," "," ","0",0," "," ","0",0," "," ","0",0," "," ","0",0," "," ","0",0," "," ","0",0," "," ","0",0," "," ","0",0," "," ","0",0," "," ","0",0," "," ","0",0," "," ","0",0," "," ","0",0," "," ","0",0," "," ","0",0," "," ","0",0," "," ","0",0," "," ","0",0," "," ","0",0," "," ","0",NA," "," "," "
"326","USC00413787",1949,6,"WT03",NA," "," "," ",NA," "," "," ",1," "," ","0",NA," "," "," ",NA," "," "," ",NA," "," "," ",1," "," ","0",1," "," ","0",1," "," ","0",1," "," ","0",NA," "," "," ",1," "," ","0",1," "," ","0",NA," "," "," ",NA," "," "," ",NA," "," "," ",NA," "," "," ",NA," "," "," ",NA," "," "," ",NA," "," "," ",1," "," ","0",NA," "," "," ",1," "," ","0",1," "," ","0",NA," "," "," ",NA," "," "," ",NA," "," "," ",NA," "," "," ",NA," "," "," ",NA," "," "," ",NA," "," "," "
"327","USC00413787",1949,7,"PRCP",0," "," ","0",0," "," ","0",0," "," ","0",0," "," ","0",0," "," ","0",0," "," ","0",0," "," ","0",0," "," ","0",0," "," ","0",511," "," ","0",74," "," ","0",23," "," ","0",0," "," ","0",15," "," ","0",152," "," ","0",0," "," ","0",0," "," ","0",0," "," ","0",152," "," ","0",0," "," ","0",0," "," ","0",3," "," ","0",0," "," ","0",0," "," ","0",0," "," ","0",203," "," ","0",0," "," ","0",0," "," ","0",0," "," ","0",0," "," ","0",0," "," ","0"
"328","USC00413787",1949,7,"SNOW",0," "," ","0",0," "," ","0",0," "," ","0",0," "," ","0",0," "," ","0",0," "," ","0",0," "," ","0",0," "," ","0",0," "," ","0",0," "," ","0",0," "," ","0",0," "," ","0",0," "," ","0",0," "," ","0",0," "," ","0",0," "," ","0",0," "," ","0",0," "," ","0",0,"T"," ","0",0," "," ","0",0," "," ","0",0," "," ","0",0," "," ","0",0," "," ","0",0," "," ","0",0," "," ","0",0," "," ","0",0," "," ","0",0," "," ","0",0," "," ","0",0," "," ","0"
"329","USC00413787",1949,7,"SNWD",0," "," ","0",0," "," ","0",0," "," ","0",0," "," ","0",0," "," ","0",0," "," ","0",0," "," ","0",0," "," ","0",0," "," ","0",0," "," ","0",0," "," ","0",0," "," ","0",0," "," ","0",0," "," ","0",0," "," ","0",0," "," ","0",0," "," ","0",0," "," ","0",0," "," ","0",0," "," ","0",0," "," ","0",0," "," ","0",0," "," ","0",0," "," ","0",0," "," ","0",0," "," ","0",0," "," ","0",0," "," ","0",0," "," ","0",0," "," ","0",0," "," ","0"
"330","USC00413787",1949,7,"WT03",NA," "," "," ",NA," "," "," ",NA," "," "," ",NA," "," "," ",NA," "," "," ",NA," "," "," ",NA," "," "," ",NA," "," "," ",NA," "," "," ",1," "," ","0",1," "," ","0",1," "," ","0",NA," "," "," ",1," "," ","0",1," "," ","0",NA," "," "," ",NA," "," "," ",1," "," ","0",NA," "," "," ",NA," "," "," ",NA," "," "," ",NA," "," "," ",NA," "," "," ",NA," "," "," ",1," "," ","0",NA," "," "," ",NA," "," "," ",NA," "," "," ",NA," "," "," ",NA," "," "," ",1," "," ","0"
"331","USC00413787",1949,8,"PRCP",191," "," ","0",3," "," ","0",297," "," ","0",69," "," ","0",0," "," ","0",0," "," ","0",0," "," ","0",0," "," ","0",0," "," ","0",0," "," ","0",0," "," ","0",0," "," ","0",0," "," ","0",292," "," ","0",0," "," ","0",0," "," ","0",0," "," ","0",0," "," ","0",0," "," ","0",0," "," ","0",0," "," ","0",0," "," ","0",0," "," ","0",0," "," ","0",0," "," ","0",0," "," ","0",51," "," ","0",0," "," ","0",0," "," ","0",124," "," ","0",185," "," ","0"
"332","USC00413787",1949,8,"SNOW",0," "," ","0",0," "," ","0",0," "," ","0",0," "," ","0",0," "," ","0",0," "," ","0",0," "," ","0",0," "," ","0",0," "," ","0",0," "," ","0",0," "," ","0",0," "," ","0",0," "," ","0",0," "," ","0",0," "," ","0",0," "," ","0",0," "," ","0",0," "," ","0",0," "," ","0",0," "," ","0",0," "," ","0",0," "," ","0",0," "," ","0",0," "," ","0",0," "," ","0",0," "," ","0",0," "," ","0",0," "," ","0",0," "," ","0",0," "," ","0",0," "," ","0"
"333","USC00413787",1949,8,"SNWD",0," "," ","0",0," "," ","0",0," "," ","0",0," "," ","0",0," "," ","0",0," "," ","0",0," "," ","0",0," "," ","0",0," "," ","0",0," "," ","0",0," "," ","0",0," "," ","0",0," "," ","0",0," "," ","0",0," "," ","0",0," "," ","0",0," "," ","0",0," "," ","0",0," "," ","0",0," "," ","0",0," "," ","0",0," "," ","0",0," "," ","0",0," "," ","0",0," "," ","0",0," "," ","0",0," "," ","0",0," "," ","0",0," "," ","0",0," "," ","0",0," "," ","0"
"334","USC00413787",1949,8,"WT03",NA," "," "," ",NA," "," "," ",1," "," ","0",1," "," ","0",NA," "," "," ",NA," "," "," ",NA," "," "," ",NA," "," "," ",NA," "," "," ",NA," "," "," ",NA," "," "," ",NA," "," "," ",1," "," ","0",NA," "," "," ",NA," "," "," ",NA," "," "," ",NA," "," "," ",NA," "," "," ",NA," "," "," ",NA," "," "," ",NA," "," "," ",NA," "," "," ",NA," "," "," ",NA," "," "," ",NA," "," "," ",NA," "," "," ",1," "," ","0",NA," "," "," ",NA," "," "," ",1," "," ","0",1," "," ","0"
"335","USC00413787",1949,9,"PRCP",0," "," ","0",0," "," ","0",84," "," ","0",0," "," ","0",0," "," ","0",0," "," ","0",0," "," ","0",0," "," ","0",0," "," ","0",0," "," ","0",0," "," ","0",0," "," ","0",0," "," ","0",0," "," ","0",0,"T"," ","0",0," "," ","0",0," "," ","0",0," "," ","0",0," "," ","0",0," "," ","0",0," "," ","0",0," "," ","0",0," "," ","0",0," "," ","0",0," "," ","0",0," "," ","0",20," "," ","0",0," "," ","0",0," "," ","0",0," "," ","0",NA," "," "," "
"336","USC00413787",1949,9,"SNOW",0," "," ","0",0," "," ","0",0," "," ","0",0," "," ","0",0," "," ","0",0," "," ","0",0," "," ","0",0," "," ","0",0," "," ","0",0," "," ","0",0," "," ","0",0," "," ","0",0," "," ","0",0," "," ","0",0," "," ","0",0," "," ","0",0," "," ","0",0," "," ","0",0," "," ","0",0," "," ","0",0," "," ","0",0," "," ","0",0," "," ","0",0," "," ","0",0," "," ","0",0," "," ","0",0," "," ","0",0," "," ","0",0," "," ","0",0," "," ","0",NA," "," "," "
"337","USC00413787",1949,9,"SNWD",0," "," ","0",0," "," ","0",0," "," ","0",0," "," ","0",0," "," ","0",0," "," ","0",0," "," ","0",0," "," ","0",0," "," ","0",0," "," ","0",0," "," ","0",0," "," ","0",0," "," ","0",0," "," ","0",0," "," ","0",0," "," ","0",0," "," ","0",0," "," ","0",0," "," ","0",0," "," ","0",0," "," ","0",0," "," ","0",0," "," ","0",0," "," ","0",0," "," ","0",0," "," ","0",0," "," ","0",0," "," ","0",0," "," ","0",0," "," ","0",NA," "," "," "
"338","USC00413787",1949,9,"WT03",NA," "," "," ",1," "," ","0",NA," "," "," ",NA," "," "," ",NA," "," "," ",NA," "," "," ",NA," "," "," ",NA," "," "," ",NA," "," "," ",NA," "," "," ",NA," "," "," ",NA," "," "," ",NA," "," "," ",NA," "," "," ",NA," "," "," ",NA," "," "," ",NA," "," "," ",NA," "," "," ",NA," "," "," ",NA," "," "," ",NA," "," "," ",NA," "," "," ",NA," "," "," ",NA," "," "," ",NA," "," "," ",NA," "," "," ",NA," "," "," ",NA," "," "," ",NA," "," "," ",NA," "," "," ",NA," "," "," "
"339","USC00413787",1949,9,"WT14",NA," "," "," ",NA," "," "," ",NA," "," "," ",NA," "," "," ",NA," "," "," ",NA," "," "," ",NA," "," "," ",NA," "," "," ",NA," "," "," ",NA," "," "," ",NA," "," "," ",NA," "," "," ",NA," "," "," ",1," "," ","0",NA," "," "," ",NA," "," "," ",NA," "," "," ",NA," "," "," ",NA," "," "," ",NA," "," "," ",NA," "," "," ",NA," "," "," ",NA," "," "," ",NA," "," "," ",NA," "," "," ",NA," "," "," ",NA," "," "," ",NA," "," "," ",NA," "," "," ",NA," "," "," ",NA," "," "," "
"340","USC00413787",1949,10,"PRCP",0," "," ","0",0," "," ","0",0," "," ","0",0," "," ","0",0," "," ","0",0," "," ","0",0," "," ","0",0," "," ","0",124," "," ","0",485," "," ","0",0," "," ","0",0," "," ","0",0," "," ","0",0," "," ","0",0," "," ","0",0," "," ","0",0," "," ","0",0," "," ","0",0," "," ","0",0," "," ","0",0," "," ","0",0," "," ","0",38," "," ","0",0," "," ","0",0," "," ","0",0," "," ","0",0," "," ","0",0," "," ","0",0," "," ","0",91," "," ","0",0," "," ","0"
"341","USC00413787",1949,10,"SNOW",0," "," ","0",0," "," ","0",0," "," ","0",0," "," ","0",0," "," ","0",0," "," ","0",0," "," ","0",0," "," ","0",0," "," ","0",0," "," ","0",0," "," ","0",0," "," ","0",0," "," ","0",0," "," ","0",0," "," ","0",0," "," ","0",0," "," ","0",0," "," ","0",0," "," ","0",0," "," ","0",0," "," ","0",0," "," ","0",0," "," ","0",0," "," ","0",0," "," ","0",0," "," ","0",0," "," ","0",0," "," ","0",0," "," ","0",0," "," ","0",0," "," ","0"
"342","USC00413787",1949,10,"SNWD",0," "," ","0",0," "," ","0",0," "," ","0",0," "," ","0",0," "," ","0",0," "," ","0",0," "," ","0",0," "," ","0",0," "," ","0",0," "," ","0",0," "," ","0",0," "," ","0",0," "," ","0",0," "," ","0",0," "," ","0",0," "," ","0",0," "," ","0",0," "," ","0",0," "," ","0",0," "," ","0",0," "," ","0",0," "," ","0",0," "," ","0",0," "," ","0",0," "," ","0",0," "," ","0",0," "," ","0",0," "," ","0",0," "," ","0",0," "," ","0",0," "," ","0"
"343","USC00413787",1949,10,"WT03",NA," "," "," ",NA," "," "," ",NA," "," "," ",NA," "," "," ",NA," "," "," ",NA," "," "," ",NA," "," "," ",NA," "," "," ",1," "," ","0",1," "," ","0",NA," "," "," ",NA," "," "," ",NA," "," "," ",NA," "," "," ",NA," "," "," ",NA," "," "," ",NA," "," "," ",NA," "," "," ",NA," "," "," ",NA," "," "," ",NA," "," "," ",NA," "," "," ",NA," "," "," ",NA," "," "," ",NA," "," "," ",NA," "," "," ",NA," "," "," ",NA," "," "," ",NA," "," "," ",NA," "," "," ",NA," "," "," "
"344","USC00413787",1949,11,"PRCP",0," "," ","0",0," "," ","0",0," "," ","0",0," "," ","0",0," "," ","0",0," "," ","0",0," "," ","0",0," "," ","0",0," "," ","0",0," "," ","0",0," "," ","0",3," "," ","0",0," "," ","0",0," "," ","0",0," "," ","0",0," "," ","0",0," "," ","0",0," "," ","0",0," "," ","0",0," "," ","0",0," "," ","0",0," "," ","0",0," "," ","0",0," "," ","0",0," "," ","0",0," "," ","0",0," "," ","0",0," "," ","0",0," "," ","0",0," "," ","0",NA," "," "," "
"345","USC00413787",1949,11,"SNOW",0," "," ","0",0," "," ","0",0," "," ","0",0," "," ","0",0," "," ","0",0," "," ","0",0," "," ","0",0," "," ","0",0," "," ","0",0," "," ","0",0," "," ","0",0," "," ","0",0," "," ","0",0," "," ","0",0," "," ","0",0," "," ","0",0," "," ","0",0," "," ","0",0," "," ","0",0," "," ","0",0," "," ","0",0," "," ","0",0," "," ","0",0," "," ","0",0," "," ","0",0," "," ","0",0," "," ","0",0," "," ","0",0," "," ","0",0," "," ","0",NA," "," "," "
"346","USC00413787",1949,11,"SNWD",0," "," ","0",0," "," ","0",0," "," ","0",0," "," ","0",0," "," ","0",0," "," ","0",0," "," ","0",0," "," ","0",0," "," ","0",0," "," ","0",0," "," ","0",0," "," ","0",0," "," ","0",0," "," ","0",0," "," ","0",0," "," ","0",0," "," ","0",0," "," ","0",0," "," ","0",0," "," ","0",0," "," ","0",0," "," ","0",0," "," ","0",0," "," ","0",0," "," ","0",0," "," ","0",0," "," ","0",0," "," ","0",0," "," ","0",0," "," ","0",NA," "," "," "
"347","USC00413787",1949,11,"WT11",NA," "," "," ",NA," "," "," ",NA," "," "," ",NA," "," "," ",NA," "," "," ",NA," "," "," ",NA," "," "," ",NA," "," "," ",NA," "," "," ",NA," "," "," ",NA," "," "," ",1," "," ","0",NA," "," "," ",NA," "," "," ",NA," "," "," ",NA," "," "," ",NA," "," "," ",NA," "," "," ",NA," "," "," ",NA," "," "," ",NA," "," "," ",NA," "," "," ",NA," "," "," ",NA," "," "," ",NA," "," "," ",NA," "," "," ",NA," "," "," ",NA," "," "," ",NA," "," "," ",NA," "," "," ",NA," "," "," "
"348","USC00413787",1949,12,"PRCP",0," "," ","0",0," "," ","0",0," "," ","0",0," "," ","0",0," "," ","0",0," "," ","0",0," "," ","0",0," "," ","0",0," "," ","0",18," "," ","0",38," "," ","0",0," "," ","0",0," "," ","0",0," "," ","0",0," "," ","0",0," "," ","0",0," "," ","0",0," "," ","0",0," "," ","0",0," "," ","0",58," "," ","0",0," "," ","0",0," "," ","0",0," "," ","0",0," "," ","0",0," "," ","0",0," "," ","0",0," "," ","0",0," "," ","0",0," "," ","0",0," "," ","0"
"349","USC00413787",1949,12,"SNOW",0," "," ","0",0," "," ","0",0," "," ","0",0," "," ","0",0," "," ","0",0," "," ","0",0," "," ","0",0," "," ","0",0," "," ","0",0," "," ","0",0," "," ","0",0," "," ","0",0," "," ","0",0," "," ","0",0," "," ","0",0," "," ","0",0," "," ","0",0," "," ","0",0," "," ","0",0," "," ","0",51," "," ","0",0," "," ","0",0," "," ","0",0," "," ","0",0," "," ","0",0," "," ","0",0," "," ","0",0," "," ","0",0," "," ","0",0," "," ","0",0," "," ","0"
"350","USC00413787",1949,12,"SNWD",0," "," ","0",0," "," ","0",0," "," ","0",0," "," ","0",0," "," ","0",0," "," ","0",0," "," ","0",0," "," ","0",0," "," ","0",0," "," ","0",0," "," ","0",0," "," ","0",0," "," ","0",0," "," ","0",0," "," ","0",0," "," ","0",0," "," ","0",0," "," ","0",0," "," ","0",0," "," ","0",51," "," ","0",0," "," ","0",0," "," ","0",0," "," ","0",0," "," ","0",0," "," ","0",0," "," ","0",0," "," ","0",0," "," ","0",0," "," ","0",0," "," ","0"
"351","USC00413787",1949,12,"WT04",NA," "," "," ",NA," "," "," ",NA," "," "," ",NA," "," "," ",NA," "," "," ",NA," "," "," ",NA," "," "," ",NA," "," "," ",NA," "," "," ",NA," "," "," ",NA," "," "," ",NA," "," "," ",NA," "," "," ",NA," "," "," ",NA," "," "," ",NA," "," "," ",NA," "," "," ",NA," "," "," ",NA," "," "," ",NA," "," "," ",1," "," ","0",NA," "," "," ",NA," "," "," ",NA," "," "," ",NA," "," "," ",NA," "," "," ",NA," "," "," ",NA," "," "," ",NA," "," "," ",NA," "," "," ",NA," "," "," "
"352","USC00413787",1950,1,"PRCP",0," "," ","0",0," "," ","0",0,"T"," ","0",0,"T"," ","0",0," "," ","0",0," "," ","0",0," "," ","0",0," "," ","0",0," "," ","0",0," "," ","0",0," "," ","0",0," "," ","0",0," "," ","0",0," "," ","0",0," "," ","0",0," "," ","0",0," "," ","0",0," "," ","0",0," "," ","0",0," "," ","0",0," "," ","0",0," "," ","0",0," "," ","0",0," "," ","0",0,"T"," ","0",0," "," ","0",0," "," ","0",0," "," ","0",0," "," ","0",0," "," ","0",0," "," ","0"
"353","USC00413787",1950,1,"SNOW",0," "," ","0",0," "," ","0",0,"T"," ","0",0,"T"," ","0",0," "," ","0",0," "," ","0",0," "," ","0",0," "," ","0",0," "," ","0",0," "," ","0",0," "," ","0",0," "," ","0",0," "," ","0",0," "," ","0",0," "," ","0",0," "," ","0",0," "," ","0",0," "," ","0",0," "," ","0",0," "," ","0",0," "," ","0",0," "," ","0",0," "," ","0",0," "," ","0",0,"T"," ","0",0," "," ","0",0," "," ","0",0," "," ","0",0," "," ","0",0," "," ","0",0," "," ","0"
"354","USC00413787",1950,1,"SNWD",0," "," ","0",0," "," ","0",0," "," ","0",0," "," ","0",0," "," ","0",0," "," ","0",0," "," ","0",0," "," ","0",0," "," ","0",0," "," ","0",0," "," ","0",0," "," ","0",0," "," ","0",0," "," ","0",0," "," ","0",0," "," ","0",0," "," ","0",0," "," ","0",0," "," ","0",0," "," ","0",0," "," ","0",0," "," ","0",0," "," ","0",0," "," ","0",0," "," ","0",0," "," ","0",0," "," ","0",0," "," ","0",0," "," ","0",0," "," ","0",0," "," ","0"
"355","USC00413787",1950,1,"WT04",NA," "," "," ",NA," "," "," ",NA," "," "," ",NA," "," "," ",NA," "," "," ",NA," "," "," ",NA," "," "," ",NA," "," "," ",NA," "," "," ",NA," "," "," ",NA," "," "," ",NA," "," "," ",NA," "," "," ",NA," "," "," ",NA," "," "," ",NA," "," "," ",NA," "," "," ",NA," "," "," ",NA," "," "," ",NA," "," "," ",NA," "," "," ",NA," "," "," ",NA," "," "," ",NA," "," "," ",1," "," ","0",NA," "," "," ",NA," "," "," ",NA," "," "," ",NA," "," "," ",NA," "," "," ",NA," "," "," "
"356","USC00413787",1950,2,"PRCP",0," "," ","0",0," "," ","0",0," "," ","0",0," "," ","0",0," "," ","0",0," "," ","0",0," "," ","0",0," "," ","0",0," "," ","0",0," "," ","0",0,"T"," ","0",28," "," ","0",0,"T"," ","0",0," "," ","0",0," "," ","0",0," "," ","0",0," "," ","0",0," "," ","0",0," "," ","0",0," "," ","0",0," "," ","0",0," "," ","0",0," "," ","0",0," "," ","0",0," "," ","0",0," "," ","0",0," "," ","0",0," "," ","0",NA," "," "," ",NA," "," "," ",NA," "," "," "
"357","USC00413787",1950,2,"SNOW",0," "," ","0",0," "," ","0",0," "," ","0",0," "," ","0",0," "," ","0",0," "," ","0",0," "," ","0",0," "," ","0",0," "," ","0",0," "," ","0",0," "," ","0",0," "," ","0",0," "," ","0",0," "," ","0",0," "," ","0",0," "," ","0",0," "," ","0",0," "," ","0",0," "," ","0",0," "," ","0",0," "," ","0",0," "," ","0",0," "," ","0",0," "," ","0",0," "," ","0",0," "," ","0",0," "," ","0",0," "," ","0",NA," "," "," ",NA," "," "," ",NA," "," "," "
"358","USC00413787",1950,2,"SNWD",0," "," ","0",0," "," ","0",0," "," ","0",0," "," ","0",0," "," ","0",0," "," ","0",0," "," ","0",0," "," ","0",0," "," ","0",0," "," ","0",0," "," ","0",0," "," ","0",0," "," ","0",0," "," ","0",0," "," ","0",0," "," ","0",0," "," ","0",0," "," ","0",0," "," ","0",0," "," ","0",0," "," ","0",0," "," ","0",0," "," ","0",0," "," ","0",0," "," ","0",0," "," ","0",0," "," ","0",0," "," ","0",NA," "," "," ",NA," "," "," ",NA," "," "," "
"359","USC00413787",1950,3,"PRCP",0," "," ","0",0," "," ","0",0," "," ","0",0," "," ","0",0," "," ","0",0," "," ","0",0," "," ","0",0," "," ","0",0," "," ","0",0," "," ","0",0," "," ","0",0," "," ","0",0," "," ","0",0,"T"," ","0",0," "," ","0",0," "," ","0",0," "," ","0",0,"T"," ","0",0," "," ","0",0," "," ","0",0," "," ","0",0," "," ","0",0," "," ","0",0," "," ","0",0," "," ","0",0," "," ","0",69," "," ","0",0," "," ","0",0," "," ","0",0," "," ","0",0," "," ","0"
"360","USC00413787",1950,3,"SNOW",0," "," ","0",0," "," ","0",0," "," ","0",0," "," ","0",0," "," ","0",0," "," ","0",0," "," ","0",0," "," ","0",0," "," ","0",0," "," ","0",0," "," ","0",0," "," ","0",0," "," ","0",0," "," ","0",0," "," ","0",0," "," ","0",0," "," ","0",0,"T"," ","0",0," "," ","0",0," "," ","0",0," "," ","0",0," "," ","0",0," "," ","0",0," "," ","0",0," "," ","0",0," "," ","0",0," "," ","0",0," "," ","0",0," "," ","0",0," "," ","0",0," "," ","0"
"361","USC00413787",1950,3,"SNWD",0," "," ","0",0," "," ","0",0," "," ","0",0," "," ","0",0," "," ","0",0," "," ","0",0," "," ","0",0," "," ","0",0," "," ","0",0," "," ","0",0," "," ","0",0," "," ","0",0," "," ","0",0," "," ","0",0," "," ","0",0," "," ","0",0," "," ","0",0," "," ","0",0," "," ","0",0," "," ","0",0," "," ","0",0," "," ","0",0," "," ","0",0," "," ","0",0," "," ","0",0," "," ","0",0," "," ","0",0," "," ","0",0," "," ","0",0," "," ","0",0," "," ","0"
"362","USC00413787",1950,3,"WT11",NA," "," "," ",NA," "," "," ",NA," "," "," ",NA," "," "," ",NA," "," "," ",1," "," ","0",1," "," ","0",NA," "," "," ",NA," "," "," ",NA," "," "," ",NA," "," "," ",NA," "," "," ",NA," "," "," ",NA," "," "," ",NA," "," "," ",NA," "," "," ",NA," "," "," ",NA," "," "," ",NA," "," "," ",NA," "," "," ",NA," "," "," ",NA," "," "," ",NA," "," "," ",NA," "," "," ",NA," "," "," ",1," "," ","0",NA," "," "," ",NA," "," "," ",NA," "," "," ",NA," "," "," ",NA," "," "," "
"363","USC00413787",1950,4,"PRCP",0," "," ","0",0," "," ","0",0," "," ","0",0," "," ","0",0," "," ","0",0," "," ","0",0," "," ","0",0," "," ","0",0," "," ","0",0," "," ","0",0," "," ","0",0," "," ","0",102," "," ","0",0," "," ","0",13," "," ","0",163," "," ","0",0," "," ","0",0," "," ","0",0," "," ","0",0," "," ","0",0," "," ","0",0," "," ","0",0," "," ","0",0," "," ","0",0," "," ","0",0," "," ","0",0," "," ","0",0," "," ","0",0," "," ","0",0," "," ","0",NA," "," "," "
"364","USC00413787",1950,4,"SNOW",0," "," ","0",0," "," ","0",0," "," ","0",0," "," ","0",0," "," ","0",0," "," ","0",0," "," ","0",0," "," ","0",0," "," ","0",0," "," ","0",0," "," ","0",0," "," ","0",5," "," ","0",0," "," ","0",0," "," ","0",0," "," ","0",0," "," ","0",0," "," ","0",0," "," ","0",0," "," ","0",0," "," ","0",0," "," ","0",0," "," ","0",0," "," ","0",0," "," ","0",0," "," ","0",0," "," ","0",0," "," ","0",0," "," ","0",0," "," ","0",NA," "," "," "
"365","USC00413787",1950,4,"SNWD",0," "," ","0",0," "," ","0",0," "," ","0",0," "," ","0",0," "," ","0",0," "," ","0",0," "," ","0",0," "," ","0",0," "," ","0",0," "," ","0",0," "," ","0",0," "," ","0",0," "," ","0",0," "," ","0",0," "," ","0",0," "," ","0",0," "," ","0",0," "," ","0",0," "," ","0",0," "," ","0",0," "," ","0",0," "," ","0",0," "," ","0",0," "," ","0",0," "," ","0",0," "," ","0",0," "," ","0",0," "," ","0",0," "," ","0",0," "," ","0",NA," "," "," "
"366","USC00413787",1950,4,"WT04",NA," "," "," ",NA," "," "," ",NA," "," "," ",NA," "," "," ",NA," "," "," ",NA," "," "," ",NA," "," "," ",NA," "," "," ",NA," "," "," ",NA," "," "," ",NA," "," "," ",NA," "," "," ",1," "," ","0",NA," "," "," ",NA," "," "," ",NA," "," "," ",NA," "," "," ",NA," "," "," ",NA," "," "," ",NA," "," "," ",NA," "," "," ",NA," "," "," ",NA," "," "," ",NA," "," "," ",NA," "," "," ",NA," "," "," ",NA," "," "," ",NA," "," "," ",NA," "," "," ",NA," "," "," ",NA," "," "," "
"367","USC00413787",1950,4,"WT14",NA," "," "," ",NA," "," "," ",NA," "," "," ",NA," "," "," ",NA," "," "," ",NA," "," "," ",NA," "," "," ",NA," "," "," ",NA," "," "," ",NA," "," "," ",NA," "," "," ",NA," "," "," ",NA," "," "," ",NA," "," "," ",1," "," ","0",1," "," ","0",NA," "," "," ",NA," "," "," ",NA," "," "," ",NA," "," "," ",NA," "," "," ",NA," "," "," ",NA," "," "," ",NA," "," "," ",NA," "," "," ",NA," "," "," ",NA," "," "," ",NA," "," "," ",NA," "," "," ",NA," "," "," ",NA," "," "," "
"368","USC00413787",1950,5,"PRCP",0," "," ","0",0," "," ","0",0," "," ","0",0," "," ","0",0," "," ","0",0," "," ","0",0," "," ","0",0," "," ","0",0," "," ","0",0," "," ","0",0," "," ","0",51," "," ","0",66," "," ","0",0," "," ","0",0," "," ","0",0," "," ","0",0," "," ","0",0," "," ","0",0," "," ","0",249," "," ","0",0," "," ","0",119," "," ","0",8," "," ","0",0," "," ","0",0," "," ","0",41," "," ","0",0," "," ","0",142," "," ","0",0," "," ","0",0," "," ","0",0," "," ","0"
"369","USC00413787",1950,5,"SNOW",0," "," ","0",0," "," ","0",0," "," ","0",0," "," ","0",0," "," ","0",0," "," ","0",0," "," ","0",0," "," ","0",0," "," ","0",0," "," ","0",0," "," ","0",0," "," ","0",0," "," ","0",0," "," ","0",0," "," ","0",0," "," ","0",0," "," ","0",0," "," ","0",0," "," ","0",0,"T"," ","0",0," "," ","0",0," "," ","0",0," "," ","0",0," "," ","0",0," "," ","0",0," "," ","0",0," "," ","0",0,"T"," ","0",0," "," ","0",0," "," ","0",0," "," ","0"
"370","USC00413787",1950,5,"SNWD",0," "," ","0",0," "," ","0",0," "," ","0",0," "," ","0",0," "," ","0",0," "," ","0",0," "," ","0",0," "," ","0",0," "," ","0",0," "," ","0",0," "," ","0",0," "," ","0",0," "," ","0",0," "," ","0",0," "," ","0",0," "," ","0",0," "," ","0",0," "," ","0",0," "," ","0",0," "," ","0",0," "," ","0",0," "," ","0",0," "," ","0",0," "," ","0",0," "," ","0",0," "," ","0",0," "," ","0",0," "," ","0",0," "," ","0",0," "," ","0",0," "," ","0"
"371","USC00413787",1950,5,"WT03",NA," "," "," ",NA," "," "," ",NA," "," "," ",NA," "," "," ",NA," "," "," ",NA," "," "," ",NA," "," "," ",NA," "," "," ",NA," "," "," ",NA," "," "," ",NA," "," "," ",1," "," ","0",1," "," ","0",NA," "," "," ",NA," "," "," ",NA," "," "," ",NA," "," "," ",NA," "," "," ",NA," "," "," ",1," "," ","0",NA," "," "," ",1," "," ","0",1," "," ","0",NA," "," "," ",NA," "," "," ",1," "," ","0",NA," "," "," ",1," "," ","0",NA," "," "," ",NA," "," "," ",NA," "," "," "
"372","USC00413787",1950,5,"WT11",NA," "," "," ",NA," "," "," ",NA," "," "," ",1," "," ","0",NA," "," "," ",NA," "," "," ",NA," "," "," ",NA," "," "," ",NA," "," "," ",NA," "," "," ",NA," "," "," ",NA," "," "," ",NA," "," "," ",NA," "," "," ",NA," "," "," ",NA," "," "," ",NA," "," "," ",NA," "," "," ",NA," "," "," ",NA," "," "," ",NA," "," "," ",NA," "," "," ",NA," "," "," ",NA," "," "," ",NA," "," "," ",NA," "," "," ",NA," "," "," ",NA," "," "," ",NA," "," "," ",NA," "," "," ",NA," "," "," "
"373","USC00413787",1950,6,"PRCP",0," "," ","0",64," "," ","0",0," "," ","0",33," "," ","0",0," "," ","0",0," "," ","0",0," "," ","0",0," "," ","0",0," "," ","0",361," "," ","0",0," "," ","0",213," "," ","0",0," "," ","0",0," "," ","0",0," "," ","0",0," "," ","0",0," "," ","0",0," "," ","0",191," "," ","0",66," "," ","0",8," "," ","0",51," "," ","0",0," "," ","0",0," "," ","0",0," "," ","0",0," "," ","0",0," "," ","0",33," "," ","0",140," "," ","0",0," "," ","0",NA," "," "," "
"374","USC00413787",1950,6,"SNOW",0," "," ","0",0,"T"," ","0",0," "," ","0",0," "," ","0",0," "," ","0",0," "," ","0",0," "," ","0",0," "," ","0",0," "," ","0",0," "," ","0",0," "," ","0",0," "," ","0",0," "," ","0",0," "," ","0",0," "," ","0",0," "," ","0",0," "," ","0",0," "," ","0",0," "," ","0",0," "," ","0",0," "," ","0",0," "," ","0",0," "," ","0",0," "," ","0",0," "," ","0",0," "," ","0",0," "," ","0",0," "," ","0",0," "," ","0",0," "," ","0",NA," "," "," "
"375","USC00413787",1950,6,"SNWD",0," "," ","0",0," "," ","0",0," "," ","0",0," "," ","0",0," "," ","0",0," "," ","0",0," "," ","0",0," "," ","0",0," "," ","0",0," "," ","0",0," "," ","0",0," "," ","0",0," "," ","0",0," "," ","0",0," "," ","0",0," "," ","0",0," "," ","0",0," "," ","0",0," "," ","0",0," "," ","0",0," "," ","0",0," "," ","0",0," "," ","0",0," "," ","0",0," "," ","0",0," "," ","0",0," "," ","0",0," "," ","0",0," "," ","0",0," "," ","0",NA," "," "," "
"376","USC00413787",1950,6,"WT03",NA," "," "," ",1," "," ","0",NA," "," "," ",NA," "," "," ",NA," "," "," ",NA," "," "," ",NA," "," "," ",NA," "," "," ",NA," "," "," ",1," "," ","0",NA," "," "," ",1," "," ","0",NA," "," "," ",NA," "," "," ",NA," "," "," ",NA," "," "," ",NA," "," "," ",NA," "," "," ",1," "," ","0",1," "," ","0",1," "," ","0",1," "," ","0",NA," "," "," ",NA," "," "," ",NA," "," "," ",NA," "," "," ",NA," "," "," ",1," "," ","0",1," "," ","0",NA," "," "," ",NA," "," "," "
"377","USC00413787",1950,6,"WT11",NA," "," "," ",1," "," ","0",NA," "," "," ",NA," "," "," ",NA," "," "," ",NA," "," "," ",NA," "," "," ",NA," "," "," ",NA," "," "," ",NA," "," "," ",NA," "," "," ",NA," "," "," ",NA," "," "," ",NA," "," "," ",NA," "," "," ",NA," "," "," ",NA," "," "," ",NA," "," "," ",NA," "," "," ",NA," "," "," ",NA," "," "," ",NA," "," "," ",NA," "," "," ",NA," "," "," ",NA," "," "," ",NA," "," "," ",NA," "," "," ",NA," "," "," ",NA," "," "," ",NA," "," "," ",NA," "," "," "
"378","USC00413787",1950,7,"PRCP",0," "," ","0",343," "," ","0",69," "," ","0",79," "," ","0",302," "," ","0",0," "," ","0",0," "," ","0",0," "," ","0",25," "," ","0",0," "," ","0",0," "," ","0",394," "," ","0",0," "," ","0",0," "," ","0",0," "," ","0",0," "," ","0",262," "," ","0",554," "," ","0",74," "," ","0",0," "," ","0",43," "," ","0",0," "," ","0",0," "," ","0",0," "," ","0",0," "," ","0",0," "," ","0",211," "," ","0",119," "," ","0",0," "," ","0",0," "," ","0",500," "," ","0"
"379","USC00413787",1950,7,"SNOW",0," "," ","0",0,"T"," ","0",0," "," ","0",0," "," ","0",0," "," ","0",0," "," ","0",0," "," ","0",0," "," ","0",0," "," ","0",0," "," ","0",0," "," ","0",0," "," ","0",0," "," ","0",0," "," ","0",0," "," ","0",0," "," ","0",0,"T"," ","0",0,"T"," ","0",0," "," ","0",0," "," ","0",0," "," ","0",0," "," ","0",0," "," ","0",0," "," ","0",0," "," ","0",0," "," ","0",0," "," ","0",0," "," ","0",0," "," ","0",0," "," ","0",0," "," ","0"
"380","USC00413787",1950,7,"SNWD",0," "," ","0",0," "," ","0",0," "," ","0",0," "," ","0",0," "," ","0",0," "," ","0",0," "," ","0",0," "," ","0",0," "," ","0",0," "," ","0",0," "," ","0",0," "," ","0",0," "," ","0",0," "," ","0",0," "," ","0",0," "," ","0",0," "," ","0",0," "," ","0",0," "," ","0",0," "," ","0",0," "," ","0",0," "," ","0",0," "," ","0",0," "," ","0",0," "," ","0",0," "," ","0",0," "," ","0",0," "," ","0",0," "," ","0",0," "," ","0",0," "," ","0"
"381","USC00413787",1950,7,"WT01",NA," "," "," ",NA," "," "," ",NA," "," "," ",NA," "," "," ",NA," "," "," ",NA," "," "," ",NA," "," "," ",NA," "," "," ",NA," "," "," ",NA," "," "," ",NA," "," "," ",NA," "," "," ",NA," "," "," ",NA," "," "," ",NA," "," "," ",NA," "," "," ",NA," "," "," ",NA," "," "," ",NA," "," "," ",NA," "," "," ",NA," "," "," ",NA," "," "," ",NA," "," "," ",NA," "," "," ",NA," "," "," ",NA," "," "," ",NA," "," "," ",NA," "," "," ",1," "," ","0",NA," "," "," ",NA," "," "," "
"382","USC00413787",1950,7,"WT03",NA," "," "," ",1," "," ","0",1," "," ","0",1," "," ","0",1," "," ","0",NA," "," "," ",NA," "," "," ",NA," "," "," ",1," "," ","0",NA," "," "," ",NA," "," "," ",1," "," ","0",NA," "," "," ",NA," "," "," ",NA," "," "," ",NA," "," "," ",1," "," ","0",1," "," ","0",1," "," ","0",NA," "," "," ",1," "," ","0",NA," "," "," ",NA," "," "," ",NA," "," "," ",NA," "," "," ",NA," "," "," ",1," "," ","0",1," "," ","0",NA," "," "," ",NA," "," "," ",1," "," ","0"
"383","USC00413787",1950,7,"WT11",NA," "," "," ",1," "," ","0",NA," "," "," ",NA," "," "," ",NA," "," "," ",NA," "," "," ",NA," "," "," ",NA," "," "," ",NA," "," "," ",NA," "," "," ",NA," "," "," ",NA," "," "," ",NA," "," "," ",NA," "," "," ",NA," "," "," ",NA," "," "," ",1," "," ","0",NA," "," "," ",NA," "," "," ",NA," "," "," ",NA," "," "," ",NA," "," "," ",NA," "," "," ",NA," "," "," ",NA," "," "," ",NA," "," "," ",NA," "," "," ",NA," "," "," ",NA," "," "," ",NA," "," "," ",NA," "," "," "
"384","USC00413787",1950,8,"PRCP",0," "," ","0",0," "," ","0",0," "," ","0",0," "," ","0",399," "," ","0",0," "," ","0",0," "," ","0",0," "," ","0",264," "," ","0",0," "," ","0",0," "," ","0",0," "," ","0",0," "," ","0",18," "," ","0",147," "," ","0",38," "," ","0",20," "," ","0",0," "," ","0",0," "," ","0",5," "," ","0",0," "," ","0",0," "," ","0",0," "," ","0",0," "," ","0",0," "," ","0",46," "," ","0",0," "," ","0",0," "," ","0",206," "," ","0",0," "," ","0",0," "," ","0"
"385","USC00413787",1950,8,"SNOW",0," "," ","0",0," "," ","0",0," "," ","0",0," "," ","0",0,"T"," ","0",0," "," ","0",0," "," ","0",0," "," ","0",0,"T"," ","0",0," "," ","0",0," "," ","0",0," "," ","0",0," "," ","0",0," "," ","0",0," "," ","0",0," "," ","0",0," "," ","0",0," "," ","0",0," "," ","0",0," "," ","0",0," "," ","0",0," "," ","0",0," "," ","0",0," "," ","0",0," "," ","0",0," "," ","0",0," "," ","0",0," "," ","0",0," "," ","0",0," "," ","0",0," "," ","0"
"386","USC00413787",1950,8,"SNWD",0," "," ","0",0," "," ","0",0," "," ","0",0," "," ","0",0," "," ","0",0," "," ","0",0," "," ","0",0," "," ","0",0," "," ","0",0," "," ","0",0," "," ","0",0," "," ","0",0," "," ","0",0," "," ","0",0," "," ","0",0," "," ","0",0," "," ","0",0," "," ","0",0," "," ","0",0," "," ","0",0," "," ","0",0," "," ","0",0," "," ","0",0," "," ","0",0," "," ","0",0," "," ","0",0," "," ","0",0," "," ","0",0," "," ","0",0," "," ","0",0," "," ","0"
"387","USC00413787",1950,8,"WT03",NA," "," "," ",NA," "," "," ",NA," "," "," ",NA," "," "," ",1," "," ","0",NA," "," "," ",NA," "," "," ",NA," "," "," ",1," "," ","0",NA," "," "," ",NA," "," "," ",NA," "," "," ",NA," "," "," ",1," "," ","0",1," "," ","0",1," "," ","0",1," "," ","0",NA," "," "," ",1," "," ","0",NA," "," "," ",NA," "," "," ",NA," "," "," ",NA," "," "," ",NA," "," "," ",NA," "," "," ",1," "," ","0",NA," "," "," ",1," "," ","0",NA," "," "," ",NA," "," "," ",NA," "," "," "
"388","USC00413787",1950,8,"WT14",NA," "," "," ",NA," "," "," ",NA," "," "," ",NA," "," "," ",NA," "," "," ",NA," "," "," ",NA," "," "," ",NA," "," "," ",NA," "," "," ",NA," "," "," ",NA," "," "," ",NA," "," "," ",NA," "," "," ",NA," "," "," ",NA," "," "," ",NA," "," "," ",NA," "," "," ",NA," "," "," ",NA," "," "," ",1," "," ","0",NA," "," "," ",NA," "," "," ",NA," "," "," ",NA," "," "," ",NA," "," "," ",NA," "," "," ",NA," "," "," ",NA," "," "," ",NA," "," "," ",NA," "," "," ",NA," "," "," "
"389","USC00413787",1950,9,"PRCP",0," "," ","0",0," "," ","0",0," "," ","0",310," "," ","0",206," "," ","0",0," "," ","0",0," "," ","0",0," "," ","0",0," "," ","0",262," "," ","0",112," "," ","0",0,"T"," ","0",191," "," ","0",15," "," ","0",46," "," ","0",0," "," ","0",0," "," ","0",0," "," ","0",0," "," ","0",0," "," ","0",0," "," ","0",0," "," ","0",0," "," ","0",145," "," ","0",305," "," ","0",8," "," ","0",0," "," ","0",0," "," ","0",0," "," ","0",0," "," ","0",NA," "," "," "
"390","USC00413787",1950,9,"SNOW",0," "," ","0",0," "," ","0",0," "," ","0",0," "," ","0",0," "," ","0",0," "," ","0",0," "," ","0",0," "," ","0",0," "," ","0",0," "," ","0",0," "," ","0",0," "," ","0",0,"T"," ","0",0," "," ","0",0," "," ","0",0," "," ","0",0," "," ","0",0," "," ","0",0," "," ","0",0," "," ","0",0," "," ","0",0," "," ","0",0," "," ","0",0,"T"," ","0",0," "," ","0",0," "," ","0",0," "," ","0",0," "," ","0",0," "," ","0",0," "," ","0",NA," "," "," "
"391","USC00413787",1950,9,"SNWD",0," "," ","0",0," "," ","0",0," "," ","0",0," "," ","0",0," "," ","0",0," "," ","0",0," "," ","0",0," "," ","0",0," "," ","0",0," "," ","0",0," "," ","0",0," "," ","0",0," "," ","0",0," "," ","0",0," "," ","0",0," "," ","0",0," "," ","0",0," "," ","0",0," "," ","0",0," "," ","0",0," "," ","0",0," "," ","0",0," "," ","0",0," "," ","0",0," "," ","0",0," "," ","0",0," "," ","0",0," "," ","0",0," "," ","0",0," "," ","0",NA," "," "," "
"392","USC00413787",1950,9,"WT03",NA," "," "," ",NA," "," "," ",NA," "," "," ",1," "," ","0",NA," "," "," ",NA," "," "," ",NA," "," "," ",NA," "," "," ",NA," "," "," ",NA," "," "," ",NA," "," "," ",NA," "," "," ",NA," "," "," ",NA," "," "," ",NA," "," "," ",NA," "," "," ",NA," "," "," ",NA," "," "," ",NA," "," "," ",NA," "," "," ",NA," "," "," ",NA," "," "," ",NA," "," "," ",1," "," ","0",1," "," ","0",1," "," ","0",NA," "," "," ",NA," "," "," ",NA," "," "," ",NA," "," "," ",NA," "," "," "
"393","USC00413787",1950,9,"WT05",NA," "," "," ",NA," "," "," ",NA," "," "," ",NA," "," "," ",NA," "," "," ",NA," "," "," ",NA," "," "," ",NA," "," "," ",NA," "," "," ",NA," "," "," ",NA," "," "," ",NA," "," "," ",1," "," ","0",NA," "," "," ",NA," "," "," ",NA," "," "," ",NA," "," "," ",NA," "," "," ",NA," "," "," ",NA," "," "," ",NA," "," "," ",NA," "," "," ",NA," "," "," ",NA," "," "," ",NA," "," "," ",NA," "," "," ",NA," "," "," ",NA," "," "," ",NA," "," "," ",NA," "," "," ",NA," "," "," "
"394","USC00413787",1950,9,"WT14",NA," "," "," ",NA," "," "," ",NA," "," "," ",NA," "," "," ",NA," "," "," ",NA," "," "," ",NA," "," "," ",NA," "," "," ",NA," "," "," ",NA," "," "," ",NA," "," "," ",1," "," ","0",1," "," ","0",1," "," ","0",1," "," ","0",NA," "," "," ",NA," "," "," ",NA," "," "," ",NA," "," "," ",NA," "," "," ",NA," "," "," ",NA," "," "," ",NA," "," "," ",NA," "," "," ",NA," "," "," ",NA," "," "," ",NA," "," "," ",NA," "," "," ",NA," "," "," ",NA," "," "," ",NA," "," "," "
"395","USC00413787",1950,10,"PRCP",25," "," ","0",0," "," ","0",0," "," ","0",0," "," ","0",0," "," ","0",0," "," ","0",0," "," ","0",0," "," ","0",0," "," ","0",0," "," ","0",0," "," ","0",0," "," ","0",0," "," ","0",0," "," ","0",0," "," ","0",0," "," ","0",0," "," ","0",0," "," ","0",0," "," ","0",0," "," ","0",0," "," ","0",0," "," ","0",0," "," ","0",0," "," ","0",0," "," ","0",0," "," ","0",0," "," ","0",0," "," ","0",0," "," ","0",0," "," ","0",0," "," ","0"
"396","USC00413787",1950,10,"SNOW",0," "," ","0",0," "," ","0",0," "," ","0",0," "," ","0",0," "," ","0",0," "," ","0",0," "," ","0",0," "," ","0",0," "," ","0",0," "," ","0",0," "," ","0",0," "," ","0",0," "," ","0",0," "," ","0",0," "," ","0",0," "," ","0",0," "," ","0",0," "," ","0",0," "," ","0",0," "," ","0",0," "," ","0",0," "," ","0",0," "," ","0",0," "," ","0",0," "," ","0",0," "," ","0",0," "," ","0",0," "," ","0",0," "," ","0",0," "," ","0",0," "," ","0"
"397","USC00413787",1950,10,"SNWD",0," "," ","0",0," "," ","0",0," "," ","0",0," "," ","0",0," "," ","0",0," "," ","0",0," "," ","0",0," "," ","0",0," "," ","0",0," "," ","0",0," "," ","0",0," "," ","0",0," "," ","0",0," "," ","0",0," "," ","0",0," "," ","0",0," "," ","0",0," "," ","0",0," "," ","0",0," "," ","0",0," "," ","0",0," "," ","0",0," "," ","0",0," "," ","0",0," "," ","0",0," "," ","0",0," "," ","0",0," "," ","0",0," "," ","0",0," "," ","0",0," "," ","0"
"398","USC00413787",1950,10,"WT03",1," "," ","0",NA," "," "," ",NA," "," "," ",NA," "," "," ",NA," "," "," ",NA," "," "," ",NA," "," "," ",NA," "," "," ",NA," "," "," ",NA," "," "," ",NA," "," "," ",NA," "," "," ",NA," "," "," ",NA," "," "," ",NA," "," "," ",NA," "," "," ",NA," "," "," ",NA," "," "," ",NA," "," "," ",NA," "," "," ",NA," "," "," ",NA," "," "," ",NA," "," "," ",NA," "," "," ",NA," "," "," ",NA," "," "," ",NA," "," "," ",NA," "," "," ",NA," "," "," ",NA," "," "," ",NA," "," "," "
"399","USC00413787",1950,11,"PRCP",0," "," ","0",5," "," ","0",3," "," ","0",0," "," ","0",0," "," ","0",0," "," ","0",0," "," ","0",0," "," ","0",0," "," ","0",0," "," ","0",0," "," ","0",0," "," ","0",0," "," ","0",0," "," ","0",0," "," ","0",0," "," ","0",0," "," ","0",0," "," ","0",0," "," ","0",0," "," ","0",0," "," ","0",0," "," ","0",0," "," ","0",0," "," ","0",0," "," ","0",0," "," ","0",0," "," ","0",0," "," ","0",0," "," ","0",0," "," ","0",NA," "," "," "
"400","USC00413787",1950,11,"SNOW",0," "," ","0",0," "," ","0",0," "," ","0",0," "," ","0",0," "," ","0",0," "," ","0",0," "," ","0",0," "," ","0",0," "," ","0",0," "," ","0",0," "," ","0",0," "," ","0",0," "," ","0",0," "," ","0",0," "," ","0",0," "," ","0",0," "," ","0",0," "," ","0",0," "," ","0",0," "," ","0",0," "," ","0",0," "," ","0",0," "," ","0",0," "," ","0",0," "," ","0",0," "," ","0",0," "," ","0",0," "," ","0",0," "," ","0",0," "," ","0",NA," "," "," "
"401","USC00413787",1950,11,"SNWD",0," "," ","0",0," "," ","0",0," "," ","0",0," "," ","0",0," "," ","0",0," "," ","0",0," "," ","0",0," "," ","0",0," "," ","0",0," "," ","0",0," "," ","0",0," "," ","0",0," "," ","0",0," "," ","0",0," "," ","0",0," "," ","0",0," "," ","0",0," "," ","0",0," "," ","0",0," "," ","0",0," "," ","0",0," "," ","0",0," "," ","0",0," "," ","0",0," "," ","0",0," "," ","0",0," "," ","0",0," "," ","0",0," "," ","0",0," "," ","0",NA," "," "," "
"402","USC00413787",1950,12,"PRCP",0," "," ","0",0," "," ","0",0," "," ","0",0," "," ","0",0,"T"," ","0",0," "," ","0",0," "," ","0",0," "," ","0",0," "," ","0",0," "," ","0",0," "," ","0",0," "," ","0",0," "," ","0",0," "," ","0",0," "," ","0",0," "," ","0",0," "," ","0",0," "," ","0",0," "," ","0",0," "," ","0",0," "," ","0",0," "," ","0",0," "," ","0",0," "," ","0",0," "," ","0",0," "," ","0",0," "," ","0",0," "," ","0",0," "," ","0",0," "," ","0",0," "," ","0"
"403","USC00413787",1950,12,"SNOW",0," "," ","0",0," "," ","0",0," "," ","0",0," "," ","0",13," "," ","0",0," "," ","0",0," "," ","0",0," "," ","0",0," "," ","0",0," "," ","0",0," "," ","0",0," "," ","0",0," "," ","0",0," "," ","0",0," "," ","0",0," "," ","0",0," "," ","0",0," "," ","0",0," "," ","0",0," "," ","0",0," "," ","0",0," "," ","0",0," "," ","0",0," "," ","0",0," "," ","0",0," "," ","0",0," "," ","0",0," "," ","0",0," "," ","0",0," "," ","0",0," "," ","0"
"404","USC00413787",1950,12,"SNWD",0," "," ","0",0," "," ","0",0," "," ","0",0," "," ","0",0," "," ","0",0," "," ","0",0," "," ","0",0," "," ","0",0," "," ","0",0," "," ","0",0," "," ","0",0," "," ","0",0," "," ","0",0," "," ","0",0," "," ","0",0," "," ","0",0," "," ","0",0," "," ","0",0," "," ","0",0," "," ","0",0," "," ","0",0," "," ","0",0," "," ","0",0," "," ","0",0," "," ","0",0," "," ","0",0," "," ","0",0," "," ","0",0," "," ","0",0," "," ","0",0," "," ","0"
"405","USC00413787",1951,1,"PRCP",0," "," ","0",53," "," ","0",0," "," ","0",0," "," ","0",0," "," ","0",0,"T"," ","0",0," "," ","0",0," "," ","0",0," "," ","0",0," "," ","0",0," "," ","0",0," "," ","0",NA," "," "," ",NA," "," "," ",0," "," ","0",0," "," ","0",0," "," ","0",0," "," ","0",0," "," ","0",0," "," ","0",0," "," ","0",0," "," ","0",0," "," ","0",0," "," ","0",0," "," ","0",0," "," ","0",0," "," ","0",0," "," ","0",0," "," ","0",0," "," ","0",25," "," ","0"
"406","USC00413787",1951,1,"SNOW",0," "," ","0",25," "," ","0",0," "," ","0",0," "," ","0",0," "," ","0",13," "," ","0",0," "," ","0",0," "," ","0",0," "," ","0",0," "," ","0",0," "," ","0",0," "," ","0",NA," "," "," ",NA," "," "," ",0," "," ","0",0," "," ","0",0," "," ","0",0," "," ","0",0," "," ","0",0," "," ","0",0," "," ","0",0," "," ","0",0," "," ","0",0," "," ","0",0," "," ","0",0," "," ","0",0," "," ","0",0," "," ","0",0," "," ","0",0," "," ","0",76," "," ","0"
"407","USC00413787",1951,1,"SNWD",0," "," ","0",25," "," ","0",NA," "," "," ",0," "," ","0",0," "," ","0",NA," "," "," ",0," "," ","0",0," "," ","0",0," "," ","0",0," "," ","0",0," "," ","0",0," "," ","0",NA," "," "," ",76," "," ","0",NA," "," "," ",NA," "," "," ",0," "," ","0",0," "," ","0",0," "," ","0",0," "," ","0",0," "," ","0",0," "," ","0",0," "," ","0",0," "," ","0",0," "," ","0",0," "," ","0",0," "," ","0",0," "," ","0",0," "," ","0",0," "," ","0",76," "," ","0"
"408","USC00413787",1951,1,"DAPR",NA," "," "," ",NA," "," "," ",NA," "," "," ",NA," "," "," ",NA," "," "," ",NA," "," "," ",NA," "," "," ",NA," "," "," ",NA," "," "," ",NA," "," "," ",NA," "," "," ",NA," "," "," ",NA," "," "," ",2," "," ","0",NA," "," "," ",NA," "," "," ",NA," "," "," ",NA," "," "," ",NA," "," "," ",NA," "," "," ",NA," "," "," ",NA," "," "," ",NA," "," "," ",NA," "," "," ",NA," "," "," ",NA," "," "," ",NA," "," "," ",NA," "," "," ",NA," "," "," ",NA," "," "," ",NA," "," "," "
"409","USC00413787",1951,1,"DASF",NA," "," "," ",NA," "," "," ",NA," "," "," ",NA," "," "," ",NA," "," "," ",NA," "," "," ",NA," "," "," ",NA," "," "," ",NA," "," "," ",NA," "," "," ",NA," "," "," ",NA," "," "," ",NA," "," "," ",2," "," ","0",NA," "," "," ",NA," "," "," ",NA," "," "," ",NA," "," "," ",NA," "," "," ",NA," "," "," ",NA," "," "," ",NA," "," "," ",NA," "," "," ",NA," "," "," ",NA," "," "," ",NA," "," "," ",NA," "," "," ",NA," "," "," ",NA," "," "," ",NA," "," "," ",NA," "," "," "
"410","USC00413787",1951,1,"MDPR",NA," "," "," ",NA," "," "," ",NA," "," "," ",NA," "," "," ",NA," "," "," ",NA," "," "," ",NA," "," "," ",NA," "," "," ",NA," "," "," ",NA," "," "," ",NA," "," "," ",NA," "," "," ",NA," "," "," ",86," "," ","0",NA," "," "," ",NA," "," "," ",NA," "," "," ",NA," "," "," ",NA," "," "," ",NA," "," "," ",NA," "," "," ",NA," "," "," ",NA," "," "," ",NA," "," "," ",NA," "," "," ",NA," "," "," ",NA," "," "," ",NA," "," "," ",NA," "," "," ",NA," "," "," ",NA," "," "," "
"411","USC00413787",1951,1,"MDSF",NA," "," "," ",NA," "," "," ",NA," "," "," ",NA," "," "," ",NA," "," "," ",NA," "," "," ",NA," "," "," ",NA," "," "," ",NA," "," "," ",NA," "," "," ",NA," "," "," ",NA," "," "," ",NA," "," "," ",89," "," ","0",NA," "," "," ",NA," "," "," ",NA," "," "," ",NA," "," "," ",NA," "," "," ",NA," "," "," ",NA," "," "," ",NA," "," "," ",NA," "," "," ",NA," "," "," ",NA," "," "," ",NA," "," "," ",NA," "," "," ",NA," "," "," ",NA," "," "," ",NA," "," "," ",NA," "," "," "
"412","USC00413787",1951,1,"WT03",NA," "," "," ",1," "," ","0",NA," "," "," ",NA," "," "," ",NA," "," "," ",NA," "," "," ",NA," "," "," ",NA," "," "," ",NA," "," "," ",NA," "," "," ",NA," "," "," ",NA," "," "," ",NA," "," "," ",NA," "," "," ",NA," "," "," ",NA," "," "," ",NA," "," "," ",NA," "," "," ",NA," "," "," ",NA," "," "," ",NA," "," "," ",NA," "," "," ",NA," "," "," ",NA," "," "," ",NA," "," "," ",NA," "," "," ",NA," "," "," ",NA," "," "," ",NA," "," "," ",NA," "," "," ",NA," "," "," "
"413","USC00413787",1951,1,"WT04",NA," "," "," ",1," "," ","0",NA," "," "," ",NA," "," "," ",NA," "," "," ",NA," "," "," ",NA," "," "," ",NA," "," "," ",NA," "," "," ",NA," "," "," ",NA," "," "," ",NA," "," "," ",1," "," ","0",1," "," ","0",NA," "," "," ",NA," "," "," ",NA," "," "," ",NA," "," "," ",NA," "," "," ",NA," "," "," ",NA," "," "," ",NA," "," "," ",NA," "," "," ",NA," "," "," ",NA," "," "," ",NA," "," "," ",NA," "," "," ",NA," "," "," ",NA," "," "," ",NA," "," "," ",NA," "," "," "
"414","USC00413787",1951,2,"PRCP",0," "," ","0",0," "," ","0",0," "," ","0",0," "," ","0",0," "," ","0",0," "," ","0",0," "," ","0",0," "," ","0",0," "," ","0",0," "," ","0",0," "," ","0",0," "," ","0",0,"T"," ","0",3," "," ","0",0," "," ","0",0," "," ","0",0," "," ","0",0," "," ","0",0," "," ","0",0," "," ","0",0," "," ","0",0," "," ","0",0," "," ","0",74," "," ","0",117," "," ","0",0," "," ","0",0," "," ","0",0," "," ","0",NA," "," "," ",NA," "," "," ",NA," "," "," "
"415","USC00413787",1951,2,"SNOW",0," "," ","0",0," "," ","0",0," "," ","0",0," "," ","0",0," "," ","0",0," "," ","0",0," "," ","0",0," "," ","0",0," "," ","0",0," "," ","0",0," "," ","0",0," "," ","0",0,"T"," ","0",NA," "," "," ",0," "," ","0",0," "," ","0",0," "," ","0",0," "," ","0",0," "," ","0",0," "," ","0",0," "," ","0",0," "," ","0",0," "," ","0",0," "," ","0",0," "," ","0",0," "," ","0",0," "," ","0",0," "," ","0",NA," "," "," ",NA," "," "," ",NA," "," "," "
"416","USC00413787",1951,2,"SNWD",NA," "," "," ",NA," "," "," ",0," "," ","0",0," "," ","0",0," "," ","0",0," "," ","0",0," "," ","0",0," "," ","0",0," "," ","0",0," "," ","0",0," "," ","0",0," "," ","0",0,"T"," ","0",0,"T"," ","0",NA," "," "," ",0," "," ","0",0," "," ","0",0," "," ","0",0," "," ","0",0," "," ","0",0," "," ","0",0," "," ","0",0," "," ","0",0," "," ","0",0," "," ","0",0," "," ","0",0," "," ","0",0," "," ","0",NA," "," "," ",NA," "," "," ",NA," "," "," "
"417","USC00413787",1951,3,"PRCP",0," "," ","0",0," "," ","0",0," "," ","0",0," "," ","0",0," "," ","0",0," "," ","0",0," "," ","0",0," "," ","0",0," "," ","0",0," "," ","0",0,"T"," ","0",0," "," ","0",0," "," ","0",0," "," ","0",0," "," ","0",0," "," ","0",10," "," ","0",0," "," ","0",0,"T"," ","0",0," "," ","0",0," "," ","0",0," "," ","0",0," "," ","0",0," "," ","0",0," "," ","0",0,"T"," ","0",0," "," ","0",279," "," ","0",0," "," ","0",0," "," ","0",0," "," ","0"
"418","USC00413787",1951,3,"SNOW",0," "," ","0",0," "," ","0",0," "," ","0",0," "," ","0",0," "," ","0",0," "," ","0",0," "," ","0",0," "," ","0",0," "," ","0",0," "," ","0",0,"T"," ","0",0," "," ","0",0," "," ","0",0," "," ","0",0," "," ","0",0," "," ","0",0," "," ","0",0," "," ","0",13," "," ","0",0," "," ","0",0," "," ","0",0," "," ","0",0," "," ","0",0," "," ","0",0," "," ","0",0," "," ","0",0," "," ","0",13," "," ","0",0," "," ","0",0," "," ","0",0," "," ","0"
"419","USC00413787",1951,3,"SNWD",0," "," ","0",0," "," ","0",0," "," ","0",0," "," ","0",0," "," ","0",0," "," ","0",0," "," ","0",0," "," ","0",0," "," ","0",0," "," ","0",0," "," ","0",0," "," ","0",0," "," ","0",0," "," ","0",0," "," ","0",0," "," ","0",0," "," ","0",0," "," ","0",0," "," ","0",0," "," ","0",0," "," ","0",0," "," ","0",0," "," ","0",0," "," ","0",0," "," ","0",0," "," ","0",0," "," ","0",0,"T"," ","0",0," "," ","0",0," "," ","0",0," "," ","0"
"420","USC00413787",1951,3,"WT01",NA," "," "," ",NA," "," "," ",NA," "," "," ",NA," "," "," ",NA," "," "," ",NA," "," "," ",NA," "," "," ",NA," "," "," ",NA," "," "," ",NA," "," "," ",NA," "," "," ",NA," "," "," ",NA," "," "," ",NA," "," "," ",NA," "," "," ",NA," "," "," ",NA," "," "," ",NA," "," "," ",NA," "," "," ",NA," "," "," ",NA," "," "," ",NA," "," "," ",NA," "," "," ",NA," "," "," ",NA," "," "," ",1," "," ","0",NA," "," "," ",NA," "," "," ",NA," "," "," ",NA," "," "," ",NA," "," "," "
"421","USC00413787",1951,3,"WT03",NA," "," "," ",NA," "," "," ",NA," "," "," ",NA," "," "," ",NA," "," "," ",NA," "," "," ",NA," "," "," ",NA," "," "," ",NA," "," "," ",NA," "," "," ",NA," "," "," ",NA," "," "," ",NA," "," "," ",NA," "," "," ",NA," "," "," ",NA," "," "," ",NA," "," "," ",NA," "," "," ",NA," "," "," ",NA," "," "," ",NA," "," "," ",NA," "," "," ",NA," "," "," ",NA," "," "," ",NA," "," "," ",NA," "," "," ",NA," "," "," ",1," "," ","0",NA," "," "," ",NA," "," "," ",NA," "," "," "
"422","USC00413787",1951,4,"PRCP",0,"T"," ","0",0," "," ","0",0," "," ","0",28," "," ","0",81," "," ","0",0," "," ","0",0," "," ","0",0," "," ","0",0," "," ","0",13," "," ","0",0," "," ","0",0," "," ","0",0," "," ","0",0," "," ","0",0," "," ","0",0," "," ","0",0," "," ","0",0," "," ","0",0," "," ","0",0," "," ","0",43," "," ","0",0," "," ","0",0," "," ","0",0," "," ","0",0," "," ","0",0," "," ","0",0," "," ","0",56," "," ","0",0," "," ","0",0," "," ","0",NA," "," "," "
"423","USC00413787",1951,4,"SNOW",0,"T"," ","0",0," "," ","0",0," "," ","0",0," "," ","0",0," "," ","0",0," "," ","0",0," "," ","0",0," "," ","0",0," "," ","0",0,"T"," ","0",0," "," ","0",0," "," ","0",0," "," ","0",0," "," ","0",0," "," ","0",0," "," ","0",0," "," ","0",0," "," ","0",0," "," ","0",0," "," ","0",0," "," ","0",0," "," ","0",0," "," ","0",0," "," ","0",0," "," ","0",0," "," ","0",0," "," ","0",0," "," ","0",0," "," ","0",0," "," ","0",NA," "," "," "
"424","USC00413787",1951,4,"SNWD",0," "," ","0",0," "," ","0",0," "," ","0",0," "," ","0",0," "," ","0",0," "," ","0",0," "," ","0",0," "," ","0",0," "," ","0",0," "," ","0",0," "," ","0",0," "," ","0",0," "," ","0",0," "," ","0",0," "," ","0",0," "," ","0",0," "," ","0",0," "," ","0",0," "," ","0",0," "," ","0",0," "," ","0",0," "," ","0",0," "," ","0",0," "," ","0",0," "," ","0",0," "," ","0",0," "," ","0",0," "," ","0",0," "," ","0",0," "," ","0",NA," "," "," "
"425","USC00413787",1951,4,"WT03",NA," "," "," ",NA," "," "," ",NA," "," "," ",1," "," ","0",NA," "," "," ",NA," "," "," ",NA," "," "," ",NA," "," "," ",NA," "," "," ",NA," "," "," ",NA," "," "," ",NA," "," "," ",NA," "," "," ",NA," "," "," ",NA," "," "," ",NA," "," "," ",NA," "," "," ",NA," "," "," ",NA," "," "," ",NA," "," "," ",NA," "," "," ",NA," "," "," ",NA," "," "," ",NA," "," "," ",NA," "," "," ",NA," "," "," ",NA," "," "," ",NA," "," "," ",NA," "," "," ",NA," "," "," ",NA," "," "," "
"426","USC00413787",1951,5,"PRCP",0," "," ","0",0," "," ","0",0," "," ","0",0," "," ","0",0," "," ","0",0," "," ","0",0," "," ","0",0," "," ","0",0," "," ","0",0," "," ","0",3," "," ","0",5," "," ","0",23," "," ","0",267," "," ","0",310," "," ","0",549," "," ","0",53," "," ","0",165," "," ","0",36," "," ","0",0," "," ","0",0," "," ","0",66," "," ","0",0," "," ","0",0," "," ","0",30," "," ","0",0," "," ","0",0," "," ","0",41," "," ","0",0," "," ","0",0,"T"," ","0",13," "," ","0"
"427","USC00413787",1951,5,"SNOW",0," "," ","0",0," "," ","0",0," "," ","0",0," "," ","0",0," "," ","0",0," "," ","0",0," "," ","0",0," "," ","0",0," "," ","0",0," "," ","0",0," "," ","0",0," "," ","0",0," "," ","0",0,"T"," ","0",0," "," ","0",0," "," ","0",0," "," ","0",0," "," ","0",0," "," ","0",0," "," ","0",0," "," ","0",0," "," ","0",0," "," ","0",0," "," ","0",0," "," ","0",0," "," ","0",0," "," ","0",0," "," ","0",0," "," ","0",0," "," ","0",0," "," ","0"
"428","USC00413787",1951,5,"SNWD",0," "," ","0",0," "," ","0",0," "," ","0",0," "," ","0",0," "," ","0",0," "," ","0",0," "," ","0",0," "," ","0",0," "," ","0",0," "," ","0",0," "," ","0",0," "," ","0",0," "," ","0",0," "," ","0",0," "," ","0",0," "," ","0",0," "," ","0",0," "," ","0",0," "," ","0",0," "," ","0",0," "," ","0",0," "," ","0",0," "," ","0",0," "," ","0",0," "," ","0",0," "," ","0",0," "," ","0",0," "," ","0",0," "," ","0",0," "," ","0",0," "," ","0"
"429","USC00413787",1951,5,"WT03",NA," "," "," ",NA," "," "," ",NA," "," "," ",NA," "," "," ",NA," "," "," ",NA," "," "," ",NA," "," "," ",NA," "," "," ",NA," "," "," ",NA," "," "," ",NA," "," "," ",NA," "," "," ",NA," "," "," ",1," "," ","0",1," "," ","0",1," "," ","0",1," "," ","0",1," "," ","0",1," "," ","0",NA," "," "," ",NA," "," "," ",1," "," ","0",NA," "," "," ",NA," "," "," ",1," "," ","0",NA," "," "," ",NA," "," "," ",NA," "," "," ",NA," "," "," ",1," "," ","0",1," "," ","0"
"430","USC00413787",1951,5,"WT11",NA," "," "," ",NA," "," "," ",NA," "," "," ",NA," "," "," ",NA," "," "," ",NA," "," "," ",NA," "," "," ",NA," "," "," ",NA," "," "," ",NA," "," "," ",NA," "," "," ",NA," "," "," ",NA," "," "," ",1," "," ","0",NA," "," "," ",NA," "," "," ",NA," "," "," ",NA," "," "," ",NA," "," "," ",NA," "," "," ",NA," "," "," ",NA," "," "," ",NA," "," "," ",NA," "," "," ",NA," "," "," ",NA," "," "," ",NA," "," "," ",NA," "," "," ",NA," "," "," ",NA," "," "," ",NA," "," "," "
"431","USC00413787",1951,6,"PRCP",0," "," ","0",0," "," ","0",0," "," ","0",0," "," ","0",185," "," ","0",0," "," ","0",0," "," ","0",0," "," ","0",0," "," ","0",0," "," ","0",142," "," ","0",10," "," ","0",0," "," ","0",0," "," ","0",0,"T"," ","0",0," "," ","0",0," "," ","0",0," "," ","0",0," "," ","0",0," "," ","0",0," "," ","0",84," "," ","0",0," "," ","0",0," "," ","0",0,"T"," ","0",0,"T"," ","0",0," "," ","0",0," "," ","0",0," "," ","0",0," "," ","0",NA," "," "," "
"432","USC00413787",1951,6,"SNOW",0," "," ","0",0," "," ","0",0," "," ","0",0," "," ","0",0," "," ","0",0," "," ","0",0," "," ","0",0," "," ","0",0," "," ","0",0," "," ","0",0,"T"," ","0",0," "," ","0",0," "," ","0",0," "," ","0",0," "," ","0",0," "," ","0",0," "," ","0",0," "," ","0",0," "," ","0",0," "," ","0",0," "," ","0",0,"T"," ","0",0," "," ","0",0," "," ","0",0," "," ","0",0," "," ","0",0," "," ","0",0," "," ","0",0," "," ","0",0," "," ","0",NA," "," "," "
"433","USC00413787",1951,6,"SNWD",0," "," ","0",0," "," ","0",0," "," ","0",0," "," ","0",0," "," ","0",0," "," ","0",0," "," ","0",0," "," ","0",0," "," ","0",0," "," ","0",0," "," ","0",0," "," ","0",0," "," ","0",0," "," ","0",0," "," ","0",0," "," ","0",0," "," ","0",0," "," ","0",0," "," ","0",0," "," ","0",0," "," ","0",0," "," ","0",0," "," ","0",0," "," ","0",0," "," ","0",0," "," ","0",0," "," ","0",0," "," ","0",0," "," ","0",0," "," ","0",NA," "," "," "
"434","USC00413787",1951,6,"WT03",NA," "," "," ",NA," "," "," ",NA," "," "," ",NA," "," "," ",1," "," ","0",NA," "," "," ",NA," "," "," ",NA," "," "," ",NA," "," "," ",NA," "," "," ",1," "," ","0",NA," "," "," ",NA," "," "," ",NA," "," "," ",1," "," ","0",NA," "," "," ",NA," "," "," ",NA," "," "," ",NA," "," "," ",NA," "," "," ",NA," "," "," ",1," "," ","0",NA," "," "," ",NA," "," "," ",1," "," ","0",1," "," ","0",NA," "," "," ",NA," "," "," ",NA," "," "," ",NA," "," "," ",NA," "," "," "
"435","USC00413787",1951,7,"PRCP",0," "," ","0",0," "," ","0",0," "," ","0",0," "," ","0",0," "," ","0",0," "," ","0",0," "," ","0",0," "," ","0",0," "," ","0",0," "," ","0",0," "," ","0",0," "," ","0",48," "," ","0",0," "," ","0",0," "," ","0",0," "," ","0",0," "," ","0",0," "," ","0",0," "," ","0",0," "," ","0",0," "," ","0",0," "," ","0",244," "," ","0",3," "," ","0",0," "," ","0",0," "," ","0",0," "," ","0",0," "," ","0",0," "," ","0",0," "," ","0",305," "," ","0"
"436","USC00413787",1951,7,"SNOW",0," "," ","0",0," "," ","0",0," "," ","0",0," "," ","0",0," "," ","0",0," "," ","0",0," "," ","0",0," "," ","0",0," "," ","0",0," "," ","0",0," "," ","0",0," "," ","0",0," "," ","0",0," "," ","0",0," "," ","0",0," "," ","0",0," "," ","0",0," "," ","0",0," "," ","0",0," "," ","0",0," "," ","0",0," "," ","0",0," "," ","0",0," "," ","0",0," "," ","0",0," "," ","0",0," "," ","0",0," "," ","0",0," "," ","0",0," "," ","0",0," "," ","0"
"437","USC00413787",1951,7,"SNWD",0," "," ","0",0," "," ","0",0," "," ","0",0," "," ","0",0," "," ","0",0," "," ","0",0," "," ","0",0," "," ","0",0," "," ","0",0," "," ","0",0," "," ","0",0," "," ","0",0," "," ","0",0," "," ","0",0," "," ","0",0," "," ","0",0," "," ","0",0," "," ","0",0," "," ","0",0," "," ","0",0," "," ","0",0," "," ","0",0," "," ","0",0," "," ","0",0," "," ","0",0," "," ","0",0," "," ","0",0," "," ","0",0," "," ","0",0," "," ","0",0," "," ","0"
"438","USC00413787",1951,7,"WT03",NA," "," "," ",NA," "," "," ",NA," "," "," ",NA," "," "," ",NA," "," "," ",NA," "," "," ",NA," "," "," ",NA," "," "," ",NA," "," "," ",NA," "," "," ",NA," "," "," ",NA," "," "," ",1," "," ","0",1," "," ","0",NA," "," "," ",NA," "," "," ",NA," "," "," ",NA," "," "," ",NA," "," "," ",NA," "," "," ",NA," "," "," ",NA," "," "," ",1," "," ","0",1," "," ","0",NA," "," "," ",NA," "," "," ",NA," "," "," ",NA," "," "," ",NA," "," "," ",NA," "," "," ",1," "," ","0"
"439","USC00413787",1951,8,"PRCP",0," "," ","0",0," "," ","0",0," "," ","0",0," "," ","0",0," "," ","0",0," "," ","0",0," "," ","0",20," "," ","0",0," "," ","0",272," "," ","0",0," "," ","0",0," "," ","0",0," "," ","0",0," "," ","0",0," "," ","0",0," "," ","0",13," "," ","0",0," "," ","0",0," "," ","0",0," "," ","0",0," "," ","0",NA," "," "," ",NA," "," "," ",0," "," ","0",0," "," ","0",0," "," ","0",0," "," ","0",0," "," ","0",0," "," ","0",0," "," ","0",0," "," ","0"
"440","USC00413787",1951,8,"SNOW",0," "," ","0",0," "," ","0",0," "," ","0",0," "," ","0",0," "," ","0",0," "," ","0",0," "," ","0",0," "," ","0",0," "," ","0",0," "," ","0",0," "," ","0",0," "," ","0",0," "," ","0",0," "," ","0",0," "," ","0",0," "," ","0",0," "," ","0",0," "," ","0",0," "," ","0",0," "," ","0",0," "," ","0",0," "," ","0",0," "," ","0",0," "," ","0",0," "," ","0",0," "," ","0",0," "," ","0",0," "," ","0",0," "," ","0",0," "," ","0",0," "," ","0"
"441","USC00413787",1951,8,"SNWD",0," "," ","0",0," "," ","0",0," "," ","0",0," "," ","0",0," "," ","0",0," "," ","0",0," "," ","0",0," "," ","0",0," "," ","0",0," "," ","0",0," "," ","0",0," "," ","0",0," "," ","0",0," "," ","0",0," "," ","0",0," "," ","0",0," "," ","0",0," "," ","0",0," "," ","0",0," "," ","0",0," "," ","0",0," "," ","0",0," "," ","0",0," "," ","0",0," "," ","0",0," "," ","0",0," "," ","0",0," "," ","0",0," "," ","0",0," "," ","0",0," "," ","0"
"442","USC00413787",1951,8,"DAPR",NA," "," "," ",NA," "," "," ",NA," "," "," ",NA," "," "," ",NA," "," "," ",NA," "," "," ",NA," "," "," ",NA," "," "," ",NA," "," "," ",NA," "," "," ",NA," "," "," ",NA," "," "," ",NA," "," "," ",NA," "," "," ",NA," "," "," ",NA," "," "," ",NA," "," "," ",NA," "," "," ",NA," "," "," ",NA," "," "," ",NA," "," "," ",NA," "," "," ",2," "," ","0",NA," "," "," ",NA," "," "," ",NA," "," "," ",NA," "," "," ",NA," "," "," ",NA," "," "," ",NA," "," "," ",NA," "," "," "
"443","USC00413787",1951,8,"MDPR",NA," "," "," ",NA," "," "," ",NA," "," "," ",NA," "," "," ",NA," "," "," ",NA," "," "," ",NA," "," "," ",NA," "," "," ",NA," "," "," ",NA," "," "," ",NA," "," "," ",NA," "," "," ",NA," "," "," ",NA," "," "," ",NA," "," "," ",NA," "," "," ",NA," "," "," ",NA," "," "," ",NA," "," "," ",NA," "," "," ",NA," "," "," ",NA," "," "," ",91," "," ","0",NA," "," "," ",NA," "," "," ",NA," "," "," ",NA," "," "," ",NA," "," "," ",NA," "," "," ",NA," "," "," ",NA," "," "," "
"444","USC00413787",1951,8,"WT03",NA," "," "," ",NA," "," "," ",NA," "," "," ",NA," "," "," ",NA," "," "," ",NA," "," "," ",NA," "," "," ",1," "," ","0",NA," "," "," ",1," "," ","0",NA," "," "," ",NA," "," "," ",NA," "," "," ",NA," "," "," ",NA," "," "," ",NA," "," "," ",1," "," ","0",NA," "," "," ",NA," "," "," ",NA," "," "," ",NA," "," "," ",NA," "," "," ",NA," "," "," ",NA," "," "," ",NA," "," "," ",NA," "," "," ",NA," "," "," ",NA," "," "," ",NA," "," "," ",NA," "," "," ",NA," "," "," "
"445","USC00413787",1951,9,"PRCP",0," "," ","0",0," "," ","0",0," "," ","0",0," "," ","0",0," "," ","0",0," "," ","0",69," "," ","0",36," "," ","0",0," "," ","0",0," "," ","0",0," "," ","0",0," "," ","0",0," "," ","0",0," "," ","0",18," "," ","0",0," "," ","0",0," "," ","0",0," "," ","0",0," "," ","0",0," "," ","0",0," "," ","0",0," "," ","0",0," "," ","0",0," "," ","0",0," "," ","0",0," "," ","0",0," "," ","0",0," "," ","0",0," "," ","0",0," "," ","0",NA," "," "," "
"446","USC00413787",1951,9,"SNOW",0," "," ","0",0," "," ","0",0," "," ","0",0," "," ","0",0," "," ","0",0," "," ","0",0," "," ","0",0," "," ","0",0," "," ","0",0," "," ","0",0," "," ","0",0," "," ","0",0," "," ","0",0," "," ","0",0," "," ","0",0," "," ","0",0," "," ","0",0," "," ","0",0," "," ","0",0," "," ","0",0," "," ","0",0," "," ","0",0," "," ","0",0," "," ","0",0," "," ","0",0," "," ","0",0," "," ","0",0," "," ","0",0," "," ","0",0," "," ","0",NA," "," "," "
"447","USC00413787",1951,9,"SNWD",0," "," ","0",0," "," ","0",0," "," ","0",0," "," ","0",0," "," ","0",0," "," ","0",0," "," ","0",0," "," ","0",0," "," ","0",0," "," ","0",0," "," ","0",0," "," ","0",0," "," ","0",0," "," ","0",0," "," ","0",0," "," ","0",0," "," ","0",0," "," ","0",0," "," ","0",0," "," ","0",0," "," ","0",0," "," ","0",0," "," ","0",0," "," ","0",0," "," ","0",0," "," ","0",0," "," ","0",0," "," ","0",0," "," ","0",0," "," ","0",NA," "," "," "
"448","USC00413787",1951,9,"WT03",NA," "," "," ",NA," "," "," ",NA," "," "," ",NA," "," "," ",NA," "," "," ",NA," "," "," ",1," "," ","0",NA," "," "," ",NA," "," "," ",NA," "," "," ",NA," "," "," ",NA," "," "," ",NA," "," "," ",NA," "," "," ",NA," "," "," ",NA," "," "," ",NA," "," "," ",NA," "," "," ",NA," "," "," ",NA," "," "," ",NA," "," "," ",NA," "," "," ",NA," "," "," ",NA," "," "," ",NA," "," "," ",NA," "," "," ",NA," "," "," ",NA," "," "," ",NA," "," "," ",NA," "," "," ",NA," "," "," "
"449","USC00413787",1951,10,"PRCP",0," "," ","0",0," "," ","0",0," "," ","0",0," "," ","0",25," "," ","0",10," "," ","0",0," "," ","0",0," "," ","0",0," "," ","0",0," "," ","0",0," "," ","0",0," "," ","0",0," "," ","0",0," "," ","0",0," "," ","0",0," "," ","0",0," "," ","0",0," "," ","0",0," "," ","0",0," "," ","0",0," "," ","0",0,"T"," ","0",0," "," ","0",0," "," ","0",0," "," ","0",25," "," ","0",20," "," ","0",0," "," ","0",112," "," ","0",0," "," ","0",20," "," ","0"
"450","USC00413787",1951,10,"SNOW",0," "," ","0",0," "," ","0",0," "," ","0",0," "," ","0",0," "," ","0",0," "," ","0",0," "," ","0",0," "," ","0",0," "," ","0",0," "," ","0",0," "," ","0",0," "," ","0",0," "," ","0",0," "," ","0",0," "," ","0",0," "," ","0",0," "," ","0",0," "," ","0",0," "," ","0",0," "," ","0",0," "," ","0",0," "," ","0",0," "," ","0",0," "," ","0",0," "," ","0",0," "," ","0",0," "," ","0",0," "," ","0",0," "," ","0",0," "," ","0",0," "," ","0"
"451","USC00413787",1951,10,"SNWD",0," "," ","0",0," "," ","0",0," "," ","0",0," "," ","0",0," "," ","0",0," "," ","0",0," "," ","0",0," "," ","0",0," "," ","0",0," "," ","0",0," "," ","0",0," "," ","0",0," "," ","0",0," "," ","0",0," "," ","0",0," "," ","0",0," "," ","0",0," "," ","0",0," "," ","0",0," "," ","0",0," "," ","0",0," "," ","0",0," "," ","0",0," "," ","0",0," "," ","0",0," "," ","0",0," "," ","0",0," "," ","0",0," "," ","0",0," "," ","0",0," "," ","0"
"452","USC00413787",1951,10,"WT03",NA," "," "," ",NA," "," "," ",NA," "," "," ",NA," "," "," ",1," "," ","0",NA," "," "," ",NA," "," "," ",NA," "," "," ",NA," "," "," ",NA," "," "," ",NA," "," "," ",NA," "," "," ",NA," "," "," ",NA," "," "," ",NA," "," "," ",NA," "," "," ",NA," "," "," ",NA," "," "," ",NA," "," "," ",NA," "," "," ",NA," "," "," ",NA," "," "," ",NA," "," "," ",NA," "," "," ",NA," "," "," ",1," "," ","0",NA," "," "," ",1," "," ","0",NA," "," "," ",NA," "," "," ",NA," "," "," "
"453","USC00413787",1951,11,"PRCP",43," "," ","0",0," "," ","0",0," "," ","0",0," "," ","0",5," "," ","0",0," "," ","0",0," "," ","0",0," "," ","0",0," "," ","0",0," "," ","0",0," "," ","0",0," "," ","0",0," "," ","0",0," "," ","0",0,"T"," ","0",0," "," ","0",0," "," ","0",0," "," ","0",0," "," ","0",0," "," ","0",0," "," ","0",0," "," ","0",0," "," ","0",25," "," ","0",0,"T"," ","0",0," "," ","0",0," "," ","0",0," "," ","0",0," "," ","0",0," "," ","0",NA," "," "," "
"454","USC00413787",1951,11,"SNOW",76," "," ","0",0," "," ","0",0," "," ","0",0," "," ","0",13," "," ","0",0," "," ","0",0," "," ","0",0," "," ","0",0," "," ","0",0," "," ","0",0," "," ","0",0," "," ","0",0," "," ","0",0," "," ","0",0," "," ","0",0," "," ","0",0," "," ","0",0," "," ","0",0," "," ","0",0," "," ","0",0," "," ","0",0," "," ","0",0," "," ","0",0," "," ","0",0," "," ","0",0," "," ","0",0," "," ","0",0," "," ","0",0," "," ","0",0," "," ","0",NA," "," "," "
"455","USC00413787",1951,11,"SNWD",51," "," ","0",NA," "," "," ",0," "," ","0",0," "," ","0",0," "," ","0",0," "," ","0",0," "," ","0",0," "," ","0",0," "," ","0",0," "," ","0",0," "," ","0",0," "," ","0",0," "," ","0",0," "," ","0",0," "," ","0",0," "," ","0",0," "," ","0",0," "," ","0",0," "," ","0",0," "," ","0",0," "," ","0",0," "," ","0",0," "," ","0",0," "," ","0",0," "," ","0",0," "," ","0",0," "," ","0",0," "," ","0",0," "," ","0",0," "," ","0",NA," "," "," "
"456","USC00413787",1951,12,"PRCP",0," "," ","0",0," "," ","0",0," "," ","0",0," "," ","0",0," "," ","0",0," "," ","0",0," "," ","0",38," "," ","0",0," "," ","0",0," "," ","0",0," "," ","0",0," "," ","0",0," "," ","0",0," "," ","0",0," "," ","0",0," "," ","0",0," "," ","0",0," "," ","0",0," "," ","0",3," "," ","0",0," "," ","0",0," "," ","0",0," "," ","0",0," "," ","0",0," "," ","0",0," "," ","0",0," "," ","0",0," "," ","0",0," "," ","0",0," "," ","0",0," "," ","0"
"457","USC00413787",1951,12,"SNOW",0," "," ","0",0," "," ","0",0," "," ","0",0," "," ","0",0," "," ","0",0," "," ","0",0," "," ","0",76," ","I","0",0," "," ","0",0," "," ","0",NA," "," "," ",0," "," ","0",0," "," ","0",0," "," ","0",0," "," ","0",0," "," ","0",0," "," ","0",0," "," ","0",0," "," ","0",25," "," ","0",0," "," ","0",0," "," ","0",0," "," ","0",0," "," ","0",0," "," ","0",0," "," ","0",0," "," ","0",0," "," ","0",0," "," ","0",0," "," ","0",0," "," ","0"
"458","USC00413787",1951,12,"SNWD",0," "," ","0",0," "," ","0",0," "," ","0",0," "," ","0",0," "," ","0",0," "," ","0",0," ","I","0",508," ","I","0",NA," "," "," ",NA," "," "," ",0," "," ","0",0," "," ","0",0," "," ","0",0," "," ","0",0," "," ","0",0," "," ","0",0," "," ","0",0," "," ","0",0," "," ","0",25," "," ","0",NA," "," "," ",NA," "," "," ",0," "," ","0",0," "," ","0",0," "," ","0",0," "," ","0",0," "," ","0",0," "," ","0",0," "," ","0",0," "," ","0",0," "," ","0"
"459","USC00413787",1952,1,"PRCP",0," "," ","0",0," "," ","0",38," "," ","0",0," "," ","0",0," "," ","0",0," "," ","0",0," "," ","0",0," "," ","0",0," "," ","0",0," "," ","0",0," "," ","0",0," "," ","0",0," "," ","0",0," "," ","0",0," "," ","0",0," "," ","0",0," "," ","0",0," "," ","0",0," "," ","0",0," "," ","0",0," "," ","0",0," "," ","0",0," "," ","0",0," "," ","0",0," "," ","0",0," "," ","0",0," "," ","0",0," "," ","0",0," "," ","0",0," "," ","0",0," "," ","0"
"460","USC00413787",1952,1,"SNOW",0," "," ","0",0," "," ","0",76," "," ","0",0," "," ","0",0," "," ","0",0," "," ","0",0," "," ","0",0," "," ","0",0," "," ","0",0," "," ","0",0," "," ","0",0," "," ","0",0," "," ","0",0," "," ","0",0," "," ","0",0," "," ","0",0," "," ","0",0," "," ","0",0," "," ","0",0," "," ","0",0," "," ","0",0," "," ","0",0," "," ","0",0," "," ","0",0," "," ","0",0," "," ","0",0," "," ","0",0," "," ","0",0," "," ","0",0," "," ","0",0," "," ","0"
"461","USC00413787",1952,1,"SNWD",0," "," ","0",0," "," ","0",76," "," ","0",51," "," ","0",25," "," ","0",0," "," ","0",0," "," ","0",0," "," ","0",0," "," ","0",0," "," ","0",0," "," ","0",0," "," ","0",0," "," ","0",0," "," ","0",0," "," ","0",0," "," ","0",0," "," ","0",0," "," ","0",0," "," ","0",0," "," ","0",0," "," ","0",0," "," ","0",0," "," ","0",0," "," ","0",0," "," ","0",0," "," ","0",0," "," ","0",0," "," ","0",0," "," ","0",0," "," ","0",0," "," ","0"
"462","USC00413787",1952,2,"PRCP",0," "," ","0",0," "," ","0",0,"T"," ","0",0," "," ","0",0," "," ","0",0," "," ","0",0," "," ","0",0," "," ","0",0," "," ","0",0," "," ","0",3," "," ","0",0," "," ","0",0," "," ","0",0," "," ","0",0," "," ","0",0," "," ","0",0," "," ","0",0," "," ","0",0," "," ","0",0," "," ","0",0," "," ","0",0," "," ","0",0," "," ","0",28," "," ","0",3," "," ","0",0," "," ","0",0," "," ","0",0," "," ","0",0," "," ","0",NA," "," "," ",NA," "," "," "
"463","USC00413787",1952,2,"SNOW",0," "," ","0",0," "," ","0",0," "," ","0",0," "," ","0",0," "," ","0",0," "," ","0",0," "," ","0",0," "," ","0",0," "," ","0",0," "," ","0",0," "," ","0",0," "," ","0",0," "," ","0",0," "," ","0",0," "," ","0",0," "," ","0",0," "," ","0",0," "," ","0",0," "," ","0",0," "," ","0",0," "," ","0",0," "," ","0",0," "," ","0",13," "," ","0",0," "," ","0",0," "," ","0",0," "," ","0",0," "," ","0",0," "," ","0",NA," "," "," ",NA," "," "," "
"464","USC00413787",1952,2,"SNWD",0," "," ","0",0," "," ","0",0," "," ","0",0," "," ","0",0," "," ","0",0," "," ","0",0," "," ","0",0," "," ","0",0," "," ","0",0," "," ","0",0," "," ","0",0," "," ","0",0," "," ","0",0," "," ","0",0," "," ","0",0," "," ","0",0," "," ","0",0," "," ","0",0," "," ","0",0," "," ","0",0," "," ","0",0," "," ","0",0," "," ","0",0," "," ","0",0," "," ","0",0," "," ","0",0," "," ","0",0," "," ","0",0," "," ","0",NA," "," "," ",NA," "," "," "
"465","USC00413787",1952,3,"PRCP",0,"T"," ","0",13," "," ","0",64," "," ","0",0," "," ","0",0," "," ","0",0," "," ","0",0," "," ","0",0," "," ","0",142," "," ","0",46," "," ","0",0," "," ","0",0," "," ","0",0," "," ","0",3," "," ","0",0," "," ","0",0," "," ","0",0," "," ","0",0," "," ","0",0," "," ","0",0," "," ","0",0," "," ","0",0," "," ","0",0," "," ","0",0," "," ","0",0," "," ","0",0," "," ","0",0," "," ","0",0," "," ","0",0," "," ","0",0," "," ","0",0," "," ","0"
"466","USC00413787",1952,3,"SNOW",0," "," ","0",0,"T"," ","0",51," "," ","0",0," "," ","0",0," "," ","0",0," "," ","0",0," "," ","0",0," "," ","0",0," "," ","0",51," "," ","0",0," "," ","0",0," "," ","0",0," "," ","0",0,"T"," ","0",0," "," ","0",0," "," ","0",0," "," ","0",0," "," ","0",0," "," ","0",0," "," ","0",0," "," ","0",0," "," ","0",0," "," ","0",0," "," ","0",0," "," ","0",0," "," ","0",0," "," ","0",0," "," ","0",0," "," ","0",0," "," ","0",0," "," ","0"
"467","USC00413787",1952,3,"SNWD",0," "," ","0",0," "," ","0",25," "," ","0",NA," "," "," ",NA," "," "," ",0," "," ","0",0," "," ","0",0," "," ","0",0," "," ","0",0," "," ","0",0," "," ","0",0," "," ","0",0," "," ","0",0," "," ","0",0," "," ","0",0," "," ","0",0," "," ","0",0," "," ","0",0," "," ","0",0," "," ","0",0," "," ","0",0," "," ","0",0," "," ","0",0," "," ","0",0," "," ","0",0," "," ","0",0," "," ","0",0," "," ","0",0," "," ","0",0," "," ","0",0," "," ","0"
"468","USC00413787",1952,3,"WT03",NA," "," "," ",NA," "," "," ",NA," "," "," ",NA," "," "," ",NA," "," "," ",NA," "," "," ",NA," "," "," ",NA," "," "," ",1," "," ","0",NA," "," "," ",NA," "," "," ",NA," "," "," ",NA," "," "," ",NA," "," "," ",NA," "," "," ",NA," "," "," ",NA," "," "," ",NA," "," "," ",NA," "," "," ",NA," "," "," ",NA," "," "," ",NA," "," "," ",NA," "," "," ",NA," "," "," ",NA," "," "," ",NA," "," "," ",NA," "," "," ",NA," "," "," ",NA," "," "," ",NA," "," "," ",NA," "," "," "
"469","USC00413787",1952,3,"WT04",NA," "," "," ",1," "," ","0",NA," "," "," ",NA," "," "," ",NA," "," "," ",NA," "," "," ",NA," "," "," ",NA," "," "," ",NA," "," "," ",NA," "," "," ",NA," "," "," ",NA," "," "," ",NA," "," "," ",1," "," ","0",NA," "," "," ",NA," "," "," ",NA," "," "," ",NA," "," "," ",NA," "," "," ",NA," "," "," ",NA," "," "," ",NA," "," "," ",NA," "," "," ",NA," "," "," ",NA," "," "," ",NA," "," "," ",NA," "," "," ",NA," "," "," ",NA," "," "," ",NA," "," "," ",NA," "," "," "
"470","USC00413787",1952,3,"WT11",NA," "," "," ",NA," "," "," ",NA," "," "," ",NA," "," "," ",NA," "," "," ",NA," "," "," ",NA," "," "," ",NA," "," "," ",NA," "," "," ",NA," "," "," ",NA," "," "," ",1," "," ","0",NA," "," "," ",NA," "," "," ",NA," "," "," ",NA," "," "," ",NA," "," "," ",NA," "," "," ",NA," "," "," ",NA," "," "," ",NA," "," "," ",NA," "," "," ",NA," "," "," ",NA," "," "," ",NA," "," "," ",NA," "," "," ",NA," "," "," ",NA," "," "," ",NA," "," "," ",NA," "," "," ",NA," "," "," "
"471","USC00413787",1952,4,"PRCP",0," "," ","0",0," "," ","0",0,"T"," ","0",0," "," ","0",0," "," ","0",0," "," ","0",0," "," ","0",0," "," ","0",0,"T"," ","0",0," "," ","0",25," "," ","0",15," "," ","0",0," "," ","0",0," "," ","0",0," "," ","0",0," "," ","0",38," "," ","0",25," "," ","0",18," "," ","0",312," "," ","0",38," "," ","0",23," "," ","0",0," "," ","0",0," "," ","0",0," "," ","0",0," "," ","0",0," "," ","0",0," "," ","0",51," "," ","0",0," "," ","0",NA," "," "," "
"472","USC00413787",1952,4,"SNOW",0," "," ","0",0," "," ","0",0," "," ","0",0," "," ","0",0," "," ","0",0," "," ","0",0," "," ","0",0," "," ","0",0," "," ","0",0," "," ","0",0," "," ","0",0," "," ","0",0," "," ","0",0," "," ","0",0," "," ","0",0," "," ","0",0," "," ","0",0," "," ","0",0," "," ","0",0," "," ","0",0," "," ","0",0," "," ","0",0," "," ","0",0," "," ","0",0," "," ","0",0," "," ","0",0," "," ","0",0," "," ","0",0," "," ","0",0," "," ","0",NA," "," "," "
"473","USC00413787",1952,4,"SNWD",0," "," ","0",0," "," ","0",0," "," ","0",0," "," ","0",0," "," ","0",0," "," ","0",0," "," ","0",0," "," ","0",0," "," ","0",0," "," ","0",0," "," ","0",0," "," ","0",0," "," ","0",0," "," ","0",0," "," ","0",0," "," ","0",0," "," ","0",0," "," ","0",0," "," ","0",0," "," ","0",0," "," ","0",0," "," ","0",0," "," ","0",0," "," ","0",0," "," ","0",0," "," ","0",0," "," ","0",0," "," ","0",0," "," ","0",0," "," ","0",NA," "," "," "
"474","USC00413787",1952,4,"WT01",NA," "," "," ",NA," "," "," ",NA," "," "," ",NA," "," "," ",NA," "," "," ",NA," "," "," ",NA," "," "," ",NA," "," "," ",NA," "," "," ",NA," "," "," ",NA," "," "," ",NA," "," "," ",NA," "," "," ",NA," "," "," ",NA," "," "," ",NA," "," "," ",NA," "," "," ",NA," "," "," ",NA," "," "," ",NA," "," "," ",NA," "," "," ",NA," "," "," ",NA," "," "," ",NA," "," "," ",NA," "," "," ",NA," "," "," ",NA," "," "," ",NA," "," "," ",NA," "," "," ",1," "," ","0",NA," "," "," "
"475","USC00413787",1952,4,"WT03",NA," "," "," ",NA," "," "," ",1," "," ","0",NA," "," "," ",NA," "," "," ",NA," "," "," ",NA," "," "," ",NA," "," "," ",NA," "," "," ",NA," "," "," ",NA," "," "," ",NA," "," "," ",NA," "," "," ",NA," "," "," ",NA," "," "," ",NA," "," "," ",1," "," ","0",1," "," ","0",1," "," ","0",NA," "," "," ",NA," "," "," ",1," "," ","0",NA," "," "," ",NA," "," "," ",NA," "," "," ",NA," "," "," ",NA," "," "," ",NA," "," "," ",NA," "," "," ",NA," "," "," ",NA," "," "," "
"476","USC00413787",1952,4,"WT05",NA," "," "," ",NA," "," "," ",NA," "," "," ",NA," "," "," ",NA," "," "," ",NA," "," "," ",NA," "," "," ",NA," "," "," ",NA," "," "," ",NA," "," "," ",NA," "," "," ",NA," "," "," ",NA," "," "," ",NA," "," "," ",NA," "," "," ",NA," "," "," ",NA," "," "," ",NA," "," "," ",NA," "," "," ",1," "," ","0",1," "," ","0",NA," "," "," ",NA," "," "," ",NA," "," "," ",NA," "," "," ",NA," "," "," ",NA," "," "," ",NA," "," "," ",NA," "," "," ",NA," "," "," ",NA," "," "," "
"477","USC00413787",1952,4,"WT11",NA," "," "," ",NA," "," "," ",NA," "," "," ",NA," "," "," ",NA," "," "," ",NA," "," "," ",NA," "," "," ",NA," "," "," ",1," "," ","0",NA," "," "," ",NA," "," "," ",NA," "," "," ",NA," "," "," ",NA," "," "," ",NA," "," "," ",NA," "," "," ",NA," "," "," ",NA," "," "," ",NA," "," "," ",NA," "," "," ",NA," "," "," ",NA," "," "," ",NA," "," "," ",NA," "," "," ",NA," "," "," ",NA," "," "," ",NA," "," "," ",NA," "," "," ",NA," "," "," ",NA," "," "," ",NA," "," "," "
"478","USC00413787",1952,5,"PRCP",30," "," ","0",18," "," ","0",0," "," ","0",0," "," ","0",0," "," ","0",0," "," ","0",13," "," ","0",0," "," ","0",0," "," ","0",74," "," ","0",0," "," ","0",0," "," ","0",0," "," ","0",0," "," ","0",0," "," ","0",0," "," ","0",28," "," ","0",69," "," ","0",0," "," ","0",0," "," ","0",0," "," ","0",0," "," ","0",0," "," ","0",0," "," ","0",0," "," ","0",0," "," ","0",13," "," ","0",0," "," ","0",0," "," ","0",0," "," ","0",0," "," ","0"
"479","USC00413787",1952,5,"SNOW",0," "," ","0",0," "," ","0",0," "," ","0",0," "," ","0",0," "," ","0",0," "," ","0",0," "," ","0",0," "," ","0",0," "," ","0",0," "," ","0",0," "," ","0",0," "," ","0",0," "," ","0",0," "," ","0",0," "," ","0",0," "," ","0",0," "," ","0",0," "," ","0",0," "," ","0",0," "," ","0",0," "," ","0",0," "," ","0",0," "," ","0",0," "," ","0",0," "," ","0",0," "," ","0",0," "," ","0",0," "," ","0",0," "," ","0",0," "," ","0",0," "," ","0"
"480","USC00413787",1952,5,"SNWD",0," "," ","0",0," "," ","0",0," "," ","0",0," "," ","0",0," "," ","0",0," "," ","0",0," "," ","0",0," "," ","0",0," "," ","0",0," "," ","0",0," "," ","0",0," "," ","0",0," "," ","0",0," "," ","0",0," "," ","0",0," "," ","0",0," "," ","0",0," "," ","0",0," "," ","0",0," "," ","0",0," "," ","0",0," "," ","0",0," "," ","0",0," "," ","0",0," "," ","0",0," "," ","0",0," "," ","0",0," "," ","0",0," "," ","0",0," "," ","0",0," "," ","0"
"481","USC00413787",1952,5,"WT03",NA," "," "," ",NA," "," "," ",NA," "," "," ",NA," "," "," ",NA," "," "," ",NA," "," "," ",NA," "," "," ",NA," "," "," ",NA," "," "," ",NA," "," "," ",NA," "," "," ",NA," "," "," ",NA," "," "," ",NA," "," "," ",NA," "," "," ",NA," "," "," ",1," "," ","0",NA," "," "," ",NA," "," "," ",NA," "," "," ",NA," "," "," ",NA," "," "," ",NA," "," "," ",NA," "," "," ",NA," "," "," ",NA," "," "," ",NA," "," "," ",NA," "," "," ",NA," "," "," ",NA," "," "," ",NA," "," "," "
"482","USC00413787",1952,6,"PRCP",86," "," ","0",0," "," ","0",0," "," ","0",8," "," ","0",0," "," ","0",0," "," ","0",0," "," ","0",0," "," ","0",64," "," ","0",0," "," ","0",0," "," ","0",0," "," ","0",0," "," ","0",0," "," ","0",0," "," ","0",0," "," ","0",0," "," ","0",0," "," ","0",0,"T"," ","0",0," "," ","0",0,"T"," ","0",0," "," ","0",0," "," ","0",0," "," ","0",0," "," ","0",0," "," ","0",0," "," ","0",0,"T"," ","0",3," "," ","0",0," "," ","0",NA," "," "," "
"483","USC00413787",1952,6,"SNOW",0," "," ","0",0," "," ","0",0," "," ","0",0," "," ","0",0," "," ","0",0," "," ","0",0," "," ","0",0," "," ","0",0," "," ","0",0," "," ","0",0," "," ","0",0," "," ","0",0," "," ","0",0," "," ","0",0," "," ","0",0," "," ","0",0," "," ","0",0," "," ","0",0," "," ","0",0," "," ","0",0," "," ","0",0," "," ","0",0," "," ","0",0," "," ","0",0," "," ","0",0," "," ","0",0," "," ","0",0," "," ","0",0," "," ","0",0," "," ","0",NA," "," "," "
"484","USC00413787",1952,6,"SNWD",0," "," ","0",0," "," ","0",0," "," ","0",0," "," ","0",0," "," ","0",0," "," ","0",0," "," ","0",0," "," ","0",0," "," ","0",0," "," ","0",0," "," ","0",0," "," ","0",0," "," ","0",0," "," ","0",0," "," ","0",0," "," ","0",0," "," ","0",0," "," ","0",0," "," ","0",0," "," ","0",0," "," ","0",0," "," ","0",0," "," ","0",0," "," ","0",0," "," ","0",0," "," ","0",0," "," ","0",0," "," ","0",0," "," ","0",0," "," ","0",NA," "," "," "
"485","USC00413787",1952,6,"WT03",1," "," ","0",NA," "," "," ",NA," "," "," ",NA," "," "," ",NA," "," "," ",NA," "," "," ",NA," "," "," ",NA," "," "," ",1," "," ","0",NA," "," "," ",NA," "," "," ",NA," "," "," ",NA," "," "," ",NA," "," "," ",NA," "," "," ",NA," "," "," ",NA," "," "," ",NA," "," "," ",NA," "," "," ",NA," "," "," ",NA," "," "," ",NA," "," "," ",NA," "," "," ",NA," "," "," ",NA," "," "," ",NA," "," "," ",NA," "," "," ",NA," "," "," ",NA," "," "," ",NA," "," "," ",NA," "," "," "
"486","USC00413787",1952,7,"PRCP",5," "," ","0",0," "," ","0",0," "," ","0",0," "," ","0",0," "," ","0",0," "," ","0",0,"T"," ","0",0," "," ","0",0," "," ","0",0," "," ","0",0," "," ","0",0," "," ","0",0," "," ","0",363," "," ","0",0," "," ","0",94," "," ","0",0," "," ","0",318," "," ","0",0," "," ","0",0," "," ","0",0," "," ","0",0," "," ","0",89," "," ","0",0," "," ","0",0," "," ","0",0," "," ","0",0," "," ","0",0," "," ","0",0," "," ","0",0," "," ","0",0,"T"," ","0"
"487","USC00413787",1952,7,"SNOW",0," "," ","0",0," "," ","0",0," "," ","0",0," "," ","0",0," "," ","0",0," "," ","0",0," "," ","0",0," "," ","0",0," "," ","0",0," "," ","0",0," "," ","0",0," "," ","0",0," "," ","0",0," "," ","0",0," "," ","0",0," "," ","0",0," "," ","0",0," "," ","0",0," "," ","0",0," "," ","0",0," "," ","0",0," "," ","0",0," "," ","0",0," "," ","0",0," "," ","0",0," "," ","0",0," "," ","0",0," "," ","0",0," "," ","0",0," "," ","0",0," "," ","0"
"488","USC00413787",1952,7,"SNWD",0," "," ","0",0," "," ","0",0," "," ","0",0," "," ","0",0," "," ","0",0," "," ","0",0," "," ","0",0," "," ","0",0," "," ","0",0," "," ","0",0," "," ","0",0," "," ","0",0," "," ","0",0," "," ","0",0," "," ","0",0," "," ","0",0," "," ","0",0," "," ","0",0," "," ","0",0," "," ","0",0," "," ","0",0," "," ","0",0," "," ","0",0," "," ","0",0," "," ","0",0," "," ","0",0," "," ","0",0," "," ","0",0," "," ","0",0," "," ","0",0," "," ","0"
"489","USC00413787",1952,7,"WT03",1," "," ","0",NA," "," "," ",NA," "," "," ",NA," "," "," ",NA," "," "," ",NA," "," "," ",1," "," ","0",NA," "," "," ",NA," "," "," ",NA," "," "," ",NA," "," "," ",NA," "," "," ",NA," "," "," ",NA," "," "," ",NA," "," "," ",NA," "," "," ",NA," "," "," ",NA," "," "," ",NA," "," "," ",NA," "," "," ",NA," "," "," ",NA," "," "," ",NA," "," "," ",NA," "," "," ",NA," "," "," ",NA," "," "," ",NA," "," "," ",NA," "," "," ",NA," "," "," ",NA," "," "," ",NA," "," "," "
"490","USC00413787",1952,8,"PRCP",0," "," ","0",36," "," ","0",0," "," ","0",0," "," ","0",0,"T"," ","0",0," "," ","0",521," "," ","0",0," "," ","0",0," "," ","0",0," "," ","0",10," "," ","0",0," "," ","0",0," "," ","0",0," "," ","0",0," "," ","0",0," "," ","0",0," "," ","0",0," "," ","0",0," "," ","0",0," "," ","0",8," "," ","0",0," "," ","0",76," "," ","0",0," "," ","0",0," "," ","0",0," "," ","0",0," "," ","0",15," "," ","0",102," "," ","0",0," "," ","0",0," "," ","0"
"491","USC00413787",1952,8,"SNOW",0," "," ","0",0," "," ","0",0," "," ","0",0," "," ","0",0," "," ","0",0," "," ","0",0," "," ","0",0," "," ","0",0," "," ","0",0," "," ","0",0," "," ","0",0," "," ","0",0," "," ","0",0," "," ","0",0," "," ","0",0," "," ","0",0," "," ","0",0," "," ","0",0," "," ","0",0," "," ","0",0," "," ","0",0," "," ","0",0," "," ","0",0," "," ","0",0," "," ","0",0," "," ","0",0," "," ","0",0," "," ","0",0," "," ","0",0," "," ","0",0," "," ","0"
"492","USC00413787",1952,8,"SNWD",0," "," ","0",0," "," ","0",0," "," ","0",0," "," ","0",0," "," ","0",0," "," ","0",0," "," ","0",0," "," ","0",0," "," ","0",0," "," ","0",0," "," ","0",0," "," ","0",0," "," ","0",0," "," ","0",0," "," ","0",0," "," ","0",0," "," ","0",0," "," ","0",0," "," ","0",0," "," ","0",0," "," ","0",0," "," ","0",0," "," ","0",0," "," ","0",0," "," ","0",0," "," ","0",0," "," ","0",0," "," ","0",0," "," ","0",0," "," ","0",0," "," ","0"
"493","USC00413787",1952,8,"WT03",NA," "," "," ",1," "," ","0",NA," "," "," ",NA," "," "," ",NA," "," "," ",NA," "," "," ",1," "," ","0",NA," "," "," ",NA," "," "," ",NA," "," "," ",1," "," ","0",NA," "," "," ",NA," "," "," ",NA," "," "," ",NA," "," "," ",NA," "," "," ",NA," "," "," ",NA," "," "," ",NA," "," "," ",NA," "," "," ",1," "," ","0",NA," "," "," ",1," "," ","0",NA," "," "," ",NA," "," "," ",NA," "," "," ",NA," "," "," ",1," "," ","0",1," "," ","0",NA," "," "," ",NA," "," "," "
"494","USC00413787",1952,9,"PRCP",0," "," ","0",0," "," ","0",0," "," ","0",0," "," ","0",0," "," ","0",0," "," ","0",0," "," ","0",0," "," ","0",0," "," ","0",0,"T"," ","0",0," "," ","0",0," "," ","0",0," "," ","0",0," "," ","0",0," "," ","0",0," "," ","0",0," "," ","0",0," "," ","0",0," "," ","0",0," "," ","0",NA," "," "," ",NA," "," "," ",0," "," ","0",0," "," ","0",0," "," ","0",0," "," ","0",0," "," ","0",0," "," ","0",0," "," ","0",0," "," ","0",NA," "," "," "
"495","USC00413787",1952,9,"SNOW",0," "," ","0",0," "," ","0",0," "," ","0",0," "," ","0",0," "," ","0",0," "," ","0",0," "," ","0",0," "," ","0",0," "," ","0",0," "," ","0",0," "," ","0",0," "," ","0",0," "," ","0",0," "," ","0",0," "," ","0",0," "," ","0",0," "," ","0",0," "," ","0",0," "," ","0",0," "," ","0",0," "," ","0",0," "," ","0",0," "," ","0",0," "," ","0",0," "," ","0",0," "," ","0",0," "," ","0",0," "," ","0",0," "," ","0",0," "," ","0",NA," "," "," "
"496","USC00413787",1952,9,"SNWD",0," "," ","0",0," "," ","0",0," "," ","0",0," "," ","0",0," "," ","0",0," "," ","0",0," "," ","0",0," "," ","0",0," "," ","0",0," "," ","0",0," "," ","0",0," "," ","0",0," "," ","0",0," "," ","0",0," "," ","0",0," "," ","0",0," "," ","0",0," "," ","0",0," "," ","0",0," "," ","0",0," "," ","0",0," "," ","0",0," "," ","0",0," "," ","0",0," "," ","0",0," "," ","0",0," "," ","0",0," "," ","0",0," "," ","0",0," "," ","0",NA," "," "," "
"497","USC00413787",1952,9,"DAPR",NA," "," "," ",NA," "," "," ",NA," "," "," ",NA," "," "," ",NA," "," "," ",NA," "," "," ",NA," "," "," ",NA," "," "," ",NA," "," "," ",NA," "," "," ",NA," "," "," ",NA," "," "," ",NA," "," "," ",NA," "," "," ",NA," "," "," ",NA," "," "," ",NA," "," "," ",NA," "," "," ",NA," "," "," ",NA," "," "," ",NA," "," "," ",2," "," ","0",NA," "," "," ",NA," "," "," ",NA," "," "," ",NA," "," "," ",NA," "," "," ",NA," "," "," ",NA," "," "," ",NA," "," "," ",NA," "," "," "
"498","USC00413787",1952,9,"MDPR",NA," "," "," ",NA," "," "," ",NA," "," "," ",NA," "," "," ",NA," "," "," ",NA," "," "," ",NA," "," "," ",NA," "," "," ",NA," "," "," ",NA," "," "," ",NA," "," "," ",NA," "," "," ",NA," "," "," ",NA," "," "," ",NA," "," "," ",NA," "," "," ",NA," "," "," ",NA," "," "," ",NA," "," "," ",NA," "," "," ",NA," "," "," ",38," "," ","0",NA," "," "," ",NA," "," "," ",NA," "," "," ",NA," "," "," ",NA," "," "," ",NA," "," "," ",NA," "," "," ",NA," "," "," ",NA," "," "," "
"499","USC00413787",1952,10,"PRCP",0," "," ","0",0," "," ","0",0," "," ","0",0," "," ","0",0," "," ","0",0," "," ","0",0," "," ","0",0," "," ","0",0," "," ","0",0," "," ","0",0," "," ","0",0," "," ","0",0," "," ","0",0," "," ","0",0," "," ","0",0," "," ","0",0," "," ","0",0," "," ","0",0," "," ","0",0," "," ","0",0," "," ","0",0," "," ","0",0," "," ","0",0," "," ","0",0," "," ","0",0," "," ","0",0," "," ","0",0," "," ","0",0," "," ","0",0," "," ","0",0," "," ","0"
"500","USC00413787",1952,10,"SNOW",0," "," ","0",0," "," ","0",0," "," ","0",0," "," ","0",0," "," ","0",0," "," ","0",0," "," ","0",0," "," ","0",0," "," ","0",0," "," ","0",0," "," ","0",0," "," ","0",0," "," ","0",0," "," ","0",0," "," ","0",0," "," ","0",0," "," ","0",0," "," ","0",0," "," ","0",0," "," ","0",0," "," ","0",0," "," ","0",0," "," ","0",0," "," ","0",0," "," ","0",0," "," ","0",0," "," ","0",0," "," ","0",0," "," ","0",0," "," ","0",0," "," ","0"
"501","USC00413787",1952,10,"SNWD",0," "," ","0",0," "," ","0",0," "," ","0",0," "," ","0",0," "," ","0",0," "," ","0",0," "," ","0",0," "," ","0",0," "," ","0",0," "," ","0",0," "," ","0",0," "," ","0",0," "," ","0",0," "," ","0",0," "," ","0",0," "," ","0",0," "," ","0",0," "," ","0",0," "," ","0",0," "," ","0",0," "," ","0",0," "," ","0",0," "," ","0",0," "," ","0",0," "," ","0",0," "," ","0",0," "," ","0",0," "," ","0",0," "," ","0",0," "," ","0",0," "," ","0"
"502","USC00413787",1952,11,"PRCP",0," "," ","0",0," "," ","0",0," "," ","0",0," "," ","0",0," "," ","0",0," "," ","0",0," "," ","0",0," "," ","0",20," "," ","0",0," "," ","0",0," "," ","0",0," "," ","0",0," "," ","0",0," "," ","0",0," "," ","0",0," "," ","0",NA," "," "," ",NA," "," "," ",0," "," ","0",0," "," ","0",0," "," ","0",0," "," ","0",13," "," ","0",28," "," ","0",137," "," ","0",0," "," ","0",0," "," ","0",0," "," ","0",0," "," ","0",0," "," ","0",NA," "," "," "
"503","USC00413787",1952,11,"SNOW",0," "," ","0",0," "," ","0",0," "," ","0",0," "," ","0",0," "," ","0",0," "," ","0",0," "," ","0",0," "," ","0",25," "," ","0",0," "," ","0",0," "," ","0",0," "," ","0",0," "," ","0",0," "," ","0",0," "," ","0",0," "," ","0",NA," "," "," ",NA," "," "," ",0," "," ","0",0," "," ","0",0," "," ","0",0," "," ","0",0," "," ","0",0," "," ","0",165," "," ","0",0," "," ","0",0," "," ","0",0," "," ","0",0," "," ","0",0," "," ","0",NA," "," "," "
"504","USC00413787",1952,11,"SNWD",0," "," ","0",0," "," ","0",0," "," ","0",0," "," ","0",0," "," ","0",0," "," ","0",0," "," ","0",0," "," ","0",0," "," ","0",0," "," ","0",0," "," ","0",0," "," ","0",0," "," ","0",0," "," ","0",0," "," ","0",0," "," ","0",NA," "," "," ",NA," "," "," ",0," "," ","0",0," "," ","0",0," "," ","0",0," "," ","0",0," "," ","0",0," "," ","0",NA," "," "," ",NA," "," "," ",NA," "," "," ",NA," "," "," ",NA," "," "," ",NA," "," "," ",NA," "," "," "
"505","USC00413787",1952,12,"PRCP",0," "," ","0",0," "," ","0",0," "," ","0",0," "," ","0",0," "," ","0",0," "," ","0",0," "," ","0",0," "," ","0",0," "," ","0",0," "," ","0",0," "," ","0",0," "," ","0",0," "," ","0",0," "," ","0",0," "," ","0",0," "," ","0",0," "," ","0",13," "," ","0",51," "," ","0",0," "," ","0",0," "," ","0",0," "," ","0",86," "," ","0",0," "," ","0",0," "," ","0",0," "," ","0",0," "," ","0",0," "," ","0",0," "," ","0",0," "," ","0",0," "," ","0"
"506","USC00413787",1952,12,"SNOW",0," "," ","0",0," "," ","0",0," "," ","0",0," "," ","0",0," "," ","0",0," "," ","0",0," "," ","0",0," "," ","0",0," "," ","0",0," "," ","0",0," "," ","0",0," "," ","0",0," "," ","0",0," "," ","0",0," "," ","0",0," "," ","0",0," "," ","0",0," "," ","0",64," "," ","0",0," "," ","0",0," "," ","0",0," "," ","0",127," "," ","0",0," "," ","0",0," "," ","0",0," "," ","0",0," "," ","0",0," "," ","0",0," "," ","0",0," "," ","0",0," "," ","0"
"507","USC00413787",1953,1,"PRCP",18," "," ","0",0," "," ","0",0," "," ","0",0," "," ","0",0," "," ","0",0," "," ","0",0," "," ","0",0," "," ","0",0," "," ","0",0," "," ","0",0," "," ","0",0," "," ","0",0," "," ","0",0," "," ","0",0," "," ","0",0," "," ","0",0," "," ","0",0," "," ","0",0," "," ","0",0," "," ","0",0," "," ","0",107," "," ","0",0," "," ","0",0," "," ","0",0," "," ","0",0," "," ","0",0," "," ","0",0," "," ","0",0," "," ","0",0," "," ","0",0," "," ","0"
"508","USC00413787",1953,1,"SNOW",51," "," ","0",0," "," ","0",0," "," ","0",0," "," ","0",0," "," ","0",0," "," ","0",0," "," ","0",0," "," ","0",0," "," ","0",0," "," ","0",0," "," ","0",0," "," ","0",0," "," ","0",0," "," ","0",0," "," ","0",0," "," ","0",0," "," ","0",0," "," ","0",0," "," ","0",0," "," ","0",0," "," ","0",152," "," ","0",0," "," ","0",0," "," ","0",0," "," ","0",0," "," ","0",0," "," ","0",0," "," ","0",0," "," ","0",0," "," ","0",0," "," ","0"
"509","USC00413787",1953,1,"SNWD",NA," "," "," ",NA," "," "," ",0," "," ","0",0," "," ","0",0," "," ","0",0," "," ","0",0," "," ","0",0," "," ","0",0," "," ","0",0," "," ","0",0," "," ","0",0," "," ","0",0," "," ","0",0," "," ","0",0," "," ","0",0," "," ","0",0," "," ","0",0," "," ","0",0," "," ","0",0," "," ","0",0," "," ","0",NA," "," "," ",NA," "," "," ",0," "," ","0",0," "," ","0",0," "," ","0",0," "," ","0",0," "," ","0",0," "," ","0",0," "," ","0",0," "," ","0"
"510","USC00413787",1953,2,"PRCP",0," "," ","0",0," "," ","0",0," "," ","0",0," "," ","0",0," "," ","0",0," "," ","0",0," "," ","0",0," "," ","0",0," "," ","0",15," "," ","0",0," "," ","0",0," "," ","0",0," "," ","0",0," "," ","0",0," "," ","0",0," "," ","0",0," "," ","0",0," "," ","0",0," "," ","0",0," "," ","0",0," "," ","0",0," "," ","0",0," "," ","0",0," "," ","0",0," "," ","0",0," "," ","0",0," "," ","0",0," "," ","0",NA," "," "," ",NA," "," "," ",NA," "," "," "
"511","USC00413787",1953,2,"SNOW",0," "," ","0",0," "," ","0",0," "," ","0",0," "," ","0",0," "," ","0",0," "," ","0",0," "," ","0",0," "," ","0",0," "," ","0",0," "," ","0",0," "," ","0",0," "," ","0",0," "," ","0",0," "," ","0",0," "," ","0",0," "," ","0",0," "," ","0",0," "," ","0",0," "," ","0",0," "," ","0",0," "," ","0",0," "," ","0",0," "," ","0",0," "," ","0",0," "," ","0",0," "," ","0",0," "," ","0",0," "," ","0",NA," "," "," ",NA," "," "," ",NA," "," "," "
"512","USC00413787",1953,2,"SNWD",0," "," ","0",0," "," ","0",0," "," ","0",0," "," ","0",0," "," ","0",0," "," ","0",0," "," ","0",0," "," ","0",0," "," ","0",0," "," ","0",0," "," ","0",0," "," ","0",0," "," ","0",0," "," ","0",0," "," ","0",0," "," ","0",0," "," ","0",0," "," ","0",0," "," ","0",0," "," ","0",0," "," ","0",0," "," ","0",0," "," ","0",0," "," ","0",0," "," ","0",0," "," ","0",0," "," ","0",0," "," ","0",NA," "," "," ",NA," "," "," ",NA," "," "," "
"513","USC00413787",1953,2,"WT03",NA," "," "," ",NA," "," "," ",NA," "," "," ",NA," "," "," ",NA," "," "," ",NA," "," "," ",NA," "," "," ",NA," "," "," ",NA," "," "," ",1," "," ","0",NA," "," "," ",NA," "," "," ",NA," "," "," ",NA," "," "," ",NA," "," "," ",NA," "," "," ",NA," "," "," ",NA," "," "," ",NA," "," "," ",NA," "," "," ",NA," "," "," ",NA," "," "," ",NA," "," "," ",NA," "," "," ",NA," "," "," ",NA," "," "," ",NA," "," "," ",NA," "," "," ",NA," "," "," ",NA," "," "," ",NA," "," "," "
"514","USC00413787",1953,3,"PRCP",89," "," ","0",0,"T"," ","0",0,"T"," ","0",0," "," ","0",0," "," ","0",0," "," ","0",0," "," ","0",0," "," ","0",0," "," ","0",0," "," ","0",0," "," ","0",0," "," ","0",0," "," ","0",0," "," ","0",0," "," ","0",0," "," ","0",0," "," ","0",0," "," ","0",0," "," ","0",0," "," ","0",0," "," ","0",0," "," ","0",0," "," ","0",0," "," ","0",0," "," ","0",0," "," ","0",0," "," ","0",0," "," ","0",0," "," ","0",0," "," ","0",0," "," ","0"
"515","USC00413787",1953,3,"SNOW",0," "," ","0",0," "," ","0",0," "," ","0",0," "," ","0",0," "," ","0",0," "," ","0",0," "," ","0",0," "," ","0",0," "," ","0",0," "," ","0",0," "," ","0",0," "," ","0",0," "," ","0",0," "," ","0",0," "," ","0",0," "," ","0",0," "," ","0",0," "," ","0",0," "," ","0",0," "," ","0",0," "," ","0",0," "," ","0",0," "," ","0",0," "," ","0",0," "," ","0",0," "," ","0",0," "," ","0",0," "," ","0",0," "," ","0",0," "," ","0",0," "," ","0"
"516","USC00413787",1953,3,"SNWD",0," "," ","0",0," "," ","0",0," "," ","0",0," "," ","0",0," "," ","0",0," "," ","0",0," "," ","0",0," "," ","0",0," "," ","0",0," "," ","0",0," "," ","0",0," "," ","0",0," "," ","0",0," "," ","0",0," "," ","0",0," "," ","0",0," "," ","0",0," "," ","0",0," "," ","0",0," "," ","0",0," "," ","0",0," "," ","0",0," "," ","0",0," "," ","0",0," "," ","0",0," "," ","0",0," "," ","0",0," "," ","0",0," "," ","0",0," "," ","0",0," "," ","0"
"517","USC00413787",1953,4,"PRCP",0," "," ","0",0," "," ","0",0," "," ","0",0," "," ","0",25," "," ","0",13," "," ","0",0," "," ","0",0," "," ","0",0," "," ","0",0," "," ","0",0," "," ","0",0," "," ","0",0," "," ","0",0," "," ","0",0," "," ","0",0," "," ","0",0," "," ","0",0," "," ","0",0," "," ","0",0," "," ","0",0," "," ","0",0," "," ","0",0," "," ","0",0," "," ","0",0," "," ","0",0," "," ","0",0," "," ","0",0," "," ","0",74," "," ","0",0," "," ","0",NA," "," "," "
"518","USC00413787",1953,4,"SNOW",0," "," ","0",0," "," ","0",0," "," ","0",0," "," ","0",0," "," ","0",0," "," ","0",0," "," ","0",0," "," ","0",0," "," ","0",0," "," ","0",0," "," ","0",0," "," ","0",0," "," ","0",0," "," ","0",0," "," ","0",0," "," ","0",0," "," ","0",0," "," ","0",0," "," ","0",0," "," ","0",0," "," ","0",0," "," ","0",0," "," ","0",0," "," ","0",0," "," ","0",0," "," ","0",0," "," ","0",0," "," ","0",0," "," ","0",0," "," ","0",NA," "," "," "
"519","USC00413787",1953,4,"SNWD",0," "," ","0",0," "," ","0",0," "," ","0",0," "," ","0",0," "," ","0",0," "," ","0",0," "," ","0",0," "," ","0",0," "," ","0",0," "," ","0",0," "," ","0",0," "," ","0",0," "," ","0",0," "," ","0",0," "," ","0",0," "," ","0",0," "," ","0",0," "," ","0",0," "," ","0",0," "," ","0",0," "," ","0",0," "," ","0",0," "," ","0",0," "," ","0",0," "," ","0",0," "," ","0",0," "," ","0",0," "," ","0",0," "," ","0",0," "," ","0",NA," "," "," "
"520","USC00413787",1953,5,"PRCP",0," "," ","0",0," "," ","0",0," "," ","0",0,"T"," ","0",0,"T"," ","0",0," "," ","0",0," "," ","0",0," "," ","0",0," "," ","0",0," "," ","0",0," "," ","0",0,"T"," ","0",0," "," ","0",0," "," ","0",218," "," ","0",46," "," ","0",0," "," ","0",0," "," ","0",0," "," ","0",0," "," ","0",0," "," ","0",0," "," ","0",0," "," ","0",0," "," ","0",0," "," ","0",0," "," ","0",0," "," ","0",0," "," ","0",0,"T"," ","0",0," "," ","0",0," "," ","0"
"521","USC00413787",1953,5,"SNOW",0," "," ","0",0," "," ","0",0," "," ","0",0," "," ","0",0," "," ","0",0," "," ","0",0," "," ","0",0," "," ","0",0," "," ","0",0," "," ","0",0," "," ","0",0," "," ","0",0," "," ","0",0," "," ","0",0," "," ","0",0," "," ","0",0," "," ","0",0," "," ","0",0," "," ","0",0," "," ","0",0," "," ","0",0," "," ","0",0," "," ","0",0," "," ","0",0," "," ","0",0," "," ","0",0," "," ","0",0," "," ","0",0," "," ","0",0," "," ","0",0," "," ","0"
"522","USC00413787",1953,5,"SNWD",0," "," ","0",0," "," ","0",0," "," ","0",0," "," ","0",0," "," ","0",0," "," ","0",0," "," ","0",0," "," ","0",0," "," ","0",0," "," ","0",0," "," ","0",0," "," ","0",0," "," ","0",0," "," ","0",0," "," ","0",0," "," ","0",0," "," ","0",0," "," ","0",0," "," ","0",0," "," ","0",0," "," ","0",0," "," ","0",0," "," ","0",0," "," ","0",0," "," ","0",0," "," ","0",0," "," ","0",0," "," ","0",0," "," ","0",0," "," ","0",0," "," ","0"
"523","USC00413787",1953,5,"WT11",NA," "," "," ",NA," "," "," ",NA," "," "," ",NA," "," "," ",NA," "," "," ",NA," "," "," ",NA," "," "," ",NA," "," "," ",NA," "," "," ",NA," "," "," ",NA," "," "," ",NA," "," "," ",NA," "," "," ",NA," "," "," ",NA," "," "," ",NA," "," "," ",NA," "," "," ",NA," "," "," ",NA," "," "," ",NA," "," "," ",NA," "," "," ",NA," "," "," ",NA," "," "," ",NA," "," "," ",NA," "," "," ",NA," "," "," ",NA," "," "," ",NA," "," "," ",1," "," ","0",NA," "," "," ",NA," "," "," "
"524","USC00413787",1953,6,"PRCP",0," "," ","0",0," "," ","0",0," "," ","0",244," "," ","0",104," "," ","0",0,"T"," ","0",0," "," ","0",0," "," ","0",33," "," ","0",0," "," ","0",0," "," ","0",0," "," ","0",0," "," ","0",0," "," ","0",0," "," ","0",0," "," ","0",0," "," ","0",0," "," ","0",0," "," ","0",0," "," ","0",0," "," ","0",0," "," ","0",0," "," ","0",0," "," ","0",0," "," ","0",0," "," ","0",0," "," ","0",5," "," ","0",0," "," ","0",0," "," ","0",NA," "," "," "
"525","USC00413787",1953,6,"SNOW",0," "," ","0",0," "," ","0",0," "," ","0",0," "," ","0",0," "," ","0",0," "," ","0",0," "," ","0",0," "," ","0",0," "," ","0",0," "," ","0",0," "," ","0",0," "," ","0",0," "," ","0",0," "," ","0",0," "," ","0",0," "," ","0",0," "," ","0",0," "," ","0",0," "," ","0",0," "," ","0",0," "," ","0",0," "," ","0",0," "," ","0",0," "," ","0",0," "," ","0",0," "," ","0",0," "," ","0",0," "," ","0",0," "," ","0",0," "," ","0",NA," "," "," "
"526","USC00413787",1953,6,"SNWD",0," "," ","0",0," "," ","0",0," "," ","0",0," "," ","0",0," "," ","0",0," "," ","0",0," "," ","0",0," "," ","0",0," "," ","0",0," "," ","0",0," "," ","0",0," "," ","0",0," "," ","0",0," "," ","0",0," "," ","0",0," "," ","0",0," "," ","0",0," "," ","0",0," "," ","0",0," "," ","0",0," "," ","0",0," "," ","0",0," "," ","0",0," "," ","0",0," "," ","0",0," "," ","0",0," "," ","0",0," "," ","0",0," "," ","0",0," "," ","0",NA," "," "," "
"527","USC00413787",1953,6,"WT03",NA," "," "," ",NA," "," "," ",NA," "," "," ",1," "," ","0",NA," "," "," ",NA," "," "," ",NA," "," "," ",NA," "," "," ",1," "," ","0",NA," "," "," ",NA," "," "," ",NA," "," "," ",NA," "," "," ",NA," "," "," ",NA," "," "," ",NA," "," "," ",NA," "," "," ",NA," "," "," ",NA," "," "," ",NA," "," "," ",NA," "," "," ",NA," "," "," ",NA," "," "," ",NA," "," "," ",NA," "," "," ",NA," "," "," ",NA," "," "," ",1," "," ","0",NA," "," "," ",NA," "," "," ",NA," "," "," "
"528","USC00413787",1953,7,"PRCP",0," "," ","0",94," "," ","0",5," "," ","0",0," "," ","0",0," "," ","0",0," "," ","0",5," "," ","0",0," "," ","0",0," "," ","0",0," "," ","0",0," "," ","0",203," "," ","0",0," "," ","0",0," "," ","0",0," "," ","0",20," "," ","0",0," "," ","0",0," "," ","0",597," "," ","0",198," "," ","0",0," "," ","0",28," "," ","0",389," "," ","0",0," "," ","0",0," "," ","0",0," "," ","0",0," "," ","0",0," "," ","0",0," "," ","0",69," "," ","0",20," "," ","0"
"529","USC00413787",1953,7,"SNOW",0," "," ","0",0," "," ","0",0," "," ","0",0," "," ","0",0," "," ","0",0," "," ","0",0," "," ","0",0," "," ","0",0," "," ","0",0," "," ","0",0," "," ","0",0," "," ","0",0," "," ","0",0," "," ","0",0," "," ","0",0," "," ","0",0," "," ","0",0," "," ","0",0," "," ","0",0," "," ","0",0," "," ","0",0," "," ","0",0," "," ","0",0," "," ","0",0," "," ","0",0," "," ","0",0," "," ","0",0," "," ","0",0," "," ","0",0," "," ","0",0," "," ","0"
"530","USC00413787",1953,7,"SNWD",0," "," ","0",0," "," ","0",0," "," ","0",0," "," ","0",0," "," ","0",0," "," ","0",0," "," ","0",0," "," ","0",0," "," ","0",0," "," ","0",0," "," ","0",0," "," ","0",0," "," ","0",0," "," ","0",0," "," ","0",0," "," ","0",0," "," ","0",0," "," ","0",0," "," ","0",0," "," ","0",0," "," ","0",0," "," ","0",0," "," ","0",0," "," ","0",0," "," ","0",0," "," ","0",0," "," ","0",0," "," ","0",0," "," ","0",0," "," ","0",0," "," ","0"
"531","USC00413787",1953,7,"WT01",NA," "," "," ",NA," "," "," ",NA," "," "," ",NA," "," "," ",NA," "," "," ",NA," "," "," ",NA," "," "," ",NA," "," "," ",NA," "," "," ",NA," "," "," ",NA," "," "," ",NA," "," "," ",NA," "," "," ",NA," "," "," ",NA," "," "," ",NA," "," "," ",1," "," ","0",NA," "," "," ",1," "," ","0",NA," "," "," ",NA," "," "," ",1," "," ","0",1," "," ","0",NA," "," "," ",NA," "," "," ",NA," "," "," ",NA," "," "," ",NA," "," "," ",NA," "," "," ",1," "," ","0",1," "," ","0"
"532","USC00413787",1953,7,"WT03",NA," "," "," ",1," "," ","0",1," "," ","0",NA," "," "," ",NA," "," "," ",NA," "," "," ",1," "," ","0",NA," "," "," ",NA," "," "," ",NA," "," "," ",NA," "," "," ",1," "," ","0",NA," "," "," ",NA," "," "," ",NA," "," "," ",1," "," ","0",NA," "," "," ",NA," "," "," ",NA," "," "," ",NA," "," "," ",NA," "," "," ",NA," "," "," ",NA," "," "," ",NA," "," "," ",NA," "," "," ",NA," "," "," ",NA," "," "," ",NA," "," "," ",NA," "," "," ",NA," "," "," ",NA," "," "," "
"533","USC00413787",1953,8,"PRCP",0," "," ","0",0," "," ","0",0,"T"," ","0",0," "," ","0",0,"T"," ","0",173," "," ","0",0," "," ","0",0," "," ","0",0," "," ","0",0," "," ","0",0," "," ","0",0," "," ","0",0," "," ","0",0," "," ","0",0," "," ","0",0," "," ","0",23," "," ","0",0," "," ","0",0," "," ","0",160," "," ","0",58," "," ","0",0," "," ","0",0," "," ","0",38," "," ","0",0," "," ","0",0," "," ","0",0," "," ","0",0," "," ","0",0," "," ","0",0," "," ","0",0," "," ","0"
"534","USC00413787",1953,8,"SNOW",0," "," ","0",0," "," ","0",0," "," ","0",0," "," ","0",0," "," ","0",0," "," ","0",0," "," ","0",0," "," ","0",0," "," ","0",0," "," ","0",0," "," ","0",0," "," ","0",0," "," ","0",0," "," ","0",0," "," ","0",0," "," ","0",0," "," ","0",0," "," ","0",0," "," ","0",0," "," ","0",0," "," ","0",0," "," ","0",0," "," ","0",0," "," ","0",0," "," ","0",0," "," ","0",0," "," ","0",0," "," ","0",0," "," ","0",0," "," ","0",0," "," ","0"
"535","USC00413787",1953,8,"SNWD",0," "," ","0",0," "," ","0",0," "," ","0",0," "," ","0",0," "," ","0",0," "," ","0",0," "," ","0",0," "," ","0",0," "," ","0",0," "," ","0",0," "," ","0",0," "," ","0",0," "," ","0",0," "," ","0",0," "," ","0",0," "," ","0",0," "," ","0",0," "," ","0",0," "," ","0",0," "," ","0",0," "," ","0",0," "," ","0",0," "," ","0",0," "," ","0",0," "," ","0",0," "," ","0",0," "," ","0",0," "," ","0",0," "," ","0",0," "," ","0",0," "," ","0"
"536","USC00413787",1953,8,"WT03",NA," "," "," ",NA," "," "," ",1," "," ","0",NA," "," "," ",1," "," ","0",1," "," ","0",NA," "," "," ",NA," "," "," ",NA," "," "," ",NA," "," "," ",NA," "," "," ",NA," "," "," ",NA," "," "," ",NA," "," "," ",NA," "," "," ",NA," "," "," ",1," "," ","0",NA," "," "," ",NA," "," "," ",1," "," ","0",1," "," ","0",NA," "," "," ",NA," "," "," ",1," "," ","0",NA," "," "," ",NA," "," "," ",NA," "," "," ",NA," "," "," ",NA," "," "," ",NA," "," "," ",NA," "," "," "
"537","USC00413787",1953,9,"PRCP",0," "," ","0",0," "," ","0",18," "," ","0",0," "," ","0",0," "," ","0",0," "," ","0",0," "," ","0",0," "," ","0",0," "," ","0",0," "," ","0",94," "," ","0",0," "," ","0",0," "," ","0",0," "," ","0",0," "," ","0",0," "," ","0",0," "," ","0",0," "," ","0",0," "," ","0",0," "," ","0",0," "," ","0",0," "," ","0",0," "," ","0",0," "," ","0",0," "," ","0",0," "," ","0",0," "," ","0",0," "," ","0",0," "," ","0",0," "," ","0",NA," "," "," "
"538","USC00413787",1953,9,"SNOW",0," "," ","0",0," "," ","0",0," "," ","0",0," "," ","0",0," "," ","0",0," "," ","0",0," "," ","0",0," "," ","0",0," "," ","0",0," "," ","0",0," "," ","0",0," "," ","0",0," "," ","0",0," "," ","0",0," "," ","0",0," "," ","0",0," "," ","0",0," "," ","0",0," "," ","0",0," "," ","0",0," "," ","0",0," "," ","0",0," "," ","0",0," "," ","0",0," "," ","0",0," "," ","0",0," "," ","0",0," "," ","0",0," "," ","0",0," "," ","0",NA," "," "," "
"539","USC00413787",1953,9,"SNWD",0," "," ","0",0," "," ","0",0," "," ","0",0," "," ","0",0," "," ","0",0," "," ","0",0," "," ","0",0," "," ","0",0," "," ","0",0," "," ","0",0," "," ","0",0," "," ","0",0," "," ","0",0," "," ","0",0," "," ","0",0," "," ","0",0," "," ","0",0," "," ","0",0," "," ","0",0," "," ","0",0," "," ","0",0," "," ","0",0," "," ","0",0," "," ","0",0," "," ","0",0," "," ","0",0," "," ","0",0," "," ","0",0," "," ","0",0," "," ","0",NA," "," "," "
"540","USC00413787",1953,9,"WT03",NA," "," "," ",NA," "," "," ",1," "," ","0",NA," "," "," ",NA," "," "," ",NA," "," "," ",NA," "," "," ",NA," "," "," ",NA," "," "," ",NA," "," "," ",1," "," ","0",NA," "," "," ",NA," "," "," ",NA," "," "," ",NA," "," "," ",NA," "," "," ",NA," "," "," ",NA," "," "," ",NA," "," "," ",NA," "," "," ",NA," "," "," ",NA," "," "," ",NA," "," "," ",NA," "," "," ",NA," "," "," ",NA," "," "," ",NA," "," "," ",NA," "," "," ",NA," "," "," ",NA," "," "," ",NA," "," "," "
"541","USC00413787",1953,10,"PRCP",0," "," ","0",0," "," ","0",0," "," ","0",0," "," ","0",0," "," ","0",0," "," ","0",0," "," ","0",0," "," ","0",0," "," ","0",0," "," ","0",0," "," ","0",0," "," ","0",0," "," ","0",69," "," ","0",0,"T"," ","0",0," "," ","0",0," "," ","0",0," "," ","0",0," "," ","0",0,"T"," ","0",338," "," ","0",173," "," ","0",0," "," ","0",0," "," ","0",18," "," ","0",0," "," ","0",0," "," ","0",0," "," ","0",0," "," ","0",0," "," ","0",0," "," ","0"
"542","USC00413787",1953,10,"SNOW",0," "," ","0",0," "," ","0",0," "," ","0",0," "," ","0",0," "," ","0",0," "," ","0",0," "," ","0",0," "," ","0",0," "," ","0",0," "," ","0",0," "," ","0",0," "," ","0",0," "," ","0",0," "," ","0",0," "," ","0",0," "," ","0",0," "," ","0",0," "," ","0",0," "," ","0",0," "," ","0",0," "," ","0",0," "," ","0",0," "," ","0",0," "," ","0",0," "," ","0",0," "," ","0",0," "," ","0",0," "," ","0",0," "," ","0",0," "," ","0",0," "," ","0"
"543","USC00413787",1953,10,"SNWD",0," "," ","0",0," "," ","0",0," "," ","0",0," "," ","0",0," "," ","0",0," "," ","0",0," "," ","0",0," "," ","0",0," "," ","0",0," "," ","0",0," "," ","0",0," "," ","0",0," "," ","0",0," "," ","0",0," "," ","0",0," "," ","0",0," "," ","0",0," "," ","0",0," "," ","0",0," "," ","0",0," "," ","0",0," "," ","0",0," "," ","0",0," "," ","0",0," "," ","0",0," "," ","0",0," "," ","0",0," "," ","0",0," "," ","0",0," "," ","0",0," "," ","0"
"544","USC00413787",1953,10,"WT01",NA," "," "," ",NA," "," "," ",NA," "," "," ",NA," "," "," ",NA," "," "," ",NA," "," "," ",NA," "," "," ",NA," "," "," ",NA," "," "," ",NA," "," "," ",NA," "," "," ",NA," "," "," ",NA," "," "," ",NA," "," "," ",1," "," ","0",NA," "," "," ",NA," "," "," ",NA," "," "," ",NA," "," "," ",NA," "," "," ",NA," "," "," ",NA," "," "," ",NA," "," "," ",NA," "," "," ",NA," "," "," ",NA," "," "," ",NA," "," "," ",NA," "," "," ",NA," "," "," ",NA," "," "," ",NA," "," "," "
"545","USC00413787",1953,10,"WT03",NA," "," "," ",NA," "," "," ",NA," "," "," ",NA," "," "," ",NA," "," "," ",NA," "," "," ",NA," "," "," ",NA," "," "," ",NA," "," "," ",NA," "," "," ",NA," "," "," ",NA," "," "," ",NA," "," "," ",1," "," ","0",NA," "," "," ",NA," "," "," ",NA," "," "," ",NA," "," "," ",NA," "," "," ",NA," "," "," ",1," "," ","0",1," "," ","0",NA," "," "," ",NA," "," "," ",1," "," ","0",NA," "," "," ",NA," "," "," ",NA," "," "," ",NA," "," "," ",NA," "," "," ",NA," "," "," "
"546","USC00413787",1953,11,"PRCP",0," "," ","0",0," "," ","0",0," "," ","0",5," "," ","0",97," "," ","0",8," "," ","0",0," "," ","0",0," "," ","0",0," "," ","0",0," "," ","0",0," "," ","0",0," "," ","0",0," "," ","0",0," "," ","0",0," "," ","0",0," "," ","0",0," "," ","0",0," "," ","0",28," "," ","0",0," "," ","0",64," "," ","0",0," "," ","0",0," "," ","0",0," "," ","0",0," "," ","0",0," "," ","0",0," "," ","0",0," "," ","0",0," "," ","0",0," "," ","0",NA," "," "," "
"547","USC00413787",1953,11,"SNOW",0," "," ","0",0," "," ","0",0," "," ","0",0," "," ","0",0," "," ","0",0," "," ","0",0," "," ","0",0," "," ","0",0," "," ","0",0," "," ","0",0," "," ","0",0," "," ","0",0," "," ","0",0," "," ","0",0," "," ","0",0," "," ","0",0," "," ","0",0," "," ","0",0," "," ","0",0," "," ","0",76," "," ","0",0," "," ","0",0," "," ","0",0," "," ","0",0," "," ","0",0," "," ","0",0," "," ","0",0," "," ","0",0," "," ","0",0," "," ","0",NA," "," "," "
"548","USC00413787",1953,11,"SNWD",0," "," ","0",0," "," ","0",0," "," ","0",0," "," ","0",0," "," ","0",0," "," ","0",0," "," ","0",0," "," ","0",0," "," ","0",0," "," ","0",0," "," ","0",0," "," ","0",0," "," ","0",0," "," ","0",0," "," ","0",0," "," ","0",0," "," ","0",0," "," ","0",0," "," ","0",0," "," ","0",NA," "," "," ",NA," "," "," ",0," "," ","0",0," "," ","0",0," "," ","0",0," "," ","0",0," "," ","0",0," "," ","0",0," "," ","0",0," "," ","0",NA," "," "," "
"549","USC00413787",1953,12,"PRCP",0," "," ","0",173," "," ","0",0,"T"," ","0",0," "," ","0",0," "," ","0",0," "," ","0",0," "," ","0",0," "," ","0",0," "," ","0",0," "," ","0",0," "," ","0",0," "," ","0",0," "," ","0",0," "," ","0",0," "," ","0",0," "," ","0",0," "," ","0",0," "," ","0",0," "," ","0",0," "," ","0",0," "," ","0",0," "," ","0",0," "," ","0",0," "," ","0",0," "," ","0",0," "," ","0",0," "," ","0",0," "," ","0",0," "," ","0",0," "," ","0",0," "," ","0"
"550","USC00413787",1953,12,"SNOW",0," "," ","0",NA," "," "," ",0," "," ","0",0," "," ","0",0," "," ","0",0," "," ","0",0," "," ","0",0," "," ","0",0," "," ","0",0," "," ","0",0," "," ","0",0," "," ","0",0," "," ","0",0," "," ","0",0," "," ","0",0," "," ","0",0," "," ","0",0," "," ","0",0," "," ","0",0," "," ","0",0," "," ","0",0," "," ","0",0," "," ","0",0," "," ","0",0," "," ","0",0," "," ","0",0," "," ","0",0," "," ","0",0," "," ","0",0," "," ","0",0," "," ","0"
"551","USC00413787",1953,12,"SNWD",0," "," ","0",76," "," ","0",0," "," ","0",0," "," ","0",0," "," ","0",0," "," ","0",0," "," ","0",0," "," ","0",0," "," ","0",0," "," ","0",0," "," ","0",0," "," ","0",0," "," ","0",0," "," ","0",0," "," ","0",0," "," ","0",0," "," ","0",0," "," ","0",0," "," ","0",0," "," ","0",0," "," ","0",0," "," ","0",0," "," ","0",0," "," ","0",0," "," ","0",0," "," ","0",0," "," ","0",0," "," ","0",0," "," ","0",0," "," ","0",0," "," ","0"
"552","USC00413787",1954,1,"PRCP",0," "," ","0",0," "," ","0",0," "," ","0",0," "," ","0",0," "," ","0",0," "," ","0",0," "," ","0",0," "," ","0",0," "," ","0",48," "," ","0",0," "," ","0",5," "," ","0",0," "," ","0",0," "," ","0",0," "," ","0",0," "," ","0",0," "," ","0",0," "," ","0",0," "," ","0",0," "," ","0",3," "," ","0",0," "," ","0",0," "," ","0",0," "," ","0",0," "," ","0",0," "," ","0",0," "," ","0",0," "," ","0",0," "," ","0",0," "," ","0",0," "," ","0"
"553","USC00413787",1954,1,"SNOW",0," "," ","0",0," "," ","0",0," "," ","0",0," "," ","0",0," "," ","0",0," "," ","0",0," "," ","0",0," "," ","0",0," "," ","0",51," "," ","0",0," "," ","0",20," "," ","0",0," "," ","0",0," "," ","0",0," "," ","0",0," "," ","0",0," "," ","0",0," "," ","0",0," "," ","0",0," "," ","0",13," "," ","0",0," "," ","0",0," "," ","0",0," "," ","0",0," "," ","0",0," "," ","0",0," "," ","0",0," "," ","0",0," "," ","0",0," "," ","0",0," "," ","0"
"554","USC00413787",1954,1,"SNWD",0," "," ","0",0," "," ","0",0," "," ","0",0," "," ","0",0," "," ","0",0," "," ","0",0," "," ","0",0," "," ","0",0," "," ","0",NA," "," "," ",NA," "," "," ",NA," "," "," ",NA," "," "," ",NA," "," "," ",NA," "," "," ",0," "," ","0",0," "," ","0",0," "," ","0",0," "," ","0",0," "," ","0",NA," "," "," ",0," "," ","0",0," "," ","0",0," "," ","0",0," "," ","0",0," "," ","0",0," "," ","0",0," "," ","0",0," "," ","0",0," "," ","0",0," "," ","0"
"555","USC00413787",1954,2,"PRCP",0," "," ","0",0," "," ","0",0," "," ","0",0," "," ","0",0," "," ","0",0," "," ","0",0," "," ","0",0," "," ","0",0," "," ","0",0," "," ","0",0," "," ","0",0," "," ","0",0," "," ","0",0," "," ","0",0," "," ","0",10," "," ","0",0," "," ","0",0," "," ","0",0,"T"," ","0",0," "," ","0",0," "," ","0",0," "," ","0",0," "," ","0",0," "," ","0",0," "," ","0",0," "," ","0",0,"T"," ","0",0," "," ","0",NA," "," "," ",NA," "," "," ",NA," "," "," "
"556","USC00413787",1954,2,"SNOW",0," "," ","0",0," "," ","0",0," "," ","0",0," "," ","0",0," "," ","0",0," "," ","0",0," "," ","0",0," "," ","0",0," "," ","0",0," "," ","0",0," "," ","0",0," "," ","0",0," "," ","0",0," "," ","0",0," "," ","0",0," "," ","0",0," "," ","0",0," "," ","0",0," "," ","0",0," "," ","0",0," "," ","0",0," "," ","0",0," "," ","0",0," "," ","0",0," "," ","0",0," "," ","0",0," "," ","0",0," "," ","0",NA," "," "," ",NA," "," "," ",NA," "," "," "
"557","USC00413787",1954,2,"SNWD",0," "," ","0",0," "," ","0",0," "," ","0",0," "," ","0",0," "," ","0",0," "," ","0",0," "," ","0",0," "," ","0",0," "," ","0",0," "," ","0",0," "," ","0",0," "," ","0",0," "," ","0",0," "," ","0",0," "," ","0",0," "," ","0",0," "," ","0",0," "," ","0",0," "," ","0",0," "," ","0",0," "," ","0",0," "," ","0",0," "," ","0",0," "," ","0",0," "," ","0",0," "," ","0",0," "," ","0",0," "," ","0",NA," "," "," ",NA," "," "," ",NA," "," "," "
"558","USC00413787",1954,2,"WT11",NA," "," "," ",NA," "," "," ",NA," "," "," ",NA," "," "," ",NA," "," "," ",NA," "," "," ",NA," "," "," ",NA," "," "," ",NA," "," "," ",NA," "," "," ",NA," "," "," ",NA," "," "," ",NA," "," "," ",NA," "," "," ",NA," "," "," ",NA," "," "," ",NA," "," "," ",NA," "," "," ",1," "," ","0",NA," "," "," ",NA," "," "," ",NA," "," "," ",NA," "," "," ",NA," "," "," ",NA," "," "," ",NA," "," "," ",NA," "," "," ",NA," "," "," ",NA," "," "," ",NA," "," "," ",NA," "," "," "
"559","USC00413787",1954,3,"PRCP",0," "," ","0",18," "," ","0",0," "," ","0",0," "," ","0",0," "," ","0",0," "," ","0",0," "," ","0",0," "," ","0",0," "," ","0",0," "," ","0",0," "," ","0",0," "," ","0",0," "," ","0",0," "," ","0",0," "," ","0",0," "," ","0",0," "," ","0",0," "," ","0",0," "," ","0",0," "," ","0",0," "," ","0",0," "," ","0",0,"T"," ","0",5," "," ","0",0," "," ","0",0," "," ","0",0," "," ","0",0," "," ","0",0," "," ","0",0," "," ","0",0," "," ","0"
"560","USC00413787",1954,3,"SNOW",0," "," ","0",0," "," ","0",0," "," ","0",0," "," ","0",0," "," ","0",0," "," ","0",0," "," ","0",0," "," ","0",0," "," ","0",0," "," ","0",0," "," ","0",0," "," ","0",0," "," ","0",0," "," ","0",0," "," ","0",0," "," ","0",0," "," ","0",0," "," ","0",0," "," ","0",0," "," ","0",0," "," ","0",0," "," ","0",0," "," ","0",0," "," ","0",0," "," ","0",0," "," ","0",0," "," ","0",0," "," ","0",0," "," ","0",0," "," ","0",0," "," ","0"
"561","USC00413787",1954,3,"SNWD",0," "," ","0",0," "," ","0",0," "," ","0",0," "," ","0",0," "," ","0",0," "," ","0",0," "," ","0",0," "," ","0",0," "," ","0",0," "," ","0",0," "," ","0",0," "," ","0",0," "," ","0",0," "," ","0",0," "," ","0",0," "," ","0",0," "," ","0",0," "," ","0",0," "," ","0",0," "," ","0",0," "," ","0",0," "," ","0",0," "," ","0",0," "," ","0",0," "," ","0",0," "," ","0",0," "," ","0",0," "," ","0",0," "," ","0",0," "," ","0",0," "," ","0"
"562","USC00413787",1954,3,"WT01",NA," "," "," ",NA," "," "," ",NA," "," "," ",NA," "," "," ",NA," "," "," ",NA," "," "," ",NA," "," "," ",NA," "," "," ",NA," "," "," ",NA," "," "," ",NA," "," "," ",NA," "," "," ",NA," "," "," ",NA," "," "," ",NA," "," "," ",NA," "," "," ",NA," "," "," ",NA," "," "," ",NA," "," "," ",NA," "," "," ",NA," "," "," ",NA," "," "," ",1," "," ","0",NA," "," "," ",NA," "," "," ",NA," "," "," ",NA," "," "," ",NA," "," "," ",NA," "," "," ",NA," "," "," ",NA," "," "," "
"563","USC00413787",1954,4,"PRCP",0," "," ","0",0," "," ","0",0," "," ","0",0," "," ","0",0," "," ","0",0," "," ","0",0," "," ","0",0," "," ","0",0," "," ","0",0," "," ","0",102," "," ","0",5," "," ","0",0," "," ","0",0," "," ","0",0," "," ","0",0," "," ","0",0," "," ","0",0," "," ","0",0," "," ","0",0," "," ","0",0," "," ","0",0," "," ","0",0," "," ","0",0," "," ","0",0," "," ","0",0," "," ","0",0," "," ","0",0," "," ","0",0," "," ","0",0," "," ","0",NA," "," "," "
"564","USC00413787",1954,4,"SNOW",0," "," ","0",0," "," ","0",0," "," ","0",0," "," ","0",0," "," ","0",0," "," ","0",0," "," ","0",0," "," ","0",0," "," ","0",0," "," ","0",0," "," ","0",0," "," ","0",0," "," ","0",0," "," ","0",0," "," ","0",0," "," ","0",0," "," ","0",0," "," ","0",0," "," ","0",0," "," ","0",0," "," ","0",0," "," ","0",0," "," ","0",0," "," ","0",0," "," ","0",0," "," ","0",0," "," ","0",0," "," ","0",0," "," ","0",0," "," ","0",NA," "," "," "
"565","USC00413787",1954,4,"SNWD",0," "," ","0",0," "," ","0",0," "," ","0",0," "," ","0",0," "," ","0",0," "," ","0",0," "," ","0",0," "," ","0",0," "," ","0",0," "," ","0",0," "," ","0",0," "," ","0",0," "," ","0",0," "," ","0",0," "," ","0",0," "," ","0",0," "," ","0",0," "," ","0",0," "," ","0",0," "," ","0",0," "," ","0",0," "," ","0",0," "," ","0",0," "," ","0",0," "," ","0",0," "," ","0",0," "," ","0",0," "," ","0",0," "," ","0",0," "," ","0",NA," "," "," "
"566","USC00413787",1954,4,"WT03",NA," "," "," ",NA," "," "," ",NA," "," "," ",NA," "," "," ",NA," "," "," ",NA," "," "," ",NA," "," "," ",NA," "," "," ",NA," "," "," ",NA," "," "," ",1," "," ","0",1," "," ","0",NA," "," "," ",NA," "," "," ",NA," "," "," ",NA," "," "," ",NA," "," "," ",NA," "," "," ",NA," "," "," ",NA," "," "," ",NA," "," "," ",NA," "," "," ",NA," "," "," ",NA," "," "," ",NA," "," "," ",NA," "," "," ",NA," "," "," ",NA," "," "," ",NA," "," "," ",NA," "," "," ",NA," "," "," "
"567","USC00413787",1954,5,"PRCP",36," "," ","0",0," "," ","0",0," "," ","0",0," "," ","0",0," "," ","0",0," "," ","0",0," "," ","0",0," "," ","0",0," "," ","0",112," "," ","0",99," "," ","0",15," "," ","0",0," "," ","0",0," "," ","0",0," "," ","0",137," "," ","0",15," "," ","0",18," "," ","0",0," "," ","0",0," "," ","0",0," "," ","0",0," "," ","0",0," "," ","0",282," "," ","0",97," "," ","0",0," "," ","0",0," "," ","0",0," "," ","0",0," "," ","0",0," "," ","0",0," "," ","0"
"568","USC00413787",1954,5,"SNOW",0," "," ","0",0," "," ","0",0," "," ","0",0," "," ","0",0," "," ","0",0," "," ","0",0," "," ","0",0," "," ","0",0," "," ","0",0," "," ","0",0," "," ","0",0," "," ","0",0," "," ","0",0," "," ","0",0," "," ","0",0," "," ","0",0," "," ","0",0," "," ","0",0," "," ","0",0," "," ","0",0," "," ","0",0," "," ","0",0," "," ","0",0," "," ","0",0," "," ","0",0," "," ","0",0," "," ","0",0," "," ","0",0," "," ","0",0," "," ","0",0," "," ","0"
"569","USC00413787",1954,5,"SNWD",0," "," ","0",0," "," ","0",0," "," ","0",0," "," ","0",0," "," ","0",0," "," ","0",0," "," ","0",0," "," ","0",0," "," ","0",0," "," ","0",0," "," ","0",0," "," ","0",0," "," ","0",0," "," ","0",0," "," ","0",0," "," ","0",0," "," ","0",0," "," ","0",0," "," ","0",0," "," ","0",0," "," ","0",0," "," ","0",0," "," ","0",0," "," ","0",0," "," ","0",0," "," ","0",0," "," ","0",0," "," ","0",0," "," ","0",0," "," ","0",0," "," ","0"
"570","USC00413787",1954,5,"WT03",1," "," ","0",NA," "," "," ",NA," "," "," ",NA," "," "," ",NA," "," "," ",1," "," ","0",NA," "," "," ",NA," "," "," ",1," "," ","0",1," "," ","0",NA," "," "," ",NA," "," "," ",NA," "," "," ",NA," "," "," ",NA," "," "," ",1," "," ","0",1," "," ","0",NA," "," "," ",NA," "," "," ",NA," "," "," ",NA," "," "," ",NA," "," "," ",NA," "," "," ",1," "," ","0",NA," "," "," ",NA," "," "," ",NA," "," "," ",NA," "," "," ",NA," "," "," ",NA," "," "," ",NA," "," "," "
"571","USC00413787",1954,6,"PRCP",0," "," ","0",0," "," ","0",0," "," ","0",0," "," ","0",0," "," ","0",0," "," ","0",0," "," ","0",180," "," ","0",0," "," ","0",0," "," ","0",66," "," ","0",0," "," ","0",0," "," ","0",752," "," ","0",0," "," ","0",0," "," ","0",0," "," ","0",0," "," ","0",0," "," ","0",0," "," ","0",0," "," ","0",0," "," ","0",0," "," ","0",0," "," ","0",0," "," ","0",0," "," ","0",0," "," ","0",0," "," ","0",0," "," ","0",0," "," ","0",NA," "," "," "
"572","USC00413787",1954,6,"SNOW",0," "," ","0",0," "," ","0",0," "," ","0",0," "," ","0",0," "," ","0",0," "," ","0",0," "," ","0",0,"T"," ","0",0," "," ","0",0," "," ","0",0," "," ","0",0," "," ","0",0," "," ","0",0,"T"," ","0",0," "," ","0",0," "," ","0",0," "," ","0",0," "," ","0",0," "," ","0",0," "," ","0",0," "," ","0",0," "," ","0",0," "," ","0",0," "," ","0",0," "," ","0",0," "," ","0",0," "," ","0",0," "," ","0",0," "," ","0",0," "," ","0",NA," "," "," "
"573","USC00413787",1954,6,"SNWD",0," "," ","0",0," "," ","0",0," "," ","0",0," "," ","0",0," "," ","0",0," "," ","0",0," "," ","0",0," "," ","0",0," "," ","0",0," "," ","0",0," "," ","0",0," "," ","0",0," "," ","0",0," "," ","0",0," "," ","0",0," "," ","0",0," "," ","0",0," "," ","0",0," "," ","0",0," "," ","0",0," "," ","0",0," "," ","0",0," "," ","0",0," "," ","0",0," "," ","0",0," "," ","0",0," "," ","0",0," "," ","0",0," "," ","0",0," "," ","0",NA," "," "," "
"574","USC00413787",1954,6,"WT03",NA," "," "," ",NA," "," "," ",NA," "," "," ",NA," "," "," ",NA," "," "," ",NA," "," "," ",NA," "," "," ",1," "," ","0",NA," "," "," ",NA," "," "," ",1," "," ","0",NA," "," "," ",NA," "," "," ",1," "," ","0",NA," "," "," ",NA," "," "," ",NA," "," "," ",NA," "," "," ",NA," "," "," ",NA," "," "," ",NA," "," "," ",NA," "," "," ",NA," "," "," ",NA," "," "," ",NA," "," "," ",NA," "," "," ",NA," "," "," ",NA," "," "," ",NA," "," "," ",NA," "," "," ",NA," "," "," "
"575","USC00413787",1954,6,"WT11",NA," "," "," ",NA," "," "," ",NA," "," "," ",NA," "," "," ",NA," "," "," ",NA," "," "," ",NA," "," "," ",NA," "," "," ",NA," "," "," ",NA," "," "," ",NA," "," "," ",NA," "," "," ",NA," "," "," ",1," "," ","0",NA," "," "," ",NA," "," "," ",NA," "," "," ",NA," "," "," ",NA," "," "," ",NA," "," "," ",NA," "," "," ",NA," "," "," ",NA," "," "," ",NA," "," "," ",NA," "," "," ",NA," "," "," ",NA," "," "," ",NA," "," "," ",NA," "," "," ",NA," "," "," ",NA," "," "," "
"576","USC00413787",1954,7,"PRCP",0," "," ","0",0," "," ","0",0," "," ","0",0," "," ","0",0," "," ","0",178," "," ","0",0," "," ","0",0," "," ","0",0," "," ","0",0," "," ","0",0," "," ","0",0," "," ","0",0," "," ","0",0," "," ","0",0," "," ","0",0," "," ","0",0," "," ","0",8," "," ","0",0," "," ","0",0," "," ","0",0," "," ","0",0," "," ","0",323," "," ","0",0," "," ","0",0," "," ","0",0," "," ","0",0," "," ","0",28," "," ","0",0," "," ","0",0," "," ","0",0," "," ","0"
"577","USC00413787",1954,7,"SNOW",0," "," ","0",0," "," ","0",0," "," ","0",0," "," ","0",0," "," ","0",0," "," ","0",0," "," ","0",0," "," ","0",0," "," ","0",0," "," ","0",0," "," ","0",0," "," ","0",0," "," ","0",0," "," ","0",0," "," ","0",0," "," ","0",0," "," ","0",0," "," ","0",0," "," ","0",0," "," ","0",0," "," ","0",0," "," ","0",0," "," ","0",0," "," ","0",0," "," ","0",0," "," ","0",0," "," ","0",0," "," ","0",0," "," ","0",0," "," ","0",0," "," ","0"
"578","USC00413787",1954,7,"SNWD",0," "," ","0",0," "," ","0",0," "," ","0",0," "," ","0",0," "," ","0",0," "," ","0",0," "," ","0",0," "," ","0",0," "," ","0",0," "," ","0",0," "," ","0",0," "," ","0",0," "," ","0",0," "," ","0",0," "," ","0",0," "," ","0",0," "," ","0",0," "," ","0",0," "," ","0",0," "," ","0",0," "," ","0",0," "," ","0",0," "," ","0",0," "," ","0",0," "," ","0",0," "," ","0",0," "," ","0",0," "," ","0",0," "," ","0",0," "," ","0",0," "," ","0"
"579","USC00413787",1954,7,"WT03",NA," "," "," ",NA," "," "," ",NA," "," "," ",NA," "," "," ",NA," "," "," ",1," "," ","0",1," "," ","0",NA," "," "," ",NA," "," "," ",NA," "," "," ",NA," "," "," ",NA," "," "," ",NA," "," "," ",NA," "," "," ",NA," "," "," ",NA," "," "," ",NA," "," "," ",1," "," ","0",NA," "," "," ",NA," "," "," ",NA," "," "," ",NA," "," "," ",1," "," ","0",NA," "," "," ",NA," "," "," ",NA," "," "," ",NA," "," "," ",1," "," ","0",NA," "," "," ",NA," "," "," ",NA," "," "," "
"580","USC00413787",1954,8,"PRCP",0," "," ","0",15," "," ","0",0," "," ","0",0," "," ","0",0," "," ","0",0," "," ","0",0," "," ","0",0," "," ","0",0," "," ","0",0," "," ","0",0," "," ","0",0," "," ","0",0," "," ","0",5," "," ","0",0," "," ","0",0," "," ","0",0," "," ","0",0," "," ","0",20," "," ","0",0," "," ","0",310," "," ","0",102," "," ","0",8," "," ","0",0," "," ","0",0," "," ","0",0," "," ","0",0," "," ","0",0," "," ","0",0," "," ","0",0," "," ","0",0," "," ","0"
"581","USC00413787",1954,8,"SNOW",0," "," ","0",0," "," ","0",0," "," ","0",0," "," ","0",0," "," ","0",0," "," ","0",0," "," ","0",0," "," ","0",0," "," ","0",0," "," ","0",0," "," ","0",0," "," ","0",0," "," ","0",0," "," ","0",0," "," ","0",0," "," ","0",0," "," ","0",0," "," ","0",0," "," ","0",0," "," ","0",0," "," ","0",0," "," ","0",0," "," ","0",0," "," ","0",0," "," ","0",0," "," ","0",0," "," ","0",0," "," ","0",0," "," ","0",0," "," ","0",0," "," ","0"
"582","USC00413787",1954,8,"SNWD",0," "," ","0",0," "," ","0",0," "," ","0",0," "," ","0",0," "," ","0",0," "," ","0",0," "," ","0",0," "," ","0",0," "," ","0",0," "," ","0",0," "," ","0",0," "," ","0",0," "," ","0",0," "," ","0",0," "," ","0",0," "," ","0",0," "," ","0",0," "," ","0",0," "," ","0",0," "," ","0",0," "," ","0",0," "," ","0",0," "," ","0",0," "," ","0",0," "," ","0",0," "," ","0",0," "," ","0",0," "," ","0",0," "," ","0",0," "," ","0",0," "," ","0"
"583","USC00413787",1954,8,"WT03",NA," "," "," ",1," "," ","0",NA," "," "," ",NA," "," "," ",NA," "," "," ",NA," "," "," ",NA," "," "," ",NA," "," "," ",NA," "," "," ",NA," "," "," ",NA," "," "," ",NA," "," "," ",1," "," ","0",1," "," ","0",NA," "," "," ",NA," "," "," ",NA," "," "," ",NA," "," "," ",1," "," ","0",NA," "," "," ",1," "," ","0",1," "," ","0",NA," "," "," ",NA," "," "," ",NA," "," "," ",NA," "," "," ",NA," "," "," ",NA," "," "," ",NA," "," "," ",NA," "," "," ",NA," "," "," "
"584","USC00413787",1954,9,"PRCP",0," "," ","0",0," "," ","0",0," "," ","0",0," "," ","0",0," "," ","0",23," "," ","0",89," "," ","0",0," "," ","0",0," "," ","0",0," "," ","0",0," "," ","0",0," "," ","0",0," "," ","0",0," "," ","0",0," "," ","0",0," "," ","0",0," "," ","0",0," "," ","0",0," "," ","0",0," "," ","0",0," "," ","0",0," "," ","0",0," "," ","0",0," "," ","0",0," "," ","0",0," "," ","0",28," "," ","0",0," "," ","0",0," "," ","0",0," "," ","0",NA," "," "," "
"585","USC00413787",1954,9,"SNOW",0," "," ","0",0," "," ","0",0," "," ","0",0," "," ","0",0," "," ","0",0," "," ","0",0," "," ","0",0," "," ","0",0," "," ","0",0," "," ","0",0," "," ","0",0," "," ","0",0," "," ","0",0," "," ","0",0," "," ","0",0," "," ","0",0," "," ","0",0," "," ","0",0," "," ","0",0," "," ","0",0," "," ","0",0," "," ","0",0," "," ","0",0," "," ","0",0," "," ","0",0," "," ","0",0,"T"," ","0",0," "," ","0",0," "," ","0",0," "," ","0",NA," "," "," "
"586","USC00413787",1954,9,"SNWD",0," "," ","0",0," "," ","0",0," "," ","0",0," "," ","0",0," "," ","0",0," "," ","0",0," "," ","0",0," "," ","0",0," "," ","0",0," "," ","0",0," "," ","0",0," "," ","0",0," "," ","0",0," "," ","0",0," "," ","0",0," "," ","0",0," "," ","0",0," "," ","0",0," "," ","0",0," "," ","0",0," "," ","0",0," "," ","0",0," "," ","0",0," "," ","0",0," "," ","0",0," "," ","0",0," "," ","0",0," "," ","0",0," "," ","0",0," "," ","0",NA," "," "," "
"587","USC00413787",1954,9,"WT03",NA," "," "," ",NA," "," "," ",NA," "," "," ",NA," "," "," ",NA," "," "," ",1," "," ","0",1," "," ","0",NA," "," "," ",NA," "," "," ",NA," "," "," ",NA," "," "," ",NA," "," "," ",NA," "," "," ",NA," "," "," ",NA," "," "," ",NA," "," "," ",NA," "," "," ",NA," "," "," ",NA," "," "," ",NA," "," "," ",NA," "," "," ",NA," "," "," ",NA," "," "," ",NA," "," "," ",NA," "," "," ",NA," "," "," ",1," "," ","0",NA," "," "," ",NA," "," "," ",NA," "," "," ",NA," "," "," "
"588","USC00413787",1954,10,"PRCP",0," "," ","0",0," "," ","0",0," "," ","0",0," "," ","0",340," "," ","0",175," "," ","0",56," "," ","0",0," "," ","0",0," "," ","0",0," "," ","0",0," "," ","0",0," "," ","0",0," "," ","0",0," "," ","0",0," "," ","0",0," "," ","0",0," "," ","0",0," "," ","0",0," "," ","0",0," "," ","0",0," "," ","0",0," "," ","0",0," "," ","0",0," "," ","0",0," "," ","0",0," "," ","0",0," "," ","0",0," "," ","0",0," "," ","0",0," "," ","0",0," "," ","0"
"589","USC00413787",1954,10,"SNOW",0," "," ","0",0," "," ","0",0," "," ","0",0," "," ","0",0," "," ","0",0," "," ","0",0," "," ","0",0," "," ","0",0," "," ","0",0," "," ","0",0," "," ","0",0," "," ","0",0," "," ","0",0," "," ","0",0," "," ","0",0," "," ","0",0," "," ","0",0," "," ","0",0," "," ","0",0," "," ","0",0," "," ","0",0," "," ","0",0," "," ","0",0," "," ","0",0," "," ","0",0," "," ","0",0," "," ","0",0," "," ","0",0," "," ","0",0," "," ","0",0," "," ","0"
"590","USC00413787",1954,10,"SNWD",0," "," ","0",0," "," ","0",0," "," ","0",0," "," ","0",0," "," ","0",0," "," ","0",0," "," ","0",0," "," ","0",0," "," ","0",0," "," ","0",0," "," ","0",0," "," ","0",0," "," ","0",0," "," ","0",0," "," ","0",0," "," ","0",0," "," ","0",0," "," ","0",0," "," ","0",0," "," ","0",0," "," ","0",0," "," ","0",0," "," ","0",0," "," ","0",0," "," ","0",0," "," ","0",0," "," ","0",0," "," ","0",0," "," ","0",0," "," ","0",0," "," ","0"
"591","USC00413787",1954,10,"WT03",NA," "," "," ",NA," "," "," ",NA," "," "," ",NA," "," "," ",1," "," ","0",NA," "," "," ",NA," "," "," ",NA," "," "," ",NA," "," "," ",NA," "," "," ",NA," "," "," ",NA," "," "," ",NA," "," "," ",NA," "," "," ",NA," "," "," ",NA," "," "," ",NA," "," "," ",NA," "," "," ",NA," "," "," ",NA," "," "," ",NA," "," "," ",NA," "," "," ",NA," "," "," ",NA," "," "," ",NA," "," "," ",NA," "," "," ",NA," "," "," ",NA," "," "," ",NA," "," "," ",NA," "," "," ",NA," "," "," "
"592","USC00413787",1954,11,"PRCP",0," "," ","0",0," "," ","0",0," "," ","0",0," "," ","0",0," "," ","0",0," "," ","0",0," "," ","0",0," "," ","0",0," "," ","0",0," "," ","0",0," "," ","0",0," "," ","0",0," "," ","0",0," "," ","0",0," "," ","0",0," "," ","0",0," "," ","0",0," "," ","0",0," "," ","0",0," "," ","0",0," "," ","0",0," "," ","0",0," "," ","0",0," "," ","0",0," "," ","0",0," "," ","0",0," "," ","0",0," "," ","0",0," "," ","0",0," "," ","0",NA," "," "," "
"593","USC00413787",1954,11,"SNOW",0," "," ","0",0," "," ","0",0," "," ","0",0," "," ","0",0," "," ","0",0," "," ","0",0," "," ","0",0," "," ","0",0," "," ","0",0," "," ","0",0," "," ","0",0," "," ","0",0," "," ","0",0," "," ","0",0," "," ","0",0," "," ","0",0," "," ","0",0," "," ","0",0," "," ","0",0," "," ","0",0," "," ","0",0," "," ","0",0," "," ","0",0," "," ","0",0," "," ","0",0," "," ","0",0," "," ","0",0," "," ","0",0," "," ","0",0," "," ","0",NA," "," "," "
"594","USC00413787",1954,11,"SNWD",0," "," ","0",0," "," ","0",0," "," ","0",0," "," ","0",0," "," ","0",0," "," ","0",0," "," ","0",0," "," ","0",0," "," ","0",0," "," ","0",0," "," ","0",0," "," ","0",0," "," ","0",0," "," ","0",0," "," ","0",0," "," ","0",0," "," ","0",0," "," ","0",0," "," ","0",0," "," ","0",0," "," ","0",0," "," ","0",0," "," ","0",0," "," ","0",0," "," ","0",0," "," ","0",0," "," ","0",0," "," ","0",0," "," ","0",0," "," ","0",NA," "," "," "
"595","USC00413787",1954,12,"PRCP",0," "," ","0",0," "," ","0",0," "," ","0",0," "," ","0",0," "," ","0",0," "," ","0",0," "," ","0",0," "," ","0",0," "," ","0",0," "," ","0",0," "," ","0",0," "," ","0",0," "," ","0",0," "," ","0",0," "," ","0",5," "," ","0",0," "," ","0",0," "," ","0",0," "," ","0",0," "," ","0",0," "," ","0",0," "," ","0",0," "," ","0",0," "," ","0",0," "," ","0",0," "," ","0",0,"T"," ","0",0,"T"," ","0",0," "," ","0",0," "," ","0",0," "," ","0"
"596","USC00413787",1954,12,"SNOW",0," "," ","0",0," "," ","0",0," "," ","0",0," "," ","0",0," "," ","0",0," "," ","0",0," "," ","0",0," "," ","0",0," "," ","0",0," "," ","0",0," "," ","0",0," "," ","0",0," "," ","0",0," "," ","0",0," "," ","0",0," "," ","0",0," "," ","0",0," "," ","0",0," "," ","0",0," "," ","0",0," "," ","0",0," "," ","0",0," "," ","0",0," "," ","0",0," "," ","0",0," "," ","0",0," "," ","0",0," "," ","0",0," "," ","0",0," "," ","0",0," "," ","0"
"597","USC00413787",1954,12,"SNWD",0," "," ","0",0," "," ","0",0," "," ","0",0," "," ","0",0," "," ","0",0," "," ","0",0," "," ","0",0," "," ","0",0," "," ","0",0," "," ","0",0," "," ","0",0," "," ","0",0," "," ","0",0," "," ","0",0," "," ","0",0," "," ","0",0," "," ","0",0," "," ","0",0," "," ","0",0," "," ","0",0," "," ","0",0," "," ","0",0," "," ","0",0," "," ","0",0," "," ","0",0," "," ","0",0," "," ","0",0," "," ","0",0," "," ","0",0," "," ","0",0," "," ","0"
"598","USC00413787",1955,1,"PRCP",0," "," ","0",0," "," ","0",0," "," ","0",0," "," ","0",20," "," ","0",0," "," ","0",0," "," ","0",0," "," ","0",0," "," ","0",0," "," ","0",0," "," ","0",0," "," ","0",0," "," ","0",0," "," ","0",0," "," ","0",0," "," ","0",0,"T"," ","0",0,"T"," ","0",0," "," ","0",0," "," ","0",0," "," ","0",0," "," ","0",0," "," ","0",0," "," ","0",0," "," ","0",0," "," ","0",0," "," ","0",0," "," ","0",0," "," ","0",0," "," ","0",0," "," ","0"
"599","USC00413787",1955,1,"SNOW",0," "," ","0",0," "," ","0",0," "," ","0",0," "," ","0",0," "," ","0",0," "," ","0",0," "," ","0",0," "," ","0",0," "," ","0",0," "," ","0",0," "," ","0",0," "," ","0",0," "," ","0",0," "," ","0",0," "," ","0",0," "," ","0",0," "," ","0",0," "," ","0",0," "," ","0",0," "," ","0",0," "," ","0",0," "," ","0",0," "," ","0",0," "," ","0",0," "," ","0",0," "," ","0",0," "," ","0",0," "," ","0",0," "," ","0",0," "," ","0",0," "," ","0"
"600","USC00413787",1955,1,"SNWD",0," "," ","0",0," "," ","0",0," "," ","0",0," "," ","0",0," "," ","0",0," "," ","0",0," "," ","0",0," "," ","0",0," "," ","0",0," "," ","0",0," "," ","0",0," "," ","0",0," "," ","0",0," "," ","0",0," "," ","0",0," "," ","0",0," "," ","0",0," "," ","0",0," "," ","0",0," "," ","0",0," "," ","0",0," "," ","0",0," "," ","0",0," "," ","0",0," "," ","0",0," "," ","0",0," "," ","0",0," "," ","0",0," "," ","0",0," "," ","0",0," "," ","0"
"601","USC00413787",1955,1,"WT01",NA," "," "," ",NA," "," "," ",NA," "," "," ",1," "," ","0",NA," "," "," ",NA," "," "," ",NA," "," "," ",NA," "," "," ",NA," "," "," ",NA," "," "," ",NA," "," "," ",NA," "," "," ",NA," "," "," ",NA," "," "," ",NA," "," "," ",NA," "," "," ",NA," "," "," ",NA," "," "," ",NA," "," "," ",NA," "," "," ",NA," "," "," ",NA," "," "," ",NA," "," "," ",NA," "," "," ",NA," "," "," ",NA," "," "," ",NA," "," "," ",NA," "," "," ",NA," "," "," ",NA," "," "," ",NA," "," "," "
"602","USC00413787",1955,1,"WT03",NA," "," "," ",NA," "," "," ",NA," "," "," ",NA," "," "," ",1," "," ","0",NA," "," "," ",NA," "," "," ",NA," "," "," ",NA," "," "," ",NA," "," "," ",NA," "," "," ",NA," "," "," ",NA," "," "," ",NA," "," "," ",NA," "," "," ",NA," "," "," ",NA," "," "," ",NA," "," "," ",NA," "," "," ",NA," "," "," ",NA," "," "," ",NA," "," "," ",NA," "," "," ",NA," "," "," ",NA," "," "," ",NA," "," "," ",NA," "," "," ",NA," "," "," ",NA," "," "," ",NA," "," "," ",NA," "," "," "
"603","USC00413787",1955,2,"PRCP",0," "," ","0",0," "," ","0",13," "," ","0",0," "," ","0",0," "," ","0",0," "," ","0",0," "," ","0",0," "," ","0",0," "," ","0",0,"T"," ","0",0," "," ","0",0," "," ","0",0," "," ","0",0," "," ","0",0," "," ","0",0," "," ","0",0," "," ","0",0," "," ","0",0,"T"," ","0",0," "," ","0",0," "," ","0",0," "," ","0",0," "," ","0",0," "," ","0",0," "," ","0",0," "," ","0",0," "," ","0",0," "," ","0",NA," "," "," ",NA," "," "," ",NA," "," "," "
"604","USC00413787",1955,2,"SNOW",0," "," ","0",0," "," ","0",0,"T"," ","0",0," "," ","0",0," "," ","0",0," "," ","0",0," "," ","0",0," "," ","0",0," "," ","0",0," "," ","0",0," "," ","0",0," "," ","0",0," "," ","0",0," "," ","0",0," "," ","0",0," "," ","0",0," "," ","0",0," "," ","0",0," "," ","0",0," "," ","0",0," "," ","0",0," "," ","0",0," "," ","0",0," "," ","0",0," "," ","0",0," "," ","0",0," "," ","0",0," "," ","0",NA," "," "," ",NA," "," "," ",NA," "," "," "
"605","USC00413787",1955,2,"SNWD",0," "," ","0",0," "," ","0",0,"T"," ","0",0,"T"," ","0",0," "," ","0",0," "," ","0",0," "," ","0",0," "," ","0",0," "," ","0",0," "," ","0",0," "," ","0",0," "," ","0",0," "," ","0",0," "," ","0",0," "," ","0",0," "," ","0",0," "," ","0",0," "," ","0",0," "," ","0",0," "," ","0",0," "," ","0",0," "," ","0",0," "," ","0",0," "," ","0",0," "," ","0",0," "," ","0",0," "," ","0",0," "," ","0",NA," "," "," ",NA," "," "," ",NA," "," "," "
"606","USC00413787",1955,2,"WT01",NA," "," "," ",NA," "," "," ",1," "," ","0",NA," "," "," ",NA," "," "," ",NA," "," "," ",NA," "," "," ",NA," "," "," ",NA," "," "," ",NA," "," "," ",NA," "," "," ",NA," "," "," ",NA," "," "," ",NA," "," "," ",NA," "," "," ",NA," "," "," ",NA," "," "," ",NA," "," "," ",NA," "," "," ",NA," "," "," ",NA," "," "," ",NA," "," "," ",NA," "," "," ",NA," "," "," ",NA," "," "," ",NA," "," "," ",NA," "," "," ",NA," "," "," ",NA," "," "," ",NA," "," "," ",NA," "," "," "
"607","USC00413787",1955,2,"WT06",NA," "," "," ",NA," "," "," ",NA," "," "," ",1," "," ","0",NA," "," "," ",NA," "," "," ",NA," "," "," ",NA," "," "," ",NA," "," "," ",NA," "," "," ",NA," "," "," ",NA," "," "," ",NA," "," "," ",NA," "," "," ",NA," "," "," ",NA," "," "," ",NA," "," "," ",NA," "," "," ",NA," "," "," ",NA," "," "," ",NA," "," "," ",NA," "," "," ",NA," "," "," ",NA," "," "," ",NA," "," "," ",NA," "," "," ",NA," "," "," ",NA," "," "," ",NA," "," "," ",NA," "," "," ",NA," "," "," "
"608","USC00413787",1955,3,"PRCP",0," "," ","0",0," "," ","0",0," "," ","0",0," "," ","0",0," "," ","0",0," "," ","0",0," "," ","0",0," "," ","0",0," "," ","0",0," "," ","0",0," "," ","0",0," "," ","0",0," "," ","0",0," "," ","0",0," "," ","0",0," "," ","0",0," "," ","0",0," "," ","0",0," "," ","0",0," "," ","0",0,"T"," ","0",0," "," ","0",0," "," ","0",0," "," ","0",0,"T"," ","0",0," "," ","0",0," "," ","0",0," "," ","0",0," "," ","0",0," "," ","0",132," "," ","0"
"609","USC00413787",1955,3,"SNOW",0," "," ","0",0," "," ","0",0," "," ","0",0," "," ","0",0," "," ","0",0," "," ","0",0," "," ","0",0," "," ","0",0," "," ","0",0," "," ","0",0," "," ","0",0," "," ","0",0," "," ","0",0," "," ","0",0," "," ","0",0," "," ","0",0," "," ","0",0," "," ","0",0," "," ","0",0," "," ","0",0," "," ","0",0," "," ","0",0," "," ","0",0," "," ","0",0," "," ","0",0," "," ","0",0," "," ","0",0," "," ","0",0," "," ","0",0," "," ","0",0," "," ","0"
"610","USC00413787",1955,3,"SNWD",0," "," ","0",0," "," ","0",0," "," ","0",0," "," ","0",0," "," ","0",0," "," ","0",0," "," ","0",0," "," ","0",0," "," ","0",0," "," ","0",0," "," ","0",0," "," ","0",0," "," ","0",0," "," ","0",0," "," ","0",0," "," ","0",0," "," ","0",0," "," ","0",0," "," ","0",0," "," ","0",0," "," ","0",0," "," ","0",0," "," ","0",0," "," ","0",0," "," ","0",0," "," ","0",0," "," ","0",0," "," ","0",0," "," ","0",0," "," ","0",0," "," ","0"
"611","USC00413787",1955,4,"PRCP",0,"T"," ","0",0," "," ","0",0," "," ","0",0," "," ","0",0," "," ","0",0," "," ","0",0," "," ","0",0," "," ","0",20," "," ","0",33," "," ","0",0," "," ","0",185," "," ","0",25," "," ","0",0," "," ","0",0," "," ","0",0," "," ","0",0," "," ","0",0," "," ","0",0," "," ","0",0," "," ","0",0," "," ","0",0," "," ","0",0," "," ","0",0," "," ","0",0," "," ","0",0," "," ","0",0," "," ","0",0," "," ","0",330," "," ","0",79," "," ","0",NA," "," "," "
"612","USC00413787",1955,4,"SNOW",0," "," ","0",0," "," ","0",0," "," ","0",0," "," ","0",0," "," ","0",0," "," ","0",0," "," ","0",0," "," ","0",0," "," ","0",0," "," ","0",0," "," ","0",0," "," ","0",0," "," ","0",0," "," ","0",0," "," ","0",0," "," ","0",0," "," ","0",0," "," ","0",0," "," ","0",0," "," ","0",0," "," ","0",0," "," ","0",0," "," ","0",0," "," ","0",0," "," ","0",0," "," ","0",0," "," ","0",0," "," ","0",0," "," ","0",0," "," ","0",NA," "," "," "
"613","USC00413787",1955,4,"SNWD",0," "," ","0",0," "," ","0",0," "," ","0",0," "," ","0",0," "," ","0",0," "," ","0",0," "," ","0",0," "," ","0",0," "," ","0",0," "," ","0",0," "," ","0",0," "," ","0",0," "," ","0",0," "," ","0",0," "," ","0",0," "," ","0",0," "," ","0",0," "," ","0",0," "," ","0",0," "," ","0",0," "," ","0",0," "," ","0",0," "," ","0",0," "," ","0",0," "," ","0",0," "," ","0",0," "," ","0",0," "," ","0",0," "," ","0",0," "," ","0",NA," "," "," "
"614","USC00413787",1955,4,"WT01",NA," "," "," ",NA," "," "," ",NA," "," "," ",NA," "," "," ",NA," "," "," ",NA," "," "," ",NA," "," "," ",NA," "," "," ",NA," "," "," ",NA," "," "," ",1," "," ","0",NA," "," "," ",NA," "," "," ",NA," "," "," ",NA," "," "," ",NA," "," "," ",NA," "," "," ",NA," "," "," ",NA," "," "," ",NA," "," "," ",NA," "," "," ",NA," "," "," ",NA," "," "," ",NA," "," "," ",NA," "," "," ",NA," "," "," ",NA," "," "," ",NA," "," "," ",NA," "," "," ",NA," "," "," ",NA," "," "," "
"615","USC00413787",1955,4,"WT03",NA," "," "," ",NA," "," "," ",NA," "," "," ",NA," "," "," ",NA," "," "," ",NA," "," "," ",NA," "," "," ",NA," "," "," ",NA," "," "," ",NA," "," "," ",NA," "," "," ",1," "," ","0",NA," "," "," ",NA," "," "," ",NA," "," "," ",NA," "," "," ",NA," "," "," ",NA," "," "," ",NA," "," "," ",NA," "," "," ",NA," "," "," ",NA," "," "," ",NA," "," "," ",NA," "," "," ",NA," "," "," ",NA," "," "," ",NA," "," "," ",NA," "," "," ",1," "," ","0",NA," "," "," ",NA," "," "," "
"616","USC00413787",1955,5,"PRCP",56," "," ","0",36," "," ","0",0," "," ","0",0," "," ","0",0," "," ","0",0," "," ","0",0," "," ","0",0," "," ","0",0," "," ","0",0," "," ","0",0," "," ","0",20," "," ","0",0," "," ","0",0," "," ","0",48," "," ","0",269," "," ","0",0," "," ","0",511," "," ","0",460," "," ","0",140," "," ","0",0," "," ","0",0," "," ","0",0,"T"," ","0",0," "," ","0",0," "," ","0",0," "," ","0",0," "," ","0",0," "," ","0",0," "," ","0",0," "," ","0",0," "," ","0"
"617","USC00413787",1955,5,"SNOW",0," "," ","0",0,"T"," ","0",0," "," ","0",0," "," ","0",0," "," ","0",0," "," ","0",0," "," ","0",0," "," ","0",0," "," ","0",0," "," ","0",0," "," ","0",0," "," ","0",0," "," ","0",0," "," ","0",0," "," ","0",0,"T"," ","0",0," "," ","0",0," "," ","0",0," "," ","0",0," "," ","0",0," "," ","0",0," "," ","0",0," "," ","0",0," "," ","0",0," "," ","0",0," "," ","0",0," "," ","0",0," "," ","0",0," "," ","0",0," "," ","0",0," "," ","0"
"618","USC00413787",1955,5,"SNWD",0," "," ","0",0," "," ","0",0," "," ","0",0," "," ","0",0," "," ","0",0," "," ","0",0," "," ","0",0," "," ","0",0," "," ","0",0," "," ","0",0," "," ","0",0," "," ","0",0," "," ","0",0," "," ","0",0," "," ","0",0," "," ","0",0," "," ","0",0," "," ","0",0," "," ","0",0," "," ","0",0," "," ","0",0," "," ","0",0," "," ","0",0," "," ","0",0," "," ","0",0," "," ","0",0," "," ","0",0," "," ","0",0," "," ","0",0," "," ","0",0," "," ","0"
"619","USC00413787",1955,5,"WT03",1," "," ","0",1," "," ","0",NA," "," "," ",NA," "," "," ",NA," "," "," ",NA," "," "," ",NA," "," "," ",NA," "," "," ",NA," "," "," ",NA," "," "," ",NA," "," "," ",NA," "," "," ",NA," "," "," ",NA," "," "," ",NA," "," "," ",1," "," ","0",NA," "," "," ",NA," "," "," ",NA," "," "," ",NA," "," "," ",NA," "," "," ",NA," "," "," ",1," "," ","0",NA," "," "," ",1," "," ","0",NA," "," "," ",NA," "," "," ",NA," "," "," ",NA," "," "," ",NA," "," "," ",NA," "," "," "
"620","USC00413787",1955,6,"PRCP",0," "," ","0",0," "," ","0",66," "," ","0",0," "," ","0",0," "," ","0",0," "," ","0",0," "," ","0",0," "," ","0",0,"T"," ","0",18," "," ","0",0," "," ","0",0," "," ","0",20," "," ","0",0," "," ","0",0," "," ","0",0," "," ","0",0," "," ","0",0," "," ","0",251," "," ","0",18," "," ","0",0," "," ","0",0," "," ","0",0," "," ","0",0," "," ","0",0," "," ","0",0," "," ","0",46," "," ","0",18," "," ","0",81," "," ","0",0," "," ","0",NA," "," "," "
"621","USC00413787",1955,6,"SNOW",0," "," ","0",0," "," ","0",0," "," ","0",0," "," ","0",0," "," ","0",0," "," ","0",0," "," ","0",0," "," ","0",0," "," ","0",0," "," ","0",0," "," ","0",0," "," ","0",0," "," ","0",0," "," ","0",0," "," ","0",0," "," ","0",0," "," ","0",0," "," ","0",0," "," ","0",0," "," ","0",0," "," ","0",0," "," ","0",0," "," ","0",0," "," ","0",0," "," ","0",0," "," ","0",0," "," ","0",0," "," ","0",0," "," ","0",0," "," ","0",NA," "," "," "
"622","USC00413787",1955,6,"SNWD",0," "," ","0",0," "," ","0",0," "," ","0",0," "," ","0",0," "," ","0",0," "," ","0",0," "," ","0",0," "," ","0",0," "," ","0",0," "," ","0",0," "," ","0",0," "," ","0",0," "," ","0",0," "," ","0",0," "," ","0",0," "," ","0",0," "," ","0",0," "," ","0",0," "," ","0",0," "," ","0",0," "," ","0",0," "," ","0",0," "," ","0",0," "," ","0",0," "," ","0",0," "," ","0",0," "," ","0",0," "," ","0",0," "," ","0",0," "," ","0",NA," "," "," "
"623","USC00413787",1955,6,"WT03",NA," "," "," ",NA," "," "," ",1," "," ","0",NA," "," "," ",NA," "," "," ",NA," "," "," ",NA," "," "," ",NA," "," "," ",1," "," ","0",1," "," ","0",NA," "," "," ",NA," "," "," ",1," "," ","0",NA," "," "," ",NA," "," "," ",NA," "," "," ",NA," "," "," ",NA," "," "," ",1," "," ","0",1," "," ","0",NA," "," "," ",NA," "," "," ",NA," "," "," ",NA," "," "," ",NA," "," "," ",NA," "," "," ",1," "," ","0",1," "," ","0",1," "," ","0",NA," "," "," ",NA," "," "," "
"624","USC00413787",1955,7,"PRCP",0," "," ","0",0," "," ","0",0," "," ","0",0," "," ","0",0," "," ","0",0," "," ","0",0," "," ","0",0," "," ","0",0," "," ","0",0," "," ","0",0," "," ","0",71," "," ","0",0," "," ","0",673," "," ","0",0," "," ","0",38," "," ","0",0," "," ","0",0," "," ","0",0," "," ","0",0," "," ","0",0," "," ","0",0," "," ","0",0," "," ","0",36," "," ","0",0," "," ","0",0," "," ","0",0," "," ","0",0,"T"," ","0",0," "," ","0",0," "," ","0",0," "," ","0"
"625","USC00413787",1955,7,"SNOW",0," "," ","0",0," "," ","0",0," "," ","0",0," "," ","0",0," "," ","0",0," "," ","0",0," "," ","0",0," "," ","0",0," "," ","0",0," "," ","0",0," "," ","0",0," "," ","0",0," "," ","0",0," "," ","0",0," "," ","0",0," "," ","0",0," "," ","0",0," "," ","0",0," "," ","0",0," "," ","0",0," "," ","0",0," "," ","0",0," "," ","0",0," "," ","0",0," "," ","0",0," "," ","0",0," "," ","0",0," "," ","0",0," "," ","0",0," "," ","0",0," "," ","0"
"626","USC00413787",1955,7,"SNWD",0," "," ","0",0," "," ","0",0," "," ","0",0," "," ","0",0," "," ","0",0," "," ","0",0," "," ","0",0," "," ","0",0," "," ","0",0," "," ","0",0," "," ","0",0," "," ","0",0," "," ","0",0," "," ","0",0," "," ","0",0," "," ","0",0," "," ","0",0," "," ","0",0," "," ","0",0," "," ","0",0," "," ","0",0," "," ","0",0," "," ","0",0," "," ","0",0," "," ","0",0," "," ","0",0," "," ","0",0," "," ","0",0," "," ","0",0," "," ","0",0," "," ","0"
"627","USC00413787",1955,7,"WT03",NA," "," "," ",NA," "," "," ",NA," "," "," ",1," "," ","0",NA," "," "," ",NA," "," "," ",NA," "," "," ",NA," "," "," ",NA," "," "," ",NA," "," "," ",NA," "," "," ",1," "," ","0",NA," "," "," ",1," "," ","0",NA," "," "," ",NA," "," "," ",NA," "," "," ",NA," "," "," ",NA," "," "," ",1," "," ","0",NA," "," "," ",NA," "," "," ",NA," "," "," ",1," "," ","0",NA," "," "," ",NA," "," "," ",NA," "," "," ",NA," "," "," ",NA," "," "," ",NA," "," "," ",NA," "," "," "
"628","USC00413787",1955,8,"PRCP",0," "," ","0",0," "," ","0",0," "," ","0",0," "," ","0",8," "," ","0",0," "," ","0",0," "," ","0",457," "," ","0",0," "," ","0",0," "," ","0",0," "," ","0",0," "," ","0",0," "," ","0",0," "," ","0",0," "," ","0",0," "," ","0",0," "," ","0",0," "," ","0",0," "," ","0",0," "," ","0",0," "," ","0",0," "," ","0",0," "," ","0",0," "," ","0",0," "," ","0",0," "," ","0",0," "," ","0",0," "," ","0",0," "," ","0",38," "," ","0",0," "," ","0"
"629","USC00413787",1955,8,"SNOW",0," "," ","0",0," "," ","0",0," "," ","0",0," "," ","0",0," "," ","0",0," "," ","0",0," "," ","0",0," "," ","0",0," "," ","0",0," "," ","0",0," "," ","0",0," "," ","0",0," "," ","0",0," "," ","0",0," "," ","0",0," "," ","0",0," "," ","0",0," "," ","0",0," "," ","0",0," "," ","0",0," "," ","0",0," "," ","0",0," "," ","0",0," "," ","0",0," "," ","0",0," "," ","0",0," "," ","0",0," "," ","0",0," "," ","0",0," "," ","0",0," "," ","0"
"630","USC00413787",1955,8,"SNWD",0," "," ","0",0," "," ","0",0," "," ","0",0," "," ","0",0," "," ","0",0," "," ","0",0," "," ","0",0," "," ","0",0," "," ","0",0," "," ","0",0," "," ","0",0," "," ","0",0," "," ","0",0," "," ","0",0," "," ","0",0," "," ","0",0," "," ","0",0," "," ","0",0," "," ","0",0," "," ","0",0," "," ","0",0," "," ","0",0," "," ","0",0," "," ","0",0," "," ","0",0," "," ","0",0," "," ","0",0," "," ","0",0," "," ","0",0," "," ","0",0," "," ","0"
"631","USC00413787",1955,8,"WT03",NA," "," "," ",NA," "," "," ",NA," "," "," ",NA," "," "," ",1," "," ","0",NA," "," "," ",NA," "," "," ",1," "," ","0",NA," "," "," ",NA," "," "," ",NA," "," "," ",NA," "," "," ",NA," "," "," ",NA," "," "," ",NA," "," "," ",NA," "," "," ",NA," "," "," ",NA," "," "," ",NA," "," "," ",NA," "," "," ",NA," "," "," ",NA," "," "," ",NA," "," "," ",NA," "," "," ",NA," "," "," ",NA," "," "," ",NA," "," "," ",NA," "," "," ",NA," "," "," ",1," "," ","0",NA," "," "," "
"632","USC00413787",1955,9,"PRCP",0," "," ","0",0," "," ","0",0," "," ","0",0," "," ","0",0," "," ","0",0," "," ","0",0," "," ","0",0," "," ","0",0," "," ","0",0," "," ","0",0," "," ","0",0," "," ","0",0," "," ","0",0," "," ","0",0," "," ","0",0," "," ","0",0,"T"," ","0",351," "," ","0",0," "," ","0",0," "," ","0",0," "," ","0",0," "," ","0",38," "," ","0",104," "," ","0",69," "," ","0",23," "," ","0",0," "," ","0",0," "," ","0",0,"T"," ","0",0," "," ","0",NA," "," "," "
"633","USC00413787",1955,9,"SNOW",0," "," ","0",0," "," ","0",0," "," ","0",0," "," ","0",0," "," ","0",0," "," ","0",0," "," ","0",0," "," ","0",0," "," ","0",0," "," ","0",0," "," ","0",0," "," ","0",0," "," ","0",0," "," ","0",0," "," ","0",0," "," ","0",0," "," ","0",0," "," ","0",0," "," ","0",0," "," ","0",0," "," ","0",0," "," ","0",0," "," ","0",0," "," ","0",0," "," ","0",0," "," ","0",0," "," ","0",0," "," ","0",0," "," ","0",0," "," ","0",NA," "," "," "
"634","USC00413787",1955,9,"SNWD",0," "," ","0",0," "," ","0",0," "," ","0",0," "," ","0",0," "," ","0",0," "," ","0",0," "," ","0",0," "," ","0",0," "," ","0",0," "," ","0",0," "," ","0",0," "," ","0",0," "," ","0",0," "," ","0",0," "," ","0",0," "," ","0",0," "," ","0",0," "," ","0",0," "," ","0",0," "," ","0",0," "," ","0",0," "," ","0",0," "," ","0",0," "," ","0",0," "," ","0",0," "," ","0",0," "," ","0",0," "," ","0",0," "," ","0",0," "," ","0",NA," "," "," "
"635","USC00413787",1955,9,"WT03",NA," "," "," ",NA," "," "," ",NA," "," "," ",NA," "," "," ",NA," "," "," ",NA," "," "," ",NA," "," "," ",NA," "," "," ",NA," "," "," ",NA," "," "," ",NA," "," "," ",NA," "," "," ",NA," "," "," ",NA," "," "," ",NA," "," "," ",NA," "," "," ",1," "," ","0",NA," "," "," ",NA," "," "," ",NA," "," "," ",NA," "," "," ",NA," "," "," ",1," "," ","0",1," "," ","0",NA," "," "," ",NA," "," "," ",NA," "," "," ",NA," "," "," ",NA," "," "," ",NA," "," "," ",NA," "," "," "
"636","USC00413787",1955,10,"PRCP",0," "," ","0",0," "," ","0",0," "," ","0",0," "," ","0",0," "," ","0",0," "," ","0",0," "," ","0",0," "," ","0",0," "," ","0",0," "," ","0",0," "," ","0",0," "," ","0",0," "," ","0",0," "," ","0",0," "," ","0",0," "," ","0",0," "," ","0",0," "," ","0",0," "," ","0",0," "," ","0",0," "," ","0",0," "," ","0",0," "," ","0",0," "," ","0",0," "," ","0",0," "," ","0",0," "," ","0",10," "," ","0",0," "," ","0",0," "," ","0",0," "," ","0"
"637","USC00413787",1955,10,"SNOW",0," "," ","0",0," "," ","0",0," "," ","0",0," "," ","0",0," "," ","0",0," "," ","0",0," "," ","0",0," "," ","0",0," "," ","0",0," "," ","0",0," "," ","0",0," "," ","0",0," "," ","0",0," "," ","0",0," "," ","0",0," "," ","0",0," "," ","0",0," "," ","0",0," "," ","0",0," "," ","0",0," "," ","0",0," "," ","0",0," "," ","0",0," "," ","0",0," "," ","0",0," "," ","0",0," "," ","0",0," "," ","0",0," "," ","0",0," "," ","0",0," "," ","0"
"638","USC00413787",1955,10,"SNWD",0," "," ","0",0," "," ","0",0," "," ","0",0," "," ","0",0," "," ","0",0," "," ","0",0," "," ","0",0," "," ","0",0," "," ","0",0," "," ","0",0," "," ","0",0," "," ","0",0," "," ","0",0," "," ","0",0," "," ","0",0," "," ","0",0," "," ","0",0," "," ","0",0," "," ","0",0," "," ","0",0," "," ","0",0," "," ","0",0," "," ","0",0," "," ","0",0," "," ","0",0," "," ","0",0," "," ","0",0," "," ","0",0," "," ","0",0," "," ","0",0," "," ","0"
"639","USC00413787",1955,11,"PRCP",0," "," ","0",0," "," ","0",0," "," ","0",0," "," ","0",0," "," ","0",0,"T"," ","0",10," "," ","0",0," "," ","0",0," "," ","0",0," "," ","0",0," "," ","0",0," "," ","0",0," "," ","0",0," "," ","0",0,"T"," ","0",0," "," ","0",0," "," ","0",0," "," ","0",0," "," ","0",0," "," ","0",0," "," ","0",0," "," ","0",0," "," ","0",0," "," ","0",0," "," ","0",0," "," ","0",0," "," ","0",0," "," ","0",0," "," ","0",0," "," ","0",NA," "," "," "
"640","USC00413787",1955,11,"SNOW",0," "," ","0",0," "," ","0",0," "," ","0",0," "," ","0",0," "," ","0",0," "," ","0",13," "," ","0",0," "," ","0",0," "," ","0",0," "," ","0",0," "," ","0",0," "," ","0",0," "," ","0",0," "," ","0",0,"T"," ","0",0," "," ","0",0," "," ","0",0," "," ","0",0," "," ","0",0," "," ","0",0," "," ","0",0," "," ","0",0," "," ","0",0," "," ","0",0," "," ","0",0," "," ","0",0," "," ","0",0," "," ","0",0," "," ","0",0," "," ","0",NA," "," "," "
"641","USC00413787",1955,11,"SNWD",0," "," ","0",0," "," ","0",0," "," ","0",0," "," ","0",0," "," ","0",0," "," ","0",25," "," ","0",0," "," ","0",0," "," ","0",0," "," ","0",0," "," ","0",0," "," ","0",0," "," ","0",0," "," ","0",0," "," ","0",0," "," ","0",0," "," ","0",0," "," ","0",0," "," ","0",0," "," ","0",0," "," ","0",0," "," ","0",0," "," ","0",0," "," ","0",0," "," ","0",0," "," ","0",0," "," ","0",0," "," ","0",0," "," ","0",0," "," ","0",NA," "," "," "
"642","USC00413787",1955,12,"PRCP",0," "," ","0",0," "," ","0",0," "," ","0",0," "," ","0",0," "," ","0",0," "," ","0",0," "," ","0",0," "," ","0",0," "," ","0",0," "," ","0",0," "," ","0",0," "," ","0",0," "," ","0",0," "," ","0",0," "," ","0",0," "," ","0",0," "," ","0",0," "," ","0",0," "," ","0",0," "," ","0",0," "," ","0",0," "," ","0",0," "," ","0",0," "," ","0",0," "," ","0",0," "," ","0",0," "," ","0",0," "," ","0",0," "," ","0",0," "," ","0",0," "," ","0"
"643","USC00413787",1955,12,"SNOW",0," "," ","0",0," "," ","0",0," "," ","0",0," "," ","0",0," "," ","0",0," "," ","0",0," "," ","0",0," "," ","0",0," "," ","0",0," "," ","0",0," "," ","0",0," "," ","0",0," "," ","0",0," "," ","0",0," "," ","0",0," "," ","0",0," "," ","0",0," "," ","0",0," "," ","0",0," "," ","0",0," "," ","0",0," "," ","0",0," "," ","0",0," "," ","0",0," "," ","0",0," "," ","0",0," "," ","0",0," "," ","0",0," "," ","0",0," "," ","0",0," "," ","0"
"644","USC00413787",1955,12,"SNWD",0," "," ","0",0," "," ","0",0," "," ","0",0," "," ","0",0," "," ","0",0," "," ","0",0," "," ","0",0," "," ","0",0," "," ","0",0," "," ","0",0," "," ","0",0," "," ","0",0," "," ","0",0," "," ","0",0," "," ","0",0," "," ","0",0," "," ","0",0," "," ","0",0," "," ","0",0," "," ","0",0," "," ","0",0," "," ","0",0," "," ","0",0," "," ","0",0," "," ","0",0," "," ","0",0," "," ","0",0," "," ","0",0," "," ","0",0," "," ","0",0," "," ","0"
"645","USC00413787",1956,1,"PRCP",0," "," ","0",0," "," ","0",0," "," ","0",0," "," ","0",0," "," ","0",0," "," ","0",0," "," ","0",0," "," ","0",0," "," ","0",0," "," ","0",0," "," ","0",0," "," ","0",0," "," ","0",0," "," ","0",0," "," ","0",0," "," ","0",15," "," ","0",0," "," ","0",0," "," ","0",0," "," ","0",8," "," ","0",3," "," ","0",0,"T"," ","0",0,"T"," ","0",0," "," ","0",0," "," ","0",0," "," ","0",0," "," ","0",3," "," ","0",0," "," ","0",0," "," ","0"
"646","USC00413787",1956,1,"SNOW",0," "," ","0",0," "," ","0",0," "," ","0",0," "," ","0",0," "," ","0",0," "," ","0",0," "," ","0",0," "," ","0",0," "," ","0",0," "," ","0",0," "," ","0",0," "," ","0",0," "," ","0",0," "," ","0",0," "," ","0",0," "," ","0",38," "," ","0",0," "," ","0",0," "," ","0",0," "," ","0",13," "," ","0",0," "," ","0",0," "," ","0",0," "," ","0",0," "," ","0",0," "," ","0",0," "," ","0",0," "," ","0",13," "," ","0",0," "," ","0",0," "," ","0"
"647","USC00413787",1956,1,"SNWD",0," "," ","0",0," "," ","0",0," "," ","0",0," "," ","0",0," "," ","0",0," "," ","0",0," "," ","0",0," "," ","0",0," "," ","0",0," "," ","0",0," "," ","0",0," "," ","0",0," "," ","0",0," "," ","0",0," "," ","0",0," "," ","0",51," "," ","0",0," "," ","0",0," "," ","0",0," "," ","0",0," "," ","0",0,"T"," ","0",0,"T"," ","0",0," "," ","0",0," "," ","0",0," "," ","0",0," "," ","0",0," "," ","0",25," "," ","0",0," "," ","0",0," "," ","0"
"648","USC00413787",1956,1,"WT01",NA," "," "," ",NA," "," "," ",NA," "," "," ",NA," "," "," ",NA," "," "," ",NA," "," "," ",NA," "," "," ",NA," "," "," ",NA," "," "," ",NA," "," "," ",NA," "," "," ",NA," "," "," ",NA," "," "," ",NA," "," "," ",NA," "," "," ",NA," "," "," ",NA," "," "," ",NA," "," "," ",NA," "," "," ",NA," "," "," ",NA," "," "," ",NA," "," "," ",1," "," ","0",NA," "," "," ",NA," "," "," ",NA," "," "," ",NA," "," "," ",NA," "," "," ",NA," "," "," ",NA," "," "," ",NA," "," "," "
"649","USC00413787",1956,1,"WT06",NA," "," "," ",NA," "," "," ",NA," "," "," ",NA," "," "," ",NA," "," "," ",NA," "," "," ",NA," "," "," ",NA," "," "," ",NA," "," "," ",NA," "," "," ",NA," "," "," ",NA," "," "," ",NA," "," "," ",NA," "," "," ",NA," "," "," ",NA," "," "," ",NA," "," "," ",NA," "," "," ",NA," "," "," ",NA," "," "," ",NA," "," "," ",1," "," ","0",NA," "," "," ",NA," "," "," ",NA," "," "," ",NA," "," "," ",NA," "," "," ",NA," "," "," ",NA," "," "," ",NA," "," "," ",NA," "," "," "
"650","USC00413787",1956,2,"PRCP",10," "," ","0",0,"T"," ","0",0," "," ","0",15," "," ","0",43," "," ","0",0," "," ","0",0," "," ","0",3," "," ","0",0," "," ","0",0," "," ","0",0," "," ","0",0," "," ","0",0," "," ","0",0," "," ","0",0," "," ","0",0," "," ","0",0," "," ","0",0," "," ","0",0," "," ","0",0," "," ","0",0," "," ","0",0," "," ","0",0," "," ","0",0," "," ","0",0," "," ","0",0," "," ","0",0," "," ","0",0," "," ","0",0," "," ","0",NA," "," "," ",NA," "," "," "
"651","USC00413787",1956,2,"SNOW",NA," "," "," ",NA," "," "," ",0," "," ","0",NA," "," "," ",NA," "," "," ",0," "," ","0",0," "," ","0",NA," "," "," ",0," "," ","0",0," "," ","0",0," "," ","0",0," "," ","0",0," "," ","0",0," "," ","0",0," "," ","0",0," "," ","0",0," "," ","0",0," "," ","0",0," "," ","0",0," "," ","0",0," "," ","0",0," "," ","0",0," "," ","0",0," "," ","0",0," "," ","0",0," "," ","0",0," "," ","0",0," "," ","0",0," "," ","0",NA," "," "," ",NA," "," "," "
"652","USC00413787",1956,2,"SNWD",51," "," ","0",0,"T"," ","0",0,"T"," ","0",51," "," ","0",102," "," ","0",51," "," ","0",0,"T"," ","0",25," "," ","0",0,"T"," ","0",0," "," ","0",0," "," ","0",0," "," ","0",0," "," ","0",0," "," ","0",0," "," ","0",0," "," ","0",0," "," ","0",0," "," ","0",0," "," ","0",0," "," ","0",0," "," ","0",0," "," ","0",0," "," ","0",0," "," ","0",0," "," ","0",0," "," ","0",0," "," ","0",0," "," ","0",0," "," ","0",NA," "," "," ",NA," "," "," "
"653","USC00413787",1956,2,"WT01",NA," "," "," ",NA," "," "," ",NA," "," "," ",NA," "," "," ",NA," "," "," ",NA," "," "," ",NA," "," "," ",NA," "," "," ",NA," "," "," ",NA," "," "," ",NA," "," "," ",NA," "," "," ",NA," "," "," ",1," "," ","0",NA," "," "," ",NA," "," "," ",1," "," ","0",NA," "," "," ",NA," "," "," ",NA," "," "," ",NA," "," "," ",NA," "," "," ",NA," "," "," ",NA," "," "," ",NA," "," "," ",NA," "," "," ",NA," "," "," ",NA," "," "," ",NA," "," "," ",NA," "," "," ",NA," "," "," "
"654","USC00413787",1956,3,"PRCP",0," "," ","0",0," "," ","0",0," "," ","0",0," "," ","0",0," "," ","0",0," "," ","0",0,"T"," ","0",0," "," ","0",0," "," ","0",0," "," ","0",0," "," ","0",0," "," ","0",0," "," ","0",0," "," ","0",20," "," ","0",0," "," ","0",0," "," ","0",0," "," ","0",0," "," ","0",0," "," ","0",0," "," ","0",0," "," ","0",0," "," ","0",0," "," ","0",0," "," ","0",0," "," ","0",0," "," ","0",0," "," ","0",0," "," ","0",0," "," ","0",0," "," ","0"
"655","USC00413787",1956,3,"SNOW",0," "," ","0",0," "," ","0",0," "," ","0",0," "," ","0",0," "," ","0",0," "," ","0",0," "," ","0",0," "," ","0",0," "," ","0",0," "," ","0",0," "," ","0",0," "," ","0",0," "," ","0",0," "," ","0",13," "," ","0",0," "," ","0",0," "," ","0",0," "," ","0",0," "," ","0",0," "," ","0",0," "," ","0",0," "," ","0",0," "," ","0",0," "," ","0",0," "," ","0",0," "," ","0",0," "," ","0",0," "," ","0",0," "," ","0",0," "," ","0",0," "," ","0"
"656","USC00413787",1956,3,"SNWD",0," "," ","0",0," "," ","0",0," "," ","0",0," "," ","0",0," "," ","0",0," "," ","0",0," "," ","0",0," "," ","0",0," "," ","0",0," "," ","0",0," "," ","0",0," "," ","0",0," "," ","0",0," "," ","0",NA," "," "," ",0," "," ","0",0," "," ","0",0," "," ","0",0," "," ","0",0," "," ","0",0," "," ","0",0," "," ","0",0," "," ","0",0," "," ","0",0," "," ","0",0," "," ","0",0," "," ","0",0," "," ","0",0," "," ","0",0," "," ","0",0," "," ","0"
"657","USC00413787",1956,3,"WT06",NA," "," "," ",NA," "," "," ",NA," "," "," ",NA," "," "," ",NA," "," "," ",NA," "," "," ",NA," "," "," ",NA," "," "," ",NA," "," "," ",NA," "," "," ",NA," "," "," ",NA," "," "," ",NA," "," "," ",NA," "," "," ",1," "," ","0",NA," "," "," ",NA," "," "," ",NA," "," "," ",NA," "," "," ",NA," "," "," ",NA," "," "," ",NA," "," "," ",NA," "," "," ",NA," "," "," ",NA," "," "," ",NA," "," "," ",NA," "," "," ",NA," "," "," ",NA," "," "," ",NA," "," "," ",NA," "," "," "
"658","USC00413787",1956,4,"PRCP",0," "," ","0",0," "," ","0",0," "," ","0",0," "," ","0",0," "," ","0",0," "," ","0",0," "," ","0",0," "," ","0",0,"T"," ","0",0," "," ","0",0," "," ","0",0," "," ","0",0," "," ","0",0," "," ","0",0,"T"," ","0",0," "," ","0",0," "," ","0",0," "," ","0",0," "," ","0",0," "," ","0",0," "," ","0",0," "," ","0",0," "," ","0",0," "," ","0",0," "," ","0",0," "," ","0",0," "," ","0",0," "," ","0",0," "," ","0",0," "," ","0",NA," "," "," "
"659","USC00413787",1956,4,"SNOW",0," "," ","0",0," "," ","0",0," "," ","0",0," "," ","0",0," "," ","0",0," "," ","0",0," "," ","0",0," "," ","0",0," "," ","0",0," "," ","0",0," "," ","0",0," "," ","0",0," "," ","0",0," "," ","0",0," "," ","0",0," "," ","0",0," "," ","0",0," "," ","0",0," "," ","0",0," "," ","0",0," "," ","0",0," "," ","0",0," "," ","0",0," "," ","0",0," "," ","0",0," "," ","0",0," "," ","0",0," "," ","0",0," "," ","0",0," "," ","0",NA," "," "," "
"660","USC00413787",1956,4,"SNWD",0," "," ","0",0," "," ","0",0," "," ","0",0," "," ","0",0," "," ","0",0," "," ","0",0," "," ","0",0," "," ","0",0," "," ","0",0," "," ","0",0," "," ","0",0," "," ","0",0," "," ","0",0," "," ","0",0," "," ","0",0," "," ","0",0," "," ","0",0," "," ","0",0," "," ","0",0," "," ","0",0," "," ","0",0," "," ","0",0," "," ","0",0," "," ","0",0," "," ","0",0," "," ","0",0," "," ","0",0," "," ","0",0," "," ","0",0," "," ","0",NA," "," "," "
"661","USC00413787",1956,4,"WT11",NA," "," "," ",NA," "," "," ",NA," "," "," ",NA," "," "," ",NA," "," "," ",NA," "," "," ",NA," "," "," ",1," "," ","0",NA," "," "," ",NA," "," "," ",NA," "," "," ",NA," "," "," ",NA," "," "," ",NA," "," "," ",NA," "," "," ",NA," "," "," ",NA," "," "," ",NA," "," "," ",NA," "," "," ",NA," "," "," ",NA," "," "," ",NA," "," "," ",NA," "," "," ",NA," "," "," ",NA," "," "," ",NA," "," "," ",NA," "," "," ",NA," "," "," ",NA," "," "," ",NA," "," "," ",NA," "," "," "
"662","USC00413787",1956,5,"PRCP",38," "," ","0",188," "," ","0",0," "," ","0",5," "," ","0",0," "," ","0",0," "," ","0",0," "," ","0",0," "," ","0",0," "," ","0",0," "," ","0",0," "," ","0",0," "," ","0",0," "," ","0",0," "," ","0",0," "," ","0",0," "," ","0",0," "," ","0",0," "," ","0",0," "," ","0",0," "," ","0",0," "," ","0",0," "," ","0",0," "," ","0",30," "," ","0",69," "," ","0",25," "," ","0",97," "," ","0",0," "," ","0",30," "," ","0",0," "," ","0",3," "," ","0"
"663","USC00413787",1956,5,"SNOW",0," "," ","0",0," "," ","0",0," "," ","0",0," "," ","0",0," "," ","0",0," "," ","0",0," "," ","0",0," "," ","0",0," "," ","0",0," "," ","0",0," "," ","0",0," "," ","0",0," "," ","0",0," "," ","0",0," "," ","0",0," "," ","0",0," "," ","0",0," "," ","0",0," "," ","0",0," "," ","0",0," "," ","0",0," "," ","0",0," "," ","0",0," "," ","0",0," "," ","0",0," "," ","0",0," "," ","0",0," "," ","0",0," "," ","0",0," "," ","0",0," "," ","0"
"664","USC00413787",1956,5,"SNWD",0," "," ","0",0," "," ","0",0," "," ","0",0," "," ","0",0," "," ","0",0," "," ","0",0," "," ","0",0," "," ","0",0," "," ","0",0," "," ","0",0," "," ","0",0," "," ","0",0," "," ","0",0," "," ","0",0," "," ","0",0," "," ","0",0," "," ","0",0," "," ","0",0," "," ","0",0," "," ","0",0," "," ","0",0," "," ","0",0," "," ","0",0," "," ","0",0," "," ","0",0," "," ","0",0," "," ","0",0," "," ","0",0," "," ","0",0," "," ","0",0," "," ","0"
"665","USC00413787",1956,5,"WT03",1," "," ","0",1," "," ","0",NA," "," "," ",NA," "," "," ",NA," "," "," ",NA," "," "," ",NA," "," "," ",NA," "," "," ",NA," "," "," ",NA," "," "," ",NA," "," "," ",NA," "," "," ",NA," "," "," ",NA," "," "," ",NA," "," "," ",NA," "," "," ",NA," "," "," ",NA," "," "," ",NA," "," "," ",NA," "," "," ",NA," "," "," ",NA," "," "," ",1," "," ","0",1," "," ","0",1," "," ","0",1," "," ","0",1," "," ","0",NA," "," "," ",1," "," ","0",NA," "," "," ",NA," "," "," "
"666","USC00413787",1956,6,"PRCP",0," "," ","0",0," "," ","0",0," "," ","0",0," "," ","0",117," "," ","0",0," "," ","0",0," "," ","0",25," "," ","0",23," "," ","0",0," "," ","0",0," "," ","0",0," "," ","0",0," "," ","0",0," "," ","0",0," "," ","0",0," "," ","0",0," "," ","0",0," "," ","0",0," "," ","0",0," "," ","0",0," "," ","0",0," "," ","0",81," "," ","0",15," "," ","0",114," "," ","0",0," "," ","0",0," "," ","0",0," "," ","0",0," "," ","0",0," "," ","0",NA," "," "," "
"667","USC00413787",1956,6,"SNOW",0," "," ","0",0," "," ","0",0," "," ","0",0," "," ","0",0," "," ","0",0," "," ","0",0," "," ","0",0," "," ","0",0," "," ","0",0," "," ","0",0," "," ","0",0," "," ","0",0," "," ","0",0," "," ","0",0," "," ","0",0," "," ","0",0," "," ","0",0," "," ","0",0," "," ","0",0," "," ","0",0," "," ","0",0," "," ","0",0," "," ","0",0," "," ","0",0," "," ","0",0," "," ","0",0," "," ","0",0," "," ","0",0," "," ","0",0," "," ","0",NA," "," "," "
"668","USC00413787",1956,6,"SNWD",0," "," ","0",0," "," ","0",0," "," ","0",0," "," ","0",0," "," ","0",0," "," ","0",0," "," ","0",0," "," ","0",0," "," ","0",0," "," ","0",0," "," ","0",0," "," ","0",0," "," ","0",0," "," ","0",0," "," ","0",0," "," ","0",0," "," ","0",0," "," ","0",0," "," ","0",0," "," ","0",0," "," ","0",0," "," ","0",0," "," ","0",0," "," ","0",0," "," ","0",0," "," ","0",0," "," ","0",0," "," ","0",0," "," ","0",0," "," ","0",NA," "," "," "
"669","USC00413787",1956,6,"WT03",NA," "," "," ",NA," "," "," ",NA," "," "," ",NA," "," "," ",1," "," ","0",NA," "," "," ",NA," "," "," ",1," "," ","0",1," "," ","0",NA," "," "," ",NA," "," "," ",NA," "," "," ",NA," "," "," ",NA," "," "," ",NA," "," "," ",NA," "," "," ",NA," "," "," ",NA," "," "," ",NA," "," "," ",NA," "," "," ",NA," "," "," ",NA," "," "," ",1," "," ","0",1," "," ","0",1," "," ","0",NA," "," "," ",NA," "," "," ",NA," "," "," ",NA," "," "," ",NA," "," "," ",NA," "," "," "
"670","USC00413787",1956,7,"PRCP",0," "," ","0",224," "," ","0",28," "," ","0",0,"T"," ","0",18," "," ","0",20," "," ","0",0," "," ","0",0," "," ","0",0," "," ","0",0," "," ","0",0," "," ","0",0," "," ","0",0," "," ","0",356," "," ","0",0," "," ","0",46," "," ","0",216," "," ","0",0," "," ","0",84," "," ","0",76," "," ","0",0," "," ","0",0," "," ","0",51," "," ","0",0," "," ","0",0," "," ","0",0," "," ","0",0," "," ","0",0," "," ","0",0," "," ","0",0," "," ","0",0," "," ","0"
"671","USC00413787",1956,7,"SNOW",0," "," ","0",0," "," ","0",0," "," ","0",0," "," ","0",0," "," ","0",0," "," ","0",0," "," ","0",0," "," ","0",0," "," ","0",0," "," ","0",0," "," ","0",0," "," ","0",0," "," ","0",0," "," ","0",0," "," ","0",0," "," ","0",0," "," ","0",0," "," ","0",0," "," ","0",0," "," ","0",0," "," ","0",0," "," ","0",0," "," ","0",0," "," ","0",0," "," ","0",0," "," ","0",0," "," ","0",0," "," ","0",0," "," ","0",0," "," ","0",0," "," ","0"
"672","USC00413787",1956,7,"SNWD",0," "," ","0",0," "," ","0",0," "," ","0",0," "," ","0",0," "," ","0",0," "," ","0",0," "," ","0",0," "," ","0",0," "," ","0",0," "," ","0",0," "," ","0",0," "," ","0",0," "," ","0",0," "," ","0",0," "," ","0",0," "," ","0",0," "," ","0",0," "," ","0",0," "," ","0",0," "," ","0",0," "," ","0",0," "," ","0",0," "," ","0",0," "," ","0",0," "," ","0",0," "," ","0",0," "," ","0",0," "," ","0",0," "," ","0",0," "," ","0",0," "," ","0"
"673","USC00413787",1956,7,"WT03",NA," "," "," ",1," "," ","0",1," "," ","0",1," "," ","0",1," "," ","0",1," "," ","0",NA," "," "," ",NA," "," "," ",NA," "," "," ",NA," "," "," ",NA," "," "," ",NA," "," "," ",NA," "," "," ",1," "," ","0",NA," "," "," ",1," "," ","0",1," "," ","0",NA," "," "," ",NA," "," "," ",1," "," ","0",NA," "," "," ",NA," "," "," ",1," "," ","0",NA," "," "," ",NA," "," "," ",NA," "," "," ",NA," "," "," ",NA," "," "," ",NA," "," "," ",NA," "," "," ",NA," "," "," "
"674","USC00413787",1956,8,"PRCP",13," "," ","0",8," "," ","0",0," "," ","0",0," "," ","0",0," "," ","0",0," "," ","0",0," "," ","0",0," "," ","0",20," "," ","0",51," "," ","0",0," "," ","0",0," "," ","0",0," "," ","0",0," "," ","0",0," "," ","0",0," "," ","0",0," "," ","0",0," "," ","0",310," "," ","0",0," "," ","0",0," "," ","0",0," "," ","0",0," "," ","0",0," "," ","0",48," "," ","0",0," "," ","0",0," "," ","0",0," "," ","0",0," "," ","0",0," "," ","0",0," "," ","0"
"675","USC00413787",1956,8,"SNOW",0," "," ","0",0," "," ","0",0," "," ","0",0," "," ","0",0," "," ","0",0," "," ","0",0," "," ","0",0," "," ","0",0," "," ","0",0," "," ","0",0," "," ","0",0," "," ","0",0," "," ","0",0," "," ","0",0," "," ","0",0," "," ","0",0," "," ","0",0," "," ","0",0," "," ","0",0," "," ","0",0," "," ","0",0," "," ","0",0," "," ","0",0," "," ","0",0," "," ","0",0," "," ","0",0," "," ","0",0," "," ","0",0," "," ","0",0," "," ","0",0," "," ","0"
"676","USC00413787",1956,8,"SNWD",0," "," ","0",0," "," ","0",0," "," ","0",0," "," ","0",0," "," ","0",0," "," ","0",0," "," ","0",0," "," ","0",0," "," ","0",0," "," ","0",0," "," ","0",0," "," ","0",0," "," ","0",0," "," ","0",0," "," ","0",0," "," ","0",0," "," ","0",0," "," ","0",0," "," ","0",0," "," ","0",0," "," ","0",0," "," ","0",0," "," ","0",0," "," ","0",0," "," ","0",0," "," ","0",0," "," ","0",0," "," ","0",0," "," ","0",0," "," ","0",0," "," ","0"
"677","USC00413787",1956,8,"WT03",1," "," ","0",1," "," ","0",NA," "," "," ",NA," "," "," ",NA," "," "," ",NA," "," "," ",NA," "," "," ",NA," "," "," ",1," "," ","0",1," "," ","0",NA," "," "," ",NA," "," "," ",NA," "," "," ",NA," "," "," ",NA," "," "," ",NA," "," "," ",NA," "," "," ",NA," "," "," ",NA," "," "," ",NA," "," "," ",NA," "," "," ",NA," "," "," ",NA," "," "," ",NA," "," "," ",1," "," ","0",NA," "," "," ",NA," "," "," ",NA," "," "," ",NA," "," "," ",NA," "," "," ",NA," "," "," "
"678","USC00413787",1956,9,"PRCP",0," "," ","0",0," "," ","0",0," "," ","0",0," "," ","0",0," "," ","0",0," "," ","0",0," "," ","0",0," "," ","0",0," "," ","0",0," "," ","0",0," "," ","0",0," "," ","0",0," "," ","0",0," "," ","0",0," "," ","0",0," "," ","0",89," "," ","0",0," "," ","0",0," "," ","0",0," "," ","0",0," "," ","0",0," "," ","0",0," "," ","0",0," "," ","0",0," "," ","0",0," "," ","0",0," "," ","0",0," "," ","0",0," "," ","0",0," "," ","0",NA," "," "," "
"679","USC00413787",1956,9,"SNOW",0," "," ","0",0," "," ","0",0," "," ","0",0," "," ","0",0," "," ","0",0," "," ","0",0," "," ","0",0," "," ","0",0," "," ","0",0," "," ","0",0," "," ","0",0," "," ","0",0," "," ","0",0," "," ","0",0," "," ","0",0," "," ","0",0," "," ","0",0," "," ","0",0," "," ","0",0," "," ","0",0," "," ","0",0," "," ","0",0," "," ","0",0," "," ","0",0," "," ","0",0," "," ","0",0," "," ","0",0," "," ","0",0," "," ","0",0," "," ","0",NA," "," "," "
"680","USC00413787",1956,9,"SNWD",0," "," ","0",0," "," ","0",0," "," ","0",0," "," ","0",0," "," ","0",0," "," ","0",0," "," ","0",0," "," ","0",0," "," ","0",0," "," ","0",0," "," ","0",0," "," ","0",0," "," ","0",0," "," ","0",0," "," ","0",0," "," ","0",0," "," ","0",0," "," ","0",0," "," ","0",0," "," ","0",0," "," ","0",0," "," ","0",0," "," ","0",0," "," ","0",0," "," ","0",0," "," ","0",0," "," ","0",0," "," ","0",0," "," ","0",0," "," ","0",NA," "," "," "
"681","USC00413787",1956,9,"WT03",NA," "," "," ",NA," "," "," ",NA," "," "," ",NA," "," "," ",NA," "," "," ",NA," "," "," ",NA," "," "," ",NA," "," "," ",NA," "," "," ",NA," "," "," ",NA," "," "," ",NA," "," "," ",NA," "," "," ",NA," "," "," ",NA," "," "," ",NA," "," "," ",1," "," ","0",NA," "," "," ",NA," "," "," ",NA," "," "," ",NA," "," "," ",NA," "," "," ",NA," "," "," ",NA," "," "," ",NA," "," "," ",NA," "," "," ",NA," "," "," ",NA," "," "," ",NA," "," "," ",NA," "," "," ",NA," "," "," "
"682","USC00413787",1956,10,"PRCP",0," "," ","0",0," "," ","0",0," "," ","0",0," "," ","0",0," "," ","0",0," "," ","0",0," "," ","0",0," "," ","0",0," "," ","0",0," "," ","0",0," "," ","0",0," "," ","0",0," "," ","0",0," "," ","0",0," "," ","0",0,"T"," ","0",0," "," ","0",0,"T"," ","0",0," "," ","0",15," "," ","0",0," "," ","0",0," "," ","0",0," "," ","0",0," "," ","0",0," "," ","0",0," "," ","0",0," "," ","0",0," "," ","0",0," "," ","0",5," "," ","0",0," "," ","0"
"683","USC00413787",1956,10,"SNOW",0," "," ","0",0," "," ","0",0," "," ","0",0," "," ","0",0," "," ","0",0," "," ","0",0," "," ","0",0," "," ","0",0," "," ","0",0," "," ","0",0," "," ","0",0," "," ","0",0," "," ","0",0," "," ","0",0," "," ","0",0," "," ","0",0," "," ","0",0," "," ","0",0," "," ","0",0," "," ","0",0," "," ","0",0," "," ","0",0," "," ","0",0," "," ","0",0," "," ","0",0," "," ","0",0," "," ","0",0," "," ","0",0," "," ","0",0," "," ","0",0," "," ","0"
"684","USC00413787",1956,10,"SNWD",0," "," ","0",0," "," ","0",0," "," ","0",0," "," ","0",0," "," ","0",0," "," ","0",0," "," ","0",0," "," ","0",0," "," ","0",0," "," ","0",0," "," ","0",0," "," ","0",0," "," ","0",0," "," ","0",0," "," ","0",0," "," ","0",0," "," ","0",0," "," ","0",0," "," ","0",0," "," ","0",0," "," ","0",0," "," ","0",0," "," ","0",0," "," ","0",0," "," ","0",0," "," ","0",0," "," ","0",0," "," ","0",0," "," ","0",0," "," ","0",0," "," ","0"
"685","USC00413787",1956,10,"WT03",NA," "," "," ",NA," "," "," ",NA," "," "," ",NA," "," "," ",NA," "," "," ",NA," "," "," ",NA," "," "," ",NA," "," "," ",NA," "," "," ",NA," "," "," ",NA," "," "," ",NA," "," "," ",NA," "," "," ",NA," "," "," ",NA," "," "," ",1," "," ","0",1," "," ","0",1," "," ","0",NA," "," "," ",1," "," ","0",NA," "," "," ",NA," "," "," ",NA," "," "," ",NA," "," "," ",NA," "," "," ",NA," "," "," ",NA," "," "," ",NA," "," "," ",NA," "," "," ",NA," "," "," ",NA," "," "," "
"686","USC00413787",1956,11,"PRCP",0," "," ","0",0," "," ","0",0," "," ","0",0," "," ","0",0," "," ","0",0," "," ","0",0," "," ","0",0," "," ","0",0," "," ","0",0," "," ","0",0," "," ","0",0," "," ","0",0," "," ","0",0," "," ","0",0," "," ","0",0," "," ","0",0," "," ","0",0," "," ","0",0," "," ","0",0,"T"," ","0",0," "," ","0",0," "," ","0",0," "," ","0",0," "," ","0",0," "," ","0",0," "," ","0",0," "," ","0",0," "," ","0",0," "," ","0",0," "," ","0",NA," "," "," "
"687","USC00413787",1956,11,"SNOW",0," "," ","0",0," "," ","0",0," "," ","0",0," "," ","0",0," "," ","0",0," "," ","0",0," "," ","0",0," "," ","0",0," "," ","0",0," "," ","0",0," "," ","0",0," "," ","0",0," "," ","0",0," "," ","0",0," "," ","0",0," "," ","0",0," "," ","0",0," "," ","0",0," "," ","0",0," "," ","0",0," "," ","0",0," "," ","0",0," "," ","0",0," "," ","0",0," "," ","0",0," "," ","0",0," "," ","0",0," "," ","0",0," "," ","0",0," "," ","0",NA," "," "," "
"688","USC00413787",1956,11,"SNWD",0," "," ","0",0," "," ","0",0," "," ","0",0," "," ","0",0," "," ","0",0," "," ","0",0," "," ","0",0," "," ","0",0," "," ","0",0," "," ","0",0," "," ","0",0," "," ","0",0," "," ","0",0," "," ","0",0," "," ","0",0," "," ","0",0," "," ","0",0," "," ","0",0," "," ","0",0," "," ","0",0," "," ","0",0," "," ","0",0," "," ","0",0," "," ","0",0," "," ","0",0," "," ","0",0," "," ","0",0," "," ","0",0," "," ","0",0," "," ","0",NA," "," "," "
"689","USC00413787",1956,12,"PRCP",0," "," ","0",0," "," ","0",0," "," ","0",0," "," ","0",0," "," ","0",0," "," ","0",0," "," ","0",0," "," ","0",0," "," ","0",0," "," ","0",0," "," ","0",0," "," ","0",0," "," ","0",0," "," ","0",0," "," ","0",0," "," ","0",0," "," ","0",0," "," ","0",0," "," ","0",0," "," ","0",0," "," ","0",0," "," ","0",0,"T"," ","0",0," "," ","0",0," "," ","0",0," "," ","0",0," "," ","0",0," "," ","0",0," "," ","0",0," "," ","0",0," "," ","0"
"690","USC00413787",1956,12,"SNOW",0," "," ","0",0," "," ","0",0," "," ","0",0," "," ","0",0," "," ","0",0," "," ","0",0," "," ","0",0," "," ","0",0," "," ","0",0," "," ","0",0," "," ","0",0," "," ","0",0," "," ","0",0," "," ","0",0," "," ","0",0," "," ","0",0," "," ","0",0," "," ","0",0," "," ","0",0," "," ","0",0," "," ","0",0," "," ","0",0," "," ","0",0," "," ","0",0," "," ","0",0," "," ","0",0," "," ","0",0," "," ","0",0," "," ","0",0," "," ","0",0," "," ","0"
"691","USC00413787",1956,12,"SNWD",0," "," ","0",0," "," ","0",0," "," ","0",0," "," ","0",0," "," ","0",0," "," ","0",0," "," ","0",0," "," ","0",0," "," ","0",0," "," ","0",0," "," ","0",0," "," ","0",0," "," ","0",0," "," ","0",0," "," ","0",0," "," ","0",0," "," ","0",0," "," ","0",0," "," ","0",0," "," ","0",0," "," ","0",0," "," ","0",0," "," ","0",0," "," ","0",0," "," ","0",0," "," ","0",0," "," ","0",0," "," ","0",0," "," ","0",0," "," ","0",0," "," ","0"
"692","USC00413787",1957,1,"PRCP",0," "," ","0",0," "," ","0",0," "," ","0",102," "," ","0",0," "," ","0",0," "," ","0",0," "," ","0",0," "," ","0",0," "," ","0",0," "," ","0",0," "," ","0",0," "," ","0",0," "," ","0",0," "," ","0",0," "," ","0",0,"T"," ","0",0," "," ","0",0," "," ","0",0," "," ","0",0," "," ","0",0," "," ","0",0," "," ","0",0,"T"," ","0",0," "," ","0",0," "," ","0",0," "," ","0",0," "," ","0",0," "," ","0",0," "," ","0",15," "," ","0",0," "," ","0"
"693","USC00413787",1957,1,"SNOW",0," "," ","0",0," "," ","0",0," "," ","0",0," "," ","0",0," "," ","0",0," "," ","0",0," "," ","0",0," "," ","0",0," "," ","0",0," "," ","0",0," "," ","0",0," "," ","0",0," "," ","0",0," "," ","0",0," "," ","0",0," "," ","0",0," "," ","0",0," "," ","0",0," "," ","0",0," "," ","0",0," "," ","0",0," "," ","0",0," "," ","0",0," "," ","0",0," "," ","0",0," "," ","0",0," "," ","0",0," "," ","0",0," "," ","0",25," "," ","0",0," "," ","0"
"694","USC00413787",1957,1,"SNWD",0," "," ","0",0," "," ","0",0," "," ","0",0," "," ","0",0," "," ","0",0," "," ","0",0," "," ","0",0," "," ","0",0," "," ","0",0," "," ","0",0," "," ","0",0," "," ","0",0," "," ","0",0," "," ","0",0," "," ","0",0," "," ","0",0," "," ","0",0," "," ","0",0," "," ","0",0," "," ","0",0," "," ","0",0," "," ","0",0," "," ","0",0," "," ","0",0," "," ","0",0," "," ","0",0," "," ","0",0," "," ","0",0," "," ","0",0," "," ","0",0," "," ","0"
"695","USC00413787",1957,1,"WT01",NA," "," "," ",NA," "," "," ",NA," "," "," ",NA," "," "," ",1," "," ","0",NA," "," "," ",NA," "," "," ",NA," "," "," ",NA," "," "," ",NA," "," "," ",NA," "," "," ",NA," "," "," ",NA," "," "," ",NA," "," "," ",NA," "," "," ",NA," "," "," ",NA," "," "," ",NA," "," "," ",NA," "," "," ",NA," "," "," ",NA," "," "," ",NA," "," "," ",NA," "," "," ",NA," "," "," ",NA," "," "," ",NA," "," "," ",NA," "," "," ",NA," "," "," ",NA," "," "," ",NA," "," "," ",NA," "," "," "
"696","USC00413787",1957,2,"PRCP",0," "," ","0",0," "," ","0",0," "," ","0",0," "," ","0",0," "," ","0",0," "," ","0",0," "," ","0",0," "," ","0",0," "," ","0",0," "," ","0",0," "," ","0",0," "," ","0",0," "," ","0",0," "," ","0",0," "," ","0",0," "," ","0",0," "," ","0",0,"T"," ","0",10," "," ","0",0," "," ","0",0," "," ","0",46," "," ","0",0," "," ","0",0," "," ","0",0," "," ","0",0," "," ","0",0," "," ","0",0," "," ","0",NA," "," "," ",NA," "," "," ",NA," "," "," "
"697","USC00413787",1957,2,"SNOW",0," "," ","0",0," "," ","0",0," "," ","0",0," "," ","0",0," "," ","0",0," "," ","0",0," "," ","0",0," "," ","0",0," "," ","0",0," "," ","0",0," "," ","0",0," "," ","0",0," "," ","0",0," "," ","0",0," "," ","0",0," "," ","0",0," "," ","0",0," "," ","0",0," "," ","0",0," "," ","0",0," "," ","0",0,"T"," ","0",0," "," ","0",0," "," ","0",0," "," ","0",0," "," ","0",0," "," ","0",0," "," ","0",NA," "," "," ",NA," "," "," ",NA," "," "," "
"698","USC00413787",1957,2,"SNWD",0," "," ","0",0," "," ","0",0," "," ","0",0," "," ","0",0," "," ","0",0," "," ","0",0," "," ","0",0," "," ","0",0," "," ","0",0," "," ","0",0," "," ","0",0," "," ","0",0," "," ","0",0," "," ","0",0," "," ","0",0," "," ","0",0," "," ","0",0," "," ","0",0," "," ","0",0," "," ","0",0," "," ","0",0," "," ","0",0," "," ","0",0," "," ","0",0," "," ","0",0," "," ","0",0," "," ","0",0," "," ","0",NA," "," "," ",NA," "," "," ",NA," "," "," "
"699","USC00413787",1957,2,"WT01",NA," "," "," ",NA," "," "," ",NA," "," "," ",NA," "," "," ",1," "," ","0",1," "," ","0",1," "," ","0",NA," "," "," ",NA," "," "," ",NA," "," "," ",NA," "," "," ",NA," "," "," ",NA," "," "," ",NA," "," "," ",NA," "," "," ",NA," "," "," ",NA," "," "," ",NA," "," "," ",NA," "," "," ",1," "," ","0",NA," "," "," ",NA," "," "," ",NA," "," "," ",NA," "," "," ",NA," "," "," ",NA," "," "," ",NA," "," "," ",NA," "," "," ",NA," "," "," ",NA," "," "," ",NA," "," "," "
"700","USC00413787",1957,2,"WT04",NA," "," "," ",NA," "," "," ",NA," "," "," ",NA," "," "," ",NA," "," "," ",NA," "," "," ",NA," "," "," ",NA," "," "," ",NA," "," "," ",NA," "," "," ",NA," "," "," ",NA," "," "," ",NA," "," "," ",NA," "," "," ",NA," "," "," ",NA," "," "," ",NA," "," "," ",NA," "," "," ",NA," "," "," ",NA," "," "," ",NA," "," "," ",1," "," ","0",NA," "," "," ",NA," "," "," ",NA," "," "," ",NA," "," "," ",NA," "," "," ",NA," "," "," ",NA," "," "," ",NA," "," "," ",NA," "," "," "
"701","USC00413787",1957,3,"PRCP",0," "," ","0",140," "," ","0",8," "," ","0",25," "," ","0",0," "," ","0",64," "," ","0",0," "," ","0",0," "," ","0",0," "," ","0",0," "," ","0",0," "," ","0",0," "," ","0",0," "," ","0",0," "," ","0",0," "," ","0",0," "," ","0",0," "," ","0",0," "," ","0",0," "," ","0",254," "," ","0",43," "," ","0",0," "," ","0",76," "," ","0",117," "," ","0",5," "," ","0",0," "," ","0",10," "," ","0",0," "," ","0",0," "," ","0",25," "," ","0",0," "," ","0"
"702","USC00413787",1957,3,"SNOW",0," "," ","0",0," "," ","0",0," "," ","0",0," "," ","0",0," "," ","0",76," "," ","0",0," "," ","0",0," "," ","0",0," "," ","0",0," "," ","0",0," "," ","0",0," "," ","0",0," "," ","0",0," "," ","0",0," "," ","0",0," "," ","0",0," "," ","0",0," "," ","0",0," "," ","0",0," "," ","0",0," "," ","0",0," "," ","0",NA," "," "," ",NA," "," "," ",NA," "," "," ",0," "," ","0",0," "," ","0",0," "," ","0",0," "," ","0",0," "," ","0",0," "," ","0"
"703","USC00413787",1957,3,"SNWD",0," "," ","0",0," "," ","0",0," "," ","0",0," "," ","0",0," "," ","0",51," "," ","0",0," "," ","0",0," "," ","0",0," "," ","0",0," "," ","0",0," "," ","0",0," "," ","0",0," "," ","0",0," "," ","0",0," "," ","0",0," "," ","0",0," "," ","0",0," "," ","0",0," "," ","0",0," "," ","0",0," "," ","0",0," "," ","0",NA," "," "," ",NA," "," "," ",NA," "," "," ",NA," "," "," ",NA," "," "," ",NA," "," "," ",0," "," ","0",0," "," ","0",0," "," ","0"
"704","USC00413787",1957,3,"WT01",NA," "," "," ",NA," "," "," ",1," "," ","0",1," "," ","0",NA," "," "," ",NA," "," "," ",NA," "," "," ",NA," "," "," ",NA," "," "," ",NA," "," "," ",NA," "," "," ",NA," "," "," ",NA," "," "," ",NA," "," "," ",NA," "," "," ",NA," "," "," ",NA," "," "," ",NA," "," "," ",NA," "," "," ",NA," "," "," ",NA," "," "," ",1," "," ","0",NA," "," "," ",NA," "," "," ",NA," "," "," ",NA," "," "," ",NA," "," "," ",NA," "," "," ",NA," "," "," ",NA," "," "," ",NA," "," "," "
"705","USC00413787",1957,4,"PRCP",0," "," ","0",30," "," ","0",46," "," ","0",5," "," ","0",0," "," ","0",0," "," ","0",5," "," ","0",0," "," ","0",0," "," ","0",0," "," ","0",0,"T"," ","0",0,"T"," ","0",0," "," ","0",0," "," ","0",0," "," ","0",0," "," ","0",0," "," ","0",0," "," ","0",0," "," ","0",0," "," ","0",0," "," ","0",137," "," ","0",0," "," ","0",0," "," ","0",0," "," ","0",0," "," ","0",119," "," ","0",284," "," ","0",20," "," ","0",0," "," ","0",NA," "," "," "
"706","USC00413787",1957,4,"SNOW",0," "," ","0",0," "," ","0",0," "," ","0",13," "," ","0",0," "," ","0",0," "," ","0",0," "," ","0",0," "," ","0",0," "," ","0",0," "," ","0",0," "," ","0",0," "," ","0",0," "," ","0",0," "," ","0",0," "," ","0",0," "," ","0",0," "," ","0",0," "," ","0",0," "," ","0",0," "," ","0",0," "," ","0",0," "," ","0",0," "," ","0",0," "," ","0",0," "," ","0",0," "," ","0",0," "," ","0",0," "," ","0",0," "," ","0",0," "," ","0",NA," "," "," "
"707","USC00413787",1957,4,"SNWD",0," "," ","0",0," "," ","0",0," "," ","0",0," "," ","0",0," "," ","0",0," "," ","0",0," "," ","0",0," "," ","0",0," "," ","0",0," "," ","0",0," "," ","0",0," "," ","0",0," "," ","0",0," "," ","0",0," "," ","0",0," "," ","0",0," "," ","0",0," "," ","0",0," "," ","0",0," "," ","0",0," "," ","0",0," "," ","0",0," "," ","0",0," "," ","0",0," "," ","0",0," "," ","0",0," "," ","0",0," "," ","0",0," "," ","0",0," "," ","0",NA," "," "," "
"708","USC00413787",1957,4,"WT01",NA," "," "," ",1," "," ","0",NA," "," "," ",NA," "," "," ",NA," "," "," ",NA," "," "," ",NA," "," "," ",NA," "," "," ",NA," "," "," ",NA," "," "," ",NA," "," "," ",NA," "," "," ",NA," "," "," ",NA," "," "," ",NA," "," "," ",NA," "," "," ",NA," "," "," ",NA," "," "," ",NA," "," "," ",NA," "," "," ",NA," "," "," ",NA," "," "," ",NA," "," "," ",NA," "," "," ",NA," "," "," ",NA," "," "," ",NA," "," "," ",NA," "," "," ",NA," "," "," ",NA," "," "," ",NA," "," "," "
"709","USC00413787",1957,4,"WT03",NA," "," "," ",NA," "," "," ",NA," "," "," ",NA," "," "," ",NA," "," "," ",NA," "," "," ",NA," "," "," ",NA," "," "," ",NA," "," "," ",NA," "," "," ",NA," "," "," ",NA," "," "," ",NA," "," "," ",NA," "," "," ",NA," "," "," ",NA," "," "," ",NA," "," "," ",NA," "," "," ",NA," "," "," ",NA," "," "," ",NA," "," "," ",1," "," ","0",NA," "," "," ",NA," "," "," ",NA," "," "," ",NA," "," "," ",1," "," ","0",1," "," ","0",1," "," ","0",NA," "," "," ",NA," "," "," "
"710","USC00413787",1957,4,"WT06",NA," "," "," ",NA," "," "," ",NA," "," "," ",NA," "," "," ",NA," "," "," ",NA," "," "," ",NA," "," "," ",NA," "," "," ",NA," "," "," ",NA," "," "," ",NA," "," "," ",1," "," ","0",NA," "," "," ",NA," "," "," ",NA," "," "," ",NA," "," "," ",NA," "," "," ",NA," "," "," ",NA," "," "," ",NA," "," "," ",NA," "," "," ",NA," "," "," ",NA," "," "," ",NA," "," "," ",NA," "," "," ",NA," "," "," ",NA," "," "," ",NA," "," "," ",NA," "," "," ",NA," "," "," ",NA," "," "," "
"711","USC00413787",1957,5,"PRCP",254," "," ","0",71," "," ","0",18," "," ","0",8," "," ","0",0," "," ","0",0," "," ","0",0," "," ","0",0," "," ","0",0," "," ","0",0," "," ","0",64," "," ","0",0," "," ","0",8," "," ","0",0," "," ","0",8," "," ","0",264," "," ","0",0," "," ","0",0," "," ","0",0," "," ","0",0," "," ","0",0," "," ","0",36," "," ","0",0," "," ","0",373," "," ","0",0," "," ","0",0," "," ","0",36," "," ","0",30," "," ","0",0," "," ","0",0," "," ","0",112," "," ","0"
"712","USC00413787",1957,5,"SNOW",0," "," ","0",0," "," ","0",0," "," ","0",0," "," ","0",0," "," ","0",0," "," ","0",0," "," ","0",0," "," ","0",0," "," ","0",0," "," ","0",0," "," ","0",0," "," ","0",0," "," ","0",0," "," ","0",0," "," ","0",0," "," ","0",0," "," ","0",0," "," ","0",0," "," ","0",0," "," ","0",0," "," ","0",0," "," ","0",0," "," ","0",0," "," ","0",0," "," ","0",0," "," ","0",0," "," ","0",0," "," ","0",0," "," ","0",0," "," ","0",0," "," ","0"
"713","USC00413787",1957,5,"SNWD",0," "," ","0",0," "," ","0",0," "," ","0",0," "," ","0",0," "," ","0",0," "," ","0",0," "," ","0",0," "," ","0",0," "," ","0",0," "," ","0",0," "," ","0",0," "," ","0",0," "," ","0",0," "," ","0",0," "," ","0",0," "," ","0",0," "," ","0",0," "," ","0",0," "," ","0",0," "," ","0",0," "," ","0",0," "," ","0",0," "," ","0",0," "," ","0",0," "," ","0",0," "," ","0",0," "," ","0",0," "," ","0",0," "," ","0",0," "," ","0",0," "," ","0"
"714","USC00413787",1957,5,"WT03",1," "," ","0",1," "," ","0",1," "," ","0",1," "," ","0",NA," "," "," ",NA," "," "," ",NA," "," "," ",NA," "," "," ",NA," "," "," ",NA," "," "," ",1," "," ","0",NA," "," "," ",1," "," ","0",NA," "," "," ",1," "," ","0",1," "," ","0",NA," "," "," ",NA," "," "," ",NA," "," "," ",NA," "," "," ",NA," "," "," ",1," "," ","0",NA," "," "," ",1," "," ","0",NA," "," "," ",NA," "," "," ",1," "," ","0",1," "," ","0",NA," "," "," ",NA," "," "," ",1," "," ","0"
"715","USC00413787",1957,6,"PRCP",107," "," ","0",0," "," ","0",0," "," ","0",0," "," ","0",0," "," ","0",0," "," ","0",0," "," ","0",0," "," ","0",107," "," ","0",0," "," ","0",0," "," ","0",58," "," ","0",0," "," ","0",0," "," ","0",0,"T"," ","0",0,"T"," ","0",0," "," ","0",0," "," ","0",0," "," ","0",0," "," ","0",0," "," ","0",0," "," ","0",536," "," ","0",0," "," ","0",0," "," ","0",0," "," ","0",0," "," ","0",0," "," ","0",13," "," ","0",206," "," ","0",NA," "," "," "
"716","USC00413787",1957,6,"SNOW",0," "," ","0",0," "," ","0",0," "," ","0",0," "," ","0",0," "," ","0",0," "," ","0",0," "," ","0",0," "," ","0",0," "," ","0",0," "," ","0",0," "," ","0",0," "," ","0",0," "," ","0",0," "," ","0",0," "," ","0",0," "," ","0",0," "," ","0",0," "," ","0",0," "," ","0",0," "," ","0",0," "," ","0",0," "," ","0",0," "," ","0",0," "," ","0",0," "," ","0",0," "," ","0",0," "," ","0",0," "," ","0",0," "," ","0",0," "," ","0",NA," "," "," "
"717","USC00413787",1957,6,"SNWD",0," "," ","0",0," "," ","0",0," "," ","0",0," "," ","0",0," "," ","0",0," "," ","0",0," "," ","0",0," "," ","0",0," "," ","0",0," "," ","0",0," "," ","0",0," "," ","0",0," "," ","0",0," "," ","0",0," "," ","0",0," "," ","0",0," "," ","0",0," "," ","0",0," "," ","0",0," "," ","0",0," "," ","0",0," "," ","0",0," "," ","0",0," "," ","0",0," "," ","0",0," "," ","0",0," "," ","0",0," "," ","0",0," "," ","0",0," "," ","0",NA," "," "," "
"718","USC00413787",1957,6,"WT03",1," "," ","0",NA," "," "," ",NA," "," "," ",NA," "," "," ",NA," "," "," ",NA," "," "," ",NA," "," "," ",NA," "," "," ",1," "," ","0",NA," "," "," ",NA," "," "," ",1," "," ","0",NA," "," "," ",NA," "," "," ",1," "," ","0",1," "," ","0",NA," "," "," ",NA," "," "," ",NA," "," "," ",NA," "," "," ",NA," "," "," ",NA," "," "," ",1," "," ","0",NA," "," "," ",NA," "," "," ",NA," "," "," ",NA," "," "," ",NA," "," "," ",1," "," ","0",NA," "," "," ",NA," "," "," "
"719","USC00413787",1957,6,"WT11",NA," "," "," ",NA," "," "," ",NA," "," "," ",NA," "," "," ",NA," "," "," ",NA," "," "," ",NA," "," "," ",NA," "," "," ",NA," "," "," ",NA," "," "," ",NA," "," "," ",NA," "," "," ",NA," "," "," ",NA," "," "," ",NA," "," "," ",NA," "," "," ",NA," "," "," ",NA," "," "," ",NA," "," "," ",NA," "," "," ",NA," "," "," ",NA," "," "," ",1," "," ","0",NA," "," "," ",NA," "," "," ",NA," "," "," ",NA," "," "," ",NA," "," "," ",NA," "," "," ",NA," "," "," ",NA," "," "," "
"720","USC00413787",1957,7,"PRCP",102," "," ","0",0," "," ","0",0," "," ","0",0," "," ","0",0," "," ","0",0," "," ","0",0," "," ","0",0," "," ","0",0," "," ","0",8," "," ","0",0," "," ","0",0," "," ","0",0," "," ","0",0," "," ","0",0," "," ","0",0," "," ","0",0," "," ","0",20," "," ","0",0," "," ","0",0," "," ","0",0," "," ","0",0," "," ","0",0," "," ","0",0," "," ","0",201," "," ","0",0," "," ","0",0," "," ","0",0,"T"," ","0",0," "," ","0",0," "," ","0",0," "," ","0"
"721","USC00413787",1957,7,"SNOW",0," "," ","0",0," "," ","0",0," "," ","0",0," "," ","0",0," "," ","0",0," "," ","0",0," "," ","0",0," "," ","0",0," "," ","0",0," "," ","0",0," "," ","0",0," "," ","0",0," "," ","0",0," "," ","0",0," "," ","0",0," "," ","0",0," "," ","0",0," "," ","0",0," "," ","0",0," "," ","0",0," "," ","0",0," "," ","0",0," "," ","0",0," "," ","0",0," "," ","0",0," "," ","0",0," "," ","0",0," "," ","0",0," "," ","0",0," "," ","0",0," "," ","0"
"722","USC00413787",1957,7,"SNWD",0," "," ","0",0," "," ","0",0," "," ","0",0," "," ","0",0," "," ","0",0," "," ","0",0," "," ","0",0," "," ","0",0," "," ","0",0," "," ","0",0," "," ","0",0," "," ","0",0," "," ","0",0," "," ","0",0," "," ","0",0," "," ","0",0," "," ","0",0," "," ","0",0," "," ","0",0," "," ","0",0," "," ","0",0," "," ","0",0," "," ","0",0," "," ","0",0," "," ","0",0," "," ","0",0," "," ","0",0," "," ","0",0," "," ","0",0," "," ","0",0," "," ","0"
"723","USC00413787",1957,7,"WT03",1," "," ","0",NA," "," "," ",NA," "," "," ",NA," "," "," ",NA," "," "," ",NA," "," "," ",NA," "," "," ",NA," "," "," ",NA," "," "," ",1," "," ","0",NA," "," "," ",NA," "," "," ",NA," "," "," ",NA," "," "," ",NA," "," "," ",NA," "," "," ",NA," "," "," ",1," "," ","0",NA," "," "," ",NA," "," "," ",NA," "," "," ",NA," "," "," ",NA," "," "," ",NA," "," "," ",1," "," ","0",NA," "," "," ",NA," "," "," ",1," "," ","0",NA," "," "," ",NA," "," "," ",NA," "," "," "
"724","USC00413787",1957,8,"PRCP",0," "," ","0",0," "," ","0",81," "," ","0",356," "," ","0",0," "," ","0",0," "," ","0",0," "," ","0",0," "," ","0",0," "," ","0",0,"T"," ","0",0," "," ","0",0," "," ","0",81," "," ","0",0," "," ","0",0," "," ","0",8," "," ","0",0," "," ","0",0," "," ","0",0," "," ","0",0," "," ","0",0," "," ","0",0," "," ","0",0," "," ","0",0," "," ","0",0," "," ","0",0," "," ","0",0," "," ","0",0," "," ","0",203," "," ","0",0," "," ","0",8," "," ","0"
"725","USC00413787",1957,8,"SNOW",0," "," ","0",0," "," ","0",0," "," ","0",0," "," ","0",0," "," ","0",0," "," ","0",0," "," ","0",0," "," ","0",0," "," ","0",0," "," ","0",0," "," ","0",0," "," ","0",0," "," ","0",0," "," ","0",0," "," ","0",0," "," ","0",0," "," ","0",0," "," ","0",0," "," ","0",0," "," ","0",0," "," ","0",0," "," ","0",0," "," ","0",0," "," ","0",0," "," ","0",0," "," ","0",0," "," ","0",0," "," ","0",0," "," ","0",0," "," ","0",0," "," ","0"
"726","USC00413787",1957,8,"SNWD",0," "," ","0",0," "," ","0",0," "," ","0",0," "," ","0",0," "," ","0",0," "," ","0",0," "," ","0",0," "," ","0",0," "," ","0",0," "," ","0",0," "," ","0",0," "," ","0",0," "," ","0",0," "," ","0",0," "," ","0",0," "," ","0",0," "," ","0",0," "," ","0",0," "," ","0",0," "," ","0",0," "," ","0",0," "," ","0",0," "," ","0",0," "," ","0",0," "," ","0",0," "," ","0",0," "," ","0",0," "," ","0",0," "," ","0",0," "," ","0",0," "," ","0"
"727","USC00413787",1957,8,"WT03",NA," "," "," ",NA," "," "," ",1," "," ","0",1," "," ","0",NA," "," "," ",NA," "," "," ",NA," "," "," ",NA," "," "," ",NA," "," "," ",1," "," ","0",NA," "," "," ",NA," "," "," ",1," "," ","0",NA," "," "," ",NA," "," "," ",NA," "," "," ",NA," "," "," ",NA," "," "," ",NA," "," "," ",NA," "," "," ",NA," "," "," ",NA," "," "," ",NA," "," "," ",NA," "," "," ",NA," "," "," ",NA," "," "," ",NA," "," "," ",NA," "," "," ",1," "," ","0",NA," "," "," ",1," "," ","0"
"728","USC00413787",1957,9,"PRCP",0," "," ","0",0," "," ","0",0," "," ","0",0," "," ","0",0," "," ","0",51," "," ","0",0," "," ","0",0," "," ","0",0," "," ","0",0," "," ","0",25," "," ","0",0," "," ","0",0," "," ","0",102," "," ","0",0," "," ","0",0," "," ","0",0," "," ","0",0," "," ","0",0," "," ","0",0," "," ","0",0," "," ","0",0," "," ","0",0," "," ","0",0," "," ","0",0," "," ","0",0," "," ","0",0," "," ","0",0," "," ","0",0," "," ","0",0," "," ","0",NA," "," "," "
"729","USC00413787",1957,9,"SNOW",0," "," ","0",0," "," ","0",0," "," ","0",0," "," ","0",0," "," ","0",0," "," ","0",0," "," ","0",0," "," ","0",0," "," ","0",0," "," ","0",0," "," ","0",0," "," ","0",0," "," ","0",0," "," ","0",0," "," ","0",0," "," ","0",0," "," ","0",0," "," ","0",0," "," ","0",0," "," ","0",0," "," ","0",0," "," ","0",0," "," ","0",0," "," ","0",0," "," ","0",0," "," ","0",0," "," ","0",0," "," ","0",0," "," ","0",0," "," ","0",NA," "," "," "
"730","USC00413787",1957,9,"SNWD",0," "," ","0",0," "," ","0",0," "," ","0",0," "," ","0",0," "," ","0",0," "," ","0",0," "," ","0",0," "," ","0",0," "," ","0",0," "," ","0",0," "," ","0",0," "," ","0",0," "," ","0",0," "," ","0",0," "," ","0",0," "," ","0",0," "," ","0",0," "," ","0",0," "," ","0",0," "," ","0",0," "," ","0",0," "," ","0",0," "," ","0",0," "," ","0",0," "," ","0",0," "," ","0",0," "," ","0",0," "," ","0",0," "," ","0",0," "," ","0",NA," "," "," "
"731","USC00413787",1957,9,"WT03",NA," "," "," ",NA," "," "," ",NA," "," "," ",NA," "," "," ",NA," "," "," ",1," "," ","0",NA," "," "," ",NA," "," "," ",NA," "," "," ",NA," "," "," ",1," "," ","0",NA," "," "," ",NA," "," "," ",1," "," ","0",NA," "," "," ",NA," "," "," ",NA," "," "," ",NA," "," "," ",NA," "," "," ",NA," "," "," ",NA," "," "," ",NA," "," "," ",NA," "," "," ",NA," "," "," ",NA," "," "," ",NA," "," "," ",NA," "," "," ",NA," "," "," ",NA," "," "," ",NA," "," "," ",NA," "," "," "
"732","USC00413787",1957,10,"PRCP",0," "," ","0",0," "," ","0",0," "," ","0",0," "," ","0",0," "," ","0",0,"T"," ","0",8," "," ","0",0," "," ","0",0," "," ","0",0," "," ","0",0," "," ","0",0,"T"," ","0",168," "," ","0",0," "," ","0",0," "," ","0",0," "," ","0",0," "," ","0",0," "," ","0",0,"T"," ","0",51," "," ","0",0," "," ","0",64," "," ","0",20," "," ","0",0," "," ","0",97," "," ","0",0," "," ","0",0," "," ","0",0," "," ","0",0," "," ","0",0," "," ","0",0," "," ","0"
"733","USC00413787",1957,10,"SNOW",0," "," ","0",0," "," ","0",0," "," ","0",0," "," ","0",0," "," ","0",0," "," ","0",0," "," ","0",0," "," ","0",0," "," ","0",0," "," ","0",0," "," ","0",0," "," ","0",0," "," ","0",0," "," ","0",0," "," ","0",0," "," ","0",0," "," ","0",0," "," ","0",0," "," ","0",0," "," ","0",0," "," ","0",0," "," ","0",0," "," ","0",0," "," ","0",0,"T"," ","0",0," "," ","0",0," "," ","0",0," "," ","0",0," "," ","0",0," "," ","0",0," "," ","0"
"734","USC00413787",1957,10,"SNWD",0," "," ","0",0," "," ","0",0," "," ","0",0," "," ","0",0," "," ","0",0," "," ","0",0," "," ","0",0," "," ","0",0," "," ","0",0," "," ","0",0," "," ","0",0," "," ","0",0," "," ","0",0," "," ","0",0," "," ","0",0," "," ","0",0," "," ","0",0," "," ","0",0," "," ","0",0," "," ","0",0," "," ","0",0," "," ","0",0," "," ","0",0," "," ","0",0," "," ","0",0," "," ","0",0," "," ","0",0," "," ","0",0," "," ","0",0," "," ","0",0," "," ","0"
"735","USC00413787",1957,10,"WT01",NA," "," "," ",NA," "," "," ",NA," "," "," ",NA," "," "," ",NA," "," "," ",NA," "," "," ",1," "," ","0",NA," "," "," ",NA," "," "," ",NA," "," "," ",NA," "," "," ",NA," "," "," ",NA," "," "," ",NA," "," "," ",NA," "," "," ",NA," "," "," ",NA," "," "," ",NA," "," "," ",NA," "," "," ",NA," "," "," ",NA," "," "," ",NA," "," "," ",NA," "," "," ",NA," "," "," ",NA," "," "," ",NA," "," "," ",NA," "," "," ",NA," "," "," ",NA," "," "," ",NA," "," "," ",NA," "," "," "
"736","USC00413787",1957,10,"WT03",NA," "," "," ",NA," "," "," ",NA," "," "," ",NA," "," "," ",NA," "," "," ",NA," "," "," ",NA," "," "," ",NA," "," "," ",NA," "," "," ",NA," "," "," ",NA," "," "," ",NA," "," "," ",NA," "," "," ",NA," "," "," ",NA," "," "," ",NA," "," "," ",NA," "," "," ",NA," "," "," ",NA," "," "," ",NA," "," "," ",NA," "," "," ",NA," "," "," ",1," "," ","0",NA," "," "," ",NA," "," "," ",NA," "," "," ",NA," "," "," ",NA," "," "," ",NA," "," "," ",NA," "," "," ",NA," "," "," "
"737","USC00413787",1957,11,"PRCP",0," "," ","0",0," "," ","0",15," "," ","0",20," "," ","0",48," "," ","0",0," "," ","0",0,"T"," ","0",0," "," ","0",0," "," ","0",0," "," ","0",0," "," ","0",0," "," ","0",0," "," ","0",0," "," ","0",0," "," ","0",0," "," ","0",36," "," ","0",0,"T"," ","0",0," "," ","0",0," "," ","0",23," "," ","0",0," "," ","0",0," "," ","0",0," "," ","0",0," "," ","0",0," "," ","0",0," "," ","0",0," "," ","0",0," "," ","0",0," "," ","0",NA," "," "," "
"738","USC00413787",1957,11,"SNOW",0," "," ","0",0," "," ","0",0," "," ","0",0," "," ","0",0," "," ","0",0," "," ","0",0," "," ","0",0," "," ","0",0," "," ","0",0," "," ","0",0," "," ","0",0," "," ","0",0," "," ","0",0," "," ","0",0," "," ","0",0," "," ","0",13," "," ","0",0," "," ","0",0," "," ","0",0," "," ","0",25," "," ","0",0," "," ","0",0," "," ","0",0," "," ","0",0," "," ","0",0," "," ","0",0," "," ","0",0," "," ","0",0," "," ","0",0," "," ","0",NA," "," "," "
"739","USC00413787",1957,11,"SNWD",0," "," ","0",0," "," ","0",0," "," ","0",0," "," ","0",0," "," ","0",0," "," ","0",0," "," ","0",0," "," ","0",0," "," ","0",0," "," ","0",0," "," ","0",0," "," ","0",0," "," ","0",0," "," ","0",0," "," ","0",0," "," ","0",25," "," ","0",0," "," ","0",0," "," ","0",0," "," ","0",25," "," ","0",0," "," ","0",0," "," ","0",0," "," ","0",0," "," ","0",0," "," ","0",0," "," ","0",0," "," ","0",0," "," ","0",0," "," ","0",NA," "," "," "
"740","USC00413787",1957,12,"PRCP",0," "," ","0",0," "," ","0",0," "," ","0",0," "," ","0",0," "," ","0",0," "," ","0",0," "," ","0",0," "," ","0",0," "," ","0",0," "," ","0",0," "," ","0",0," "," ","0",0," "," ","0",0," "," ","0",0," "," ","0",0," "," ","0",0," "," ","0",0," "," ","0",0," "," ","0",0," "," ","0",0," "," ","0",0," "," ","0",0," "," ","0",0," "," ","0",0," "," ","0",0," "," ","0",0," "," ","0",0," "," ","0",0," "," ","0",0," "," ","0",0," "," ","0"
"741","USC00413787",1957,12,"SNOW",0," "," ","0",0," "," ","0",0," "," ","0",0," "," ","0",0," "," ","0",0," "," ","0",0," "," ","0",0," "," ","0",0," "," ","0",0," "," ","0",0," "," ","0",0," "," ","0",0," "," ","0",0," "," ","0",0," "," ","0",0," "," ","0",0," "," ","0",0," "," ","0",0," "," ","0",0," "," ","0",0," "," ","0",0," "," ","0",0," "," ","0",0," "," ","0",0," "," ","0",0," "," ","0",0," "," ","0",0," "," ","0",0," "," ","0",0," "," ","0",0," "," ","0"
"742","USC00413787",1957,12,"SNWD",0," "," ","0",0," "," ","0",0," "," ","0",0," "," ","0",0," "," ","0",0," "," ","0",0," "," ","0",0," "," ","0",0," "," ","0",0," "," ","0",0," "," ","0",0," "," ","0",0," "," ","0",0," "," ","0",0," "," ","0",0," "," ","0",0," "," ","0",0," "," ","0",0," "," ","0",0," "," ","0",0," "," ","0",0," "," ","0",0," "," ","0",0," "," ","0",0," "," ","0",0," "," ","0",0," "," ","0",0," "," ","0",0," "," ","0",0," "," ","0",0," "," ","0"
"743","USC00413787",1958,1,"PRCP",0," "," ","0",0," "," ","0",0," "," ","0",0,"T"," ","0",0," "," ","0",0," "," ","0",0," "," ","0",0," "," ","0",0," "," ","0",0," "," ","0",0," "," ","0",0," "," ","0",0," "," ","0",0,"T"," ","0",0," "," ","0",0," "," ","0",0," "," ","0",0," "," ","0",0," "," ","0",56," "," ","0",0," "," ","0",0," "," ","0",0," "," ","0",0," "," ","0",0," "," ","0",0," "," ","0",10," "," ","0",79," "," ","0",0," "," ","0",0," "," ","0",0," "," ","0"
"744","USC00413787",1958,1,"SNOW",0," "," ","0",0," "," ","0",0," "," ","0",0," "," ","0",0," "," ","0",0," "," ","0",0," "," ","0",0," "," ","0",0," "," ","0",0," "," ","0",0," "," ","0",0," "," ","0",0," "," ","0",0," "," ","0",0," "," ","0",0," "," ","0",0," "," ","0",0," "," ","0",0," "," ","0",51," "," ","0",0," "," ","0",0," "," ","0",0," "," ","0",0," "," ","0",0," "," ","0",0," "," ","0",0," "," ","0",76," "," ","0",0," "," ","0",0," "," ","0",0," "," ","0"
"745","USC00413787",1958,1,"SNWD",0," "," ","0",0," "," ","0",0," "," ","0",0," "," ","0",0," "," ","0",0," "," ","0",0," "," ","0",0," "," ","0",0," "," ","0",0," "," ","0",0," "," ","0",0," "," ","0",0," "," ","0",0," "," ","0",0," "," ","0",0," "," ","0",0," "," ","0",0," "," ","0",0," "," ","0",51," "," ","0",0," "," ","0",0," "," ","0",0," "," ","0",0," "," ","0",0," "," ","0",0," "," ","0",0," "," ","0",0,"T"," ","0",0," "," ","0",0," "," ","0",0," "," ","0"
"746","USC00413787",1958,2,"PRCP",0," "," ","0",0," "," ","0",0," "," ","0",0," "," ","0",0," "," ","0",18," "," ","0",0," "," ","0",0," "," ","0",0," "," ","0",0,"T"," ","0",89," "," ","0",0," "," ","0",0," "," ","0",0," "," ","0",0," "," ","0",0," "," ","0",0," "," ","0",0," "," ","0",0,"T"," ","0",0," "," ","0",0," "," ","0",0," "," ","0",0," "," ","0",0," "," ","0",0," "," ","0",0,"T"," ","0",0," "," ","0",0," "," ","0",NA," "," "," ",NA," "," "," ",NA," "," "," "
"747","USC00413787",1958,2,"SNOW",0," "," ","0",0," "," ","0",0," "," ","0",0," "," ","0",0," "," ","0",25," "," ","0",0," "," ","0",0," "," ","0",0," "," ","0",0," "," ","0",127," "," ","0",0," "," ","0",0," "," ","0",0," "," ","0",0," "," ","0",0," "," ","0",0," "," ","0",0," "," ","0",0," "," ","0",0," "," ","0",0," "," ","0",0," "," ","0",0," "," ","0",0," "," ","0",0," "," ","0",0," "," ","0",0," "," ","0",0," "," ","0",NA," "," "," ",NA," "," "," ",NA," "," "," "
"748","USC00413787",1958,2,"SNWD",0," "," ","0",0," "," ","0",0," "," ","0",0," "," ","0",0," "," ","0",25," "," ","0",NA," "," "," ",NA," "," "," ",0," "," ","0",0," "," ","0",127," "," ","0",NA," "," "," ",NA," "," "," ",NA," "," "," ",NA," "," "," ",NA," "," "," ",NA," "," "," ",0," "," ","0",0," "," ","0",0," "," ","0",0," "," ","0",0," "," ","0",0," "," ","0",0," "," ","0",0," "," ","0",0," "," ","0",0," "," ","0",0," "," ","0",NA," "," "," ",NA," "," "," ",NA," "," "," "
"749","USC00413787",1958,2,"WT01",NA," "," "," ",NA," "," "," ",NA," "," "," ",NA," "," "," ",NA," "," "," ",NA," "," "," ",NA," "," "," ",NA," "," "," ",NA," "," "," ",NA," "," "," ",NA," "," "," ",NA," "," "," ",NA," "," "," ",NA," "," "," ",NA," "," "," ",NA," "," "," ",NA," "," "," ",NA," "," "," ",1," "," ","0",NA," "," "," ",NA," "," "," ",NA," "," "," ",NA," "," "," ",NA," "," "," ",NA," "," "," ",NA," "," "," ",NA," "," "," ",NA," "," "," ",NA," "," "," ",NA," "," "," ",NA," "," "," "
"750","USC00413787",1958,3,"PRCP",0," "," ","0",0," "," ","0",0," "," ","0",41," "," ","0",0," "," ","0",147," "," ","0",0,"T"," ","0",71," "," ","0",0," "," ","0",0," "," ","0",0,"T"," ","0",51," "," ","0",0," "," ","0",0," "," ","0",0,"T"," ","0",0,"T"," ","0",0,"T"," ","0",0," "," ","0",0," "," ","0",0," "," ","0",0," "," ","0",0,"T"," ","0",0,"T"," ","0",0," "," ","0",0," "," ","0",0," "," ","0",0,"T"," ","0",147," "," ","0",10," "," ","0",0," "," ","0",0," "," ","0"
"751","USC00413787",1958,3,"SNOW",0," "," ","0",0," "," ","0",0," "," ","0",0," "," ","0",0," "," ","0",127," "," ","0",0,"T"," ","0",64," "," ","0",0," "," ","0",0," "," ","0",0," "," ","0",76," "," ","0",0," "," ","0",0," "," ","0",0," "," ","0",0," "," ","0",0," "," ","0",0," "," ","0",0," "," ","0",0," "," ","0",0," "," ","0",0," "," ","0",0," "," ","0",0," "," ","0",0," "," ","0",0," "," ","0",0," "," ","0",0," "," ","0",0," "," ","0",0," "," ","0",0," "," ","0"
"752","USC00413787",1958,3,"SNWD",0," "," ","0",0," "," ","0",0," "," ","0",0," "," ","0",0," "," ","0",NA," "," "," ",NA," "," "," ",NA," "," "," ",NA," "," "," ",NA," "," "," ",NA," "," "," ",NA," "," "," ",NA," "," "," ",NA," "," "," ",NA," "," "," ",NA," "," "," ",NA," "," "," ",0," "," ","0",0," "," ","0",0," "," ","0",0," "," ","0",0," "," ","0",0," "," ","0",0," "," ","0",0," "," ","0",0," "," ","0",0," "," ","0",0," "," ","0",0," "," ","0",0," "," ","0",0," "," ","0"
"753","USC00413787",1958,3,"WT01",NA," "," "," ",NA," "," "," ",NA," "," "," ",NA," "," "," ",NA," "," "," ",NA," "," "," ",NA," "," "," ",NA," "," "," ",NA," "," "," ",NA," "," "," ",NA," "," "," ",NA," "," "," ",NA," "," "," ",NA," "," "," ",1," "," ","0",1," "," ","0",NA," "," "," ",NA," "," "," ",NA," "," "," ",NA," "," "," ",NA," "," "," ",1," "," ","0",1," "," ","0",NA," "," "," ",NA," "," "," ",NA," "," "," ",1," "," ","0",NA," "," "," ",NA," "," "," ",NA," "," "," ",NA," "," "," "
"754","USC00413787",1958,3,"WT03",NA," "," "," ",NA," "," "," ",NA," "," "," ",NA," "," "," ",NA," "," "," ",NA," "," "," ",NA," "," "," ",NA," "," "," ",NA," "," "," ",NA," "," "," ",NA," "," "," ",NA," "," "," ",NA," "," "," ",NA," "," "," ",NA," "," "," ",NA," "," "," ",NA," "," "," ",NA," "," "," ",NA," "," "," ",NA," "," "," ",NA," "," "," ",NA," "," "," ",NA," "," "," ",NA," "," "," ",NA," "," "," ",NA," "," "," ",NA," "," "," ",1," "," ","0",NA," "," "," ",NA," "," "," ",NA," "," "," "
"755","USC00413787",1958,3,"WT06",NA," "," "," ",NA," "," "," ",NA," "," "," ",NA," "," "," ",NA," "," "," ",NA," "," "," ",NA," "," "," ",NA," "," "," ",NA," "," "," ",NA," "," "," ",NA," "," "," ",NA," "," "," ",NA," "," "," ",NA," "," "," ",NA," "," "," ",NA," "," "," ",1," "," ","0",NA," "," "," ",NA," "," "," ",NA," "," "," ",NA," "," "," ",NA," "," "," ",NA," "," "," ",NA," "," "," ",NA," "," "," ",NA," "," "," ",NA," "," "," ",NA," "," "," ",NA," "," "," ",NA," "," "," ",NA," "," "," "
"756","USC00413787",1958,4,"PRCP",0," "," ","0",0," "," ","0",0," "," ","0",0," "," ","0",0," "," ","0",0," "," ","0",0," "," ","0",56," "," ","0",51," "," ","0",0," "," ","0",0," "," ","0",51," "," ","0",8," "," ","0",0," "," ","0",0," "," ","0",0," "," ","0",33," "," ","0",0," "," ","0",18," "," ","0",97," "," ","0",0," "," ","0",0," "," ","0",0," "," ","0",0," "," ","0",0," "," ","0",0," "," ","0",84," "," ","0",0," "," ","0",0," "," ","0",0," "," ","0",NA," "," "," "
"757","USC00413787",1958,4,"SNOW",0," "," ","0",0," "," ","0",0," "," ","0",0," "," ","0",0," "," ","0",0," "," ","0",0," "," ","0",0," "," ","0",0," "," ","0",0," "," ","0",0," "," ","0",0," "," ","0",0," "," ","0",0," "," ","0",0," "," ","0",0," "," ","0",0," "," ","0",0," "," ","0",0," "," ","0",0," "," ","0",0," "," ","0",0," "," ","0",0," "," ","0",0," "," ","0",0," "," ","0",0," "," ","0",0," "," ","0",0," "," ","0",0," "," ","0",0," "," ","0",NA," "," "," "
"758","USC00413787",1958,4,"SNWD",0," "," ","0",0," "," ","0",0," "," ","0",0," "," ","0",0," "," ","0",0," "," ","0",0," "," ","0",0," "," ","0",0," "," ","0",0," "," ","0",0," "," ","0",0," "," ","0",0," "," ","0",0," "," ","0",0," "," ","0",0," "," ","0",0," "," ","0",0," "," ","0",0," "," ","0",0," "," ","0",0," "," ","0",0," "," ","0",0," "," ","0",0," "," ","0",0," "," ","0",0," "," ","0",0," "," ","0",0," "," ","0",0," "," ","0",0," "," ","0",NA," "," "," "
"759","USC00413787",1958,4,"WT03",NA," "," "," ",NA," "," "," ",NA," "," "," ",NA," "," "," ",NA," "," "," ",NA," "," "," ",NA," "," "," ",NA," "," "," ",NA," "," "," ",NA," "," "," ",NA," "," "," ",NA," "," "," ",NA," "," "," ",NA," "," "," ",NA," "," "," ",NA," "," "," ",NA," "," "," ",NA," "," "," ",1," "," ","0",1," "," ","0",NA," "," "," ",NA," "," "," ",NA," "," "," ",NA," "," "," ",NA," "," "," ",NA," "," "," ",1," "," ","0",NA," "," "," ",NA," "," "," ",NA," "," "," ",NA," "," "," "
"760","USC00413787",1958,5,"PRCP",0," "," ","0",18," "," ","0",102," "," ","0",41," "," ","0",0," "," ","0",0," "," ","0",0," "," ","0",0," "," ","0",0,"T"," ","0",0," "," ","0",0," "," ","0",152," "," ","0",86," "," ","0",0," "," ","0",0," "," ","0",175," "," ","0",0," "," ","0",13," "," ","0",0," "," ","0",0," "," ","0",0," "," ","0",0," "," ","0",0," "," ","0",25," "," ","0",0," "," ","0",0," "," ","0",0," "," ","0",0," "," ","0",0," "," ","0",0," "," ","0",0," "," ","0"
"761","USC00413787",1958,5,"SNOW",0," "," ","0",0," "," ","0",0," "," ","0",0," "," ","0",0," "," ","0",0," "," ","0",0," "," ","0",0," "," ","0",0," "," ","0",0," "," ","0",0," "," ","0",0," "," ","0",0," "," ","0",0," "," ","0",0," "," ","0",0," "," ","0",0," "," ","0",0," "," ","0",0," "," ","0",0," "," ","0",0," "," ","0",0," "," ","0",0," "," ","0",0," "," ","0",0," "," ","0",0," "," ","0",0," "," ","0",0," "," ","0",0," "," ","0",0," "," ","0",0," "," ","0"
"762","USC00413787",1958,5,"SNWD",0," "," ","0",0," "," ","0",0," "," ","0",0," "," ","0",0," "," ","0",0," "," ","0",0," "," ","0",0," "," ","0",0," "," ","0",0," "," ","0",0," "," ","0",0," "," ","0",0," "," ","0",0," "," ","0",0," "," ","0",0," "," ","0",0," "," ","0",0," "," ","0",0," "," ","0",0," "," ","0",0," "," ","0",0," "," ","0",0," "," ","0",0," "," ","0",0," "," ","0",0," "," ","0",0," "," ","0",0," "," ","0",0," "," ","0",0," "," ","0",0," "," ","0"
"763","USC00413787",1958,5,"WT03",1," "," ","0",1," "," ","0",1," "," ","0",1," "," ","0",NA," "," "," ",NA," "," "," ",NA," "," "," ",NA," "," "," ",NA," "," "," ",NA," "," "," ",NA," "," "," ",1," "," ","0",1," "," ","0",NA," "," "," ",NA," "," "," ",1," "," ","0",NA," "," "," ",1," "," ","0",NA," "," "," ",NA," "," "," ",NA," "," "," ",NA," "," "," ",NA," "," "," ",1," "," ","0",NA," "," "," ",NA," "," "," ",NA," "," "," ",NA," "," "," ",NA," "," "," ",NA," "," "," ",NA," "," "," "
"764","USC00413787",1958,6,"PRCP",0," "," ","0",0," "," ","0",0," "," ","0",0," "," ","0",0," "," ","0",23," "," ","0",0," "," ","0",0," "," ","0",0," "," ","0",0," "," ","0",0," "," ","0",0,"T"," ","0",0," "," ","0",0," "," ","0",0,"T"," ","0",0,"T"," ","0",0," "," ","0",0,"T"," ","0",74," "," ","0",8," "," ","0",0," "," ","0",8," "," ","0",147," "," ","0",18," "," ","0",0," "," ","0",0," "," ","0",0," "," ","0",0," "," ","0",0," "," ","0",28," "," ","0",NA," "," "," "
"765","USC00413787",1958,6,"SNOW",0," "," ","0",0," "," ","0",0," "," ","0",0," "," ","0",0," "," ","0",0," "," ","0",0," "," ","0",0," "," ","0",0," "," ","0",0," "," ","0",0," "," ","0",0," "," ","0",0," "," ","0",0," "," ","0",0," "," ","0",0," "," ","0",0," "," ","0",0," "," ","0",0," "," ","0",0," "," ","0",0," "," ","0",0," "," ","0",0," "," ","0",0," "," ","0",0," "," ","0",0," "," ","0",0," "," ","0",0," "," ","0",0," "," ","0",0," "," ","0",NA," "," "," "
"766","USC00413787",1958,6,"SNWD",0," "," ","0",0," "," ","0",0," "," ","0",0," "," ","0",0," "," ","0",0," "," ","0",0," "," ","0",0," "," ","0",0," "," ","0",0," "," ","0",0," "," ","0",0," "," ","0",0," "," ","0",0," "," ","0",0," "," ","0",0," "," ","0",0," "," ","0",0," "," ","0",0," "," ","0",0," "," ","0",0," "," ","0",0," "," ","0",0," "," ","0",0," "," ","0",0," "," ","0",0," "," ","0",0," "," ","0",0," "," ","0",0," "," ","0",0," "," ","0",NA," "," "," "
"767","USC00413787",1958,6,"WT03",NA," "," "," ",NA," "," "," ",NA," "," "," ",NA," "," "," ",NA," "," "," ",1," "," ","0",NA," "," "," ",NA," "," "," ",NA," "," "," ",NA," "," "," ",NA," "," "," ",NA," "," "," ",NA," "," "," ",NA," "," "," ",NA," "," "," ",NA," "," "," ",NA," "," "," ",1," "," ","0",1," "," ","0",1," "," ","0",NA," "," "," ",1," "," ","0",1," "," ","0",1," "," ","0",NA," "," "," ",NA," "," "," ",NA," "," "," ",NA," "," "," ",NA," "," "," ",1," "," ","0",NA," "," "," "
"768","USC00413787",1958,7,"PRCP",0," "," ","0",173," "," ","0",130," "," ","0",28," "," ","0",224," "," ","0",117," "," ","0",0," "," ","0",0," "," ","0",0," "," ","0",0," "," ","0",0," "," ","0",0," "," ","0",198," "," ","0",0," "," ","0",0," "," ","0",89," "," ","0",0," "," ","0",0,"T"," ","0",0," "," ","0",231," "," ","0",180," "," ","0",0," "," ","0",254," "," ","0",0," "," ","0",20," "," ","0",269," "," ","0",0," "," ","0",0," "," ","0",0," "," ","0",0," "," ","0",0," "," ","0"
"769","USC00413787",1958,7,"SNOW",0," "," ","0",0," "," ","0",0," "," ","0",0," "," ","0",0," "," ","0",0," "," ","0",0," "," ","0",0," "," ","0",0," "," ","0",0," "," ","0",0," "," ","0",0," "," ","0",0," "," ","0",0," "," ","0",0," "," ","0",0," "," ","0",0," "," ","0",0," "," ","0",0," "," ","0",0," "," ","0",0," "," ","0",0," "," ","0",0," "," ","0",0," "," ","0",0," "," ","0",0," "," ","0",0," "," ","0",0," "," ","0",0," "," ","0",0," "," ","0",0," "," ","0"
"770","USC00413787",1958,7,"SNWD",0," "," ","0",0," "," ","0",0," "," ","0",0," "," ","0",0," "," ","0",0," "," ","0",0," "," ","0",0," "," ","0",0," "," ","0",0," "," ","0",0," "," ","0",0," "," ","0",0," "," ","0",0," "," ","0",0," "," ","0",0," "," ","0",0," "," ","0",0," "," ","0",0," "," ","0",0," "," ","0",0," "," ","0",0," "," ","0",0," "," ","0",0," "," ","0",0," "," ","0",0," "," ","0",0," "," ","0",0," "," ","0",0," "," ","0",0," "," ","0",0," "," ","0"
"771","USC00413787",1958,7,"WT03",NA," "," "," ",1," "," ","0",1," "," ","0",1," "," ","0",1," "," ","0",1," "," ","0",NA," "," "," ",NA," "," "," ",NA," "," "," ",NA," "," "," ",NA," "," "," ",NA," "," "," ",1," "," ","0",NA," "," "," ",NA," "," "," ",1," "," ","0",NA," "," "," ",1," "," ","0",NA," "," "," ",1," "," ","0",1," "," ","0",NA," "," "," ",1," "," ","0",NA," "," "," ",1," "," ","0",1," "," ","0",NA," "," "," ",NA," "," "," ",NA," "," "," ",NA," "," "," ",NA," "," "," "
"772","USC00413787",1958,8,"PRCP",729," "," ","0",0," "," ","0",0," "," ","0",0," "," ","0",0," "," ","0",69," "," ","0",0," "," ","0",0," "," ","0",0," "," ","0",0," "," ","0",0," "," ","0",0,"T"," ","0",0," "," ","0",0," "," ","0",0," "," ","0",0," "," ","0",0," "," ","0",0," "," ","0",0," "," ","0",340," "," ","0",0," "," ","0",15," "," ","0",0," "," ","0",0," "," ","0",0," "," ","0",0," "," ","0",0," "," ","0",0," "," ","0",0," "," ","0",0," "," ","0",0," "," ","0"
"773","USC00413787",1958,8,"SNOW",0," "," ","0",0," "," ","0",0," "," ","0",0," "," ","0",0," "," ","0",0," "," ","0",0," "," ","0",0," "," ","0",0," "," ","0",0," "," ","0",0," "," ","0",0," "," ","0",0," "," ","0",0," "," ","0",0," "," ","0",0," "," ","0",0," "," ","0",0," "," ","0",0," "," ","0",0," "," ","0",0," "," ","0",0," "," ","0",0," "," ","0",0," "," ","0",0," "," ","0",0," "," ","0",0," "," ","0",0," "," ","0",0," "," ","0",0," "," ","0",0," "," ","0"
"774","USC00413787",1958,8,"SNWD",0," "," ","0",0," "," ","0",0," "," ","0",0," "," ","0",0," "," ","0",0," "," ","0",0," "," ","0",0," "," ","0",0," "," ","0",0," "," ","0",0," "," ","0",0," "," ","0",0," "," ","0",0," "," ","0",0," "," ","0",0," "," ","0",0," "," ","0",0," "," ","0",0," "," ","0",0," "," ","0",0," "," ","0",0," "," ","0",0," "," ","0",0," "," ","0",0," "," ","0",0," "," ","0",0," "," ","0",0," "," ","0",0," "," ","0",0," "," ","0",0," "," ","0"
"775","USC00413787",1958,8,"WT03",1," "," ","0",NA," "," "," ",NA," "," "," ",NA," "," "," ",NA," "," "," ",1," "," ","0",NA," "," "," ",NA," "," "," ",NA," "," "," ",NA," "," "," ",NA," "," "," ",1," "," ","0",NA," "," "," ",NA," "," "," ",NA," "," "," ",NA," "," "," ",NA," "," "," ",NA," "," "," ",NA," "," "," ",1," "," ","0",NA," "," "," ",NA," "," "," ",NA," "," "," ",NA," "," "," ",NA," "," "," ",NA," "," "," ",NA," "," "," ",NA," "," "," ",NA," "," "," ",NA," "," "," ",NA," "," "," "
"776","USC00413787",1958,9,"PRCP",0," "," ","0",0," "," ","0",0," "," ","0",0," "," ","0",0," "," ","0",0," "," ","0",69," "," ","0",0," "," ","0",0," "," ","0",13," "," ","0",0," "," ","0",0," "," ","0",0," "," ","0",0," "," ","0",0," "," ","0",33," "," ","0",0," "," ","0",0," "," ","0",0," "," ","0",0," "," ","0",0," "," ","0",0," "," ","0",0,"T"," ","0",0," "," ","0",36," "," ","0",13," "," ","0",0," "," ","0",0," "," ","0",0," "," ","0",25," "," ","0",NA," "," "," "
"777","USC00413787",1958,9,"SNOW",0," "," ","0",0," "," ","0",0," "," ","0",0," "," ","0",0," "," ","0",0," "," ","0",0," "," ","0",0," "," ","0",0," "," ","0",0," "," ","0",0," "," ","0",0," "," ","0",0," "," ","0",0," "," ","0",0," "," ","0",0," "," ","0",0," "," ","0",0," "," ","0",0," "," ","0",0," "," ","0",0," "," ","0",0," "," ","0",0," "," ","0",0," "," ","0",0," "," ","0",0," "," ","0",0," "," ","0",0," "," ","0",0," "," ","0",0," "," ","0",NA," "," "," "
"778","USC00413787",1958,9,"SNWD",0," "," ","0",0," "," ","0",0," "," ","0",0," "," ","0",0," "," ","0",0," "," ","0",0," "," ","0",0," "," ","0",0," "," ","0",0," "," ","0",0," "," ","0",0," "," ","0",0," "," ","0",0," "," ","0",0," "," ","0",0," "," ","0",0," "," ","0",0," "," ","0",0," "," ","0",0," "," ","0",0," "," ","0",0," "," ","0",0," "," ","0",0," "," ","0",0," "," ","0",0," "," ","0",0," "," ","0",0," "," ","0",0," "," ","0",0," "," ","0",NA," "," "," "
"779","USC00413787",1958,9,"WT03",NA," "," "," ",NA," "," "," ",NA," "," "," ",NA," "," "," ",NA," "," "," ",NA," "," "," ",1," "," ","0",NA," "," "," ",NA," "," "," ",1," "," ","0",NA," "," "," ",NA," "," "," ",NA," "," "," ",NA," "," "," ",NA," "," "," ",1," "," ","0",NA," "," "," ",NA," "," "," ",NA," "," "," ",NA," "," "," ",NA," "," "," ",NA," "," "," ",NA," "," "," ",NA," "," "," ",NA," "," "," ",NA," "," "," ",NA," "," "," ",NA," "," "," ",NA," "," "," ",1," "," ","0",NA," "," "," "
"780","USC00413787",1958,10,"PRCP",0," "," ","0",0," "," ","0",0," "," ","0",0," "," ","0",0," "," ","0",0," "," ","0",0," "," ","0",0," "," ","0",0," "," ","0",0," "," ","0",0," "," ","0",0," "," ","0",0," "," ","0",0," "," ","0",0," "," ","0",0," "," ","0",0," "," ","0",0," "," ","0",0," "," ","0",0," "," ","0",0," "," ","0",0," "," ","0",0," "," ","0",0," "," ","0",0," "," ","0",8," "," ","0",0," "," ","0",0," "," ","0",0," "," ","0",0," "," ","0",0," "," ","0"
"781","USC00413787",1958,10,"SNOW",0," "," ","0",0," "," ","0",0," "," ","0",0," "," ","0",0," "," ","0",0," "," ","0",0," "," ","0",0," "," ","0",0," "," ","0",0," "," ","0",0," "," ","0",0," "," ","0",0," "," ","0",0," "," ","0",0," "," ","0",0," "," ","0",0," "," ","0",0," "," ","0",0," "," ","0",0," "," ","0",0," "," ","0",0," "," ","0",0," "," ","0",0," "," ","0",0," "," ","0",0," "," ","0",0," "," ","0",0," "," ","0",0," "," ","0",0," "," ","0",0," "," ","0"
"782","USC00413787",1958,10,"SNWD",0," "," ","0",0," "," ","0",0," "," ","0",0," "," ","0",0," "," ","0",0," "," ","0",0," "," ","0",0," "," ","0",0," "," ","0",0," "," ","0",0," "," ","0",0," "," ","0",0," "," ","0",0," "," ","0",0," "," ","0",0," "," ","0",0," "," ","0",0," "," ","0",0," "," ","0",0," "," ","0",0," "," ","0",0," "," ","0",0," "," ","0",0," "," ","0",0," "," ","0",0," "," ","0",0," "," ","0",0," "," ","0",0," "," ","0",0," "," ","0",0," "," ","0"
"783","USC00413787",1958,11,"PRCP",0," "," ","0",0," "," ","0",0," "," ","0",0," "," ","0",0," "," ","0",0," "," ","0",0," "," ","0",0," "," ","0",0," "," ","0",0," "," ","0",0," "," ","0",0," "," ","0",10," "," ","0",0," "," ","0",0," "," ","0",0," "," ","0",191," "," ","0",0," "," ","0",0," "," ","0",0," "," ","0",0," "," ","0",0," "," ","0",0," "," ","0",0," "," ","0",0," "," ","0",0," "," ","0",0," "," ","0",0," "," ","0",0," "," ","0",0," "," ","0",NA," "," "," "
"784","USC00413787",1958,11,"SNOW",0," "," ","0",0," "," ","0",0," "," ","0",0," "," ","0",0," "," ","0",0," "," ","0",0," "," ","0",0," "," ","0",0," "," ","0",0," "," ","0",0," "," ","0",0," "," ","0",0," "," ","0",0," "," ","0",0," "," ","0",0," "," ","0",NA," "," "," ",0," "," ","0",0," "," ","0",0," "," ","0",0," "," ","0",0," "," ","0",0," "," ","0",0," "," ","0",0," "," ","0",0," "," ","0",0," "," ","0",0," "," ","0",0," "," ","0",0," "," ","0",NA," "," "," "
"785","USC00413787",1958,11,"SNWD",0," "," ","0",0," "," ","0",0," "," ","0",0," "," ","0",0," "," ","0",0," "," ","0",0," "," ","0",0," "," ","0",0," "," ","0",0," "," ","0",0," "," ","0",0," "," ","0",0," "," ","0",0," "," ","0",0," "," ","0",0," "," ","0",NA," "," "," ",NA," "," "," ",0," "," ","0",0," "," ","0",0," "," ","0",0," "," ","0",0," "," ","0",0," "," ","0",0," "," ","0",0," "," ","0",0," "," ","0",0," "," ","0",0," "," ","0",0," "," ","0",NA," "," "," "
"786","USC00413787",1958,11,"WT04",NA," "," "," ",NA," "," "," ",NA," "," "," ",NA," "," "," ",NA," "," "," ",NA," "," "," ",NA," "," "," ",NA," "," "," ",NA," "," "," ",NA," "," "," ",NA," "," "," ",NA," "," "," ",NA," "," "," ",NA," "," "," ",NA," "," "," ",NA," "," "," ",1," "," ","0",NA," "," "," ",NA," "," "," ",NA," "," "," ",NA," "," "," ",NA," "," "," ",NA," "," "," ",NA," "," "," ",NA," "," "," ",NA," "," "," ",NA," "," "," ",NA," "," "," ",NA," "," "," ",NA," "," "," ",NA," "," "," "
"787","USC00413787",1958,12,"PRCP",0," "," ","0",0," "," ","0",0," "," ","0",0," "," ","0",0," "," ","0",0," "," ","0",0," "," ","0",0," "," ","0",0," "," ","0",0," "," ","0",0," "," ","0",5," "," ","0",10," "," ","0",0," "," ","0",0," "," ","0",0," "," ","0",0," "," ","0",0," "," ","0",0," "," ","0",0," "," ","0",0," "," ","0",0," "," ","0",0," "," ","0",0," "," ","0",0," "," ","0",0," "," ","0",0," "," ","0",0," "," ","0",NA," "," "," ",NA," "," "," ",0," "," ","0"
"788","USC00413787",1958,12,"SNOW",0," "," ","0",0," "," ","0",0," "," ","0",0," "," ","0",0," "," ","0",0," "," ","0",0," "," ","0",0," "," ","0",0," "," ","0",0," "," ","0",0," "," ","0",0,"T"," ","0",25," "," ","0",0," "," ","0",0," "," ","0",0," "," ","0",0," "," ","0",0," "," ","0",0," "," ","0",0," "," ","0",0," "," ","0",0," "," ","0",0," "," ","0",0," "," ","0",0," "," ","0",0," "," ","0",0," "," ","0",0," "," ","0",NA," "," "," ",NA," "," "," ",0," "," ","0"
"789","USC00413787",1958,12,"SNWD",0," "," ","0",0," "," ","0",0," "," ","0",0," "," ","0",0," "," ","0",0," "," ","0",0," "," ","0",0," "," ","0",0," "," ","0",0," "," ","0",0," "," ","0",0," "," ","0",NA," "," "," ",NA," "," "," ",NA," "," "," ",0," "," ","0",0," "," ","0",0," "," ","0",0," "," ","0",0," "," ","0",0," "," ","0",0," "," ","0",0," "," ","0",0," "," ","0",0," "," ","0",0," "," ","0",0," "," ","0",0," "," ","0",NA," "," "," ",NA," "," "," ",NA," "," "," "
"790","USC00413787",1958,12,"DAPR",NA," "," "," ",NA," "," "," ",NA," "," "," ",NA," "," "," ",NA," "," "," ",NA," "," "," ",NA," "," "," ",NA," "," "," ",NA," "," "," ",NA," "," "," ",NA," "," "," ",NA," "," "," ",NA," "," "," ",NA," "," "," ",NA," "," "," ",NA," "," "," ",NA," "," "," ",NA," "," "," ",NA," "," "," ",NA," "," "," ",NA," "," "," ",NA," "," "," ",NA," "," "," ",NA," "," "," ",NA," "," "," ",NA," "," "," ",NA," "," "," ",NA," "," "," ",NA," "," "," ",2," "," ","0",NA," "," "," "
"791","USC00413787",1958,12,"DASF",NA," "," "," ",NA," "," "," ",NA," "," "," ",NA," "," "," ",NA," "," "," ",NA," "," "," ",NA," "," "," ",NA," "," "," ",NA," "," "," ",NA," "," "," ",NA," "," "," ",NA," "," "," ",NA," "," "," ",NA," "," "," ",NA," "," "," ",NA," "," "," ",NA," "," "," ",NA," "," "," ",NA," "," "," ",NA," "," "," ",NA," "," "," ",NA," "," "," ",NA," "," "," ",NA," "," "," ",NA," "," "," ",NA," "," "," ",NA," "," "," ",NA," "," "," ",NA," "," "," ",2," "," ","0",NA," "," "," "
"792","USC00413787",1958,12,"MDPR",NA," "," "," ",NA," "," "," ",NA," "," "," ",NA," "," "," ",NA," "," "," ",NA," "," "," ",NA," "," "," ",NA," "," "," ",NA," "," "," ",NA," "," "," ",NA," "," "," ",NA," "," "," ",NA," "," "," ",NA," "," "," ",NA," "," "," ",NA," "," "," ",NA," "," "," ",NA," "," "," ",NA," "," "," ",NA," "," "," ",NA," "," "," ",NA," "," "," ",NA," "," "," ",NA," "," "," ",NA," "," "," ",NA," "," "," ",NA," "," "," ",NA," "," "," ",NA," "," "," ",142," "," ","0",NA," "," "," "
"793","USC00413787",1958,12,"MDSF",NA," "," "," ",NA," "," "," ",NA," "," "," ",NA," "," "," ",NA," "," "," ",NA," "," "," ",NA," "," "," ",NA," "," "," ",NA," "," "," ",NA," "," "," ",NA," "," "," ",NA," "," "," ",NA," "," "," ",NA," "," "," ",NA," "," "," ",NA," "," "," ",NA," "," "," ",NA," "," "," ",NA," "," "," ",NA," "," "," ",NA," "," "," ",NA," "," "," ",NA," "," "," ",NA," "," "," ",NA," "," "," ",NA," "," "," ",NA," "," "," ",NA," "," "," ",NA," "," "," ",165," "," ","0",NA," "," "," "
"794","USC00413787",1958,12,"WT04",NA," "," "," ",NA," "," "," ",NA," "," "," ",NA," "," "," ",NA," "," "," ",NA," "," "," ",NA," "," "," ",NA," "," "," ",NA," "," "," ",NA," "," "," ",NA," "," "," ",1," "," ","0",NA," "," "," ",NA," "," "," ",NA," "," "," ",NA," "," "," ",NA," "," "," ",NA," "," "," ",NA," "," "," ",NA," "," "," ",NA," "," "," ",NA," "," "," ",NA," "," "," ",NA," "," "," ",NA," "," "," ",NA," "," "," ",NA," "," "," ",NA," "," "," ",NA," "," "," ",NA," "," "," ",NA," "," "," "
"795","USC00413787",1959,1,"PRCP",0," "," ","0",0," "," ","0",13," "," ","0",0," "," ","0",0," "," ","0",0," "," ","0",0," "," ","0",0," "," ","0",0," "," ","0",0," "," ","0",0," "," ","0",0," "," ","0",0," "," ","0",0," "," ","0",71," "," ","0",0," "," ","0",0," "," ","0",0," "," ","0",0," "," ","0",NA," "," "," ",NA," "," "," ",0," "," ","0",0," "," ","0",0," "," ","0",0," "," ","0",0,"T"," ","0",5," "," ","0",0," "," ","0",0," "," ","0",0," "," ","0",5," "," ","0"
"796","USC00413787",1959,1,"SNOW",0," "," ","0",0," "," ","0",20," "," ","0",0," "," ","0",0," "," ","0",0," "," ","0",0," "," ","0",0," "," ","0",0," "," ","0",0," "," ","0",0," "," ","0",0," "," ","0",0," "," ","0",0," "," ","0",51," "," ","0",0," "," ","0",0," "," ","0",0," "," ","0",0," "," ","0",NA," "," "," ",NA," "," "," ",0," "," ","0",0," "," ","0",0," "," ","0",0," "," ","0",0," "," ","0",13," "," ","0",0," "," ","0",0," "," ","0",0," "," ","0",13," "," ","0"
"797","USC00413787",1959,1,"DAPR",NA," "," "," ",NA," "," "," ",NA," "," "," ",NA," "," "," ",NA," "," "," ",NA," "," "," ",NA," "," "," ",NA," "," "," ",NA," "," "," ",NA," "," "," ",NA," "," "," ",NA," "," "," ",NA," "," "," ",NA," "," "," ",NA," "," "," ",NA," "," "," ",NA," "," "," ",NA," "," "," ",NA," "," "," ",NA," "," "," ",2," "," ","0",NA," "," "," ",NA," "," "," ",NA," "," "," ",NA," "," "," ",NA," "," "," ",NA," "," "," ",NA," "," "," ",NA," "," "," ",NA," "," "," ",NA," "," "," "
"798","USC00413787",1959,1,"MDPR",NA," "," "," ",NA," "," "," ",NA," "," "," ",NA," "," "," ",NA," "," "," ",NA," "," "," ",NA," "," "," ",NA," "," "," ",NA," "," "," ",NA," "," "," ",NA," "," "," ",NA," "," "," ",NA," "," "," ",NA," "," "," ",NA," "," "," ",NA," "," "," ",NA," "," "," ",NA," "," "," ",NA," "," "," ",NA," "," "," ",58," "," ","0",NA," "," "," ",NA," "," "," ",NA," "," "," ",NA," "," "," ",NA," "," "," ",NA," "," "," ",NA," "," "," ",NA," "," "," ",NA," "," "," ",NA," "," "," "
"799","USC00413787",1959,1,"WT01",NA," "," "," ",NA," "," "," ",NA," "," "," ",NA," "," "," ",NA," "," "," ",NA," "," "," ",NA," "," "," ",NA," "," "," ",NA," "," "," ",NA," "," "," ",NA," "," "," ",NA," "," "," ",NA," "," "," ",NA," "," "," ",NA," "," "," ",NA," "," "," ",NA," "," "," ",NA," "," "," ",NA," "," "," ",NA," "," "," ",NA," "," "," ",NA," "," "," ",NA," "," "," ",NA," "," "," ",NA," "," "," ",1," "," ","0",NA," "," "," ",NA," "," "," ",NA," "," "," ",NA," "," "," ",NA," "," "," "
"800","USC00413787",1959,2,"PRCP",0," "," ","0",5," "," ","0",0,"T"," ","0",0," "," ","0",5," "," ","0",0," "," ","0",0," "," ","0",0,"T"," ","0",5," "," ","0",0," "," ","0",0," "," ","0",0," "," ","0",0," "," ","0",0," "," ","0",0," "," ","0",0," "," ","0",0," "," ","0",0," "," ","0",0," "," ","0",0," "," ","0",0," "," ","0",0," "," ","0",0," "," ","0",0," "," ","0",0," "," ","0",0," "," ","0",0," "," ","0",0," "," ","0",NA," "," "," ",NA," "," "," ",NA," "," "," "
"801","USC00413787",1959,2,"SNOW",0," "," ","0",NA," "," "," ",0," "," ","0",0," "," ","0",0," "," ","0",0," "," ","0",0," "," ","0",0," "," ","0",0," "," ","0",0," "," ","0",0," "," ","0",0," "," ","0",0," "," ","0",0," "," ","0",0," "," ","0",0," "," ","0",0," "," ","0",0," "," ","0",0," "," ","0",0," "," ","0",0," "," ","0",0," "," ","0",0," "," ","0",0," "," ","0",0," "," ","0",0," "," ","0",0," "," ","0",0," "," ","0",NA," "," "," ",NA," "," "," ",NA," "," "," "
"802","USC00413787",1959,2,"SNWD",NA," "," "," ",NA," "," "," ",NA," "," "," ",NA," "," "," ",NA," "," "," ",NA," "," "," ",NA," "," "," ",0," "," ","0",0," "," ","0",0," "," ","0",0," "," ","0",0," "," ","0",0," "," ","0",0," "," ","0",0," "," ","0",0," "," ","0",0," "," ","0",0," "," ","0",0," "," ","0",0," "," ","0",0," "," ","0",0," "," ","0",0," "," ","0",0," "," ","0",0," "," ","0",0," "," ","0",0," "," ","0",0," "," ","0",NA," "," "," ",NA," "," "," ",NA," "," "," "
"803","USC00413787",1959,2,"WT06",NA," "," "," ",NA," "," "," ",NA," "," "," ",NA," "," "," ",NA," "," "," ",NA," "," "," ",NA," "," "," ",1," "," ","0",NA," "," "," ",NA," "," "," ",NA," "," "," ",NA," "," "," ",NA," "," "," ",NA," "," "," ",NA," "," "," ",NA," "," "," ",NA," "," "," ",NA," "," "," ",NA," "," "," ",NA," "," "," ",NA," "," "," ",NA," "," "," ",NA," "," "," ",NA," "," "," ",NA," "," "," ",NA," "," "," ",NA," "," "," ",NA," "," "," ",NA," "," "," ",NA," "," "," ",NA," "," "," "
"804","USC00413787",1959,2,"WT11",NA," "," "," ",NA," "," "," ",NA," "," "," ",NA," "," "," ",NA," "," "," ",NA," "," "," ",NA," "," "," ",NA," "," "," ",1," "," ","0",NA," "," "," ",NA," "," "," ",NA," "," "," ",NA," "," "," ",NA," "," "," ",NA," "," "," ",NA," "," "," ",NA," "," "," ",NA," "," "," ",NA," "," "," ",NA," "," "," ",NA," "," "," ",1," "," ","0",NA," "," "," ",NA," "," "," ",NA," "," "," ",NA," "," "," ",NA," "," "," ",NA," "," "," ",NA," "," "," ",NA," "," "," ",NA," "," "," "
"805","USC00413787",1959,3,"PRCP",0," "," ","0",0," "," ","0",0," "," ","0",0,"T"," ","0",3," "," ","0",0," "," ","0",0," "," ","0",0," "," ","0",0," "," ","0",0," "," ","0",0,"T"," ","0",0," "," ","0",0," "," ","0",0," "," ","0",0," "," ","0",0," "," ","0",0," "," ","0",0," "," ","0",0," "," ","0",NA," "," "," ",NA," "," "," ",0," "," ","0",0," "," ","0",0," "," ","0",66," "," ","0",0," "," ","0",0," "," ","0",0," "," ","0",0," "," ","0",0," "," ","0",0," "," ","0"
"806","USC00413787",1959,3,"SNOW",0," "," ","0",0," "," ","0",0," "," ","0",0," "," ","0",0," "," ","0",0," "," ","0",0," "," ","0",0," "," ","0",0," "," ","0",0," "," ","0",0," "," ","0",0," "," ","0",0," "," ","0",0," "," ","0",0," "," ","0",0," "," ","0",0," "," ","0",0," "," ","0",0," "," ","0",NA," "," "," ",NA," "," "," ",0," "," ","0",0," "," ","0",0," "," ","0",0," "," ","0",0," "," ","0",0," "," ","0",0," "," ","0",0," "," ","0",0," "," ","0",0," "," ","0"
"807","USC00413787",1959,3,"SNWD",0," "," ","0",0," "," ","0",0," "," ","0",0," "," ","0",0," "," ","0",0," "," ","0",0," "," ","0",0," "," ","0",0," "," ","0",0," "," ","0",0," "," ","0",0," "," ","0",0," "," ","0",0," "," ","0",0," "," ","0",0," "," ","0",0," "," ","0",0," "," ","0",0," "," ","0",NA," "," "," ",0,"T"," ","0",0," "," ","0",0," "," ","0",0," "," ","0",0," "," ","0",0," "," ","0",0," "," ","0",0," "," ","0",0," "," ","0",0," "," ","0",0," "," ","0"
"808","USC00413787",1959,3,"DAPR",NA," "," "," ",NA," "," "," ",NA," "," "," ",NA," "," "," ",NA," "," "," ",NA," "," "," ",NA," "," "," ",NA," "," "," ",NA," "," "," ",NA," "," "," ",NA," "," "," ",NA," "," "," ",NA," "," "," ",NA," "," "," ",NA," "," "," ",NA," "," "," ",NA," "," "," ",NA," "," "," ",NA," "," "," ",NA," "," "," ",2," "," ","0",NA," "," "," ",NA," "," "," ",NA," "," "," ",NA," "," "," ",NA," "," "," ",NA," "," "," ",NA," "," "," ",NA," "," "," ",NA," "," "," ",NA," "," "," "
"809","USC00413787",1959,3,"DASF",NA," "," "," ",NA," "," "," ",NA," "," "," ",NA," "," "," ",NA," "," "," ",NA," "," "," ",NA," "," "," ",NA," "," "," ",NA," "," "," ",NA," "," "," ",NA," "," "," ",NA," "," "," ",NA," "," "," ",NA," "," "," ",NA," "," "," ",NA," "," "," ",NA," "," "," ",NA," "," "," ",NA," "," "," ",NA," "," "," ",2," "," ","0",NA," "," "," ",NA," "," "," ",NA," "," "," ",NA," "," "," ",NA," "," "," ",NA," "," "," ",NA," "," "," ",NA," "," "," ",NA," "," "," ",NA," "," "," "
"810","USC00413787",1959,3,"MDPR",NA," "," "," ",NA," "," "," ",NA," "," "," ",NA," "," "," ",NA," "," "," ",NA," "," "," ",NA," "," "," ",NA," "," "," ",NA," "," "," ",NA," "," "," ",NA," "," "," ",NA," "," "," ",NA," "," "," ",NA," "," "," ",NA," "," "," ",NA," "," "," ",NA," "," "," ",NA," "," "," ",NA," "," "," ",NA," "," "," ",114," "," ","0",NA," "," "," ",NA," "," "," ",NA," "," "," ",NA," "," "," ",NA," "," "," ",NA," "," "," ",NA," "," "," ",NA," "," "," ",NA," "," "," ",NA," "," "," "
"811","USC00413787",1959,3,"MDSF",NA," "," "," ",NA," "," "," ",NA," "," "," ",NA," "," "," ",NA," "," "," ",NA," "," "," ",NA," "," "," ",NA," "," "," ",NA," "," "," ",NA," "," "," ",NA," "," "," ",NA," "," "," ",NA," "," "," ",NA," "," "," ",NA," "," "," ",NA," "," "," ",NA," "," "," ",NA," "," "," ",NA," "," "," ",NA," "," "," ",86," "," ","0",NA," "," "," ",NA," "," "," ",NA," "," "," ",NA," "," "," ",NA," "," "," ",NA," "," "," ",NA," "," "," ",NA," "," "," ",NA," "," "," ",NA," "," "," "
"812","USC00413787",1959,3,"WT03",NA," "," "," ",NA," "," "," ",NA," "," "," ",NA," "," "," ",NA," "," "," ",NA," "," "," ",NA," "," "," ",NA," "," "," ",NA," "," "," ",NA," "," "," ",NA," "," "," ",NA," "," "," ",NA," "," "," ",NA," "," "," ",NA," "," "," ",NA," "," "," ",NA," "," "," ",NA," "," "," ",NA," "," "," ",NA," "," "," ",NA," "," "," ",NA," "," "," ",NA," "," "," ",NA," "," "," ",1," "," ","0",NA," "," "," ",NA," "," "," ",NA," "," "," ",1," "," ","0",NA," "," "," ",NA," "," "," "
"813","USC00413787",1959,4,"PRCP",0," "," ","0",0," "," ","0",0," "," ","0",0," "," ","0",0," "," ","0",0," "," ","0",64," "," ","0",91," "," ","0",0," "," ","0",5," "," ","0",0," "," ","0",8," "," ","0",0," "," ","0",0," "," ","0",0," "," ","0",0," "," ","0",0," "," ","0",20," "," ","0",0," "," ","0",13," "," ","0",8," "," ","0",0," "," ","0",0," "," ","0",0," "," ","0",0," "," ","0",0," "," ","0",0,"T"," ","0",0," "," ","0",0," "," ","0",0," "," ","0",NA," "," "," "
"814","USC00413787",1959,4,"SNOW",0," "," ","0",0," "," ","0",0," "," ","0",0," "," ","0",0," "," ","0",0," "," ","0",0," "," ","0",0," "," ","0",0," "," ","0",0," "," ","0",0," "," ","0",0," "," ","0",0," "," ","0",0," "," ","0",0," "," ","0",0," "," ","0",0," "," ","0",0," "," ","0",0," "," ","0",0," "," ","0",0," "," ","0",0," "," ","0",0," "," ","0",0," "," ","0",0," "," ","0",0," "," ","0",0," "," ","0",0," "," ","0",0," "," ","0",0," "," ","0",NA," "," "," "
"815","USC00413787",1959,4,"SNWD",0," "," ","0",0," "," ","0",0," "," ","0",0," "," ","0",0," "," ","0",0," "," ","0",0," "," ","0",0," "," ","0",0," "," ","0",0," "," ","0",0," "," ","0",0," "," ","0",0," "," ","0",0," "," ","0",0," "," ","0",0," "," ","0",0," "," ","0",0," "," ","0",0," "," ","0",0," "," ","0",0," "," ","0",0," "," ","0",0," "," ","0",0," "," ","0",0," "," ","0",0," "," ","0",0," "," ","0",0," "," ","0",0," "," ","0",0," "," ","0",NA," "," "," "
"816","USC00413787",1959,4,"WT03",NA," "," "," ",NA," "," "," ",NA," "," "," ",NA," "," "," ",NA," "," "," ",NA," "," "," ",NA," "," "," ",NA," "," "," ",NA," "," "," ",NA," "," "," ",NA," "," "," ",NA," "," "," ",NA," "," "," ",NA," "," "," ",NA," "," "," ",NA," "," "," ",NA," "," "," ",1," "," ","0",NA," "," "," ",NA," "," "," ",NA," "," "," ",NA," "," "," ",NA," "," "," ",NA," "," "," ",NA," "," "," ",NA," "," "," ",1," "," ","0",NA," "," "," ",NA," "," "," ",NA," "," "," ",NA," "," "," "
"817","USC00413787",1959,5,"PRCP",0,"T"," ","0",15," "," ","0",0," "," ","0",0," "," ","0",206," "," ","0",0," "," ","0",267," "," ","0",203," "," ","0",0," "," ","0",0," "," ","0",0," "," ","0",0," "," ","0",0," "," ","0",0," "," ","0",0," "," ","0",0," "," ","0",0," "," ","0",0," "," ","0",0," "," ","0",109," "," ","0",61," "," ","0",0," "," ","0",5," "," ","0",0," "," ","0",46," "," ","0",0," "," ","0",0," "," ","0",0," "," ","0",0," "," ","0",0," "," ","0",0," "," ","0"
"818","USC00413787",1959,5,"SNOW",0," "," ","0",0," "," ","0",0," "," ","0",0," "," ","0",0," "," ","0",0," "," ","0",0," "," ","0",0," "," ","0",0," "," ","0",0," "," ","0",0," "," ","0",0," "," ","0",0," "," ","0",0," "," ","0",0," "," ","0",0," "," ","0",0," "," ","0",0," "," ","0",0," "," ","0",0," "," ","0",0," "," ","0",0," "," ","0",0," "," ","0",0," "," ","0",0," "," ","0",0," "," ","0",0," "," ","0",0," "," ","0",0," "," ","0",0," "," ","0",0," "," ","0"
"819","USC00413787",1959,5,"SNWD",0," "," ","0",0," "," ","0",0," "," ","0",0," "," ","0",0," "," ","0",0," "," ","0",0," "," ","0",0," "," ","0",0," "," ","0",0," "," ","0",0," "," ","0",0," "," ","0",0," "," ","0",0," "," ","0",0," "," ","0",0," "," ","0",0," "," ","0",0," "," ","0",0," "," ","0",0," "," ","0",0," "," ","0",0," "," ","0",0," "," ","0",0," "," ","0",0," "," ","0",0," "," ","0",0," "," ","0",0," "," ","0",0," "," ","0",0," "," ","0",0," "," ","0"
"820","USC00413787",1959,5,"WT03",1," "," ","0",1," "," ","0",NA," "," "," ",NA," "," "," ",1," "," ","0",NA," "," "," ",1," "," ","0",1," "," ","0",NA," "," "," ",NA," "," "," ",NA," "," "," ",NA," "," "," ",NA," "," "," ",NA," "," "," ",NA," "," "," ",1," "," ","0",NA," "," "," ",NA," "," "," ",NA," "," "," ",1," "," ","0",1," "," ","0",NA," "," "," ",NA," "," "," ",NA," "," "," ",1," "," ","0",NA," "," "," ",NA," "," "," ",NA," "," "," ",NA," "," "," ",NA," "," "," ",NA," "," "," "
"821","USC00413787",1959,6,"PRCP",0,"T"," ","0",0," "," ","0",0," "," ","0",117," "," ","0",8," "," ","0",0," "," ","0",0," "," ","0",0," "," ","0",0," "," ","0",0," "," ","0",0," "," ","0",3," "," ","0",0," "," ","0",0," "," ","0",0," "," ","0",0," "," ","0",0," "," ","0",0," "," ","0",15," "," ","0",0," "," ","0",0,"T"," ","0",86," "," ","0",0," "," ","0",0," "," ","0",0," "," ","0",0," "," ","0",0," "," ","0",0," "," ","0",0," "," ","0",13," "," ","0",NA," "," "," "
"822","USC00413787",1959,6,"SNOW",0," "," ","0",0," "," ","0",0," "," ","0",0," "," ","0",0," "," ","0",0," "," ","0",0," "," ","0",0," "," ","0",0," "," ","0",0," "," ","0",0," "," ","0",0," "," ","0",0," "," ","0",0," "," ","0",0," "," ","0",0," "," ","0",0," "," ","0",0," "," ","0",0," "," ","0",0," "," ","0",0," "," ","0",0," "," ","0",0," "," ","0",0," "," ","0",0," "," ","0",0," "," ","0",0," "," ","0",0," "," ","0",0," "," ","0",0," "," ","0",NA," "," "," "
"823","USC00413787",1959,6,"SNWD",0," "," ","0",0," "," ","0",0," "," ","0",0," "," ","0",0," "," ","0",0," "," ","0",0," "," ","0",0," "," ","0",0," "," ","0",0," "," ","0",0," "," ","0",0," "," ","0",0," "," ","0",0," "," ","0",0," "," ","0",0," "," ","0",0," "," ","0",0," "," ","0",0," "," ","0",0," "," ","0",0," "," ","0",0," "," ","0",0," "," ","0",0," "," ","0",0," "," ","0",0," "," ","0",0," "," ","0",0," "," ","0",0," "," ","0",0," "," ","0",NA," "," "," "
"824","USC00413787",1959,6,"WT03",1," "," ","0",NA," "," "," ",NA," "," "," ",1," "," ","0",1," "," ","0",NA," "," "," ",NA," "," "," ",NA," "," "," ",NA," "," "," ",NA," "," "," ",NA," "," "," ",1," "," ","0",NA," "," "," ",NA," "," "," ",NA," "," "," ",NA," "," "," ",NA," "," "," ",NA," "," "," ",NA," "," "," ",NA," "," "," ",NA," "," "," ",1," "," ","0",NA," "," "," ",NA," "," "," ",NA," "," "," ",NA," "," "," ",NA," "," "," ",NA," "," "," ",1," "," ","0",NA," "," "," ",NA," "," "," "
"825","USC00413787",1959,7,"PRCP",0," "," ","0",0," "," ","0",0," "," ","0",0," "," ","0",0,"T"," ","0",0," "," ","0",0," "," ","0",0," "," ","0",0," "," ","0",117," "," ","0",81," "," ","0",218," "," ","0",274," "," ","0",58," "," ","0",0," "," ","0",0," "," ","0",61," "," ","0",0," "," ","0",0,"T"," ","0",0," "," ","0",127," "," ","0",0," "," ","0",0," "," ","0",0," "," ","0",51," "," ","0",0," "," ","0",0," "," ","0",0," "," ","0",0," "," ","0",0," "," ","0",0," "," ","0"
"826","USC00413787",1959,7,"SNOW",0," "," ","0",0," "," ","0",0," "," ","0",0," "," ","0",0," "," ","0",0," "," ","0",0," "," ","0",0," "," ","0",0," "," ","0",0," "," ","0",0," "," ","0",0," "," ","0",0," "," ","0",0," "," ","0",0," "," ","0",0," "," ","0",0," "," ","0",0," "," ","0",0," "," ","0",0," "," ","0",0," "," ","0",0," "," ","0",0," "," ","0",0," "," ","0",0," "," ","0",0," "," ","0",0," "," ","0",0," "," ","0",0," "," ","0",0," "," ","0",0," "," ","0"
"827","USC00413787",1959,7,"SNWD",0," "," ","0",0," "," ","0",0," "," ","0",0," "," ","0",0," "," ","0",0," "," ","0",0," "," ","0",0," "," ","0",0," "," ","0",0," "," ","0",0," "," ","0",0," "," ","0",0," "," ","0",0," "," ","0",0," "," ","0",0," "," ","0",0," "," ","0",0," "," ","0",0," "," ","0",0," "," ","0",0," "," ","0",0," "," ","0",0," "," ","0",0," "," ","0",0," "," ","0",0," "," ","0",0," "," ","0",0," "," ","0",0," "," ","0",0," "," ","0",0," "," ","0"
"828","USC00413787",1959,7,"WT03",NA," "," "," ",NA," "," "," ",NA," "," "," ",NA," "," "," ",1," "," ","0",NA," "," "," ",NA," "," "," ",NA," "," "," ",NA," "," "," ",1," "," ","0",1," "," ","0",1," "," ","0",1," "," ","0",1," "," ","0",NA," "," "," ",NA," "," "," ",1," "," ","0",NA," "," "," ",1," "," ","0",NA," "," "," ",1," "," ","0",NA," "," "," ",NA," "," "," ",NA," "," "," ",1," "," ","0",NA," "," "," ",NA," "," "," ",NA," "," "," ",NA," "," "," ",NA," "," "," ",NA," "," "," "
"829","USC00413787",1959,8,"PRCP",0," "," ","0",0," "," ","0",0," "," ","0",46," "," ","0",0," "," ","0",0," "," ","0",66," "," ","0",0," "," ","0",0," "," ","0",0," "," ","0",0," "," ","0",0," "," ","0",0," "," ","0",58," "," ","0",36," "," ","0",0," "," ","0",0," "," ","0",0," "," ","0",282," "," ","0",0,"T"," ","0",107," "," ","0",0," "," ","0",0,"T"," ","0",5," "," ","0",0," "," ","0",0," "," ","0",0," "," ","0",0," "," ","0",0," "," ","0",36," "," ","0",0," "," ","0"
"830","USC00413787",1959,8,"SNOW",0," "," ","0",0," "," ","0",0," "," ","0",0," "," ","0",0," "," ","0",0," "," ","0",0," "," ","0",0," "," ","0",0," "," ","0",0," "," ","0",0," "," ","0",0," "," ","0",0," "," ","0",0," "," ","0",0," "," ","0",0," "," ","0",0," "," ","0",0," "," ","0",0," "," ","0",0," "," ","0",0," "," ","0",0," "," ","0",0," "," ","0",0," "," ","0",0," "," ","0",0," "," ","0",0," "," ","0",0," "," ","0",0," "," ","0",0," "," ","0",0," "," ","0"
"831","USC00413787",1959,8,"SNWD",0," "," ","0",0," "," ","0",0," "," ","0",0," "," ","0",0," "," ","0",0," "," ","0",0," "," ","0",0," "," ","0",0," "," ","0",0," "," ","0",0," "," ","0",0," "," ","0",0," "," ","0",0," "," ","0",0," "," ","0",0," "," ","0",0," "," ","0",0," "," ","0",0," "," ","0",0," "," ","0",0," "," ","0",0," "," ","0",0," "," ","0",0," "," ","0",0," "," ","0",0," "," ","0",0," "," ","0",0," "," ","0",0," "," ","0",0," "," ","0",0," "," ","0"
"832","USC00413787",1959,8,"WT03",NA," "," "," ",NA," "," "," ",NA," "," "," ",1," "," ","0",NA," "," "," ",NA," "," "," ",1," "," ","0",NA," "," "," ",NA," "," "," ",NA," "," "," ",NA," "," "," ",NA," "," "," ",NA," "," "," ",NA," "," "," ",NA," "," "," ",NA," "," "," ",NA," "," "," ",NA," "," "," ",1," "," ","0",1," "," ","0",1," "," ","0",NA," "," "," ",1," "," ","0",1," "," ","0",NA," "," "," ",NA," "," "," ",NA," "," "," ",NA," "," "," ",NA," "," "," ",1," "," ","0",NA," "," "," "
"833","USC00413787",1959,9,"PRCP",0," "," ","0",0," "," ","0",53," "," ","0",0," "," ","0",0," "," ","0",0," "," ","0",0," "," ","0",0," "," ","0",0," "," ","0",0," "," ","0",0," "," ","0",0," "," ","0",0," "," ","0",0," "," ","0",0," "," ","0",0," "," ","0",79," "," ","0",0," "," ","0",0," "," ","0",0," "," ","0",0," "," ","0",0," "," ","0",0," "," ","0",3," "," ","0",33," "," ","0",0," "," ","0",0," "," ","0",0," "," ","0",0," "," ","0",147," "," ","0",NA," "," "," "
"834","USC00413787",1959,9,"SNOW",0," "," ","0",0," "," ","0",0," "," ","0",0," "," ","0",0," "," ","0",0," "," ","0",0," "," ","0",0," "," ","0",0," "," ","0",0," "," ","0",0," "," ","0",0," "," ","0",0," "," ","0",0," "," ","0",0," "," ","0",0," "," ","0",0," "," ","0",0," "," ","0",0," "," ","0",0," "," ","0",0," "," ","0",0," "," ","0",0," "," ","0",0," "," ","0",0," "," ","0",0," "," ","0",0," "," ","0",0," "," ","0",0," "," ","0",0," "," ","0",NA," "," "," "
"835","USC00413787",1959,9,"SNWD",0," "," ","0",0," "," ","0",0," "," ","0",0," "," ","0",0," "," ","0",0," "," ","0",0," "," ","0",0," "," ","0",0," "," ","0",0," "," ","0",0," "," ","0",0," "," ","0",0," "," ","0",0," "," ","0",0," "," ","0",0," "," ","0",0," "," ","0",0," "," ","0",0," "," ","0",0," "," ","0",0," "," ","0",0," "," ","0",0," "," ","0",0," "," ","0",0," "," ","0",0," "," ","0",0," "," ","0",0," "," ","0",0," "," ","0",0," "," ","0",NA," "," "," "
"836","USC00413787",1959,9,"WT03",NA," "," "," ",NA," "," "," ",1," "," ","0",NA," "," "," ",NA," "," "," ",NA," "," "," ",NA," "," "," ",NA," "," "," ",NA," "," "," ",NA," "," "," ",NA," "," "," ",NA," "," "," ",NA," "," "," ",NA," "," "," ",NA," "," "," ",NA," "," "," ",1," "," ","0",NA," "," "," ",NA," "," "," ",NA," "," "," ",NA," "," "," ",NA," "," "," ",NA," "," "," ",1," "," ","0",1," "," ","0",NA," "," "," ",NA," "," "," ",NA," "," "," ",NA," "," "," ",1," "," ","0",NA," "," "," "
"837","USC00413787",1959,10,"PRCP",173," "," ","0",38," "," ","0",20," "," ","0",33," "," ","0",25," "," ","0",0," "," ","0",0," "," ","0",0," "," ","0",0," "," ","0",0," "," ","0",0," "," ","0",0," "," ","0",0,"T"," ","0",0," "," ","0",0," "," ","0",0," "," ","0",0," "," ","0",0," "," ","0",0," "," ","0",0," "," ","0",0," "," ","0",0," "," ","0",0," "," ","0",0," "," ","0",0," "," ","0",0," "," ","0",0," "," ","0",0," "," ","0",23," "," ","0",257," "," ","0",0," "," ","0"
"838","USC00413787",1959,10,"SNOW",0," "," ","0",0," "," ","0",0," "," ","0",0," "," ","0",0," "," ","0",0," "," ","0",0," "," ","0",0," "," ","0",0," "," ","0",0," "," ","0",0," "," ","0",0," "," ","0",0," "," ","0",0," "," ","0",0," "," ","0",0," "," ","0",0," "," ","0",0," "," ","0",0," "," ","0",0," "," ","0",0," "," ","0",0," "," ","0",0," "," ","0",0," "," ","0",0," "," ","0",0," "," ","0",0," "," ","0",0," "," ","0",0," "," ","0",0," "," ","0",0," "," ","0"
"839","USC00413787",1959,10,"SNWD",0," "," ","0",0," "," ","0",0," "," ","0",0," "," ","0",0," "," ","0",0," "," ","0",0," "," ","0",0," "," ","0",0," "," ","0",0," "," ","0",0," "," ","0",0," "," ","0",0," "," ","0",0," "," ","0",0," "," ","0",0," "," ","0",0," "," ","0",0," "," ","0",0," "," ","0",0," "," ","0",0," "," ","0",0," "," ","0",0," "," ","0",0," "," ","0",0," "," ","0",0," "," ","0",0," "," ","0",0," "," ","0",0," "," ","0",0," "," ","0",0," "," ","0"
"840","USC00413787",1959,10,"WT03",1," "," ","0",1," "," ","0",1," "," ","0",NA," "," "," ",NA," "," "," ",NA," "," "," ",NA," "," "," ",NA," "," "," ",NA," "," "," ",NA," "," "," ",NA," "," "," ",NA," "," "," ",NA," "," "," ",NA," "," "," ",NA," "," "," ",NA," "," "," ",NA," "," "," ",NA," "," "," ",NA," "," "," ",NA," "," "," ",NA," "," "," ",NA," "," "," ",NA," "," "," ",NA," "," "," ",NA," "," "," ",NA," "," "," ",NA," "," "," ",NA," "," "," ",NA," "," "," ",NA," "," "," ",NA," "," "," "
"841","USC00413787",1959,11,"PRCP",0," "," ","0",0," "," ","0",0," "," ","0",0," "," ","0",5," "," ","0",0," "," ","0",0," "," ","0",0," "," ","0",0," "," ","0",0," "," ","0",0," "," ","0",0,"T"," ","0",0," "," ","0",0," "," ","0",0," "," ","0",0," "," ","0",0," "," ","0",0," "," ","0",0," "," ","0",0," "," ","0",0," "," ","0",0," "," ","0",0," "," ","0",0," "," ","0",0," "," ","0",5," "," ","0",0," "," ","0",0," "," ","0",0," "," ","0",0," "," ","0",NA," "," "," "
"842","USC00413787",1959,11,"SNOW",0," "," ","0",0," "," ","0",0," "," ","0",0," "," ","0",13," "," ","0",0," "," ","0",0," "," ","0",0," "," ","0",0," "," ","0",0," "," ","0",0," "," ","0",0," "," ","0",0," "," ","0",0," "," ","0",0," "," ","0",0," "," ","0",0," "," ","0",0," "," ","0",0," "," ","0",0," "," ","0",0," "," ","0",0," "," ","0",0," "," ","0",0," "," ","0",0," "," ","0",13," "," ","0",0," "," ","0",0," "," ","0",0," "," ","0",0," "," ","0",NA," "," "," "
"843","USC00413787",1959,11,"SNWD",0," "," ","0",0," "," ","0",0," "," ","0",0," "," ","0",0," "," ","0",0," "," ","0",0," "," ","0",0," "," ","0",0," "," ","0",0," "," ","0",0," "," ","0",0," "," ","0",0," "," ","0",0," "," ","0",0," "," ","0",0," "," ","0",0," "," ","0",0," "," ","0",0," "," ","0",0," "," ","0",0," "," ","0",0," "," ","0",0," "," ","0",0," "," ","0",0," "," ","0",0," "," ","0",0," "," ","0",0," "," ","0",0," "," ","0",0," "," ","0",NA," "," "," "
"844","USC00413787",1959,11,"WT04",NA," "," "," ",NA," "," "," ",NA," "," "," ",NA," "," "," ",1," "," ","0",NA," "," "," ",NA," "," "," ",NA," "," "," ",NA," "," "," ",NA," "," "," ",NA," "," "," ",NA," "," "," ",NA," "," "," ",NA," "," "," ",NA," "," "," ",NA," "," "," ",NA," "," "," ",NA," "," "," ",NA," "," "," ",NA," "," "," ",NA," "," "," ",NA," "," "," ",NA," "," "," ",NA," "," "," ",NA," "," "," ",NA," "," "," ",NA," "," "," ",NA," "," "," ",NA," "," "," ",NA," "," "," ",NA," "," "," "
"845","USC00413787",1959,12,"PRCP",0," "," ","0",0," "," ","0",0," "," ","0",0," "," ","0",0," "," ","0",0," "," ","0",0," "," ","0",0," "," ","0",0," "," ","0",0," "," ","0",0," "," ","0",0," "," ","0",0," "," ","0",15," "," ","0",91," "," ","0",234," "," ","0",297," "," ","0",0," "," ","0",0," "," ","0",0," "," ","0",0," "," ","0",0,"T"," ","0",0," "," ","0",0," "," ","0",0," "," ","0",15," "," ","0",25," "," ","0",0," "," ","0",0," "," ","0",0," "," ","0",0," "," ","0"
"846","USC00413787",1959,12,"SNOW",0," "," ","0",0," "," ","0",0," "," ","0",0," "," ","0",0," "," ","0",0," "," ","0",0," "," ","0",0," "," ","0",0," "," ","0",0," "," ","0",0," "," ","0",0," "," ","0",0," "," ","0",13," "," ","0",0," "," ","0",0," "," ","0",0," "," ","0",0," "," ","0",0," "," ","0",0," "," ","0",0," "," ","0",0," "," ","0",0," "," ","0",0," "," ","0",0," "," ","0",0," "," ","0",25," "," ","0",0," "," ","0",0," "," ","0",0," "," ","0",0," "," ","0"
"847","USC00413787",1959,12,"SNWD",0," "," ","0",0," "," ","0",0," "," ","0",0," "," ","0",0," "," ","0",0," "," ","0",0," "," ","0",0," "," ","0",0," "," ","0",0," "," ","0",0," "," ","0",0," "," ","0",0," "," ","0",0," "," ","0",0," "," ","0",0," "," ","0",0," "," ","0",0," "," ","0",0," "," ","0",0," "," ","0",0," "," ","0",0," "," ","0",0," "," ","0",0," "," ","0",0," "," ","0",0," "," ","0",0," "," ","0",0," "," ","0",0," "," ","0",0," "," ","0",0," "," ","0"
"848","USC00413787",1959,12,"WT01",NA," "," "," ",NA," "," "," ",NA," "," "," ",NA," "," "," ",NA," "," "," ",NA," "," "," ",NA," "," "," ",NA," "," "," ",NA," "," "," ",NA," "," "," ",NA," "," "," ",NA," "," "," ",NA," "," "," ",1," "," ","0",NA," "," "," ",NA," "," "," ",NA," "," "," ",NA," "," "," ",1," "," ","0",NA," "," "," ",NA," "," "," ",NA," "," "," ",NA," "," "," ",NA," "," "," ",NA," "," "," ",NA," "," "," ",NA," "," "," ",NA," "," "," ",NA," "," "," ",NA," "," "," ",NA," "," "," "
"849","USC00413787",1959,12,"WT03",NA," "," "," ",NA," "," "," ",NA," "," "," ",NA," "," "," ",NA," "," "," ",NA," "," "," ",NA," "," "," ",NA," "," "," ",NA," "," "," ",NA," "," "," ",NA," "," "," ",NA," "," "," ",NA," "," "," ",NA," "," "," ",NA," "," "," ",NA," "," "," ",NA," "," "," ",NA," "," "," ",NA," "," "," ",NA," "," "," ",NA," "," "," ",NA," "," "," ",NA," "," "," ",NA," "," "," ",NA," "," "," ",1," "," ","0",NA," "," "," ",NA," "," "," ",NA," "," "," ",NA," "," "," ",NA," "," "," "
"850","USC00413787",1960,1,"PRCP",0,"T"," ","0",0," "," ","0",0," "," ","0",0," "," ","0",0,"T"," ","0",0," "," ","0",0," "," ","0",0," "," ","0",0," "," ","0",0," "," ","0",0," "," ","0",8," "," ","0",0," "," ","0",71," "," ","0",0," "," ","0",46," "," ","0",48," "," ","0",0," "," ","0",0," "," ","0",0," "," ","0",0," "," ","0",0," "," ","0",0," "," ","0",0," "," ","0",0," "," ","0",0," "," ","0",0," "," ","0",0," "," ","0",0," "," ","0",0," "," ","0",0," "," ","0"
"851","USC00413787",1960,1,"SNOW",0," "," ","0",0," "," ","0",0," "," ","0",0," "," ","0",0," "," ","0",0," "," ","0",0," "," ","0",0," "," ","0",0," "," ","0",0," "," ","0",0," "," ","0",0," "," ","0",0," "," ","0",0," "," ","0",0," "," ","0",76," "," ","0",140," "," ","0",0," "," ","0",0," "," ","0",0," "," ","0",0," "," ","0",0," "," ","0",0," "," ","0",0," "," ","0",0," "," ","0",0," "," ","0",0," "," ","0",0," "," ","0",0," "," ","0",0," "," ","0",0," "," ","0"
"852","USC00413787",1960,1,"SNWD",0," "," ","0",0," "," ","0",0," "," ","0",0," "," ","0",0," "," ","0",0," "," ","0",0," "," ","0",0," "," ","0",0," "," ","0",0," "," ","0",0," "," ","0",0," "," ","0",0," "," ","0",0," "," ","0",0," "," ","0",NA," "," "," ",152," "," ","0",NA," "," "," ",NA," "," "," ",NA," "," "," ",NA," "," "," ",NA," "," "," ",NA," "," "," ",NA," "," "," ",NA," "," "," ",NA," "," "," ",0," "," ","0",0," "," ","0",0," "," ","0",0," "," ","0",0," "," ","0"
"853","USC00413787",1960,1,"WT03",NA," "," "," ",NA," "," "," ",NA," "," "," ",NA," "," "," ",NA," "," "," ",NA," "," "," ",NA," "," "," ",NA," "," "," ",NA," "," "," ",NA," "," "," ",NA," "," "," ",NA," "," "," ",NA," "," "," ",1," "," ","0",NA," "," "," ",NA," "," "," ",NA," "," "," ",NA," "," "," ",NA," "," "," ",NA," "," "," ",NA," "," "," ",NA," "," "," ",NA," "," "," ",NA," "," "," ",NA," "," "," ",NA," "," "," ",NA," "," "," ",NA," "," "," ",NA," "," "," ",NA," "," "," ",NA," "," "," "
"854","USC00413787",1960,2,"PRCP",0," "," ","0",0,"T"," ","0",147," "," ","0",180," "," ","0",0," "," ","0",0," "," ","0",0," "," ","0",0," "," ","0",0," "," ","0",0," "," ","0",0,"T"," ","0",0," "," ","0",0," "," ","0",0,"T"," ","0",8," "," ","0",0," "," ","0",0," "," ","0",0," "," ","0",0," "," ","0",0," "," ","0",0," "," ","0",0,"T"," ","0",0," "," ","0",0," "," ","0",13," "," ","0",0," "," ","0",0,"T"," ","0",0,"T"," ","0",5," "," ","0",NA," "," "," ",NA," "," "," "
"855","USC00413787",1960,3,"PRCP",0,"T"," ","0",23," "," ","0",3," "," ","0",0," "," ","0",0," "," ","0",0," "," ","0",0," "," ","0",0," "," ","0",0," "," ","0",0," "," ","0",0," "," ","0",0," "," ","0",0," "," ","0",0,"T"," ","0",8," "," ","0",0," "," ","0",0," "," ","0",0," "," ","0",0," "," ","0",0," "," ","0",0," "," ","0",0," "," ","0",0," "," ","0",0,"T"," ","0",0," "," ","0",0," "," ","0",0," "," ","0",0,"T"," ","0",0,"T"," ","0",0," "," ","0",0,"T"," ","0"
"856","USC00413787",1960,3,"SNOW",0," "," ","0",51," "," ","0",0," "," ","0",0," "," ","0",0," "," ","0",0," "," ","0",0," "," ","0",0," "," ","0",0," "," ","0",0," "," ","0",0," "," ","0",0," "," ","0",0," "," ","0",0," "," ","0",13," "," ","0",0," "," ","0",0," "," ","0",0," "," ","0",0," "," ","0",0," "," ","0",0," "," ","0",0," "," ","0",0," "," ","0",0," "," ","0",0," "," ","0",0," "," ","0",0," "," ","0",0," "," ","0",0," "," ","0",0," "," ","0",0," "," ","0"
"857","USC00413787",1960,3,"SNWD",NA," "," "," ",51," "," ","0",NA," "," "," ",NA," "," "," ",NA," "," "," ",NA," "," "," ",NA," "," "," ",NA," "," "," ",NA," "," "," ",0," "," ","0",0," "," ","0",0," "," ","0",0," "," ","0",0," "," ","0",0," "," ","0",0," "," ","0",0," "," ","0",0," "," ","0",0," "," ","0",0," "," ","0",0," "," ","0",0," "," ","0",0," "," ","0",0," "," ","0",0," "," ","0",0," "," ","0",0," "," ","0",0," "," ","0",0," "," ","0",0," "," ","0",0," "," ","0"
"858","USC00413787",1960,3,"WT03",NA," "," "," ",NA," "," "," ",NA," "," "," ",NA," "," "," ",NA," "," "," ",NA," "," "," ",NA," "," "," ",NA," "," "," ",NA," "," "," ",NA," "," "," ",NA," "," "," ",NA," "," "," ",NA," "," "," ",NA," "," "," ",NA," "," "," ",NA," "," "," ",NA," "," "," ",NA," "," "," ",NA," "," "," ",NA," "," "," ",NA," "," "," ",NA," "," "," ",NA," "," "," ",NA," "," "," ",NA," "," "," ",NA," "," "," ",NA," "," "," ",1," "," ","0",NA," "," "," ",NA," "," "," ",NA," "," "," "
"859","USC00413787",1960,4,"PRCP",0,"T"," ","0",0," "," ","0",0," "," ","0",0," "," ","0",0," "," ","0",0," "," ","0",0," "," ","0",0," "," ","0",0," "," ","0",0," "," ","0",0," "," ","0",0,"T"," ","0",94," "," ","0",0," "," ","0",0," "," ","0",0," "," ","0",0," "," ","0",0," "," ","0",0," "," ","0",0," "," ","0",0," "," ","0",0," "," ","0",0," "," ","0",0," "," ","0",0," "," ","0",0," "," ","0",0," "," ","0",0," "," ","0",41," "," ","0",0," "," ","0",NA," "," "," "
"860","USC00413787",1960,4,"SNOW",0," "," ","0",0," "," ","0",0," "," ","0",0," "," ","0",0," "," ","0",0," "," ","0",0," "," ","0",0," "," ","0",0," "," ","0",0," "," ","0",0," "," ","0",0," "," ","0",0," "," ","0",0," "," ","0",0," "," ","0",0," "," ","0",0," "," ","0",0," "," ","0",0," "," ","0",0," "," ","0",0," "," ","0",0," "," ","0",0," "," ","0",0," "," ","0",0," "," ","0",0," "," ","0",0," "," ","0",0," "," ","0",0," "," ","0",0," "," ","0",NA," "," "," "
"861","USC00413787",1960,4,"SNWD",0," "," ","0",0," "," ","0",0," "," ","0",0," "," ","0",0," "," ","0",0," "," ","0",0," "," ","0",0," "," ","0",0," "," ","0",0," "," ","0",0," "," ","0",0," "," ","0",0," "," ","0",0," "," ","0",0," "," ","0",0," "," ","0",0," "," ","0",0," "," ","0",0," "," ","0",0," "," ","0",0," "," ","0",0," "," ","0",0," "," ","0",0," "," ","0",0," "," ","0",0," "," ","0",0," "," ","0",0," "," ","0",0," "," ","0",0," "," ","0",NA," "," "," "
"862","USC00413787",1960,4,"WT03",NA," "," "," ",NA," "," "," ",NA," "," "," ",NA," "," "," ",NA," "," "," ",NA," "," "," ",NA," "," "," ",NA," "," "," ",NA," "," "," ",NA," "," "," ",NA," "," "," ",NA," "," "," ",1," "," ","0",NA," "," "," ",NA," "," "," ",NA," "," "," ",NA," "," "," ",NA," "," "," ",NA," "," "," ",NA," "," "," ",NA," "," "," ",NA," "," "," ",NA," "," "," ",NA," "," "," ",NA," "," "," ",NA," "," "," ",NA," "," "," ",NA," "," "," ",NA," "," "," ",NA," "," "," ",NA," "," "," "
"863","USC00413787",1960,5,"PRCP",0," "," ","0",0," "," ","0",0," "," ","0",48," "," ","0",0," "," ","0",3," "," ","0",0," "," ","0",0," "," ","0",0," "," ","0",0," "," ","0",0," "," ","0",0," "," ","0",0," "," ","0",0," "," ","0",0,"T"," ","0",0," "," ","0",0," "," ","0",0," "," ","0",0," "," ","0",30," "," ","0",0," "," ","0",0," "," ","0",0," "," ","0",38," "," ","0",0," "," ","0",0," "," ","0",0," "," ","0",0," "," ","0",0,"T"," ","0",0," "," ","0",0,"T"," ","0"
"864","USC00413787",1960,5,"SNOW",0," "," ","0",0," "," ","0",0," "," ","0",0," "," ","0",0," "," ","0",0," "," ","0",0," "," ","0",0," "," ","0",0," "," ","0",0," "," ","0",0," "," ","0",0," "," ","0",0," "," ","0",0," "," ","0",0," "," ","0",0," "," ","0",0," "," ","0",0," "," ","0",0," "," ","0",0," "," ","0",0," "," ","0",0," "," ","0",0," "," ","0",0," "," ","0",0," "," ","0",0," "," ","0",0," "," ","0",0," "," ","0",0," "," ","0",0," "," ","0",0," "," ","0"
"865","USC00413787",1960,5,"SNWD",0," "," ","0",0," "," ","0",0," "," ","0",0," "," ","0",0," "," ","0",0," "," ","0",0," "," ","0",0," "," ","0",0," "," ","0",0," "," ","0",0," "," ","0",0," "," ","0",0," "," ","0",0," "," ","0",0," "," ","0",0," "," ","0",0," "," ","0",0," "," ","0",0," "," ","0",0," "," ","0",0," "," ","0",0," "," ","0",0," "," ","0",0," "," ","0",0," "," ","0",0," "," ","0",0," "," ","0",0," "," ","0",0," "," ","0",0," "," ","0",0," "," ","0"
"866","USC00413787",1960,5,"WT01",NA," "," "," ",NA," "," "," ",NA," "," "," ",NA," "," "," ",NA," "," "," ",NA," "," "," ",NA," "," "," ",NA," "," "," ",NA," "," "," ",NA," "," "," ",NA," "," "," ",NA," "," "," ",NA," "," "," ",NA," "," "," ",1," "," ","0",NA," "," "," ",NA," "," "," ",NA," "," "," ",NA," "," "," ",NA," "," "," ",NA," "," "," ",NA," "," "," ",NA," "," "," ",NA," "," "," ",NA," "," "," ",NA," "," "," ",NA," "," "," ",NA," "," "," ",NA," "," "," ",NA," "," "," ",NA," "," "," "
"867","USC00413787",1960,5,"WT03",NA," "," "," ",NA," "," "," ",NA," "," "," ",1," "," ","0",1," "," ","0",1," "," ","0",NA," "," "," ",NA," "," "," ",NA," "," "," ",NA," "," "," ",NA," "," "," ",NA," "," "," ",NA," "," "," ",NA," "," "," ",NA," "," "," ",NA," "," "," ",NA," "," "," ",NA," "," "," ",NA," "," "," ",NA," "," "," ",NA," "," "," ",NA," "," "," ",NA," "," "," ",1," "," ","0",NA," "," "," ",NA," "," "," ",NA," "," "," ",NA," "," "," ",1," "," ","0",NA," "," "," ",1," "," ","0"
"868","USC00413787",1960,6,"PRCP",0," "," ","0",0," "," ","0",0,"T"," ","0",152," "," ","0",160," "," ","0",0," "," ","0",20," "," ","0",30," "," ","0",30," "," ","0",46," "," ","0",61," "," ","0",66," "," ","0",117," "," ","0",0," "," ","0",0," "," ","0",0," "," ","0",0," "," ","0",0," "," ","0",0," "," ","0",0," "," ","0",0," "," ","0",0," "," ","0",0," "," ","0",0," "," ","0",0," "," ","0",0," "," ","0",0," "," ","0",0," "," ","0",0," "," ","0",0," "," ","0",NA," "," "," "
"869","USC00413787",1960,6,"SNOW",0," "," ","0",0," "," ","0",0," "," ","0",0," "," ","0",0," "," ","0",0," "," ","0",0," "," ","0",0," "," ","0",0," "," ","0",0," "," ","0",0," "," ","0",0," "," ","0",0," "," ","0",0," "," ","0",0," "," ","0",0," "," ","0",0," "," ","0",0," "," ","0",0," "," ","0",0," "," ","0",0," "," ","0",0," "," ","0",0," "," ","0",0," "," ","0",0," "," ","0",0," "," ","0",0," "," ","0",0," "," ","0",0," "," ","0",0," "," ","0",NA," "," "," "
"870","USC00413787",1960,6,"SNWD",0," "," ","0",0," "," ","0",0," "," ","0",0," "," ","0",0," "," ","0",0," "," ","0",0," "," ","0",0," "," ","0",0," "," ","0",0," "," ","0",0," "," ","0",0," "," ","0",0," "," ","0",0," "," ","0",0," "," ","0",0," "," ","0",0," "," ","0",0," "," ","0",0," "," ","0",0," "," ","0",0," "," ","0",0," "," ","0",0," "," ","0",0," "," ","0",0," "," ","0",0," "," ","0",0," "," ","0",0," "," ","0",0," "," ","0",0," "," ","0",NA," "," "," "
"871","USC00413787",1960,6,"WT03",NA," "," "," ",NA," "," "," ",1," "," ","0",1," "," ","0",1," "," ","0",1," "," ","0",1," "," ","0",1," "," ","0",1," "," ","0",1," "," ","0",1," "," ","0",1," "," ","0",1," "," ","0",NA," "," "," ",NA," "," "," ",NA," "," "," ",NA," "," "," ",NA," "," "," ",NA," "," "," ",NA," "," "," ",NA," "," "," ",NA," "," "," ",NA," "," "," ",NA," "," "," ",NA," "," "," ",NA," "," "," ",NA," "," "," ",NA," "," "," ",NA," "," "," ",NA," "," "," ",NA," "," "," "
"872","USC00413787",1960,7,"PRCP",0," "," ","0",0," "," ","0",0," "," ","0",241," "," ","0",0,"T"," ","0",305," "," ","0",183," "," ","0",137," "," ","0",36," "," ","0",0," "," ","0",0," "," ","0",0," "," ","0",0," "," ","0",0," "," ","0",0," "," ","0",0," "," ","0",0," "," ","0",0," "," ","0",0," "," ","0",38," "," ","0",25," "," ","0",0," "," ","0",0," "," ","0",0," "," ","0",0," "," ","0",0," "," ","0",0," "," ","0",0," "," ","0",64," "," ","0",0," "," ","0",0," "," ","0"
"873","USC00413787",1960,7,"SNOW",0," "," ","0",0," "," ","0",0," "," ","0",0," "," ","0",0," "," ","0",0," "," ","0",0," "," ","0",0," "," ","0",0," "," ","0",0," "," ","0",0," "," ","0",0," "," ","0",0," "," ","0",0," "," ","0",0," "," ","0",0," "," ","0",0," "," ","0",0," "," ","0",0," "," ","0",0," "," ","0",0," "," ","0",0," "," ","0",0," "," ","0",0," "," ","0",0," "," ","0",0," "," ","0",0," "," ","0",0," "," ","0",0," "," ","0",0," "," ","0",0," "," ","0"
"874","USC00413787",1960,7,"SNWD",0," "," ","0",0," "," ","0",0," "," ","0",0," "," ","0",0," "," ","0",0," "," ","0",0," "," ","0",0," "," ","0",0," "," ","0",0," "," ","0",0," "," ","0",0," "," ","0",0," "," ","0",0," "," ","0",0," "," ","0",0," "," ","0",0," "," ","0",0," "," ","0",0," "," ","0",0," "," ","0",0," "," ","0",0," "," ","0",0," "," ","0",0," "," ","0",0," "," ","0",0," "," ","0",0," "," ","0",0," "," ","0",0," "," ","0",0," "," ","0",0," "," ","0"
"875","USC00413787",1960,7,"WT03",NA," "," "," ",NA," "," "," ",NA," "," "," ",1," "," ","0",NA," "," "," ",NA," "," "," ",NA," "," "," ",NA," "," "," ",NA," "," "," ",NA," "," "," ",NA," "," "," ",NA," "," "," ",NA," "," "," ",NA," "," "," ",NA," "," "," ",NA," "," "," ",NA," "," "," ",NA," "," "," ",NA," "," "," ",1," "," ","0",1," "," ","0",NA," "," "," ",NA," "," "," ",NA," "," "," ",NA," "," "," ",NA," "," "," ",NA," "," "," ",NA," "," "," ",1," "," ","0",NA," "," "," ",NA," "," "," "
"876","USC00413787",1960,8,"PRCP",0," "," ","0",0," "," ","0",0," "," ","0",112," "," ","0",0," "," ","0",0," "," ","0",0," "," ","0",0," "," ","0",305," "," ","0",64," "," ","0",0," "," ","0",0," "," ","0",201," "," ","0",0," "," ","0",0," "," ","0",0," "," ","0",43," "," ","0",99," "," ","0",0," "," ","0",13," "," ","0",0," "," ","0",0," "," ","0",0," "," ","0",0," "," ","0",0," "," ","0",0," "," ","0",0," "," ","0",0," "," ","0",0," "," ","0",0," "," ","0",0," "," ","0"
"877","USC00413787",1960,8,"SNOW",0," "," ","0",0," "," ","0",0," "," ","0",0," "," ","0",0," "," ","0",0," "," ","0",0," "," ","0",0," "," ","0",0," "," ","0",0," "," ","0",0," "," ","0",0," "," ","0",0," "," ","0",0," "," ","0",0," "," ","0",0," "," ","0",0," "," ","0",0," "," ","0",0," "," ","0",0," "," ","0",0," "," ","0",0," "," ","0",0," "," ","0",0," "," ","0",0," "," ","0",0," "," ","0",0," "," ","0",0," "," ","0",0," "," ","0",0," "," ","0",0," "," ","0"
"878","USC00413787",1960,8,"SNWD",0," "," ","0",0," "," ","0",0," "," ","0",0," "," ","0",0," "," ","0",0," "," ","0",0," "," ","0",0," "," ","0",0," "," ","0",0," "," ","0",0," "," ","0",0," "," ","0",0," "," ","0",0," "," ","0",0," "," ","0",0," "," ","0",0," "," ","0",0," "," ","0",0," "," ","0",0," "," ","0",0," "," ","0",0," "," ","0",0," "," ","0",0," "," ","0",0," "," ","0",0," "," ","0",0," "," ","0",0," "," ","0",0," "," ","0",0," "," ","0",0," "," ","0"
"879","USC00413787",1960,8,"WT03",NA," "," "," ",NA," "," "," ",NA," "," "," ",1," "," ","0",NA," "," "," ",NA," "," "," ",NA," "," "," ",NA," "," "," ",1," "," ","0",NA," "," "," ",NA," "," "," ",NA," "," "," ",1," "," ","0",NA," "," "," ",NA," "," "," ",NA," "," "," ",1," "," ","0",1," "," ","0",NA," "," "," ",1," "," ","0",NA," "," "," ",NA," "," "," ",NA," "," "," ",NA," "," "," ",NA," "," "," ",NA," "," "," ",NA," "," "," ",NA," "," "," ",NA," "," "," ",NA," "," "," ",NA," "," "," "
"880","USC00413787",1960,9,"PRCP",0," "," ","0",0," "," ","0",0," "," ","0",0," "," ","0",0," "," ","0",0," "," ","0",0," "," ","0",18," "," ","0",711," "," ","0",0," "," ","0",0," "," ","0",0," "," ","0",0," "," ","0",0," "," ","0",8," "," ","0",30," "," ","0",0," "," ","0",140," "," ","0",0," "," ","0",0," "," ","0",0," "," ","0",0," "," ","0",958," "," ","0",53," "," ","0",0," "," ","0",0," "," ","0",0," "," ","0",0," "," ","0",0," "," ","0",0,"T"," ","0",NA," "," "," "
"881","USC00413787",1960,9,"SNOW",0," "," ","0",0," "," ","0",0," "," ","0",0," "," ","0",0," "," ","0",0," "," ","0",0," "," ","0",0," "," ","0",0," "," ","0",0," "," ","0",0," "," ","0",0," "," ","0",0," "," ","0",0," "," ","0",0," "," ","0",0," "," ","0",0," "," ","0",0," "," ","0",0," "," ","0",0," "," ","0",0," "," ","0",0," "," ","0",0," "," ","0",0," "," ","0",0," "," ","0",0," "," ","0",0," "," ","0",0," "," ","0",0," "," ","0",0," "," ","0",NA," "," "," "
"882","USC00413787",1960,9,"SNWD",0," "," ","0",0," "," ","0",0," "," ","0",0," "," ","0",0," "," ","0",0," "," ","0",0," "," ","0",0," "," ","0",0," "," ","0",0," "," ","0",0," "," ","0",0," "," ","0",0," "," ","0",0," "," ","0",0," "," ","0",0," "," ","0",0," "," ","0",0," "," ","0",0," "," ","0",0," "," ","0",0," "," ","0",0," "," ","0",0," "," ","0",0," "," ","0",0," "," ","0",0," "," ","0",0," "," ","0",0," "," ","0",0," "," ","0",0," "," ","0",NA," "," "," "
"883","USC00413787",1960,9,"WT03",NA," "," "," ",NA," "," "," ",NA," "," "," ",NA," "," "," ",NA," "," "," ",NA," "," "," ",NA," "," "," ",NA," "," "," ",1," "," ","0",NA," "," "," ",NA," "," "," ",NA," "," "," ",NA," "," "," ",NA," "," "," ",1," "," ","0",1," "," ","0",NA," "," "," ",1," "," ","0",NA," "," "," ",NA," "," "," ",NA," "," "," ",NA," "," "," ",1," "," ","0",NA," "," "," ",NA," "," "," ",NA," "," "," ",NA," "," "," ",NA," "," "," ",NA," "," "," ",1," "," ","0",NA," "," "," "
"884","USC00413787",1960,10,"PRCP",0," "," ","0",0," "," ","0",0," "," ","0",0," "," ","0",0," "," ","0",0," "," ","0",0," "," ","0",0," "," ","0",0," "," ","0",0," "," ","0",185," "," ","0",0," "," ","0",0," "," ","0",0," "," ","0",249," "," ","0",23," "," ","0",122," "," ","0",74," "," ","0",152," "," ","0",0," "," ","0",0," "," ","0",0," "," ","0",0," "," ","0",0," "," ","0",0," "," ","0",0," "," ","0",0," "," ","0",0," "," ","0",0," "," ","0",0,"T"," ","0",0," "," ","0"
"885","USC00413787",1960,10,"SNOW",0," "," ","0",0," "," ","0",0," "," ","0",0," "," ","0",0," "," ","0",0," "," ","0",0," "," ","0",0," "," ","0",0," "," ","0",0," "," ","0",0," "," ","0",0," "," ","0",0," "," ","0",0," "," ","0",0," "," ","0",0," "," ","0",0," "," ","0",0," "," ","0",0," "," ","0",0," "," ","0",0," "," ","0",0," "," ","0",0," "," ","0",0," "," ","0",0," "," ","0",0," "," ","0",0," "," ","0",0," "," ","0",0," "," ","0",0,"T"," ","0",0," "," ","0"
"886","USC00413787",1960,10,"SNWD",0," "," ","0",0," "," ","0",0," "," ","0",0," "," ","0",0," "," ","0",0," "," ","0",0," "," ","0",0," "," ","0",0," "," ","0",0," "," ","0",0," "," ","0",0," "," ","0",0," "," ","0",0," "," ","0",0," "," ","0",0," "," ","0",0," "," ","0",0," "," ","0",0," "," ","0",0," "," ","0",0," "," ","0",0," "," ","0",0," "," ","0",0," "," ","0",0," "," ","0",0," "," ","0",0," "," ","0",0," "," ","0",0," "," ","0",0," "," ","0",0," "," ","0"
"887","USC00413787",1960,10,"WT03",NA," "," "," ",NA," "," "," ",NA," "," "," ",NA," "," "," ",NA," "," "," ",NA," "," "," ",NA," "," "," ",NA," "," "," ",NA," "," "," ",NA," "," "," ",1," "," ","0",NA," "," "," ",NA," "," "," ",NA," "," "," ",1," "," ","0",NA," "," "," ",NA," "," "," ",1," "," ","0",1," "," ","0",NA," "," "," ",NA," "," "," ",NA," "," "," ",NA," "," "," ",NA," "," "," ",NA," "," "," ",NA," "," "," ",NA," "," "," ",NA," "," "," ",NA," "," "," ",NA," "," "," ",NA," "," "," "
"888","USC00413787",1960,11,"PRCP",0," "," ","0",0," "," ","0",0," "," ","0",0," "," ","0",0," "," ","0",0," "," ","0",0," "," ","0",0," "," ","0",0,"T"," ","0",0," "," ","0",0," "," ","0",0," "," ","0",0," "," ","0",0," "," ","0",0," "," ","0",0," "," ","0",0," "," ","0",0," "," ","0",0," "," ","0",0," "," ","0",0," "," ","0",0," "," ","0",0," "," ","0",0," "," ","0",0," "," ","0",0," "," ","0",0," "," ","0",0," "," ","0",0," "," ","0",0," "," ","0",NA," "," "," "
"889","USC00413787",1960,11,"SNOW",0," "," ","0",0," "," ","0",0," "," ","0",0," "," ","0",0," "," ","0",0," "," ","0",0," "," ","0",0," "," ","0",0," "," ","0",0," "," ","0",0," "," ","0",0," "," ","0",0," "," ","0",0," "," ","0",0," "," ","0",0," "," ","0",0," "," ","0",0," "," ","0",0," "," ","0",0," "," ","0",0," "," ","0",0," "," ","0",0," "," ","0",0," "," ","0",0," "," ","0",0," "," ","0",0," "," ","0",0," "," ","0",0," "," ","0",0," "," ","0",NA," "," "," "
"890","USC00413787",1960,11,"SNWD",0," "," ","0",0," "," ","0",0," "," ","0",0," "," ","0",0," "," ","0",0," "," ","0",0," "," ","0",0," "," ","0",0," "," ","0",0," "," ","0",0," "," ","0",0," "," ","0",0," "," ","0",0," "," ","0",0," "," ","0",0," "," ","0",0," "," ","0",0," "," ","0",0," "," ","0",0," "," ","0",0," "," ","0",0," "," ","0",0," "," ","0",0," "," ","0",0," "," ","0",0," "," ","0",0," "," ","0",0," "," ","0",0," "," ","0",0," "," ","0",NA," "," "," "
"891","USC00413787",1960,12,"PRCP",0," "," ","0",0," "," ","0",0," "," ","0",38," "," ","0",0," "," ","0",18," "," ","0",0," "," ","0",0," "," ","0",30," "," ","0",25," "," ","0",25," "," ","0",0," "," ","0",0,"T"," ","0",0," "," ","0",0," "," ","0",0," "," ","0",0," "," ","0",0," "," ","0",0," "," ","0",0," "," ","0",0," "," ","0",0," "," ","0",0," "," ","0",0," "," ","0",0," "," ","0",0," "," ","0",0," "," ","0",0," "," ","0",0," "," ","0",0," "," ","0",0," "," ","0"
"892","USC00413787",1960,12,"SNOW",0," "," ","0",0," "," ","0",0," "," ","0",0," "," ","0",0," "," ","0",25," "," ","0",0," "," ","0",0," "," ","0",38," "," ","0",NA," "," "," ",NA," "," "," ",0," "," ","0",0," "," ","0",0," "," ","0",0," "," ","0",0," "," ","0",0," "," ","0",0," "," ","0",0," "," ","0",0," "," ","0",0," "," ","0",0," "," ","0",0," "," ","0",0," "," ","0",0," "," ","0",0," "," ","0",0," "," ","0",0," "," ","0",0," "," ","0",0," "," ","0",0," "," ","0"
"893","USC00413787",1960,12,"SNWD",0," "," ","0",0," "," ","0",0," "," ","0",0," "," ","0",0," "," ","0",25," "," ","0",NA," "," "," ",NA," "," "," ",51," "," ","0",76," "," ","0",NA," "," "," ",NA," "," "," ",NA," "," "," ",NA," "," "," ",NA," "," "," ",NA," "," "," ",NA," "," "," ",NA," "," "," ",NA," "," "," ",NA," "," "," ",NA," "," "," ",NA," "," "," ",NA," "," "," ",NA," "," "," ",NA," "," "," ",NA," "," "," ",NA," "," "," ",NA," "," "," ",NA," "," "," ",NA," "," "," ",NA," "," "," "
"894","USC00413787",1960,12,"WT01",NA," "," "," ",NA," "," "," ",NA," "," "," ",NA," "," "," ",NA," "," "," ",NA," "," "," ",NA," "," "," ",NA," "," "," ",NA," "," "," ",NA," "," "," ",NA," "," "," ",1," "," ","0",1," "," ","0",NA," "," "," ",NA," "," "," ",NA," "," "," ",NA," "," "," ",NA," "," "," ",NA," "," "," ",NA," "," "," ",NA," "," "," ",NA," "," "," ",NA," "," "," ",NA," "," "," ",NA," "," "," ",NA," "," "," ",NA," "," "," ",NA," "," "," ",NA," "," "," ",NA," "," "," ",NA," "," "," "
"895","USC00413787",1961,1,"PRCP",0," "," ","0",0," "," ","0",0," "," ","0",0," "," ","0",0," "," ","0",0," "," ","0",0," "," ","0",0," "," ","0",0," "," ","0",0," "," ","0",0," "," ","0",0," "," ","0",0," "," ","0",0," "," ","0",0," "," ","0",0," "," ","0",0," "," ","0",0," "," ","0",0," "," ","0",0," "," ","0",0," "," ","0",0," "," ","0",0," "," ","0",0," "," ","0",0," "," ","0",0," "," ","0",15," "," ","0",0," "," ","0",0," "," ","0",0," "," ","0",0," "," ","0"
"896","USC00413787",1961,1,"SNOW",0," "," ","0",0," "," ","0",0," "," ","0",0," "," ","0",0," "," ","0",0," "," ","0",0," "," ","0",0," "," ","0",0," "," ","0",0," "," ","0",0," "," ","0",0," "," ","0",0," "," ","0",0," "," ","0",0," "," ","0",0," "," ","0",0," "," ","0",0," "," ","0",0," "," ","0",0," "," ","0",0," "," ","0",0," "," ","0",0," "," ","0",0," "," ","0",0," "," ","0",0," "," ","0",20," "," ","0",0," "," ","0",0," "," ","0",0," "," ","0",0," "," ","0"
"897","USC00413787",1961,1,"SNWD",0," "," ","0",0," "," ","0",0," "," ","0",0," "," ","0",0," "," ","0",0," "," ","0",0," "," ","0",0," "," ","0",0," "," ","0",0," "," ","0",0," "," ","0",0," "," ","0",0," "," ","0",0," "," ","0",0," "," ","0",0," "," ","0",0," "," ","0",0," "," ","0",0," "," ","0",0," "," ","0",0," "," ","0",0," "," ","0",0," "," ","0",0," "," ","0",0," "," ","0",0," "," ","0",25," "," ","0",0," "," ","0",0," "," ","0",0," "," ","0",0," "," ","0"
"898","USC00413787",1961,2,"PRCP",0," "," ","0",0," "," ","0",0," "," ","0",NA," "," "," ",NA," "," "," ",0," "," ","0",0," "," ","0",0," "," ","0",0," "," ","0",0," "," ","0",0," "," ","0",0," "," ","0",0," "," ","0",0," "," ","0",0," "," ","0",0," "," ","0",0," "," ","0",0," "," ","0",0," "," ","0",0," "," ","0",0," "," ","0",0," "," ","0",18," "," ","0",0," "," ","0",0," "," ","0",0," "," ","0",0,"T"," ","0",0," "," ","0",NA," "," "," ",NA," "," "," ",NA," "," "," "
"899","USC00413787",1961,2,"SNOW",0," "," ","0",0," "," ","0",0," "," ","0",NA," "," "," ",NA," "," "," ",0," "," ","0",0," "," ","0",0," "," ","0",0," "," ","0",0," "," ","0",0," "," ","0",0," "," ","0",0," "," ","0",0," "," ","0",0," "," ","0",0," "," ","0",0," "," ","0",0," "," ","0",0," "," ","0",0," "," ","0",0," "," ","0",0," "," ","0",25," "," ","0",0," "," ","0",0," "," ","0",0," "," ","0",0," "," ","0",0," "," ","0",NA," "," "," ",NA," "," "," ",NA," "," "," "
"900","USC00413787",1961,2,"SNWD",0," "," ","0",0," "," ","0",0," "," ","0",NA," "," "," ",NA," "," "," ",NA," "," "," ",NA," "," "," ",NA," "," "," ",NA," "," "," ",NA," "," "," ",0," "," ","0",0," "," ","0",0," "," ","0",0," "," ","0",0," "," ","0",0," "," ","0",0," "," ","0",0," "," ","0",0," "," ","0",0," "," ","0",0," "," ","0",0," "," ","0",NA," "," "," ",0," "," ","0",0," "," ","0",0," "," ","0",0," "," ","0",0," "," ","0",NA," "," "," ",NA," "," "," ",NA," "," "," "
"901","USC00413787",1961,2,"DAPR",NA," "," "," ",NA," "," "," ",NA," "," "," ",NA," "," "," ",2," "," ","0",NA," "," "," ",NA," "," "," ",NA," "," "," ",NA," "," "," ",NA," "," "," ",NA," "," "," ",NA," "," "," ",NA," "," "," ",NA," "," "," ",NA," "," "," ",NA," "," "," ",NA," "," "," ",NA," "," "," ",NA," "," "," ",NA," "," "," ",NA," "," "," ",NA," "," "," ",NA," "," "," ",NA," "," "," ",NA," "," "," ",NA," "," "," ",NA," "," "," ",NA," "," "," ",NA," "," "," ",NA," "," "," ",NA," "," "," "
"902","USC00413787",1961,2,"DASF",NA," "," "," ",NA," "," "," ",NA," "," "," ",NA," "," "," ",2," "," ","0",NA," "," "," ",NA," "," "," ",NA," "," "," ",NA," "," "," ",NA," "," "," ",NA," "," "," ",NA," "," "," ",NA," "," "," ",NA," "," "," ",NA," "," "," ",NA," "," "," ",NA," "," "," ",NA," "," "," ",NA," "," "," ",NA," "," "," ",NA," "," "," ",NA," "," "," ",NA," "," "," ",NA," "," "," ",NA," "," "," ",NA," "," "," ",NA," "," "," ",NA," "," "," ",NA," "," "," ",NA," "," "," ",NA," "," "," "
"903","USC00413787",1961,2,"MDPR",NA," "," "," ",NA," "," "," ",NA," "," "," ",NA," "," "," ",119," "," ","0",NA," "," "," ",NA," "," "," ",NA," "," "," ",NA," "," "," ",NA," "," "," ",NA," "," "," ",NA," "," "," ",NA," "," "," ",NA," "," "," ",NA," "," "," ",NA," "," "," ",NA," "," "," ",NA," "," "," ",NA," "," "," ",NA," "," "," ",NA," "," "," ",NA," "," "," ",NA," "," "," ",NA," "," "," ",NA," "," "," ",NA," "," "," ",NA," "," "," ",NA," "," "," ",NA," "," "," ",NA," "," "," ",NA," "," "," "
"904","USC00413787",1961,2,"MDSF",NA," "," "," ",NA," "," "," ",NA," "," "," ",NA," "," "," ",127," "," ","0",NA," "," "," ",NA," "," "," ",NA," "," "," ",NA," "," "," ",NA," "," "," ",NA," "," "," ",NA," "," "," ",NA," "," "," ",NA," "," "," ",NA," "," "," ",NA," "," "," ",NA," "," "," ",NA," "," "," ",NA," "," "," ",NA," "," "," ",NA," "," "," ",NA," "," "," ",NA," "," "," ",NA," "," "," ",NA," "," "," ",NA," "," "," ",NA," "," "," ",NA," "," "," ",NA," "," "," ",NA," "," "," ",NA," "," "," "
"905","USC00413787",1961,3,"PRCP",0," "," ","0",0," "," ","0",0," "," ","0",0," "," ","0",0," "," ","0",0," "," ","0",0," "," ","0",0," "," ","0",0," "," ","0",0," "," ","0",0," "," ","0",0," "," ","0",0," "," ","0",0," "," ","0",0," "," ","0",0," "," ","0",335," "," ","0",0," "," ","0",89," "," ","0",0,"T"," ","0",0," "," ","0",0," "," ","0",0," "," ","0",8," "," ","0",0," "," ","0",0," "," ","0",0," "," ","0",0,"T"," ","0",0," "," ","0",69," "," ","0",274," "," ","0"
"906","USC00413787",1961,3,"SNOW",0," "," ","0",0," "," ","0",0," "," ","0",0," "," ","0",0," "," ","0",0," "," ","0",0," "," ","0",0," "," ","0",0," "," ","0",0," "," ","0",0," "," ","0",0," "," ","0",0," "," ","0",0," "," ","0",0," "," ","0",0," "," ","0",51," "," ","0",0," "," ","0",76," "," ","0",0," "," ","0",0," "," ","0",0," "," ","0",0," "," ","0",0," "," ","0",0," "," ","0",0," "," ","0",0," "," ","0",0," "," ","0",0," "," ","0",25," "," ","0",127," "," ","0"
"907","USC00413787",1961,3,"SNWD",0," "," ","0",0," "," ","0",0," "," ","0",0," "," ","0",0," "," ","0",0," "," ","0",0," "," ","0",0," "," ","0",0," "," ","0",0," "," ","0",0," "," ","0",0," "," ","0",0," "," ","0",0," "," ","0",0," "," ","0",0," "," ","0",25," "," ","0",0," "," ","0",76," "," ","0",0," "," ","0",0," "," ","0",0," "," ","0",0," "," ","0",0," "," ","0",0," "," ","0",0," "," ","0",0," "," ","0",0," "," ","0",0," "," ","0",25," "," ","0",0,"T"," ","0"
"908","USC00413787",1961,3,"WT01",NA," "," "," ",NA," "," "," ",NA," "," "," ",NA," "," "," ",NA," "," "," ",NA," "," "," ",NA," "," "," ",NA," "," "," ",NA," "," "," ",NA," "," "," ",NA," "," "," ",NA," "," "," ",NA," "," "," ",NA," "," "," ",NA," "," "," ",NA," "," "," ",1," "," ","0",NA," "," "," ",NA," "," "," ",NA," "," "," ",NA," "," "," ",NA," "," "," ",NA," "," "," ",NA," "," "," ",NA," "," "," ",NA," "," "," ",NA," "," "," ",NA," "," "," ",NA," "," "," ",NA," "," "," ",NA," "," "," "
"909","USC00413787",1961,4,"PRCP",0," "," ","0",0," "," ","0",0," "," ","0",0," "," ","0",76," "," ","0",0," "," ","0",30," "," ","0",18," "," ","0",0," "," ","0",0," "," ","0",0,"T"," ","0",0," "," ","0",0," "," ","0",28," "," ","0",0," "," ","0",0," "," ","0",0," "," ","0",0," "," ","0",0," "," ","0",0," "," ","0",0," "," ","0",0," "," ","0",0," "," ","0",0," "," ","0",0," "," ","0",10," "," ","0",0," "," ","0",0," "," ","0",0," "," ","0",0," "," ","0",NA," "," "," "
"910","USC00413787",1961,4,"SNOW",0," "," ","0",0," "," ","0",0," "," ","0",0," "," ","0",0," "," ","0",0," "," ","0",0," "," ","0",0," "," ","0",0," "," ","0",0," "," ","0",0," "," ","0",0," "," ","0",0," "," ","0",0," "," ","0",0," "," ","0",0," "," ","0",0," "," ","0",0," "," ","0",0," "," ","0",0," "," ","0",0," "," ","0",0," "," ","0",0," "," ","0",0," "," ","0",0," "," ","0",0," "," ","0",0," "," ","0",0," "," ","0",0," "," ","0",0," "," ","0",NA," "," "," "
"911","USC00413787",1961,4,"SNWD",0," "," ","0",0," "," ","0",0," "," ","0",0," "," ","0",0," "," ","0",0," "," ","0",0," "," ","0",0," "," ","0",0," "," ","0",0," "," ","0",0," "," ","0",0," "," ","0",0," "," ","0",0," "," ","0",0," "," ","0",0," "," ","0",0," "," ","0",0," "," ","0",0," "," ","0",0," "," ","0",0," "," ","0",0," "," ","0",0," "," ","0",0," "," ","0",0," "," ","0",0," "," ","0",0," "," ","0",0," "," ","0",0," "," ","0",0," "," ","0",NA," "," "," "
"912","USC00413787",1961,4,"WT03",NA," "," "," ",NA," "," "," ",NA," "," "," ",NA," "," "," ",NA," "," "," ",NA," "," "," ",NA," "," "," ",NA," "," "," ",NA," "," "," ",NA," "," "," ",NA," "," "," ",NA," "," "," ",NA," "," "," ",1," "," ","0",NA," "," "," ",NA," "," "," ",NA," "," "," ",NA," "," "," ",NA," "," "," ",NA," "," "," ",NA," "," "," ",NA," "," "," ",NA," "," "," ",NA," "," "," ",NA," "," "," ",1," "," ","0",NA," "," "," ",NA," "," "," ",NA," "," "," ",NA," "," "," ",NA," "," "," "
"913","USC00413787",1961,5,"PRCP",0," "," ","0",0," "," ","0",0," "," ","0",0," "," ","0",229," "," ","0",0," "," ","0",0," "," ","0",13," "," ","0",0," "," ","0",0," "," ","0",0," "," ","0",0," "," ","0",0," "," ","0",0," "," ","0",0," "," ","0",71," "," ","0",0," "," ","0",0," "," ","0",0," "," ","0",18," "," ","0",119," "," ","0",0," "," ","0",0," "," ","0",0," "," ","0",0," "," ","0",0," "," ","0",0," "," ","0",0," "," ","0",0," "," ","0",0," "," ","0",18," "," ","0"
"914","USC00413787",1961,5,"SNOW",0," "," ","0",0," "," ","0",0," "," ","0",0," "," ","0",0," "," ","0",0," "," ","0",0," "," ","0",0," "," ","0",0," "," ","0",0," "," ","0",0," "," ","0",0," "," ","0",0," "," ","0",0," "," ","0",0," "," ","0",0," "," ","0",0," "," ","0",0," "," ","0",0," "," ","0",0," "," ","0",0," "," ","0",0," "," ","0",0," "," ","0",0," "," ","0",0," "," ","0",0," "," ","0",0," "," ","0",0," "," ","0",0," "," ","0",0," "," ","0",0," "," ","0"
"915","USC00413787",1961,5,"SNWD",0," "," ","0",0," "," ","0",0," "," ","0",0," "," ","0",0," "," ","0",0," "," ","0",0," "," ","0",0," "," ","0",0," "," ","0",0," "," ","0",0," "," ","0",0," "," ","0",0," "," ","0",0," "," ","0",0," "," ","0",0," "," ","0",0," "," ","0",0," "," ","0",0," "," ","0",0," "," ","0",0," "," ","0",0," "," ","0",0," "," ","0",0," "," ","0",0," "," ","0",0," "," ","0",0," "," ","0",0," "," ","0",0," "," ","0",0," "," ","0",0," "," ","0"
"916","USC00413787",1961,5,"WT03",NA," "," "," ",NA," "," "," ",NA," "," "," ",NA," "," "," ",1," "," ","0",NA," "," "," ",NA," "," "," ",1," "," ","0",NA," "," "," ",NA," "," "," ",NA," "," "," ",NA," "," "," ",NA," "," "," ",NA," "," "," ",NA," "," "," ",1," "," ","0",NA," "," "," ",NA," "," "," ",NA," "," "," ",1," "," ","0",1," "," ","0",NA," "," "," ",NA," "," "," ",NA," "," "," ",NA," "," "," ",NA," "," "," ",NA," "," "," ",NA," "," "," ",NA," "," "," ",NA," "," "," ",1," "," ","0"
"917","USC00413787",1961,6,"PRCP",0," "," ","0",20," "," ","0",0," "," ","0",102," "," ","0",0," "," ","0",43," "," ","0",15," "," ","0",157," "," ","0",0," "," ","0",0," "," ","0",0," "," ","0",0," "," ","0",0," "," ","0",58," "," ","0",13," "," ","0",0," "," ","0",0," "," ","0",0," "," ","0",0," "," ","0",0,"T"," ","0",0," "," ","0",0," "," ","0",0," "," ","0",0," "," ","0",102," "," ","0",0," "," ","0",0," "," ","0",0," "," ","0",0," "," ","0",0," "," ","0",NA," "," "," "
"918","USC00413787",1961,6,"SNOW",0," "," ","0",0," "," ","0",0," "," ","0",0," "," ","0",0," "," ","0",0," "," ","0",0," "," ","0",0," "," ","0",0," "," ","0",0," "," ","0",0," "," ","0",0," "," ","0",0," "," ","0",0," "," ","0",0," "," ","0",0," "," ","0",0," "," ","0",0," "," ","0",0," "," ","0",0," "," ","0",0," "," ","0",0," "," ","0",0," "," ","0",0," "," ","0",0," "," ","0",0," "," ","0",0," "," ","0",0," "," ","0",0," "," ","0",0," "," ","0",NA," "," "," "
"919","USC00413787",1961,6,"SNWD",0," "," ","0",0," "," ","0",0," "," ","0",0," "," ","0",0," "," ","0",0," "," ","0",0," "," ","0",0," "," ","0",0," "," ","0",0," "," ","0",0," "," ","0",0," "," ","0",0," "," ","0",0," "," ","0",0," "," ","0",0," "," ","0",0," "," ","0",0," "," ","0",0," "," ","0",0," "," ","0",0," "," ","0",0," "," ","0",0," "," ","0",0," "," ","0",0," "," ","0",0," "," ","0",0," "," ","0",0," "," ","0",0," "," ","0",0," "," ","0",NA," "," "," "
"920","USC00413787",1961,6,"WT03",NA," "," "," ",1," "," ","0",NA," "," "," ",1," "," ","0",NA," "," "," ",1," "," ","0",1," "," ","0",1," "," ","0",NA," "," "," ",NA," "," "," ",NA," "," "," ",NA," "," "," ",NA," "," "," ",1," "," ","0",1," "," ","0",NA," "," "," ",NA," "," "," ",NA," "," "," ",NA," "," "," ",NA," "," "," ",NA," "," "," ",NA," "," "," ",NA," "," "," ",NA," "," "," ",1," "," ","0",1," "," ","0",NA," "," "," ",NA," "," "," ",NA," "," "," ",NA," "," "," ",NA," "," "," "
"921","USC00413787",1961,7,"PRCP",0," "," ","0",46," "," ","0",0," "," ","0",0," "," ","0",0," "," ","0",0," "," ","0",0," "," ","0",211," "," ","0",102," "," ","0",0," "," ","0",18," "," ","0",20," "," ","0",0," "," ","0",0," "," ","0",0," "," ","0",0," "," ","0",0," "," ","0",0," "," ","0",0," "," ","0",23," "," ","0",152," "," ","0",74," "," ","0",0," "," ","0",0," "," ","0",0," "," ","0",0," "," ","0",0," "," ","0",0," "," ","0",0," "," ","0",0," "," ","0",0," "," ","0"
"922","USC00413787",1961,7,"SNOW",0," "," ","0",0," "," ","0",0," "," ","0",0," "," ","0",0," "," ","0",0," "," ","0",0," "," ","0",0," "," ","0",0," "," ","0",0," "," ","0",0," "," ","0",0," "," ","0",0," "," ","0",0," "," ","0",0," "," ","0",0," "," ","0",0," "," ","0",0," "," ","0",0," "," ","0",0," "," ","0",0," "," ","0",0," "," ","0",0," "," ","0",0," "," ","0",0," "," ","0",0," "," ","0",0," "," ","0",0," "," ","0",0," "," ","0",0," "," ","0",0," "," ","0"
"923","USC00413787",1961,7,"SNWD",0," "," ","0",0," "," ","0",0," "," ","0",0," "," ","0",0," "," ","0",0," "," ","0",0," "," ","0",0," "," ","0",0," "," ","0",0," "," ","0",0," "," ","0",0," "," ","0",0," "," ","0",0," "," ","0",0," "," ","0",0," "," ","0",0," "," ","0",0," "," ","0",0," "," ","0",0," "," ","0",0," "," ","0",0," "," ","0",0," "," ","0",0," "," ","0",0," "," ","0",0," "," ","0",0," "," ","0",0," "," ","0",0," "," ","0",0," "," ","0",0," "," ","0"
"924","USC00413787",1961,7,"WT03",NA," "," "," ",1," "," ","0",NA," "," "," ",NA," "," "," ",NA," "," "," ",NA," "," "," ",NA," "," "," ",1," "," ","0",NA," "," "," ",NA," "," "," ",1," "," ","0",1," "," ","0",NA," "," "," ",NA," "," "," ",NA," "," "," ",NA," "," "," ",NA," "," "," ",NA," "," "," ",NA," "," "," ",1," "," ","0",1," "," ","0",1," "," ","0",NA," "," "," ",NA," "," "," ",NA," "," "," ",NA," "," "," ",NA," "," "," ",NA," "," "," ",NA," "," "," ",NA," "," "," ",NA," "," "," "
"925","USC00413787",1961,8,"PRCP",89," "," ","0",18," "," ","0",15," "," ","0",0," "," ","0",0," "," ","0",0," "," ","0",0," "," ","0",0," "," ","0",0," "," ","0",0," "," ","0",0,"T"," ","0",0," "," ","0",168," "," ","0",0," "," ","0",0," "," ","0",0," "," ","0",0," "," ","0",216," "," ","0",89," "," ","0",0," "," ","0",0," "," ","0",0," "," ","0",0," "," ","0",0," "," ","0",0," "," ","0",0," "," ","0",0," "," ","0",0," "," ","0",0," "," ","0",0," "," ","0",0," "," ","0"
"926","USC00413787",1961,8,"SNOW",0," "," ","0",0," "," ","0",0," "," ","0",0," "," ","0",0," "," ","0",0," "," ","0",0," "," ","0",0," "," ","0",0," "," ","0",0," "," ","0",0," "," ","0",0," "," ","0",0," "," ","0",0," "," ","0",0," "," ","0",0," "," ","0",0," "," ","0",0," "," ","0",0," "," ","0",0," "," ","0",0," "," ","0",0," "," ","0",0," "," ","0",0," "," ","0",0," "," ","0",0," "," ","0",0," "," ","0",0," "," ","0",0," "," ","0",0," "," ","0",0," "," ","0"
"927","USC00413787",1961,8,"SNWD",0," "," ","0",0," "," ","0",0," "," ","0",0," "," ","0",0," "," ","0",0," "," ","0",0," "," ","0",0," "," ","0",0," "," ","0",0," "," ","0",0," "," ","0",0," "," ","0",0," "," ","0",0," "," ","0",0," "," ","0",0," "," ","0",0," "," ","0",0," "," ","0",0," "," ","0",0," "," ","0",0," "," ","0",0," "," ","0",0," "," ","0",0," "," ","0",0," "," ","0",0," "," ","0",0," "," ","0",0," "," ","0",0," "," ","0",0," "," ","0",0," "," ","0"
"928","USC00413787",1961,8,"WT03",1," "," ","0",1," "," ","0",1," "," ","0",NA," "," "," ",NA," "," "," ",NA," "," "," ",NA," "," "," ",NA," "," "," ",NA," "," "," ",NA," "," "," ",1," "," ","0",NA," "," "," ",1," "," ","0",NA," "," "," ",NA," "," "," ",NA," "," "," ",NA," "," "," ",1," "," ","0",1," "," ","0",NA," "," "," ",NA," "," "," ",NA," "," "," ",NA," "," "," ",NA," "," "," ",NA," "," "," ",NA," "," "," ",NA," "," "," ",NA," "," "," ",NA," "," "," ",NA," "," "," ",NA," "," "," "
"929","USC00413787",1961,9,"PRCP",0," "," ","0",0," "," ","0",0," "," ","0",0," "," ","0",0," "," ","0",0," "," ","0",198," "," ","0",0," "," ","0",0," "," ","0",0," "," ","0",0," "," ","0",18," "," ","0",0," "," ","0",0,"T"," ","0",0," "," ","0",0," "," ","0",0," "," ","0",0," "," ","0",64," "," ","0",25," "," ","0",0," "," ","0",0," "," ","0",0," "," ","0",3," "," ","0",0," "," ","0",0," "," ","0",0," "," ","0",0," "," ","0",0," "," ","0",0," "," ","0",NA," "," "," "
"930","USC00413787",1961,9,"SNOW",0," "," ","0",0," "," ","0",0," "," ","0",0," "," ","0",0," "," ","0",0," "," ","0",0," "," ","0",0," "," ","0",0," "," ","0",0," "," ","0",0," "," ","0",0," "," ","0",0," "," ","0",0," "," ","0",0," "," ","0",0," "," ","0",0," "," ","0",0," "," ","0",0," "," ","0",0," "," ","0",0," "," ","0",0," "," ","0",0," "," ","0",0," "," ","0",0," "," ","0",0," "," ","0",0," "," ","0",0," "," ","0",0," "," ","0",0," "," ","0",NA," "," "," "
"931","USC00413787",1961,9,"SNWD",0," "," ","0",0," "," ","0",0," "," ","0",0," "," ","0",0," "," ","0",0," "," ","0",0," "," ","0",0," "," ","0",0," "," ","0",0," "," ","0",0," "," ","0",0," "," ","0",0," "," ","0",0," "," ","0",0," "," ","0",0," "," ","0",0," "," ","0",0," "," ","0",0," "," ","0",0," "," ","0",0," "," ","0",0," "," ","0",0," "," ","0",0," "," ","0",0," "," ","0",0," "," ","0",0," "," ","0",0," "," ","0",0," "," ","0",0," "," ","0",NA," "," "," "
"932","USC00413787",1961,9,"WT03",NA," "," "," ",NA," "," "," ",NA," "," "," ",NA," "," "," ",NA," "," "," ",NA," "," "," ",1," "," ","0",NA," "," "," ",NA," "," "," ",NA," "," "," ",NA," "," "," ",NA," "," "," ",NA," "," "," ",NA," "," "," ",NA," "," "," ",NA," "," "," ",NA," "," "," ",NA," "," "," ",1," "," ","0",1," "," ","0",NA," "," "," ",NA," "," "," ",NA," "," "," ",NA," "," "," ",NA," "," "," ",NA," "," "," ",NA," "," "," ",NA," "," "," ",NA," "," "," ",NA," "," "," ",NA," "," "," "
"933","USC00413787",1961,10,"PRCP",0," "," ","0",41," "," ","0",0," "," ","0",0," "," ","0",0," "," ","0",0," "," ","0",0," "," ","0",0," "," ","0",287," "," ","0",0," "," ","0",0," "," ","0",0," "," ","0",0," "," ","0",0," "," ","0",0," "," ","0",0," "," ","0",0," "," ","0",0," "," ","0",0," "," ","0",0," "," ","0",0," "," ","0",0," "," ","0",0," "," ","0",0," "," ","0",0," "," ","0",0," "," ","0",0," "," ","0",0," "," ","0",0," "," ","0",124," "," ","0",97," "," ","0"
"934","USC00413787",1961,10,"SNOW",0," "," ","0",0," "," ","0",0," "," ","0",0," "," ","0",0," "," ","0",0," "," ","0",0," "," ","0",0," "," ","0",0," "," ","0",0," "," ","0",0," "," ","0",0," "," ","0",0," "," ","0",0," "," ","0",0," "," ","0",0," "," ","0",0," "," ","0",0," "," ","0",0," "," ","0",0," "," ","0",0," "," ","0",0," "," ","0",0," "," ","0",0," "," ","0",0," "," ","0",0," "," ","0",0," "," ","0",0," "," ","0",0," "," ","0",0," "," ","0",0," "," ","0"
"935","USC00413787",1961,10,"SNWD",0," "," ","0",0," "," ","0",0," "," ","0",0," "," ","0",0," "," ","0",0," "," ","0",0," "," ","0",0," "," ","0",0," "," ","0",0," "," ","0",0," "," ","0",0," "," ","0",0," "," ","0",0," "," ","0",0," "," ","0",0," "," ","0",0," "," ","0",0," "," ","0",0," "," ","0",0," "," ","0",0," "," ","0",0," "," ","0",0," "," ","0",0," "," ","0",0," "," ","0",0," "," ","0",0," "," ","0",0," "," ","0",0," "," ","0",0," "," ","0",0," "," ","0"
"936","USC00413787",1961,11,"PRCP",23," "," ","0",0," "," ","0",0," "," ","0",0," "," ","0",0," "," ","0",0," "," ","0",0," "," ","0",0," "," ","0",0," "," ","0",0," "," ","0",0," "," ","0",0," "," ","0",5," "," ","0",0," "," ","0",0," "," ","0",0," "," ","0",0," "," ","0",0," "," ","0",0," "," ","0",0," "," ","0",38," "," ","0",351," "," ","0",5," "," ","0",0," "," ","0",0," "," ","0",0," "," ","0",0," "," ","0",0," "," ","0",0," "," ","0",0," "," ","0",NA," "," "," "
"937","USC00413787",1961,11,"SNOW",0," "," ","0",0," "," ","0",0," "," ","0",0," "," ","0",0," "," ","0",0," "," ","0",0," "," ","0",0," "," ","0",0," "," ","0",0," "," ","0",0," "," ","0",0," "," ","0",0," "," ","0",0," "," ","0",0," "," ","0",0," "," ","0",0," "," ","0",0," "," ","0",0," "," ","0",0," "," ","0",0,"T"," ","0",25," "," ","0",0,"T"," ","0",0," "," ","0",0," "," ","0",0," "," ","0",0," "," ","0",0," "," ","0",0," "," ","0",0," "," ","0",NA," "," "," "
"938","USC00413787",1961,11,"SNWD",0," "," ","0",0," "," ","0",0," "," ","0",0," "," ","0",0," "," ","0",0," "," ","0",0," "," ","0",0," "," ","0",0," "," ","0",0," "," ","0",0," "," ","0",0," "," ","0",0," "," ","0",0," "," ","0",0," "," ","0",0," "," ","0",0," "," ","0",0," "," ","0",0," "," ","0",0," "," ","0",0,"T"," ","0",25," "," ","0",0,"T"," ","0",0," "," ","0",0," "," ","0",0," "," ","0",0," "," ","0",0," "," ","0",0," "," ","0",0," "," ","0",NA," "," "," "
"939","USC00413787",1961,12,"PRCP",0," "," ","0",0," "," ","0",0,"T"," ","0",0," "," ","0",0," "," ","0",0," "," ","0",0," "," ","0",0," "," ","0",89," "," ","0",0,"T"," ","0",10," "," ","0",0," "," ","0",0," "," ","0",0," "," ","0",0," "," ","0",20," "," ","0",0," "," ","0",0," "," ","0",0," "," ","0",0," "," ","0",0," "," ","0",0," "," ","0",0," "," ","0",0," "," ","0",0," "," ","0",0," "," ","0",0," "," ","0",0," "," ","0",0," "," ","0",0," "," ","0",0," "," ","0"
"940","USC00413787",1961,12,"SNOW",0," "," ","0",0," "," ","0",0," "," ","0",0," "," ","0",0," "," ","0",0," "," ","0",0," "," ","0",0," "," ","0",0," "," ","0",13," "," ","0",51," "," ","0",0," "," ","0",0," "," ","0",0," "," ","0",0," "," ","0",0," "," ","0",0," "," ","0",0," "," ","0",0," "," ","0",0," "," ","0",0," "," ","0",0," "," ","0",0," "," ","0",0," "," ","0",0," "," ","0",0," "," ","0",0," "," ","0",0," "," ","0",0," "," ","0",0," "," ","0",0," "," ","0"
"941","USC00413787",1961,12,"SNWD",0," "," ","0",0," "," ","0",0," "," ","0",0," "," ","0",0," "," ","0",0," "," ","0",0," "," ","0",0," "," ","0",0," "," ","0",25," "," ","0",51," "," ","0",51," "," ","0",NA," "," "," ",NA," "," "," ",NA," "," "," ",NA," "," "," ",0," "," ","0",0," "," ","0",0," "," ","0",0," "," ","0",0," "," ","0",0," "," ","0",0," "," ","0",0," "," ","0",0," "," ","0",0," "," ","0",0," "," ","0",0," "," ","0",0," "," ","0",0," "," ","0",0," "," ","0"
"942","USC00413787",1961,12,"WT03",NA," "," "," ",NA," "," "," ",NA," "," "," ",NA," "," "," ",NA," "," "," ",NA," "," "," ",NA," "," "," ",NA," "," "," ",1," "," ","0",NA," "," "," ",NA," "," "," ",NA," "," "," ",NA," "," "," ",NA," "," "," ",NA," "," "," ",NA," "," "," ",NA," "," "," ",NA," "," "," ",NA," "," "," ",NA," "," "," ",NA," "," "," ",NA," "," "," ",NA," "," "," ",NA," "," "," ",NA," "," "," ",NA," "," "," ",NA," "," "," ",NA," "," "," ",NA," "," "," ",NA," "," "," ",NA," "," "," "
"943","USC00413787",1962,1,"PRCP",0," "," ","0",0," "," ","0",0," "," ","0",0," "," ","0",51," "," ","0",0," "," ","0",0," "," ","0",0,"T"," ","0",20," "," ","0",0," "," ","0",0," "," ","0",0," "," ","0",0," "," ","0",0," "," ","0",0,"T"," ","0",0," "," ","0",0," "," ","0",0,"T"," ","0",0,"T"," ","0",0,"T"," ","0",0," "," ","0",0," "," ","0",0," "," ","0",0," "," ","0",38," "," ","0",5," "," ","0",0," "," ","0",0," "," ","0",0," "," ","0",0," "," ","0",0," "," ","0"
"944","USC00413787",1962,1,"SNOW",0," "," ","0",0," "," ","0",0," "," ","0",0," "," ","0",25," "," ","0",0," "," ","0",0," "," ","0",0," "," ","0",25," "," ","0",0," "," ","0",0," "," ","0",0," "," ","0",0," "," ","0",0," "," ","0",0,"T"," ","0",0," "," ","0",0," "," ","0",0,"T"," ","0",0,"T"," ","0",0,"T"," ","0",0," "," ","0",0," "," ","0",0," "," ","0",0," "," ","0",0," "," ","0",0," "," ","0",0," "," ","0",0," "," ","0",0," "," ","0",0," "," ","0",0," "," ","0"
"945","USC00413787",1962,1,"SNWD",0," "," ","0",0," "," ","0",0," "," ","0",0," "," ","0",25," "," ","0",0," "," ","0",0," "," ","0",0," "," ","0",NA," "," "," ",NA," "," "," ",NA," "," "," ",NA," "," "," ",0," "," ","0",0," "," ","0",0,"T"," ","0",0," "," ","0",0," "," ","0",0,"T"," ","0",0,"T"," ","0",0,"T"," ","0",0," "," ","0",0," "," ","0",0," "," ","0",0," "," ","0",0," "," ","0",0," "," ","0",0," "," ","0",0," "," ","0",0," "," ","0",0," "," ","0",0," "," ","0"
"946","USC00413787",1962,1,"WT01",NA," "," "," ",NA," "," "," ",NA," "," "," ",NA," "," "," ",NA," "," "," ",NA," "," "," ",NA," "," "," ",1," "," ","0",NA," "," "," ",NA," "," "," ",NA," "," "," ",NA," "," "," ",NA," "," "," ",NA," "," "," ",NA," "," "," ",NA," "," "," ",NA," "," "," ",NA," "," "," ",NA," "," "," ",NA," "," "," ",NA," "," "," ",NA," "," "," ",NA," "," "," ",NA," "," "," ",NA," "," "," ",NA," "," "," ",NA," "," "," ",NA," "," "," ",NA," "," "," ",NA," "," "," ",NA," "," "," "
"947","USC00413787",1962,2,"PRCP",0," "," ","0",0," "," ","0",0," "," ","0",0," "," ","0",0," "," ","0",0," "," ","0",0," "," ","0",0," "," ","0",0," "," ","0",0," "," ","0",0," "," ","0",0," "," ","0",0," "," ","0",104," "," ","0",0," "," ","0",0," "," ","0",0," "," ","0",0," "," ","0",0," "," ","0",0," "," ","0",0,"T"," ","0",0," "," ","0",0," "," ","0",0," "," ","0",0," "," ","0",0," "," ","0",0," "," ","0",0," "," ","0",NA," "," "," ",NA," "," "," ",NA," "," "," "
"948","USC00413787",1962,2,"SNOW",0," "," ","0",0," "," ","0",0," "," ","0",0," "," ","0",0," "," ","0",0," "," ","0",0," "," ","0",0," "," ","0",0," "," ","0",0," "," ","0",0," "," ","0",0," "," ","0",0," "," ","0",0," "," ","0",0," "," ","0",0," "," ","0",0," "," ","0",0," "," ","0",0," "," ","0",0," "," ","0",0," "," ","0",0," "," ","0",0," "," ","0",0," "," ","0",0," "," ","0",0," "," ","0",0," "," ","0",0," "," ","0",NA," "," "," ",NA," "," "," ",NA," "," "," "
"949","USC00413787",1962,2,"SNWD",0," "," ","0",0," "," ","0",0," "," ","0",0," "," ","0",0," "," ","0",0," "," ","0",0," "," ","0",0," "," ","0",0," "," ","0",0," "," ","0",0," "," ","0",0," "," ","0",0," "," ","0",0," "," ","0",0," "," ","0",0," "," ","0",0," "," ","0",0," "," ","0",0," "," ","0",0," "," ","0",0," "," ","0",0," "," ","0",0," "," ","0",0," "," ","0",0," "," ","0",0," "," ","0",0," "," ","0",0," "," ","0",NA," "," "," ",NA," "," "," ",NA," "," "," "
"950","USC00413787",1962,3,"PRCP",0," "," ","0",0," "," ","0",0," "," ","0",0," "," ","0",0," "," ","0",0," "," ","0",0," "," ","0",0," "," ","0",0," "," ","0",0,"T"," ","0",0,"T"," ","0",0," "," ","0",0," "," ","0",0," "," ","0",0," "," ","0",0," "," ","0",0," "," ","0",0," "," ","0",0," "," ","0",0," "," ","0",0," "," ","0",0," "," ","0",0," "," ","0",168," "," ","0",5," "," ","0",0," "," ","0",0," "," ","0",0," "," ","0",0," "," ","0",0,"T"," ","0",0," "," ","0"
"951","USC00413787",1962,3,"SNOW",0," "," ","0",0," "," ","0",0," "," ","0",0," "," ","0",0," "," ","0",0," "," ","0",0," "," ","0",0," "," ","0",0," "," ","0",0," "," ","0",0," "," ","0",0," "," ","0",0," "," ","0",0," "," ","0",0," "," ","0",0," "," ","0",0," "," ","0",0," "," ","0",0," "," ","0",0," "," ","0",0," "," ","0",0," "," ","0",0," "," ","0",25," "," ","0",0," "," ","0",0," "," ","0",0," "," ","0",0," "," ","0",0," "," ","0",0," "," ","0",0," "," ","0"
"952","USC00413787",1962,3,"SNWD",0," "," ","0",0," "," ","0",0," "," ","0",0," "," ","0",0," "," ","0",0," "," ","0",0," "," ","0",0," "," ","0",0," "," ","0",0," "," ","0",0," "," ","0",0," "," ","0",0," "," ","0",0," "," ","0",0," "," ","0",0," "," ","0",0," "," ","0",0," "," ","0",0," "," ","0",0," "," ","0",0," "," ","0",0," "," ","0",0," "," ","0",0,"T"," ","0",0," "," ","0",0," "," ","0",0," "," ","0",0," "," ","0",0," "," ","0",0," "," ","0",0," "," ","0"
"953","USC00413787",1962,4,"PRCP",0," "," ","0",0," "," ","0",0," "," ","0",0," "," ","0",48," "," ","0",30," "," ","0",0," "," ","0",0," "," ","0",0," "," ","0",13," "," ","0",0," "," ","0",0," "," ","0",0," "," ","0",0," "," ","0",0," "," ","0",0," "," ","0",0," "," ","0",0," "," ","0",0," "," ","0",0," "," ","0",0," "," ","0",0," "," ","0",0," "," ","0",0," "," ","0",0," "," ","0",0,"T"," ","0",10," "," ","0",0," "," ","0",0," "," ","0",0,"T"," ","0",NA," "," "," "
"954","USC00413787",1962,4,"SNOW",0," "," ","0",0," "," ","0",0," "," ","0",0," "," ","0",0," "," ","0",0," "," ","0",0," "," ","0",0," "," ","0",0," "," ","0",0," "," ","0",0," "," ","0",0," "," ","0",0," "," ","0",0," "," ","0",0," "," ","0",0," "," ","0",0," "," ","0",0," "," ","0",0," "," ","0",0," "," ","0",0," "," ","0",0," "," ","0",0," "," ","0",0," "," ","0",0," "," ","0",0," "," ","0",0," "," ","0",0," "," ","0",0," "," ","0",0," "," ","0",NA," "," "," "
"955","USC00413787",1962,4,"SNWD",0," "," ","0",0," "," ","0",0," "," ","0",0," "," ","0",0," "," ","0",0," "," ","0",0," "," ","0",0," "," ","0",0," "," ","0",0," "," ","0",0," "," ","0",0," "," ","0",0," "," ","0",0," "," ","0",0," "," ","0",0," "," ","0",0," "," ","0",0," "," ","0",0," "," ","0",0," "," ","0",0," "," ","0",0," "," ","0",0," "," ","0",0," "," ","0",0," "," ","0",0," "," ","0",0," "," ","0",0," "," ","0",0," "," ","0",0," "," ","0",NA," "," "," "
"956","USC00413787",1962,4,"WT01",NA," "," "," ",NA," "," "," ",NA," "," "," ",NA," "," "," ",1," "," ","0",NA," "," "," ",NA," "," "," ",NA," "," "," ",NA," "," "," ",NA," "," "," ",NA," "," "," ",NA," "," "," ",NA," "," "," ",NA," "," "," ",NA," "," "," ",NA," "," "," ",NA," "," "," ",NA," "," "," ",NA," "," "," ",NA," "," "," ",NA," "," "," ",NA," "," "," ",NA," "," "," ",NA," "," "," ",NA," "," "," ",NA," "," "," ",NA," "," "," ",NA," "," "," ",NA," "," "," ",NA," "," "," ",NA," "," "," "
"957","USC00413787",1962,4,"WT03",NA," "," "," ",NA," "," "," ",NA," "," "," ",NA," "," "," ",NA," "," "," ",NA," "," "," ",NA," "," "," ",NA," "," "," ",NA," "," "," ",1," "," ","0",NA," "," "," ",NA," "," "," ",NA," "," "," ",NA," "," "," ",NA," "," "," ",NA," "," "," ",NA," "," "," ",NA," "," "," ",NA," "," "," ",NA," "," "," ",NA," "," "," ",NA," "," "," ",NA," "," "," ",NA," "," "," ",NA," "," "," ",1," "," ","0",1," "," ","0",NA," "," "," ",NA," "," "," ",NA," "," "," ",NA," "," "," "
"958","USC00413787",1962,5,"PRCP",0," "," ","0",0," "," ","0",0," "," ","0",0," "," ","0",0,"T"," ","0",0," "," ","0",0," "," ","0",5," "," ","0",0," "," ","0",0," "," ","0",0," "," ","0",0," "," ","0",5," "," ","0",0," "," ","0",0," "," ","0",56," "," ","0",0," "," ","0",0,"T"," ","0",0," "," ","0",0,"T"," ","0",0," "," ","0",0," "," ","0",0," "," ","0",0," "," ","0",0," "," ","0",0," "," ","0",264," "," ","0",178," "," ","0",0," "," ","0",0," "," ","0",0," "," ","0"
"959","USC00413787",1962,5,"SNOW",0," "," ","0",0," "," ","0",0," "," ","0",0," "," ","0",0," "," ","0",0," "," ","0",0," "," ","0",0," "," ","0",0," "," ","0",0," "," ","0",0," "," ","0",0," "," ","0",0," "," ","0",0," "," ","0",0," "," ","0",0," "," ","0",0," "," ","0",0," "," ","0",0," "," ","0",0," "," ","0",0," "," ","0",0," "," ","0",0," "," ","0",0," "," ","0",0," "," ","0",0," "," ","0",0," "," ","0",0," "," ","0",0," "," ","0",0," "," ","0",0," "," ","0"
"960","USC00413787",1962,5,"SNWD",0," "," ","0",0," "," ","0",0," "," ","0",0," "," ","0",0," "," ","0",0," "," ","0",0," "," ","0",0," "," ","0",0," "," ","0",0," "," ","0",0," "," ","0",0," "," ","0",0," "," ","0",0," "," ","0",0," "," ","0",0," "," ","0",0," "," ","0",0," "," ","0",0," "," ","0",0," "," ","0",0," "," ","0",0," "," ","0",0," "," ","0",0," "," ","0",0," "," ","0",0," "," ","0",0," "," ","0",0," "," ","0",0," "," ","0",0," "," ","0",0," "," ","0"
"961","USC00413787",1962,5,"WT03",NA," "," "," ",NA," "," "," ",NA," "," "," ",NA," "," "," ",NA," "," "," ",NA," "," "," ",NA," "," "," ",1," "," ","0",NA," "," "," ",NA," "," "," ",NA," "," "," ",NA," "," "," ",1," "," ","0",NA," "," "," ",NA," "," "," ",1," "," ","0",NA," "," "," ",1," "," ","0",NA," "," "," ",NA," "," "," ",NA," "," "," ",NA," "," "," ",NA," "," "," ",NA," "," "," ",NA," "," "," ",NA," "," "," ",1," "," ","0",1," "," ","0",NA," "," "," ",NA," "," "," ",NA," "," "," "
"962","USC00413787",1962,6,"PRCP",432," "," ","0",91," "," ","0",10," "," ","0",0," "," ","0",0," "," ","0",0," "," ","0",0," "," ","0",0,"T"," ","0",64," "," ","0",0,"T"," ","0",15," "," ","0",0," "," ","0",0," "," ","0",18," "," ","0",36," "," ","0",0," "," ","0",5," "," ","0",465," "," ","0",0," "," ","0",0," "," ","0",0," "," ","0",38," "," ","0",0,"T"," ","0",28," "," ","0",0," "," ","0",300," "," ","0",0," "," ","0",0," "," ","0",0," "," ","0",0," "," ","0",NA," "," "," "
"963","USC00413787",1962,6,"SNOW",0," "," ","0",0," "," ","0",0," "," ","0",0," "," ","0",0," "," ","0",0," "," ","0",0," "," ","0",0," "," ","0",0," "," ","0",0," "," ","0",0," "," ","0",0," "," ","0",0," "," ","0",0," "," ","0",0," "," ","0",0," "," ","0",0," "," ","0",0," "," ","0",0," "," ","0",0," "," ","0",0," "," ","0",0," "," ","0",0," "," ","0",0," "," ","0",0," "," ","0",0," "," ","0",0," "," ","0",0," "," ","0",0," "," ","0",0," "," ","0",NA," "," "," "
"964","USC00413787",1962,6,"SNWD",0," "," ","0",0," "," ","0",0," "," ","0",0," "," ","0",0," "," ","0",0," "," ","0",0," "," ","0",0," "," ","0",0," "," ","0",0," "," ","0",0," "," ","0",0," "," ","0",0," "," ","0",0," "," ","0",0," "," ","0",0," "," ","0",0," "," ","0",0," "," ","0",0," "," ","0",0," "," ","0",0," "," ","0",0," "," ","0",0," "," ","0",0," "," ","0",0," "," ","0",0," "," ","0",0," "," ","0",0," "," ","0",0," "," ","0",0," "," ","0",NA," "," "," "
"965","USC00413787",1962,6,"WT03",1," "," ","0",1," "," ","0",1," "," ","0",NA," "," "," ",NA," "," "," ",1," "," ","0",1," "," ","0",1," "," ","0",1," "," ","0",1," "," ","0",1," "," ","0",NA," "," "," ",NA," "," "," ",1," "," ","0",1," "," ","0",NA," "," "," ",1," "," ","0",1," "," ","0",NA," "," "," ",NA," "," "," ",NA," "," "," ",1," "," ","0",1," "," ","0",1," "," ","0",NA," "," "," ",1," "," ","0",NA," "," "," ",NA," "," "," ",NA," "," "," ",NA," "," "," ",NA," "," "," "
"966","USC00413787",1962,7,"TMAX",339," "," ","0",339," "," ","0",350," "," ","0",367," "," ","0",328," "," ","0",339," "," ","0",367," "," ","0",344," "," ","0",344," "," ","0",394," "," ","0",367," "," ","0",328," "," ","0",344," "," ","0",372," "," ","0",356," "," ","0",317," "," ","0",350," "," ","0",344," "," ","0",361," "," ","0",367," "," ","0",367," "," ","0",383," "," ","0",344," "," ","0",256," "," ","0",306," "," ","0",294," "," ","0",344," "," ","0",339," "," ","0",317," "," ","0",294," "," ","0",283," "," ","0"
"967","USC00413787",1962,7,"TMIN",183," "," ","0",194," "," ","0",200," "," ","0",200," "," ","0",183," "," ","0",183," "," ","0",200," "," ","0",200," "," ","0",178," "," ","0",183," "," ","0",161," "," ","0",194," "," ","0",194," "," ","0",183," "," ","0",167," "," ","0",156," "," ","0",167," "," ","0",172," "," ","0",172," "," ","0",178," "," ","0",167," "," ","0",178," "," ","0",178," "," ","0",178," "," ","0",150," "," ","0",144," "," ","0",183," "," ","0",183," "," ","0",167," "," ","0",178," "," ","0",167," "," ","0"
"968","USC00413787",1962,7,"TOBS",289," "," ","0",294," "," ","0",339," "," ","0",306," "," ","0",300," "," ","0",322," "," ","0",333," "," ","0",306," "," ","0",328," "," ","0",367," "," ","0",278," "," ","0",267," "," ","0",333," "," ","0",356," "," ","0",300," "," ","0",300," "," ","0",311," "," ","0",328," "," ","0",311," "," ","0",278," "," ","0",322," "," ","0",300," "," ","0",256," "," ","0",206," "," ","0",289," "," ","0",261," "," ","0",333," "," ","0",272," "," ","0",289," "," ","0",278," "," ","0",250," "," ","0"
"969","USC00413787",1962,7,"PRCP",0," "," ","0",0," "," ","0",0," "," ","0",0,"T"," ","0",79," "," ","0",0," "," ","0",0," "," ","0",5," "," ","0",114," "," ","0",0," "," ","0",259," "," ","0",0," "," ","0",0," "," ","0",0," "," ","0",0," "," ","0",30," "," ","0",0," "," ","0",0," "," ","0",0," "," ","0",0,"T"," ","0",0," "," ","0",0,"T"," ","0",0,"T"," ","0",343," "," ","0",0," "," ","0",0," "," ","0",0," "," ","0",71," "," ","0",155," "," ","0",25," "," ","0",188," "," ","0"
"970","USC00413787",1962,7,"SNOW",0," "," ","0",0," "," ","0",0," "," ","0",0," "," ","0",0," "," ","0",0," "," ","0",0," "," ","0",0," "," ","0",0," "," ","0",0," "," ","0",0," "," ","0",0," "," ","0",0," "," ","0",0," "," ","0",0," "," ","0",0," "," ","0",0," "," ","0",0," "," ","0",0," "," ","0",0," "," ","0",0," "," ","0",0," "," ","0",0," "," ","0",0," "," ","0",0," "," ","0",0," "," ","0",0," "," ","0",0," "," ","0",0," "," ","0",0," "," ","0",0," "," ","0"
"971","USC00413787",1962,7,"SNWD",0," "," ","0",0," "," ","0",0," "," ","0",0," "," ","0",0," "," ","0",0," "," ","0",0," "," ","0",0," "," ","0",0," "," ","0",0," "," ","0",0," "," ","0",0," "," ","0",0," "," ","0",0," "," ","0",0," "," ","0",0," "," ","0",0," "," ","0",0," "," ","0",0," "," ","0",0," "," ","0",0," "," ","0",0," "," ","0",0," "," ","0",0," "," ","0",0," "," ","0",0," "," ","0",0," "," ","0",0," "," ","0",0," "," ","0",0," "," ","0",0," "," ","0"
"972","USC00413787",1962,7,"WT03",NA," "," "," ",NA," "," "," ",NA," "," "," ",1," "," ","0",1," "," ","0",1," "," ","0",NA," "," "," ",1," "," ","0",1," "," ","0",NA," "," "," ",1," "," ","0",NA," "," "," ",NA," "," "," ",NA," "," "," ",NA," "," "," ",1," "," ","0",NA," "," "," ",NA," "," "," ",NA," "," "," ",NA," "," "," ",NA," "," "," ",1," "," ","0",1," "," ","0",1," "," ","0",NA," "," "," ",NA," "," "," ",NA," "," "," ",1," "," ","0",1," "," ","0",1," "," ","0",1," "," ","0"
"973","USC00413787",1962,8,"TMAX",283," "," ","0",311," "," ","0",344," "," ","0",361," "," ","0",383," "," ","0",367," "," ","0",378," "," ","0",378," "," ","0",378," "," ","0",389," "," ","0",350," "," ","0",361," "," ","0",339," "," ","0",333," "," ","0",378," "," ","0",350," "," ","0",356," "," ","0",361," "," ","0",350," "," ","0",372," "," ","0",344," "," ","0",344," "," ","0",367," "," ","0",328," "," ","0",333," "," ","0",356," "," ","0",361," "," ","0",372," "," ","0",372," "," ","0",378," "," ","0",261," "," ","0"
"974","USC00413787",1962,8,"TMIN",167," "," ","0",167," "," ","0",161," "," ","0",189," "," ","0",150," "," ","0",156," "," ","0",167," "," ","0",183," "," ","0",172," "," ","0",167," "," ","0",172," "," ","0",167," "," ","0",172," "," ","0",172," "," ","0",178," "," ","0",156," "," ","0",167," "," ","0",183," "," ","0",172," "," ","0",156," "," ","0",167," "," ","0",183," "," ","0",189," "," ","0",161," "," ","0",100," "," ","0",111," "," ","0",133," "," ","0",156," "," ","0",172," "," ","0",156," "," ","0",156," "," ","0"
"975","USC00413787",1962,8,"TOBS",261," "," ","0",289," "," ","0",328," "," ","0",350," "," ","0",356," "," ","0",344," "," ","0",361," "," ","0",356," "," ","0",344," "," ","0",350," "," ","0",322," "," ","0",339," "," ","0",300," "," ","0",300," "," ","0",350," "," ","0",306," "," ","0",317," "," ","0",333," "," ","0",317," "," ","0",333," "," ","0",289," "," ","0",311," "," ","0",328," "," ","0",261," "," ","0",311," "," ","0",239," "," ","0",328," "," ","0",339," "," ","0",344," "," ","0",244," "," ","0",211," "," ","0"
"976","USC00413787",1962,8,"PRCP",140," "," ","0",0," "," ","0",0," "," ","0",0," "," ","0",0," "," ","0",0," "," ","0",0," "," ","0",0," "," ","0",0," "," ","0",0," "," ","0",0," "," ","0",0," "," ","0",175," "," ","0",0," "," ","0",0," "," ","0",0," "," ","0",0," "," ","0",0," "," ","0",0," "," ","0",0,"T"," ","0",18," "," ","0",0," "," ","0",0," "," ","0",0," "," ","0",0," "," ","0",0," "," ","0",0," "," ","0",0," "," ","0",0," "," ","0",170," "," ","0",66," "," ","0"
"977","USC00413787",1962,8,"SNOW",0," "," ","0",0," "," ","0",0," "," ","0",0," "," ","0",0," "," ","0",0," "," ","0",0," "," ","0",0," "," ","0",0," "," ","0",0," "," ","0",0," "," ","0",0," "," ","0",0," "," ","0",0," "," ","0",0," "," ","0",0," "," ","0",0," "," ","0",0," "," ","0",0," "," ","0",0," "," ","0",0," "," ","0",0," "," ","0",0," "," ","0",0," "," ","0",0," "," ","0",0," "," ","0",0," "," ","0",0," "," ","0",0," "," ","0",0," "," ","0",0," "," ","0"
"978","USC00413787",1962,8,"SNWD",0," "," ","0",0," "," ","0",0," "," ","0",0," "," ","0",0," "," ","0",0," "," ","0",0," "," ","0",0," "," ","0",0," "," ","0",0," "," ","0",0," "," ","0",0," "," ","0",0," "," ","0",0," "," ","0",0," "," ","0",0," "," ","0",0," "," ","0",0," "," ","0",0," "," ","0",0," "," ","0",0," "," ","0",0," "," ","0",0," "," ","0",0," "," ","0",0," "," ","0",0," "," ","0",0," "," ","0",0," "," ","0",0," "," ","0",0," "," ","0",0," "," ","0"
"979","USC00413787",1962,8,"WT03",1," "," ","0",NA," "," "," ",NA," "," "," ",NA," "," "," ",NA," "," "," ",NA," "," "," ",NA," "," "," ",NA," "," "," ",NA," "," "," ",NA," "," "," ",NA," "," "," ",NA," "," "," ",1," "," ","0",NA," "," "," ",NA," "," "," ",NA," "," "," ",NA," "," "," ",NA," "," "," ",NA," "," "," ",1," "," ","0",1," "," ","0",NA," "," "," ",NA," "," "," ",NA," "," "," ",NA," "," "," ",NA," "," "," ",NA," "," "," ",NA," "," "," ",NA," "," "," ",1," "," ","0",NA," "," "," "
"980","USC00413787",1962,9,"TMAX",322," "," ","0",283," "," ","0",361," "," ","0",306," "," ","0",233," "," ","0",300," "," ","0",283," "," ","0",333," "," ","0",300," "," ","0",300," "," ","0",350," "," ","0",361," "," ","0",367," "," ","0",361," "," ","0",333," "," ","0",344," "," ","0",322," "," ","0",350," "," ","0",311," "," ","0",189," "," ","0",322," "," ","0",289," "," ","0",283," "," ","0",244," "," ","0",244," "," ","0",217," "," ","0",272," "," ","0",278," "," ","0",306," "," ","0",244," "," ","0",NA," "," "," "
"981","USC00413787",1962,9,"TMIN",172," "," ","0",150," "," ","0",156," "," ","0",106," "," ","0",100," "," ","0",117," "," ","0",144," "," ","0",122," "," ","0",61," "," ","0",44," "," ","0",167," "," ","0",178," "," ","0",178," "," ","0",156," "," ","0",172," "," ","0",172," "," ","0",156," "," ","0",139," "," ","0",167," "," ","0",106," "," ","0",133," "," ","0",172," "," ","0",122," "," ","0",167," "," ","0",156," "," ","0",78," "," ","0",89," "," ","0",111," "," ","0",133," "," ","0",128," "," ","0",NA," "," "," "
"982","USC00413787",1962,9,"TOBS",283," "," ","0",239," "," ","0",306," "," ","0",178," "," ","0",206," "," ","0",261," "," ","0",200," "," ","0",300," "," ","0",167," "," ","0",278," "," ","0",322," "," ","0",267," "," ","0",339," "," ","0",206," "," ","0",278," "," ","0",306," "," ","0",283," "," ","0",289," "," ","0",189," "," ","0",150," "," ","0",289," "," ","0",211," "," ","0",244," "," ","0",189," "," ","0",200," "," ","0",189," "," ","0",217," "," ","0",228," "," ","0",222," "," ","0",233," "," ","0",NA," "," "," "
"983","USC00413787",1962,9,"PRCP",0," "," ","0",23," "," ","0",0," "," ","0",3," "," ","0",0," "," ","0",0," "," ","0",0,"T"," ","0",53," "," ","0",0,"T"," ","0",0," "," ","0",0," "," ","0",0," "," ","0",0," "," ","0",48," "," ","0",15," "," ","0",0," "," ","0",0," "," ","0",0," "," ","0",0," "," ","0",43," "," ","0",0," "," ","0",0," "," ","0",0," "," ","0",157," "," ","0",0," "," ","0",0," "," ","0",0," "," ","0",0," "," ","0",0," "," ","0",0," "," ","0",NA," "," "," "
"984","USC00413787",1962,9,"SNOW",0," "," ","0",0," "," ","0",0," "," ","0",0," "," ","0",0," "," ","0",0," "," ","0",0," "," ","0",0," "," ","0",0," "," ","0",0," "," ","0",0," "," ","0",0," "," ","0",0," "," ","0",0," "," ","0",0," "," ","0",0," "," ","0",0," "," ","0",0," "," ","0",0," "," ","0",0," "," ","0",0," "," ","0",0," "," ","0",0," "," ","0",0," "," ","0",0," "," ","0",0," "," ","0",0," "," ","0",0," "," ","0",0," "," ","0",0," "," ","0",NA," "," "," "
"985","USC00413787",1962,9,"SNWD",0," "," ","0",0," "," ","0",0," "," ","0",0," "," ","0",0," "," ","0",0," "," ","0",0," "," ","0",0," "," ","0",0," "," ","0",0," "," ","0",0," "," ","0",0," "," ","0",0," "," ","0",0," "," ","0",0," "," ","0",0," "," ","0",0," "," ","0",0," "," ","0",0," "," ","0",0," "," ","0",0," "," ","0",0," "," ","0",0," "," ","0",0," "," ","0",0," "," ","0",0," "," ","0",0," "," ","0",0," "," ","0",0," "," ","0",0," "," ","0",NA," "," "," "
"986","USC00413787",1962,9,"WT01",NA," "," "," ",NA," "," "," ",NA," "," "," ",NA," "," "," ",NA," "," "," ",NA," "," "," ",NA," "," "," ",1," "," ","0",NA," "," "," ",NA," "," "," ",NA," "," "," ",NA," "," "," ",NA," "," "," ",NA," "," "," ",NA," "," "," ",NA," "," "," ",NA," "," "," ",NA," "," "," ",NA," "," "," ",1," "," ","0",NA," "," "," ",NA," "," "," ",NA," "," "," ",NA," "," "," ",NA," "," "," ",NA," "," "," ",NA," "," "," ",NA," "," "," ",NA," "," "," ",NA," "," "," ",NA," "," "," "
"987","USC00413787",1962,9,"WT03",NA," "," "," ",1," "," ","0",NA," "," "," ",1," "," ","0",NA," "," "," ",NA," "," "," ",1," "," ","0",NA," "," "," ",1," "," ","0",NA," "," "," ",NA," "," "," ",NA," "," "," ",NA," "," "," ",1," "," ","0",1," "," ","0",NA," "," "," ",NA," "," "," ",NA," "," "," ",NA," "," "," ",NA," "," "," ",NA," "," "," ",NA," "," "," ",NA," "," "," ",NA," "," "," ",NA," "," "," ",NA," "," "," ",NA," "," "," ",NA," "," "," ",NA," "," "," ",NA," "," "," ",NA," "," "," "
"988","USC00413787",1962,10,"TMAX",233," "," ","0",167," "," ","0",283," "," ","0",322," "," ","0",272," "," ","0",283," "," ","0",278," "," ","0",317," "," ","0",322," "," ","0",339," "," ","0",311," "," ","0",344," "," ","0",344," "," ","0",339," "," ","0",261," "," ","0",206," "," ","0",161," "," ","0",261," "," ","0",272," "," ","0",156," "," ","0",283," "," ","0",267," "," ","0",194," "," ","0",217," "," ","0",172," "," ","0",267," "," ","0",272," "," ","0",200," "," ","0",217," "," ","0",233," "," ","0",283," "," ","0"
"989","USC00413787",1962,10,"TMIN",67," "," ","0",78," "," ","0",94," "," ","0",100," "," ","0",156," "," ","0",111," "," ","0",61," "," ","0",89," "," ","0",50," "," ","0",106," "," ","0",89," "," ","0",83," "," ","0",61," "," ","0",50," "," ","0",106," "," ","0",78," "," ","0",72," "," ","0",72," "," ","0",111," "," ","0",67," "," ","0",22," "," ","0",39," "," ","0",56," "," ","0",33," "," ","0",22," "," ","0",22," "," ","0",83," "," ","0",94," "," ","0",-6," "," ","0",28," "," ","0",0," "," ","0"
"990","USC00413787",1962,10,"TOBS",161," "," ","0",161," "," ","0",244," "," ","0",272," "," ","0",228," "," ","0",256," "," ","0",244," "," ","0",250," "," ","0",278," "," ","0",272," "," ","0",172," "," ","0",244," "," ","0",211," "," ","0",206," "," ","0",206," "," ","0",150," "," ","0",150," "," ","0",189," "," ","0",156," "," ","0",128," "," ","0",222," "," ","0",194," "," ","0",100," "," ","0",150," "," ","0",144," "," ","0",194," "," ","0",200," "," ","0",150," "," ","0",167," "," ","0",167," "," ","0",194," "," ","0"
"991","USC00413787",1962,10,"PRCP",0," "," ","0",0," "," ","0",0," "," ","0",0," "," ","0",51," "," ","0",0," "," ","0",0," "," ","0",0," "," ","0",0," "," ","0",0," "," ","0",0," "," ","0",0," "," ","0",0," "," ","0",0," "," ","0",0," "," ","0",0," "," ","0",43," "," ","0",0," "," ","0",0,"T"," ","0",0," "," ","0",0," "," ","0",0," "," ","0",0," "," ","0",0," "," ","0",0," "," ","0",0," "," ","0",0," "," ","0",0,"T"," ","0",0," "," ","0",0," "," ","0",0," "," ","0"
"992","USC00413787",1962,10,"SNOW",0," "," ","0",0," "," ","0",0," "," ","0",0," "," ","0",0," "," ","0",0," "," ","0",0," "," ","0",0," "," ","0",0," "," ","0",0," "," ","0",0," "," ","0",0," "," ","0",0," "," ","0",0," "," ","0",0," "," ","0",0," "," ","0",0," "," ","0",0," "," ","0",0," "," ","0",0," "," ","0",0," "," ","0",0," "," ","0",0," "," ","0",0," "," ","0",0," "," ","0",0," "," ","0",0," "," ","0",0," "," ","0",0," "," ","0",0," "," ","0",0," "," ","0"
"993","USC00413787",1962,10,"SNWD",0," "," ","0",0," "," ","0",0," "," ","0",0," "," ","0",0," "," ","0",0," "," ","0",0," "," ","0",0," "," ","0",0," "," ","0",0," "," ","0",0," "," ","0",0," "," ","0",0," "," ","0",0," "," ","0",0," "," ","0",0," "," ","0",0," "," ","0",0," "," ","0",0," "," ","0",0," "," ","0",0," "," ","0",0," "," ","0",0," "," ","0",0," "," ","0",0," "," ","0",0," "," ","0",0," "," ","0",0," "," ","0",0," "," ","0",0," "," ","0",0," "," ","0"
"994","USC00413787",1962,11,"TMAX",194," "," ","0",144," "," ","0",206," "," ","0",289," "," ","0",206," "," ","0",206," "," ","0",156," "," ","0",172," "," ","0",272," "," ","0",272," "," ","0",178," "," ","0",222," "," ","0",261," "," ","0",239," "," ","0",189," "," ","0",106," "," ","0",17," "," ","0",6," "," ","0",78," "," ","0",178," "," ","0",222," "," ","0",150," "," ","0",117," "," ","0",183," "," ","0",172," "," ","0",200," "," ","0",183," "," ","0",161," "," ","0",139," "," ","0",128," "," ","0",NA," "," "," "
"995","USC00413787",1962,11,"TMIN",61," "," ","0",39," "," ","0",0," "," ","0",11," "," ","0",-22," "," ","0",-22," "," ","0",17," "," ","0",-61," "," ","0",-56," "," ","0",-17," "," ","0",83," "," ","0",-28," "," ","0",50," "," ","0",61," "," ","0",100," "," ","0",6," "," ","0",-22," "," ","0",-56," "," ","0",-56," "," ","0",-44," "," ","0",-6," "," ","0",-39," "," ","0",28," "," ","0",-28," "," ","0",-22," "," ","0",72," "," ","0",6," "," ","0",61," "," ","0",72," "," ","0",44," "," ","0",NA," "," "," "
"996","USC00413787",1962,11,"TOBS",133," "," ","0",106," "," ","0",144," "," ","0",206," "," ","0",83," "," ","0",122," "," ","0",106," "," ","0",122," "," ","0",183," "," ","0",178," "," ","0",117," "," ","0",156," "," ","0",167," "," ","0",189," "," ","0",106," "," ","0",17," "," ","0",-6," "," ","0",-11," "," ","0",33," "," ","0",111," "," ","0",144," "," ","0",117," "," ","0",61," "," ","0",139," "," ","0",106," "," ","0",111," "," ","0",94," "," ","0",111," "," ","0",94," "," ","0",78," "," ","0",NA," "," "," "
"997","USC00413787",1962,11,"PRCP",0," "," ","0",0," "," ","0",0," "," ","0",0," "," ","0",0," "," ","0",0," "," ","0",0," "," ","0",0," "," ","0",0," "," ","0",0," "," ","0",0," "," ","0",0," "," ","0",0," "," ","0",0," "," ","0",0,"T"," ","0",33," "," ","0",89," "," ","0",0,"T"," ","0",0," "," ","0",0," "," ","0",0," "," ","0",0," "," ","0",0," "," ","0",0," "," ","0",0," "," ","0",5," "," ","0",0," "," ","0",0," "," ","0",0," "," ","0",0,"T"," ","0",NA," "," "," "
"998","USC00413787",1962,11,"SNOW",0," "," ","0",0," "," ","0",0," "," ","0",0," "," ","0",0," "," ","0",0," "," ","0",0," "," ","0",0," "," ","0",0," "," ","0",0," "," ","0",0," "," ","0",0," "," ","0",0," "," ","0",0," "," ","0",0," "," ","0",0," "," ","0",89," "," ","0",0," "," ","0",0," "," ","0",0," "," ","0",0," "," ","0",0," "," ","0",0," "," ","0",0," "," ","0",0," "," ","0",0," "," ","0",0," "," ","0",0," "," ","0",0," "," ","0",0," "," ","0",NA," "," "," "
"999","USC00413787",1962,11,"SNWD",0," "," ","0",0," "," ","0",0," "," ","0",0," "," ","0",0," "," ","0",0," "," ","0",0," "," ","0",0," "," ","0",0," "," ","0",0," "," ","0",0," "," ","0",0," "," ","0",0," "," ","0",0," "," ","0",0," "," ","0",0," "," ","0",102," "," ","0",76," "," ","0",0,"T"," ","0",0," "," ","0",0," "," ","0",0," "," ","0",0," "," ","0",0," "," ","0",0," "," ","0",0," "," ","0",0," "," ","0",0," "," ","0",0," "," ","0",0," "," ","0",NA," "," "," "
"1000","USC00413787",1962,11,"WT01",NA," "," "," ",NA," "," "," ",NA," "," "," ",NA," "," "," ",NA," "," "," ",NA," "," "," ",NA," "," "," ",NA," "," "," ",NA," "," "," ",NA," "," "," ",NA," "," "," ",NA," "," "," ",NA," "," "," ",NA," "," "," ",NA," "," "," ",NA," "," "," ",NA," "," "," ",NA," "," "," ",NA," "," "," ",NA," "," "," ",NA," "," "," ",NA," "," "," ",NA," "," "," ",NA," "," "," ",NA," "," "," ",1," "," ","0",1," "," ","0",NA," "," "," ",NA," "," "," ",1," "," ","0",NA," "," "," "
"1001","USC00413787",1962,12,"TMAX",117," "," ","0",111," "," ","0",172," "," ","0",100," "," ","0",100," "," ","0",194," "," ","0",133," "," ","0",133," "," ","0",172," "," ","0",206," "," ","0",94," "," ","0",100," "," ","0",217," "," ","0",211," "," ","0",211," "," ","0",228," "," ","0",233," "," ","0",194," "," ","0",150," "," ","0",89," "," ","0",117," "," ","0",106," "," ","0",39," "," ","0",17," "," ","0",0," "," ","0",39," "," ","0",106," "," ","0",144," "," ","0",144," "," ","0",183," "," ","0",156," "," ","0"
"1002","USC00413787",1962,12,"TMIN",50," "," ","0",61," "," ","0",39," "," ","0",50," "," ","0",-50," "," ","0",-33," "," ","0",0," "," ","0",-39," "," ","0",-56," "," ","0",-44," "," ","0",-78," "," ","0",-89," "," ","0",-39," "," ","0",-56," "," ","0",-17," "," ","0",-28," "," ","0",33," "," ","0",6," "," ","0",56," "," ","0",11," "," ","0",-17," "," ","0",-39," "," ","0",-122," "," ","0",-78," "," ","0",-100," "," ","0",-183," "," ","0",-144," "," ","0",-33," "," ","0",-56," "," ","0",-61," "," ","0",-67," "," ","0"
"1003","USC00413787",1962,12,"TOBS",100," "," ","0",83," "," ","0",100," "," ","0",56," "," ","0",56," "," ","0",111," "," ","0",94," "," ","0",50," "," ","0",111," "," ","0",94," "," ","0",-6," "," ","0",-6," "," ","0",111," "," ","0",122," "," ","0",139," "," ","0",161," "," ","0",167," "," ","0",106," "," ","0",89," "," ","0",28," "," ","0",61," "," ","0",39," "," ","0",-6," "," ","0",0," "," ","0",-72," "," ","0",-78," "," ","0",-17," "," ","0",6," "," ","0",-11," "," ","0",128," "," ","0",11," "," ","0"
"1004","USC00413787",1962,12,"PRCP",0,"T"," ","0",5," "," ","0",0," "," ","0",0," "," ","0",0," "," ","0",0," "," ","0",0," "," ","0",0," "," ","0",0," "," ","0",0," "," ","0",0," "," ","0",0," "," ","0",0," "," ","0",0," "," ","0",0," "," ","0",0," "," ","0",0," "," ","0",3," "," ","0",0," "," ","0",0," "," ","0",0," "," ","0",0," "," ","0",0," "," ","0",0," "," ","0",0,"T"," ","0",0," "," ","0",0," "," ","0",0," "," ","0",0," "," ","0",0," "," ","0",0," "," ","0"
"1005","USC00413787",1962,12,"SNOW",0," "," ","0",0," "," ","0",0," "," ","0",0," "," ","0",0," "," ","0",0," "," ","0",0," "," ","0",0," "," ","0",0," "," ","0",0," "," ","0",0," "," ","0",0," "," ","0",0," "," ","0",0," "," ","0",0," "," ","0",0," "," ","0",0," "," ","0",0," "," ","0",0," "," ","0",0," "," ","0",0," "," ","0",0," "," ","0",0," "," ","0",0," "," ","0",13," "," ","0",0," "," ","0",0," "," ","0",0," "," ","0",0," "," ","0",0," "," ","0",0," "," ","0"
"1006","USC00413787",1962,12,"SNWD",0," "," ","0",0," "," ","0",0," "," ","0",0," "," ","0",0," "," ","0",0," "," ","0",0," "," ","0",0," "," ","0",0," "," ","0",0," "," ","0",0," "," ","0",0," "," ","0",0," "," ","0",0," "," ","0",0," "," ","0",0," "," ","0",0," "," ","0",0," "," ","0",0," "," ","0",0," "," ","0",0," "," ","0",0," "," ","0",0," "," ","0",0," "," ","0",0,"T"," ","0",0," "," ","0",0," "," ","0",0," "," ","0",0," "," ","0",0," "," ","0",0," "," ","0"
"1007","USC00413787",1962,12,"WT01",NA," "," "," ",NA," "," "," ",1," "," ","0",NA," "," "," ",NA," "," "," ",NA," "," "," ",NA," "," "," ",NA," "," "," ",1," "," ","0",NA," "," "," ",NA," "," "," ",NA," "," "," ",NA," "," "," ",NA," "," "," ",NA," "," "," ",NA," "," "," ",NA," "," "," ",NA," "," "," ",NA," "," "," ",NA," "," "," ",NA," "," "," ",NA," "," "," ",NA," "," "," ",NA," "," "," ",NA," "," "," ",NA," "," "," ",NA," "," "," ",NA," "," "," ",NA," "," "," ",NA," "," "," ",NA," "," "," "
"1008","USC00413787",1963,1,"TMAX",172," "," ","0",178," "," ","0",111," "," ","0",128," "," ","0",78," "," ","0",150," "," ","0",156," "," ","0",239," "," ","0",228," "," ","0",61," "," ","0",-128," "," ","0",-139," "," ","0",-22," "," ","0",33," "," ","0",100," "," ","0",78," "," ","0",122," "," ","0",44," "," ","0",-106," "," ","0",106," "," ","0",183," "," ","0",117," "," ","0",-72," "," ","0",89," "," ","0",22," "," ","0",-28," "," ","0",28," "," ","0",144," "," ","0",33," "," ","0",44," "," ","0",267," "," ","0"
"1009","USC00413787",1963,1,"TMIN",-61," "," ","0",-89," "," ","0",-89," "," ","0",11," "," ","0",-6," "," ","0",-106," "," ","0",-56," "," ","0",-6," "," ","0",-33," "," ","0",-144," "," ","0",-217," "," ","0",-256," "," ","0",-256," "," ","0",-217," "," ","0",-156," "," ","0",-133," "," ","0",-150," "," ","0",-133," "," ","0",-211," "," ","0",-206," "," ","0",-94," "," ","0",-117," "," ","0",-200," "," ","0",-167," "," ","0",-106," "," ","0",-161," "," ","0",-206," "," ","0",-128," "," ","0",-122," "," ","0",-156," "," ","0",-100," "," ","0"
"1010","USC00413787",1963,1,"TOBS",22," "," ","0",-11," "," ","0",44," "," ","0",56," "," ","0",33," "," ","0",39," "," ","0",6," "," ","0",0," "," ","0",61," "," ","0",-128," "," ","0",-211," "," ","0",-144," "," ","0",-156," "," ","0",-94," "," ","0",11," "," ","0",-56," "," ","0",-67," "," ","0",-106," "," ","0",-150," "," ","0",39," "," ","0",117," "," ","0",-106," "," ","0",-100," "," ","0",22," "," ","0",-28," "," ","0",-89," "," ","0",-11," "," ","0",33," "," ","0",-39," "," ","0",-22," "," ","0",200," "," ","0"
"1011","USC00413787",1963,1,"PRCP",0," "," ","0",0," "," ","0",0," "," ","0",8," "," ","0",0,"T"," ","0",0," "," ","0",0," "," ","0",0," "," ","0",0," "," ","0",0,"T"," ","0",0,"T"," ","0",0," "," ","0",0," "," ","0",0," "," ","0",0," "," ","0",0," "," ","0",0," "," ","0",0," "," ","0",0,"T"," ","0",0," "," ","0",0," "," ","0",0,"T"," ","0",0," "," ","0",0," "," ","0",0," "," ","0",0," "," ","0",0," "," ","0",0," "," ","0",0," "," ","0",0," "," ","0",0," "," ","0"
"1012","USC00413787",1963,1,"SNOW",0," "," ","0",0," "," ","0",0," "," ","0",0," "," ","0",0,"T"," ","0",0," "," ","0",0," "," ","0",0," "," ","0",0," "," ","0",0,"T"," ","0",0,"T"," ","0",0," "," ","0",0," "," ","0",0," "," ","0",0," "," ","0",0," "," ","0",0," "," ","0",0," "," ","0",0,"T"," ","0",0," "," ","0",0," "," ","0",0,"T"," ","0",0," "," ","0",0," "," ","0",0," "," ","0",0," "," ","0",0," "," ","0",0," "," ","0",0," "," ","0",0," "," ","0",0," "," ","0"
"1013","USC00413787",1963,1,"SNWD",0," "," ","0",0," "," ","0",0," "," ","0",0," "," ","0",0," "," ","0",0," "," ","0",0," "," ","0",0," "," ","0",0," "," ","0",0," "," ","0",0," "," ","0",0," "," ","0",0," "," ","0",0," "," ","0",0," "," ","0",0," "," ","0",0," "," ","0",0," "," ","0",0," "," ","0",0," "," ","0",0," "," ","0",0," "," ","0",0," "," ","0",0," "," ","0",0," "," ","0",0," "," ","0",0," "," ","0",0," "," ","0",0," "," ","0",0," "," ","0",0," "," ","0"
"1014","USC00413787",1963,2,"TMAX",317," "," ","0",250," "," ","0",194," "," ","0",250," "," ","0",278," "," ","0",217," "," ","0",250," "," ","0",194," "," ","0",161," "," ","0",117," "," ","0",6," "," ","0",28," "," ","0",106," "," ","0",144," "," ","0",111," "," ","0",94," "," ","0",133," "," ","0",161," "," ","0",150," "," ","0",233," "," ","0",61," "," ","0",133," "," ","0",156," "," ","0",222," "," ","0",139," "," ","0",233," "," ","0",211," "," ","0",150," "," ","0",NA," "," "," ",NA," "," "," ",NA," "," "," "
"1015","USC00413787",1963,2,"TMIN",28," "," ","0",-11," "," ","0",-67," "," ","0",-11," "," ","0",-11," "," ","0",39," "," ","0",-44," "," ","0",-6," "," ","0",-56," "," ","0",-6," "," ","0",-117," "," ","0",-122," "," ","0",-94," "," ","0",-94," "," ","0",-56," "," ","0",-22," "," ","0",-78," "," ","0",-17," "," ","0",-17," "," ","0",-50," "," ","0",-94," "," ","0",-94," "," ","0",-56," "," ","0",-56," "," ","0",-11," "," ","0",-56," "," ","0",44," "," ","0",22," "," ","0",NA," "," "," ",NA," "," "," ",NA," "," "," "
"1016","USC00413787",1963,2,"TOBS",239," "," ","0",39," "," ","0",139," "," ","0",161," "," ","0",200," "," ","0",183," "," ","0",194," "," ","0",128," "," ","0",117," "," ","0",6," "," ","0",-50," "," ","0",11," "," ","0",39," "," ","0",100," "," ","0",94," "," ","0",22," "," ","0",100," "," ","0",128," "," ","0",128," "," ","0",61," "," ","0",-67," "," ","0",78," "," ","0",117," "," ","0",139," "," ","0",106," "," ","0",211," "," ","0",150," "," ","0",111," "," ","0",NA," "," "," ",NA," "," "," ",NA," "," "," "
"1017","USC00413787",1963,2,"PRCP",0," "," ","0",0,"T"," ","0",0," "," ","0",0," "," ","0",0," "," ","0",0," "," ","0",0," "," ","0",0," "," ","0",0," "," ","0",99," "," ","0",15," "," ","0",0," "," ","0",0," "," ","0",0," "," ","0",0," "," ","0",25," "," ","0",0," "," ","0",0," "," ","0",0," "," ","0",0," "," ","0",5," "," ","0",0," "," ","0",0," "," ","0",0," "," ","0",0," "," ","0",0," "," ","0",0," "," ","0",0," "," ","0",NA," "," "," ",NA," "," "," ",NA," "," "," "
"1018","USC00413787",1963,2,"SNOW",0," "," ","0",0," "," ","0",0," "," ","0",0," "," ","0",0," "," ","0",0," "," ","0",0," "," ","0",0," "," ","0",0," "," ","0",0," "," ","0",25," "," ","0",0," "," ","0",0," "," ","0",0," "," ","0",0," "," ","0",38," "," ","0",0," "," ","0",0," "," ","0",0," "," ","0",0," "," ","0",0,"T"," ","0",0," "," ","0",0," "," ","0",0," "," ","0",0," "," ","0",0," "," ","0",0," "," ","0",0," "," ","0",NA," "," "," ",NA," "," "," ",NA," "," "," "
"1019","USC00413787",1963,2,"SNWD",0," "," ","0",0," "," ","0",0," "," ","0",0," "," ","0",0," "," ","0",0," "," ","0",0," "," ","0",0," "," ","0",0," "," ","0",0," "," ","0",25," "," ","0",0," "," ","0",0," "," ","0",0," "," ","0",0," "," ","0",0,"T"," ","0",0," "," ","0",0," "," ","0",0," "," ","0",0," "," ","0",0,"T"," ","0",0," "," ","0",0," "," ","0",0," "," ","0",0," "," ","0",0," "," ","0",0," "," ","0",0," "," ","0",NA," "," "," ",NA," "," "," ",NA," "," "," "
"1020","USC00413787",1963,3,"TMAX",150," "," ","0",200," "," ","0",256," "," ","0",61," "," ","0",94," "," ","0",117," "," ","0",172," "," ","0",144," "," ","0",211," "," ","0",178," "," ","0",211," "," ","0",172," "," ","0",89," "," ","0",161," "," ","0",233," "," ","0",206," "," ","0",211," "," ","0",189," "," ","0",183," "," ","0",233," "," ","0",211," "," ","0",217," "," ","0",267," "," ","0",289," "," ","0",256," "," ","0",233," "," ","0",317," "," ","0",328," "," ","0",306," "," ","0",294," "," ","0",283," "," ","0"
"1021","USC00413787",1963,3,"TMIN",-44," "," ","0",0," "," ","0",50," "," ","0",-28," "," ","0",-94," "," ","0",-111," "," ","0",-89," "," ","0",-22," "," ","0",-83," "," ","0",6," "," ","0",-50," "," ","0",17," "," ","0",-11," "," ","0",-44," "," ","0",11," "," ","0",39," "," ","0",-50," "," ","0",28," "," ","0",11," "," ","0",-39," "," ","0",0," "," ","0",11," "," ","0",28," "," ","0",61," "," ","0",61," "," ","0",-22," "," ","0",50," "," ","0",61," "," ","0",139," "," ","0",94," "," ","0",100," "," ","0"
"1022","USC00413787",1963,3,"TOBS",133," "," ","0",133," "," ","0",61," "," ","0",-22," "," ","0",83," "," ","0",83," "," ","0",144," "," ","0",100," "," ","0",178," "," ","0",133," "," ","0",172," "," ","0",61," "," ","0",56," "," ","0",122," "," ","0",178," "," ","0",183," "," ","0",183," "," ","0",161," "," ","0",167," "," ","0",189," "," ","0",161," "," ","0",194," "," ","0",233," "," ","0",256," "," ","0",183," "," ","0",217," "," ","0",272," "," ","0",250," "," ","0",194," "," ","0",250," "," ","0",239," "," ","0"
"1023","USC00413787",1963,3,"PRCP",0," "," ","0",0," "," ","0",0," "," ","0",0," "," ","0",0," "," ","0",0," "," ","0",0," "," ","0",0," "," ","0",0," "," ","0",3," "," ","0",0," "," ","0",0," "," ","0",0,"T"," ","0",0," "," ","0",0," "," ","0",0," "," ","0",0," "," ","0",0," "," ","0",0," "," ","0",0," "," ","0",0," "," ","0",0," "," ","0",0," "," ","0",0," "," ","0",0," "," ","0",0," "," ","0",0," "," ","0",0," "," ","0",0," "," ","0",0," "," ","0",0," "," ","0"
"1024","USC00413787",1963,3,"SNOW",0," "," ","0",0," "," ","0",0," "," ","0",0," "," ","0",0," "," ","0",0," "," ","0",0," "," ","0",0," "," ","0",0," "," ","0",0," "," ","0",0," "," ","0",0," "," ","0",0," "," ","0",0," "," ","0",0," "," ","0",0," "," ","0",0," "," ","0",0," "," ","0",0," "," ","0",0," "," ","0",0," "," ","0",0," "," ","0",0," "," ","0",0," "," ","0",0," "," ","0",0," "," ","0",0," "," ","0",0," "," ","0",0," "," ","0",0," "," ","0",0," "," ","0"
"1025","USC00413787",1963,3,"SNWD",0," "," ","0",0," "," ","0",0," "," ","0",0," "," ","0",0," "," ","0",0," "," ","0",0," "," ","0",0," "," ","0",0," "," ","0",0," "," ","0",0," "," ","0",0," "," ","0",0," "," ","0",0," "," ","0",0," "," ","0",0," "," ","0",0," "," ","0",0," "," ","0",0," "," ","0",0," "," ","0",0," "," ","0",0," "," ","0",0," "," ","0",0," "," ","0",0," "," ","0",0," "," ","0",0," "," ","0",0," "," ","0",0," "," ","0",0," "," ","0",0," "," ","0"
"1026","USC00413787",1963,3,"WT03",NA," "," "," ",NA," "," "," ",NA," "," "," ",NA," "," "," ",NA," "," "," ",NA," "," "," ",NA," "," "," ",NA," "," "," ",NA," "," "," ",1," "," ","0",NA," "," "," ",NA," "," "," ",NA," "," "," ",NA," "," "," ",NA," "," "," ",NA," "," "," ",NA," "," "," ",NA," "," "," ",NA," "," "," ",NA," "," "," ",NA," "," "," ",NA," "," "," ",NA," "," "," ",NA," "," "," ",NA," "," "," ",NA," "," "," ",NA," "," "," ",NA," "," "," ",NA," "," "," ",NA," "," "," ",NA," "," "," "
"1027","USC00413787",1963,4,"TMAX",239," "," ","0",278," "," ","0",206," "," ","0",178," "," ","0",106," "," ","0",244," "," ","0",306," "," ","0",306," "," ","0",333," "," ","0",328," "," ","0",211," "," ","0",250," "," ","0",306," "," ","0",328," "," ","0",350," "," ","0",300," "," ","0",306," "," ","0",278," "," ","0",250," "," ","0",283," "," ","0",333," "," ","0",311," "," ","0",233," "," ","0",300," "," ","0",283," "," ","0",283," "," ","0",261," "," ","0",272," "," ","0",261," "," ","0",250," "," ","0",NA," "," "," "
"1028","USC00413787",1963,4,"TMIN",106," "," ","0",56," "," ","0",-6," "," ","0",33," "," ","0",28," "," ","0",33," "," ","0",61," "," ","0",94," "," ","0",67," "," ","0",67," "," ","0",44," "," ","0",6," "," ","0",33," "," ","0",72," "," ","0",161," "," ","0",94," "," ","0",72," "," ","0",67," "," ","0",28," "," ","0",22," "," ","0",56," "," ","0",83," "," ","0",6," "," ","0",44," "," ","0",83," "," ","0",111," "," ","0",117," "," ","0",17," "," ","0",78," "," ","0",22," "," ","0",NA," "," "," "
"1029","USC00413787",1963,4,"TOBS",200," "," ","0",194," "," ","0",178," "," ","0",106," "," ","0",83," "," ","0",217," "," ","0",278," "," ","0",256," "," ","0",272," "," ","0",211," "," ","0",183," "," ","0",222," "," ","0",294," "," ","0",283," "," ","0",294," "," ","0",283," "," ","0",278," "," ","0",189," "," ","0",183," "," ","0",267," "," ","0",311," "," ","0",172," "," ","0",206," "," ","0",283," "," ","0",222," "," ","0",239," "," ","0",228," "," ","0",261," "," ","0",200," "," ","0",200," "," ","0",NA," "," "," "
"1030","USC00413787",1963,4,"PRCP",8," "," ","0",13," "," ","0",0," "," ","0",0," "," ","0",43," "," ","0",0," "," ","0",0," "," ","0",0," "," ","0",0," "," ","0",0," "," ","0",0," "," ","0",0," "," ","0",0," "," ","0",0," "," ","0",0," "," ","0",0," "," ","0",0," "," ","0",0," "," ","0",0," "," ","0",0," "," ","0",0," "," ","0",0," "," ","0",0," "," ","0",0," "," ","0",0," "," ","0",0," "," ","0",0," "," ","0",0," "," ","0",0," "," ","0",0," "," ","0",NA," "," "," "
"1031","USC00413787",1963,4,"SNOW",0," "," ","0",0," "," ","0",0," "," ","0",0," "," ","0",0," "," ","0",0," "," ","0",0," "," ","0",0," "," ","0",0," "," ","0",0," "," ","0",0," "," ","0",0," "," ","0",0," "," ","0",0," "," ","0",0," "," ","0",0," "," ","0",0," "," ","0",0," "," ","0",0," "," ","0",0," "," ","0",0," "," ","0",0," "," ","0",0," "," ","0",0," "," ","0",0," "," ","0",0," "," ","0",0," "," ","0",0," "," ","0",0," "," ","0",0," "," ","0",NA," "," "," "
"1032","USC00413787",1963,4,"SNWD",0," "," ","0",0," "," ","0",0," "," ","0",0," "," ","0",0," "," ","0",0," "," ","0",0," "," ","0",0," "," ","0",0," "," ","0",0," "," ","0",0," "," ","0",0," "," ","0",0," "," ","0",0," "," ","0",0," "," ","0",0," "," ","0",0," "," ","0",0," "," ","0",0," "," ","0",0," "," ","0",0," "," ","0",0," "," ","0",0," "," ","0",0," "," ","0",0," "," ","0",0," "," ","0",0," "," ","0",0," "," ","0",0," "," ","0",0," "," ","0",NA," "," "," "
"1033","USC00413787",1963,4,"WT01",NA," "," "," ",NA," "," "," ",NA," "," "," ",NA," "," "," ",NA," "," "," ",1," "," ","0",NA," "," "," ",NA," "," "," ",NA," "," "," ",NA," "," "," ",NA," "," "," ",NA," "," "," ",NA," "," "," ",NA," "," "," ",NA," "," "," ",NA," "," "," ",NA," "," "," ",NA," "," "," ",NA," "," "," ",NA," "," "," ",NA," "," "," ",NA," "," "," ",NA," "," "," ",NA," "," "," ",NA," "," "," ",NA," "," "," ",NA," "," "," ",NA," "," "," ",NA," "," "," ",NA," "," "," ",NA," "," "," "
"1034","USC00413787",1963,4,"WT03",1," "," ","0",1," "," ","0",NA," "," "," ",NA," "," "," ",NA," "," "," ",NA," "," "," ",NA," "," "," ",NA," "," "," ",NA," "," "," ",NA," "," "," ",NA," "," "," ",NA," "," "," ",NA," "," "," ",NA," "," "," ",NA," "," "," ",NA," "," "," ",NA," "," "," ",NA," "," "," ",NA," "," "," ",NA," "," "," ",NA," "," "," ",NA," "," "," ",NA," "," "," ",NA," "," "," ",NA," "," "," ",NA," "," "," ",NA," "," "," ",NA," "," "," ",NA," "," "," ",NA," "," "," ",NA," "," "," "
"1035","USC00413787",1963,5,"TMAX",239," "," ","0",306," "," ","0",350," "," ","0",361," "," ","0",322," "," ","0",311," "," ","0",306," "," ","0",367," "," ","0",372," "," ","0",350," "," ","0",367," "," ","0",356," "," ","0",350," "," ","0",389," "," ","0",367," "," ","0",317," "," ","0",322," "," ","0",294," "," ","0",217," "," ","0",261," "," ","0",244," "," ","0",106," "," ","0",161," "," ","0",333," "," ","0",333," "," ","0",306," "," ","0",272," "," ","0",311," "," ","0",317," "," ","0",294," "," ","0",NA," "," "," "
"1036","USC00413787",1963,5,"TMIN",22," "," ","0",67," "," ","0",122," "," ","0",100," "," ","0",111," "," ","0",72," "," ","0",89," "," ","0",156," "," ","0",183," "," ","0",161," "," ","0",139," "," ","0",172," "," ","0",139," "," ","0",156," "," ","0",183," "," ","0",161," "," ","0",117," "," ","0",128," "," ","0",83," "," ","0",67," "," ","0",83," "," ","0",44," "," ","0",61," "," ","0",117," "," ","0",133," "," ","0",106," "," ","0",128," "," ","0",100," "," ","0",156," "," ","0",139," "," ","0",NA," "," "," "
"1037","USC00413787",1963,5,"TOBS",200," "," ","0",283," "," ","0",333," "," ","0",322," "," ","0",233," "," ","0",217," "," ","0",233," "," ","0",267," "," ","0",278," "," ","0",261," "," ","0",317," "," ","0",317," "," ","0",333," "," ","0",344," "," ","0",317," "," ","0",272," "," ","0",267," "," ","0",161," "," ","0",100," "," ","0",244," "," ","0",100," "," ","0",100," "," ","0",150," "," ","0",267," "," ","0",306," "," ","0",239," "," ","0",250," "," ","0",294," "," ","0",294," "," ","0",250," "," ","0",NA," "," "," "
"1038","USC00413787",1963,5,"PRCP",0," "," ","0",0," "," ","0",0," "," ","0",0," "," ","0",0," "," ","0",23," "," ","0",0," "," ","0",0," "," ","0",0," "," ","0",0," "," ","0",0,"T"," ","0",0," "," ","0",0," "," ","0",0," "," ","0",0," "," ","0",0," "," ","0",25," "," ","0",109," "," ","0",0,"T"," ","0",5," "," ","0",226," "," ","0",0,"T"," ","0",15," "," ","0",0," "," ","0",0," "," ","0",0," "," ","0",0," "," ","0",0," "," ","0",0," "," ","0",236," "," ","0",399," "," ","0"
"1039","USC00413787",1963,5,"SNOW",0," "," ","0",0," "," ","0",0," "," ","0",0," "," ","0",0," "," ","0",0," "," ","0",0," "," ","0",0," "," ","0",0," "," ","0",0," "," ","0",0," "," ","0",0," "," ","0",0," "," ","0",0," "," ","0",0," "," ","0",0," "," ","0",0," "," ","0",0," "," ","0",0," "," ","0",0," "," ","0",0," "," ","0",0," "," ","0",0," "," ","0",0," "," ","0",0," "," ","0",0," "," ","0",0," "," ","0",0," "," ","0",0," "," ","0",0," "," ","0",0," "," ","0"
"1040","USC00413787",1963,5,"SNWD",0," "," ","0",0," "," ","0",0," "," ","0",0," "," ","0",0," "," ","0",0," "," ","0",0," "," ","0",0," "," ","0",0," "," ","0",0," "," ","0",0," "," ","0",0," "," ","0",0," "," ","0",0," "," ","0",0," "," ","0",0," "," ","0",0," "," ","0",0," "," ","0",0," "," ","0",0," "," ","0",0," "," ","0",0," "," ","0",0," "," ","0",0," "," ","0",0," "," ","0",0," "," ","0",0," "," ","0",0," "," ","0",0," "," ","0",0," "," ","0",0," "," ","0"
"1041","USC00413787",1963,5,"WT03",NA," "," "," ",NA," "," "," ",NA," "," "," ",NA," "," "," ",NA," "," "," ",1," "," ","0",NA," "," "," ",NA," "," "," ",NA," "," "," ",NA," "," "," ",1," "," ","0",NA," "," "," ",NA," "," "," ",NA," "," "," ",NA," "," "," ",NA," "," "," ",1," "," ","0",NA," "," "," ",NA," "," "," ",NA," "," "," ",NA," "," "," ",NA," "," "," ",NA," "," "," ",NA," "," "," ",NA," "," "," ",NA," "," "," ",NA," "," "," ",NA," "," "," ",1," "," ","0",1," "," ","0",1," "," ","0"
"1042","USC00413787",1963,6,"TMAX",272," "," ","0",217," "," ","0",311," "," ","0",317," "," ","0",344," "," ","0",333," "," ","0",339," "," ","0",317," "," ","0",311," "," ","0",328," "," ","0",344," "," ","0",344," "," ","0",328," "," ","0",333," "," ","0",350," "," ","0",333," "," ","0",239," "," ","0",283," "," ","0",294," "," ","0",328," "," ","0",317," "," ","0",333," "," ","0",322," "," ","0",344," "," ","0",350," "," ","0",344," "," ","0",361," "," ","0",372," "," ","0",383," "," ","0",378," "," ","0",NA," "," "," "
"1043","USC00413787",1963,6,"TMIN",128," "," ","0",122," "," ","0",133," "," ","0",150," "," ","0",150," "," ","0",183," "," ","0",128," "," ","0",167," "," ","0",133," "," ","0",133," "," ","0",139," "," ","0",150," "," ","0",172," "," ","0",172," "," ","0",172," "," ","0",150," "," ","0",133," "," ","0",111," "," ","0",122," "," ","0",117," "," ","0",156," "," ","0",139," "," ","0",194," "," ","0",183," "," ","0",178," "," ","0",150," "," ","0",161," "," ","0",172," "," ","0",178," "," ","0",189," "," ","0",NA," "," "," "
"1044","USC00413787",1963,6,"TOBS",194," "," ","0",200," "," ","0",272," "," ","0",283," "," ","0",311," "," ","0",311," "," ","0",306," "," ","0",200," "," ","0",272," "," ","0",306," "," ","0",256," "," ","0",322," "," ","0",278," "," ","0",272," "," ","0",333," "," ","0",167," "," ","0",222," "," ","0",244," "," ","0",278," "," ","0",311," "," ","0",294," "," ","0",311," "," ","0",311," "," ","0",333," "," ","0",333," "," ","0",333," "," ","0",333," "," ","0",350," "," ","0",361," "," ","0",367," "," ","0",NA," "," "," "
"1045","USC00413787",1963,6,"PRCP",84," "," ","0",185," "," ","0",0," "," ","0",0," "," ","0",18," "," ","0",0," "," ","0",0," "," ","0",122," "," ","0",0," "," ","0",0," "," ","0",0," "," ","0",0," "," ","0",0," "," ","0",97," "," ","0",0," "," ","0",99," "," ","0",25," "," ","0",0," "," ","0",13," "," ","0",0," "," ","0",0," "," ","0",0," "," ","0",0," "," ","0",0," "," ","0",0," "," ","0",0," "," ","0",0," "," ","0",0," "," ","0",0," "," ","0",0," "," ","0",NA," "," "," "
"1046","USC00413787",1963,6,"SNOW",0," "," ","0",0," "," ","0",0," "," ","0",0," "," ","0",0," "," ","0",0," "," ","0",0," "," ","0",0," "," ","0",0," "," ","0",0," "," ","0",0," "," ","0",0," "," ","0",0," "," ","0",0," "," ","0",0," "," ","0",0," "," ","0",0," "," ","0",0," "," ","0",0," "," ","0",0," "," ","0",0," "," ","0",0," "," ","0",0," "," ","0",0," "," ","0",0," "," ","0",0," "," ","0",0," "," ","0",0," "," ","0",0," "," ","0",0," "," ","0",NA," "," "," "
"1047","USC00413787",1963,6,"SNWD",0," "," ","0",0," "," ","0",0," "," ","0",0," "," ","0",0," "," ","0",0," "," ","0",0," "," ","0",0," "," ","0",0," "," ","0",0," "," ","0",0," "," ","0",0," "," ","0",0," "," ","0",0," "," ","0",0," "," ","0",0," "," ","0",0," "," ","0",0," "," ","0",0," "," ","0",0," "," ","0",0," "," ","0",0," "," ","0",0," "," ","0",0," "," ","0",0," "," ","0",0," "," ","0",0," "," ","0",0," "," ","0",0," "," ","0",0," "," ","0",NA," "," "," "
"1048","USC00413787",1963,6,"WT03",1," "," ","0",1," "," ","0",NA," "," "," ",NA," "," "," ",1," "," ","0",NA," "," "," ",NA," "," "," ",1," "," ","0",NA," "," "," ",NA," "," "," ",NA," "," "," ",NA," "," "," ",NA," "," "," ",1," "," ","0",NA," "," "," ",1," "," ","0",1," "," ","0",1," "," ","0",1," "," ","0",NA," "," "," ",NA," "," "," ",NA," "," "," ",NA," "," "," ",NA," "," "," ",NA," "," "," ",NA," "," "," ",NA," "," "," ",NA," "," "," ",NA," "," "," ",NA," "," "," ",NA," "," "," "
"1049","USC00413787",1963,7,"TMAX",383," "," ","0",367," "," ","0",356," "," ","0",344," "," ","0",367," "," ","0",350," "," ","0",350," "," ","0",350," "," ","0",356," "," ","0",367," "," ","0",361," "," ","0",356," "," ","0",328," "," ","0",339," "," ","0",350," "," ","0",372," "," ","0",372," "," ","0",361," "," ","0",383," "," ","0",383," "," ","0",389," "," ","0",378," "," ","0",400," "," ","0",400," "," ","0",394," "," ","0",383," "," ","0",367," "," ","0",317," "," ","0",350," "," ","0",389," "," ","0",394," "," ","0"
"1050","USC00413787",1963,7,"TMIN",172," "," ","0",167," "," ","0",167," "," ","0",200," "," ","0",183," "," ","0",167," "," ","0",183," "," ","0",178," "," ","0",178," "," ","0",206," "," ","0",178," "," ","0",183," "," ","0",172," "," ","0",161," "," ","0",194," "," ","0",194," "," ","0",217," "," ","0",206," "," ","0",211," "," ","0",183," "," ","0",183," "," ","0",178," "," ","0",189," "," ","0",228," "," ","0",183," "," ","0",189," "," ","0",211," "," ","0",150," "," ","0",161," "," ","0",167," "," ","0",189," "," ","0"
"1051","USC00413787",1963,7,"TOBS",356," "," ","0",311," "," ","0",339," "," ","0",333," "," ","0",322," "," ","0",328," "," ","0",294," "," ","0",333," "," ","0",278," "," ","0",339," "," ","0",339," "," ","0",211," "," ","0",261," "," ","0",317," "," ","0",344," "," ","0",344," "," ","0",361," "," ","0",356," "," ","0",367," "," ","0",372," "," ","0",378," "," ","0",361," "," ","0",383," "," ","0",361," "," ","0",350," "," ","0",322," "," ","0",306," "," ","0",261," "," ","0",306," "," ","0",350," "," ","0",372," "," ","0"
"1052","USC00413787",1963,7,"PRCP",0," "," ","0",0," "," ","0",0," "," ","0",0," "," ","0",0," "," ","0",394," "," ","0",0," "," ","0",0," "," ","0",0,"T"," ","0",0," "," ","0",198," "," ","0",147," "," ","0",5," "," ","0",0," "," ","0",3," "," ","0",0," "," ","0",0," "," ","0",0," "," ","0",0," "," ","0",0," "," ","0",0," "," ","0",0," "," ","0",0," "," ","0",0," "," ","0",0," "," ","0",0," "," ","0",0," "," ","0",109," "," ","0",0," "," ","0",0," "," ","0",0," "," ","0"
"1053","USC00413787",1963,7,"SNOW",0," "," ","0",0," "," ","0",0," "," ","0",0," "," ","0",0," "," ","0",0," "," ","0",0," "," ","0",0," "," ","0",0," "," ","0",0," "," ","0",0," "," ","0",0," "," ","0",0," "," ","0",0," "," ","0",0," "," ","0",0," "," ","0",0," "," ","0",0," "," ","0",0," "," ","0",0," "," ","0",0," "," ","0",0," "," ","0",0," "," ","0",0," "," ","0",0," "," ","0",0," "," ","0",0," "," ","0",0," "," ","0",0," "," ","0",0," "," ","0",0," "," ","0"
"1054","USC00413787",1963,7,"SNWD",0," "," ","0",0," "," ","0",0," "," ","0",0," "," ","0",0," "," ","0",0," "," ","0",0," "," ","0",0," "," ","0",0," "," ","0",0," "," ","0",0," "," ","0",0," "," ","0",0," "," ","0",0," "," ","0",0," "," ","0",0," "," ","0",0," "," ","0",0," "," ","0",0," "," ","0",0," "," ","0",0," "," ","0",0," "," ","0",0," "," ","0",0," "," ","0",0," "," ","0",0," "," ","0",0," "," ","0",0," "," ","0",0," "," ","0",0," "," ","0",0," "," ","0"
"1055","USC00413787",1963,7,"WT03",NA," "," "," ",NA," "," "," ",NA," "," "," ",NA," "," "," ",NA," "," "," ",1," "," ","0",NA," "," "," ",NA," "," "," ",1," "," ","0",NA," "," "," ",1," "," ","0",1," "," ","0",1," "," ","0",NA," "," "," ",1," "," ","0",NA," "," "," ",NA," "," "," ",NA," "," "," ",NA," "," "," ",NA," "," "," ",NA," "," "," ",NA," "," "," ",NA," "," "," ",NA," "," "," ",NA," "," "," ",NA," "," "," ",NA," "," "," ",1," "," ","0",NA," "," "," ",NA," "," "," ",NA," "," "," "
"1056","USC00413787",1963,8,"TMAX",372," "," ","0",378," "," ","0",389," "," ","0",378," "," ","0",389," "," ","0",394," "," ","0",394," "," ","0",400," "," ","0",367," "," ","0",333," "," ","0",356," "," ","0",350," "," ","0",322," "," ","0",333," "," ","0",356," "," ","0",367," "," ","0",378," "," ","0",322," "," ","0",344," "," ","0",356," "," ","0",361," "," ","0",372," "," ","0",383," "," ","0",372," "," ","0",333," "," ","0",344," "," ","0",350," "," ","0",367," "," ","0",278," "," ","0",278," "," ","0",283," "," ","0"
"1057","USC00413787",1963,8,"TMIN",194," "," ","0",189," "," ","0",167," "," ","0",189," "," ","0",189," "," ","0",178," "," ","0",194," "," ","0",178," "," ","0",194," "," ","0",200," "," ","0",189," "," ","0",194," "," ","0",206," "," ","0",139," "," ","0",150," "," ","0",167," "," ","0",183," "," ","0",200," "," ","0",183," "," ","0",122," "," ","0",178," "," ","0",189," "," ","0",217," "," ","0",200," "," ","0",189," "," ","0",183," "," ","0",183," "," ","0",172," "," ","0",167," "," ","0",167," "," ","0",189," "," ","0"
"1058","USC00413787",1963,8,"TOBS",344," "," ","0",350," "," ","0",333," "," ","0",328," "," ","0",361," "," ","0",356," "," ","0",317," "," ","0",367," "," ","0",283," "," ","0",217," "," ","0",244," "," ","0",289," "," ","0",289," "," ","0",272," "," ","0",306," "," ","0",350," "," ","0",322," "," ","0",306," "," ","0",311," "," ","0",328," "," ","0",328," "," ","0",333," "," ","0",361," "," ","0",217," "," ","0",306," "," ","0",322," "," ","0",333," "," ","0",244," "," ","0",267," "," ","0",239," "," ","0",211," "," ","0"
"1059","USC00413787",1963,8,"PRCP",0," "," ","0",0," "," ","0",0," "," ","0",0," "," ","0",0," "," ","0",0,"T"," ","0",0," "," ","0",0," "," ","0",0,"T"," ","0",0,"T"," ","0",76," "," ","0",0," "," ","0",0," "," ","0",0," "," ","0",0," "," ","0",0," "," ","0",0," "," ","0",0," "," ","0",0," "," ","0",0," "," ","0",0," "," ","0",0," "," ","0",0," "," ","0",150," "," ","0",38," "," ","0",8," "," ","0",0," "," ","0",15," "," ","0",0," "," ","0",0," "," ","0",38," "," ","0"
"1060","USC00413787",1963,8,"SNOW",0," "," ","0",0," "," ","0",0," "," ","0",0," "," ","0",0," "," ","0",0," "," ","0",0," "," ","0",0," "," ","0",0," "," ","0",0," "," ","0",0," "," ","0",0," "," ","0",0," "," ","0",0," "," ","0",0," "," ","0",0," "," ","0",0," "," ","0",0," "," ","0",0," "," ","0",0," "," ","0",0," "," ","0",0," "," ","0",0," "," ","0",0," "," ","0",0," "," ","0",0," "," ","0",0," "," ","0",0," "," ","0",0," "," ","0",0," "," ","0",0," "," ","0"
"1061","USC00413787",1963,8,"SNWD",0," "," ","0",0," "," ","0",0," "," ","0",0," "," ","0",0," "," ","0",0," "," ","0",0," "," ","0",0," "," ","0",0," "," ","0",0," "," ","0",0," "," ","0",0," "," ","0",0," "," ","0",0," "," ","0",0," "," ","0",0," "," ","0",0," "," ","0",0," "," ","0",0," "," ","0",0," "," ","0",0," "," ","0",0," "," ","0",0," "," ","0",0," "," ","0",0," "," ","0",0," "," ","0",0," "," ","0",0," "," ","0",0," "," ","0",0," "," ","0",0," "," ","0"
"1062","USC00413787",1963,8,"WT03",NA," "," "," ",NA," "," "," ",NA," "," "," ",NA," "," "," ",NA," "," "," ",1," "," ","0",1," "," ","0",NA," "," "," ",NA," "," "," ",1," "," ","0",1," "," ","0",NA," "," "," ",NA," "," "," ",NA," "," "," ",NA," "," "," ",NA," "," "," ",NA," "," "," ",NA," "," "," ",NA," "," "," ",NA," "," "," ",NA," "," "," ",NA," "," "," ",NA," "," "," ",1," "," ","0",1," "," ","0",NA," "," "," ",NA," "," "," ",1," "," ","0",NA," "," "," ",NA," "," "," ",1," "," ","0"
"1063","USC00413787",1963,9,"TMAX",328," "," ","0",333," "," ","0",328," "," ","0",333," "," ","0",333," "," ","0",350," "," ","0",356," "," ","0",339," "," ","0",339," "," ","0",361," "," ","0",328," "," ","0",311," "," ","0",294," "," ","0",306," "," ","0",283," "," ","0",306," "," ","0",300," "," ","0",300," "," ","0",333," "," ","0",339," "," ","0",289," "," ","0",317," "," ","0",322," "," ","0",289," "," ","0",294," "," ","0",306," "," ","0",306," "," ","0",322," "," ","0",250," "," ","0",328," "," ","0",NA," "," "," "
"1064","USC00413787",1963,9,"TMIN",183," "," ","0",189," "," ","0",172," "," ","0",183," "," ","0",178," "," ","0",178," "," ","0",178," "," ","0",183," "," ","0",178," "," ","0",172," "," ","0",189," "," ","0",150," "," ","0",144," "," ","0",150," "," ","0",172," "," ","0",150," "," ","0",161," "," ","0",172," "," ","0",183," "," ","0",178," "," ","0",150," "," ","0",156," "," ","0",156," "," ","0",167," "," ","0",128," "," ","0",78," "," ","0",72," "," ","0",78," "," ","0",50," "," ","0",56," "," ","0",NA," "," "," "
"1065","USC00413787",1963,9,"TOBS",306," "," ","0",283," "," ","0",278," "," ","0",256," "," ","0",272," "," ","0",322," "," ","0",289," "," ","0",294," "," ","0",267," "," ","0",294," "," ","0",261," "," ","0",267," "," ","0",256," "," ","0",261," "," ","0",217," "," ","0",283," "," ","0",267," "," ","0",261," "," ","0",294," "," ","0",289," "," ","0",211," "," ","0",289," "," ","0",278," "," ","0",250," "," ","0",261," "," ","0",250," "," ","0",278," "," ","0",211," "," ","0",222," "," ","0",294," "," ","0",NA," "," "," "
"1066","USC00413787",1963,9,"PRCP",109," "," ","0",10," "," ","0",107," "," ","0",0,"T"," ","0",28," "," ","0",0," "," ","0",0," "," ","0",0," "," ","0",0," "," ","0",0," "," ","0",53," "," ","0",56," "," ","0",0," "," ","0",0," "," ","0",8," "," ","0",0," "," ","0",0," "," ","0",0," "," ","0",0," "," ","0",0," "," ","0",15," "," ","0",0," "," ","0",0," "," ","0",0," "," ","0",0," "," ","0",0," "," ","0",0," "," ","0",0," "," ","0",0," "," ","0",0," "," ","0",NA," "," "," "
"1067","USC00413787",1963,9,"SNOW",0," "," ","0",0," "," ","0",0," "," ","0",0," "," ","0",0," "," ","0",0," "," ","0",0," "," ","0",0," "," ","0",0," "," ","0",0," "," ","0",0," "," ","0",0," "," ","0",0," "," ","0",0," "," ","0",0," "," ","0",0," "," ","0",0," "," ","0",0," "," ","0",0," "," ","0",0," "," ","0",0," "," ","0",0," "," ","0",0," "," ","0",0," "," ","0",0," "," ","0",0," "," ","0",0," "," ","0",0," "," ","0",0," "," ","0",0," "," ","0",NA," "," "," "
"1068","USC00413787",1963,9,"SNWD",0," "," ","0",0," "," ","0",0," "," ","0",0," "," ","0",0," "," ","0",0," "," ","0",0," "," ","0",0," "," ","0",0," "," ","0",0," "," ","0",0," "," ","0",0," "," ","0",0," "," ","0",0," "," ","0",0," "," ","0",0," "," ","0",0," "," ","0",0," "," ","0",0," "," ","0",0," "," ","0",0," "," ","0",0," "," ","0",0," "," ","0",0," "," ","0",0," "," ","0",0," "," ","0",0," "," ","0",0," "," ","0",0," "," ","0",0," "," ","0",NA," "," "," "
"1069","USC00413787",1963,9,"WT03",1," "," ","0",1," "," ","0",1," "," ","0",1," "," ","0",1," "," ","0",NA," "," "," ",NA," "," "," ",1," "," ","0",NA," "," "," ",1," "," ","0",1," "," ","0",1," "," ","0",NA," "," "," ",NA," "," "," ",1," "," ","0",NA," "," "," ",NA," "," "," ",NA," "," "," ",NA," "," "," ",NA," "," "," ",1," "," ","0",NA," "," "," ",NA," "," "," ",NA," "," "," ",NA," "," "," ",NA," "," "," ",NA," "," "," ",NA," "," "," ",NA," "," "," ",NA," "," "," ",NA," "," "," "
"1070","USC00413787",1963,10,"TMAX",372," "," ","0",372," "," ","0",350," "," ","0",333," "," ","0",322," "," ","0",333," "," ","0",344," "," ","0",333," "," ","0",328," "," ","0",328," "," ","0",294," "," ","0",306," "," ","0",300," "," ","0",306," "," ","0",306," "," ","0",289," "," ","0",278," "," ","0",306," "," ","0",261," "," ","0",244," "," ","0",267," "," ","0",289," "," ","0",283," "," ","0",244," "," ","0",283," "," ","0",306," "," ","0",211," "," ","0",206," "," ","0",217," "," ","0",294," "," ","0",211," "," ","0"
"1071","USC00413787",1963,10,"TMIN",78," "," ","0",100," "," ","0",89," "," ","0",83," "," ","0",78," "," ","0",89," "," ","0",61," "," ","0",78," "," ","0",94," "," ","0",111," "," ","0",106," "," ","0",78," "," ","0",89," "," ","0",111," "," ","0",128," "," ","0",144," "," ","0",117," "," ","0",111," "," ","0",139," "," ","0",139," "," ","0",50," "," ","0",78," "," ","0",117," "," ","0",67," "," ","0",61," "," ","0",72," "," ","0",67," "," ","0",44," "," ","0",44," "," ","0",89," "," ","0",67," "," ","0"
"1072","USC00413787",1963,10,"TOBS",339," "," ","0",294," "," ","0",306," "," ","0",283," "," ","0",272," "," ","0",300," "," ","0",283," "," ","0",294," "," ","0",289," "," ","0",289," "," ","0",250," "," ","0",261," "," ","0",267," "," ","0",261," "," ","0",256," "," ","0",256," "," ","0",256," "," ","0",261," "," ","0",167," "," ","0",NA," "," "," ",200," "," ","0",206," "," ","0",228," "," ","0",194," "," ","0",211," "," ","0",211," "," ","0",100," "," ","0",144," "," ","0",211," "," ","0",211," "," ","0",72," "," ","0"
"1073","USC00413787",1963,10,"PRCP",0," "," ","0",0," "," ","0",0," "," ","0",0," "," ","0",0," "," ","0",0," "," ","0",0," "," ","0",0," "," ","0",0," "," ","0",0," "," ","0",0," "," ","0",0," "," ","0",0," "," ","0",0," "," ","0",0," "," ","0",0," "," ","0",0," "," ","0",0," "," ","0",20," "," ","0",28," "," ","0",0," "," ","0",23," "," ","0",0," "," ","0",0," "," ","0",0," "," ","0",0," "," ","0",0," "," ","0",0," "," ","0",0," "," ","0",0," "," ","0",0,"T"," ","0"
"1074","USC00413787",1963,10,"SNOW",0," "," ","0",0," "," ","0",0," "," ","0",0," "," ","0",0," "," ","0",0," "," ","0",0," "," ","0",0," "," ","0",0," "," ","0",0," "," ","0",0," "," ","0",0," "," ","0",0," "," ","0",0," "," ","0",0," "," ","0",0," "," ","0",0," "," ","0",0," "," ","0",0," "," ","0",0," "," ","0",0," "," ","0",0," "," ","0",0," "," ","0",0," "," ","0",0," "," ","0",0," "," ","0",0," "," ","0",0," "," ","0",0," "," ","0",0," "," ","0",0," "," ","0"
"1075","USC00413787",1963,10,"SNWD",0," "," ","0",0," "," ","0",0," "," ","0",0," "," ","0",0," "," ","0",0," "," ","0",0," "," ","0",0," "," ","0",0," "," ","0",0," "," ","0",0," "," ","0",0," "," ","0",0," "," ","0",0," "," ","0",0," "," ","0",0," "," ","0",0," "," ","0",0," "," ","0",0," "," ","0",0," "," ","0",0," "," ","0",0," "," ","0",0," "," ","0",0," "," ","0",0," "," ","0",0," "," ","0",0," "," ","0",0," "," ","0",0," "," ","0",0," "," ","0",0," "," ","0"
"1076","USC00413787",1963,11,"TMAX",156," "," ","0",178," "," ","0",217," "," ","0",244," "," ","0",256," "," ","0",261," "," ","0",256," "," ","0",211," "," ","0",244," "," ","0",256," "," ","0",194," "," ","0",167," "," ","0",178," "," ","0",139," "," ","0",244," "," ","0",261," "," ","0",194," "," ","0",183," "," ","0",183," "," ","0",222," "," ","0",189," "," ","0",117," "," ","0",150," "," ","0",NA," "," "," ",NA," "," "," ",NA," "," "," ",NA," "," "," ",NA," "," "," ",183," "," ","0",183," "," ","0",NA," "," "," "
"1077","USC00413787",1963,11,"TMIN",-28," "," ","0",-11," "," ","0",72," "," ","0",-11," "," ","0",0," "," ","0",-17," "," ","0",39," "," ","0",44," "," ","0",6," "," ","0",11," "," ","0",56," "," ","0",-17," "," ","0",-17," "," ","0",-17," "," ","0",-22," "," ","0",83," "," ","0",11," "," ","0",-56," "," ","0",11," "," ","0",-28," "," ","0",67," "," ","0",-28," "," ","0",-78," "," ","0",22," "," ","0",17," "," ","0",-78," "," ","0",-50," "," ","0",-22," "," ","0",-89," "," ","0",-67," "," ","0",NA," "," "," "
"1078","USC00413787",1963,11,"TOBS",106," "," ","0",139," "," ","0",156," "," ","0",161," "," ","0",183," "," ","0",206," "," ","0",194," "," ","0",150," "," ","0",189," "," ","0",194," "," ","0",128," "," ","0",122," "," ","0",111," "," ","0",89," "," ","0",189," "," ","0",194," "," ","0",72," "," ","0",117," "," ","0",78," "," ","0",150," "," ","0",111," "," ","0",72," "," ","0",94," "," ","0",139," "," ","0",72," "," ","0",117," "," ","0",128," "," ","0",72," "," ","0",117," "," ","0",72," "," ","0",NA," "," "," "
"1079","USC00413787",1963,11,"PRCP",18," "," ","0",0," "," ","0",0," "," ","0",0," "," ","0",0," "," ","0",0," "," ","0",0," "," ","0",0," "," ","0",0," "," ","0",0," "," ","0",0," "," ","0",0," "," ","0",0," "," ","0",0," "," ","0",0," "," ","0",0," "," ","0",0," "," ","0",0," "," ","0",0," "," ","0",0," "," ","0",10," "," ","0",0," "," ","0",0," "," ","0",0," "," ","0",0," "," ","0",0," "," ","0",0," "," ","0",0," "," ","0",0," "," ","0",0," "," ","0",NA," "," "," "
"1080","USC00413787",1963,11,"SNOW",0," "," ","0",0," "," ","0",0," "," ","0",0," "," ","0",0," "," ","0",0," "," ","0",0," "," ","0",0," "," ","0",0," "," ","0",0," "," ","0",0," "," ","0",0," "," ","0",0," "," ","0",0," "," ","0",0," "," ","0",0," "," ","0",0," "," ","0",0," "," ","0",0," "," ","0",0," "," ","0",0," "," ","0",0," "," ","0",0," "," ","0",0," "," ","0",0," "," ","0",0," "," ","0",0," "," ","0",0," "," ","0",0," "," ","0",0," "," ","0",NA," "," "," "
"1081","USC00413787",1963,11,"SNWD",0," "," ","0",0," "," ","0",0," "," ","0",0," "," ","0",0," "," ","0",0," "," ","0",0," "," ","0",0," "," ","0",0," "," ","0",0," "," ","0",0," "," ","0",0," "," ","0",0," "," ","0",0," "," ","0",0," "," ","0",0," "," ","0",0," "," ","0",0," "," ","0",0," "," ","0",0," "," ","0",0," "," ","0",0," "," ","0",0," "," ","0",0," "," ","0",0," "," ","0",0," "," ","0",0," "," ","0",0," "," ","0",0," "," ","0",0," "," ","0",NA," "," "," "
"1082","USC00413787",1963,11,"WT01",NA," "," "," ",NA," "," "," ",NA," "," "," ",NA," "," "," ",NA," "," "," ",NA," "," "," ",NA," "," "," ",NA," "," "," ",NA," "," "," ",NA," "," "," ",NA," "," "," ",NA," "," "," ",NA," "," "," ",NA," "," "," ",NA," "," "," ",NA," "," "," ",NA," "," "," ",NA," "," "," ",NA," "," "," ",1," "," ","0",NA," "," "," ",NA," "," "," ",NA," "," "," ",NA," "," "," ",NA," "," "," ",NA," "," "," ",NA," "," "," ",NA," "," "," ",NA," "," "," ",NA," "," "," ",NA," "," "," "
"1083","USC00413787",1963,11,"WT03",NA," "," "," ",NA," "," "," ",NA," "," "," ",NA," "," "," ",NA," "," "," ",NA," "," "," ",NA," "," "," ",NA," "," "," ",NA," "," "," ",NA," "," "," ",NA," "," "," ",NA," "," "," ",NA," "," "," ",NA," "," "," ",NA," "," "," ",NA," "," "," ",NA," "," "," ",NA," "," "," ",NA," "," "," ",NA," "," "," ",1," "," ","0",NA," "," "," ",NA," "," "," ",NA," "," "," ",NA," "," "," ",NA," "," "," ",NA," "," "," ",NA," "," "," ",NA," "," "," ",NA," "," "," ",NA," "," "," "
"1084","USC00413787",1963,12,"TMAX",150," "," ","0",128," "," ","0",200," "," ","0",178," "," ","0",200," "," ","0",194," "," ","0",122," "," ","0",72," "," ","0",117," "," ","0",44," "," ","0",-61," "," ","0",22," "," ","0",-11," "," ","0",44," "," ","0",22," "," ","0",39," "," ","0",6," "," ","0",-28," "," ","0",106," "," ","0",22," "," ","0",-50," "," ","0",-22," "," ","0",67," "," ","0",194," "," ","0",206," "," ","0",122," "," ","0",133," "," ","0",111," "," ","0",67," "," ","0",94," "," ","0",156," "," ","0"
"1085","USC00413787",1963,12,"TMIN",-61," "," ","0",-61," "," ","0",-72," "," ","0",-39," "," ","0",-61," "," ","0",-50," "," ","0",-6," "," ","0",-89," "," ","0",-89," "," ","0",-89," "," ","0",-117," "," ","0",-178," "," ","0",-156," "," ","0",-167," "," ","0",-139," "," ","0",-39," "," ","0",-89," "," ","0",-117," "," ","0",-56," "," ","0",-67," "," ","0",-100," "," ","0",-139," "," ","0",-139," "," ","0",-22," "," ","0",-28," "," ","0",11," "," ","0",-72," "," ","0",-33," "," ","0",-61," "," ","0",-83," "," ","0",-78," "," ","0"
"1086","USC00413787",1963,12,"TOBS",100," "," ","0",89," "," ","0",133," "," ","0",133," "," ","0",139," "," ","0",94," "," ","0",44," "," ","0",28," "," ","0",44," "," ","0",-83," "," ","0",-89," "," ","0",-28," "," ","0",-78," "," ","0",-11," "," ","0",-28," "," ","0",6," "," ","0",-56," "," ","0",-56," "," ","0",22," "," ","0",-50," "," ","0",-100," "," ","0",-67," "," ","0",28," "," ","0",139," "," ","0",111," "," ","0",67," "," ","0",72," "," ","0",67," "," ","0",-6," "," ","0",50," "," ","0",83," "," ","0"
"1087","USC00413787",1963,12,"PRCP",0," "," ","0",0," "," ","0",0," "," ","0",0," "," ","0",0," "," ","0",0," "," ","0",0," "," ","0",0," "," ","0",0," "," ","0",0,"T"," ","0",5," "," ","0",0," "," ","0",0," "," ","0",0," "," ","0",0," "," ","0",0," "," ","0",0," "," ","0",0," "," ","0",0," "," ","0",0," "," ","0",0,"T"," ","0",23," "," ","0",0," "," ","0",0," "," ","0",0," "," ","0",0," "," ","0",0," "," ","0",0," "," ","0",20," "," ","0",0," "," ","0",0," "," ","0"
"1088","USC00413787",1963,12,"SNOW",0," "," ","0",0," "," ","0",0," "," ","0",0," "," ","0",0," "," ","0",0," "," ","0",0," "," ","0",0," "," ","0",0," "," ","0",0," "," ","0",13," "," ","0",0," "," ","0",0," "," ","0",0," "," ","0",0," "," ","0",0," "," ","0",0," "," ","0",0," "," ","0",0," "," ","0",0," "," ","0",0," "," ","0",25," "," ","0",0," "," ","0",0," "," ","0",0," "," ","0",0," "," ","0",0," "," ","0",0," "," ","0",25," "," ","0",0," "," ","0",0," "," ","0"
"1089","USC00413787",1963,12,"SNWD",0," "," ","0",0," "," ","0",0," "," ","0",0," "," ","0",0," "," ","0",0," "," ","0",0," "," ","0",0," "," ","0",0," "," ","0",0," "," ","0",0," "," ","0",0," "," ","0",0," "," ","0",0," "," ","0",0," "," ","0",0," "," ","0",0," "," ","0",0," "," ","0",0," "," ","0",0," "," ","0",0," "," ","0",25," "," ","0",0," "," ","0",0," "," ","0",0," "," ","0",0," "," ","0",0," "," ","0",0," "," ","0",25," "," ","0",0," "," ","0",0," "," ","0"
"1090","USC00413787",1963,12,"WT01",NA," "," "," ",NA," "," "," ",NA," "," "," ",NA," "," "," ",NA," "," "," ",NA," "," "," ",NA," "," "," ",NA," "," "," ",NA," "," "," ",NA," "," "," ",NA," "," "," ",NA," "," "," ",NA," "," "," ",NA," "," "," ",1," "," ","0",NA," "," "," ",NA," "," "," ",NA," "," "," ",NA," "," "," ",NA," "," "," ",NA," "," "," ",NA," "," "," ",NA," "," "," ",NA," "," "," ",NA," "," "," ",NA," "," "," ",NA," "," "," ",1," "," ","0",NA," "," "," ",NA," "," "," ",NA," "," "," "
"1091","USC00413787",1963,12,"WT06",NA," "," "," ",NA," "," "," ",NA," "," "," ",NA," "," "," ",NA," "," "," ",NA," "," "," ",NA," "," "," ",NA," "," "," ",NA," "," "," ",NA," "," "," ",NA," "," "," ",NA," "," "," ",NA," "," "," ",NA," "," "," ",NA," "," "," ",NA," "," "," ",NA," "," "," ",NA," "," "," ",NA," "," "," ",NA," "," "," ",NA," "," "," ",1," "," ","0",NA," "," "," ",NA," "," "," ",NA," "," "," ",NA," "," "," ",NA," "," "," ",NA," "," "," ",NA," "," "," ",NA," "," "," ",NA," "," "," "
"1092","USC00413787",1964,1,"TMAX",194," "," ","0",239," "," ","0",172," "," ","0",117," "," ","0",72," "," ","0",94," "," ","0",117," "," ","0",78," "," ","0",72," "," ","0",172," "," ","0",100," "," ","0",-17," "," ","0",39," "," ","0",67," "," ","0",61," "," ","0",117," "," ","0",183," "," ","0",189," "," ","0",144," "," ","0",206," "," ","0",228," "," ","0",194," "," ","0",161," "," ","0",106," "," ","0",172," "," ","0",200," "," ","0",150," "," ","0",150," "," ","0",139," "," ","0",133," "," ","0",144," "," ","0"
"1093","USC00413787",1964,1,"TMIN",-17," "," ","0",11," "," ","0",17," "," ","0",-100," "," ","0",-28," "," ","0",-117," "," ","0",-83," "," ","0",-39," "," ","0",-150," "," ","0",-94," "," ","0",-56," "," ","0",-128," "," ","0",-200," "," ","0",-150," "," ","0",-167," "," ","0",-122," "," ","0",-39," "," ","0",-33," "," ","0",-33," "," ","0",-56," "," ","0",-22," "," ","0",11," "," ","0",6," "," ","0",-67," "," ","0",-100," "," ","0",-50," "," ","0",-67," "," ","0",-61," "," ","0",-22," "," ","0",-72," "," ","0",-22," "," ","0"
"1094","USC00413787",1964,1,"TOBS",122," "," ","0",172," "," ","0",33," "," ","0",72," "," ","0",22," "," ","0",28," "," ","0",78," "," ","0",-6," "," ","0",28," "," ","0",100," "," ","0",-17," "," ","0",-67," "," ","0",-17," "," ","0",22," "," ","0",17," "," ","0",50," "," ","0",111," "," ","0",144," "," ","0",78," "," ","0",111," "," ","0",178," "," ","0",139," "," ","0",106," "," ","0",11," "," ","0",117," "," ","0",83," "," ","0",100," "," ","0",122," "," ","0",100," "," ","0",61," "," ","0",100," "," ","0"
"1095","USC00413787",1964,1,"PRCP",0," "," ","0",0," "," ","0",0," "," ","0",0," "," ","0",0," "," ","0",0," "," ","0",0," "," ","0",0,"T"," ","0",0," "," ","0",0," "," ","0",0," "," ","0",0," "," ","0",0," "," ","0",0," "," ","0",0," "," ","0",0," "," ","0",0," "," ","0",0," "," ","0",0," "," ","0",0," "," ","0",0," "," ","0",0," "," ","0",0," "," ","0",0," "," ","0",0," "," ","0",0," "," ","0",0," "," ","0",0," "," ","0",0," "," ","0",0," "," ","0",0," "," ","0"
"1096","USC00413787",1964,1,"SNOW",0," "," ","0",0," "," ","0",0," "," ","0",0," "," ","0",0," "," ","0",0," "," ","0",0," "," ","0",0," "," ","0",0," "," ","0",0," "," ","0",0," "," ","0",0," "," ","0",0," "," ","0",0," "," ","0",0," "," ","0",0," "," ","0",0," "," ","0",0," "," ","0",0," "," ","0",0," "," ","0",0," "," ","0",0," "," ","0",0," "," ","0",0," "," ","0",0," "," ","0",0," "," ","0",0," "," ","0",0," "," ","0",0," "," ","0",0," "," ","0",0," "," ","0"
"1097","USC00413787",1964,1,"SNWD",0," "," ","0",0," "," ","0",0," "," ","0",0," "," ","0",0," "," ","0",0," "," ","0",0," "," ","0",0," "," ","0",0," "," ","0",0," "," ","0",0," "," ","0",0," "," ","0",0," "," ","0",0," "," ","0",0," "," ","0",0," "," ","0",0," "," ","0",0," "," ","0",0," "," ","0",0," "," ","0",0," "," ","0",0," "," ","0",0," "," ","0",0," "," ","0",0," "," ","0",0," "," ","0",0," "," ","0",0," "," ","0",0," "," ","0",0," "," ","0",0," "," ","0"
"1098","USC00413787",1964,2,"TMAX",172," "," ","0",133," "," ","0",56," "," ","0",0," "," ","0",44," "," ","0",17," "," ","0",22," "," ","0",56," "," ","0",72," "," ","0",83," "," ","0",44," "," ","0",33," "," ","0",61," "," ","0",67," "," ","0",17," "," ","0",72," "," ","0",78," "," ","0",67," "," ","0",122," "," ","0",78," "," ","0",50," "," ","0",94," "," ","0",56," "," ","0",122," "," ","0",106," "," ","0",83," "," ","0",50," "," ","0",117," "," ","0",178," "," ","0",NA," "," "," ",NA," "," "," "
"1099","USC00413787",1964,2,"TMIN",-67," "," ","0",-28," "," ","0",-39," "," ","0",-39," "," ","0",-78," "," ","0",-67," "," ","0",-161," "," ","0",-122," "," ","0",-128," "," ","0",-61," "," ","0",-72," "," ","0",0," "," ","0",-106," "," ","0",-39," "," ","0",-50," "," ","0",-94," "," ","0",-17," "," ","0",-22," "," ","0",-61," "," ","0",-56," "," ","0",-78," "," ","0",-72," "," ","0",-44," "," ","0",-56," "," ","0",-56," "," ","0",-89," "," ","0",-67," "," ","0",-89," "," ","0",-50," "," ","0",NA," "," "," ",NA," "," "," "
"1100","USC00413787",1964,2,"TOBS",-28," "," ","0",56," "," ","0",-33," "," ","0",-17," "," ","0",6," "," ","0",-67," "," ","0",0," "," ","0",0," "," ","0",17," "," ","0",44," "," ","0",28," "," ","0",0," "," ","0",39," "," ","0",17," "," ","0",6," "," ","0",50," "," ","0",50," "," ","0",22," "," ","0",78," "," ","0",-22," "," ","0",28," "," ","0",33," "," ","0",39," "," ","0",106," "," ","0",-39," "," ","0",50," "," ","0",-6," "," ","0",100," "," ","0",-11," "," ","0",NA," "," "," ",NA," "," "," "
"1101","USC00413787",1964,2,"PRCP",0," "," ","0",0," "," ","0",97," "," ","0",274," "," ","0",0," "," ","0",0," "," ","0",0," "," ","0",0," "," ","0",0," "," ","0",0," "," ","0",0," "," ","0",0,"T"," ","0",0," "," ","0",0,"T"," ","0",0," "," ","0",0," "," ","0",0," "," ","0",0," "," ","0",0," "," ","0",0,"T"," ","0",0," "," ","0",0," "," ","0",0,"T"," ","0",0," "," ","0",0," "," ","0",0," "," ","0",3," "," ","0",0," "," ","0",0," "," ","0",NA," "," "," ",NA," "," "," "
"1102","USC00413787",1964,2,"SNOW",0," "," ","0",0," "," ","0",102," "," ","0",279," "," ","0",0," "," ","0",0," "," ","0",0," "," ","0",0," "," ","0",0," "," ","0",0," "," ","0",0," "," ","0",0," "," ","0",0," "," ","0",0," "," ","0",0," "," ","0",0," "," ","0",0," "," ","0",0," "," ","0",0," "," ","0",0," "," ","0",0," "," ","0",0," "," ","0",0," "," ","0",0," "," ","0",0," "," ","0",0," "," ","0",13," "," ","0",0," "," ","0",0," "," ","0",NA," "," "," ",NA," "," "," "
"1103","USC00413787",1964,2,"SNWD",0," "," ","0",0," "," ","0",102," "," ","0",279," "," ","0",NA," "," "," ",NA," "," "," ",NA," "," "," ",NA," "," "," ",0," "," ","0",0," "," ","0",0," "," ","0",0," "," ","0",0," "," ","0",0," "," ","0",0," "," ","0",0," "," ","0",0," "," ","0",0," "," ","0",0," "," ","0",0," "," ","0",0," "," ","0",0," "," ","0",0," "," ","0",0," "," ","0",0," "," ","0",0," "," ","0",0,"T"," ","0",0," "," ","0",0," "," ","0",NA," "," "," ",NA," "," "," "
"1104","USC00413787",1964,3,"TMAX",194," "," ","0",211," "," ","0",189," "," ","0",83," "," ","0",194," "," ","0",167," "," ","0",94," "," ","0",78," "," ","0",111," "," ","0",200," "," ","0",150," "," ","0",239," "," ","0",222," "," ","0",189," "," ","0",222," "," ","0",139," "," ","0",217," "," ","0",206," "," ","0",106," "," ","0",56," "," ","0",178," "," ","0",233," "," ","0",211," "," ","0",178," "," ","0",50," "," ","0",194," "," ","0",183," "," ","0",139," "," ","0",194," "," ","0",228," "," ","0",289," "," ","0"
"1105","USC00413787",1964,3,"TMIN",-39," "," ","0",-56," "," ","0",6," "," ","0",-44," "," ","0",-72," "," ","0",-39," "," ","0",-56," "," ","0",-44," "," ","0",-39," "," ","0",-56," "," ","0",-67," "," ","0",-61," "," ","0",17," "," ","0",-56," "," ","0",-89," "," ","0",28," "," ","0",-39," "," ","0",17," "," ","0",50," "," ","0",-56," "," ","0",-67," "," ","0",0," "," ","0",17," "," ","0",-39," "," ","0",-61," "," ","0",-100," "," ","0",-67," "," ","0",-11," "," ","0",-44," "," ","0",-39," "," ","0",44," "," ","0"
"1106","USC00413787",1964,3,"TOBS",167," "," ","0",189," "," ","0",44," "," ","0",72," "," ","0",167," "," ","0",72," "," ","0",78," "," ","0",44," "," ","0",106," "," ","0",139," "," ","0",133," "," ","0",217," "," ","0",189," "," ","0",100," "," ","0",139," "," ","0",72," "," ","0",206," "," ","0",106," "," ","0",56," "," ","0",39," "," ","0",122," "," ","0",178," "," ","0",178," "," ","0",50," "," ","0",17," "," ","0",144," "," ","0",139," "," ","0",100," "," ","0",167," "," ","0",206," "," ","0",261," "," ","0"
"1107","USC00413787",1964,3,"PRCP",0," "," ","0",0," "," ","0",0," "," ","0",0," "," ","0",0," "," ","0",0," "," ","0",0," "," ","0",0,"T"," ","0",0," "," ","0",0," "," ","0",0," "," ","0",0," "," ","0",0," "," ","0",0," "," ","0",0," "," ","0",0," "," ","0",0," "," ","0",0,"T"," ","0",0,"T"," ","0",0,"T"," ","0",0," "," ","0",0," "," ","0",0," "," ","0",0," "," ","0",0,"T"," ","0",0," "," ","0",0," "," ","0",0," "," ","0",0," "," ","0",0," "," ","0",0," "," ","0"
"1108","USC00413787",1964,3,"SNOW",0," "," ","0",0," "," ","0",0," "," ","0",0," "," ","0",0," "," ","0",0," "," ","0",0," "," ","0",0," "," ","0",0," "," ","0",0," "," ","0",0," "," ","0",0," "," ","0",0," "," ","0",0," "," ","0",0," "," ","0",0," "," ","0",0," "," ","0",0," "," ","0",0," "," ","0",0," "," ","0",0," "," ","0",0," "," ","0",0," "," ","0",0," "," ","0",0," "," ","0",0," "," ","0",0," "," ","0",0," "," ","0",0," "," ","0",0," "," ","0",0," "," ","0"
"1109","USC00413787",1964,3,"SNWD",0," "," ","0",0," "," ","0",0," "," ","0",0," "," ","0",0," "," ","0",0," "," ","0",0," "," ","0",0," "," ","0",0," "," ","0",0," "," ","0",0," "," ","0",0," "," ","0",0," "," ","0",0," "," ","0",0," "," ","0",0," "," ","0",0," "," ","0",0," "," ","0",0," "," ","0",0," "," ","0",0," "," ","0",0," "," ","0",0," "," ","0",0," "," ","0",0," "," ","0",0," "," ","0",0," "," ","0",0," "," ","0",0," "," ","0",0," "," ","0",0," "," ","0"
"1110","USC00413787",1964,4,"TMAX",294," "," ","0",239," "," ","0",200," "," ","0",128," "," ","0",211," "," ","0",211," "," ","0",111," "," ","0",194," "," ","0",222," "," ","0",233," "," ","0",278," "," ","0",261," "," ","0",217," "," ","0",244," "," ","0",311," "," ","0",322," "," ","0",272," "," ","0",272," "," ","0",339," "," ","0",317," "," ","0",261," "," ","0",278," "," ","0",306," "," ","0",306," "," ","0",278," "," ","0",233," "," ","0",206," "," ","0",217," "," ","0",228," "," ","0",261," "," ","0",NA," "," "," "
"1111","USC00413787",1964,4,"TMIN",161," "," ","0",89," "," ","0",0," "," ","0",11," "," ","0",-22," "," ","0",33," "," ","0",17," "," ","0",-67," "," ","0",22," "," ","0",39," "," ","0",44," "," ","0",33," "," ","0",-33," "," ","0",22," "," ","0",94," "," ","0",83," "," ","0",106," "," ","0",44," "," ","0",133," "," ","0",67," "," ","0",28," "," ","0",89," "," ","0",22," "," ","0",33," "," ","0",83," "," ","0",33," "," ","0",67," "," ","0",44," "," ","0",39," "," ","0",78," "," ","0",NA," "," "," "
"1112","USC00413787",1964,4,"TOBS",239," "," ","0",200," "," ","0",128," "," ","0",11," "," ","0",156," "," ","0",111," "," ","0",67," "," ","0",128," "," ","0",156," "," ","0",156," "," ","0",156," "," ","0",144," "," ","0",200," "," ","0",222," "," ","0",272," "," ","0",272," "," ","0",172," "," ","0",244," "," ","0",317," "," ","0",211," "," ","0",239," "," ","0",261," "," ","0",278," "," ","0",278," "," ","0",233," "," ","0",194," "," ","0",183," "," ","0",194," "," ","0",194," "," ","0",239," "," ","0",NA," "," "," "
"1113","USC00413787",1964,4,"PRCP",0," "," ","0",0," "," ","0",0," "," ","0",0,"T"," ","0",0," "," ","0",0," "," ","0",0," "," ","0",0," "," ","0",0," "," ","0",0," "," ","0",0," "," ","0",0," "," ","0",0," "," ","0",0," "," ","0",0," "," ","0",0," "," ","0",0," "," ","0",0," "," ","0",0," "," ","0",0," "," ","0",0," "," ","0",0," "," ","0",0," "," ","0",0," "," ","0",0," "," ","0",0," "," ","0",0," "," ","0",0," "," ","0",0," "," ","0",0," "," ","0",NA," "," "," "
"1114","USC00413787",1964,4,"SNOW",0," "," ","0",0," "," ","0",0," "," ","0",0," "," ","0",0," "," ","0",0," "," ","0",0," "," ","0",0," "," ","0",0," "," ","0",0," "," ","0",0," "," ","0",0," "," ","0",0," "," ","0",0," "," ","0",0," "," ","0",0," "," ","0",0," "," ","0",0," "," ","0",0," "," ","0",0," "," ","0",0," "," ","0",0," "," ","0",0," "," ","0",0," "," ","0",0," "," ","0",0," "," ","0",0," "," ","0",0," "," ","0",0," "," ","0",0," "," ","0",NA," "," "," "
"1115","USC00413787",1964,4,"SNWD",0," "," ","0",0," "," ","0",0," "," ","0",0," "," ","0",0," "," ","0",0," "," ","0",0," "," ","0",0," "," ","0",0," "," ","0",0," "," ","0",0," "," ","0",0," "," ","0",0," "," ","0",0," "," ","0",0," "," ","0",0," "," ","0",0," "," ","0",0," "," ","0",0," "," ","0",0," "," ","0",0," "," ","0",0," "," ","0",0," "," ","0",0," "," ","0",0," "," ","0",0," "," ","0",0," "," ","0",0," "," ","0",0," "," ","0",0," "," ","0",NA," "," "," "
"1116","USC00413787",1964,5,"TMAX",283," "," ","0",317," "," ","0",306," "," ","0",322," "," ","0",339," "," ","0",311," "," ","0",322," "," ","0",289," "," ","0",294," "," ","0",278," "," ","0",289," "," ","0",261," "," ","0",311," "," ","0",367," "," ","0",361," "," ","0",344," "," ","0",322," "," ","0",328," "," ","0",322," "," ","0",322," "," ","0",333," "," ","0",350," "," ","0",383," "," ","0",361," "," ","0",372," "," ","0",333," "," ","0",278," "," ","0",178," "," ","0",206," "," ","0",150," "," ","0",200," "," ","0"
"1117","USC00413787",1964,5,"TMIN",72," "," ","0",94," "," ","0",83," "," ","0",94," "," ","0",161," "," ","0",61," "," ","0",111," "," ","0",44," "," ","0",39," "," ","0",106," "," ","0",50," "," ","0",61," "," ","0",33," "," ","0",150," "," ","0",167," "," ","0",89," "," ","0",144," "," ","0",139," "," ","0",156," "," ","0",161," "," ","0",150," "," ","0",178," "," ","0",194," "," ","0",183," "," ","0",183," "," ","0",167," "," ","0",139," "," ","0",83," "," ","0",122," "," ","0",78," "," ","0",72," "," ","0"
"1118","USC00413787",1964,5,"TOBS",250," "," ","0",306," "," ","0",289," "," ","0",294," "," ","0",306," "," ","0",278," "," ","0",289," "," ","0",211," "," ","0",278," "," ","0",111," "," ","0",261," "," ","0",206," "," ","0",278," "," ","0",339," "," ","0",283," "," ","0",306," "," ","0",306," "," ","0",283," "," ","0",267," "," ","0",272," "," ","0",300," "," ","0",317," "," ","0",361," "," ","0",306," "," ","0",333," "," ","0",278," "," ","0",150," "," ","0",172," "," ","0",150," "," ","0",94," "," ","0",172," "," ","0"
"1119","USC00413787",1964,5,"PRCP",0," "," ","0",0," "," ","0",0," "," ","0",0," "," ","0",0," "," ","0",0," "," ","0",0," "," ","0",0," "," ","0",0," "," ","0",10," "," ","0",8," "," ","0",0," "," ","0",0," "," ","0",0,"T"," ","0",0," "," ","0",0," "," ","0",0," "," ","0",0," "," ","0",0,"T"," ","0",0," "," ","0",0," "," ","0",0," "," ","0",0," "," ","0",0," "," ","0",0," "," ","0",0," "," ","0",137," "," ","0",58," "," ","0",109," "," ","0",216," "," ","0",5," "," ","0"
"1120","USC00413787",1964,5,"SNOW",0," "," ","0",0," "," ","0",0," "," ","0",0," "," ","0",0," "," ","0",0," "," ","0",0," "," ","0",0," "," ","0",0," "," ","0",0," "," ","0",0," "," ","0",0," "," ","0",0," "," ","0",0," "," ","0",0," "," ","0",0," "," ","0",0," "," ","0",0," "," ","0",0," "," ","0",0," "," ","0",0," "," ","0",0," "," ","0",0," "," ","0",0," "," ","0",0," "," ","0",0," "," ","0",0," "," ","0",0," "," ","0",0," "," ","0",0," "," ","0",0," "," ","0"
"1121","USC00413787",1964,5,"SNWD",0," "," ","0",0," "," ","0",0," "," ","0",0," "," ","0",0," "," ","0",0," "," ","0",0," "," ","0",0," "," ","0",0," "," ","0",0," "," ","0",0," "," ","0",0," "," ","0",0," "," ","0",0," "," ","0",0," "," ","0",0," "," ","0",0," "," ","0",0," "," ","0",0," "," ","0",0," "," ","0",0," "," ","0",0," "," ","0",0," "," ","0",0," "," ","0",0," "," ","0",0," "," ","0",0," "," ","0",0," "," ","0",0," "," ","0",0," "," ","0",0," "," ","0"
"1122","USC00413787",1964,5,"WT03",NA," "," "," ",NA," "," "," ",NA," "," "," ",NA," "," "," ",NA," "," "," ",NA," "," "," ",NA," "," "," ",NA," "," "," ",NA," "," "," ",1," "," ","0",1," "," ","0",NA," "," "," ",NA," "," "," ",1," "," ","0",NA," "," "," ",NA," "," "," ",NA," "," "," ",NA," "," "," ",NA," "," "," ",NA," "," "," ",NA," "," "," ",NA," "," "," ",NA," "," "," ",NA," "," "," ",NA," "," "," ",NA," "," "," ",1," "," ","0",1," "," ","0",1," "," ","0",1," "," ","0",NA," "," "," "
"1123","USC00413787",1964,6,"TMAX",256," "," ","0",250," "," ","0",306," "," ","0",250," "," ","0",289," "," ","0",344," "," ","0",372," "," ","0",361," "," ","0",372," "," ","0",367," "," ","0",289," "," ","0",311," "," ","0",311," "," ","0",300," "," ","0",311," "," ","0",311," "," ","0",361," "," ","0",350," "," ","0",372," "," ","0",367," "," ","0",372," "," ","0",333," "," ","0",311," "," ","0",367," "," ","0",361," "," ","0",361," "," ","0",367," "," ","0",367," "," ","0",378," "," ","0",378," "," ","0",NA," "," "," "
"1124","USC00413787",1964,6,"TMIN",56," "," ","0",106," "," ","0",106," "," ","0",128," "," ","0",122," "," ","0",128," "," ","0",161," "," ","0",200," "," ","0",106," "," ","0",156," "," ","0",150," "," ","0",139," "," ","0",178," "," ","0",150," "," ","0",167," "," ","0",183," "," ","0",189," "," ","0",183," "," ","0",133," "," ","0",178," "," ","0",211," "," ","0",206," "," ","0",133," "," ","0",117," "," ","0",128," "," ","0",117," "," ","0",150," "," ","0",172," "," ","0",183," "," ","0",172," "," ","0",NA," "," "," "
"1125","USC00413787",1964,6,"TOBS",250," "," ","0",206," "," ","0",200," "," ","0",211," "," ","0",278," "," ","0",339," "," ","0",361," "," ","0",328," "," ","0",361," "," ","0",194," "," ","0",267," "," ","0",272," "," ","0",244," "," ","0",294," "," ","0",300," "," ","0",289," "," ","0",339," "," ","0",333," "," ","0",356," "," ","0",344," "," ","0",328," "," ","0",311," "," ","0",300," "," ","0",328," "," ","0",333," "," ","0",333," "," ","0",328," "," ","0",333," "," ","0",344," "," ","0",339," "," ","0",NA," "," "," "
"1126","USC00413787",1964,6,"PRCP",0," "," ","0",30," "," ","0",0," "," ","0",23," "," ","0",0," "," ","0",0," "," ","0",0," "," ","0",0," "," ","0",0," "," ","0",114," "," ","0",76," "," ","0",0," "," ","0",0," "," ","0",102," "," ","0",8," "," ","0",0," "," ","0",0," "," ","0",0," "," ","0",0," "," ","0",0," "," ","0",0," "," ","0",0," "," ","0",0,"T"," ","0",0," "," ","0",0," "," ","0",0," "," ","0",0," "," ","0",0," "," ","0",0," "," ","0",0," "," ","0",NA," "," "," "
"1127","USC00413787",1964,6,"SNOW",0," "," ","0",0," "," ","0",0," "," ","0",0," "," ","0",0," "," ","0",0," "," ","0",0," "," ","0",0," "," ","0",0," "," ","0",0," "," ","0",0," "," ","0",0," "," ","0",0," "," ","0",0," "," ","0",0," "," ","0",0," "," ","0",0," "," ","0",0," "," ","0",0," "," ","0",0," "," ","0",0," "," ","0",0," "," ","0",0," "," ","0",0," "," ","0",0," "," ","0",0," "," ","0",0," "," ","0",0," "," ","0",0," "," ","0",0," "," ","0",NA," "," "," "
"1128","USC00413787",1964,6,"SNWD",0," "," ","0",0," "," ","0",0," "," ","0",0," "," ","0",0," "," ","0",0," "," ","0",0," "," ","0",0," "," ","0",0," "," ","0",0," "," ","0",0," "," ","0",0," "," ","0",0," "," ","0",0," "," ","0",0," "," ","0",0," "," ","0",0," "," ","0",0," "," ","0",0," "," ","0",0," "," ","0",0," "," ","0",0," "," ","0",0," "," ","0",0," "," ","0",0," "," ","0",0," "," ","0",0," "," ","0",0," "," ","0",0," "," ","0",0," "," ","0",NA," "," "," "
"1129","USC00413787",1964,6,"WT03",NA," "," "," ",NA," "," "," ",NA," "," "," ",1," "," ","0",NA," "," "," ",NA," "," "," ",NA," "," "," ",NA," "," "," ",NA," "," "," ",1," "," ","0",1," "," ","0",NA," "," "," ",NA," "," "," ",1," "," ","0",1," "," ","0",NA," "," "," ",NA," "," "," ",NA," "," "," ",NA," "," "," ",NA," "," "," ",NA," "," "," ",NA," "," "," ",1," "," ","0",NA," "," "," ",NA," "," "," ",NA," "," "," ",NA," "," "," ",NA," "," "," ",NA," "," "," ",NA," "," "," ",NA," "," "," "
"1130","USC00413787",1964,7,"TMAX",389," "," ","0",389," "," ","0",389," "," ","0",400," "," ","0",394," "," ","0",389," "," ","0",400," "," ","0",378," "," ","0",367," "," ","0",411," "," ","0",372," "," ","0",306," "," ","0",350," "," ","0",389," "," ","0",394," "," ","0",350," "," ","0",333," "," ","0",339," "," ","0",367," "," ","0",389," "," ","0",411," "," ","0",394," "," ","0",383," "," ","0",383," "," ","0",411," "," ","0",394," "," ","0",411," "," ","0",394," "," ","0",411," "," ","0",389," "," ","0",367," "," ","0"
"1131","USC00413787",1964,7,"TMIN",161," "," ","0",178," "," ","0",189," "," ","0",217," "," ","0",217," "," ","0",194," "," ","0",206," "," ","0",206," "," ","0",194," "," ","0",194," "," ","0",206," "," ","0",178," "," ","0",117," "," ","0",178," "," ","0",206," "," ","0",194," "," ","0",194," "," ","0",200," "," ","0",194," "," ","0",200," "," ","0",172," "," ","0",178," "," ","0",183," "," ","0",183," "," ","0",200," "," ","0",206," "," ","0",189," "," ","0",211," "," ","0",194," "," ","0",183," "," ","0",217," "," ","0"
"1132","USC00413787",1964,7,"TOBS",372," "," ","0",322," "," ","0",361," "," ","0",361," "," ","0",361," "," ","0",361," "," ","0",372," "," ","0",217," "," ","0",300," "," ","0",372," "," ","0",306," "," ","0",272," "," ","0",339," "," ","0",344," "," ","0",350," "," ","0",294," "," ","0",311," "," ","0",306," "," ","0",350," "," ","0",350," "," ","0",339," "," ","0",367," "," ","0",356," "," ","0",367," "," ","0",344," "," ","0",350," "," ","0",356," "," ","0",306," "," ","0",361," "," ","0",344," "," ","0",339," "," ","0"
"1133","USC00413787",1964,7,"PRCP",0," "," ","0",0," "," ","0",0," "," ","0",0," "," ","0",0," "," ","0",0," "," ","0",0," "," ","0",0,"T"," ","0",10," "," ","0",0," "," ","0",25," "," ","0",3," "," ","0",0," "," ","0",0," "," ","0",0," "," ","0",69," "," ","0",38," "," ","0",0,"T"," ","0",0," "," ","0",0," "," ","0",0," "," ","0",0," "," ","0",0," "," ","0",0," "," ","0",0," "," ","0",76," "," ","0",0," "," ","0",0,"T"," ","0",10," "," ","0",0," "," ","0",0," "," ","0"
"1134","USC00413787",1964,7,"SNOW",0," "," ","0",0," "," ","0",0," "," ","0",0," "," ","0",0," "," ","0",0," "," ","0",0," "," ","0",0," "," ","0",0," "," ","0",0," "," ","0",0," "," ","0",0," "," ","0",0," "," ","0",0," "," ","0",0," "," ","0",0," "," ","0",0," "," ","0",0," "," ","0",0," "," ","0",0," "," ","0",0," "," ","0",0," "," ","0",0," "," ","0",0," "," ","0",0," "," ","0",0," "," ","0",0," "," ","0",0," "," ","0",0," "," ","0",0," "," ","0",0," "," ","0"
"1135","USC00413787",1964,7,"SNWD",0," "," ","0",0," "," ","0",0," "," ","0",0," "," ","0",0," "," ","0",0," "," ","0",0," "," ","0",0," "," ","0",0," "," ","0",0," "," ","0",0," "," ","0",0," "," ","0",0," "," ","0",0," "," ","0",0," "," ","0",0," "," ","0",0," "," ","0",0," "," ","0",0," "," ","0",0," "," ","0",0," "," ","0",0," "," ","0",0," "," ","0",0," "," ","0",0," "," ","0",0," "," ","0",0," "," ","0",0," "," ","0",0," "," ","0",0," "," ","0",0," "," ","0"
"1136","USC00413787",1964,7,"WT03",NA," "," "," ",NA," "," "," ",NA," "," "," ",NA," "," "," ",NA," "," "," ",NA," "," "," ",NA," "," "," ",1," "," ","0",1," "," ","0",NA," "," "," ",1," "," ","0",1," "," ","0",NA," "," "," ",NA," "," "," ",NA," "," "," ",1," "," ","0",1," "," ","0",NA," "," "," ",NA," "," "," ",NA," "," "," ",NA," "," "," ",NA," "," "," ",NA," "," "," ",NA," "," "," ",NA," "," "," ",1," "," ","0",NA," "," "," ",1," "," ","0",1," "," ","0",NA," "," "," ",NA," "," "," "
"1137","USC00413787",1964,8,"TMAX",367," "," ","0",394," "," ","0",422," "," ","0",422," "," ","0",406," "," ","0",433," "," ","0",383," "," ","0",350," "," ","0",356," "," ","0",428," "," ","0",372," "," ","0",317," "," ","0",372," "," ","0",328," "," ","0",317," "," ","0",333," "," ","0",350," "," ","0",339," "," ","0",367," "," ","0",344," "," ","0",328," "," ","0",300," "," ","0",333," "," ","0",367," "," ","0",344," "," ","0",356," "," ","0",344," "," ","0",344," "," ","0",372," "," ","0",361," "," ","0",378," "," ","0"
"1138","USC00413787",1964,8,"TMIN",222," "," ","0",261," "," ","0",206," "," ","0",211," "," ","0",211," "," ","0",183," "," ","0",239," "," ","0",200," "," ","0",200," "," ","0",217," "," ","0",217," "," ","0",161," "," ","0",206," "," ","0",189," "," ","0",172," "," ","0",144," "," ","0",178," "," ","0",178," "," ","0",189," "," ","0",189," "," ","0",133," "," ","0",133," "," ","0",122," "," ","0",194," "," ","0",133," "," ","0",150," "," ","0",200," "," ","0",106," "," ","0",200," "," ","0",167," "," ","0",178," "," ","0"
"1139","USC00413787",1964,8,"TOBS",344," "," ","0",361," "," ","0",389," "," ","0",344," "," ","0",372," "," ","0",344," "," ","0",278," "," ","0",294," "," ","0",350," "," ","0",372," "," ","0",283," "," ","0",283," "," ","0",328," "," ","0",200," "," ","0",283," "," ","0",272," "," ","0",300," "," ","0",317," "," ","0",322," "," ","0",294," "," ","0",300," "," ","0",283," "," ","0",311," "," ","0",344," "," ","0",272," "," ","0",333," "," ","0",278," "," ","0",322," "," ","0",356," "," ","0",344," "," ","0",322," "," ","0"
"1140","USC00413787",1964,8,"PRCP",0," "," ","0",0," "," ","0",0," "," ","0",15," "," ","0",0," "," ","0",0,"T"," ","0",5," "," ","0",13," "," ","0",0," "," ","0",0," "," ","0",0," "," ","0",0," "," ","0",0," "," ","0",0,"T"," ","0",30," "," ","0",0," "," ","0",0,"T"," ","0",0," "," ","0",0," "," ","0",61," "," ","0",0," "," ","0",0," "," ","0",0," "," ","0",0," "," ","0",0," "," ","0",0," "," ","0",0," "," ","0",0," "," ","0",0," "," ","0",0," "," ","0",0," "," ","0"
"1141","USC00413787",1964,8,"SNOW",0," "," ","0",0," "," ","0",0," "," ","0",0," "," ","0",0," "," ","0",0," "," ","0",0," "," ","0",0," "," ","0",0," "," ","0",0," "," ","0",0," "," ","0",0," "," ","0",0," "," ","0",0," "," ","0",0," "," ","0",0," "," ","0",0," "," ","0",0," "," ","0",0," "," ","0",0," "," ","0",0," "," ","0",0," "," ","0",0," "," ","0",0," "," ","0",0," "," ","0",0," "," ","0",0," "," ","0",0," "," ","0",0," "," ","0",0," "," ","0",0," "," ","0"
"1142","USC00413787",1964,8,"SNWD",0," "," ","0",0," "," ","0",0," "," ","0",0," "," ","0",0," "," ","0",0," "," ","0",0," "," ","0",0," "," ","0",0," "," ","0",0," "," ","0",0," "," ","0",0," "," ","0",0," "," ","0",0," "," ","0",0," "," ","0",0," "," ","0",0," "," ","0",0," "," ","0",0," "," ","0",0," "," ","0",0," "," ","0",0," "," ","0",0," "," ","0",0," "," ","0",0," "," ","0",0," "," ","0",0," "," ","0",0," "," ","0",0," "," ","0",0," "," ","0",0," "," ","0"
"1143","USC00413787",1964,8,"WT03",NA," "," "," ",NA," "," "," ",NA," "," "," ",1," "," ","0",NA," "," "," ",1," "," ","0",1," "," ","0",1," "," ","0",NA," "," "," ",NA," "," "," ",NA," "," "," ",NA," "," "," ",NA," "," "," ",1," "," ","0",1," "," ","0",NA," "," "," ",NA," "," "," ",NA," "," "," ",NA," "," "," ",1," "," ","0",NA," "," "," ",NA," "," "," ",NA," "," "," ",NA," "," "," ",NA," "," "," ",NA," "," "," ",NA," "," "," ",NA," "," "," ",NA," "," "," ",NA," "," "," ",NA," "," "," "
"1144","USC00413787",1964,9,"TMAX",356," "," ","0",361," "," ","0",367," "," ","0",322," "," ","0",333," "," ","0",339," "," ","0",350," "," ","0",367," "," ","0",361," "," ","0",333," "," ","0",222," "," ","0",200," "," ","0",289," "," ","0",328," "," ","0",272," "," ","0",211," "," ","0",267," "," ","0",333," "," ","0",311," "," ","0",172," "," ","0",283," "," ","0",294," "," ","0",283," "," ","0",267," "," ","0",272," "," ","0",233," "," ","0",217," "," ","0",256," "," ","0",306," "," ","0",267," "," ","0",NA," "," "," "
"1145","USC00413787",1964,9,"TMIN",183," "," ","0",200," "," ","0",194," "," ","0",206," "," ","0",172," "," ","0",189," "," ","0",194," "," ","0",189," "," ","0",194," "," ","0",200," "," ","0",106," "," ","0",111," "," ","0",139," "," ","0",139," "," ","0",139," "," ","0",128," "," ","0",106," "," ","0",111," "," ","0",133," "," ","0",83," "," ","0",117," "," ","0",100," "," ","0",133," "," ","0",106," "," ","0",128," "," ","0",150," "," ","0",50," "," ","0",28," "," ","0",61," "," ","0",139," "," ","0",NA," "," "," "
"1146","USC00413787",1964,9,"TOBS",311," "," ","0",333," "," ","0",317," "," ","0",256," "," ","0",311," "," ","0",311," "," ","0",328," "," ","0",317," "," ","0",333," "," ","0",222," "," ","0",117," "," ","0",183," "," ","0",256," "," ","0",272," "," ","0",161," "," ","0",206," "," ","0",250," "," ","0",311," "," ","0",172," "," ","0",128," "," ","0",239," "," ","0",250," "," ","0",228," "," ","0",239," "," ","0",233," "," ","0",189," "," ","0",200," "," ","0",228," "," ","0",250," "," ","0",233," "," ","0",NA," "," "," "
"1147","USC00413787",1964,9,"PRCP",0," "," ","0",0," "," ","0",0," "," ","0",5," "," ","0",170," "," ","0",0," "," ","0",0," "," ","0",0," "," ","0",0," "," ","0",0," "," ","0",28," "," ","0",0," "," ","0",0," "," ","0",0," "," ","0",28," "," ","0",94," "," ","0",0," "," ","0",0," "," ","0",0," "," ","0",25," "," ","0",0," "," ","0",0," "," ","0",0," "," ","0",0," "," ","0",0," "," ","0",0," "," ","0",0," "," ","0",0," "," ","0",0," "," ","0",0," "," ","0",NA," "," "," "
"1148","USC00413787",1964,9,"SNOW",0," "," ","0",0," "," ","0",0," "," ","0",0," "," ","0",0," "," ","0",0," "," ","0",0," "," ","0",0," "," ","0",0," "," ","0",0," "," ","0",0," "," ","0",0," "," ","0",0," "," ","0",0," "," ","0",0," "," ","0",0," "," ","0",0," "," ","0",0," "," ","0",0," "," ","0",0," "," ","0",0," "," ","0",0," "," ","0",0," "," ","0",0," "," ","0",0," "," ","0",0," "," ","0",0," "," ","0",0," "," ","0",0," "," ","0",0," "," ","0",NA," "," "," "
"1149","USC00413787",1964,9,"SNWD",0," "," ","0",0," "," ","0",0," "," ","0",0," "," ","0",0," "," ","0",0," "," ","0",0," "," ","0",0," "," ","0",0," "," ","0",0," "," ","0",0," "," ","0",0," "," ","0",0," "," ","0",0," "," ","0",0," "," ","0",0," "," ","0",0," "," ","0",0," "," ","0",0," "," ","0",0," "," ","0",0," "," ","0",0," "," ","0",0," "," ","0",0," "," ","0",0," "," ","0",0," "," ","0",0," "," ","0",0," "," ","0",0," "," ","0",0," "," ","0",NA," "," "," "
"1150","USC00413787",1964,9,"WT03",NA," "," "," ",NA," "," "," ",NA," "," "," ",1," "," ","0",1," "," ","0",NA," "," "," ",NA," "," "," ",NA," "," "," ",NA," "," "," ",NA," "," "," ",NA," "," "," ",NA," "," "," ",NA," "," "," ",NA," "," "," ",1," "," ","0",1," "," ","0",NA," "," "," ",NA," "," "," ",NA," "," "," ",NA," "," "," ",NA," "," "," ",NA," "," "," ",NA," "," "," ",NA," "," "," ",NA," "," "," ",NA," "," "," ",NA," "," "," ",NA," "," "," ",NA," "," "," ",NA," "," "," ",NA," "," "," "
"1151","USC00413787",1964,10,"TMAX",317," "," ","0",272," "," ","0",317," "," ","0",261," "," ","0",222," "," ","0",272," "," ","0",272," "," ","0",261," "," ","0",222," "," ","0",261," "," ","0",211," "," ","0",211," "," ","0",239," "," ","0",261," "," ","0",294," "," ","0",344," "," ","0",250," "," ","0",178," "," ","0",189," "," ","0",267," "," ","0",306," "," ","0",306," "," ","0",239," "," ","0",178," "," ","0",239," "," ","0",256," "," ","0",217," "," ","0",222," "," ","0",278," "," ","0",294," "," ","0",239," "," ","0"
"1152","USC00413787",1964,10,"TMIN",139," "," ","0",89," "," ","0",72," "," ","0",78," "," ","0",61," "," ","0",56," "," ","0",72," "," ","0",67," "," ","0",33," "," ","0",67," "," ","0",61," "," ","0",67," "," ","0",17," "," ","0",17," "," ","0",72," "," ","0",72," "," ","0",144," "," ","0",61," "," ","0",-17," "," ","0",6," "," ","0",17," "," ","0",61," "," ","0",22," "," ","0",78," "," ","0",28," "," ","0",-6," "," ","0",56," "," ","0",39," "," ","0",22," "," ","0",83," "," ","0",78," "," ","0"
"1153","USC00413787",1964,10,"TOBS",272," "," ","0",200," "," ","0",261," "," ","0",189," "," ","0",183," "," ","0",228," "," ","0",261," "," ","0",172," "," ","0",161," "," ","0",211," "," ","0",150," "," ","0",172," "," ","0",206," "," ","0",217," "," ","0",244," "," ","0",250," "," ","0",178," "," ","0",111," "," ","0",156," "," ","0",183," "," ","0",256," "," ","0",222," "," ","0",167," "," ","0",100," "," ","0",183," "," ","0",161," "," ","0",150," "," ","0",139," "," ","0",183," "," ","0",222," "," ","0",183," "," ","0"
"1154","USC00413787",1964,10,"PRCP",0," "," ","0",0," "," ","0",0," "," ","0",0," "," ","0",0," "," ","0",0," "," ","0",0," "," ","0",0," "," ","0",0," "," ","0",0," "," ","0",0,"T"," ","0",0," "," ","0",0," "," ","0",0," "," ","0",0," "," ","0",0," "," ","0",0," "," ","0",0,"T"," ","0",0," "," ","0",0," "," ","0",0," "," ","0",0," "," ","0",0," "," ","0",0,"T"," ","0",0," "," ","0",0," "," ","0",0," "," ","0",0," "," ","0",0," "," ","0",0," "," ","0",0," "," ","0"
"1155","USC00413787",1964,10,"SNOW",0," "," ","0",0," "," ","0",0," "," ","0",0," "," ","0",0," "," ","0",0," "," ","0",0," "," ","0",0," "," ","0",0," "," ","0",0," "," ","0",0," "," ","0",0," "," ","0",0," "," ","0",0," "," ","0",0," "," ","0",0," "," ","0",0," "," ","0",0," "," ","0",0," "," ","0",0," "," ","0",0," "," ","0",0," "," ","0",0," "," ","0",0," "," ","0",0," "," ","0",0," "," ","0",0," "," ","0",0," "," ","0",0," "," ","0",0," "," ","0",0," "," ","0"
"1156","USC00413787",1964,10,"SNWD",0," "," ","0",0," "," ","0",0," "," ","0",0," "," ","0",0," "," ","0",0," "," ","0",0," "," ","0",0," "," ","0",0," "," ","0",0," "," ","0",0," "," ","0",0," "," ","0",0," "," ","0",0," "," ","0",0," "," ","0",0," "," ","0",0," "," ","0",0," "," ","0",0," "," ","0",0," "," ","0",0," "," ","0",0," "," ","0",0," "," ","0",0," "," ","0",0," "," ","0",0," "," ","0",0," "," ","0",0," "," ","0",0," "," ","0",0," "," ","0",0," "," ","0"
"1157","USC00413787",1964,11,"TMAX",261," "," ","0",267," "," ","0",211," "," ","0",128," "," ","0",72," "," ","0",133," "," ","0",206," "," ","0",244," "," ","0",228," "," ","0",222," "," ","0",200," "," ","0",189," "," ","0",206," "," ","0",239," "," ","0",172," "," ","0",33," "," ","0",50," "," ","0",39," "," ","0",39," "," ","0",117," "," ","0",33," "," ","0",111," "," ","0",111," "," ","0",139," "," ","0",239," "," ","0",150," "," ","0",128," "," ","0",144," "," ","0",72," "," ","0",94," "," ","0",NA," "," "," "
"1158","USC00413787",1964,11,"TMIN",28," "," ","0",100," "," ","0",72," "," ","0",6," "," ","0",39," "," ","0",67," "," ","0",17," "," ","0",22," "," ","0",50," "," ","0",94," "," ","0",61," "," ","0",-6," "," ","0",17," "," ","0",50," "," ","0",6," "," ","0",-6," "," ","0",-6," "," ","0",-11," "," ","0",-33," "," ","0",-17," "," ","0",-72," "," ","0",-44," "," ","0",-11," "," ","0",-11," "," ","0",-22," "," ","0",-39," "," ","0",6," "," ","0",-50," "," ","0",-50," "," ","0",-94," "," ","0",NA," "," "," "
"1159","USC00413787",1964,11,"TOBS",206," "," ","0",211," "," ","0",128," "," ","0",39," "," ","0",72," "," ","0",78," "," ","0",144," "," ","0",172," "," ","0",156," "," ","0",161," "," ","0",133," "," ","0",117," "," ","0",167," "," ","0",172," "," ","0",33," "," ","0",6," "," ","0",39," "," ","0",33," "," ","0",17," "," ","0",0," "," ","0",6," "," ","0",61," "," ","0",67," "," ","0",83," "," ","0",122," "," ","0",11," "," ","0",67," "," ","0",72," "," ","0",-17," "," ","0",61," "," ","0",NA," "," "," "
"1160","USC00413787",1964,11,"PRCP",0," "," ","0",0," "," ","0",0," "," ","0",460," "," ","0",122," "," ","0",8," "," ","0",0," "," ","0",0," "," ","0",0," "," ","0",0," "," ","0",0," "," ","0",0," "," ","0",0," "," ","0",0,"T"," ","0",58," "," ","0",198," "," ","0",8," "," ","0",30," "," ","0",5," "," ","0",0," "," ","0",0," "," ","0",0," "," ","0",0," "," ","0",0," "," ","0",0," "," ","0",0," "," ","0",0," "," ","0",0," "," ","0",0," "," ","0",0," "," ","0",NA," "," "," "
"1161","USC00413787",1964,11,"SNOW",0," "," ","0",0," "," ","0",0," "," ","0",0,"T"," ","0",0," "," ","0",0," "," ","0",0," "," ","0",0," "," ","0",0," "," ","0",0," "," ","0",0," "," ","0",0," "," ","0",0," "," ","0",0," "," ","0",0," "," ","0",0,"T"," ","0",0," "," ","0",0," "," ","0",0,"T"," ","0",0," "," ","0",0," "," ","0",0," "," ","0",0," "," ","0",0," "," ","0",0," "," ","0",0," "," ","0",0," "," ","0",0," "," ","0",0," "," ","0",0," "," ","0",NA," "," "," "
"1162","USC00413787",1964,11,"SNWD",0," "," ","0",0," "," ","0",0," "," ","0",0," "," ","0",0," "," ","0",0," "," ","0",0," "," ","0",0," "," ","0",0," "," ","0",0," "," ","0",0," "," ","0",0," "," ","0",0," "," ","0",0," "," ","0",0," "," ","0",0," "," ","0",0," "," ","0",0," "," ","0",0," "," ","0",0," "," ","0",0," "," ","0",0," "," ","0",0," "," ","0",0," "," ","0",0," "," ","0",0," "," ","0",0," "," ","0",0," "," ","0",0," "," ","0",0," "," ","0",NA," "," "," "
"1163","USC00413787",1964,11,"WT04",NA," "," "," ",NA," "," "," ",NA," "," "," ",NA," "," "," ",NA," "," "," ",NA," "," "," ",NA," "," "," ",NA," "," "," ",NA," "," "," ",NA," "," "," ",NA," "," "," ",NA," "," "," ",NA," "," "," ",NA," "," "," ",NA," "," "," ",1," "," ","0",NA," "," "," ",NA," "," "," ",NA," "," "," ",NA," "," "," ",NA," "," "," ",NA," "," "," ",NA," "," "," ",NA," "," "," ",NA," "," "," ",NA," "," "," ",NA," "," "," ",NA," "," "," ",NA," "," "," ",NA," "," "," ",NA," "," "," "
"1164","USC00413787",1964,11,"WT05",NA," "," "," ",NA," "," "," ",NA," "," "," ",NA," "," "," ",NA," "," "," ",NA," "," "," ",NA," "," "," ",NA," "," "," ",NA," "," "," ",NA," "," "," ",NA," "," "," ",NA," "," "," ",NA," "," "," ",NA," "," "," ",1," "," ","0",NA," "," "," ",NA," "," "," ",NA," "," "," ",NA," "," "," ",NA," "," "," ",NA," "," "," ",NA," "," "," ",NA," "," "," ",NA," "," "," ",NA," "," "," ",NA," "," "," ",NA," "," "," ",NA," "," "," ",NA," "," "," ",NA," "," "," ",NA," "," "," "
"1165","USC00413787",1964,12,"TMAX",206," "," ","0",117," "," ","0",0," "," ","0",-44," "," ","0",33," "," ","0",6," "," ","0",33," "," ","0",83," "," ","0",94," "," ","0",67," "," ","0",122," "," ","0",78," "," ","0",72," "," ","0",122," "," ","0",200," "," ","0",133," "," ","0",-72," "," ","0",28," "," ","0",106," "," ","0",111," "," ","0",161," "," ","0",239," "," ","0",239," "," ","0",172," "," ","0",183," "," ","0",106," "," ","0",189," "," ","0",217," "," ","0",161," "," ","0",100," "," ","0",133," "," ","0"
"1166","USC00413787",1964,12,"TMIN",-11," "," ","0",-44," "," ","0",-94," "," ","0",-139," "," ","0",-178," "," ","0",-117," "," ","0",-122," "," ","0",-117," "," ","0",-78," "," ","0",-6," "," ","0",-61," "," ","0",-11," "," ","0",-94," "," ","0",-61," "," ","0",-61," "," ","0",-89," "," ","0",-172," "," ","0",-167," "," ","0",-56," "," ","0",-56," "," ","0",-28," "," ","0",6," "," ","0",17," "," ","0",44," "," ","0",-6," "," ","0",-56," "," ","0",-39," "," ","0",61," "," ","0",-11," "," ","0",-17," "," ","0",-33," "," ","0"
"1167","USC00413787",1964,12,"TOBS",117," "," ","0",0," "," ","0",-78," "," ","0",-78," "," ","0",-39," "," ","0",-39," "," ","0",-6," "," ","0",61," "," ","0",39," "," ","0",39," "," ","0",78," "," ","0",-11," "," ","0",17," "," ","0",33," "," ","0",72," "," ","0",-89," "," ","0",-94," "," ","0",-17," "," ","0",50," "," ","0",56," "," ","0",89," "," ","0",133," "," ","0",161," "," ","0",133," "," ","0",100," "," ","0",-17," "," ","0",117," "," ","0",161," "," ","0",100," "," ","0",56," "," ","0",111," "," ","0"
"1168","USC00413787",1964,12,"PRCP",0," "," ","0",0," "," ","0",157," "," ","0",0," "," ","0",0," "," ","0",0," "," ","0",0," "," ","0",0," "," ","0",0," "," ","0",33," "," ","0",0," "," ","0",0," "," ","0",0,"T"," ","0",0," "," ","0",0," "," ","0",0," "," ","0",0," "," ","0",0," "," ","0",3," "," ","0",0," "," ","0",0," "," ","0",0," "," ","0",0," "," ","0",0," "," ","0",0," "," ","0",0," "," ","0",0," "," ","0",0," "," ","0",0," "," ","0",0," "," ","0",0," "," ","0"
"1169","USC00413787",1964,12,"SNOW",0," "," ","0",0," "," ","0",152," "," ","0",0," "," ","0",0," "," ","0",0," "," ","0",0," "," ","0",0," "," ","0",0," "," ","0",0," "," ","0",0," "," ","0",0," "," ","0",0," "," ","0",0," "," ","0",0," "," ","0",0," "," ","0",0," "," ","0",0," "," ","0",0,"T"," ","0",0," "," ","0",0," "," ","0",0," "," ","0",0," "," ","0",0," "," ","0",0," "," ","0",0," "," ","0",0," "," ","0",0," "," ","0",0," "," ","0",0," "," ","0",0," "," ","0"
"1170","USC00413787",1964,12,"SNWD",0," "," ","0",0," "," ","0",152," "," ","0",NA," "," "," ",NA," "," "," ",NA," "," "," ",0," "," ","0",0," "," ","0",0," "," ","0",0," "," ","0",0," "," ","0",0," "," ","0",0," "," ","0",0," "," ","0",0," "," ","0",0," "," ","0",0," "," ","0",0," "," ","0",0," "," ","0",0," "," ","0",0," "," ","0",0," "," ","0",0," "," ","0",0," "," ","0",0," "," ","0",0," "," ","0",0," "," ","0",0," "," ","0",0," "," ","0",0," "," ","0",0," "," ","0"
"1171","USC00413787",1964,12,"WT04",NA," "," "," ",NA," "," "," ",NA," "," "," ",NA," "," "," ",NA," "," "," ",NA," "," "," ",NA," "," "," ",NA," "," "," ",NA," "," "," ",NA," "," "," ",NA," "," "," ",NA," "," "," ",NA," "," "," ",NA," "," "," ",NA," "," "," ",NA," "," "," ",NA," "," "," ",NA," "," "," ",1," "," ","0",NA," "," "," ",NA," "," "," ",NA," "," "," ",NA," "," "," ",NA," "," "," ",NA," "," "," ",NA," "," "," ",NA," "," "," ",NA," "," "," ",NA," "," "," ",NA," "," "," ",NA," "," "," "
"1172","USC00413787",1965,1,"TMAX",172," "," ","0",78," "," ","0",111," "," ","0",183," "," ","0",194," "," ","0",239," "," ","0",233," "," ","0",183," "," ","0",56," "," ","0",94," "," ","0",122," "," ","0",128," "," ","0",133," "," ","0",156," "," ","0",117," "," ","0",122," "," ","0",211," "," ","0",167," "," ","0",144," "," ","0",133," "," ","0",150," "," ","0",122," "," ","0",22," "," ","0",194," "," ","0",150," "," ","0",89," "," ","0",117," "," ","0",78," "," ","0",200," "," ","0",111," "," ","0",211," "," ","0"
"1173","USC00413787",1965,1,"TMIN",39," "," ","0",-44," "," ","0",-100," "," ","0",-22," "," ","0",-39," "," ","0",-6," "," ","0",50," "," ","0",-6," "," ","0",-56," "," ","0",-100," "," ","0",-56," "," ","0",-89," "," ","0",-94," "," ","0",-72," "," ","0",11," "," ","0",-39," "," ","0",-50," "," ","0",-61," "," ","0",-28," "," ","0",-39," "," ","0",-39," "," ","0",-22," "," ","0",-44," "," ","0",-94," "," ","0",-6," "," ","0",-89," "," ","0",-89," "," ","0",-78," "," ","0",-56," "," ","0",-61," "," ","0",-17," "," ","0"
"1174","USC00413787",1965,1,"TOBS",44," "," ","0",28," "," ","0",83," "," ","0",172," "," ","0",111," "," ","0",183," "," ","0",183," "," ","0",11," "," ","0",17," "," ","0",39," "," ","0",72," "," ","0",78," "," ","0",89," "," ","0",106," "," ","0",94," "," ","0",50," "," ","0",78," "," ","0",122," "," ","0",94," "," ","0",78," "," ","0",122," "," ","0",6," "," ","0",6," "," ","0",150," "," ","0",6," "," ","0",44," "," ","0",78," "," ","0",-56," "," ","0",111," "," ","0",56," "," ","0",128," "," ","0"
"1175","USC00413787",1965,1,"PRCP",0,"T"," ","0",0," "," ","0",0," "," ","0",0," "," ","0",0," "," ","0",0," "," ","0",0," "," ","0",0," "," ","0",0," "," ","0",0," "," ","0",0," "," ","0",0," "," ","0",0," "," ","0",0," "," ","0",0," "," ","0",0," "," ","0",0," "," ","0",0," "," ","0",0," "," ","0",0," "," ","0",0," "," ","0",0," "," ","0",71," "," ","0",0," "," ","0",5," "," ","0",51," "," ","0",0," "," ","0",0," "," ","0",0," "," ","0",0," "," ","0",0," "," ","0"
"1176","USC00413787",1965,1,"SNOW",0," "," ","0",0," "," ","0",0," "," ","0",0," "," ","0",0," "," ","0",0," "," ","0",0," "," ","0",0," "," ","0",0," "," ","0",0," "," ","0",0," "," ","0",0," "," ","0",0," "," ","0",0," "," ","0",0," "," ","0",0," "," ","0",0," "," ","0",0," "," ","0",0," "," ","0",0," "," ","0",0," "," ","0",0," "," ","0",0," "," ","0",0," "," ","0",0," "," ","0",51," "," ","0",0," "," ","0",0," "," ","0",0," "," ","0",0," "," ","0",0," "," ","0"
"1177","USC00413787",1965,1,"SNWD",0," "," ","0",0," "," ","0",0," "," ","0",0," "," ","0",0," "," ","0",0," "," ","0",0," "," ","0",0," "," ","0",0," "," ","0",0," "," ","0",0," "," ","0",0," "," ","0",0," "," ","0",0," "," ","0",0," "," ","0",0," "," ","0",0," "," ","0",0," "," ","0",0," "," ","0",0," "," ","0",0," "," ","0",0," "," ","0",0," "," ","0",0," "," ","0",0," "," ","0",NA," "," "," ",0," "," ","0",0," "," ","0",0," "," ","0",0," "," ","0",0," "," ","0"
"1178","USC00413787",1965,2,"TMAX",128," "," ","0",94," "," ","0",128," "," ","0",139," "," ","0",206," "," ","0",228," "," ","0",161," "," ","0",-6," "," ","0",83," "," ","0",50," "," ","0",33," "," ","0",39," "," ","0",39," "," ","0",139," "," ","0",83," "," ","0",111," "," ","0",139," "," ","0",194," "," ","0",194," "," ","0",194," "," ","0",150," "," ","0",206," "," ","0",172," "," ","0",50," "," ","0",172," "," ","0",256," "," ","0",267," "," ","0",194," "," ","0",NA," "," "," ",NA," "," "," ",NA," "," "," "
"1179","USC00413787",1965,2,"TMIN",-72," "," ","0",-106," "," ","0",-106," "," ","0",-83," "," ","0",0," "," ","0",-39," "," ","0",-11," "," ","0",-56," "," ","0",-44," "," ","0",-50," "," ","0",-83," "," ","0",-128," "," ","0",-106," "," ","0",-106," "," ","0",-50," "," ","0",-106," "," ","0",-78," "," ","0",-39," "," ","0",-17," "," ","0",-17," "," ","0",-56," "," ","0",-67," "," ","0",-139," "," ","0",-167," "," ","0",-94," "," ","0",-44," "," ","0",-33," "," ","0",44," "," ","0",NA," "," "," ",NA," "," "," ",NA," "," "," "
"1180","USC00413787",1965,2,"TOBS",-22," "," ","0",56," "," ","0",72," "," ","0",100," "," ","0",178," "," ","0",161," "," ","0",-6," "," ","0",-28," "," ","0",50," "," ","0",33," "," ","0",-72," "," ","0",6," "," ","0",28," "," ","0",83," "," ","0",-44," "," ","0",50," "," ","0",72," "," ","0",150," "," ","0",128," "," ","0",150," "," ","0",61," "," ","0",172," "," ","0",-111," "," ","0",28," "," ","0",150," "," ","0",228," "," ","0",194," "," ","0",106," "," ","0",NA," "," "," ",NA," "," "," ",NA," "," "," "
"1181","USC00413787",1965,2,"PRCP",0,"T"," ","0",0," "," ","0",0," "," ","0",0," "," ","0",0,"T"," ","0",0," "," ","0",0," "," ","0",51," "," ","0",0," "," ","0",0,"T"," ","0",33," "," ","0",0," "," ","0",0," "," ","0",0," "," ","0",0,"T"," ","0",0," "," ","0",0," "," ","0",0," "," ","0",0," "," ","0",0," "," ","0",0," "," ","0",0," "," ","0",0,"T"," ","0",0," "," ","0",0," "," ","0",0," "," ","0",0," "," ","0",0," "," ","0",NA," "," "," ",NA," "," "," ",NA," "," "," "
"1182","USC00413787",1965,2,"SNOW",0," "," ","0",0," "," ","0",0," "," ","0",0," "," ","0",0," "," ","0",0," "," ","0",0," "," ","0",76," "," ","0",0," "," ","0",0," "," ","0",38," "," ","0",0," "," ","0",0," "," ","0",0," "," ","0",0,"T"," ","0",0," "," ","0",0," "," ","0",0," "," ","0",0," "," ","0",0," "," ","0",0," "," ","0",0," "," ","0",0,"T"," ","0",0," "," ","0",0," "," ","0",0," "," ","0",0," "," ","0",0," "," ","0",NA," "," "," ",NA," "," "," ",NA," "," "," "
"1183","USC00413787",1965,2,"SNWD",0," "," ","0",0," "," ","0",0," "," ","0",0," "," ","0",0," "," ","0",0," "," ","0",0," "," ","0",NA," "," "," ",NA," "," "," ",NA," "," "," ",NA," "," "," ",NA," "," "," ",0," "," ","0",0," "," ","0",0," "," ","0",0," "," ","0",0," "," ","0",0," "," ","0",0," "," ","0",0," "," ","0",0," "," ","0",0," "," ","0",0," "," ","0",0," "," ","0",0," "," ","0",0," "," ","0",0," "," ","0",0," "," ","0",NA," "," "," ",NA," "," "," ",NA," "," "," "
"1184","USC00413787",1965,3,"TMAX",106," "," ","0",11," "," ","0",22," "," ","0",56," "," ","0",106," "," ","0",100," "," ","0",156," "," ","0",150," "," ","0",167," "," ","0",128," "," ","0",NA," "," "," ",NA," "," "," ",NA," "," "," ",NA," "," "," ",NA," "," "," ",183," "," ","0",133," "," ","0",-11," "," ","0",-22," "," ","0",50," "," ","0",211," "," ","0",272," "," ","0",239," "," ","0",33," "," ","0",-17," "," ","0",178," "," ","0",244," "," ","0",261," "," ","0",144," "," ","0",194," "," ","0",256," "," ","0"
"1185","USC00413787",1965,3,"TMIN",-56," "," ","0",-94," "," ","0",-89," "," ","0",-133," "," ","0",-56," "," ","0",-56," "," ","0",-94," "," ","0",-22," "," ","0",-33," "," ","0",-33," "," ","0",NA," "," "," ",NA," "," "," ",NA," "," "," ",NA," "," "," ",NA," "," "," ",-6," "," ","0",-39," "," ","0",-122," "," ","0",-94," "," ","0",-117," "," ","0",-61," "," ","0",-22," "," ","0",-89," "," ","0",-100," "," ","0",-106," "," ","0",-106," "," ","0",-17," "," ","0",39," "," ","0",-22," "," ","0",-28," "," ","0",22," "," ","0"
"1186","USC00413787",1965,3,"TOBS",-11," "," ","0",-6," "," ","0",0," "," ","0",50," "," ","0",100," "," ","0",50," "," ","0",150," "," ","0",139," "," ","0",128," "," ","0",100," "," ","0",NA," "," "," ",NA," "," "," ",NA," "," "," ",NA," "," "," ",NA," "," "," ",133," "," ","0",-11," "," ","0",-61," "," ","0",-50," "," ","0",39," "," ","0",211," "," ","0",239," "," ","0",-44," "," ","0",-17," "," ","0",-39," "," ","0",122," "," ","0",156," "," ","0",144," "," ","0",67," "," ","0",156," "," ","0",239," "," ","0"
"1187","USC00413787",1965,3,"PRCP",13," "," ","0",0," "," ","0",0," "," ","0",0,"T"," ","0",0," "," ","0",0," "," ","0",0," "," ","0",0," "," ","0",0," "," ","0",0," "," ","0",NA," "," "," ",NA," "," "," ",NA," "," "," ",0," "," ","0",0," "," ","0",0," "," ","0",0," "," ","0",0,"T"," ","0",0," "," ","0",0," "," ","0",0," "," ","0",0," "," ","0",0," "," ","0",0,"T"," ","0",0,"T"," ","0",0," "," ","0",0," "," ","0",0," "," ","0",0," "," ","0",0," "," ","0",0," "," ","0"
"1188","USC00413787",1965,3,"SNOW",0,"T"," ","0",0," "," ","0",0," "," ","0",0," "," ","0",0," "," ","0",0," "," ","0",0," "," ","0",0," "," ","0",0," "," ","0",0," "," ","0",0," "," ","0",0," "," ","0",0," "," ","0",0," "," ","0",0," "," ","0",0," "," ","0",0," "," ","0",0," "," ","0",0," "," ","0",0," "," ","0",0," "," ","0",0," "," ","0",0," "," ","0",0," "," ","0",0," "," ","0",0," "," ","0",0," "," ","0",0," "," ","0",0," "," ","0",0," "," ","0",0," "," ","0"
"1189","USC00413787",1965,3,"SNWD",0," "," ","0",0," "," ","0",0," "," ","0",0," "," ","0",0," "," ","0",0," "," ","0",0," "," ","0",0," "," ","0",0," "," ","0",0," "," ","0",0," "," ","0",0," "," ","0",0," "," ","0",0," "," ","0",0," "," ","0",0," "," ","0",0," "," ","0",0," "," ","0",0," "," ","0",0," "," ","0",0," "," ","0",0," "," ","0",0," "," ","0",0," "," ","0",0," "," ","0",0," "," ","0",0," "," ","0",0," "," ","0",0," "," ","0",0," "," ","0",0," "," ","0"
"1190","USC00413787",1965,3,"DAPR",NA," "," "," ",NA," "," "," ",NA," "," "," ",NA," "," "," ",NA," "," "," ",NA," "," "," ",NA," "," "," ",NA," "," "," ",NA," "," "," ",NA," "," "," ",NA," "," "," ",NA," "," "," ",3," "," ","0",NA," "," "," ",NA," "," "," ",NA," "," "," ",NA," "," "," ",NA," "," "," ",NA," "," "," ",NA," "," "," ",NA," "," "," ",NA," "," "," ",NA," "," "," ",NA," "," "," ",NA," "," "," ",NA," "," "," ",NA," "," "," ",NA," "," "," ",NA," "," "," ",NA," "," "," ",NA," "," "," "
"1191","USC00413787",1965,3,"MDPR",NA," "," "," ",NA," "," "," ",NA," "," "," ",NA," "," "," ",NA," "," "," ",NA," "," "," ",NA," "," "," ",NA," "," "," ",NA," "," "," ",NA," "," "," ",NA," "," "," ",NA," "," "," ",193," "," ","0",NA," "," "," ",NA," "," "," ",NA," "," "," ",NA," "," "," ",NA," "," "," ",NA," "," "," ",NA," "," "," ",NA," "," "," ",NA," "," "," ",NA," "," "," ",NA," "," "," ",NA," "," "," ",NA," "," "," ",NA," "," "," ",NA," "," "," ",NA," "," "," ",NA," "," "," ",NA," "," "," "
"1192","USC00413787",1965,4,"TMAX",261," "," ","0",217," "," ","0",283," "," ","0",300," "," ","0",278," "," ","0",256," "," ","0",256," "," ","0",267," "," ","0",256," "," ","0",244," "," ","0",206," "," ","0",189," "," ","0",239," "," ","0",261," "," ","0",222," "," ","0",278," "," ","0",306," "," ","0",261," "," ","0",267," "," ","0",333," "," ","0",328," "," ","0",372," "," ","0",333," "," ","0",278," "," ","0",200," "," ","0",167," "," ","0",161," "," ","0",239," "," ","0",278," "," ","0",294," "," ","0",NA," "," "," "
"1193","USC00413787",1965,4,"TMIN",67," "," ","0",122," "," ","0",89," "," ","0",17," "," ","0",22," "," ","0",28," "," ","0",33," "," ","0",78," "," ","0",139," "," ","0",61," "," ","0",56," "," ","0",44," "," ","0",50," "," ","0",89," "," ","0",56," "," ","0",17," "," ","0",106," "," ","0",50," "," ","0",56," "," ","0",83," "," ","0",83," "," ","0",111," "," ","0",133," "," ","0",44," "," ","0",39," "," ","0",72," "," ","0",11," "," ","0",-39," "," ","0",11," "," ","0",61," "," ","0",NA," "," "," "
"1194","USC00413787",1965,4,"TOBS",200," "," ","0",200," "," ","0",256," "," ","0",278," "," ","0",172," "," ","0",228," "," ","0",256," "," ","0",250," "," ","0",244," "," ","0",206," "," ","0",189," "," ","0",150," "," ","0",206," "," ","0",222," "," ","0",189," "," ","0",233," "," ","0",261," "," ","0",200," "," ","0",172," "," ","0",317," "," ","0",317," "," ","0",333," "," ","0",278," "," ","0",89," "," ","0",167," "," ","0",128," "," ","0",122," "," ","0",200," "," ","0",261," "," ","0",256," "," ","0",NA," "," "," "
"1195","USC00413787",1965,4,"PRCP",0," "," ","0",0," "," ","0",0," "," ","0",0," "," ","0",0," "," ","0",0," "," ","0",0," "," ","0",0," "," ","0",0," "," ","0",0," "," ","0",0," "," ","0",0," "," ","0",20," "," ","0",0,"T"," ","0",0," "," ","0",0," "," ","0",0," "," ","0",0," "," ","0",0," "," ","0",0," "," ","0",0," "," ","0",0," "," ","0",0," "," ","0",0," "," ","0",0," "," ","0",0," "," ","0",0," "," ","0",0," "," ","0",0," "," ","0",0," "," ","0",NA," "," "," "
"1196","USC00413787",1965,4,"SNOW",0," "," ","0",0," "," ","0",0," "," ","0",0," "," ","0",0," "," ","0",0," "," ","0",0," "," ","0",0," "," ","0",0," "," ","0",0," "," ","0",0," "," ","0",0," "," ","0",0," "," ","0",0," "," ","0",0," "," ","0",0," "," ","0",0," "," ","0",0," "," ","0",0," "," ","0",0," "," ","0",0," "," ","0",0," "," ","0",0," "," ","0",0," "," ","0",0," "," ","0",0," "," ","0",0," "," ","0",0," "," ","0",0," "," ","0",0," "," ","0",NA," "," "," "
"1197","USC00413787",1965,4,"SNWD",0," "," ","0",0," "," ","0",0," "," ","0",0," "," ","0",0," "," ","0",0," "," ","0",0," "," ","0",0," "," ","0",0," "," ","0",0," "," ","0",0," "," ","0",0," "," ","0",0," "," ","0",0," "," ","0",0," "," ","0",0," "," ","0",0," "," ","0",0," "," ","0",0," "," ","0",0," "," ","0",0," "," ","0",0," "," ","0",0," "," ","0",0," "," ","0",0," "," ","0",0," "," ","0",0," "," ","0",0," "," ","0",0," "," ","0",0," "," ","0",NA," "," "," "
"1198","USC00413787",1965,5,"TMAX",344," "," ","0",350," "," ","0",328," "," ","0",289," "," ","0",289," "," ","0",328," "," ","0",306," "," ","0",272," "," ","0",267," "," ","0",228," "," ","0",239," "," ","0",289," "," ","0",217," "," ","0",244," "," ","0",228," "," ","0",261," "," ","0",300," "," ","0",289," "," ","0",272," "," ","0",317," "," ","0",339," "," ","0",339," "," ","0",272," "," ","0",256," "," ","0",294," "," ","0",256," "," ","0",239," "," ","0",256," "," ","0",283," "," ","0",317," "," ","0",317," "," ","0"
"1199","USC00413787",1965,5,"TMIN",94," "," ","0",106," "," ","0",83," "," ","0",128," "," ","0",111," "," ","0",89," "," ","0",139," "," ","0",111," "," ","0",-11," "," ","0",44," "," ","0",44," "," ","0",78," "," ","0",106," "," ","0",72," "," ","0",72," "," ","0",56," "," ","0",111," "," ","0",128," "," ","0",94," "," ","0",100," "," ","0",139," "," ","0",156," "," ","0",150," "," ","0",61," "," ","0",111," "," ","0",61," "," ","0",61," "," ","0",83," "," ","0",83," "," ","0",111," "," ","0",111," "," ","0"
"1200","USC00413787",1965,5,"TOBS",272," "," ","0",328," "," ","0",244," "," ","0",244," "," ","0",278," "," ","0",306," "," ","0",272," "," ","0",228," "," ","0",228," "," ","0",106," "," ","0",211," "," ","0",217," "," ","0",128," "," ","0",200," "," ","0",217," "," ","0",244," "," ","0",289," "," ","0",183," "," ","0",239," "," ","0",278," "," ","0",339," "," ","0",250," "," ","0",250," "," ","0",244," "," ","0",256," "," ","0",239," "," ","0",183," "," ","0",250," "," ","0",206," "," ","0",272," "," ","0",306," "," ","0"
"1201","USC00413787",1965,5,"PRCP",0," "," ","0",0," "," ","0",0," "," ","0",0," "," ","0",0," "," ","0",0," "," ","0",0,"T"," ","0",0," "," ","0",0," "," ","0",53," "," ","0",5," "," ","0",0," "," ","0",699," "," ","0",5," "," ","0",0," "," ","0",0," "," ","0",0," "," ","0",0," "," ","0",0," "," ","0",0," "," ","0",0," "," ","0",0," "," ","0",0," "," ","0",0," "," ","0",23," "," ","0",0," "," ","0",51," "," ","0",61," "," ","0",23," "," ","0",0," "," ","0",0," "," ","0"
"1202","USC00413787",1965,5,"SNOW",0," "," ","0",0," "," ","0",0," "," ","0",0," "," ","0",0," "," ","0",0," "," ","0",0," "," ","0",0," "," ","0",0," "," ","0",0," "," ","0",0," "," ","0",0," "," ","0",0," "," ","0",0," "," ","0",0," "," ","0",0," "," ","0",0," "," ","0",0," "," ","0",0," "," ","0",0," "," ","0",0," "," ","0",0," "," ","0",0," "," ","0",0," "," ","0",0," "," ","0",0," "," ","0",0," "," ","0",0," "," ","0",0," "," ","0",0," "," ","0",0," "," ","0"
"1203","USC00413787",1965,5,"SNWD",0," "," ","0",0," "," ","0",0," "," ","0",0," "," ","0",0," "," ","0",0," "," ","0",0," "," ","0",0," "," ","0",0," "," ","0",0," "," ","0",0," "," ","0",0," "," ","0",0," "," ","0",0," "," ","0",0," "," ","0",0," "," ","0",0," "," ","0",0," "," ","0",0," "," ","0",0," "," ","0",0," "," ","0",0," "," ","0",0," "," ","0",0," "," ","0",0," "," ","0",0," "," ","0",0," "," ","0",0," "," ","0",0," "," ","0",0," "," ","0",0," "," ","0"
"1204","USC00413787",1965,5,"WT03",NA," "," "," ",NA," "," "," ",1," "," ","0",NA," "," "," ",NA," "," "," ",NA," "," "," ",1," "," ","0",NA," "," "," ",NA," "," "," ",1," "," ","0",1," "," ","0",NA," "," "," ",1," "," ","0",NA," "," "," ",1," "," ","0",NA," "," "," ",NA," "," "," ",NA," "," "," ",NA," "," "," ",NA," "," "," ",NA," "," "," ",NA," "," "," ",NA," "," "," ",NA," "," "," ",1," "," ","0",NA," "," "," ",1," "," ","0",1," "," ","0",1," "," ","0",NA," "," "," ",NA," "," "," "
"1205","USC00413787",1965,6,"TMAX",339," "," ","0",333," "," ","0",322," "," ","0",278," "," ","0",228," "," ","0",283," "," ","0",333," "," ","0",311," "," ","0",278," "," ","0",228," "," ","0",250," "," ","0",272," "," ","0",289," "," ","0",283," "," ","0",283," "," ","0",283," "," ","0",294," "," ","0",289," "," ","0",306," "," ","0",333," "," ","0",317," "," ","0",317," "," ","0",344," "," ","0",317," "," ","0",261," "," ","0",311," "," ","0",311," "," ","0",311," "," ","0",322," "," ","0",328," "," ","0",NA," "," "," "
"1206","USC00413787",1965,6,"TMIN",133," "," ","0",78," "," ","0",117," "," ","0",111," "," ","0",100," "," ","0",72," "," ","0",133," "," ","0",144," "," ","0",133," "," ","0",128," "," ","0",122," "," ","0",128," "," ","0",111," "," ","0",156," "," ","0",139," "," ","0",150," "," ","0",144," "," ","0",139," "," ","0",144," "," ","0",167," "," ","0",133," "," ","0",139," "," ","0",139," "," ","0",150," "," ","0",133," "," ","0",139," "," ","0",183," "," ","0",167," "," ","0",172," "," ","0",156," "," ","0",NA," "," "," "
"1207","USC00413787",1965,6,"TOBS",283," "," ","0",283," "," ","0",267," "," ","0",228," "," ","0",189," "," ","0",278," "," ","0",228," "," ","0",278," "," ","0",172," "," ","0",161," "," ","0",244," "," ","0",194," "," ","0",278," "," ","0",250," "," ","0",261," "," ","0",267," "," ","0",261," "," ","0",272," "," ","0",294," "," ","0",306," "," ","0",306," "," ","0",283," "," ","0",317," "," ","0",183," "," ","0",206," "," ","0",278," "," ","0",267," "," ","0",306," "," ","0",317," "," ","0",306," "," ","0",NA," "," "," "
"1208","USC00413787",1965,6,"PRCP",0," "," ","0",0," "," ","0",0," "," ","0",447," "," ","0",0," "," ","0",0," "," ","0",0," "," ","0",0," "," ","0",445," "," ","0",198," "," ","0",536," "," ","0",0,"T"," ","0",0," "," ","0",51," "," ","0",102," "," ","0",0," "," ","0",0," "," ","0",0," "," ","0",0," "," ","0",0," "," ","0",0," "," ","0",173," "," ","0",0," "," ","0",419," "," ","0",295," "," ","0",196," "," ","0",0," "," ","0",20," "," ","0",0," "," ","0",0," "," ","0",NA," "," "," "
"1209","USC00413787",1965,6,"SNOW",0," "," ","0",0," "," ","0",0," "," ","0",0," "," ","0",0," "," ","0",0," "," ","0",0," "," ","0",0," "," ","0",0," "," ","0",0," "," ","0",0," "," ","0",0," "," ","0",0," "," ","0",0," "," ","0",0," "," ","0",0," "," ","0",0," "," ","0",0," "," ","0",0," "," ","0",0," "," ","0",0," "," ","0",0," "," ","0",0," "," ","0",0," "," ","0",0," "," ","0",0," "," ","0",0," "," ","0",0," "," ","0",0," "," ","0",0," "," ","0",NA," "," "," "
"1210","USC00413787",1965,6,"SNWD",0," "," ","0",0," "," ","0",0," "," ","0",0," "," ","0",0," "," ","0",0," "," ","0",0," "," ","0",0," "," ","0",0," "," ","0",0," "," ","0",0," "," ","0",0," "," ","0",0," "," ","0",0," "," ","0",0," "," ","0",0," "," ","0",0," "," ","0",0," "," ","0",0," "," ","0",0," "," ","0",0," "," ","0",0," "," ","0",0," "," ","0",0," "," ","0",0," "," ","0",0," "," ","0",0," "," ","0",0," "," ","0",0," "," ","0",0," "," ","0",NA," "," "," "
"1211","USC00413787",1965,6,"WT03",NA," "," "," ",NA," "," "," ",1," "," ","0",1," "," ","0",NA," "," "," ",NA," "," "," ",NA," "," "," ",NA," "," "," ",1," "," ","0",1," "," ","0",1," "," ","0",1," "," ","0",1," "," ","0",1," "," ","0",1," "," ","0",NA," "," "," ",NA," "," "," ",NA," "," "," ",NA," "," "," ",NA," "," "," ",NA," "," "," ",1," "," ","0",NA," "," "," ",1," "," ","0",1," "," ","0",NA," "," "," ",NA," "," "," ",NA," "," "," ",NA," "," "," ",NA," "," "," ",NA," "," "," "
"1212","USC00413787",1965,7,"TMAX",328," "," ","0",361," "," ","0",322," "," ","0",333," "," ","0",344," "," ","0",322," "," ","0",333," "," ","0",356," "," ","0",339," "," ","0",356," "," ","0",356," "," ","0",344," "," ","0",356," "," ","0",339," "," ","0",344," "," ","0",350," "," ","0",356," "," ","0",356," "," ","0",378," "," ","0",367," "," ","0",350," "," ","0",350," "," ","0",372," "," ","0",356," "," ","0",356," "," ","0",361," "," ","0",344," "," ","0",283," "," ","0",317," "," ","0",339," "," ","0",306," "," ","0"
"1213","USC00413787",1965,7,"TMIN",167," "," ","0",156," "," ","0",150," "," ","0",161," "," ","0",156," "," ","0",150," "," ","0",167," "," ","0",172," "," ","0",167," "," ","0",172," "," ","0",183," "," ","0",172," "," ","0",178," "," ","0",167," "," ","0",172," "," ","0",178," "," ","0",178," "," ","0",183," "," ","0",217," "," ","0",222," "," ","0",172," "," ","0",167," "," ","0",178," "," ","0",178," "," ","0",178," "," ","0",178," "," ","0",183," "," ","0",189," "," ","0",161," "," ","0",144," "," ","0",156," "," ","0"
"1214","USC00413787",1965,7,"TOBS",311," "," ","0",300," "," ","0",300," "," ","0",322," "," ","0",317," "," ","0",300," "," ","0",317," "," ","0",328," "," ","0",322," "," ","0",339," "," ","0",344," "," ","0",339," "," ","0",339," "," ","0",256," "," ","0",294," "," ","0",311," "," ","0",344," "," ","0",344," "," ","0",356," "," ","0",344," "," ","0",328," "," ","0",339," "," ","0",356," "," ","0",344," "," ","0",350," "," ","0",328," "," ","0",222," "," ","0",267," "," ","0",306," "," ","0",306," "," ","0",211," "," ","0"
"1215","USC00413787",1965,7,"PRCP",0," "," ","0",0," "," ","0",102," "," ","0",0," "," ","0",0," "," ","0",8," "," ","0",0," "," ","0",23," "," ","0",8," "," ","0",0," "," ","0",0," "," ","0",0," "," ","0",0," "," ","0",76," "," ","0",0," "," ","0",0," "," ","0",0," "," ","0",0," "," ","0",0," "," ","0",0," "," ","0",0," "," ","0",0," "," ","0",0," "," ","0",0," "," ","0",0," "," ","0",0," "," ","0",216," "," ","0",5," "," ","0",0," "," ","0",0," "," ","0",165," "," ","0"
"1216","USC00413787",1965,7,"SNOW",0," "," ","0",0," "," ","0",0," "," ","0",0," "," ","0",0," "," ","0",0," "," ","0",0," "," ","0",0," "," ","0",0," "," ","0",0," "," ","0",0," "," ","0",0," "," ","0",0," "," ","0",0," "," ","0",0," "," ","0",0," "," ","0",0," "," ","0",0," "," ","0",0," "," ","0",0," "," ","0",0," "," ","0",0," "," ","0",0," "," ","0",0," "," ","0",0," "," ","0",0," "," ","0",0," "," ","0",0," "," ","0",0," "," ","0",0," "," ","0",0," "," ","0"
"1217","USC00413787",1965,7,"SNWD",0," "," ","0",0," "," ","0",0," "," ","0",0," "," ","0",0," "," ","0",0," "," ","0",0," "," ","0",0," "," ","0",0," "," ","0",0," "," ","0",0," "," ","0",0," "," ","0",0," "," ","0",0," "," ","0",0," "," ","0",0," "," ","0",0," "," ","0",0," "," ","0",0," "," ","0",0," "," ","0",0," "," ","0",0," "," ","0",0," "," ","0",0," "," ","0",0," "," ","0",0," "," ","0",0," "," ","0",0," "," ","0",0," "," ","0",0," "," ","0",0," "," ","0"
"1218","USC00413787",1965,7,"WT03",NA," "," "," ",NA," "," "," ",1," "," ","0",NA," "," "," ",NA," "," "," ",1," "," ","0",NA," "," "," ",1," "," ","0",1," "," ","0",NA," "," "," ",NA," "," "," ",NA," "," "," ",NA," "," "," ",1," "," ","0",NA," "," "," ",NA," "," "," ",NA," "," "," ",NA," "," "," ",NA," "," "," ",NA," "," "," ",NA," "," "," ",NA," "," "," ",NA," "," "," ",NA," "," "," ",NA," "," "," ",NA," "," "," ",1," "," ","0",1," "," ","0",NA," "," "," ",NA," "," "," ",NA," "," "," "
"1219","USC00413787",1965,8,"TMAX",300," "," ","0",317," "," ","0",322," "," ","0",333," "," ","0",344," "," ","0",339," "," ","0",322," "," ","0",356," "," ","0",356," "," ","0",350," "," ","0",356," "," ","0",367," "," ","0",344," "," ","0",328," "," ","0",311," "," ","0",350," "," ","0",356," "," ","0",350," "," ","0",311," "," ","0",311," "," ","0",333," "," ","0",311," "," ","0",311," "," ","0",361," "," ","0",372," "," ","0",350," "," ","0",367," "," ","0",339," "," ","0",339," "," ","0",344," "," ","0",283," "," ","0"
"1220","USC00413787",1965,8,"TMIN",150," "," ","0",133," "," ","0",150," "," ","0",156," "," ","0",156," "," ","0",172," "," ","0",156," "," ","0",150," "," ","0",156," "," ","0",167," "," ","0",172," "," ","0",178," "," ","0",161," "," ","0",156," "," ","0",156," "," ","0",183," "," ","0",167," "," ","0",200," "," ","0",172," "," ","0",167," "," ","0",178," "," ","0",172," "," ","0",172," "," ","0",172," "," ","0",178," "," ","0",167," "," ","0",167," "," ","0",183," "," ","0",172," "," ","0",189," "," ","0",183," "," ","0"
"1221","USC00413787",1965,8,"TOBS",289," "," ","0",300," "," ","0",306," "," ","0",317," "," ","0",306," "," ","0",294," "," ","0",306," "," ","0",289," "," ","0",328," "," ","0",333," "," ","0",333," "," ","0",344," "," ","0",289," "," ","0",222," "," ","0",272," "," ","0",228," "," ","0",283," "," ","0",244," "," ","0",272," "," ","0",306," "," ","0",311," "," ","0",261," "," ","0",294," "," ","0",344," "," ","0",350," "," ","0",283," "," ","0",306," "," ","0",317," "," ","0",317," "," ","0",278," "," ","0",200," "," ","0"
"1222","USC00413787",1965,8,"PRCP",0," "," ","0",0," "," ","0",0," "," ","0",0," "," ","0",0," "," ","0",5," "," ","0",0," "," ","0",0," "," ","0",0," "," ","0",0," "," ","0",0," "," ","0",0," "," ","0",0," "," ","0",0," "," ","0",0," "," ","0",0," "," ","0",0," "," ","0",0," "," ","0",165," "," ","0",239," "," ","0",8," "," ","0",239," "," ","0",0," "," ","0",0," "," ","0",0," "," ","0",0," "," ","0",0," "," ","0",0," "," ","0",0," "," ","0",0," "," ","0",46," "," ","0"
"1223","USC00413787",1965,8,"SNOW",0," "," ","0",0," "," ","0",0," "," ","0",0," "," ","0",0," "," ","0",0," "," ","0",0," "," ","0",0," "," ","0",0," "," ","0",0," "," ","0",0," "," ","0",0," "," ","0",0," "," ","0",0," "," ","0",0," "," ","0",0," "," ","0",0," "," ","0",0," "," ","0",0," "," ","0",0," "," ","0",0," "," ","0",0," "," ","0",0," "," ","0",0," "," ","0",0," "," ","0",0," "," ","0",0," "," ","0",0," "," ","0",0," "," ","0",0," "," ","0",0," "," ","0"
"1224","USC00413787",1965,8,"SNWD",0," "," ","0",0," "," ","0",0," "," ","0",0," "," ","0",0," "," ","0",0," "," ","0",0," "," ","0",0," "," ","0",0," "," ","0",0," "," ","0",0," "," ","0",0," "," ","0",0," "," ","0",0," "," ","0",0," "," ","0",0," "," ","0",0," "," ","0",0," "," ","0",0," "," ","0",0," "," ","0",0," "," ","0",0," "," ","0",0," "," ","0",0," "," ","0",0," "," ","0",0," "," ","0",0," "," ","0",0," "," ","0",0," "," ","0",0," "," ","0",0," "," ","0"
"1225","USC00413787",1965,8,"WT03",NA," "," "," ",NA," "," "," ",NA," "," "," ",NA," "," "," ",NA," "," "," ",1," "," ","0",NA," "," "," ",NA," "," "," ",NA," "," "," ",NA," "," "," ",NA," "," "," ",NA," "," "," ",NA," "," "," ",NA," "," "," ",NA," "," "," ",NA," "," "," ",NA," "," "," ",NA," "," "," ",1," "," ","0",1," "," ","0",1," "," ","0",1," "," ","0",NA," "," "," ",NA," "," "," ",NA," "," "," ",NA," "," "," ",NA," "," "," ",NA," "," "," ",NA," "," "," ",NA," "," "," ",1," "," ","0"
"1226","USC00413787",1965,9,"TMAX",278," "," ","0",322," "," ","0",333," "," ","0",350," "," ","0",333," "," ","0",328," "," ","0",333," "," ","0",328," "," ","0",333," "," ","0",300," "," ","0",294," "," ","0",317," "," ","0",361," "," ","0",367," "," ","0",356," "," ","0",350," "," ","0",122," "," ","0",267," "," ","0",206," "," ","0",256," "," ","0",206," "," ","0",244," "," ","0",211," "," ","0",133," "," ","0",283," "," ","0",244," "," ","0",261," "," ","0",317," "," ","0",317," "," ","0",189," "," ","0",NA," "," "," "
"1227","USC00413787",1965,9,"TMIN",128," "," ","0",150," "," ","0",194," "," ","0",122," "," ","0",144," "," ","0",156," "," ","0",161," "," ","0",150," "," ","0",183," "," ","0",183," "," ","0",161," "," ","0",178," "," ","0",156," "," ","0",156," "," ","0",144," "," ","0",122," "," ","0",33," "," ","0",72," "," ","0",150," "," ","0",133," "," ","0",33," "," ","0",39," "," ","0",67," "," ","0",67," "," ","0",100," "," ","0",100," "," ","0",72," "," ","0",133," "," ","0",156," "," ","0",44," "," ","0",NA," "," "," "
"1228","USC00413787",1965,9,"TOBS",272," "," ","0",294," "," ","0",333," "," ","0",333," "," ","0",217," "," ","0",306," "," ","0",300," "," ","0",311," "," ","0",300," "," ","0",222," "," ","0",267," "," ","0",300," "," ","0",322," "," ","0",356," "," ","0",283," "," ","0",122," "," ","0",89," "," ","0",206," "," ","0",194," "," ","0",156," "," ","0",94," "," ","0",211," "," ","0",111," "," ","0",117," "," ","0",244," "," ","0",100," "," ","0",222," "," ","0",272," "," ","0",189," "," ","0",161," "," ","0",NA," "," "," "
"1229","USC00413787",1965,9,"PRCP",0," "," ","0",0," "," ","0",0," "," ","0",0," "," ","0",0,"T"," ","0",114," "," ","0",0," "," ","0",0," "," ","0",0," "," ","0",0,"T"," ","0",0," "," ","0",66," "," ","0",0," "," ","0",0," "," ","0",0," "," ","0",0," "," ","0",97," "," ","0",0," "," ","0",0,"T"," ","0",8," "," ","0",0," "," ","0",0," "," ","0",0," "," ","0",8," "," ","0",0," "," ","0",0," "," ","0",0,"T"," ","0",0," "," ","0",0," "," ","0",0," "," ","0",NA," "," "," "
"1230","USC00413787",1965,9,"SNOW",0," "," ","0",0," "," ","0",0," "," ","0",0," "," ","0",0," "," ","0",0," "," ","0",0," "," ","0",0," "," ","0",0," "," ","0",0," "," ","0",0," "," ","0",0," "," ","0",0," "," ","0",0," "," ","0",0," "," ","0",0," "," ","0",0," "," ","0",0," "," ","0",0," "," ","0",0," "," ","0",0," "," ","0",0," "," ","0",0," "," ","0",0," "," ","0",0," "," ","0",0," "," ","0",0," "," ","0",0," "," ","0",0," "," ","0",0," "," ","0",NA," "," "," "
"1231","USC00413787",1965,9,"SNWD",0," "," ","0",0," "," ","0",0," "," ","0",0," "," ","0",0," "," ","0",0," "," ","0",0," "," ","0",0," "," ","0",0," "," ","0",0," "," ","0",0," "," ","0",0," "," ","0",0," "," ","0",0," "," ","0",0," "," ","0",0," "," ","0",0," "," ","0",0," "," ","0",0," "," ","0",0," "," ","0",0," "," ","0",0," "," ","0",0," "," ","0",0," "," ","0",0," "," ","0",0," "," ","0",0," "," ","0",0," "," ","0",0," "," ","0",0," "," ","0",NA," "," "," "
"1232","USC00413787",1965,9,"WT03",NA," "," "," ",NA," "," "," ",NA," "," "," ",NA," "," "," ",NA," "," "," ",1," "," ","0",NA," "," "," ",NA," "," "," ",NA," "," "," ",1," "," ","0",NA," "," "," ",1," "," ","0",NA," "," "," ",NA," "," "," ",NA," "," "," ",NA," "," "," ",NA," "," "," ",NA," "," "," ",NA," "," "," ",1," "," ","0",NA," "," "," ",NA," "," "," ",NA," "," "," ",1," "," ","0",NA," "," "," ",NA," "," "," ",NA," "," "," ",NA," "," "," ",NA," "," "," ",NA," "," "," ",NA," "," "," "
"1233","USC00413787",1965,10,"TMAX",272," "," ","0",294," "," ","0",250," "," ","0",194," "," ","0",200," "," ","0",256," "," ","0",278," "," ","0",300," "," ","0",350," "," ","0",339," "," ","0",261," "," ","0",233," "," ","0",300," "," ","0",244," "," ","0",317," "," ","0",278," "," ","0",211," "," ","0",189," "," ","0",256," "," ","0",178," "," ","0",183," "," ","0",239," "," ","0",206," "," ","0",239," "," ","0",250," "," ","0",239," "," ","0",NA," "," "," ",NA," "," "," ",NA," "," "," ",NA," "," "," ",NA," "," "," "
"1234","USC00413787",1965,10,"TMIN",6," "," ","0",33," "," ","0",39," "," ","0",83," "," ","0",83," "," ","0",67," "," ","0",61," "," ","0",50," "," ","0",67," "," ","0",67," "," ","0",78," "," ","0",6," "," ","0",17," "," ","0",100," "," ","0",56," "," ","0",128," "," ","0",111," "," ","0",89," "," ","0",33," "," ","0",78," "," ","0",6," "," ","0",11," "," ","0",61," "," ","0",17," "," ","0",33," "," ","0",22," "," ","0",17," "," ","0",17," "," ","0",6," "," ","0",50," "," ","0",39," "," ","0"
"1235","USC00413787",1965,10,"TOBS",211," "," ","0",239," "," ","0",194," "," ","0",139," "," ","0",139," "," ","0",222," "," ","0",244," "," ","0",250," "," ","0",317," "," ","0",261," "," ","0",144," "," ","0",111," "," ","0",233," "," ","0",128," "," ","0",250," "," ","0",200," "," ","0",117," "," ","0",172," "," ","0",172," "," ","0",128," "," ","0",139," "," ","0",178," "," ","0",183," "," ","0",183," "," ","0",100," "," ","0",117," "," ","0",144," "," ","0",111," "," ","0",156," "," ","0",194," "," ","0",122," "," ","0"
"1236","USC00413787",1965,10,"PRCP",0," "," ","0",0," "," ","0",0," "," ","0",0," "," ","0",0," "," ","0",0," "," ","0",0," "," ","0",0," "," ","0",0," "," ","0",0," "," ","0",0," "," ","0",0," "," ","0",0," "," ","0",0," "," ","0",0," "," ","0",3," "," ","0",422," "," ","0",30," "," ","0",0," "," ","0",13," "," ","0",0," "," ","0",0," "," ","0",0," "," ","0",0," "," ","0",0," "," ","0",0," "," ","0",0," "," ","0",0," "," ","0",0," "," ","0",0," "," ","0",0," "," ","0"
"1237","USC00413787",1965,10,"SNOW",0," "," ","0",0," "," ","0",0," "," ","0",0," "," ","0",0," "," ","0",0," "," ","0",0," "," ","0",0," "," ","0",0," "," ","0",0," "," ","0",0," "," ","0",0," "," ","0",0," "," ","0",0," "," ","0",0," "," ","0",0," "," ","0",0," "," ","0",0," "," ","0",0," "," ","0",0," "," ","0",0," "," ","0",0," "," ","0",0," "," ","0",0," "," ","0",0," "," ","0",0," "," ","0",0," "," ","0",0," "," ","0",0," "," ","0",0," "," ","0",0," "," ","0"
"1238","USC00413787",1965,10,"SNWD",0," "," ","0",0," "," ","0",0," "," ","0",0," "," ","0",0," "," ","0",0," "," ","0",0," "," ","0",0," "," ","0",0," "," ","0",0," "," ","0",0," "," ","0",0," "," ","0",0," "," ","0",0," "," ","0",0," "," ","0",0," "," ","0",0," "," ","0",0," "," ","0",0," "," ","0",0," "," ","0",0," "," ","0",0," "," ","0",0," "," ","0",0," "," ","0",0," "," ","0",0," "," ","0",0," "," ","0",0," "," ","0",0," "," ","0",0," "," ","0",0," "," ","0"
"1239","USC00413787",1965,10,"WT03",NA," "," "," ",NA," "," "," ",NA," "," "," ",NA," "," "," ",NA," "," "," ",NA," "," "," ",NA," "," "," ",NA," "," "," ",NA," "," "," ",NA," "," "," ",NA," "," "," ",NA," "," "," ",NA," "," "," ",NA," "," "," ",NA," "," "," ",1," "," ","0",1," "," ","0",1," "," ","0",NA," "," "," ",NA," "," "," ",NA," "," "," ",NA," "," "," ",NA," "," "," ",NA," "," "," ",NA," "," "," ",NA," "," "," ",NA," "," "," ",NA," "," "," ",NA," "," "," ",NA," "," "," ",NA," "," "," "
"1240","USC00413787",1965,11,"TMAX",NA," "," "," ",NA," "," "," ",NA," "," "," ",NA," "," "," ",217," "," ","0",239," "," ","0",239," "," ","0",178," "," ","0",178," "," ","0",128," "," ","0",244," "," ","0",178," "," ","0",183," "," ","0",172," "," ","0",267," "," ","0",228," "," ","0",94," "," ","0",217," "," ","0",217," "," ","0",211," "," ","0",194," "," ","0",200," "," ","0",256," "," ","0",239," "," ","0",267," "," ","0",222," "," ","0",172," "," ","0",122," "," ","0",144," "," ","0",172," "," ","0",NA," "," "," "
"1241","USC00413787",1965,11,"TMIN",-11," "," ","0",44," "," ","0",56," "," ","0",22," "," ","0",11," "," ","0",44," "," ","0",50," "," ","0",44," "," ","0",39," "," ","0",22," "," ","0",56," "," ","0",17," "," ","0",6," "," ","0",-28," "," ","0",106," "," ","0",33," "," ","0",0," "," ","0",-6," "," ","0",11," "," ","0",-11," "," ","0",56," "," ","0",-39," "," ","0",67," "," ","0",61," "," ","0",100," "," ","0",67," "," ","0",-78," "," ","0",-17," "," ","0",-89," "," ","0",-78," "," ","0",NA," "," "," "
"1242","USC00413787",1965,11,"TOBS",178," "," ","0",161," "," ","0",161," "," ","0",139," "," ","0",156," "," ","0",161," "," ","0",178," "," ","0",61," "," ","0",128," "," ","0",83," "," ","0",72," "," ","0",111," "," ","0",117," "," ","0",144," "," ","0",228," "," ","0",94," "," ","0",78," "," ","0",144," "," ","0",133," "," ","0",144," "," ","0",128," "," ","0",139," "," ","0",211," "," ","0",156," "," ","0",222," "," ","0",89," "," ","0",100," "," ","0",72," "," ","0",83," "," ","0",89," "," ","0",NA," "," "," "
"1243","USC00413787",1965,11,"PRCP",0," "," ","0",0," "," ","0",0," "," ","0",0," "," ","0",0," "," ","0",0," "," ","0",0,"T"," ","0",0," "," ","0",0,"T"," ","0",0," "," ","0",0," "," ","0",0," "," ","0",0," "," ","0",0," "," ","0",0," "," ","0",0," "," ","0",0," "," ","0",0," "," ","0",0," "," ","0",0," "," ","0",0," "," ","0",0," "," ","0",0," "," ","0",0," "," ","0",0," "," ","0",0," "," ","0",0," "," ","0",0," "," ","0",0," "," ","0",0," "," ","0",NA," "," "," "
"1244","USC00413787",1965,11,"SNOW",0," "," ","0",0," "," ","0",0," "," ","0",0," "," ","0",0," "," ","0",0," "," ","0",0," "," ","0",0," "," ","0",0," "," ","0",0," "," ","0",0," "," ","0",0," "," ","0",0," "," ","0",0," "," ","0",0," "," ","0",0," "," ","0",0," "," ","0",0," "," ","0",0," "," ","0",0," "," ","0",0," "," ","0",0," "," ","0",0," "," ","0",0," "," ","0",0," "," ","0",0," "," ","0",0," "," ","0",0," "," ","0",0," "," ","0",0," "," ","0",NA," "," "," "
"1245","USC00413787",1965,11,"SNWD",0," "," ","0",0," "," ","0",0," "," ","0",0," "," ","0",0," "," ","0",0," "," ","0",0," "," ","0",0," "," ","0",0," "," ","0",0," "," ","0",0," "," ","0",0," "," ","0",0," "," ","0",0," "," ","0",0," "," ","0",0," "," ","0",0," "," ","0",0," "," ","0",0," "," ","0",0," "," ","0",0," "," ","0",0," "," ","0",0," "," ","0",0," "," ","0",0," "," ","0",0," "," ","0",0," "," ","0",0," "," ","0",0," "," ","0",0," "," ","0",NA," "," "," "
"1246","USC00413787",1965,12,"TMAX",133," "," ","0",161," "," ","0",156," "," ","0",250," "," ","0",206," "," ","0",167," "," ","0",156," "," ","0",228," "," ","0",211," "," ","0",183," "," ","0",167," "," ","0",139," "," ","0",128," "," ","0",39," "," ","0",-11," "," ","0",-11," "," ","0",17," "," ","0",22," "," ","0",100," "," ","0",150," "," ","0",172," "," ","0",172," "," ","0",172," "," ","0",61," "," ","0",106," "," ","0",61," "," ","0",-6," "," ","0",122," "," ","0",211," "," ","0",206," "," ","0",172," "," ","0"
"1247","USC00413787",1965,12,"TMIN",28," "," ","0",-33," "," ","0",-39," "," ","0",-28," "," ","0",-11," "," ","0",-50," "," ","0",-39," "," ","0",0," "," ","0",67," "," ","0",61," "," ","0",50," "," ","0",-11," "," ","0",-17," "," ","0",-28," "," ","0",-67," "," ","0",-122," "," ","0",-111," "," ","0",-33," "," ","0",-94," "," ","0",-50," "," ","0",-78," "," ","0",-39," "," ","0",61," "," ","0",-56," "," ","0",-111," "," ","0",-17," "," ","0",-67," "," ","0",-39," "," ","0",-17," "," ","0",61," "," ","0",33," "," ","0"
"1248","USC00413787",1965,12,"TOBS",111," "," ","0",72," "," ","0",89," "," ","0",156," "," ","0",133," "," ","0",56," "," ","0",50," "," ","0",150," "," ","0",144," "," ","0",139," "," ","0",106," "," ","0",83," "," ","0",39," "," ","0",-17," "," ","0",-33," "," ","0",-39," "," ","0",17," "," ","0",-6," "," ","0",72," "," ","0",6," "," ","0",94," "," ","0",139," "," ","0",61," "," ","0",-17," "," ","0",61," "," ","0",-11," "," ","0",-28," "," ","0",22," "," ","0",89," "," ","0",167," "," ","0",117," "," ","0"
"1249","USC00413787",1965,12,"PRCP",0,"T"," ","0",0,"T"," ","0",0," "," ","0",0," "," ","0",0," "," ","0",0," "," ","0",0," "," ","0",0," "," ","0",0," "," ","0",69," "," ","0",0," "," ","0",0," "," ","0",0," "," ","0",0,"T"," ","0",38," "," ","0",0," "," ","0",0," "," ","0",84," "," ","0",0," "," ","0",0," "," ","0",0," "," ","0",0," "," ","0",28," "," ","0",137," "," ","0",0," "," ","0",0," "," ","0",0," "," ","0",0," "," ","0",0," "," ","0",0," "," ","0",0," "," ","0"
"1250","USC00413787",1965,12,"SNOW",0," "," ","0",0," "," ","0",0," "," ","0",0," "," ","0",0," "," ","0",0," "," ","0",0," "," ","0",0," "," ","0",0," "," ","0",0," "," ","0",0," "," ","0",0," "," ","0",0," "," ","0",0," "," ","0",64," "," ","0",0," "," ","0",0," "," ","0",25," "," ","0",0," "," ","0",0," "," ","0",0," "," ","0",0," "," ","0",0," "," ","0",102," "," ","0",0," "," ","0",0," "," ","0",0," "," ","0",0," "," ","0",0," "," ","0",0," "," ","0",0," "," ","0"
"1251","USC00413787",1965,12,"SNWD",0," "," ","0",0," "," ","0",0," "," ","0",0," "," ","0",0," "," ","0",0," "," ","0",0," "," ","0",0," "," ","0",0," "," ","0",0," "," ","0",0," "," ","0",0," "," ","0",0," "," ","0",0," "," ","0",76," "," ","0",51," "," ","0",0,"T"," ","0",0,"T"," ","0",0," "," ","0",0," "," ","0",0," "," ","0",0," "," ","0",0," "," ","0",102," "," ","0",0,"T"," ","0",0,"T"," ","0",0," "," ","0",0," "," ","0",0," "," ","0",0," "," ","0",0," "," ","0"
"1252","USC00413787",1965,12,"WT03",NA," "," "," ",NA," "," "," ",NA," "," "," ",NA," "," "," ",NA," "," "," ",NA," "," "," ",NA," "," "," ",NA," "," "," ",NA," "," "," ",NA," "," "," ",NA," "," "," ",NA," "," "," ",NA," "," "," ",NA," "," "," ",NA," "," "," ",NA," "," "," ",NA," "," "," ",NA," "," "," ",NA," "," "," ",NA," "," "," ",NA," "," "," ",NA," "," "," ",1," "," ","0",1," "," ","0",NA," "," "," ",NA," "," "," ",NA," "," "," ",NA," "," "," ",NA," "," "," ",NA," "," "," ",NA," "," "," "
"1253","USC00413787",1966,1,"TMAX",150," "," ","0",89," "," ","0",128," "," ","0",139," "," ","0",156," "," ","0",172," "," ","0",161," "," ","0",172," "," ","0",156," "," ","0",122," "," ","0",178," "," ","0",128," "," ","0",128," "," ","0",161," "," ","0",89," "," ","0",39," "," ","0",28," "," ","0",94," "," ","0",33," "," ","0",0," "," ","0",-33," "," ","0",11," "," ","0",22," "," ","0",-11," "," ","0",-17," "," ","0",72," "," ","0",33," "," ","0",-100," "," ","0",-89," "," ","0",-61," "," ","0",-17," "," ","0"
"1254","USC00413787",1966,1,"TMIN",-39," "," ","0",-44," "," ","0",-78," "," ","0",-72," "," ","0",-94," "," ","0",-78," "," ","0",-11," "," ","0",-28," "," ","0",17," "," ","0",-78," "," ","0",-67," "," ","0",17," "," ","0",-83," "," ","0",-100," "," ","0",-61," "," ","0",-100," "," ","0",-144," "," ","0",-133," "," ","0",-44," "," ","0",-44," "," ","0",-156," "," ","0",-217," "," ","0",-189," "," ","0",-117," "," ","0",-83," "," ","0",-178," "," ","0",-122," "," ","0",-156," "," ","0",-200," "," ","0",-167," "," ","0",-128," "," ","0"
"1255","USC00413787",1966,1,"TOBS",78," "," ","0",17," "," ","0",61," "," ","0",67," "," ","0",94," "," ","0",89," "," ","0",106," "," ","0",89," "," ","0",89," "," ","0",89," "," ","0",128," "," ","0",67," "," ","0",61," "," ","0",56," "," ","0",39," "," ","0",-17," "," ","0",0," "," ","0",33," "," ","0",-22," "," ","0",-33," "," ","0",-111," "," ","0",-39," "," ","0",-11," "," ","0",-33," "," ","0",-72," "," ","0",33," "," ","0",-122," "," ","0",-122," "," ","0",-128," "," ","0",-67," "," ","0",-89," "," ","0"
"1256","USC00413787",1966,1,"PRCP",0," "," ","0",0," "," ","0",0," "," ","0",0," "," ","0",0," "," ","0",0," "," ","0",0," "," ","0",0," "," ","0",0," "," ","0",0," "," ","0",0," "," ","0",0," "," ","0",0," "," ","0",0," "," ","0",0," "," ","0",18," "," ","0",0," "," ","0",0," "," ","0",51," "," ","0",0,"T"," ","0",38," "," ","0",0," "," ","0",0," "," ","0",0," "," ","0",0," "," ","0",0,"T"," ","0",0,"T"," ","0",0," "," ","0",0," "," ","0",0," "," ","0",0,"T"," ","0"
"1257","USC00413787",1966,1,"SNOW",0," "," ","0",0," "," ","0",0," "," ","0",0," "," ","0",0," "," ","0",0," "," ","0",0," "," ","0",0," "," ","0",0," "," ","0",0," "," ","0",0," "," ","0",0," "," ","0",0," "," ","0",0," "," ","0",0," "," ","0",20," "," ","0",0," "," ","0",0," "," ","0",76," "," ","0",0," "," ","0",51," "," ","0",0," "," ","0",0," "," ","0",0," "," ","0",0," "," ","0",0," "," ","0",0," "," ","0",0," "," ","0",0," "," ","0",0," "," ","0",0," "," ","0"
"1258","USC00413787",1966,1,"SNWD",0," "," ","0",0," "," ","0",0," "," ","0",0," "," ","0",0," "," ","0",0," "," ","0",0," "," ","0",0," "," ","0",0," "," ","0",0," "," ","0",0," "," ","0",0," "," ","0",0," "," ","0",0," "," ","0",0," "," ","0",25," "," ","0",0," "," ","0",0," "," ","0",76," "," ","0",76," "," ","0",127," "," ","0",102," "," ","0",102," "," ","0",76," "," ","0",76," "," ","0",NA," "," "," ",NA," "," "," ",0," "," ","0",0," "," ","0",0," "," ","0",0," "," ","0"
"1259","USC00413787",1966,2,"TMAX",-56," "," ","0",33," "," ","0",100," "," ","0",117," "," ","0",139," "," ","0",178," "," ","0",178," "," ","0",150," "," ","0",128," "," ","0",61," "," ","0",89," "," ","0",133," "," ","0",117," "," ","0",50," "," ","0",128," "," ","0",72," "," ","0",128," "," ","0",161," "," ","0",122," "," ","0",44," "," ","0",0," "," ","0",44," "," ","0",94," "," ","0",161," "," ","0",167," "," ","0",161," "," ","0",117," "," ","0",150," "," ","0",NA," "," "," ",NA," "," "," ",NA," "," "," "
"1260","USC00413787",1966,2,"TMIN",-139," "," ","0",-161," "," ","0",-100," "," ","0",-89," "," ","0",-50," "," ","0",-39," "," ","0",-11," "," ","0",33," "," ","0",-17," "," ","0",-44," "," ","0",-78," "," ","0",-56," "," ","0",-61," "," ","0",-150," "," ","0",-67," "," ","0",-106," "," ","0",-67," "," ","0",-72," "," ","0",-89," "," ","0",-78," "," ","0",-67," "," ","0",-122," "," ","0",-83," "," ","0",-83," "," ","0",-67," "," ","0",-6," "," ","0",0," "," ","0",-22," "," ","0",NA," "," "," ",NA," "," "," ",NA," "," "," "
"1261","USC00413787",1966,2,"TOBS",-89," "," ","0",0," "," ","0",22," "," ","0",100," "," ","0",56," "," ","0",117," "," ","0",122," "," ","0",117," "," ","0",61," "," ","0",39," "," ","0",61," "," ","0",117," "," ","0",-44," "," ","0",39," "," ","0",50," "," ","0",50," "," ","0",94," "," ","0",122," "," ","0",44," "," ","0",-11," "," ","0",-6," "," ","0",17," "," ","0",61," "," ","0",144," "," ","0",133," "," ","0",117," "," ","0",28," "," ","0",133," "," ","0",NA," "," "," ",NA," "," "," ",NA," "," "," "
"1262","USC00413787",1966,2,"PRCP",0," "," ","0",0," "," ","0",0,"T"," ","0",0," "," ","0",0," "," ","0",0," "," ","0",0," "," ","0",76," "," ","0",0," "," ","0",0," "," ","0",0," "," ","0",0," "," ","0",20," "," ","0",5," "," ","0",0," "," ","0",0," "," ","0",0," "," ","0",0," "," ","0",0," "," ","0",0," "," ","0",0," "," ","0",0," "," ","0",0," "," ","0",0," "," ","0",0," "," ","0",0," "," ","0",145," "," ","0",0," "," ","0",NA," "," "," ",NA," "," "," ",NA," "," "," "
"1263","USC00413787",1966,2,"SNOW",0," "," ","0",0," "," ","0",0," "," ","0",0," "," ","0",0," "," ","0",0," "," ","0",0," "," ","0",0," "," ","0",0," "," ","0",0," "," ","0",0," "," ","0",0," "," ","0",25," "," ","0",13," "," ","0",0," "," ","0",0," "," ","0",0," "," ","0",0," "," ","0",0," "," ","0",0," "," ","0",0," "," ","0",0," "," ","0",0," "," ","0",0," "," ","0",0," "," ","0",0," "," ","0",0,"T"," ","0",0," "," ","0",NA," "," "," ",NA," "," "," ",NA," "," "," "
"1264","USC00413787",1966,2,"SNWD",0," "," ","0",0," "," ","0",0," "," ","0",0," "," ","0",0," "," ","0",0," "," ","0",0," "," ","0",0," "," ","0",0," "," ","0",0," "," ","0",0," "," ","0",0," "," ","0",25," "," ","0",0,"T"," ","0",0," "," ","0",0," "," ","0",0," "," ","0",0," "," ","0",0," "," ","0",0," "," ","0",0," "," ","0",0," "," ","0",0," "," ","0",0," "," ","0",0," "," ","0",0," "," ","0",0,"T"," ","0",0," "," ","0",NA," "," "," ",NA," "," "," ",NA," "," "," "
"1265","USC00413787",1966,2,"WT03",NA," "," "," ",NA," "," "," ",NA," "," "," ",NA," "," "," ",NA," "," "," ",NA," "," "," ",NA," "," "," ",1," "," ","0",NA," "," "," ",NA," "," "," ",NA," "," "," ",NA," "," "," ",NA," "," "," ",NA," "," "," ",NA," "," "," ",NA," "," "," ",NA," "," "," ",NA," "," "," ",NA," "," "," ",NA," "," "," ",NA," "," "," ",NA," "," "," ",NA," "," "," ",NA," "," "," ",NA," "," "," ",NA," "," "," ",NA," "," "," ",NA," "," "," ",NA," "," "," ",NA," "," "," ",NA," "," "," "
"1266","USC00413787",1966,3,"TMAX",200," "," ","0",183," "," ","0",150," "," ","0",33," "," ","0",67," "," ","0",156," "," ","0",178," "," ","0",233," "," ","0",261," "," ","0",250," "," ","0",206," "," ","0",189," "," ","0",239," "," ","0",256," "," ","0",267," "," ","0",300," "," ","0",256," "," ","0",172," "," ","0",272," "," ","0",256," "," ","0",267," "," ","0",239," "," ","0",89," "," ","0",172," "," ","0",200," "," ","0",200," "," ","0",239," "," ","0",217," "," ","0",211," "," ","0",272," "," ","0",317," "," ","0"
"1267","USC00413787",1966,3,"TMIN",0," "," ","0",44," "," ","0",-11," "," ","0",-83," "," ","0",-78," "," ","0",-106," "," ","0",-44," "," ","0",-28," "," ","0",6," "," ","0",28," "," ","0",28," "," ","0",-11," "," ","0",-39," "," ","0",44," "," ","0",-11," "," ","0",6," "," ","0",44," "," ","0",-61," "," ","0",-11," "," ","0",72," "," ","0",17," "," ","0",-17," "," ","0",-67," "," ","0",-72," "," ","0",6," "," ","0",-33," "," ","0",6," "," ","0",-17," "," ","0",22," "," ","0",0," "," ","0",39," "," ","0"
"1268","USC00413787",1966,3,"TOBS",139," "," ","0",150," "," ","0",28," "," ","0",28," "," ","0",56," "," ","0",122," "," ","0",150," "," ","0",178," "," ","0",250," "," ","0",206," "," ","0",161," "," ","0",156," "," ","0",211," "," ","0",211," "," ","0",211," "," ","0",256," "," ","0",172," "," ","0",144," "," ","0",228," "," ","0",211," "," ","0",239," "," ","0",22," "," ","0",78," "," ","0",72," "," ","0",183," "," ","0",178," "," ","0",200," "," ","0",183," "," ","0",178," "," ","0",244," "," ","0",283," "," ","0"
"1269","USC00413787",1966,3,"PRCP",0," "," ","0",0," "," ","0",0," "," ","0",0," "," ","0",0," "," ","0",0," "," ","0",0," "," ","0",0," "," ","0",0," "," ","0",0," "," ","0",0," "," ","0",0," "," ","0",0," "," ","0",0," "," ","0",0," "," ","0",0," "," ","0",0," "," ","0",0," "," ","0",0," "," ","0",0," "," ","0",0," "," ","0",0,"T"," ","0",0," "," ","0",0," "," ","0",0," "," ","0",0," "," ","0",0," "," ","0",0," "," ","0",0," "," ","0",0," "," ","0",0," "," ","0"
"1270","USC00413787",1966,3,"SNOW",0," "," ","0",0," "," ","0",0," "," ","0",0," "," ","0",0," "," ","0",0," "," ","0",0," "," ","0",0," "," ","0",0," "," ","0",0," "," ","0",0," "," ","0",0," "," ","0",0," "," ","0",0," "," ","0",0," "," ","0",0," "," ","0",0," "," ","0",0," "," ","0",0," "," ","0",0," "," ","0",0," "," ","0",0," "," ","0",0," "," ","0",0," "," ","0",0," "," ","0",0," "," ","0",0," "," ","0",0," "," ","0",0," "," ","0",0," "," ","0",0," "," ","0"
"1271","USC00413787",1966,3,"SNWD",0," "," ","0",0," "," ","0",0," "," ","0",0," "," ","0",0," "," ","0",0," "," ","0",0," "," ","0",0," "," ","0",0," "," ","0",0," "," ","0",0," "," ","0",0," "," ","0",0," "," ","0",0," "," ","0",0," "," ","0",0," "," ","0",0," "," ","0",0," "," ","0",0," "," ","0",0," "," ","0",0," "," ","0",0," "," ","0",0," "," ","0",0," "," ","0",0," "," ","0",0," "," ","0",0," "," ","0",0," "," ","0",0," "," ","0",0," "," ","0",0," "," ","0"
"1272","USC00413787",1966,4,"TMAX",283," "," ","0",294," "," ","0",261," "," ","0",117," "," ","0",139," "," ","0",233," "," ","0",289," "," ","0",267," "," ","0",250," "," ","0",294," "," ","0",278," "," ","0",244," "," ","0",178," "," ","0",189," "," ","0",272," "," ","0",300," "," ","0",272," "," ","0",244," "," ","0",156," "," ","0",117," "," ","0",194," "," ","0",150," "," ","0",228," "," ","0",256," "," ","0",222," "," ","0",283," "," ","0",239," "," ","0",200," "," ","0",294," "," ","0",250," "," ","0",NA," "," "," "
"1273","USC00413787",1966,4,"TMIN",50," "," ","0",11," "," ","0",44," "," ","0",-33," "," ","0",-50," "," ","0",-44," "," ","0",17," "," ","0",33," "," ","0",0," "," ","0",83," "," ","0",72," "," ","0",83," "," ","0",39," "," ","0",28," "," ","0",-6," "," ","0",61," "," ","0",128," "," ","0",56," "," ","0",33," "," ","0",-50," "," ","0",-44," "," ","0",50," "," ","0",78," "," ","0",56," "," ","0",56," "," ","0",28," "," ","0",56," "," ","0",39," "," ","0",50," "," ","0",6," "," ","0",NA," "," "," "
"1274","USC00413787",1966,4,"TOBS",206," "," ","0",261," "," ","0",78," "," ","0",94," "," ","0",128," "," ","0",222," "," ","0",267," "," ","0",183," "," ","0",233," "," ","0",256," "," ","0",244," "," ","0",172," "," ","0",111," "," ","0",172," "," ","0",250," "," ","0",272," "," ","0",139," "," ","0",156," "," ","0",100," "," ","0",111," "," ","0",144," "," ","0",106," "," ","0",100," "," ","0",228," "," ","0",178," "," ","0",239," "," ","0",161," "," ","0",167," "," ","0",250," "," ","0",44," "," ","0",NA," "," "," "
"1275","USC00413787",1966,4,"PRCP",0," "," ","0",0," "," ","0",0," "," ","0",0," "," ","0",0," "," ","0",0," "," ","0",0," "," ","0",0," "," ","0",0," "," ","0",0," "," ","0",0," "," ","0",0," "," ","0",0," "," ","0",0," "," ","0",0," "," ","0",0," "," ","0",0," "," ","0",0," "," ","0",5," "," ","0",0," "," ","0",0," "," ","0",76," "," ","0",0," "," ","0",0," "," ","0",0," "," ","0",0," "," ","0",0," "," ","0",0," "," ","0",0," "," ","0",0," "," ","0",NA," "," "," "
"1276","USC00413787",1966,4,"SNOW",0," "," ","0",0," "," ","0",0," "," ","0",0," "," ","0",0," "," ","0",0," "," ","0",0," "," ","0",0," "," ","0",0," "," ","0",0," "," ","0",0," "," ","0",0," "," ","0",0," "," ","0",0," "," ","0",0," "," ","0",0," "," ","0",0," "," ","0",0," "," ","0",0," "," ","0",0," "," ","0",0," "," ","0",0," "," ","0",0," "," ","0",0," "," ","0",0," "," ","0",0," "," ","0",0," "," ","0",0," "," ","0",0," "," ","0",0," "," ","0",NA," "," "," "
"1277","USC00413787",1966,4,"SNWD",0," "," ","0",0," "," ","0",0," "," ","0",0," "," ","0",0," "," ","0",0," "," ","0",0," "," ","0",0," "," ","0",0," "," ","0",0," "," ","0",0," "," ","0",0," "," ","0",0," "," ","0",0," "," ","0",0," "," ","0",0," "," ","0",0," "," ","0",0," "," ","0",0," "," ","0",0," "," ","0",0," "," ","0",0," "," ","0",0," "," ","0",0," "," ","0",0," "," ","0",0," "," ","0",0," "," ","0",0," "," ","0",0," "," ","0",0," "," ","0",NA," "," "," "
"1278","USC00413787",1966,4,"WT03",NA," "," "," ",NA," "," "," ",NA," "," "," ",NA," "," "," ",NA," "," "," ",NA," "," "," ",NA," "," "," ",NA," "," "," ",NA," "," "," ",NA," "," "," ",NA," "," "," ",NA," "," "," ",NA," "," "," ",NA," "," "," ",NA," "," "," ",NA," "," "," ",NA," "," "," ",NA," "," "," ",1," "," ","0",NA," "," "," ",NA," "," "," ",1," "," ","0",NA," "," "," ",NA," "," "," ",NA," "," "," ",NA," "," "," ",NA," "," "," ",NA," "," "," ",NA," "," "," ",NA," "," "," ",NA," "," "," "
"1279","USC00413787",1966,5,"TMAX",183," "," ","0",272," "," ","0",283," "," ","0",283," "," ","0",294," "," ","0",311," "," ","0",322," "," ","0",372," "," ","0",283," "," ","0",206," "," ","0",283," "," ","0",239," "," ","0",239," "," ","0",322," "," ","0",356," "," ","0",361," "," ","0",339," "," ","0",306," "," ","0",283," "," ","0",350," "," ","0",378," "," ","0",356," "," ","0",339," "," ","0",272," "," ","0",300," "," ","0",300," "," ","0",350," "," ","0",328," "," ","0",339," "," ","0",361," "," ","0",328," "," ","0"
"1280","USC00413787",1966,5,"TMIN",11," "," ","0",-11," "," ","0",39," "," ","0",33," "," ","0",72," "," ","0",89," "," ","0",100," "," ","0",111," "," ","0",44," "," ","0",67," "," ","0",100," "," ","0",17," "," ","0",-28," "," ","0",89," "," ","0",139," "," ","0",106," "," ","0",111," "," ","0",117," "," ","0",89," "," ","0",150," "," ","0",89," "," ","0",133," "," ","0",156," "," ","0",50," "," ","0",50," "," ","0",133," "," ","0",111," "," ","0",144," "," ","0",94," "," ","0",144," "," ","0",167," "," ","0"
"1281","USC00413787",1966,5,"TOBS",161," "," ","0",244," "," ","0",256," "," ","0",267," "," ","0",278," "," ","0",294," "," ","0",311," "," ","0",283," "," ","0",139," "," ","0",189," "," ","0",239," "," ","0",117," "," ","0",228," "," ","0",261," "," ","0",317," "," ","0",217," "," ","0",306," "," ","0",211," "," ","0",272," "," ","0",328," "," ","0",350," "," ","0",339," "," ","0",244," "," ","0",250," "," ","0",283," "," ","0",261," "," ","0",328," "," ","0",278," "," ","0",322," "," ","0",328," "," ","0",217," "," ","0"
"1282","USC00413787",1966,5,"PRCP",0," "," ","0",0," "," ","0",0," "," ","0",0," "," ","0",0," "," ","0",0," "," ","0",0," "," ","0",0,"T"," ","0",0," "," ","0",0," "," ","0",0," "," ","0",0," "," ","0",0," "," ","0",30," "," ","0",0," "," ","0",0," "," ","0",0," "," ","0",0," "," ","0",5," "," ","0",0," "," ","0",0," "," ","0",0," "," ","0",0," "," ","0",0," "," ","0",0," "," ","0",0," "," ","0",0," "," ","0",0," "," ","0",0," "," ","0",0," "," ","0",0,"T"," ","0"
"1283","USC00413787",1966,5,"SNOW",0," "," ","0",0," "," ","0",0," "," ","0",0," "," ","0",0," "," ","0",0," "," ","0",0," "," ","0",0," "," ","0",0," "," ","0",0," "," ","0",0," "," ","0",0," "," ","0",0," "," ","0",0," "," ","0",0," "," ","0",0," "," ","0",0," "," ","0",0," "," ","0",0," "," ","0",0," "," ","0",0," "," ","0",0," "," ","0",0," "," ","0",0," "," ","0",0," "," ","0",0," "," ","0",0," "," ","0",0," "," ","0",0," "," ","0",0," "," ","0",0," "," ","0"
"1284","USC00413787",1966,5,"SNWD",0," "," ","0",0," "," ","0",0," "," ","0",0," "," ","0",0," "," ","0",0," "," ","0",0," "," ","0",0," "," ","0",0," "," ","0",0," "," ","0",0," "," ","0",0," "," ","0",0," "," ","0",0," "," ","0",0," "," ","0",0," "," ","0",0," "," ","0",0," "," ","0",0," "," ","0",0," "," ","0",0," "," ","0",0," "," ","0",0," "," ","0",0," "," ","0",0," "," ","0",0," "," ","0",0," "," ","0",0," "," ","0",0," "," ","0",0," "," ","0",0," "," ","0"
"1285","USC00413787",1966,5,"WT03",NA," "," "," ",NA," "," "," ",NA," "," "," ",NA," "," "," ",NA," "," "," ",NA," "," "," ",NA," "," "," ",NA," "," "," ",NA," "," "," ",NA," "," "," ",NA," "," "," ",NA," "," "," ",NA," "," "," ",1," "," ","0",NA," "," "," ",NA," "," "," ",NA," "," "," ",NA," "," "," ",NA," "," "," ",NA," "," "," ",NA," "," "," ",NA," "," "," ",NA," "," "," ",NA," "," "," ",NA," "," "," ",NA," "," "," ",NA," "," "," ",NA," "," "," ",NA," "," "," ",NA," "," "," ",NA," "," "," "
"1286","USC00413787",1966,6,"TMAX",322," "," ","0",333," "," ","0",361," "," ","0",372," "," ","0",350," "," ","0",317," "," ","0",378," "," ","0",356," "," ","0",294," "," ","0",300," "," ","0",361," "," ","0",356," "," ","0",300," "," ","0",361," "," ","0",394," "," ","0",328," "," ","0",306," "," ","0",283," "," ","0",333," "," ","0",328," "," ","0",300," "," ","0",300," "," ","0",317," "," ","0",328," "," ","0",328," "," ","0",333," "," ","0",306," "," ","0",328," "," ","0",328," "," ","0",322," "," ","0",NA," "," "," "
"1287","USC00413787",1966,6,"TMIN",144," "," ","0",128," "," ","0",156," "," ","0",128," "," ","0",133," "," ","0",144," "," ","0",156," "," ","0",172," "," ","0",78," "," ","0",133," "," ","0",139," "," ","0",183," "," ","0",150," "," ","0",156," "," ","0",172," "," ","0",150," "," ","0",139," "," ","0",167," "," ","0",150," "," ","0",178," "," ","0",172," "," ","0",167," "," ","0",172," "," ","0",189," "," ","0",200," "," ","0",183," "," ","0",183," "," ","0",172," "," ","0",156," "," ","0",178," "," ","0",NA," "," "," "
"1288","USC00413787",1966,6,"TOBS",283," "," ","0",322," "," ","0",339," "," ","0",350," "," ","0",294," "," ","0",278," "," ","0",356," "," ","0",294," "," ","0",250," "," ","0",289," "," ","0",339," "," ","0",228," "," ","0",278," "," ","0",283," "," ","0",328," "," ","0",261," "," ","0",228," "," ","0",261," "," ","0",328," "," ","0",289," "," ","0",228," "," ","0",283," "," ","0",311," "," ","0",311," "," ","0",267," "," ","0",267," "," ","0",267," "," ","0",300," "," ","0",294," "," ","0",317," "," ","0",NA," "," "," "
"1289","USC00413787",1966,6,"PRCP",25," "," ","0",69," "," ","0",0," "," ","0",0," "," ","0",0," "," ","0",0,"T"," ","0",0," "," ","0",0," "," ","0",0," "," ","0",25," "," ","0",0,"T"," ","0",0," "," ","0",0," "," ","0",0," "," ","0",0,"T"," ","0",0," "," ","0",0," "," ","0",0," "," ","0",343," "," ","0",0," "," ","0",244," "," ","0",107," "," ","0",0," "," ","0",0," "," ","0",0," "," ","0",0," "," ","0",0,"T"," ","0",0," "," ","0",0," "," ","0",0," "," ","0",NA," "," "," "
"1290","USC00413787",1966,6,"SNOW",0," "," ","0",0," "," ","0",0," "," ","0",0," "," ","0",0," "," ","0",0," "," ","0",0," "," ","0",0," "," ","0",0," "," ","0",0," "," ","0",0," "," ","0",0," "," ","0",0," "," ","0",0," "," ","0",0," "," ","0",0," "," ","0",0," "," ","0",0," "," ","0",0," "," ","0",0," "," ","0",0," "," ","0",0," "," ","0",0," "," ","0",0," "," ","0",0," "," ","0",0," "," ","0",0," "," ","0",0," "," ","0",0," "," ","0",0," "," ","0",NA," "," "," "
"1291","USC00413787",1966,6,"SNWD",0," "," ","0",0," "," ","0",0," "," ","0",0," "," ","0",0," "," ","0",0," "," ","0",0," "," ","0",0," "," ","0",0," "," ","0",0," "," ","0",0," "," ","0",0," "," ","0",0," "," ","0",0," "," ","0",0," "," ","0",0," "," ","0",0," "," ","0",0," "," ","0",0," "," ","0",0," "," ","0",0," "," ","0",0," "," ","0",0," "," ","0",0," "," ","0",0," "," ","0",0," "," ","0",0," "," ","0",0," "," ","0",0," "," ","0",0," "," ","0",NA," "," "," "
"1292","USC00413787",1966,6,"WT03",NA," "," "," ",1," "," ","0",NA," "," "," ",NA," "," "," ",NA," "," "," ",1," "," ","0",NA," "," "," ",NA," "," "," ",NA," "," "," ",1," "," ","0",1," "," ","0",NA," "," "," ",NA," "," "," ",NA," "," "," ",1," "," ","0",1," "," ","0",1," "," ","0",NA," "," "," ",1," "," ","0",NA," "," "," ",1," "," ","0",1," "," ","0",NA," "," "," ",NA," "," "," ",1," "," ","0",NA," "," "," ",NA," "," "," ",NA," "," "," ",NA," "," "," ",NA," "," "," ",NA," "," "," "
"1293","USC00413787",1966,7,"TMAX",344," "," ","0",378," "," ","0",389," "," ","0",400," "," ","0",406," "," ","0",383," "," ","0",372," "," ","0",383," "," ","0",400," "," ","0",378," "," ","0",372," "," ","0",378," "," ","0",367," "," ","0",383," "," ","0",378," "," ","0",383," "," ","0",406," "," ","0",417," "," ","0",389," "," ","0",378," "," ","0",367," "," ","0",356," "," ","0",339," "," ","0",322," "," ","0",356," "," ","0",378," "," ","0",378," "," ","0",344," "," ","0",367," "," ","0",344," "," ","0",367," "," ","0"
"1294","USC00413787",1966,7,"TMIN",211," "," ","0",206," "," ","0",211," "," ","0",189," "," ","0",200," "," ","0",233," "," ","0",206," "," ","0",206," "," ","0",228," "," ","0",217," "," ","0",189," "," ","0",211," "," ","0",200," "," ","0",200," "," ","0",194," "," ","0",206," "," ","0",194," "," ","0",217," "," ","0",222," "," ","0",200," "," ","0",211," "," ","0",211," "," ","0",183," "," ","0",194," "," ","0",206," "," ","0",211," "," ","0",217," "," ","0",206," "," ","0",206," "," ","0",200," "," ","0",211," "," ","0"
"1295","USC00413787",1966,7,"TOBS",333," "," ","0",344," "," ","0",378," "," ","0",383," "," ","0",378," "," ","0",350," "," ","0",361," "," ","0",306," "," ","0",350," "," ","0",328," "," ","0",350," "," ","0",339," "," ","0",344," "," ","0",350," "," ","0",361," "," ","0",378," "," ","0",389," "," ","0",322," "," ","0",294," "," ","0",283," "," ","0",333," "," ","0",333," "," ","0",272," "," ","0",311," "," ","0",300," "," ","0",367," "," ","0",317," "," ","0",328," "," ","0",222," "," ","0",328," "," ","0",333," "," ","0"
"1296","USC00413787",1966,7,"PRCP",0," "," ","0",0,"T"," ","0",0," "," ","0",0," "," ","0",0," "," ","0",0,"T"," ","0",0," "," ","0",0," "," ","0",0," "," ","0",0," "," ","0",0," "," ","0",0,"T"," ","0",0," "," ","0",0," "," ","0",0,"T"," ","0",0," "," ","0",0," "," ","0",0," "," ","0",0," "," ","0",170," "," ","0",0,"T"," ","0",0,"T"," ","0",394," "," ","0",76," "," ","0",0," "," ","0",0," "," ","0",0," "," ","0",0," "," ","0",25," "," ","0",0," "," ","0",0," "," ","0"
"1297","USC00413787",1966,7,"SNOW",0," "," ","0",0," "," ","0",0," "," ","0",0," "," ","0",0," "," ","0",0," "," ","0",0," "," ","0",0," "," ","0",0," "," ","0",0," "," ","0",0," "," ","0",0," "," ","0",0," "," ","0",0," "," ","0",0," "," ","0",0," "," ","0",0," "," ","0",0," "," ","0",0," "," ","0",0," "," ","0",0," "," ","0",0," "," ","0",0," "," ","0",0," "," ","0",0," "," ","0",0," "," ","0",0," "," ","0",0," "," ","0",0," "," ","0",0," "," ","0",0," "," ","0"
"1298","USC00413787",1966,7,"SNWD",0," "," ","0",0," "," ","0",0," "," ","0",0," "," ","0",0," "," ","0",0," "," ","0",0," "," ","0",0," "," ","0",0," "," ","0",0," "," ","0",0," "," ","0",0," "," ","0",0," "," ","0",0," "," ","0",0," "," ","0",0," "," ","0",0," "," ","0",0," "," ","0",0," "," ","0",0," "," ","0",0," "," ","0",0," "," ","0",0," "," ","0",0," "," ","0",0," "," ","0",0," "," ","0",0," "," ","0",0," "," ","0",0," "," ","0",0," "," ","0",0," "," ","0"
"1299","USC00413787",1966,7,"WT03",NA," "," "," ",NA," "," "," ",NA," "," "," ",NA," "," "," ",NA," "," "," ",NA," "," "," ",NA," "," "," ",NA," "," "," ",1," "," ","0",NA," "," "," ",NA," "," "," ",NA," "," "," ",NA," "," "," ",NA," "," "," ",1," "," ","0",NA," "," "," ",NA," "," "," ",NA," "," "," ",NA," "," "," ",1," "," ","0",NA," "," "," ",NA," "," "," ",1," "," ","0",1," "," ","0",1," "," ","0",NA," "," "," ",NA," "," "," ",NA," "," "," ",1," "," ","0",1," "," ","0",NA," "," "," "
"1300","USC00413787",1966,8,"TMAX",389," "," ","0",372," "," ","0",344," "," ","0",344," "," ","0",333," "," ","0",378," "," ","0",322," "," ","0",311," "," ","0",344," "," ","0",306," "," ","0",339," "," ","0",317," "," ","0",300," "," ","0",328," "," ","0",356," "," ","0",361," "," ","0",367," "," ","0",344," "," ","0",333," "," ","0",350," "," ","0",289," "," ","0",250," "," ","0",200," "," ","0",206," "," ","0",300," "," ","0",294," "," ","0",283," "," ","0",306," "," ","0",311," "," ","0",311," "," ","0",317," "," ","0"
"1301","USC00413787",1966,8,"TMIN",233," "," ","0",211," "," ","0",156," "," ","0",200," "," ","0",178," "," ","0",172," "," ","0",156," "," ","0",150," "," ","0",156," "," ","0",172," "," ","0",172," "," ","0",156," "," ","0",167," "," ","0",150," "," ","0",189," "," ","0",183," "," ","0",206," "," ","0",183," "," ","0",156," "," ","0",167," "," ","0",194," "," ","0",156," "," ","0",117," "," ","0",122," "," ","0",111," "," ","0",133," "," ","0",139," "," ","0",167," "," ","0",178," "," ","0",156," "," ","0",183," "," ","0"
"1302","USC00413787",1966,8,"TOBS",372," "," ","0",294," "," ","0",317," "," ","0",289," "," ","0",250," "," ","0",256," "," ","0",283," "," ","0",256," "," ","0",306," "," ","0",211," "," ","0",300," "," ","0",161," "," ","0",294," "," ","0",322," "," ","0",339," "," ","0",344," "," ","0",344," "," ","0",250," "," ","0",283," "," ","0",289," "," ","0",239," "," ","0",200," "," ","0",139," "," ","0",200," "," ","0",283," "," ","0",267," "," ","0",267," "," ","0",278," "," ","0",261," "," ","0",289," "," ","0",267," "," ","0"
"1303","USC00413787",1966,8,"PRCP",0," "," ","0",0," "," ","0",0," "," ","0",0," "," ","0",86," "," ","0",0," "," ","0",5," "," ","0",30," "," ","0",0," "," ","0",51," "," ","0",0," "," ","0",0," "," ","0",74," "," ","0",0," "," ","0",0," "," ","0",0," "," ","0",0," "," ","0",46," "," ","0",0," "," ","0",0," "," ","0",366," "," ","0",0," "," ","0",0," "," ","0",267," "," ","0",8," "," ","0",0," "," ","0",0," "," ","0",0," "," ","0",0," "," ","0",0," "," ","0",0," "," ","0"
"1304","USC00413787",1966,8,"SNOW",0," "," ","0",0," "," ","0",0," "," ","0",0," "," ","0",0," "," ","0",0," "," ","0",0," "," ","0",0," "," ","0",0," "," ","0",0," "," ","0",0," "," ","0",0," "," ","0",0," "," ","0",0," "," ","0",0," "," ","0",0," "," ","0",0," "," ","0",0," "," ","0",0," "," ","0",0," "," ","0",0," "," ","0",0," "," ","0",0," "," ","0",0," "," ","0",0," "," ","0",0," "," ","0",0," "," ","0",0," "," ","0",0," "," ","0",0," "," ","0",0," "," ","0"
"1305","USC00413787",1966,8,"SNWD",0," "," ","0",0," "," ","0",0," "," ","0",0," "," ","0",0," "," ","0",0," "," ","0",0," "," ","0",0," "," ","0",0," "," ","0",0," "," ","0",0," "," ","0",0," "," ","0",0," "," ","0",0," "," ","0",0," "," ","0",0," "," ","0",0," "," ","0",0," "," ","0",0," "," ","0",0," "," ","0",0," "," ","0",0," "," ","0",0," "," ","0",0," "," ","0",0," "," ","0",0," "," ","0",0," "," ","0",0," "," ","0",0," "," ","0",0," "," ","0",0," "," ","0"
"1306","USC00413787",1966,8,"WT03",NA," "," "," ",NA," "," "," ",NA," "," "," ",NA," "," "," ",1," "," ","0",NA," "," "," ",1," "," ","0",1," "," ","0",NA," "," "," ",1," "," ","0",NA," "," "," ",1," "," ","0",NA," "," "," ",NA," "," "," ",NA," "," "," ",NA," "," "," ",NA," "," "," ",1," "," ","0",NA," "," "," ",NA," "," "," ",1," "," ","0",NA," "," "," ",NA," "," "," ",NA," "," "," ",NA," "," "," ",NA," "," "," ",NA," "," "," ",NA," "," "," ",NA," "," "," ",NA," "," "," ",NA," "," "," "
"1307","USC00413787",1966,9,"TMAX",328," "," ","0",333," "," ","0",311," "," ","0",294," "," ","0",333," "," ","0",306," "," ","0",322," "," ","0",322," "," ","0",306," "," ","0",306," "," ","0",306," "," ","0",300," "," ","0",317," "," ","0",289," "," ","0",233," "," ","0",244," "," ","0",239," "," ","0",256," "," ","0",183," "," ","0",250," "," ","0",294," "," ","0",289," "," ","0",311," "," ","0",350," "," ","0",300," "," ","0",261," "," ","0",228," "," ","0",289," "," ","0",306," "," ","0",206," "," ","0",NA," "," "," "
"1308","USC00413787",1966,9,"TMIN",172," "," ","0",167," "," ","0",144," "," ","0",139," "," ","0",111," "," ","0",128," "," ","0",128," "," ","0",150," "," ","0",117," "," ","0",122," "," ","0",128," "," ","0",150," "," ","0",133," "," ","0",117," "," ","0",122," "," ","0",122," "," ","0",122," "," ","0",100," "," ","0",128," "," ","0",133," "," ","0",117," "," ","0",128," "," ","0",128," "," ","0",122," "," ","0",128," "," ","0",111," "," ","0",117," "," ","0",89," "," ","0",106," "," ","0",67," "," ","0",NA," "," "," "
"1309","USC00413787",1966,9,"TOBS",311," "," ","0",311," "," ","0",278," "," ","0",272," "," ","0",306," "," ","0",267," "," ","0",272," "," ","0",289," "," ","0",261," "," ","0",283," "," ","0",272," "," ","0",261," "," ","0",289," "," ","0",233," "," ","0",150," "," ","0",200," "," ","0",228," "," ","0",183," "," ","0",167," "," ","0",200," "," ","0",278," "," ","0",267," "," ","0",200," "," ","0",300," "," ","0",228," "," ","0",228," "," ","0",156," "," ","0",272," "," ","0",206," "," ","0",128," "," ","0",NA," "," "," "
"1310","USC00413787",1966,9,"PRCP",0," "," ","0",0," "," ","0",0,"T"," ","0",0," "," ","0",0," "," ","0",0," "," ","0",0," "," ","0",0," "," ","0",0," "," ","0",0," "," ","0",0," "," ","0",0," "," ","0",0," "," ","0",0," "," ","0",41," "," ","0",33," "," ","0",343," "," ","0",0," "," ","0",0,"T"," ","0",0," "," ","0",0," "," ","0",0," "," ","0",0," "," ","0",0," "," ","0",0," "," ","0",0," "," ","0",302," "," ","0",0," "," ","0",0," "," ","0",0," "," ","0",NA," "," "," "
"1311","USC00413787",1966,9,"SNOW",0," "," ","0",0," "," ","0",0," "," ","0",0," "," ","0",0," "," ","0",0," "," ","0",0," "," ","0",0," "," ","0",0," "," ","0",0," "," ","0",0," "," ","0",0," "," ","0",0," "," ","0",0," "," ","0",0," "," ","0",0," "," ","0",0," "," ","0",0," "," ","0",0," "," ","0",0," "," ","0",0," "," ","0",0," "," ","0",0," "," ","0",0," "," ","0",0," "," ","0",0," "," ","0",0," "," ","0",0," "," ","0",0," "," ","0",0," "," ","0",NA," "," "," "
"1312","USC00413787",1966,9,"SNWD",0," "," ","0",0," "," ","0",0," "," ","0",0," "," ","0",0," "," ","0",0," "," ","0",0," "," ","0",0," "," ","0",0," "," ","0",0," "," ","0",0," "," ","0",0," "," ","0",0," "," ","0",0," "," ","0",0," "," ","0",0," "," ","0",0," "," ","0",0," "," ","0",0," "," ","0",0," "," ","0",0," "," ","0",0," "," ","0",0," "," ","0",0," "," ","0",0," "," ","0",0," "," ","0",0," "," ","0",0," "," ","0",0," "," ","0",0," "," ","0",NA," "," "," "
"1313","USC00413787",1966,9,"WT03",NA," "," "," ",NA," "," "," ",1," "," ","0",NA," "," "," ",NA," "," "," ",NA," "," "," ",NA," "," "," ",NA," "," "," ",NA," "," "," ",NA," "," "," ",NA," "," "," ",NA," "," "," ",NA," "," "," ",NA," "," "," ",1," "," ","0",1," "," ","0",1," "," ","0",NA," "," "," ",NA," "," "," ",NA," "," "," ",NA," "," "," ",NA," "," "," ",NA," "," "," ",NA," "," "," ",NA," "," "," ",NA," "," "," ",1," "," ","0",NA," "," "," ",NA," "," "," ",NA," "," "," ",NA," "," "," "
"1314","USC00413787",1966,10,"TMAX",222," "," ","0",317," "," ","0",289," "," ","0",200," "," ","0",233," "," ","0",283," "," ","0",278," "," ","0",317," "," ","0",256," "," ","0",250," "," ","0",289," "," ","0",294," "," ","0",311," "," ","0",256," "," ","0",167," "," ","0",183," "," ","0",111," "," ","0",111," "," ","0",183," "," ","0",256," "," ","0",289," "," ","0",267," "," ","0",156," "," ","0",239," "," ","0",261," "," ","0",278," "," ","0",294," "," ","0",278," "," ","0",189," "," ","0",261," "," ","0",228," "," ","0"
"1315","USC00413787",1966,10,"TMIN",22," "," ","0",106," "," ","0",139," "," ","0",44," "," ","0",44," "," ","0",67," "," ","0",100," "," ","0",111," "," ","0",50," "," ","0",28," "," ","0",83," "," ","0",128," "," ","0",122," "," ","0",78," "," ","0",-28," "," ","0",-11," "," ","0",44," "," ","0",-11," "," ","0",-33," "," ","0",11," "," ","0",94," "," ","0",33," "," ","0",-33," "," ","0",-11," "," ","0",28," "," ","0",39," "," ","0",28," "," ","0",17," "," ","0",28," "," ","0",-11," "," ","0",44," "," ","0"
"1316","USC00413787",1966,10,"TOBS",189," "," ","0",289," "," ","0",200," "," ","0",133," "," ","0",194," "," ","0",239," "," ","0",228," "," ","0",256," "," ","0",200," "," ","0",128," "," ","0",239," "," ","0",250," "," ","0",256," "," ","0",78," "," ","0",111," "," ","0",111," "," ","0",67," "," ","0",39," "," ","0",150," "," ","0",194," "," ","0",156," "," ","0",83," "," ","0",128," "," ","0",189," "," ","0",189," "," ","0",211," "," ","0",211," "," ","0",189," "," ","0",122," "," ","0",228," "," ","0",67," "," ","0"
"1317","USC00413787",1966,10,"PRCP",0," "," ","0",0," "," ","0",0," "," ","0",0," "," ","0",0," "," ","0",0," "," ","0",0," "," ","0",0," "," ","0",0," "," ","0",0," "," ","0",0," "," ","0",0," "," ","0",0," "," ","0",0,"T"," ","0",0," "," ","0",0," "," ","0",119," "," ","0",0," "," ","0",0," "," ","0",0," "," ","0",0," "," ","0",0," "," ","0",0," "," ","0",0," "," ","0",0," "," ","0",0," "," ","0",0," "," ","0",0," "," ","0",0," "," ","0",0," "," ","0",0," "," ","0"
"1318","USC00413787",1966,10,"SNOW",0," "," ","0",0," "," ","0",0," "," ","0",0," "," ","0",0," "," ","0",0," "," ","0",0," "," ","0",0," "," ","0",0," "," ","0",0," "," ","0",0," "," ","0",0," "," ","0",0," "," ","0",0," "," ","0",0," "," ","0",0," "," ","0",0," "," ","0",0," "," ","0",0," "," ","0",0," "," ","0",0," "," ","0",0," "," ","0",0," "," ","0",0," "," ","0",0," "," ","0",0," "," ","0",0," "," ","0",0," "," ","0",0," "," ","0",0," "," ","0",0," "," ","0"
"1319","USC00413787",1966,10,"SNWD",0," "," ","0",0," "," ","0",0," "," ","0",0," "," ","0",0," "," ","0",0," "," ","0",0," "," ","0",0," "," ","0",0," "," ","0",0," "," ","0",0," "," ","0",0," "," ","0",0," "," ","0",0," "," ","0",0," "," ","0",0," "," ","0",0," "," ","0",0," "," ","0",0," "," ","0",0," "," ","0",0," "," ","0",0," "," ","0",0," "," ","0",0," "," ","0",0," "," ","0",0," "," ","0",0," "," ","0",0," "," ","0",0," "," ","0",0," "," ","0",0," "," ","0"
"1320","USC00413787",1966,11,"TMAX",67," "," ","0",189," "," ","0",161," "," ","0",111," "," ","0",150," "," ","0",244," "," ","0",211," "," ","0",244," "," ","0",194," "," ","0",150," "," ","0",161," "," ","0",189," "," ","0",211," "," ","0",222," "," ","0",267," "," ","0",283," "," ","0",233," "," ","0",150," "," ","0",178," "," ","0",228," "," ","0",261," "," ","0",250," "," ","0",189," "," ","0",172," "," ","0",222," "," ","0",217," "," ","0",94," "," ","0",172," "," ","0",206," "," ","0",122," "," ","0",NA," "," "," "
"1321","USC00413787",1966,11,"TMIN",-22," "," ","0",-94," "," ","0",-39," "," ","0",-22," "," ","0",-17," "," ","0",50," "," ","0",39," "," ","0",100," "," ","0",-33," "," ","0",-78," "," ","0",-22," "," ","0",-44," "," ","0",-28," "," ","0",-22," "," ","0",67," "," ","0",50," "," ","0",50," "," ","0",11," "," ","0",-44," "," ","0",11," "," ","0",39," "," ","0",33," "," ","0",39," "," ","0",72," "," ","0",50," "," ","0",56," "," ","0",-39," "," ","0",-67," "," ","0",-33," "," ","0",-17," "," ","0",NA," "," "," "
"1322","USC00413787",1966,11,"TOBS",22," "," ","0",122," "," ","0",83," "," ","0",61," "," ","0",106," "," ","0",189," "," ","0",156," "," ","0",194," "," ","0",17," "," ","0",44," "," ","0",44," "," ","0",122," "," ","0",139," "," ","0",167," "," ","0",189," "," ","0",200," "," ","0",150," "," ","0",67," "," ","0",100," "," ","0",156," "," ","0",189," "," ","0",161," "," ","0",156," "," ","0",106," "," ","0",156," "," ","0",56," "," ","0",56," "," ","0",94," "," ","0",122," "," ","0",50," "," ","0",NA," "," "," "
"1323","USC00413787",1966,11,"PRCP",0,"T"," ","0",0," "," ","0",0," "," ","0",0," "," ","0",0," "," ","0",0," "," ","0",0," "," ","0",0," "," ","0",0," "," ","0",0," "," ","0",0," "," ","0",0," "," ","0",0," "," ","0",0," "," ","0",0," "," ","0",0," "," ","0",0," "," ","0",0," "," ","0",0," "," ","0",0," "," ","0",0," "," ","0",0," "," ","0",0," "," ","0",0," "," ","0",0," "," ","0",0," "," ","0",0," "," ","0",0," "," ","0",0," "," ","0",0," "," ","0",NA," "," "," "
"1324","USC00413787",1966,11,"SNOW",0," "," ","0",0," "," ","0",0," "," ","0",0," "," ","0",0," "," ","0",0," "," ","0",0," "," ","0",0," "," ","0",0," "," ","0",0," "," ","0",0," "," ","0",0," "," ","0",0," "," ","0",0," "," ","0",0," "," ","0",0," "," ","0",0," "," ","0",0," "," ","0",0," "," ","0",0," "," ","0",0," "," ","0",0," "," ","0",0," "," ","0",0," "," ","0",0," "," ","0",0," "," ","0",0," "," ","0",0," "," ","0",0," "," ","0",0," "," ","0",NA," "," "," "
"1325","USC00413787",1966,11,"SNWD",0," "," ","0",0," "," ","0",0," "," ","0",0," "," ","0",0," "," ","0",0," "," ","0",0," "," ","0",0," "," ","0",0," "," ","0",0," "," ","0",0," "," ","0",0," "," ","0",0," "," ","0",0," "," ","0",0," "," ","0",0," "," ","0",0," "," ","0",0," "," ","0",0," "," ","0",0," "," ","0",0," "," ","0",0," "," ","0",0," "," ","0",0," "," ","0",0," "," ","0",0," "," ","0",0," "," ","0",0," "," ","0",0," "," ","0",0," "," ","0",NA," "," "," "
"1326","USC00413787",1966,12,"TMAX",50," "," ","0",28," "," ","0",56," "," ","0",206," "," ","0",211," "," ","0",172," "," ","0",222," "," ","0",139," "," ","0",83," "," ","0",61," "," ","0",89," "," ","0",117," "," ","0",161," "," ","0",183," "," ","0",111," "," ","0",133," "," ","0",189," "," ","0",206," "," ","0",200," "," ","0",217," "," ","0",161," "," ","0",94," "," ","0",0," "," ","0",144," "," ","0",NA," "," "," ",NA," "," "," ",-33," "," ","0",-22," "," ","0",44," "," ","0",11," "," ","0",39," "," ","0"
"1327","USC00413787",1966,12,"TMIN",-39," "," ","0",-117," "," ","0",-122," "," ","0",-22," "," ","0",-33," "," ","0",17," "," ","0",28," "," ","0",-22," "," ","0",-50," "," ","0",-156," "," ","0",-106," "," ","0",-61," "," ","0",-67," "," ","0",-67," "," ","0",-33," "," ","0",-72," "," ","0",-67," "," ","0",-44," "," ","0",-33," "," ","0",-39," "," ","0",-22," "," ","0",-39," "," ","0",-128," "," ","0",-122," "," ","0",NA," "," "," ",NA," "," "," ",-100," "," ","0",-161," "," ","0",-172," "," ","0",-150," "," ","0",-106," "," ","0"
"1328","USC00413787",1966,12,"TOBS",-28," "," ","0",-22," "," ","0",11," "," ","0",56," "," ","0",156," "," ","0",78," "," ","0",106," "," ","0",83," "," ","0",-50," "," ","0",-22," "," ","0",22," "," ","0",-11," "," ","0",72," "," ","0",106," "," ","0",67," "," ","0",50," "," ","0",-6," "," ","0",122," "," ","0",111," "," ","0",128," "," ","0",94," "," ","0",-39," "," ","0",-28," "," ","0",-67," "," ","0",NA," "," "," ",NA," "," "," ",-94," "," ","0",-56," "," ","0",11," "," ","0",-33," "," ","0",6," "," ","0"
"1329","USC00413787",1966,12,"PRCP",0," "," ","0",0," "," ","0",0," "," ","0",0," "," ","0",0," "," ","0",0," "," ","0",0," "," ","0",0," "," ","0",15," "," ","0",0," "," ","0",0," "," ","0",0," "," ","0",0," "," ","0",0," "," ","0",0," "," ","0",0," "," ","0",0," "," ","0",0," "," ","0",0," "," ","0",0," "," ","0",0," "," ","0",0,"T"," ","0",0," "," ","0",0," "," ","0",0," "," ","0",0," "," ","0",36," "," ","0",0," "," ","0",0," "," ","0",0," "," ","0",0," "," ","0"
"1330","USC00413787",1966,12,"SNOW",0," "," ","0",0," "," ","0",0," "," ","0",0," "," ","0",0," "," ","0",0," "," ","0",0," "," ","0",0," "," ","0",13," "," ","0",0," "," ","0",0," "," ","0",0," "," ","0",0," "," ","0",0," "," ","0",0," "," ","0",0," "," ","0",0," "," ","0",0," "," ","0",0," "," ","0",0," "," ","0",0," "," ","0",0," "," ","0",0," "," ","0",0," "," ","0",0," "," ","0",0," "," ","0",51," "," ","0",0," "," ","0",0," "," ","0",0," "," ","0",0," "," ","0"
"1331","USC00413787",1966,12,"SNWD",0," "," ","0",0," "," ","0",0," "," ","0",0," "," ","0",0," "," ","0",0," "," ","0",0," "," ","0",0," "," ","0",0,"T"," ","0",0," "," ","0",0," "," ","0",0," "," ","0",0," "," ","0",0," "," ","0",0," "," ","0",0," "," ","0",0," "," ","0",0," "," ","0",0," "," ","0",0," "," ","0",0," "," ","0",0," "," ","0",0," "," ","0",0," "," ","0",0," "," ","0",0," "," ","0",51," "," ","0",0," "," ","0",0," "," ","0",0," "," ","0",0," "," ","0"
"1332","USC00413787",1967,1,"TMAX",106," "," ","0",39," "," ","0",72," "," ","0",128," "," ","0",178," "," ","0",144," "," ","0",-6," "," ","0",61," "," ","0",106," "," ","0",139," "," ","0",172," "," ","0",117," "," ","0",161," "," ","0",100," "," ","0",100," "," ","0",139," "," ","0",72," "," ","0",78," "," ","0",167," "," ","0",222," "," ","0",267," "," ","0",261," "," ","0",228," "," ","0",167," "," ","0",194," "," ","0",150," "," ","0",139," "," ","0",206," "," ","0",211," "," ","0",228," "," ","0",228," "," ","0"
"1333","USC00413787",1967,1,"TMIN",-94," "," ","0",-72," "," ","0",-133," "," ","0",-67," "," ","0",-33," "," ","0",-39," "," ","0",-128," "," ","0",-156," "," ","0",-122," "," ","0",-89," "," ","0",-78," "," ","0",-61," "," ","0",-17," "," ","0",-44," "," ","0",-72," "," ","0",6," "," ","0",-100," "," ","0",-133," "," ","0",-111," "," ","0",-39," "," ","0",-28," "," ","0",28," "," ","0",11," "," ","0",50," "," ","0",11," "," ","0",-50," "," ","0",-94," "," ","0",-39," "," ","0",-17," "," ","0",-39," "," ","0",-39," "," ","0"
"1334","USC00413787",1967,1,"TOBS",39," "," ","0",-17," "," ","0",22," "," ","0",-11," "," ","0",144," "," ","0",-17," "," ","0",-28," "," ","0",17," "," ","0",50," "," ","0",-6," "," ","0",100," "," ","0",83," "," ","0",100," "," ","0",28," "," ","0",78," "," ","0",72," "," ","0",-11," "," ","0",28," "," ","0",89," "," ","0",128," "," ","0",156," "," ","0",194," "," ","0",167," "," ","0",89," "," ","0",150," "," ","0",6," "," ","0",106," "," ","0",133," "," ","0",178," "," ","0",167," "," ","0",183," "," ","0"
"1335","USC00413787",1967,1,"PRCP",0," "," ","0",0,"T"," ","0",0," "," ","0",0," "," ","0",0," "," ","0",0,"T"," ","0",0," "," ","0",0," "," ","0",0," "," ","0",0," "," ","0",0," "," ","0",0," "," ","0",0," "," ","0",0," "," ","0",0," "," ","0",0," "," ","0",8," "," ","0",0," "," ","0",0," "," ","0",0," "," ","0",0," "," ","0",0," "," ","0",0," "," ","0",0," "," ","0",0," "," ","0",0,"T"," ","0",0," "," ","0",0," "," ","0",0," "," ","0",0," "," ","0",0," "," ","0"
"1336","USC00413787",1967,1,"SNOW",0," "," ","0",0," "," ","0",0," "," ","0",0," "," ","0",0," "," ","0",0," "," ","0",0," "," ","0",0," "," ","0",0," "," ","0",0," "," ","0",0," "," ","0",0," "," ","0",0," "," ","0",0," "," ","0",0," "," ","0",0," "," ","0",13," "," ","0",0," "," ","0",0," "," ","0",0," "," ","0",0," "," ","0",0," "," ","0",0," "," ","0",0," "," ","0",0," "," ","0",0," "," ","0",0," "," ","0",0," "," ","0",0," "," ","0",0," "," ","0",0," "," ","0"
"1337","USC00413787",1967,1,"SNWD",0," "," ","0",0," "," ","0",0," "," ","0",0," "," ","0",0," "," ","0",0," "," ","0",0," "," ","0",0," "," ","0",0," "," ","0",0," "," ","0",0," "," ","0",0," "," ","0",0," "," ","0",0," "," ","0",0," "," ","0",0," "," ","0",25," "," ","0",0," "," ","0",0," "," ","0",0," "," ","0",0," "," ","0",0," "," ","0",0," "," ","0",0," "," ","0",0," "," ","0",0," "," ","0",0," "," ","0",0," "," ","0",0," "," ","0",0," "," ","0",0," "," ","0"
"1338","USC00413787",1967,2,"TMAX",178," "," ","0",133," "," ","0",200," "," ","0",200," "," ","0",150," "," ","0",94," "," ","0",72," "," ","0",72," "," ","0",133," "," ","0",183," "," ","0",128," "," ","0",167," "," ","0",222," "," ","0",250," "," ","0",222," "," ","0",106," "," ","0",144," "," ","0",211," "," ","0",106," "," ","0",83," "," ","0",139," "," ","0",139," "," ","0",78," "," ","0",89," "," ","0",144," "," ","0",200," "," ","0",178," "," ","0",239," "," ","0",NA," "," "," ",NA," "," "," ",NA," "," "," "
"1339","USC00413787",1967,2,"TMIN",44," "," ","0",-122," "," ","0",-67," "," ","0",-28," "," ","0",-11," "," ","0",-111," "," ","0",-61," "," ","0",-133," "," ","0",-72," "," ","0",-67," "," ","0",-17," "," ","0",-67," "," ","0",-22," "," ","0",33," "," ","0",-44," "," ","0",-83," "," ","0",-117," "," ","0",-106," "," ","0",-17," "," ","0",-67," "," ","0",-94," "," ","0",-56," "," ","0",-33," "," ","0",-117," "," ","0",-44," "," ","0",33," "," ","0",11," "," ","0",-39," "," ","0",NA," "," "," ",NA," "," "," ",NA," "," "," "
"1340","USC00413787",1967,2,"TOBS",56," "," ","0",72," "," ","0",144," "," ","0",150," "," ","0",33," "," ","0",72," "," ","0",6," "," ","0",50," "," ","0",100," "," ","0",128," "," ","0",72," "," ","0",139," "," ","0",200," "," ","0",222," "," ","0",28," "," ","0",61," "," ","0",128," "," ","0",106," "," ","0",11," "," ","0",50," "," ","0",139," "," ","0",72," "," ","0",22," "," ","0",67," "," ","0",128," "," ","0",178," "," ","0",133," "," ","0",217," "," ","0",NA," "," "," ",NA," "," "," ",NA," "," "," "
"1341","USC00413787",1967,2,"PRCP",0,"T"," ","0",0," "," ","0",0," "," ","0",0," "," ","0",0," "," ","0",0," "," ","0",0," "," ","0",25," "," ","0",0," "," ","0",0," "," ","0",0,"T"," ","0",0," "," ","0",0," "," ","0",0," "," ","0",0," "," ","0",0," "," ","0",0," "," ","0",0," "," ","0",0," "," ","0",0," "," ","0",0," "," ","0",0," "," ","0",0," "," ","0",0," "," ","0",0," "," ","0",0," "," ","0",15," "," ","0",0," "," ","0",NA," "," "," ",NA," "," "," ",NA," "," "," "
"1342","USC00413787",1967,2,"SNOW",0," "," ","0",0," "," ","0",0," "," ","0",0," "," ","0",0," "," ","0",0," "," ","0",0," "," ","0",25," "," ","0",0," "," ","0",0," "," ","0",0," "," ","0",0," "," ","0",0," "," ","0",0," "," ","0",0," "," ","0",0," "," ","0",0," "," ","0",0," "," ","0",0," "," ","0",0," "," ","0",0," "," ","0",0," "," ","0",0," "," ","0",0," "," ","0",0," "," ","0",0," "," ","0",0," "," ","0",0," "," ","0",NA," "," "," ",NA," "," "," ",NA," "," "," "
"1343","USC00413787",1967,2,"SNWD",0," "," ","0",0," "," ","0",0," "," ","0",0," "," ","0",0," "," ","0",0," "," ","0",0," "," ","0",0," "," ","0",0," "," ","0",0," "," ","0",0," "," ","0",0," "," ","0",0," "," ","0",0," "," ","0",0," "," ","0",0," "," ","0",0," "," ","0",0," "," ","0",0," "," ","0",0," "," ","0",0," "," ","0",0," "," ","0",0," "," ","0",0," "," ","0",0," "," ","0",0," "," ","0",0," "," ","0",0," "," ","0",NA," "," "," ",NA," "," "," ",NA," "," "," "
"1344","USC00413787",1967,2,"WT03",NA," "," "," ",NA," "," "," ",NA," "," "," ",NA," "," "," ",NA," "," "," ",NA," "," "," ",NA," "," "," ",NA," "," "," ",NA," "," "," ",NA," "," "," ",NA," "," "," ",NA," "," "," ",NA," "," "," ",NA," "," "," ",NA," "," "," ",NA," "," "," ",NA," "," "," ",NA," "," "," ",NA," "," "," ",NA," "," "," ",NA," "," "," ",NA," "," "," ",NA," "," "," ",NA," "," "," ",NA," "," "," ",NA," "," "," ",1," "," ","0",NA," "," "," ",NA," "," "," ",NA," "," "," ",NA," "," "," "
"1345","USC00413787",1967,3,"TMAX",267," "," ","0",306," "," ","0",244," "," ","0",189," "," ","0",133," "," ","0",106," "," ","0",83," "," ","0",167," "," ","0",256," "," ","0",267," "," ","0",272," "," ","0",278," "," ","0",272," "," ","0",267," "," ","0",233," "," ","0",228," "," ","0",200," "," ","0",83," "," ","0",239," "," ","0",228," "," ","0",239," "," ","0",239," "," ","0",267," "," ","0",272," "," ","0",256," "," ","0",211," "," ","0",244," "," ","0",289," "," ","0",311," "," ","0",283," "," ","0",222," "," ","0"
"1346","USC00413787",1967,3,"TMIN",11," "," ","0",39," "," ","0",11," "," ","0",-33," "," ","0",-11," "," ","0",-100," "," ","0",-78," "," ","0",-150," "," ","0",-39," "," ","0",44," "," ","0",50," "," ","0",39," "," ","0",72," "," ","0",89," "," ","0",-39," "," ","0",-33," "," ","0",-33," "," ","0",-33," "," ","0",28," "," ","0",44," "," ","0",44," "," ","0",39," "," ","0",89," "," ","0",111," "," ","0",133," "," ","0",28," "," ","0",72," "," ","0",39," "," ","0",100," "," ","0",61," "," ","0",44," "," ","0"
"1347","USC00413787",1967,3,"TOBS",217," "," ","0",244," "," ","0",117," "," ","0",133," "," ","0",-11," "," ","0",83," "," ","0",-72," "," ","0",150," "," ","0",200," "," ","0",211," "," ","0",239," "," ","0",256," "," ","0",256," "," ","0",233," "," ","0",94," "," ","0",200," "," ","0",44," "," ","0",61," "," ","0",156," "," ","0",183," "," ","0",200," "," ","0",128," "," ","0",194," "," ","0",256," "," ","0",172," "," ","0",194," "," ","0",222," "," ","0",250," "," ","0",283," "," ","0",206," "," ","0",200," "," ","0"
"1348","USC00413787",1967,3,"PRCP",0," "," ","0",0," "," ","0",0," "," ","0",0," "," ","0",0,"T"," ","0",0,"T"," ","0",0," "," ","0",0," "," ","0",0," "," ","0",0," "," ","0",0," "," ","0",0," "," ","0",0," "," ","0",0," "," ","0",0," "," ","0",0," "," ","0",0," "," ","0",0," "," ","0",8," "," ","0",0," "," ","0",0,"T"," ","0",0," "," ","0",0," "," ","0",0," "," ","0",0," "," ","0",0," "," ","0",0," "," ","0",0," "," ","0",0," "," ","0",0," "," ","0",10," "," ","0"
"1349","USC00413787",1967,3,"SNOW",0," "," ","0",0," "," ","0",0," "," ","0",0," "," ","0",0," "," ","0",0,"T"," ","0",0," "," ","0",0," "," ","0",0," "," ","0",0," "," ","0",0," "," ","0",0," "," ","0",0," "," ","0",0," "," ","0",0," "," ","0",0," "," ","0",0," "," ","0",0," "," ","0",0," "," ","0",0," "," ","0",0," "," ","0",0," "," ","0",0," "," ","0",0," "," ","0",0," "," ","0",0," "," ","0",0," "," ","0",0," "," ","0",0," "," ","0",0," "," ","0",0," "," ","0"
"1350","USC00413787",1967,3,"SNWD",0," "," ","0",0," "," ","0",0," "," ","0",0," "," ","0",0," "," ","0",0," "," ","0",0," "," ","0",0," "," ","0",0," "," ","0",0," "," ","0",0," "," ","0",0," "," ","0",0," "," ","0",0," "," ","0",0," "," ","0",0," "," ","0",0," "," ","0",0," "," ","0",0," "," ","0",0," "," ","0",0," "," ","0",0," "," ","0",0," "," ","0",0," "," ","0",0," "," ","0",0," "," ","0",0," "," ","0",0," "," ","0",0," "," ","0",0," "," ","0",0," "," ","0"
"1351","USC00413787",1967,3,"WT03",NA," "," "," ",NA," "," "," ",NA," "," "," ",NA," "," "," ",NA," "," "," ",NA," "," "," ",NA," "," "," ",NA," "," "," ",NA," "," "," ",NA," "," "," ",NA," "," "," ",NA," "," "," ",NA," "," "," ",NA," "," "," ",NA," "," "," ",NA," "," "," ",NA," "," "," ",NA," "," "," ",1," "," ","0",NA," "," "," ",1," "," ","0",NA," "," "," ",NA," "," "," ",NA," "," "," ",NA," "," "," ",NA," "," "," ",NA," "," "," ",NA," "," "," ",NA," "," "," ",NA," "," "," ",NA," "," "," "
"1352","USC00413787",1967,4,"TMAX",250," "," ","0",311," "," ","0",194," "," ","0",328," "," ","0",300," "," ","0",278," "," ","0",267," "," ","0",272," "," ","0",261," "," ","0",233," "," ","0",194," "," ","0",267," "," ","0",183," "," ","0",244," "," ","0",267," "," ","0",283," "," ","0",267," "," ","0",211," "," ","0",183," "," ","0",256," "," ","0",239," "," ","0",239," "," ","0",211," "," ","0",194," "," ","0",267," "," ","0",244," "," ","0",233," "," ","0",256," "," ","0",322," "," ","0",300," "," ","0",NA," "," "," "
"1353","USC00413787",1967,4,"TMIN",111," "," ","0",133," "," ","0",72," "," ","0",44," "," ","0",128," "," ","0",106," "," ","0",117," "," ","0",128," "," ","0",100," "," ","0",61," "," ","0",100," "," ","0",117," "," ","0",11," "," ","0",44," "," ","0",83," "," ","0",78," "," ","0",39," "," ","0",28," "," ","0",89," "," ","0",89," "," ","0",44," "," ","0",39," "," ","0",67," "," ","0",6," "," ","0",72," "," ","0",22," "," ","0",28," "," ","0",83," "," ","0",150," "," ","0",128," "," ","0",NA," "," "," "
"1354","USC00413787",1967,4,"TOBS",217," "," ","0",194," "," ","0",128," "," ","0",300," "," ","0",250," "," ","0",250," "," ","0",200," "," ","0",261," "," ","0",178," "," ","0",194," "," ","0",139," "," ","0",183," "," ","0",128," "," ","0",228," "," ","0",250," "," ","0",267," "," ","0",167," "," ","0",161," "," ","0",161," "," ","0",239," "," ","0",83," "," ","0",211," "," ","0",117," "," ","0",167," "," ","0",239," "," ","0",194," "," ","0",183," "," ","0",217," "," ","0",300," "," ","0",183," "," ","0",NA," "," "," "
"1355","USC00413787",1967,4,"PRCP",0," "," ","0",0," "," ","0",0," "," ","0",0," "," ","0",0," "," ","0",0," "," ","0",23," "," ","0",155," "," ","0",0," "," ","0",0," "," ","0",142," "," ","0",0," "," ","0",196," "," ","0",0," "," ","0",0," "," ","0",0," "," ","0",0," "," ","0",0,"T"," ","0",0," "," ","0",0,"T"," ","0",0," "," ","0",0," "," ","0",0," "," ","0",0," "," ","0",0," "," ","0",0," "," ","0",0," "," ","0",0," "," ","0",0," "," ","0",0," "," ","0",NA," "," "," "
"1356","USC00413787",1967,4,"SNOW",0," "," ","0",0," "," ","0",0," "," ","0",0," "," ","0",0," "," ","0",0," "," ","0",0," "," ","0",0," "," ","0",0," "," ","0",0," "," ","0",0," "," ","0",0," "," ","0",0," "," ","0",0," "," ","0",0," "," ","0",0," "," ","0",0," "," ","0",0," "," ","0",0," "," ","0",0," "," ","0",0," "," ","0",0," "," ","0",0," "," ","0",0," "," ","0",0," "," ","0",0," "," ","0",0," "," ","0",0," "," ","0",0," "," ","0",0," "," ","0",NA," "," "," "
"1357","USC00413787",1967,4,"SNWD",0," "," ","0",0," "," ","0",0," "," ","0",0," "," ","0",0," "," ","0",0," "," ","0",0," "," ","0",0," "," ","0",0," "," ","0",0," "," ","0",0," "," ","0",0," "," ","0",0," "," ","0",0," "," ","0",0," "," ","0",0," "," ","0",0," "," ","0",0," "," ","0",0," "," ","0",0," "," ","0",0," "," ","0",0," "," ","0",0," "," ","0",0," "," ","0",0," "," ","0",0," "," ","0",0," "," ","0",0," "," ","0",0," "," ","0",0," "," ","0",NA," "," "," "
"1358","USC00413787",1967,4,"WT03",NA," "," "," ",NA," "," "," ",NA," "," "," ",NA," "," "," ",NA," "," "," ",NA," "," "," ",1," "," ","0",1," "," ","0",NA," "," "," ",NA," "," "," ",1," "," ","0",NA," "," "," ",1," "," ","0",NA," "," "," ",NA," "," "," ",NA," "," "," ",NA," "," "," ",NA," "," "," ",NA," "," "," ",NA," "," "," ",NA," "," "," ",NA," "," "," ",NA," "," "," ",NA," "," "," ",NA," "," "," ",NA," "," "," ",NA," "," "," ",NA," "," "," ",NA," "," "," ",NA," "," "," ",NA," "," "," "
"1359","USC00413787",1967,5,"TMAX",178," "," ","0",194," "," ","0",244," "," ","0",217," "," ","0",233," "," ","0",222," "," ","0",294," "," ","0",283," "," ","0",306," "," ","0",339," "," ","0",328," "," ","0",256," "," ","0",222," "," ","0",211," "," ","0",239," "," ","0",256," "," ","0",322," "," ","0",356," "," ","0",328," "," ","0",250," "," ","0",256," "," ","0",311," "," ","0",367," "," ","0",372," "," ","0",356," "," ","0",333," "," ","0",311," "," ","0",283," "," ","0",278," "," ","0",272," "," ","0",272," "," ","0"
"1360","USC00413787",1967,5,"TMIN",-6," "," ","0",-22," "," ","0",28," "," ","0",56," "," ","0",117," "," ","0",72," "," ","0",56," "," ","0",78," "," ","0",133," "," ","0",161," "," ","0",133," "," ","0",72," "," ","0",56," "," ","0",33," "," ","0",11," "," ","0",33," "," ","0",78," "," ","0",128," "," ","0",128," "," ","0",83," "," ","0",17," "," ","0",44," "," ","0",117," "," ","0",150," "," ","0",156," "," ","0",172," "," ","0",111," "," ","0",111," "," ","0",122," "," ","0",111," "," ","0",106," "," ","0"
"1361","USC00413787",1967,5,"TOBS",150," "," ","0",194," "," ","0",217," "," ","0",161," "," ","0",172," "," ","0",217," "," ","0",283," "," ","0",283," "," ","0",283," "," ","0",328," "," ","0",228," "," ","0",211," "," ","0",211," "," ","0",144," "," ","0",239," "," ","0",244," "," ","0",317," "," ","0",328," "," ","0",250," "," ","0",100," "," ","0",250," "," ","0",300," "," ","0",350," "," ","0",350," "," ","0",322," "," ","0",311," "," ","0",278," "," ","0",256," "," ","0",272," "," ","0",206," "," ","0",267," "," ","0"
"1362","USC00413787",1967,5,"PRCP",0," "," ","0",0," "," ","0",0," "," ","0",0,"T"," ","0",25," "," ","0",64," "," ","0",0," "," ","0",0," "," ","0",0," "," ","0",0," "," ","0",0," "," ","0",0,"T"," ","0",3," "," ","0",0," "," ","0",0," "," ","0",0," "," ","0",0," "," ","0",0," "," ","0",0," "," ","0",0," "," ","0",0," "," ","0",0," "," ","0",0," "," ","0",0," "," ","0",0," "," ","0",0,"T"," ","0",0," "," ","0",183," "," ","0",46," "," ","0",0," "," ","0",10," "," ","0"
"1363","USC00413787",1967,5,"SNOW",0," "," ","0",0," "," ","0",0," "," ","0",0," "," ","0",0," "," ","0",0," "," ","0",0," "," ","0",0," "," ","0",0," "," ","0",0," "," ","0",0," "," ","0",0," "," ","0",0," "," ","0",0," "," ","0",0," "," ","0",0," "," ","0",0," "," ","0",0," "," ","0",0," "," ","0",0," "," ","0",0," "," ","0",0," "," ","0",0," "," ","0",0," "," ","0",0," "," ","0",0," "," ","0",0," "," ","0",0," "," ","0",0," "," ","0",0," "," ","0",0," "," ","0"
"1364","USC00413787",1967,5,"SNWD",0," "," ","0",0," "," ","0",0," "," ","0",0," "," ","0",0," "," ","0",0," "," ","0",0," "," ","0",0," "," ","0",0," "," ","0",0," "," ","0",0," "," ","0",0," "," ","0",0," "," ","0",0," "," ","0",0," "," ","0",0," "," ","0",0," "," ","0",0," "," ","0",0," "," ","0",0," "," ","0",0," "," ","0",0," "," ","0",0," "," ","0",0," "," ","0",0," "," ","0",0," "," ","0",0," "," ","0",0," "," ","0",0," "," ","0",0," "," ","0",0," "," ","0"
"1365","USC00413787",1967,5,"WT03",NA," "," "," ",NA," "," "," ",NA," "," "," ",NA," "," "," ",1," "," ","0",1," "," ","0",NA," "," "," ",NA," "," "," ",NA," "," "," ",NA," "," "," ",NA," "," "," ",NA," "," "," ",NA," "," "," ",NA," "," "," ",NA," "," "," ",NA," "," "," ",NA," "," "," ",NA," "," "," ",NA," "," "," ",NA," "," "," ",NA," "," "," ",NA," "," "," ",NA," "," "," ",NA," "," "," ",NA," "," "," ",NA," "," "," ",NA," "," "," ",1," "," ","0",NA," "," "," ",NA," "," "," ",1," "," ","0"
"1366","USC00413787",1967,6,"TMAX",267," "," ","0",233," "," ","0",306," "," ","0",322," "," ","0",350," "," ","0",339," "," ","0",311," "," ","0",356," "," ","0",350," "," ","0",333," "," ","0",306," "," ","0",322," "," ","0",356," "," ","0",356," "," ","0",317," "," ","0",239," "," ","0",294," "," ","0",322," "," ","0",339," "," ","0",322," "," ","0",272," "," ","0",322," "," ","0",344," "," ","0",317," "," ","0",239," "," ","0",317," "," ","0",328," "," ","0",350," "," ","0",289," "," ","0",317," "," ","0",NA," "," "," "
"1367","USC00413787",1967,6,"TMIN",128," "," ","0",122," "," ","0",150," "," ","0",172," "," ","0",167," "," ","0",178," "," ","0",133," "," ","0",122," "," ","0",194," "," ","0",117," "," ","0",133," "," ","0",128," "," ","0",189," "," ","0",217," "," ","0",178," "," ","0",139," "," ","0",156," "," ","0",161," "," ","0",178," "," ","0",189," "," ","0",161," "," ","0",128," "," ","0",167," "," ","0",150," "," ","0",133," "," ","0",167," "," ","0",161," "," ","0",189," "," ","0",161," "," ","0",144," "," ","0",NA," "," "," "
"1368","USC00413787",1967,6,"TOBS",167," "," ","0",222," "," ","0",294," "," ","0",311," "," ","0",339," "," ","0",233," "," ","0",306," "," ","0",350," "," ","0",333," "," ","0",306," "," ","0",278," "," ","0",306," "," ","0",344," "," ","0",267," "," ","0",211," "," ","0",217," "," ","0",283," "," ","0",317," "," ","0",317," "," ","0",261," "," ","0",256," "," ","0",306," "," ","0",317," "," ","0",200," "," ","0",244," "," ","0",311," "," ","0",278," "," ","0",289," "," ","0",267," "," ","0",311," "," ","0",NA," "," "," "
"1369","USC00413787",1967,6,"PRCP",20," "," ","0",8," "," ","0",0," "," ","0",53," "," ","0",0," "," ","0",18," "," ","0",150," "," ","0",0," "," ","0",0," "," ","0",0," "," ","0",0," "," ","0",0," "," ","0",0," "," ","0",0,"T"," ","0",208," "," ","0",249," "," ","0",81," "," ","0",86," "," ","0",0," "," ","0",0,"T"," ","0",0," "," ","0",0," "," ","0",173," "," ","0",0," "," ","0",0,"T"," ","0",0," "," ","0",170," "," ","0",18," "," ","0",64," "," ","0",0," "," ","0",NA," "," "," "
"1370","USC00413787",1967,6,"SNOW",0," "," ","0",0," "," ","0",0," "," ","0",0," "," ","0",0," "," ","0",0," "," ","0",0," "," ","0",0," "," ","0",0," "," ","0",0," "," ","0",0," "," ","0",0," "," ","0",0," "," ","0",0," "," ","0",0," "," ","0",0," "," ","0",0," "," ","0",0," "," ","0",0," "," ","0",0," "," ","0",0," "," ","0",0," "," ","0",0," "," ","0",0," "," ","0",0," "," ","0",0," "," ","0",0," "," ","0",0," "," ","0",0," "," ","0",0," "," ","0",NA," "," "," "
"1371","USC00413787",1967,6,"SNWD",0," "," ","0",0," "," ","0",0," "," ","0",0," "," ","0",0," "," ","0",0," "," ","0",0," "," ","0",0," "," ","0",0," "," ","0",0," "," ","0",0," "," ","0",0," "," ","0",0," "," ","0",0," "," ","0",0," "," ","0",0," "," ","0",0," "," ","0",0," "," ","0",0," "," ","0",0," "," ","0",0," "," ","0",0," "," ","0",0," "," ","0",0," "," ","0",0," "," ","0",0," "," ","0",0," "," ","0",0," "," ","0",0," "," ","0",0," "," ","0",NA," "," "," "
"1372","USC00413787",1967,6,"WT03",1," "," ","0",1," "," ","0",NA," "," "," ",1," "," ","0",NA," "," "," ",1," "," ","0",1," "," ","0",NA," "," "," ",NA," "," "," ",NA," "," "," ",NA," "," "," ",NA," "," "," ",NA," "," "," ",1," "," ","0",1," "," ","0",1," "," ","0",1," "," ","0",1," "," ","0",NA," "," "," ",1," "," ","0",NA," "," "," ",NA," "," "," ",1," "," ","0",NA," "," "," ",NA," "," "," ",NA," "," "," ",1," "," ","0",1," "," ","0",1," "," ","0",NA," "," "," ",NA," "," "," "
"1373","USC00413787",1967,7,"TMAX",367," "," ","0",361," "," ","0",333," "," ","0",317," "," ","0",294," "," ","0",283," "," ","0",339," "," ","0",350," "," ","0",361," "," ","0",378," "," ","0",372," "," ","0",328," "," ","0",311," "," ","0",328," "," ","0",328," "," ","0",294," "," ","0",228," "," ","0",333," "," ","0",294," "," ","0",300," "," ","0",322," "," ","0",356," "," ","0",361," "," ","0",361," "," ","0",350," "," ","0",322," "," ","0",389," "," ","0",383," "," ","0",367," "," ","0",372," "," ","0",389," "," ","0"
"1374","USC00413787",1967,7,"TMIN",167," "," ","0",172," "," ","0",167," "," ","0",161," "," ","0",167," "," ","0",167," "," ","0",178," "," ","0",200," "," ","0",194," "," ","0",189," "," ","0",194," "," ","0",183," "," ","0",167," "," ","0",161," "," ","0",183," "," ","0",172," "," ","0",167," "," ","0",161," "," ","0",167," "," ","0",167," "," ","0",178," "," ","0",183," "," ","0",178," "," ","0",178," "," ","0",200," "," ","0",206," "," ","0",183," "," ","0",200," "," ","0",161," "," ","0",189," "," ","0",217," "," ","0"
"1375","USC00413787",1967,7,"TOBS",361," "," ","0",272," "," ","0",306," "," ","0",267," "," ","0",261," "," ","0",278," "," ","0",333," "," ","0",322," "," ","0",356," "," ","0",372," "," ","0",328," "," ","0",239," "," ","0",306," "," ","0",322," "," ","0",294," "," ","0",200," "," ","0",222," "," ","0",294," "," ","0",244," "," ","0",272," "," ","0",311," "," ","0",344," "," ","0",350," "," ","0",350," "," ","0",317," "," ","0",317," "," ","0",383," "," ","0",311," "," ","0",361," "," ","0",361," "," ","0",233," "," ","0"
"1376","USC00413787",1967,7,"PRCP",0," "," ","0",0,"T"," ","0",0," "," ","0",196," "," ","0",0," "," ","0",5," "," ","0",0," "," ","0",0," "," ","0",25," "," ","0",0," "," ","0",38," "," ","0",157," "," ","0",0," "," ","0",0," "," ","0",0," "," ","0",178," "," ","0",0,"T"," ","0",36," "," ","0",91," "," ","0",0," "," ","0",0," "," ","0",0," "," ","0",0," "," ","0",0," "," ","0",25," "," ","0",0," "," ","0",0," "," ","0",0," "," ","0",0," "," ","0",0," "," ","0",198," "," ","0"
"1377","USC00413787",1967,7,"SNOW",0," "," ","0",0," "," ","0",0," "," ","0",0," "," ","0",0," "," ","0",0," "," ","0",0," "," ","0",0," "," ","0",0," "," ","0",0," "," ","0",0," "," ","0",0," "," ","0",0," "," ","0",0," "," ","0",0," "," ","0",0," "," ","0",0," "," ","0",0," "," ","0",0," "," ","0",0," "," ","0",0," "," ","0",0," "," ","0",0," "," ","0",0," "," ","0",0," "," ","0",0," "," ","0",0," "," ","0",0," "," ","0",0," "," ","0",0," "," ","0",0," "," ","0"
"1378","USC00413787",1967,7,"SNWD",0," "," ","0",0," "," ","0",0," "," ","0",0," "," ","0",0," "," ","0",0," "," ","0",0," "," ","0",0," "," ","0",0," "," ","0",0," "," ","0",0," "," ","0",0," "," ","0",0," "," ","0",0," "," ","0",0," "," ","0",0," "," ","0",0," "," ","0",0," "," ","0",0," "," ","0",0," "," ","0",0," "," ","0",0," "," ","0",0," "," ","0",0," "," ","0",0," "," ","0",0," "," ","0",0," "," ","0",0," "," ","0",0," "," ","0",0," "," ","0",0," "," ","0"
"1379","USC00413787",1967,7,"WT03",NA," "," "," ",1," "," ","0",NA," "," "," ",1," "," ","0",NA," "," "," ",NA," "," "," ",NA," "," "," ",NA," "," "," ",1," "," ","0",NA," "," "," ",1," "," ","0",1," "," ","0",NA," "," "," ",NA," "," "," ",NA," "," "," ",1," "," ","0",NA," "," "," ",NA," "," "," ",1," "," ","0",NA," "," "," ",NA," "," "," ",NA," "," "," ",NA," "," "," ",NA," "," "," ",1," "," ","0",NA," "," "," ",NA," "," "," ",NA," "," "," ",NA," "," "," ",NA," "," "," ",1," "," ","0"
"1380","USC00413787",1967,8,"TMAX",350," "," ","0",361," "," ","0",350," "," ","0",306," "," ","0",328," "," ","0",361," "," ","0",356," "," ","0",361," "," ","0",356," "," ","0",244," "," ","0",267," "," ","0",278," "," ","0",322," "," ","0",328," "," ","0",322," "," ","0",306," "," ","0",322," "," ","0",328," "," ","0",322," "," ","0",328," "," ","0",333," "," ","0",350," "," ","0",317," "," ","0",333," "," ","0",350," "," ","0",339," "," ","0",306," "," ","0",356," "," ","0",361," "," ","0",317," "," ","0",228," "," ","0"
"1381","USC00413787",1967,8,"TMIN",189," "," ","0",178," "," ","0",211," "," ","0",178," "," ","0",178," "," ","0",189," "," ","0",194," "," ","0",217," "," ","0",172," "," ","0",139," "," ","0",156," "," ","0",144," "," ","0",139," "," ","0",139," "," ","0",139," "," ","0",133," "," ","0",144," "," ","0",133," "," ","0",139," "," ","0",144," "," ","0",128," "," ","0",161," "," ","0",172," "," ","0",128," "," ","0",167," "," ","0",156," "," ","0",139," "," ","0",161," "," ","0",167," "," ","0",144," "," ","0",117," "," ","0"
"1382","USC00413787",1967,8,"TOBS",344," "," ","0",350," "," ","0",294," "," ","0",272," "," ","0",294," "," ","0",344," "," ","0",306," "," ","0",356," "," ","0",228," "," ","0",211," "," ","0",250," "," ","0",267," "," ","0",317," "," ","0",322," "," ","0",267," "," ","0",278," "," ","0",306," "," ","0",317," "," ","0",300," "," ","0",289," "," ","0",328," "," ","0",289," "," ","0",272," "," ","0",328," "," ","0",339," "," ","0",256," "," ","0",300," "," ","0",344," "," ","0",317," "," ","0",144," "," ","0",211," "," ","0"
"1383","USC00413787",1967,8,"PRCP",124," "," ","0",81," "," ","0",0," "," ","0",351," "," ","0",0," "," ","0",0," "," ","0",0," "," ","0",142," "," ","0",0," "," ","0",0," "," ","0",0," "," ","0",0," "," ","0",0," "," ","0",64," "," ","0",0," "," ","0",0," "," ","0",0," "," ","0",0,"T"," ","0",0," "," ","0",0," "," ","0",0," "," ","0",0," "," ","0",0," "," ","0",0," "," ","0",0," "," ","0",0," "," ","0",0," "," ","0",0," "," ","0",0," "," ","0",130," "," ","0",8," "," ","0"
"1384","USC00413787",1967,8,"SNOW",0," "," ","0",0," "," ","0",0," "," ","0",0," "," ","0",0," "," ","0",0," "," ","0",0," "," ","0",0," "," ","0",0," "," ","0",0," "," ","0",0," "," ","0",0," "," ","0",0," "," ","0",0," "," ","0",0," "," ","0",0," "," ","0",0," "," ","0",0," "," ","0",0," "," ","0",0," "," ","0",0," "," ","0",0," "," ","0",0," "," ","0",0," "," ","0",0," "," ","0",0," "," ","0",0," "," ","0",0," "," ","0",0," "," ","0",0," "," ","0",0," "," ","0"
"1385","USC00413787",1967,8,"SNWD",0," "," ","0",0," "," ","0",0," "," ","0",0," "," ","0",0," "," ","0",0," "," ","0",0," "," ","0",0," "," ","0",0," "," ","0",0," "," ","0",0," "," ","0",0," "," ","0",0," "," ","0",0," "," ","0",0," "," ","0",0," "," ","0",0," "," ","0",0," "," ","0",0," "," ","0",0," "," ","0",0," "," ","0",0," "," ","0",0," "," ","0",0," "," ","0",0," "," ","0",0," "," ","0",0," "," ","0",0," "," ","0",0," "," ","0",0," "," ","0",0," "," ","0"
"1386","USC00413787",1967,8,"WT03",1," "," ","0",1," "," ","0",NA," "," "," ",1," "," ","0",NA," "," "," ",NA," "," "," ",NA," "," "," ",1," "," ","0",NA," "," "," ",NA," "," "," ",NA," "," "," ",NA," "," "," ",NA," "," "," ",1," "," ","0",NA," "," "," ",NA," "," "," ",NA," "," "," ",1," "," ","0",NA," "," "," ",NA," "," "," ",NA," "," "," ",NA," "," "," ",1," "," ","0",NA," "," "," ",NA," "," "," ",NA," "," "," ",NA," "," "," ",NA," "," "," ",NA," "," "," ",1," "," ","0",NA," "," "," "
"1387","USC00413787",1967,9,"TMAX",267," "," ","0",317," "," ","0",339," "," ","0",278," "," ","0",206," "," ","0",222," "," ","0",261," "," ","0",306," "," ","0",311," "," ","0",311," "," ","0",344," "," ","0",367," "," ","0",367," "," ","0",289," "," ","0",294," "," ","0",306," "," ","0",311," "," ","0",344," "," ","0",333," "," ","0",311," "," ","0",289," "," ","0",300," "," ","0",283," "," ","0",294," "," ","0",294," "," ","0",256," "," ","0",194," "," ","0",283," "," ","0",350," "," ","0",361," "," ","0",NA," "," "," "
"1388","USC00413787",1967,9,"TMIN",139," "," ","0",150," "," ","0",167," "," ","0",128," "," ","0",133," "," ","0",139," "," ","0",106," "," ","0",106," "," ","0",106," "," ","0",156," "," ","0",156," "," ","0",172," "," ","0",117," "," ","0",128," "," ","0",89," "," ","0",72," "," ","0",139," "," ","0",144," "," ","0",156," "," ","0",167," "," ","0",144," "," ","0",83," "," ","0",133," "," ","0",67," "," ","0",128," "," ","0",139," "," ","0",67," "," ","0",6," "," ","0",56," "," ","0",78," "," ","0",NA," "," "," "
"1389","USC00413787",1967,9,"TOBS",250," "," ","0",311," "," ","0",278," "," ","0",178," "," ","0",178," "," ","0",189," "," ","0",228," "," ","0",239," "," ","0",300," "," ","0",261," "," ","0",333," "," ","0",367," "," ","0",256," "," ","0",167," "," ","0",189," "," ","0",289," "," ","0",267," "," ","0",333," "," ","0",278," "," ","0",256," "," ","0",272," "," ","0",283," "," ","0",250," "," ","0",294," "," ","0",256," "," ","0",161," "," ","0",128," "," ","0",256," "," ","0",317," "," ","0",228," "," ","0",NA," "," "," "
"1390","USC00413787",1967,9,"PRCP",0," "," ","0",0," "," ","0",0," "," ","0",0," "," ","0",48," "," ","0",66," "," ","0",0," "," ","0",0," "," ","0",0," "," ","0",0," "," ","0",0," "," ","0",0," "," ","0",0," "," ","0",0,"T"," ","0",0," "," ","0",0," "," ","0",0," "," ","0",0," "," ","0",0," "," ","0",15," "," ","0",0," "," ","0",0," "," ","0",0," "," ","0",0," "," ","0",0," "," ","0",0,"T"," ","0",0," "," ","0",0," "," ","0",0," "," ","0",0," "," ","0",NA," "," "," "
"1391","USC00413787",1967,9,"SNOW",0," "," ","0",0," "," ","0",0," "," ","0",0," "," ","0",0," "," ","0",0," "," ","0",0," "," ","0",0," "," ","0",0," "," ","0",0," "," ","0",0," "," ","0",0," "," ","0",0," "," ","0",0," "," ","0",0," "," ","0",0," "," ","0",0," "," ","0",0," "," ","0",0," "," ","0",0," "," ","0",0," "," ","0",0," "," ","0",0," "," ","0",0," "," ","0",0," "," ","0",0," "," ","0",0," "," ","0",0," "," ","0",0," "," ","0",0," "," ","0",NA," "," "," "
"1392","USC00413787",1967,9,"SNWD",0," "," ","0",0," "," ","0",0," "," ","0",0," "," ","0",0," "," ","0",0," "," ","0",0," "," ","0",0," "," ","0",0," "," ","0",0," "," ","0",0," "," ","0",0," "," ","0",0," "," ","0",0," "," ","0",0," "," ","0",0," "," ","0",0," "," ","0",0," "," ","0",0," "," ","0",0," "," ","0",0," "," ","0",0," "," ","0",0," "," ","0",0," "," ","0",0," "," ","0",0," "," ","0",0," "," ","0",0," "," ","0",0," "," ","0",0," "," ","0",NA," "," "," "
"1393","USC00413787",1967,10,"TMAX",350," "," ","0",350," "," ","0",361," "," ","0",339," "," ","0",294," "," ","0",333," "," ","0",267," "," ","0",267," "," ","0",300," "," ","0",267," "," ","0",261," "," ","0",328," "," ","0",311," "," ","0",322," "," ","0",294," "," ","0",211," "," ","0",272," "," ","0",289," "," ","0",306," "," ","0",294," "," ","0",283," "," ","0",294," "," ","0",289," "," ","0",278," "," ","0",267," "," ","0",228," "," ","0",239," "," ","0",261," "," ","0",233," "," ","0",128," "," ","0",128," "," ","0"
"1394","USC00413787",1967,10,"TMIN",139," "," ","0",150," "," ","0",133," "," ","0",156," "," ","0",117," "," ","0",128," "," ","0",72," "," ","0",39," "," ","0",44," "," ","0",33," "," ","0",39," "," ","0",94," "," ","0",89," "," ","0",67," "," ","0",94," "," ","0",0," "," ","0",11," "," ","0",6," "," ","0",28," "," ","0",44," "," ","0",0," "," ","0",94," "," ","0",44," "," ","0",44," "," ","0",-17," "," ","0",-22," "," ","0",-28," "," ","0",17," "," ","0",33," "," ","0",6," "," ","0",11," "," ","0"
"1395","USC00413787",1967,10,"TOBS",267," "," ","0",333," "," ","0",339," "," ","0",283," "," ","0",278," "," ","0",267," "," ","0",167," "," ","0",256," "," ","0",267," "," ","0",133," "," ","0",250," "," ","0",311," "," ","0",244," "," ","0",294," "," ","0",144," "," ","0",206," "," ","0",239," "," ","0",272," "," ","0",294," "," ","0",194," "," ","0",261," "," ","0",272," "," ","0",278," "," ","0",161," "," ","0",228," "," ","0",139," "," ","0",167," "," ","0",233," "," ","0",44," "," ","0",78," "," ","0",72," "," ","0"
"1396","USC00413787",1967,10,"PRCP",0," "," ","0",0," "," ","0",0," "," ","0",0," "," ","0",0," "," ","0",0,"T"," ","0",66," "," ","0",0," "," ","0",0," "," ","0",0," "," ","0",0," "," ","0",0," "," ","0",0," "," ","0",0," "," ","0",0," "," ","0",0," "," ","0",0," "," ","0",0," "," ","0",0," "," ","0",0," "," ","0",0," "," ","0",0," "," ","0",0," "," ","0",0," "," ","0",0," "," ","0",0," "," ","0",0," "," ","0",0," "," ","0",8," "," ","0",0," "," ","0",0," "," ","0"
"1397","USC00413787",1967,10,"SNOW",0," "," ","0",0," "," ","0",0," "," ","0",0," "," ","0",0," "," ","0",0," "," ","0",0," "," ","0",0," "," ","0",0," "," ","0",0," "," ","0",0," "," ","0",0," "," ","0",0," "," ","0",0," "," ","0",0," "," ","0",0," "," ","0",0," "," ","0",0," "," ","0",0," "," ","0",0," "," ","0",0," "," ","0",0," "," ","0",0," "," ","0",0," "," ","0",0," "," ","0",0," "," ","0",0," "," ","0",0," "," ","0",0," "," ","0",0," "," ","0",0," "," ","0"
"1398","USC00413787",1967,10,"SNWD",0," "," ","0",0," "," ","0",0," "," ","0",0," "," ","0",0," "," ","0",0," "," ","0",0," "," ","0",0," "," ","0",0," "," ","0",0," "," ","0",0," "," ","0",0," "," ","0",0," "," ","0",0," "," ","0",0," "," ","0",0," "," ","0",0," "," ","0",0," "," ","0",0," "," ","0",0," "," ","0",0," "," ","0",0," "," ","0",0," "," ","0",0," "," ","0",0," "," ","0",0," "," ","0",0," "," ","0",0," "," ","0",0," "," ","0",0," "," ","0",0," "," ","0"
"1399","USC00413787",1967,10,"WT03",NA," "," "," ",NA," "," "," ",NA," "," "," ",NA," "," "," ",NA," "," "," ",1," "," ","0",1," "," ","0",NA," "," "," ",NA," "," "," ",NA," "," "," ",NA," "," "," ",NA," "," "," ",NA," "," "," ",NA," "," "," ",NA," "," "," ",NA," "," "," ",NA," "," "," ",NA," "," "," ",NA," "," "," ",NA," "," "," ",NA," "," "," ",NA," "," "," ",NA," "," "," ",NA," "," "," ",NA," "," "," ",NA," "," "," ",NA," "," "," ",NA," "," "," ",NA," "," "," ",NA," "," "," ",NA," "," "," "
"1400","USC00413787",1967,11,"TMAX",228," "," ","0",183," "," ","0",61," "," ","0",67," "," ","0",39," "," ","0",161," "," ","0",183," "," ","0",172," "," ","0",189," "," ","0",211," "," ","0",239," "," ","0",256," "," ","0",239," "," ","0",228," "," ","0",244," "," ","0",261," "," ","0",178," "," ","0",172," "," ","0",217," "," ","0",194," "," ","0",167," "," ","0",100," "," ","0",178," "," ","0",161," "," ","0",222," "," ","0",139," "," ","0",89," "," ","0",33," "," ","0",133," "," ","0",172," "," ","0",NA," "," "," "
"1401","USC00413787",1967,11,"TMIN",-22," "," ","0",-6," "," ","0",-78," "," ","0",-50," "," ","0",-33," "," ","0",-72," "," ","0",-61," "," ","0",0," "," ","0",-6," "," ","0",-17," "," ","0",-17," "," ","0",0," "," ","0",28," "," ","0",-17," "," ","0",0," "," ","0",-6," "," ","0",39," "," ","0",0," "," ","0",33," "," ","0",0," "," ","0",-6," "," ","0",-33," "," ","0",-67," "," ","0",-28," "," ","0",-22," "," ","0",-50," "," ","0",-72," "," ","0",-28," "," ","0",11," "," ","0",-67," "," ","0",NA," "," "," "
"1402","USC00413787",1967,11,"TOBS",183," "," ","0",-6," "," ","0",11," "," ","0",6," "," ","0",11," "," ","0",78," "," ","0",122," "," ","0",111," "," ","0",133," "," ","0",150," "," ","0",183," "," ","0",111," "," ","0",128," "," ","0",150," "," ","0",183," "," ","0",172," "," ","0",106," "," ","0",111," "," ","0",172," "," ","0",111," "," ","0",100," "," ","0",39," "," ","0",111," "," ","0",94," "," ","0",111," "," ","0",56," "," ","0",33," "," ","0",28," "," ","0",50," "," ","0",111," "," ","0",NA," "," "," "
"1403","USC00413787",1967,11,"PRCP",0," "," ","0",5," "," ","0",8," "," ","0",0," "," ","0",0," "," ","0",0," "," ","0",0," "," ","0",0," "," ","0",0," "," ","0",0," "," ","0",0," "," ","0",0," "," ","0",0," "," ","0",0," "," ","0",0," "," ","0",0," "," ","0",0," "," ","0",0," "," ","0",0," "," ","0",0," "," ","0",0," "," ","0",0," "," ","0",0," "," ","0",0," "," ","0",0," "," ","0",0," "," ","0",0," "," ","0",15," "," ","0",0,"T"," ","0",0," "," ","0",NA," "," "," "
"1404","USC00413787",1967,11,"SNOW",0," "," ","0",0,"T"," ","0",13," "," ","0",0," "," ","0",0," "," ","0",0," "," ","0",0," "," ","0",0," "," ","0",0," "," ","0",0," "," ","0",0," "," ","0",0," "," ","0",0," "," ","0",0," "," ","0",0," "," ","0",0," "," ","0",0," "," ","0",0," "," ","0",0," "," ","0",0," "," ","0",0," "," ","0",0," "," ","0",0," "," ","0",0," "," ","0",0," "," ","0",0," "," ","0",0," "," ","0",20," "," ","0",0," "," ","0",0," "," ","0",NA," "," "," "
"1405","USC00413787",1967,11,"SNWD",0," "," ","0",0,"T"," ","0",0," "," ","0",0," "," ","0",0," "," ","0",0," "," ","0",0," "," ","0",0," "," ","0",0," "," ","0",0," "," ","0",0," "," ","0",0," "," ","0",0," "," ","0",0," "," ","0",0," "," ","0",0," "," ","0",0," "," ","0",0," "," ","0",0," "," ","0",0," "," ","0",0," "," ","0",0," "," ","0",0," "," ","0",0," "," ","0",0," "," ","0",0," "," ","0",0," "," ","0",0," "," ","0",0," "," ","0",0," "," ","0",NA," "," "," "
"1406","USC00413787",1967,12,"TMAX",211," "," ","0",128," "," ","0",144," "," ","0",183," "," ","0",200," "," ","0",183," "," ","0",106," "," ","0",156," "," ","0",44," "," ","0",72," "," ","0",172," "," ","0",89," "," ","0",-28," "," ","0",-50," "," ","0",-56," "," ","0",-11," "," ","0",72," "," ","0",89," "," ","0",156," "," ","0",156," "," ","0",89," "," ","0",83," "," ","0",161," "," ","0",183," "," ","0",106," "," ","0",89," "," ","0",39," "," ","0",94," "," ","0",39," "," ","0",78," "," ","0",-6," "," ","0"
"1407","USC00413787",1967,12,"TMIN",-11," "," ","0",-39," "," ","0",-94," "," ","0",44," "," ","0",-56," "," ","0",-22," "," ","0",-100," "," ","0",-33," "," ","0",-39," "," ","0",-117," "," ","0",-44," "," ","0",-33," "," ","0",-61," "," ","0",-72," "," ","0",-83," "," ","0",-72," "," ","0",-44," "," ","0",-106," "," ","0",0," "," ","0",17," "," ","0",-100," "," ","0",-144," "," ","0",-72," "," ","0",-39," "," ","0",-67," "," ","0",-78," "," ","0",-67," "," ","0",-111," "," ","0",-78," "," ","0",-39," "," ","0",-122," "," ","0"
"1408","USC00413787",1967,12,"TOBS",128," "," ","0",39," "," ","0",100," "," ","0",128," "," ","0",100," "," ","0",67," "," ","0",61," "," ","0",44," "," ","0",0," "," ","0",56," "," ","0",89," "," ","0",-28," "," ","0",-50," "," ","0",-67," "," ","0",-67," "," ","0",-17," "," ","0",44," "," ","0",39," "," ","0",56," "," ","0",89," "," ","0",-28," "," ","0",22," "," ","0",89," "," ","0",106," "," ","0",-61," "," ","0",39," "," ","0",-33," "," ","0",39," "," ","0",17," "," ","0",-6," "," ","0",-56," "," ","0"
"1409","USC00413787",1967,12,"PRCP",0," "," ","0",0," "," ","0",0," "," ","0",0,"T"," ","0",0," "," ","0",0," "," ","0",0," "," ","0",0," "," ","0",0,"T"," ","0",0," "," ","0",0," "," ","0",0,"T"," ","0",0,"T"," ","0",0,"T"," ","0",36," "," ","0",0,"T"," ","0",0,"T"," ","0",0,"T"," ","0",0," "," ","0",0," "," ","0",0," "," ","0",0," "," ","0",0," "," ","0",0," "," ","0",0," "," ","0",0," "," ","0",10," "," ","0",0," "," ","0",0," "," ","0",0," "," ","0",0," "," ","0"
"1410","USC00413787",1967,12,"SNOW",0," "," ","0",0," "," ","0",0," "," ","0",0," "," ","0",0," "," ","0",0," "," ","0",0," "," ","0",0," "," ","0",0," "," ","0",0," "," ","0",0," "," ","0",0," "," ","0",0," "," ","0",0," "," ","0",0,"T"," ","0",0," "," ","0",0," "," ","0",0," "," ","0",0," "," ","0",0," "," ","0",0," "," ","0",0," "," ","0",0," "," ","0",0," "," ","0",0," "," ","0",0," "," ","0",13," "," ","0",0," "," ","0",0," "," ","0",0," "," ","0",0," "," ","0"
"1411","USC00413787",1967,12,"SNWD",0," "," ","0",0," "," ","0",0," "," ","0",0," "," ","0",0," "," ","0",0," "," ","0",0," "," ","0",0," "," ","0",0," "," ","0",0," "," ","0",0," "," ","0",0," "," ","0",0," "," ","0",0," "," ","0",0," "," ","0",0," "," ","0",0," "," ","0",0," "," ","0",0," "," ","0",0," "," ","0",0," "," ","0",0," "," ","0",0," "," ","0",0," "," ","0",0," "," ","0",0," "," ","0",0,"T"," ","0",0," "," ","0",0," "," ","0",0," "," ","0",0," "," ","0"
"1412","USC00413787",1967,12,"WT04",NA," "," "," ",NA," "," "," ",NA," "," "," ",NA," "," "," ",NA," "," "," ",NA," "," "," ",NA," "," "," ",NA," "," "," ",NA," "," "," ",NA," "," "," ",NA," "," "," ",NA," "," "," ",NA," "," "," ",NA," "," "," ",1," "," ","0",NA," "," "," ",NA," "," "," ",NA," "," "," ",NA," "," "," ",NA," "," "," ",NA," "," "," ",NA," "," "," ",NA," "," "," ",NA," "," "," ",NA," "," "," ",NA," "," "," ",NA," "," "," ",NA," "," "," ",NA," "," "," ",NA," "," "," ",NA," "," "," "
"1413","USC00413787",1967,12,"WT06",NA," "," "," ",NA," "," "," ",NA," "," "," ",NA," "," "," ",NA," "," "," ",NA," "," "," ",NA," "," "," ",NA," "," "," ",NA," "," "," ",NA," "," "," ",NA," "," "," ",1," "," ","0",1," "," ","0",NA," "," "," ",NA," "," "," ",1," "," ","0",NA," "," "," ",NA," "," "," ",NA," "," "," ",NA," "," "," ",NA," "," "," ",NA," "," "," ",NA," "," "," ",NA," "," "," ",NA," "," "," ",NA," "," "," ",NA," "," "," ",NA," "," "," ",NA," "," "," ",NA," "," "," ",NA," "," "," "
"1414","USC00413787",1968,1,"TMAX",100," "," ","0",44," "," ","0",106," "," ","0",61," "," ","0",111," "," ","0",50," "," ","0",17," "," ","0",89," "," ","0",67," "," ","0",56," "," ","0",94," "," ","0",50," "," ","0",67," "," ","0",172," "," ","0",117," "," ","0",167," "," ","0",133," "," ","0",89," "," ","0",100," "," ","0",167," "," ","0",122," "," ","0",72," "," ","0",117," "," ","0",206," "," ","0",222," "," ","0",156," "," ","0",194," "," ","0",206," "," ","0",172," "," ","0",183," "," ","0",189," "," ","0"
"1415","USC00413787",1968,1,"TMIN",-94," "," ","0",-122," "," ","0",-144," "," ","0",-139," "," ","0",-67," "," ","0",-150," "," ","0",-194," "," ","0",-56," "," ","0",-94," "," ","0",-106," "," ","0",-50," "," ","0",-83," "," ","0",-139," "," ","0",-100," "," ","0",-72," "," ","0",-50," "," ","0",-39," "," ","0",-22," "," ","0",-39," "," ","0",-11," "," ","0",11," "," ","0",33," "," ","0",-44," "," ","0",0," "," ","0",0," "," ","0",11," "," ","0",-33," "," ","0",28," "," ","0",17," "," ","0",-33," "," ","0",33," "," ","0"
"1416","USC00413787",1968,1,"TOBS",44," "," ","0",-111," "," ","0",-17," "," ","0",-22," "," ","0",50," "," ","0",-122," "," ","0",-22," "," ","0",44," "," ","0",22," "," ","0",28," "," ","0",22," "," ","0",11," "," ","0",6," "," ","0",117," "," ","0",44," "," ","0",106," "," ","0",72," "," ","0",28," "," ","0",89," "," ","0",122," "," ","0",67," "," ","0",61," "," ","0",78," "," ","0",78," "," ","0",156," "," ","0",33," "," ","0",167," "," ","0",172," "," ","0",33," "," ","0",150," "," ","0",161," "," ","0"
"1417","USC00413787",1968,1,"PRCP",0," "," ","0",0,"T"," ","0",0,"T"," ","0",0," "," ","0",0," "," ","0",0,"T"," ","0",0," "," ","0",0," "," ","0",0," "," ","0",0," "," ","0",0," "," ","0",0," "," ","0",0," "," ","0",0," "," ","0",0," "," ","0",0," "," ","0",0," "," ","0",0," "," ","0",0," "," ","0",0," "," ","0",46," "," ","0",170," "," ","0",0," "," ","0",0," "," ","0",0," "," ","0",0," "," ","0",0," "," ","0",0," "," ","0",0,"T"," ","0",0," "," ","0",0," "," ","0"
"1418","USC00413787",1968,1,"SNOW",0," "," ","0",0," "," ","0",0," "," ","0",0," "," ","0",0," "," ","0",0," "," ","0",0," "," ","0",0," "," ","0",0," "," ","0",0," "," ","0",0," "," ","0",0," "," ","0",0," "," ","0",0," "," ","0",0," "," ","0",0," "," ","0",0," "," ","0",0," "," ","0",0," "," ","0",0," "," ","0",0," "," ","0",0," "," ","0",0," "," ","0",0," "," ","0",0," "," ","0",0," "," ","0",0," "," ","0",0," "," ","0",0," "," ","0",0," "," ","0",0," "," ","0"
"1419","USC00413787",1968,1,"SNWD",0," "," ","0",0," "," ","0",0," "," ","0",0," "," ","0",0," "," ","0",0," "," ","0",0," "," ","0",0," "," ","0",0," "," ","0",0," "," ","0",0," "," ","0",0," "," ","0",0," "," ","0",0," "," ","0",0," "," ","0",0," "," ","0",0," "," ","0",0," "," ","0",0," "," ","0",0," "," ","0",0," "," ","0",0," "," ","0",0," "," ","0",0," "," ","0",0," "," ","0",0," "," ","0",0," "," ","0",0," "," ","0",0," "," ","0",0," "," ","0",0," "," ","0"
"1420","USC00413787",1968,2,"TMAX",156," "," ","0",172," "," ","0",183," "," ","0",133," "," ","0",156," "," ","0",122," "," ","0",167," "," ","0",139," "," ","0",144," "," ","0",161," "," ","0",156," "," ","0",72," "," ","0",-28," "," ","0",0," "," ","0",67," "," ","0",111," "," ","0",78," "," ","0",17," "," ","0",194," "," ","0",222," "," ","0",172," "," ","0",-33," "," ","0",139," "," ","0",211," "," ","0",200," "," ","0",183," "," ","0",156," "," ","0",100," "," ","0",156," "," ","0",NA," "," "," ",NA," "," "," "
"1421","USC00413787",1968,2,"TMIN",11," "," ","0",-78," "," ","0",-33," "," ","0",-11," "," ","0",-56," "," ","0",-44," "," ","0",-106," "," ","0",-78," "," ","0",-61," "," ","0",-39," "," ","0",-106," "," ","0",-78," "," ","0",-94," "," ","0",-89," "," ","0",-94," "," ","0",-78," "," ","0",-72," "," ","0",-44," "," ","0",-28," "," ","0",0," "," ","0",-100," "," ","0",-89," "," ","0",-94," "," ","0",-22," "," ","0",-6," "," ","0",-22," "," ","0",-39," "," ","0",0," "," ","0",-117," "," ","0",NA," "," "," ",NA," "," "," "
"1422","USC00413787",1968,2,"TOBS",72," "," ","0",100," "," ","0",122," "," ","0",117," "," ","0",122," "," ","0",78," "," ","0",122," "," ","0",111," "," ","0",100," "," ","0",122," "," ","0",72," "," ","0",-67," "," ","0",-61," "," ","0",-17," "," ","0",33," "," ","0",78," "," ","0",-17," "," ","0",17," "," ","0",150," "," ","0",172," "," ","0",-33," "," ","0",-56," "," ","0",61," "," ","0",200," "," ","0",156," "," ","0",156," "," ","0",72," "," ","0",78," "," ","0",144," "," ","0",NA," "," "," ",NA," "," "," "
"1423","USC00413787",1968,2,"PRCP",0," "," ","0",0," "," ","0",0," "," ","0",0," "," ","0",0," "," ","0",0," "," ","0",0," "," ","0",0," "," ","0",0," "," ","0",0," "," ","0",0," "," ","0",0,"T"," ","0",56," "," ","0",15," "," ","0",0," "," ","0",0," "," ","0",0," "," ","0",0,"T"," ","0",0," "," ","0",0," "," ","0",56," "," ","0",0,"T"," ","0",0," "," ","0",0," "," ","0",0," "," ","0",0," "," ","0",0," "," ","0",0," "," ","0",0," "," ","0",NA," "," "," ",NA," "," "," "
"1424","USC00413787",1968,2,"SNOW",0," "," ","0",0," "," ","0",0," "," ","0",0," "," ","0",0," "," ","0",0," "," ","0",0," "," ","0",0," "," ","0",0," "," ","0",0," "," ","0",0," "," ","0",0," "," ","0",76," "," ","0",25," "," ","0",0," "," ","0",0," "," ","0",0," "," ","0",0," "," ","0",0," "," ","0",0," "," ","0",51," "," ","0",0," "," ","0",0," "," ","0",0," "," ","0",0," "," ","0",0," "," ","0",0," "," ","0",0," "," ","0",0," "," ","0",NA," "," "," ",NA," "," "," "
"1425","USC00413787",1968,2,"SNWD",0," "," ","0",0," "," ","0",0," "," ","0",0," "," ","0",0," "," ","0",0," "," ","0",0," "," ","0",0," "," ","0",0," "," ","0",0," "," ","0",0," "," ","0",0," "," ","0",76," "," ","0",51," "," ","0",0,"T"," ","0",0," "," ","0",0," "," ","0",0," "," ","0",0," "," ","0",0," "," ","0",0,"T"," ","0",0," "," ","0",0," "," ","0",0," "," ","0",0," "," ","0",0," "," ","0",0," "," ","0",0," "," ","0",0," "," ","0",NA," "," "," ",NA," "," "," "
"1426","USC00413787",1968,3,"TMAX",228," "," ","0",150," "," ","0",106," "," ","0",200," "," ","0",194," "," ","0",172," "," ","0",206," "," ","0",239," "," ","0",211," "," ","0",133," "," ","0",6," "," ","0",78," "," ","0",183," "," ","0",222," "," ","0",200," "," ","0",206," "," ","0",206," "," ","0",189," "," ","0",161," "," ","0",133," "," ","0",94," "," ","0",83," "," ","0",217," "," ","0",256," "," ","0",283," "," ","0",289," "," ","0",267," "," ","0",283," "," ","0",328," "," ","0",306," "," ","0",239," "," ","0"
"1427","USC00413787",1968,3,"TMIN",0," "," ","0",-22," "," ","0",-89," "," ","0",-61," "," ","0",0," "," ","0",-6," "," ","0",67," "," ","0",17," "," ","0",11," "," ","0",-6," "," ","0",-44," "," ","0",-89," "," ","0",-28," "," ","0",33," "," ","0",6," "," ","0",-22," "," ","0",39," "," ","0",78," "," ","0",6," "," ","0",-17," "," ","0",-67," "," ","0",-44," "," ","0",-89," "," ","0",6," "," ","0",22," "," ","0",83," "," ","0",39," "," ","0",17," "," ","0",33," "," ","0",78," "," ","0",44," "," ","0"
"1428","USC00413787",1968,3,"TOBS",150," "," ","0",6," "," ","0",94," "," ","0",183," "," ","0",150," "," ","0",122," "," ","0",172," "," ","0",189," "," ","0",133," "," ","0",0," "," ","0",6," "," ","0",78," "," ","0",161," "," ","0",200," "," ","0",183," "," ","0",161," "," ","0",167," "," ","0",161," "," ","0",133," "," ","0",22," "," ","0",83," "," ","0",33," "," ","0",200," "," ","0",233," "," ","0",244," "," ","0",267," "," ","0",206," "," ","0",267," "," ","0",306," "," ","0",239," "," ","0",139," "," ","0"
"1429","USC00413787",1968,3,"PRCP",0," "," ","0",0," "," ","0",0," "," ","0",0," "," ","0",0," "," ","0",0," "," ","0",0,"T"," ","0",0," "," ","0",0," "," ","0",43," "," ","0",43," "," ","0",0," "," ","0",0," "," ","0",0," "," ","0",0," "," ","0",0," "," ","0",0," "," ","0",0," "," ","0",0," "," ","0",0,"T"," ","0",0," "," ","0",0," "," ","0",0," "," ","0",0," "," ","0",0," "," ","0",0," "," ","0",0," "," ","0",0," "," ","0",0," "," ","0",0," "," ","0",0," "," ","0"
"1430","USC00413787",1968,3,"SNOW",0," "," ","0",0," "," ","0",0," "," ","0",0," "," ","0",0," "," ","0",0," "," ","0",0," "," ","0",0," "," ","0",0," "," ","0",25," "," ","0",76," "," ","0",0," "," ","0",0," "," ","0",0," "," ","0",0," "," ","0",0," "," ","0",0," "," ","0",0," "," ","0",0," "," ","0",0," "," ","0",0," "," ","0",0," "," ","0",0," "," ","0",0," "," ","0",0," "," ","0",0," "," ","0",0," "," ","0",0," "," ","0",0," "," ","0",0," "," ","0",0," "," ","0"
"1431","USC00413787",1968,3,"SNWD",0," "," ","0",0," "," ","0",0," "," ","0",0," "," ","0",0," "," ","0",0," "," ","0",0," "," ","0",0," "," ","0",0," "," ","0",25," "," ","0",76," "," ","0",0," "," ","0",0," "," ","0",0," "," ","0",0," "," ","0",0," "," ","0",0," "," ","0",0," "," ","0",0," "," ","0",0," "," ","0",0," "," ","0",0," "," ","0",0," "," ","0",0," "," ","0",0," "," ","0",0," "," ","0",0," "," ","0",0," "," ","0",0," "," ","0",0," "," ","0",0," "," ","0"
"1432","USC00413787",1968,4,"TMAX",167," "," ","0",250," "," ","0",144," "," ","0",111," "," ","0",217," "," ","0",267," "," ","0",206," "," ","0",211," "," ","0",222," "," ","0",261," "," ","0",250," "," ","0",283," "," ","0",289," "," ","0",267," "," ","0",294," "," ","0",289," "," ","0",261," "," ","0",222," "," ","0",183," "," ","0",267," "," ","0",250," "," ","0",228," "," ","0",167," "," ","0",256," "," ","0",250," "," ","0",228," "," ","0",200," "," ","0",161," "," ","0",278," "," ","0",294," "," ","0",NA," "," "," "
"1433","USC00413787",1968,4,"TMIN",17," "," ","0",61," "," ","0",22," "," ","0",-50," "," ","0",-39," "," ","0",50," "," ","0",56," "," ","0",11," "," ","0",28," "," ","0",22," "," ","0",61," "," ","0",100," "," ","0",100," "," ","0",28," "," ","0",61," "," ","0",100," "," ","0",61," "," ","0",28," "," ","0",44," "," ","0",0," "," ","0",89," "," ","0",56," "," ","0",6," "," ","0",-22," "," ","0",61," "," ","0",28," "," ","0",72," "," ","0",72," "," ","0",33," "," ","0",61," "," ","0",NA," "," "," "
"1434","USC00413787",1968,4,"TOBS",144," "," ","0",133," "," ","0",33," "," ","0",100," "," ","0",194," "," ","0",206," "," ","0",183," "," ","0",167," "," ","0",206," "," ","0",239," "," ","0",206," "," ","0",239," "," ","0",267," "," ","0",200," "," ","0",272," "," ","0",244," "," ","0",222," "," ","0",61," "," ","0",178," "," ","0",250," "," ","0",228," "," ","0",100," "," ","0",150," "," ","0",250," "," ","0",189," "," ","0",189," "," ","0",161," "," ","0",144," "," ","0",244," "," ","0",283," "," ","0",NA," "," "," "
"1435","USC00413787",1968,4,"PRCP",0,"T"," ","0",5," "," ","0",0," "," ","0",0," "," ","0",0," "," ","0",0," "," ","0",0," "," ","0",0," "," ","0",0," "," ","0",0," "," ","0",0," "," ","0",0," "," ","0",0," "," ","0",0," "," ","0",0," "," ","0",0," "," ","0",0," "," ","0",0," "," ","0",0,"T"," ","0",0," "," ","0",0," "," ","0",0," "," ","0",0," "," ","0",0," "," ","0",0," "," ","0",0," "," ","0",0," "," ","0",206," "," ","0",0," "," ","0",0," "," ","0",NA," "," "," "
"1436","USC00413787",1968,4,"SNOW",0," "," ","0",0," "," ","0",0," "," ","0",0," "," ","0",0," "," ","0",0," "," ","0",0," "," ","0",0," "," ","0",0," "," ","0",0," "," ","0",0," "," ","0",0," "," ","0",0," "," ","0",0," "," ","0",0," "," ","0",0," "," ","0",0," "," ","0",0," "," ","0",0," "," ","0",0," "," ","0",0," "," ","0",0," "," ","0",0," "," ","0",0," "," ","0",0," "," ","0",0," "," ","0",0," "," ","0",0," "," ","0",0," "," ","0",0," "," ","0",NA," "," "," "
"1437","USC00413787",1968,4,"SNWD",0," "," ","0",0," "," ","0",0," "," ","0",0," "," ","0",0," "," ","0",0," "," ","0",0," "," ","0",0," "," ","0",0," "," ","0",0," "," ","0",0," "," ","0",0," "," ","0",0," "," ","0",0," "," ","0",0," "," ","0",0," "," ","0",0," "," ","0",0," "," ","0",0," "," ","0",0," "," ","0",0," "," ","0",0," "," ","0",0," "," ","0",0," "," ","0",0," "," ","0",0," "," ","0",0," "," ","0",0," "," ","0",0," "," ","0",0," "," ","0",NA," "," "," "
"1438","USC00413787",1968,4,"WT03",NA," "," "," ",1," "," ","0",NA," "," "," ",NA," "," "," ",NA," "," "," ",NA," "," "," ",NA," "," "," ",NA," "," "," ",NA," "," "," ",NA," "," "," ",NA," "," "," ",NA," "," "," ",NA," "," "," ",NA," "," "," ",NA," "," "," ",NA," "," "," ",NA," "," "," ",NA," "," "," ",NA," "," "," ",NA," "," "," ",NA," "," "," ",NA," "," "," ",NA," "," "," ",NA," "," "," ",NA," "," "," ",NA," "," "," ",NA," "," "," ",NA," "," "," ",NA," "," "," ",NA," "," "," ",NA," "," "," "
"1439","USC00413787",1968,5,"TMAX",333," "," ","0",339," "," ","0",311," "," ","0",272," "," ","0",267," "," ","0",278," "," ","0",256," "," ","0",283," "," ","0",283," "," ","0",144," "," ","0",144," "," ","0",144," "," ","0",256," "," ","0",294," "," ","0",283," "," ","0",267," "," ","0",250," "," ","0",228," "," ","0",228," "," ","0",206," "," ","0",139," "," ","0",322," "," ","0",250," "," ","0",211," "," ","0",244," "," ","0",244," "," ","0",256," "," ","0",294," "," ","0",333," "," ","0",322," "," ","0",272," "," ","0"
"1440","USC00413787",1968,5,"TMIN",89," "," ","0",89," "," ","0",128," "," ","0",39," "," ","0",122," "," ","0",128," "," ","0",50," "," ","0",72," "," ","0",67," "," ","0",72," "," ","0",39," "," ","0",72," "," ","0",111," "," ","0",67," "," ","0",89," "," ","0",67," "," ","0",50," "," ","0",72," "," ","0",78," "," ","0",78," "," ","0",72," "," ","0",111," "," ","0",106," "," ","0",100," "," ","0",106," "," ","0",67," "," ","0",128," "," ","0",89," "," ","0",111," "," ","0",150," "," ","0",161," "," ","0"
"1441","USC00413787",1968,5,"TOBS",322," "," ","0",311," "," ","0",222," "," ","0",261," "," ","0",228," "," ","0",256," "," ","0",211," "," ","0",283," "," ","0",89," "," ","0",144," "," ","0",100," "," ","0",139," "," ","0",250," "," ","0",283," "," ","0",261," "," ","0",250," "," ","0",222," "," ","0",228," "," ","0",206," "," ","0",100," "," ","0",139," "," ","0",239," "," ","0",211," "," ","0",139," "," ","0",239," "," ","0",239," "," ","0",244," "," ","0",278," "," ","0",261," "," ","0",272," "," ","0",261," "," ","0"
"1442","USC00413787",1968,5,"PRCP",0," "," ","0",0," "," ","0",0,"T"," ","0",0," "," ","0",0," "," ","0",279," "," ","0",0," "," ","0",0," "," ","0",239," "," ","0",137," "," ","0",36," "," ","0",10," "," ","0",13," "," ","0",0," "," ","0",0," "," ","0",0," "," ","0",15," "," ","0",0," "," ","0",10," "," ","0",5," "," ","0",13," "," ","0",8," "," ","0",0,"T"," ","0",0,"T"," ","0",53," "," ","0",0," "," ","0",23," "," ","0",0," "," ","0",0,"T"," ","0",33," "," ","0",20," "," ","0"
"1443","USC00413787",1968,5,"SNOW",0," "," ","0",0," "," ","0",0," "," ","0",0," "," ","0",0," "," ","0",0," "," ","0",0," "," ","0",0," "," ","0",0," "," ","0",0," "," ","0",0," "," ","0",0," "," ","0",0," "," ","0",0," "," ","0",0," "," ","0",0," "," ","0",0," "," ","0",0," "," ","0",0," "," ","0",0," "," ","0",0," "," ","0",0," "," ","0",0," "," ","0",0," "," ","0",0," "," ","0",0," "," ","0",0," "," ","0",0," "," ","0",0," "," ","0",0," "," ","0",0," "," ","0"
"1444","USC00413787",1968,5,"SNWD",0," "," ","0",0," "," ","0",0," "," ","0",0," "," ","0",0," "," ","0",0," "," ","0",0," "," ","0",0," "," ","0",0," "," ","0",0," "," ","0",0," "," ","0",0," "," ","0",0," "," ","0",0," "," ","0",0," "," ","0",0," "," ","0",0," "," ","0",0," "," ","0",0," "," ","0",0," "," ","0",0," "," ","0",0," "," ","0",0," "," ","0",0," "," ","0",0," "," ","0",0," "," ","0",0," "," ","0",0," "," ","0",0," "," ","0",0," "," ","0",0," "," ","0"
"1445","USC00413787",1968,5,"WT03",NA," "," "," ",NA," "," "," ",NA," "," "," ",NA," "," "," ",NA," "," "," ",1," "," ","0",NA," "," "," ",NA," "," "," ",1," "," ","0",NA," "," "," ",NA," "," "," ",NA," "," "," ",1," "," ","0",NA," "," "," ",NA," "," "," ",NA," "," "," ",NA," "," "," ",NA," "," "," ",NA," "," "," ",NA," "," "," ",1," "," ","0",NA," "," "," ",NA," "," "," ",NA," "," "," ",1," "," ","0",NA," "," "," ",NA," "," "," ",NA," "," "," ",1," "," ","0",1," "," ","0",1," "," ","0"
"1446","USC00413787",1968,6,"TMAX",261," "," ","0",300," "," ","0",311," "," ","0",300," "," ","0",300," "," ","0",350," "," ","0",350," "," ","0",322," "," ","0",256," "," ","0",294," "," ","0",311," "," ","0",339," "," ","0",361," "," ","0",350," "," ","0",339," "," ","0",333," "," ","0",311," "," ","0",356," "," ","0",361," "," ","0",356," "," ","0",356," "," ","0",356," "," ","0",350," "," ","0",344," "," ","0",339," "," ","0",306," "," ","0",389," "," ","0",428," "," ","0",417," "," ","0",400," "," ","0",NA," "," "," "
"1447","USC00413787",1968,6,"TMIN",139," "," ","0",100," "," ","0",122," "," ","0",156," "," ","0",172," "," ","0",172," "," ","0",172," "," ","0",156," "," ","0",161," "," ","0",117," "," ","0",111," "," ","0",117," "," ","0",156," "," ","0",172," "," ","0",167," "," ","0",156," "," ","0",156," "," ","0",167," "," ","0",178," "," ","0",161," "," ","0",183," "," ","0",183," "," ","0",183," "," ","0",178," "," ","0",156," "," ","0",78," "," ","0",139," "," ","0",211," "," ","0",222," "," ","0",189," "," ","0",NA," "," "," "
"1448","USC00413787",1968,6,"TOBS",250," "," ","0",289," "," ","0",300," "," ","0",289," "," ","0",NA," "," "," ",317," "," ","0",317," "," ","0",211," "," ","0",217," "," ","0",289," "," ","0",306," "," ","0",233," "," ","0",350," "," ","0",317," "," ","0",333," "," ","0",250," "," ","0",306," "," ","0",289," "," ","0",339," "," ","0",350," "," ","0",344," "," ","0",344," "," ","0",339," "," ","0",339," "," ","0",261," "," ","0",306," "," ","0",378," "," ","0",411," "," ","0",400," "," ","0",306," "," ","0",NA," "," "," "
"1449","USC00413787",1968,6,"PRCP",427," "," ","0",0," "," ","0",0," "," ","0",0,"T"," ","0",0," "," ","0",0," "," ","0",0," "," ","0",130," "," ","0",23," "," ","0",0," "," ","0",0," "," ","0",69," "," ","0",0," "," ","0",0," "," ","0",0," "," ","0",71," "," ","0",0," "," ","0",0," "," ","0",0," "," ","0",0," "," ","0",0," "," ","0",0," "," ","0",0," "," ","0",0," "," ","0",0," "," ","0",0," "," ","0",0," "," ","0",0," "," ","0",0," "," ","0",0," "," ","0",NA," "," "," "
"1450","USC00413787",1968,6,"SNOW",0," "," ","0",0," "," ","0",0," "," ","0",0," "," ","0",0," "," ","0",0," "," ","0",0," "," ","0",0," "," ","0",0," "," ","0",0," "," ","0",0," "," ","0",0," "," ","0",0," "," ","0",0," "," ","0",0," "," ","0",0," "," ","0",0," "," ","0",0," "," ","0",0," "," ","0",0," "," ","0",0," "," ","0",0," "," ","0",0," "," ","0",0," "," ","0",0," "," ","0",0," "," ","0",0," "," ","0",0," "," ","0",0," "," ","0",0," "," ","0",NA," "," "," "
"1451","USC00413787",1968,6,"SNWD",0," "," ","0",0," "," ","0",0," "," ","0",0," "," ","0",0," "," ","0",0," "," ","0",0," "," ","0",0," "," ","0",0," "," ","0",0," "," ","0",0," "," ","0",0," "," ","0",0," "," ","0",0," "," ","0",0," "," ","0",0," "," ","0",0," "," ","0",0," "," ","0",0," "," ","0",0," "," ","0",0," "," ","0",0," "," ","0",0," "," ","0",0," "," ","0",0," "," ","0",0," "," ","0",0," "," ","0",0," "," ","0",0," "," ","0",0," "," ","0",NA," "," "," "
"1452","USC00413787",1968,6,"WT03",1," "," ","0",NA," "," "," ",NA," "," "," ",NA," "," "," ",NA," "," "," ",NA," "," "," ",NA," "," "," ",1," "," ","0",1," "," ","0",NA," "," "," ",NA," "," "," ",1," "," ","0",NA," "," "," ",NA," "," "," ",NA," "," "," ",1," "," ","0",NA," "," "," ",NA," "," "," ",NA," "," "," ",NA," "," "," ",NA," "," "," ",NA," "," "," ",NA," "," "," ",NA," "," "," ",NA," "," "," ",NA," "," "," ",NA," "," "," ",NA," "," "," ",NA," "," "," ",NA," "," "," ",NA," "," "," "
"1453","USC00413787",1968,7,"TMAX",322," "," ","0",267," "," ","0",311," "," ","0",333," "," ","0",294," "," ","0",250," "," ","0",344," "," ","0",367," "," ","0",356," "," ","0",361," "," ","0",367," "," ","0",356," "," ","0",350," "," ","0",339," "," ","0",339," "," ","0",378," "," ","0",367," "," ","0",350," "," ","0",344," "," ","0",350," "," ","0",383," "," ","0",394," "," ","0",389," "," ","0",372," "," ","0",361," "," ","0",350," "," ","0",350," "," ","0",350," "," ","0",367," "," ","0",383," "," ","0",367," "," ","0"
"1454","USC00413787",1968,7,"TMIN",167," "," ","0",150," "," ","0",150," "," ","0",156," "," ","0",139," "," ","0",150," "," ","0",144," "," ","0",156," "," ","0",178," "," ","0",156," "," ","0",194," "," ","0",167," "," ","0",172," "," ","0",183," "," ","0",194," "," ","0",183," "," ","0",206," "," ","0",178," "," ","0",183," "," ","0",161," "," ","0",194," "," ","0",189," "," ","0",194," "," ","0",200," "," ","0",183," "," ","0",183," "," ","0",211," "," ","0",167," "," ","0",172," "," ","0",200," "," ","0",167," "," ","0"
"1455","USC00413787",1968,7,"TOBS",222," "," ","0",239," "," ","0",294," "," ","0",294," "," ","0",172," "," ","0",233," "," ","0",317," "," ","0",350," "," ","0",333," "," ","0",333," "," ","0",356," "," ","0",322," "," ","0",256," "," ","0",317," "," ","0",333," "," ","0",367," "," ","0",350," "," ","0",333," "," ","0",328," "," ","0",339," "," ","0",311," "," ","0",372," "," ","0",372," "," ","0",267," "," ","0",267," "," ","0",344," "," ","0",294," "," ","0",317," "," ","0",339," "," ","0",367," "," ","0",267," "," ","0"
"1456","USC00413787",1968,7,"PRCP",0," "," ","0",0," "," ","0",0," "," ","0",0," "," ","0",71," "," ","0",48," "," ","0",0," "," ","0",0," "," ","0",0," "," ","0",0," "," ","0",0," "," ","0",137," "," ","0",58," "," ","0",0," "," ","0",0," "," ","0",142," "," ","0",0," "," ","0",76," "," ","0",0," "," ","0",0," "," ","0",0," "," ","0",0," "," ","0",0," "," ","0",33," "," ","0",18," "," ","0",0,"T"," ","0",48," "," ","0",0," "," ","0",114," "," ","0",0," "," ","0",0," "," ","0"
"1457","USC00413787",1968,7,"SNOW",0," "," ","0",0," "," ","0",0," "," ","0",0," "," ","0",0," "," ","0",0," "," ","0",0," "," ","0",0," "," ","0",0," "," ","0",0," "," ","0",0," "," ","0",0," "," ","0",0," "," ","0",0," "," ","0",0," "," ","0",0," "," ","0",0," "," ","0",0," "," ","0",0," "," ","0",0," "," ","0",0," "," ","0",0," "," ","0",0," "," ","0",0," "," ","0",0," "," ","0",0," "," ","0",0," "," ","0",0," "," ","0",0," "," ","0",0," "," ","0",0," "," ","0"
"1458","USC00413787",1968,7,"SNWD",0," "," ","0",0," "," ","0",0," "," ","0",0," "," ","0",0," "," ","0",0," "," ","0",0," "," ","0",0," "," ","0",0," "," ","0",0," "," ","0",0," "," ","0",0," "," ","0",0," "," ","0",0," "," ","0",0," "," ","0",0," "," ","0",0," "," ","0",0," "," ","0",0," "," ","0",0," "," ","0",0," "," ","0",0," "," ","0",0," "," ","0",0," "," ","0",0," "," ","0",0," "," ","0",0," "," ","0",0," "," ","0",0," "," ","0",0," "," ","0",0," "," ","0"
"1459","USC00413787",1968,7,"WT03",NA," "," "," ",NA," "," "," ",NA," "," "," ",NA," "," "," ",1," "," ","0",1," "," ","0",NA," "," "," ",NA," "," "," ",NA," "," "," ",NA," "," "," ",1," "," ","0",1," "," ","0",1," "," ","0",NA," "," "," ",NA," "," "," ",1," "," ","0",NA," "," "," ",1," "," ","0",NA," "," "," ",NA," "," "," ",NA," "," "," ",NA," "," "," ",NA," "," "," ",1," "," ","0",NA," "," "," ",NA," "," "," ",1," "," ","0",NA," "," "," ",1," "," ","0",NA," "," "," ",NA," "," "," "
"1460","USC00413787",1968,8,"TMAX",339," "," ","0",361," "," ","0",383," "," ","0",378," "," ","0",383," "," ","0",378," "," ","0",383," "," ","0",383," "," ","0",367," "," ","0",350," "," ","0",272," "," ","0",267," "," ","0",361," "," ","0",344," "," ","0",356," "," ","0",361," "," ","0",256," "," ","0",344," "," ","0",361," "," ","0",344," "," ","0",356," "," ","0",344," "," ","0",344," "," ","0",317," "," ","0",350," "," ","0",322," "," ","0",317," "," ","0",311," "," ","0",267," "," ","0",261," "," ","0",272," "," ","0"
"1461","USC00413787",1968,8,"TMIN",139," "," ","0",200," "," ","0",178," "," ","0",200," "," ","0",189," "," ","0",194," "," ","0",206," "," ","0",200," "," ","0",172," "," ","0",183," "," ","0",100," "," ","0",139," "," ","0",161," "," ","0",161," "," ","0",178," "," ","0",183," "," ","0",172," "," ","0",172," "," ","0",194," "," ","0",183," "," ","0",194," "," ","0",189," "," ","0",183," "," ","0",156," "," ","0",133," "," ","0",172," "," ","0",189," "," ","0",183," "," ","0",156," "," ","0",128," "," ","0",122," "," ","0"
"1462","USC00413787",1968,8,"TOBS",289," "," ","0",333," "," ","0",367," "," ","0",361," "," ","0",372," "," ","0",333," "," ","0",367," "," ","0",344," "," ","0",350," "," ","0",189," "," ","0",256," "," ","0",261," "," ","0",217," "," ","0",183," "," ","0",350," "," ","0",250," "," ","0",228," "," ","0",333," "," ","0",344," "," ","0",322," "," ","0",294," "," ","0",339," "," ","0",317," "," ","0",294," "," ","0",306," "," ","0",306," "," ","0",289," "," ","0",267," "," ","0",200," "," ","0",250," "," ","0",261," "," ","0"
"1463","USC00413787",1968,8,"PRCP",0," "," ","0",0," "," ","0",0," "," ","0",0," "," ","0",0," "," ","0",0," "," ","0",0," "," ","0",0,"T"," ","0",0," "," ","0",28," "," ","0",0,"T"," ","0",0," "," ","0",0,"T"," ","0",46," "," ","0",13," "," ","0",0," "," ","0",239," "," ","0",0," "," ","0",0," "," ","0",0," "," ","0",0," "," ","0",30," "," ","0",0," "," ","0",0," "," ","0",51," "," ","0",0,"T"," ","0",0," "," ","0",0," "," ","0",528," "," ","0",66," "," ","0",0," "," ","0"
"1464","USC00413787",1968,8,"SNOW",0," "," ","0",0," "," ","0",0," "," ","0",0," "," ","0",0," "," ","0",0," "," ","0",0," "," ","0",0," "," ","0",0," "," ","0",0," "," ","0",0," "," ","0",0," "," ","0",0," "," ","0",0," "," ","0",0," "," ","0",0," "," ","0",0," "," ","0",0," "," ","0",0," "," ","0",0," "," ","0",0," "," ","0",0," "," ","0",0," "," ","0",0," "," ","0",0," "," ","0",0," "," ","0",0," "," ","0",0," "," ","0",0," "," ","0",0," "," ","0",0," "," ","0"
"1465","USC00413787",1968,8,"SNWD",0," "," ","0",0," "," ","0",0," "," ","0",0," "," ","0",0," "," ","0",0," "," ","0",0," "," ","0",0," "," ","0",0," "," ","0",0," "," ","0",0," "," ","0",0," "," ","0",0," "," ","0",0," "," ","0",0," "," ","0",0," "," ","0",0," "," ","0",0," "," ","0",0," "," ","0",0," "," ","0",0," "," ","0",0," "," ","0",0," "," ","0",0," "," ","0",0," "," ","0",0," "," ","0",0," "," ","0",0," "," ","0",0," "," ","0",0," "," ","0",0," "," ","0"
"1466","USC00413787",1968,8,"WT03",NA," "," "," ",NA," "," "," ",NA," "," "," ",NA," "," "," ",NA," "," "," ",NA," "," "," ",NA," "," "," ",1," "," ","0",NA," "," "," ",1," "," ","0",NA," "," "," ",NA," "," "," ",1," "," ","0",1," "," ","0",1," "," ","0",1," "," ","0",1," "," ","0",NA," "," "," ",NA," "," "," ",NA," "," "," ",1," "," ","0",1," "," ","0",NA," "," "," ",NA," "," "," ",1," "," ","0",1," "," ","0",NA," "," "," ",1," "," ","0",1," "," ","0",1," "," ","0",NA," "," "," "
"1467","USC00413787",1968,9,"TMAX",317," "," ","0",311," "," ","0",294," "," ","0",228," "," ","0",278," "," ","0",294," "," ","0",344," "," ","0",339," "," ","0",283," "," ","0",311," "," ","0",328," "," ","0",322," "," ","0",311," "," ","0",306," "," ","0",350," "," ","0",339," "," ","0",233," "," ","0",322," "," ","0",361," "," ","0",350," "," ","0",333," "," ","0",322," "," ","0",306," "," ","0",272," "," ","0",289," "," ","0",328," "," ","0",311," "," ","0",294," "," ","0",261," "," ","0",294," "," ","0",NA," "," "," "
"1468","USC00413787",1968,9,"TMIN",100," "," ","0",144," "," ","0",144," "," ","0",94," "," ","0",106," "," ","0",117," "," ","0",144," "," ","0",128," "," ","0",83," "," ","0",83," "," ","0",117," "," ","0",111," "," ","0",100," "," ","0",111," "," ","0",150," "," ","0",144," "," ","0",61," "," ","0",67," "," ","0",78," "," ","0",100," "," ","0",156," "," ","0",167," "," ","0",139," "," ","0",133," "," ","0",56," "," ","0",94," "," ","0",100," "," ","0",122," "," ","0",94," "," ","0",94," "," ","0",NA," "," "," "
"1469","USC00413787",1968,9,"TOBS",294," "," ","0",294," "," ","0",206," "," ","0",217," "," ","0",244," "," ","0",261," "," ","0",339," "," ","0",278," "," ","0",267," "," ","0",306," "," ","0",322," "," ","0",294," "," ","0",289," "," ","0",289," "," ","0",339," "," ","0",217," "," ","0",217," "," ","0",311," "," ","0",344," "," ","0",300," "," ","0",256," "," ","0",306," "," ","0",261," "," ","0",256," "," ","0",200," "," ","0",211," "," ","0",206," "," ","0",244," "," ","0",222," "," ","0",272," "," ","0",NA," "," "," "
"1470","USC00413787",1968,9,"PRCP",0," "," ","0",0," "," ","0",0," "," ","0",25," "," ","0",0," "," ","0",0," "," ","0",0," "," ","0",0," "," ","0",0," "," ","0",0," "," ","0",0," "," ","0",0," "," ","0",0," "," ","0",0," "," ","0",0," "," ","0",0," "," ","0",0," "," ","0",0," "," ","0",0," "," ","0",0," "," ","0",0,"T"," ","0",58," "," ","0",5," "," ","0",25," "," ","0",0," "," ","0",0," "," ","0",0," "," ","0",0," "," ","0",0," "," ","0",0," "," ","0",NA," "," "," "
"1471","USC00413787",1968,9,"SNOW",0," "," ","0",0," "," ","0",0," "," ","0",0," "," ","0",0," "," ","0",0," "," ","0",0," "," ","0",0," "," ","0",0," "," ","0",0," "," ","0",0," "," ","0",0," "," ","0",0," "," ","0",0," "," ","0",0," "," ","0",0," "," ","0",0," "," ","0",0," "," ","0",0," "," ","0",0," "," ","0",0," "," ","0",0," "," ","0",0," "," ","0",0," "," ","0",0," "," ","0",0," "," ","0",0," "," ","0",0," "," ","0",0," "," ","0",0," "," ","0",NA," "," "," "
"1472","USC00413787",1968,9,"SNWD",0," "," ","0",0," "," ","0",0," "," ","0",0," "," ","0",0," "," ","0",0," "," ","0",0," "," ","0",0," "," ","0",0," "," ","0",0," "," ","0",0," "," ","0",0," "," ","0",0," "," ","0",0," "," ","0",0," "," ","0",0," "," ","0",0," "," ","0",0," "," ","0",0," "," ","0",0," "," ","0",0," "," ","0",0," "," ","0",0," "," ","0",0," "," ","0",0," "," ","0",0," "," ","0",0," "," ","0",0," "," ","0",0," "," ","0",0," "," ","0",NA," "," "," "
"1473","USC00413787",1968,9,"WT03",NA," "," "," ",NA," "," "," ",NA," "," "," ",NA," "," "," ",NA," "," "," ",NA," "," "," ",NA," "," "," ",NA," "," "," ",NA," "," "," ",NA," "," "," ",NA," "," "," ",NA," "," "," ",NA," "," "," ",NA," "," "," ",NA," "," "," ",NA," "," "," ",NA," "," "," ",NA," "," "," ",NA," "," "," ",NA," "," "," ",1," "," ","0",1," "," ","0",1," "," ","0",1," "," ","0",NA," "," "," ",NA," "," "," ",NA," "," "," ",NA," "," "," ",NA," "," "," ",NA," "," "," ",NA," "," "," "
"1474","USC00413787",1968,10,"TMAX",333," "," ","0",317," "," ","0",239," "," ","0",200," "," ","0",267," "," ","0",267," "," ","0",306," "," ","0",289," "," ","0",261," "," ","0",250," "," ","0",306," "," ","0",306," "," ","0",350," "," ","0",350," "," ","0",333," "," ","0",239," "," ","0",133," "," ","0",206," "," ","0",256," "," ","0",228," "," ","0",256," "," ","0",217," "," ","0",189," "," ","0",206," "," ","0",256," "," ","0",289," "," ","0",256," "," ","0",261," "," ","0",306," "," ","0",311," "," ","0",261," "," ","0"
"1475","USC00413787",1968,10,"TMIN",144," "," ","0",94," "," ","0",33," "," ","0",67," "," ","0",83," "," ","0",33," "," ","0",122," "," ","0",150," "," ","0",44," "," ","0",44," "," ","0",150," "," ","0",128," "," ","0",94," "," ","0",100," "," ","0",172," "," ","0",67," "," ","0",22," "," ","0",0," "," ","0",22," "," ","0",33," "," ","0",83," "," ","0",22," "," ","0",39," "," ","0",0," "," ","0",44," "," ","0",67," "," ","0",22," "," ","0",0," "," ","0",28," "," ","0",72," "," ","0",78," "," ","0"
"1476","USC00413787",1968,10,"TOBS",317," "," ","0",239," "," ","0",194," "," ","0",133," "," ","0",228," "," ","0",256," "," ","0",289," "," ","0",261," "," ","0",189," "," ","0",244," "," ","0",294," "," ","0",294," "," ","0",333," "," ","0",333," "," ","0",239," "," ","0",78," "," ","0",128," "," ","0",194," "," ","0",194," "," ","0",183," "," ","0",217," "," ","0",183," "," ","0",117," "," ","0",189," "," ","0",178," "," ","0",233," "," ","0",128," "," ","0",172," "," ","0",217," "," ","0",222," "," ","0",178," "," ","0"
"1477","USC00413787",1968,10,"PRCP",0," "," ","0",0," "," ","0",0," "," ","0",0," "," ","0",61," "," ","0",0," "," ","0",0," "," ","0",0," "," ","0",0," "," ","0",0," "," ","0",0," "," ","0",0," "," ","0",0," "," ","0",0," "," ","0",0," "," ","0",848," "," ","0",0," "," ","0",0," "," ","0",0," "," ","0",0," "," ","0",0," "," ","0",0," "," ","0",0," "," ","0",0," "," ","0",0," "," ","0",0," "," ","0",0," "," ","0",0," "," ","0",0," "," ","0",0," "," ","0",0," "," ","0"
"1478","USC00413787",1968,10,"SNOW",0," "," ","0",0," "," ","0",0," "," ","0",0," "," ","0",0," "," ","0",0," "," ","0",0," "," ","0",0," "," ","0",0," "," ","0",0," "," ","0",0," "," ","0",0," "," ","0",0," "," ","0",0," "," ","0",0," "," ","0",0," "," ","0",0," "," ","0",0," "," ","0",0," "," ","0",0," "," ","0",0," "," ","0",0," "," ","0",0," "," ","0",0," "," ","0",0," "," ","0",0," "," ","0",0," "," ","0",0," "," ","0",0," "," ","0",0," "," ","0",0," "," ","0"
"1479","USC00413787",1968,10,"SNWD",0," "," ","0",0," "," ","0",0," "," ","0",0," "," ","0",0," "," ","0",0," "," ","0",0," "," ","0",0," "," ","0",0," "," ","0",0," "," ","0",0," "," ","0",0," "," ","0",0," "," ","0",0," "," ","0",0," "," ","0",0," "," ","0",0," "," ","0",0," "," ","0",0," "," ","0",0," "," ","0",0," "," ","0",0," "," ","0",0," "," ","0",0," "," ","0",0," "," ","0",0," "," ","0",0," "," ","0",0," "," ","0",0," "," ","0",0," "," ","0",0," "," ","0"
"1480","USC00413787",1968,10,"WT03",NA," "," "," ",NA," "," "," ",NA," "," "," ",NA," "," "," ",NA," "," "," ",NA," "," "," ",NA," "," "," ",NA," "," "," ",NA," "," "," ",NA," "," "," ",NA," "," "," ",NA," "," "," ",NA," "," "," ",NA," "," "," ",1," "," ","0",1," "," ","0",NA," "," "," ",NA," "," "," ",NA," "," "," ",NA," "," "," ",NA," "," "," ",NA," "," "," ",NA," "," "," ",NA," "," "," ",NA," "," "," ",NA," "," "," ",NA," "," "," ",NA," "," "," ",NA," "," "," ",NA," "," "," ",NA," "," "," "
"1481","USC00413787",1968,11,"TMAX",194," "," ","0",111," "," ","0",161," "," ","0",239," "," ","0",161," "," ","0",106," "," ","0",94," "," ","0",61," "," ","0",106," "," ","0",100," "," ","0",150," "," ","0",222," "," ","0",156," "," ","0",94," "," ","0",44," "," ","0",139," "," ","0",61," "," ","0",94," "," ","0",122," "," ","0",206," "," ","0",217," "," ","0",233," "," ","0",144," "," ","0",156," "," ","0",200," "," ","0",144," "," ","0",NA," "," "," ",NA," "," "," ",NA," "," "," ",NA," "," "," ",NA," "," "," "
"1482","USC00413787",1968,11,"TMIN",56," "," ","0",61," "," ","0",-6," "," ","0",39," "," ","0",61," "," ","0",17," "," ","0",0," "," ","0",6," "," ","0",-28," "," ","0",22," "," ","0",-67," "," ","0",-28," "," ","0",67," "," ","0",28," "," ","0",11," "," ","0",-11," "," ","0",6," "," ","0",-61," "," ","0",-50," "," ","0",-28," "," ","0",-11," "," ","0",-11," "," ","0",17," "," ","0",-33," "," ","0",56," "," ","0",17," "," ","0",-33," "," ","0",-44," "," ","0",-67," "," ","0",-61," "," ","0",NA," "," "," "
"1483","USC00413787",1968,11,"TOBS",111," "," ","0",67," "," ","0",56," "," ","0",161," "," ","0",106," "," ","0",50," "," ","0",61," "," ","0",39," "," ","0",61," "," ","0",44," "," ","0",89," "," ","0",122," "," ","0",94," "," ","0",44," "," ","0",33," "," ","0",61," "," ","0",33," "," ","0",39," "," ","0",72," "," ","0",128," "," ","0",128," "," ","0",117," "," ","0",78," "," ","0",83," "," ","0",144," "," ","0",28," "," ","0",39," "," ","0",11," "," ","0",17," "," ","0",33," "," ","0",NA," "," "," "
"1484","USC00413787",1968,11,"PRCP",0," "," ","0",173," "," ","0",0," "," ","0",0," "," ","0",0," "," ","0",25," "," ","0",0," "," ","0",0,"T"," ","0",0," "," ","0",0," "," ","0",0," "," ","0",0," "," ","0",0," "," ","0",56," "," ","0",0," "," ","0",0," "," ","0",0," "," ","0",0," "," ","0",0," "," ","0",0," "," ","0",0," "," ","0",0," "," ","0",0," "," ","0",0," "," ","0",0," "," ","0",0," "," ","0",0," "," ","0",0," "," ","0",0," "," ","0",0," "," ","0",NA," "," "," "
"1485","USC00413787",1968,11,"SNOW",0," "," ","0",0," "," ","0",0," "," ","0",0," "," ","0",0," "," ","0",0," "," ","0",0," "," ","0",0," "," ","0",0," "," ","0",0," "," ","0",0," "," ","0",0," "," ","0",0," "," ","0",0," "," ","0",0," "," ","0",0," "," ","0",0," "," ","0",0," "," ","0",0," "," ","0",0," "," ","0",0," "," ","0",0," "," ","0",0," "," ","0",0," "," ","0",0," "," ","0",0," "," ","0",0," "," ","0",0," "," ","0",0," "," ","0",0," "," ","0",NA," "," "," "
"1486","USC00413787",1968,11,"SNWD",0," "," ","0",0," "," ","0",0," "," ","0",0," "," ","0",0," "," ","0",0," "," ","0",0," "," ","0",0," "," ","0",0," "," ","0",0," "," ","0",0," "," ","0",0," "," ","0",0," "," ","0",0," "," ","0",0," "," ","0",0," "," ","0",0," "," ","0",0," "," ","0",0," "," ","0",0," "," ","0",0," "," ","0",0," "," ","0",0," "," ","0",0," "," ","0",0," "," ","0",0," "," ","0",0," "," ","0",0," "," ","0",0," "," ","0",0," "," ","0",NA," "," "," "
"1487","USC00413787",1968,11,"WT03",NA," "," "," ",1," "," ","0",NA," "," "," ",NA," "," "," ",NA," "," "," ",NA," "," "," ",NA," "," "," ",NA," "," "," ",NA," "," "," ",NA," "," "," ",NA," "," "," ",NA," "," "," ",NA," "," "," ",NA," "," "," ",NA," "," "," ",NA," "," "," ",NA," "," "," ",NA," "," "," ",NA," "," "," ",NA," "," "," ",NA," "," "," ",NA," "," "," ",NA," "," "," ",NA," "," "," ",NA," "," "," ",NA," "," "," ",NA," "," "," ",NA," "," "," ",NA," "," "," ",NA," "," "," ",NA," "," "," "
"1488","USC00413787",1968,12,"TMAX",NA," "," "," ",94," "," ","0",100," "," ","0",228," "," ","0",122," "," ","0",133," "," ","0",72," "," ","0",128," "," ","0",167," "," ","0",167," "," ","0",200," "," ","0",144," "," ","0",61," "," ","0",144," "," ","0",83," "," ","0",100," "," ","0",189," "," ","0",83," "," ","0",67," "," ","0",61," "," ","0",17," "," ","0",-17," "," ","0",61," "," ","0",100," "," ","0",50," "," ","0",133," "," ","0",94," "," ","0",83," "," ","0",128," "," ","0",-22," "," ","0",17," "," ","0"
"1489","USC00413787",1968,12,"TMIN",-78," "," ","0",-44," "," ","0",-78," "," ","0",-44," "," ","0",-78," "," ","0",-94," "," ","0",-56," "," ","0",-56," "," ","0",-11," "," ","0",-50," "," ","0",0," "," ","0",22," "," ","0",-89," "," ","0",-94," "," ","0",-83," "," ","0",-89," "," ","0",-28," "," ","0",-50," "," ","0",-150," "," ","0",-89," "," ","0",-56," "," ","0",-100," "," ","0",-144," "," ","0",-106," "," ","0",-72," "," ","0",-50," "," ","0",-44," "," ","0",-89," "," ","0",-72," "," ","0",-117," "," ","0",-178," "," ","0"
"1490","USC00413787",1968,12,"TOBS",78," "," ","0",83," "," ","0",28," "," ","0",122," "," ","0",22," "," ","0",67," "," ","0",-22," "," ","0",72," "," ","0",72," "," ","0",44," "," ","0",89," "," ","0",39," "," ","0",0," "," ","0",33," "," ","0",0," "," ","0",11," "," ","0",83," "," ","0",-11," "," ","0",-17," "," ","0",17," "," ","0",-56," "," ","0",-56," "," ","0",0," "," ","0",50," "," ","0",-11," "," ","0",94," "," ","0",-11," "," ","0",17," "," ","0",-22," "," ","0",-78," "," ","0",-11," "," ","0"
"1491","USC00413787",1968,12,"PRCP",0," "," ","0",0," "," ","0",0," "," ","0",0," "," ","0",0," "," ","0",0," "," ","0",0," "," ","0",0," "," ","0",0," "," ","0",0," "," ","0",0," "," ","0",0," "," ","0",0," "," ","0",0," "," ","0",0," "," ","0",0," "," ","0",0," "," ","0",20," "," ","0",0," "," ","0",0," "," ","0",0,"T"," ","0",0," "," ","0",0," "," ","0",0," "," ","0",0," "," ","0",0," "," ","0",0,"T"," ","0",0," "," ","0",0," "," ","0",0,"T"," ","0",0," "," ","0"
"1492","USC00413787",1968,12,"SNOW",0," "," ","0",0," "," ","0",0," "," ","0",0," "," ","0",0," "," ","0",0," "," ","0",0," "," ","0",0," "," ","0",0," "," ","0",0," "," ","0",0," "," ","0",0," "," ","0",0," "," ","0",0," "," ","0",0," "," ","0",0," "," ","0",0," "," ","0",25," "," ","0",0," "," ","0",0," "," ","0",0,"T"," ","0",0," "," ","0",0," "," ","0",0," "," ","0",0," "," ","0",0," "," ","0",0,"T"," ","0",0," "," ","0",0," "," ","0",0,"T"," ","0",0," "," ","0"
"1493","USC00413787",1968,12,"SNWD",0," "," ","0",0," "," ","0",0," "," ","0",0," "," ","0",0," "," ","0",0," "," ","0",0," "," ","0",0," "," ","0",0," "," ","0",0," "," ","0",0," "," ","0",0," "," ","0",0," "," ","0",0," "," ","0",0," "," ","0",0," "," ","0",0," "," ","0",25," "," ","0",0," "," ","0",0," "," ","0",0," "," ","0",0," "," ","0",0," "," ","0",0," "," ","0",0," "," ","0",0," "," ","0",0," "," ","0",0," "," ","0",0," "," ","0",0," "," ","0",0," "," ","0"
"1494","USC00413787",1968,12,"WT04",NA," "," "," ",NA," "," "," ",NA," "," "," ",NA," "," "," ",NA," "," "," ",NA," "," "," ",NA," "," "," ",NA," "," "," ",NA," "," "," ",NA," "," "," ",NA," "," "," ",NA," "," "," ",NA," "," "," ",NA," "," "," ",NA," "," "," ",NA," "," "," ",NA," "," "," ",1," "," ","0",NA," "," "," ",NA," "," "," ",1," "," ","0",NA," "," "," ",NA," "," "," ",NA," "," "," ",NA," "," "," ",NA," "," "," ",1," "," ","0",NA," "," "," ",NA," "," "," ",1," "," ","0",NA," "," "," "
"1495","USC00413787",1969,1,"TMAX",200," "," ","0",139," "," ","0",61," "," ","0",106," "," ","0",183," "," ","0",167," "," ","0",83," "," ","0",128," "," ","0",56," "," ","0",56," "," ","0",94," "," ","0",167," "," ","0",194," "," ","0",239," "," ","0",183," "," ","0",161," "," ","0",100," "," ","0",61," "," ","0",100," "," ","0",222," "," ","0",156," "," ","0",194," "," ","0",67," "," ","0",17," "," ","0",56," "," ","0",172," "," ","0",233," "," ","0",178," "," ","0",89," "," ","0",100," "," ","0",161," "," ","0"
"1496","USC00413787",1969,1,"TMIN",-72," "," ","0",-56," "," ","0",-78," "," ","0",-106," "," ","0",-44," "," ","0",-44," "," ","0",-17," "," ","0",0," "," ","0",-67," "," ","0",-44," "," ","0",-100," "," ","0",-17," "," ","0",-39," "," ","0",39," "," ","0",106," "," ","0",0," "," ","0",11," "," ","0",-11," "," ","0",11," "," ","0",-11," "," ","0",0," "," ","0",17," "," ","0",-100," "," ","0",-144," "," ","0",-89," "," ","0",-6," "," ","0",-61," "," ","0",-28," "," ","0",-50," "," ","0",-78," "," ","0",-72," "," ","0"
"1497","USC00413787",1969,1,"TOBS",83," "," ","0",61," "," ","0",-44," "," ","0",50," "," ","0",100," "," ","0",72," "," ","0",39," "," ","0",0," "," ","0",11," "," ","0",17," "," ","0",44," "," ","0",50," "," ","0",111," "," ","0",178," "," ","0",122," "," ","0",100," "," ","0",33," "," ","0",22," "," ","0",83," "," ","0",156," "," ","0",67," "," ","0",67," "," ","0",-67," "," ","0",0," "," ","0",17," "," ","0",78," "," ","0",178," "," ","0",-11," "," ","0",56," "," ","0",33," "," ","0",117," "," ","0"
"1498","USC00413787",1969,1,"PRCP",0," "," ","0",0," "," ","0",0," "," ","0",0," "," ","0",0," "," ","0",0," "," ","0",0," "," ","0",0," "," ","0",0," "," ","0",0," "," ","0",0," "," ","0",0," "," ","0",0," "," ","0",0," "," ","0",0," "," ","0",0," "," ","0",0," "," ","0",0," "," ","0",0," "," ","0",0," "," ","0",0," "," ","0",30," "," ","0",0," "," ","0",0," "," ","0",0," "," ","0",0," "," ","0",0," "," ","0",0," "," ","0",0," "," ","0",0," "," ","0",0," "," ","0"
"1499","USC00413787",1969,1,"SNOW",0," "," ","0",0," "," ","0",0," "," ","0",0," "," ","0",0," "," ","0",0," "," ","0",0," "," ","0",0," "," ","0",0," "," ","0",0," "," ","0",0," "," ","0",0," "," ","0",0," "," ","0",0," "," ","0",0," "," ","0",0," "," ","0",0," "," ","0",0," "," ","0",0," "," ","0",0," "," ","0",0," "," ","0",0," "," ","0",0," "," ","0",0," "," ","0",0," "," ","0",0," "," ","0",0," "," ","0",0," "," ","0",0," "," ","0",0," "," ","0",0," "," ","0"
"1500","USC00413787",1969,1,"SNWD",0," "," ","0",0," "," ","0",0," "," ","0",0," "," ","0",0," "," ","0",0," "," ","0",0," "," ","0",0," "," ","0",0," "," ","0",0," "," ","0",0," "," ","0",0," "," ","0",0," "," ","0",0," "," ","0",0," "," ","0",0," "," ","0",0," "," ","0",0," "," ","0",0," "," ","0",0," "," ","0",0," "," ","0",0," "," ","0",0," "," ","0",0," "," ","0",0," "," ","0",0," "," ","0",0," "," ","0",0," "," ","0",0," "," ","0",0," "," ","0",0," "," ","0"
"1501","USC00413787",1969,2,"TMAX",161," "," ","0",133," "," ","0",111," "," ","0",156," "," ","0",222," "," ","0",200," "," ","0",167," "," ","0",128," "," ","0",178," "," ","0",161," "," ","0",172," "," ","0",144," "," ","0",67," "," ","0",22," "," ","0",44," "," ","0",33," "," ","0",28," "," ","0",111," "," ","0",61," "," ","0",111," "," ","0",44," "," ","0",139," "," ","0",72," "," ","0",183," "," ","0",228," "," ","0",239," "," ","0",167," "," ","0",144," "," ","0",NA," "," "," ",NA," "," "," ",NA," "," "," "
"1502","USC00413787",1969,2,"TMIN",-111," "," ","0",-44," "," ","0",-128," "," ","0",-72," "," ","0",0," "," ","0",-39," "," ","0",-22," "," ","0",-67," "," ","0",-50," "," ","0",-67," "," ","0",-78," "," ","0",-72," "," ","0",-11," "," ","0",0," "," ","0",-11," "," ","0",-44," "," ","0",-33," "," ","0",-39," "," ","0",-11," "," ","0",-11," "," ","0",-11," "," ","0",-50," "," ","0",6," "," ","0",0," "," ","0",-6," "," ","0",39," "," ","0",11," "," ","0",-50," "," ","0",NA," "," "," ",NA," "," "," ",NA," "," "," "
"1503","USC00413787",1969,2,"TOBS",133," "," ","0",33," "," ","0",83," "," ","0",89," "," ","0",167," "," ","0",128," "," ","0",6," "," ","0",106," "," ","0",122," "," ","0",133," "," ","0",144," "," ","0",67," "," ","0",6," "," ","0",17," "," ","0",28," "," ","0",-6," "," ","0",-11," "," ","0",61," "," ","0",0," "," ","0",44," "," ","0",22," "," ","0",44," "," ","0",56," "," ","0",111," "," ","0",194," "," ","0",172," "," ","0",117," "," ","0",94," "," ","0",NA," "," "," ",NA," "," "," ",NA," "," "," "
"1504","USC00413787",1969,2,"PRCP",0," "," ","0",0," "," ","0",0," "," ","0",0," "," ","0",0," "," ","0",0," "," ","0",0," "," ","0",0," "," ","0",0," "," ","0",0," "," ","0",0," "," ","0",0," "," ","0",89," "," ","0",33," "," ","0",0," "," ","0",0,"T"," ","0",0,"T"," ","0",0," "," ","0",0,"T"," ","0",109," "," ","0",0," "," ","0",0," "," ","0",69," "," ","0",0," "," ","0",0," "," ","0",0," "," ","0",0," "," ","0",0," "," ","0",NA," "," "," ",NA," "," "," ",NA," "," "," "
"1505","USC00413787",1969,2,"SNOW",0," "," ","0",0," "," ","0",0," "," ","0",0," "," ","0",0," "," ","0",0," "," ","0",0," "," ","0",0," "," ","0",0," "," ","0",0," "," ","0",0," "," ","0",0," "," ","0",0," "," ","0",0," "," ","0",0," "," ","0",0," "," ","0",0," "," ","0",0," "," ","0",0," "," ","0",76," "," ","0",0," "," ","0",0," "," ","0",0,"T"," ","0",0," "," ","0",0," "," ","0",0," "," ","0",0," "," ","0",0," "," ","0",NA," "," "," ",NA," "," "," ",NA," "," "," "
"1506","USC00413787",1969,2,"SNWD",0," "," ","0",0," "," ","0",0," "," ","0",0," "," ","0",0," "," ","0",0," "," ","0",0," "," ","0",0," "," ","0",0," "," ","0",0," "," ","0",0," "," ","0",0," "," ","0",0," "," ","0",0," "," ","0",0," "," ","0",0," "," ","0",0," "," ","0",0," "," ","0",0," "," ","0",0," "," ","0",0," "," ","0",0," "," ","0",0," "," ","0",0," "," ","0",0," "," ","0",0," "," ","0",0," "," ","0",0," "," ","0",NA," "," "," ",NA," "," "," ",NA," "," "," "
"1507","USC00413787",1969,3,"TMAX",144," "," ","0",100," "," ","0",22," "," ","0",6," "," ","0",44," "," ","0",78," "," ","0",61," "," ","0",0," "," ","0",-11," "," ","0",-22," "," ","0",6," "," ","0",6," "," ","0",89," "," ","0",28," "," ","0",39," "," ","0",100," "," ","0",178," "," ","0",256," "," ","0",222," "," ","0",150," "," ","0",217," "," ","0",200," "," ","0",150," "," ","0",72," "," ","0",89," "," ","0",161," "," ","0",206," "," ","0",189," "," ","0",172," "," ","0",133," "," ","0",228," "," ","0"
"1508","USC00413787",1969,3,"TMIN",-22," "," ","0",-17," "," ","0",-56," "," ","0",-50," "," ","0",-33," "," ","0",-67," "," ","0",-11," "," ","0",-128," "," ","0",-122," "," ","0",-89," "," ","0",-111," "," ","0",-72," "," ","0",-89," "," ","0",-39," "," ","0",-44," "," ","0",-83," "," ","0",-28," "," ","0",0," "," ","0",39," "," ","0",0," "," ","0",-11," "," ","0",28," "," ","0",33," "," ","0",0," "," ","0",-22," "," ","0",-22," "," ","0",-28," "," ","0",28," "," ","0",-28," "," ","0",-17," "," ","0",11," "," ","0"
"1509","USC00413787",1969,3,"TOBS",100," "," ","0",0," "," ","0",-11," "," ","0",-11," "," ","0",-11," "," ","0",61," "," ","0",0," "," ","0",-61," "," ","0",-44," "," ","0",-50," "," ","0",-11," "," ","0",-17," "," ","0",28," "," ","0",-39," "," ","0",17," "," ","0",94," "," ","0",172," "," ","0",222," "," ","0",128," "," ","0",133," "," ","0",200," "," ","0",150," "," ","0",56," "," ","0",56," "," ","0",56," "," ","0",33," "," ","0",183," "," ","0",172," "," ","0",122," "," ","0",72," "," ","0",189," "," ","0"
"1510","USC00413787",1969,3,"PRCP",0," "," ","0",119," "," ","0",0," "," ","0",0," "," ","0",71," "," ","0",0," "," ","0",3," "," ","0",15," "," ","0",0," "," ","0",0," "," ","0",13," "," ","0",0,"T"," ","0",0," "," ","0",130," "," ","0",13," "," ","0",0," "," ","0",0," "," ","0",0," "," ","0",0," "," ","0",0," "," ","0",0," "," ","0",0," "," ","0",10," "," ","0",0,"T"," ","0",0," "," ","0",0," "," ","0",0," "," ","0",0," "," ","0",0," "," ","0",0," "," ","0",0," "," ","0"
"1511","USC00413787",1969,3,"SNOW",0," "," ","0",127," "," ","0",0," "," ","0",0," "," ","0",76," "," ","0",0," "," ","0",0," "," ","0",0," "," ","0",0," "," ","0",0," "," ","0",13," "," ","0",0," "," ","0",0," "," ","0",152," "," ","0",51," "," ","0",0," "," ","0",0," "," ","0",0," "," ","0",0," "," ","0",0," "," ","0",0," "," ","0",0," "," ","0",0," "," ","0",0," "," ","0",0," "," ","0",0," "," ","0",0," "," ","0",0," "," ","0",0," "," ","0",0," "," ","0",0," "," ","0"
"1512","USC00413787",1969,3,"SNWD",0," "," ","0",127," "," ","0",76," "," ","0",0,"T"," ","0",0," "," ","0",0," "," ","0",0," "," ","0",0," "," ","0",0," "," ","0",0," "," ","0",NA," "," "," ",0," "," ","0",0," "," ","0",NA," "," "," ",NA," "," "," ",0," "," ","0",0," "," ","0",0," "," ","0",0," "," ","0",0," "," ","0",0," "," ","0",0," "," ","0",0," "," ","0",0," "," ","0",0," "," ","0",0," "," ","0",0," "," ","0",0," "," ","0",0," "," ","0",0," "," ","0",0," "," ","0"
"1513","USC00413787",1969,4,"TMAX",289," "," ","0",244," "," ","0",222," "," ","0",189," "," ","0",256," "," ","0",272," "," ","0",267," "," ","0",267," "," ","0",244," "," ","0",256," "," ","0",211," "," ","0",206," "," ","0",233," "," ","0",256," "," ","0",306," "," ","0",244," "," ","0",111," "," ","0",206," "," ","0",239," "," ","0",278," "," ","0",278," "," ","0",322," "," ","0",278," "," ","0",261," "," ","0",289," "," ","0",261," "," ","0",183," "," ","0",239," "," ","0",294," "," ","0",322," "," ","0",NA," "," "," "
"1514","USC00413787",1969,4,"TMIN",100," "," ","0",72," "," ","0",89," "," ","0",83," "," ","0",11," "," ","0",39," "," ","0",111," "," ","0",28," "," ","0",39," "," ","0",44," "," ","0",89," "," ","0",83," "," ","0",67," "," ","0",83," "," ","0",100," "," ","0",72," "," ","0",22," "," ","0",0," "," ","0",22," "," ","0",28," "," ","0",67," "," ","0",94," "," ","0",94," "," ","0",61," "," ","0",144," "," ","0",94," "," ","0",61," "," ","0",-11," "," ","0",67," "," ","0",117," "," ","0",NA," "," "," "
"1515","USC00413787",1969,4,"TOBS",217," "," ","0",161," "," ","0",189," "," ","0",133," "," ","0",222," "," ","0",217," "," ","0",256," "," ","0",183," "," ","0",200," "," ","0",211," "," ","0",128," "," ","0",172," "," ","0",183," "," ","0",222," "," ","0",244," "," ","0",72," "," ","0",72," "," ","0",178," "," ","0",200," "," ","0",256," "," ","0",239," "," ","0",278," "," ","0",172," "," ","0",233," "," ","0",261," "," ","0",172," "," ","0",161," "," ","0",233," "," ","0",289," "," ","0",300," "," ","0",NA," "," "," "
"1516","USC00413787",1969,4,"PRCP",0," "," ","0",0,"T"," ","0",0," "," ","0",0," "," ","0",0," "," ","0",0," "," ","0",0," "," ","0",0," "," ","0",0," "," ","0",0," "," ","0",0,"T"," ","0",5," "," ","0",0," "," ","0",0," "," ","0",15," "," ","0",15," "," ","0",8," "," ","0",0," "," ","0",0," "," ","0",0," "," ","0",0," "," ","0",0," "," ","0",0," "," ","0",0," "," ","0",0," "," ","0",0," "," ","0",0," "," ","0",0," "," ","0",0," "," ","0",0," "," ","0",NA," "," "," "
"1517","USC00413787",1969,4,"SNOW",0," "," ","0",0," "," ","0",0," "," ","0",0," "," ","0",0," "," ","0",0," "," ","0",0," "," ","0",0," "," ","0",0," "," ","0",0," "," ","0",0," "," ","0",0," "," ","0",0," "," ","0",0," "," ","0",0," "," ","0",0," "," ","0",0," "," ","0",0," "," ","0",0," "," ","0",0," "," ","0",0," "," ","0",0," "," ","0",0," "," ","0",0," "," ","0",0," "," ","0",0," "," ","0",0," "," ","0",0," "," ","0",0," "," ","0",0," "," ","0",NA," "," "," "
"1518","USC00413787",1969,4,"SNWD",0," "," ","0",0," "," ","0",0," "," ","0",0," "," ","0",0," "," ","0",0," "," ","0",0," "," ","0",0," "," ","0",0," "," ","0",0," "," ","0",0," "," ","0",0," "," ","0",0," "," ","0",0," "," ","0",0," "," ","0",0," "," ","0",0," "," ","0",0," "," ","0",0," "," ","0",0," "," ","0",0," "," ","0",0," "," ","0",0," "," ","0",0," "," ","0",0," "," ","0",0," "," ","0",0," "," ","0",0," "," ","0",0," "," ","0",0," "," ","0",NA," "," "," "
"1519","USC00413787",1969,4,"WT03",NA," "," "," ",NA," "," "," ",NA," "," "," ",NA," "," "," ",NA," "," "," ",NA," "," "," ",NA," "," "," ",NA," "," "," ",NA," "," "," ",NA," "," "," ",NA," "," "," ",NA," "," "," ",NA," "," "," ",NA," "," "," ",1," "," ","0",NA," "," "," ",NA," "," "," ",NA," "," "," ",NA," "," "," ",NA," "," "," ",NA," "," "," ",NA," "," "," ",NA," "," "," ",NA," "," "," ",NA," "," "," ",NA," "," "," ",NA," "," "," ",NA," "," "," ",NA," "," "," ",NA," "," "," ",NA," "," "," "
"1520","USC00413787",1969,5,"TMAX",328," "," ","0",322," "," ","0",228," "," ","0",217," "," ","0",267," "," ","0",233," "," ","0",211," "," ","0",200," "," ","0",256," "," ","0",256," "," ","0",283," "," ","0",294," "," ","0",317," "," ","0",306," "," ","0",278," "," ","0",244," "," ","0",200," "," ","0",289," "," ","0",350," "," ","0",339," "," ","0",322," "," ","0",222," "," ","0",278," "," ","0",306," "," ","0",328," "," ","0",344," "," ","0",333," "," ","0",339," "," ","0",339," "," ","0",339," "," ","0",356," "," ","0"
"1521","USC00413787",1969,5,"TMIN",139," "," ","0",139," "," ","0",122," "," ","0",133," "," ","0",78," "," ","0",117," "," ","0",67," "," ","0",56," "," ","0",50," "," ","0",89," "," ","0",89," "," ","0",78," "," ","0",111," "," ","0",100," "," ","0",139," "," ","0",100," "," ","0",67," "," ","0",50," "," ","0",139," "," ","0",150," "," ","0",156," "," ","0",89," "," ","0",111," "," ","0",144," "," ","0",144," "," ","0",144," "," ","0",150," "," ","0",178," "," ","0",167," "," ","0",144," "," ","0",150," "," ","0"
"1522","USC00413787",1969,5,"TOBS",267," "," ","0",206," "," ","0",211," "," ","0",206," "," ","0",233," "," ","0",167," "," ","0",194," "," ","0",150," "," ","0",250," "," ","0",222," "," ","0",250," "," ","0",289," "," ","0",306," "," ","0",278," "," ","0",244," "," ","0",200," "," ","0",178," "," ","0",278," "," ","0",339," "," ","0",250," "," ","0",222," "," ","0",144," "," ","0",261," "," ","0",283," "," ","0",300," "," ","0",328," "," ","0",311," "," ","0",328," "," ","0",306," "," ","0",322," "," ","0",350," "," ","0"
"1523","USC00413787",1969,5,"PRCP",0," "," ","0",20," "," ","0",3," "," ","0",0," "," ","0",0," "," ","0",284," "," ","0",13," "," ","0",0," "," ","0",56," "," ","0",0," "," ","0",0," "," ","0",0,"T"," ","0",0," "," ","0",0," "," ","0",0,"T"," ","0",53," "," ","0",15," "," ","0",0," "," ","0",0," "," ","0",0," "," ","0",10," "," ","0",0," "," ","0",0," "," ","0",0," "," ","0",0," "," ","0",0," "," ","0",0," "," ","0",0," "," ","0",0," "," ","0",0," "," ","0",0," "," ","0"
"1524","USC00413787",1969,5,"SNOW",0," "," ","0",0," "," ","0",0," "," ","0",0," "," ","0",0," "," ","0",0," "," ","0",0," "," ","0",0," "," ","0",0," "," ","0",0," "," ","0",0," "," ","0",0," "," ","0",0," "," ","0",0," "," ","0",0," "," ","0",0," "," ","0",0," "," ","0",0," "," ","0",0," "," ","0",0," "," ","0",0," "," ","0",0," "," ","0",0," "," ","0",0," "," ","0",0," "," ","0",0," "," ","0",0," "," ","0",0," "," ","0",0," "," ","0",0," "," ","0",0," "," ","0"
"1525","USC00413787",1969,5,"SNWD",0," "," ","0",0," "," ","0",0," "," ","0",0," "," ","0",0," "," ","0",0," "," ","0",0," "," ","0",0," "," ","0",0," "," ","0",0," "," ","0",0," "," ","0",0," "," ","0",0," "," ","0",0," "," ","0",0," "," ","0",0," "," ","0",0," "," ","0",0," "," ","0",0," "," ","0",0," "," ","0",0," "," ","0",0," "," ","0",0," "," ","0",0," "," ","0",0," "," ","0",0," "," ","0",0," "," ","0",0," "," ","0",0," "," ","0",0," "," ","0",0," "," ","0"
"1526","USC00413787",1969,5,"WT03",NA," "," "," ",1," "," ","0",1," "," ","0",NA," "," "," ",NA," "," "," ",1," "," ","0",1," "," ","0",NA," "," "," ",1," "," ","0",NA," "," "," ",NA," "," "," ",1," "," ","0",NA," "," "," ",NA," "," "," ",1," "," ","0",1," "," ","0",1," "," ","0",NA," "," "," ",NA," "," "," ",NA," "," "," ",1," "," ","0",NA," "," "," ",NA," "," "," ",NA," "," "," ",NA," "," "," ",NA," "," "," ",NA," "," "," ",NA," "," "," ",NA," "," "," ",NA," "," "," ",NA," "," "," "
"1527","USC00413787",1969,6,"TMAX",350," "," ","0",239," "," ","0",311," "," ","0",344," "," ","0",378," "," ","0",367," "," ","0",361," "," ","0",356," "," ","0",300," "," ","0",328," "," ","0",294," "," ","0",272," "," ","0",256," "," ","0",200," "," ","0",233," "," ","0",256," "," ","0",250," "," ","0",294," "," ","0",328," "," ","0",322," "," ","0",378," "," ","0",378," "," ","0",361," "," ","0",361," "," ","0",361," "," ","0",339," "," ","0",378," "," ","0",400," "," ","0",389," "," ","0",367," "," ","0",NA," "," "," "
"1528","USC00413787",1969,6,"TMIN",128," "," ","0",111," "," ","0",117," "," ","0",111," "," ","0",144," "," ","0",156," "," ","0",156," "," ","0",156," "," ","0",133," "," ","0",156," "," ","0",150," "," ","0",144," "," ","0",133," "," ","0",72," "," ","0",100," "," ","0",139," "," ","0",133," "," ","0",139," "," ","0",122," "," ","0",156," "," ","0",178," "," ","0",189," "," ","0",144," "," ","0",161," "," ","0",150," "," ","0",156," "," ","0",83," "," ","0",217," "," ","0",222," "," ","0",194," "," ","0",NA," "," "," "
"1529","USC00413787",1969,6,"TOBS",222," "," ","0",222," "," ","0",289," "," ","0",322," "," ","0",361," "," ","0",356," "," ","0",356," "," ","0",183," "," ","0",283," "," ","0",278," "," ","0",267," "," ","0",256," "," ","0",156," "," ","0",189," "," ","0",228," "," ","0",233," "," ","0",250," "," ","0",239," "," ","0",322," "," ","0",294," "," ","0",372," "," ","0",361," "," ","0",328," "," ","0",356," "," ","0",339," "," ","0",333," "," ","0",367," "," ","0",383," "," ","0",356," "," ","0",361," "," ","0",NA," "," "," "
"1530","USC00413787",1969,6,"PRCP",64," "," ","0",0," "," ","0",0," "," ","0",0," "," ","0",0," "," ","0",0," "," ","0",0," "," ","0",5," "," ","0",0," "," ","0",56," "," ","0",0," "," ","0",0," "," ","0",30," "," ","0",10," "," ","0",0," "," ","0",0," "," ","0",99," "," ","0",38," "," ","0",0," "," ","0",0," "," ","0",0," "," ","0",0," "," ","0",0," "," ","0",0," "," ","0",0," "," ","0",0," "," ","0",0," "," ","0",0," "," ","0",0," "," ","0",8," "," ","0",NA," "," "," "
"1531","USC00413787",1969,6,"SNOW",0," "," ","0",0," "," ","0",0," "," ","0",0," "," ","0",0," "," ","0",0," "," ","0",0," "," ","0",0," "," ","0",0," "," ","0",0," "," ","0",0," "," ","0",0," "," ","0",0," "," ","0",0," "," ","0",0," "," ","0",0," "," ","0",0," "," ","0",0," "," ","0",0," "," ","0",0," "," ","0",0," "," ","0",0," "," ","0",0," "," ","0",0," "," ","0",0," "," ","0",0," "," ","0",0," "," ","0",0," "," ","0",0," "," ","0",0," "," ","0",NA," "," "," "
"1532","USC00413787",1969,6,"SNWD",0," "," ","0",0," "," ","0",0," "," ","0",0," "," ","0",0," "," ","0",0," "," ","0",0," "," ","0",0," "," ","0",0," "," ","0",0," "," ","0",0," "," ","0",0," "," ","0",0," "," ","0",0," "," ","0",0," "," ","0",0," "," ","0",0," "," ","0",0," "," ","0",0," "," ","0",0," "," ","0",0," "," ","0",0," "," ","0",0," "," ","0",0," "," ","0",0," "," ","0",0," "," ","0",0," "," ","0",0," "," ","0",0," "," ","0",0," "," ","0",NA," "," "," "
"1533","USC00413787",1969,6,"WT03",1," "," ","0",NA," "," "," ",NA," "," "," ",NA," "," "," ",NA," "," "," ",NA," "," "," ",NA," "," "," ",1," "," ","0",NA," "," "," ",NA," "," "," ",NA," "," "," ",NA," "," "," ",1," "," ","0",NA," "," "," ",NA," "," "," ",NA," "," "," ",1," "," ","0",1," "," ","0",1," "," ","0",NA," "," "," ",NA," "," "," ",NA," "," "," ",NA," "," "," ",NA," "," "," ",NA," "," "," ",NA," "," "," ",NA," "," "," ",NA," "," "," ",NA," "," "," ",1," "," ","0",NA," "," "," "
"1534","USC00413787",1969,7,"TMAX",372," "," ","0",394," "," ","0",394," "," ","0",406," "," ","0",394," "," ","0",350," "," ","0",339," "," ","0",350," "," ","0",350," "," ","0",344," "," ","0",339," "," ","0",372," "," ","0",383," "," ","0",378," "," ","0",389," "," ","0",394," "," ","0",378," "," ","0",389," "," ","0",372," "," ","0",333," "," ","0",356," "," ","0",372," "," ","0",400," "," ","0",389," "," ","0",328," "," ","0",389," "," ","0",378," "," ","0",367," "," ","0",389," "," ","0",400," "," ","0",344," "," ","0"
"1535","USC00413787",1969,7,"TMIN",200," "," ","0",211," "," ","0",217," "," ","0",206," "," ","0",183," "," ","0",178," "," ","0",183," "," ","0",211," "," ","0",194," "," ","0",194," "," ","0",189," "," ","0",194," "," ","0",211," "," ","0",206," "," ","0",217," "," ","0",206," "," ","0",200," "," ","0",194," "," ","0",183," "," ","0",189," "," ","0",183," "," ","0",161," "," ","0",200," "," ","0",206," "," ","0",189," "," ","0",189," "," ","0",211," "," ","0",139," "," ","0",172," "," ","0",206," "," ","0",189," "," ","0"
"1536","USC00413787",1969,7,"TOBS",361," "," ","0",389," "," ","0",389," "," ","0",394," "," ","0",317," "," ","0",339," "," ","0",317," "," ","0",350," "," ","0",344," "," ","0",278," "," ","0",339," "," ","0",367," "," ","0",378," "," ","0",372," "," ","0",378," "," ","0",378," "," ","0",344," "," ","0",372," "," ","0",317," "," ","0",322," "," ","0",217," "," ","0",356," "," ","0",389," "," ","0",317," "," ","0",294," "," ","0",378," "," ","0",278," "," ","0",356," "," ","0",378," "," ","0",294," "," ","0",333," "," ","0"
"1537","USC00413787",1969,7,"PRCP",0," "," ","0",0," "," ","0",0," "," ","0",0," "," ","0",203," "," ","0",0,"T"," ","0",119," "," ","0",0," "," ","0",0," "," ","0",178," "," ","0",18," "," ","0",0," "," ","0",0," "," ","0",0," "," ","0",0," "," ","0",0," "," ","0",0," "," ","0",0," "," ","0",0," "," ","0",0," "," ","0",0,"T"," ","0",66," "," ","0",0," "," ","0",0," "," ","0",315," "," ","0",0," "," ","0",0," "," ","0",0," "," ","0",0," "," ","0",0," "," ","0",15," "," ","0"
"1538","USC00413787",1969,7,"SNOW",0," "," ","0",0," "," ","0",0," "," ","0",0," "," ","0",0," "," ","0",0," "," ","0",0," "," ","0",0," "," ","0",0," "," ","0",0," "," ","0",0," "," ","0",0," "," ","0",0," "," ","0",0," "," ","0",0," "," ","0",0," "," ","0",0," "," ","0",0," "," ","0",0," "," ","0",0," "," ","0",0," "," ","0",0," "," ","0",0," "," ","0",0," "," ","0",0," "," ","0",0," "," ","0",0," "," ","0",0," "," ","0",0," "," ","0",0," "," ","0",0," "," ","0"
"1539","USC00413787",1969,7,"SNWD",0," "," ","0",0," "," ","0",0," "," ","0",0," "," ","0",0," "," ","0",0," "," ","0",0," "," ","0",0," "," ","0",0," "," ","0",0," "," ","0",0," "," ","0",0," "," ","0",0," "," ","0",0," "," ","0",0," "," ","0",0," "," ","0",0," "," ","0",0," "," ","0",0," "," ","0",0," "," ","0",0," "," ","0",0," "," ","0",0," "," ","0",0," "," ","0",0," "," ","0",0," "," ","0",0," "," ","0",0," "," ","0",0," "," ","0",0," "," ","0",0," "," ","0"
"1540","USC00413787",1969,7,"WT03",NA," "," "," ",NA," "," "," ",NA," "," "," ",NA," "," "," ",1," "," ","0",1," "," ","0",1," "," ","0",NA," "," "," ",NA," "," "," ",1," "," ","0",1," "," ","0",NA," "," "," ",NA," "," "," ",NA," "," "," ",NA," "," "," ",NA," "," "," ",NA," "," "," ",NA," "," "," ",NA," "," "," ",NA," "," "," ",1," "," ","0",1," "," ","0",NA," "," "," ",NA," "," "," ",1," "," ","0",NA," "," "," ",NA," "," "," ",NA," "," "," ",NA," "," "," ",1," "," ","0",1," "," ","0"
"1541","USC00413787",1969,8,"TMAX",372," "," ","0",372," "," ","0",367," "," ","0",361," "," ","0",378," "," ","0",389," "," ","0",400," "," ","0",400," "," ","0",383," "," ","0",383," "," ","0",406," "," ","0",406," "," ","0",389," "," ","0",367," "," ","0",367," "," ","0",394," "," ","0",411," "," ","0",383," "," ","0",400," "," ","0",400," "," ","0",394," "," ","0",350," "," ","0",350," "," ","0",306," "," ","0",289," "," ","0",278," "," ","0",300," "," ","0",300," "," ","0",294," "," ","0",294," "," ","0",256," "," ","0"
"1542","USC00413787",1969,8,"TMIN",178," "," ","0",194," "," ","0",178," "," ","0",222," "," ","0",183," "," ","0",211," "," ","0",206," "," ","0",200," "," ","0",189," "," ","0",161," "," ","0",189," "," ","0",178," "," ","0",189," "," ","0",178," "," ","0",156," "," ","0",167," "," ","0",189," "," ","0",206," "," ","0",206," "," ","0",194," "," ","0",194," "," ","0",183," "," ","0",183," "," ","0",200," "," ","0",167," "," ","0",172," "," ","0",178," "," ","0",183," "," ","0",183," "," ","0",189," "," ","0",183," "," ","0"
"1543","USC00413787",1969,8,"TOBS",322," "," ","0",339," "," ","0",350," "," ","0",339," "," ","0",367," "," ","0",378," "," ","0",389," "," ","0",378," "," ","0",344," "," ","0",344," "," ","0",394," "," ","0",383," "," ","0",356," "," ","0",300," "," ","0",356," "," ","0",378," "," ","0",378," "," ","0",372," "," ","0",350," "," ","0",389," "," ","0",317," "," ","0",344," "," ","0",211," "," ","0",244," "," ","0",244," "," ","0",261," "," ","0",289," "," ","0",283," "," ","0",278," "," ","0",256," "," ","0",222," "," ","0"
"1544","USC00413787",1969,8,"PRCP",0," "," ","0",0," "," ","0",0," "," ","0",0," "," ","0",0," "," ","0",0," "," ","0",0," "," ","0",0," "," ","0",0," "," ","0",0," "," ","0",0," "," ","0",0," "," ","0",0," "," ","0",0," "," ","0",0," "," ","0",0," "," ","0",0," "," ","0",0," "," ","0",0," "," ","0",0," "," ","0",0,"T"," ","0",127," "," ","0",404," "," ","0",135," "," ","0",185," "," ","0",10," "," ","0",0," "," ","0",0," "," ","0",0," "," ","0",0," "," ","0",25," "," ","0"
"1545","USC00413787",1969,8,"SNOW",0," "," ","0",0," "," ","0",0," "," ","0",0," "," ","0",0," "," ","0",0," "," ","0",0," "," ","0",0," "," ","0",0," "," ","0",0," "," ","0",0," "," ","0",0," "," ","0",0," "," ","0",0," "," ","0",0," "," ","0",0," "," ","0",0," "," ","0",0," "," ","0",0," "," ","0",0," "," ","0",0," "," ","0",0," "," ","0",0," "," ","0",0," "," ","0",0," "," ","0",0," "," ","0",0," "," ","0",0," "," ","0",0," "," ","0",0," "," ","0",0," "," ","0"
"1546","USC00413787",1969,8,"SNWD",0," "," ","0",0," "," ","0",0," "," ","0",0," "," ","0",0," "," ","0",0," "," ","0",0," "," ","0",0," "," ","0",0," "," ","0",0," "," ","0",0," "," ","0",0," "," ","0",0," "," ","0",0," "," ","0",0," "," ","0",0," "," ","0",0," "," ","0",0," "," ","0",0," "," ","0",0," "," ","0",0," "," ","0",0," "," ","0",0," "," ","0",0," "," ","0",0," "," ","0",0," "," ","0",0," "," ","0",0," "," ","0",0," "," ","0",0," "," ","0",0," "," ","0"
"1547","USC00413787",1969,8,"WT03",NA," "," "," ",NA," "," "," ",NA," "," "," ",NA," "," "," ",NA," "," "," ",NA," "," "," ",NA," "," "," ",NA," "," "," ",NA," "," "," ",NA," "," "," ",NA," "," "," ",NA," "," "," ",NA," "," "," ",NA," "," "," ",NA," "," "," ",NA," "," "," ",NA," "," "," ",NA," "," "," ",NA," "," "," ",NA," "," "," ",1," "," ","0",1," "," ","0",1," "," ","0",1," "," ","0",1," "," ","0",NA," "," "," ",NA," "," "," ",NA," "," "," ",NA," "," "," ",NA," "," "," ",1," "," ","0"
"1548","USC00413787",1969,9,"TMAX",278," "," ","0",289," "," ","0",306," "," ","0",317," "," ","0",333," "," ","0",339," "," ","0",333," "," ","0",228," "," ","0",206," "," ","0",183," "," ","0",228," "," ","0",256," "," ","0",294," "," ","0",294," "," ","0",328," "," ","0",283," "," ","0",244," "," ","0",267," "," ","0",267," "," ","0",294," "," ","0",283," "," ","0",283," "," ","0",256," "," ","0",272," "," ","0",306," "," ","0",311," "," ","0",333," "," ","0",322," "," ","0",311," "," ","0",317," "," ","0",NA," "," "," "
"1549","USC00413787",1969,9,"TMIN",161," "," ","0",161," "," ","0",172," "," ","0",167," "," ","0",178," "," ","0",183," "," ","0",178," "," ","0",167," "," ","0",156," "," ","0",144," "," ","0",150," "," ","0",144," "," ","0",161," "," ","0",172," "," ","0",161," "," ","0",133," "," ","0",139," "," ","0",144," "," ","0",139," "," ","0",139," "," ","0",156," "," ","0",122," "," ","0",100," "," ","0",111," "," ","0",122," "," ","0",122," "," ","0",122," "," ","0",133," "," ","0",133," "," ","0",122," "," ","0",NA," "," "," "
"1550","USC00413787",1969,9,"TOBS",256," "," ","0",283," "," ","0",294," "," ","0",311," "," ","0",322," "," ","0",333," "," ","0",211," "," ","0",206," "," ","0",183," "," ","0",161," "," ","0",222," "," ","0",233," "," ","0",267," "," ","0",294," "," ","0",283," "," ","0",244," "," ","0",200," "," ","0",261," "," ","0",256," "," ","0",267," "," ","0",233," "," ","0",228," "," ","0",250," "," ","0",267," "," ","0",283," "," ","0",300," "," ","0",322," "," ","0",267," "," ","0",306," "," ","0",133," "," ","0",NA," "," "," "
"1551","USC00413787",1969,9,"PRCP",318," "," ","0",0," "," ","0",0," "," ","0",0," "," ","0",0," "," ","0",0," "," ","0",150," "," ","0",25," "," ","0",5," "," ","0",41," "," ","0",0,"T"," ","0",0," "," ","0",0," "," ","0",0," "," ","0",0," "," ","0",114," "," ","0",102," "," ","0",376," "," ","0",0," "," ","0",0," "," ","0",8," "," ","0",0," "," ","0",0," "," ","0",0," "," ","0",0," "," ","0",0," "," ","0",0," "," ","0",0," "," ","0",0," "," ","0",0," "," ","0",NA," "," "," "
"1552","USC00413787",1969,9,"SNOW",0," "," ","0",0," "," ","0",0," "," ","0",0," "," ","0",0," "," ","0",0," "," ","0",0," "," ","0",0," "," ","0",0," "," ","0",0," "," ","0",0," "," ","0",0," "," ","0",0," "," ","0",0," "," ","0",0," "," ","0",0," "," ","0",0," "," ","0",0," "," ","0",0," "," ","0",0," "," ","0",0," "," ","0",0," "," ","0",0," "," ","0",0," "," ","0",0," "," ","0",0," "," ","0",0," "," ","0",0," "," ","0",0," "," ","0",0," "," ","0",NA," "," "," "
"1553","USC00413787",1969,9,"SNWD",0," "," ","0",0," "," ","0",0," "," ","0",0," "," ","0",0," "," ","0",0," "," ","0",0," "," ","0",0," "," ","0",0," "," ","0",0," "," ","0",0," "," ","0",0," "," ","0",0," "," ","0",0," "," ","0",0," "," ","0",0," "," ","0",0," "," ","0",0," "," ","0",0," "," ","0",0," "," ","0",0," "," ","0",0," "," ","0",0," "," ","0",0," "," ","0",0," "," ","0",0," "," ","0",0," "," ","0",0," "," ","0",0," "," ","0",0," "," ","0",NA," "," "," "
"1554","USC00413787",1969,9,"WT03",NA," "," "," ",NA," "," "," ",NA," "," "," ",NA," "," "," ",NA," "," "," ",NA," "," "," ",1," "," ","0",NA," "," "," ",NA," "," "," ",NA," "," "," ",NA," "," "," ",NA," "," "," ",NA," "," "," ",NA," "," "," ",NA," "," "," ",NA," "," "," ",NA," "," "," ",1," "," ","0",NA," "," "," ",NA," "," "," ",1," "," ","0",NA," "," "," ",NA," "," "," ",NA," "," "," ",NA," "," "," ",NA," "," "," ",NA," "," "," ",NA," "," "," ",NA," "," "," ",NA," "," "," ",NA," "," "," "
"1555","USC00413787",1969,10,"TMAX",317," "," ","0",317," "," ","0",306," "," ","0",289," "," ","0",250," "," ","0",217," "," ","0",250," "," ","0",267," "," ","0",317," "," ","0",289," "," ","0",228," "," ","0",100," "," ","0",72," "," ","0",156," "," ","0",139," "," ","0",156," "," ","0",117," ","I","0",239," "," ","0",289," "," ","0",283," "," ","0",183," "," ","0",156," "," ","0",83," "," ","0",189," "," ","0",167," "," ","0",128," "," ","0",83," "," ","0",50," "," ","0",111," "," ","0",94," "," ","0",161," "," ","0"
"1556","USC00413787",1969,10,"TMIN",122," "," ","0",94," "," ","0",167," "," ","0",172," "," ","0",61," "," ","0",50," "," ","0",22," "," ","0",72," "," ","0",133," "," ","0",106," "," ","0",56," "," ","0",0," "," ","0",-22," "," ","0",-33," "," ","0",61," "," ","0",-28," "," ","0",28," "," ","0",72," "," ","0",156," "," ","0",94," "," ","0",56," "," ","0",61," "," ","0",61," "," ","0",56," "," ","0",50," "," ","0",28," "," ","0",11," "," ","0",0," "," ","0",28," "," ","0",11," "," ","0",-17," "," ","0"
"1557","USC00413787",1969,10,"TOBS",300," "," ","0",300," "," ","0",283," "," ","0",250," "," ","0",122," "," ","0",211," "," ","0",239," "," ","0",250," "," ","0",289," "," ","0",228," "," ","0",100," "," ","0",33," "," ","0",67," "," ","0",139," "," ","0",83," "," ","0",128," ","I","0",106," "," ","0",211," "," ","0",283," "," ","0",183," "," ","0",156," "," ","0",72," "," ","0",78," "," ","0",167," "," ","0",128," "," ","0",44," "," ","0",44," "," ","0",33," "," ","0",78," "," ","0",56," "," ","0",94," "," ","0"
"1558","USC00413787",1969,10,"PRCP",0," "," ","0",0," "," ","0",0," "," ","0",0," "," ","0",0,"T"," ","0",15," "," ","0",0," "," ","0",0," "," ","0",0," "," ","0",0," "," ","0",0," "," ","0",147," "," ","0",0," "," ","0",0," "," ","0",0," "," ","0",0," "," ","0",0," "," ","0",8," "," ","0",0," "," ","0",0," "," ","0",94," "," ","0",0," "," ","0",30," "," ","0",0," "," ","0",0," "," ","0",0,"T"," ","0",0," "," ","0",48," "," ","0",13," "," ","0",0," "," ","0",0," "," ","0"
"1559","USC00413787",1969,10,"SNOW",0," "," ","0",0," "," ","0",0," "," ","0",0," "," ","0",0," "," ","0",0," "," ","0",0," "," ","0",0," "," ","0",0," "," ","0",0," "," ","0",0," "," ","0",0," "," ","0",0," "," ","0",0," "," ","0",0," "," ","0",0," "," ","0",0," "," ","0",0," "," ","0",0," "," ","0",0," "," ","0",0," "," ","0",0," "," ","0",0," "," ","0",0," "," ","0",0," "," ","0",0," "," ","0",0," "," ","0",0," "," ","0",0," "," ","0",0," "," ","0",0," "," ","0"
"1560","USC00413787",1969,10,"SNWD",0," "," ","0",0," "," ","0",0," "," ","0",0," "," ","0",0," "," ","0",0," "," ","0",0," "," ","0",0," "," ","0",0," "," ","0",0," "," ","0",0," "," ","0",0," "," ","0",0," "," ","0",0," "," ","0",0," "," ","0",0," "," ","0",0," "," ","0",0," "," ","0",0," "," ","0",0," "," ","0",0," "," ","0",0," "," ","0",0," "," ","0",0," "," ","0",0," "," ","0",0," "," ","0",0," "," ","0",0," "," ","0",0," "," ","0",0," "," ","0",0," "," ","0"
"1561","USC00413787",1969,11,"TMAX",94," "," ","0",100," "," ","0",133," "," ","0",206," "," ","0",217," "," ","0",233," "," ","0",267," "," ","0",211," "," ","0",233," "," ","0",233," "," ","0",189," "," ","0",233," "," ","0",139," "," ","0",117," "," ","0",222," "," ","0",228," "," ","0",200," "," ","0",89," "," ","0",106," "," ","0",189," "," ","0",217," "," ","0",156," "," ","0",128," "," ","0",167," "," ","0",139," "," ","0",133," "," ","0",72," "," ","0",150," "," ","0",144," "," ","0",217," "," ","0",NA," "," "," "
"1562","USC00413787",1969,11,"TMIN",-6," "," ","0",-11," "," ","0",-39," "," ","0",-56," "," ","0",0," "," ","0",6," "," ","0",0," "," ","0",22," "," ","0",-11," "," ","0",39," "," ","0",22," "," ","0",6," "," ","0",0," "," ","0",-61," "," ","0",-28," "," ","0",61," "," ","0",83," "," ","0",-44," "," ","0",-94," "," ","0",-72," "," ","0",-39," "," ","0",0," "," ","0",-17," "," ","0",-44," "," ","0",-33," "," ","0",-33," "," ","0",-67," "," ","0",-117," "," ","0",-61," "," ","0",-39," "," ","0",NA," "," "," "
"1563","USC00413787",1969,11,"TOBS",56," "," ","0",39," "," ","0",72," "," ","0",156," "," ","0",156," "," ","0",156," "," ","0",167," "," ","0",156," "," ","0",156," "," ","0",150," "," ","0",128," "," ","0",139," "," ","0",6," "," ","0",67," "," ","0",117," "," ","0",178," "," ","0",89," "," ","0",17," "," ","0",-61," "," ","0",94," "," ","0",128," "," ","0",72," "," ","0",78," "," ","0",94," "," ","0",72," "," ","0",72," "," ","0",11," "," ","0",83," "," ","0",50," "," ","0",100," "," ","0",NA," "," "," "
"1564","USC00413787",1969,11,"PRCP",20," "," ","0",0,"T"," ","0",0," "," ","0",0," "," ","0",0," "," ","0",0," "," ","0",0," "," ","0",0," "," ","0",0," "," ","0",0," "," ","0",0," "," ","0",0," "," ","0",0,"T"," ","0",0," "," ","0",0," "," ","0",0," "," ","0",0," "," ","0",0," "," ","0",0," "," ","0",0," "," ","0",0," "," ","0",0," "," ","0",0," "," ","0",0," "," ","0",0," "," ","0",0," "," ","0",0," "," ","0",0," "," ","0",0," "," ","0",0," "," ","0",NA," "," "," "
"1565","USC00413787",1969,11,"SNOW",0," "," ","0",0," "," ","0",0," "," ","0",0," "," ","0",0," "," ","0",0," "," ","0",0," "," ","0",0," "," ","0",0," "," ","0",0," "," ","0",0," "," ","0",0," "," ","0",0," "," ","0",0," "," ","0",0," "," ","0",0," "," ","0",0," "," ","0",0," "," ","0",0," "," ","0",0," "," ","0",0," "," ","0",0," "," ","0",0," "," ","0",0," "," ","0",0," "," ","0",0," "," ","0",0," "," ","0",0," "," ","0",0," "," ","0",0," "," ","0",NA," "," "," "
"1566","USC00413787",1969,11,"SNWD",0," "," ","0",0," "," ","0",0," "," ","0",0," "," ","0",0," "," ","0",0," "," ","0",0," "," ","0",0," "," ","0",0," "," ","0",0," "," ","0",0," "," ","0",0," "," ","0",0," "," ","0",0," "," ","0",0," "," ","0",0," "," ","0",0," "," ","0",0," "," ","0",0," "," ","0",0," "," ","0",0," "," ","0",0," "," ","0",0," "," ","0",0," "," ","0",0," "," ","0",0," "," ","0",0," "," ","0",0," "," ","0",0," "," ","0",0," "," ","0",NA," "," "," "
"1567","USC00413787",1969,12,"TMAX",178," "," ","0",206," "," ","0",178," "," ","0",94," "," ","0",72," "," ","0",39," "," ","0",44," "," ","0",39," "," ","0",17," "," ","0",39," "," ","0",133," "," ","0",194," "," ","0",189," "," ","0",167," "," ","0",122," "," ","0",144," "," ","0",172," "," ","0",106," "," ","0",83," "," ","0",150," "," ","0",161," "," ","0",233," "," ","0",139," "," ","0",100," "," ","0",117," "," ","0",200," "," ","0",150," "," ","0",33," "," ","0",-22," "," ","0",22," "," ","0",39," "," ","0"
"1568","USC00413787",1969,12,"TMIN",-17," "," ","0",-33," "," ","0",-50," "," ","0",17," "," ","0",6," "," ","0",-11," "," ","0",-83," "," ","0",-17," "," ","0",-11," "," ","0",-17," "," ","0",-89," "," ","0",-67," "," ","0",-17," "," ","0",-50," "," ","0",-17," "," ","0",-39," "," ","0",-33," "," ","0",-33," "," ","0",-78," "," ","0",-50," "," ","0",-11," "," ","0",11," "," ","0",-44," "," ","0",-22," "," ","0",-50," "," ","0",-28," "," ","0",-11," "," ","0",-83," "," ","0",-83," "," ","0",-150," "," ","0",-106," "," ","0"
"1569","USC00413787",1969,12,"TOBS",128," "," ","0",139," "," ","0",94," "," ","0",33," "," ","0",6," "," ","0",11," "," ","0",28," "," ","0",6," "," ","0",17," "," ","0",11," "," ","0",67," "," ","0",94," "," ","0",128," "," ","0",83," "," ","0",67," "," ","0",89," "," ","0",106," "," ","0",50," "," ","0",44," "," ","0",72," "," ","0",111," "," ","0",106," "," ","0",100," "," ","0",44," "," ","0",-17," "," ","0",150," "," ","0",33," "," ","0",-22," "," ","0",-67," "," ","0",-11," "," ","0",-6," "," ","0"
"1570","USC00413787",1969,12,"PRCP",0," "," ","0",0," "," ","0",0," "," ","0",0,"T"," ","0",10," "," ","0",0," "," ","0",0," "," ","0",0," "," ","0",0," "," ","0",0," "," ","0",0," "," ","0",0," "," ","0",0," "," ","0",0," "," ","0",0," "," ","0",0," "," ","0",0," "," ","0",0," "," ","0",0," "," ","0",0," "," ","0",0," "," ","0",0,"T"," ","0",0," "," ","0",0," "," ","0",0," "," ","0",0," "," ","0",0," "," ","0",0," "," ","0",20," "," ","0",0," "," ","0",0," "," ","0"
"1571","USC00413787",1969,12,"SNOW",0," "," ","0",0," "," ","0",0," "," ","0",0," "," ","0",0," "," ","0",0," "," ","0",0," "," ","0",0," "," ","0",0," "," ","0",0," "," ","0",0," "," ","0",0," "," ","0",0," "," ","0",0," "," ","0",0," "," ","0",0," "," ","0",0," "," ","0",0," "," ","0",0," "," ","0",0," "," ","0",0," "," ","0",0," "," ","0",0," "," ","0",0," "," ","0",0," "," ","0",0," "," ","0",0," "," ","0",0," "," ","0",25," "," ","0",0," "," ","0",0," "," ","0"
"1572","USC00413787",1969,12,"SNWD",0," "," ","0",0," "," ","0",0," "," ","0",0," "," ","0",0," "," ","0",0," "," ","0",0," "," ","0",0," "," ","0",0," "," ","0",0," "," ","0",0," "," ","0",0," "," ","0",0," "," ","0",0," "," ","0",0," "," ","0",0," "," ","0",0," "," ","0",0," "," ","0",0," "," ","0",0," "," ","0",0," "," ","0",0," "," ","0",0," "," ","0",0," "," ","0",0," "," ","0",0," "," ","0",0," "," ","0",0," "," ","0",25," "," ","0",0,"T"," ","0",0," "," ","0"
"1573","USC00413787",1970,1,"TMAX",28," "," ","0",33," "," ","0",56," "," ","0",72," "," ","0",28," "," ","0",-11," "," ","0",11," "," ","0",-39," "," ","0",28," "," ","0",172," "," ","0",128," "," ","0",72," "," ","0",128," "," ","0",161," "," ","0",156," "," ","0",89," "," ","0",33," "," ","0",-39," "," ","0",78," "," ","0",56," "," ","0",61," "," ","0",172," "," ","0",183," "," ","0",278," "," ","0",222," "," ","0",150," "," ","0",239," "," ","0",206," "," ","0",72," "," ","0",128," "," ","0",139," "," ","0"
"1574","USC00413787",1970,1,"TMIN",-100," "," ","0",-117," "," ","0",-133," "," ","0",-122," "," ","0",-122," "," ","0",-167," "," ","0",-161," "," ","0",-178," "," ","0",-133," "," ","0",-17," "," ","0",-11," "," ","0",-28," "," ","0",-94," "," ","0",-72," "," ","0",-61," "," ","0",-33," "," ","0",-106," "," ","0",-128," "," ","0",-111," "," ","0",-83," "," ","0",-67," "," ","0",-72," "," ","0",-44," "," ","0",-11," "," ","0",-11," "," ","0",-11," "," ","0",-61," "," ","0",28," "," ","0",-89," "," ","0",-111," "," ","0",-72," "," ","0"
"1575","USC00413787",1970,1,"TOBS",-6," "," ","0",-33," "," ","0",-28," "," ","0",28," "," ","0",-44," "," ","0",-33," "," ","0",-39," "," ","0",-78," "," ","0",-6," "," ","0",128," "," ","0",61," "," ","0",17," "," ","0",72," "," ","0",106," "," ","0",89," "," ","0",-6," "," ","0",-100," "," ","0",-50," "," ","0",56," "," ","0",-11," "," ","0",22," "," ","0",128," "," ","0",139," "," ","0",222," "," ","0",111," "," ","0",89," "," ","0",206," "," ","0",56," "," ","0",56," "," ","0",67," "," ","0",89," "," ","0"
"1576","USC00413787",1970,1,"PRCP",0," "," ","0",0," "," ","0",0," "," ","0",0," "," ","0",0,"T"," ","0",0," "," ","0",0," "," ","0",0," "," ","0",0," "," ","0",0," "," ","0",0," "," ","0",0," "," ","0",0," "," ","0",0," "," ","0",0," "," ","0",0,"T"," ","0",0,"T"," ","0",0,"T"," ","0",0," "," ","0",0," "," ","0",0," "," ","0",0," "," ","0",0," "," ","0",0," "," ","0",0," "," ","0",0," "," ","0",0," "," ","0",0," "," ","0",0," "," ","0",0," "," ","0",0," "," ","0"
"1577","USC00413787",1970,1,"SNOW",0," "," ","0",0," "," ","0",0," "," ","0",0," "," ","0",0," "," ","0",0," "," ","0",0," "," ","0",0," "," ","0",0," "," ","0",0," "," ","0",0," "," ","0",0," "," ","0",0," "," ","0",0," "," ","0",0," "," ","0",0," "," ","0",0," "," ","0",0," "," ","0",0," "," ","0",0," "," ","0",0," "," ","0",0," "," ","0",0," "," ","0",0," "," ","0",0," "," ","0",0," "," ","0",0," "," ","0",0," "," ","0",0," "," ","0",0," "," ","0",0," "," ","0"
"1578","USC00413787",1970,1,"SNWD",0," "," ","0",0," "," ","0",0," "," ","0",0," "," ","0",0," "," ","0",0," "," ","0",0," "," ","0",0," "," ","0",0," "," ","0",0," "," ","0",0," "," ","0",0," "," ","0",0," "," ","0",0," "," ","0",0," "," ","0",0," "," ","0",0," "," ","0",0," "," ","0",0," "," ","0",0," "," ","0",0," "," ","0",0," "," ","0",0," "," ","0",0," "," ","0",0," "," ","0",0," "," ","0",0," "," ","0",0," "," ","0",0," "," ","0",0," "," ","0",0," "," ","0"
"1579","USC00413787",1970,1,"WT06",NA," "," "," ",NA," "," "," ",NA," "," "," ",NA," "," "," ",NA," "," "," ",NA," "," "," ",NA," "," "," ",NA," "," "," ",NA," "," "," ",NA," "," "," ",NA," "," "," ",NA," "," "," ",NA," "," "," ",NA," "," "," ",NA," "," "," ",NA," "," "," ",1," "," ","0",NA," "," "," ",NA," "," "," ",NA," "," "," ",NA," "," "," ",NA," "," "," ",NA," "," "," ",NA," "," "," ",NA," "," "," ",NA," "," "," ",NA," "," "," ",NA," "," "," ",NA," "," "," ",NA," "," "," ",NA," "," "," "
"1580","USC00413787",1970,2,"TMAX",144," "," ","0",67," "," ","0",117," "," ","0",128," "," ","0",128," "," ","0",172," "," ","0",189," "," ","0",144," "," ","0",161," "," ","0",239," "," ","0",194," "," ","0",228," "," ","0",200," "," ","0",67," "," ","0",161," "," ","0",233," "," ","0",300," "," ","0",250," "," ","0",128," "," ","0",156," "," ","0",139," "," ","0",172," "," ","0",144," "," ","0",156," "," ","0",128," "," ","0",183," "," ","0",222," "," ","0",206," "," ","0",NA," "," "," ",NA," "," "," ",NA," "," "," "
"1581","USC00413787",1970,2,"TMIN",-67," "," ","0",-78," "," ","0",-83," "," ","0",-22," "," ","0",-83," "," ","0",-78," "," ","0",-28," "," ","0",-6," "," ","0",-83," "," ","0",-28," "," ","0",0," "," ","0",-33," "," ","0",-39," "," ","0",-89," "," ","0",-33," "," ","0",-28," "," ","0",0," "," ","0",50," "," ","0",-39," "," ","0",-61," "," ","0",11," "," ","0",33," "," ","0",11," "," ","0",-33," "," ","0",-6," "," ","0",-17," "," ","0",-28," "," ","0",-28," "," ","0",NA," "," "," ",NA," "," "," ",NA," "," "," "
"1582","USC00413787",1970,2,"TOBS",67," "," ","0",0," "," ","0",89," "," ","0",72," "," ","0",89," "," ","0",128," "," ","0",133," "," ","0",133," "," ","0",156," "," ","0",194," "," ","0",72," "," ","0",200," "," ","0",44," "," ","0",44," "," ","0",144," "," ","0",200," "," ","0",250," "," ","0",78," "," ","0",106," "," ","0",139," "," ","0",78," "," ","0",139," "," ","0",106," "," ","0",111," "," ","0",61," "," ","0",106," "," ","0",167," "," ","0",178," "," ","0",NA," "," "," ",NA," "," "," ",NA," "," "," "
"1583","USC00413787",1970,2,"PRCP",0," "," ","0",0," "," ","0",0," "," ","0",0," "," ","0",0," "," ","0",0," "," ","0",0," "," ","0",0," "," ","0",0," "," ","0",0," "," ","0",0," "," ","0",0," "," ","0",0," "," ","0",0," "," ","0",0," "," ","0",0," "," ","0",0," "," ","0",0," "," ","0",0," "," ","0",0," "," ","0",0," "," ","0",0," "," ","0",0," "," ","0",0," "," ","0",0," "," ","0",0," "," ","0",0," "," ","0",0," "," ","0",NA," "," "," ",NA," "," "," ",NA," "," "," "
"1584","USC00413787",1970,2,"SNOW",0," "," ","0",0," "," ","0",0," "," ","0",0," "," ","0",0," "," ","0",0," "," ","0",0," "," ","0",0," "," ","0",0," "," ","0",0," "," ","0",0," "," ","0",0," "," ","0",0," "," ","0",0," "," ","0",0," "," ","0",0," "," ","0",0," "," ","0",0," "," ","0",0," "," ","0",0," "," ","0",0," "," ","0",0," "," ","0",0," "," ","0",0," "," ","0",0," "," ","0",0," "," ","0",0," "," ","0",0," "," ","0",NA," "," "," ",NA," "," "," ",NA," "," "," "
"1585","USC00413787",1970,2,"SNWD",0," "," ","0",0," "," ","0",0," "," ","0",0," "," ","0",0," "," ","0",0," "," ","0",0," "," ","0",0," "," ","0",0," "," ","0",0," "," ","0",0," "," ","0",0," "," ","0",0," "," ","0",0," "," ","0",0," "," ","0",0," "," ","0",0," "," ","0",0," "," ","0",0," "," ","0",0," "," ","0",0," "," ","0",0," "," ","0",0," "," ","0",0," "," ","0",0," "," ","0",0," "," ","0",0," "," ","0",0," "," ","0",NA," "," "," ",NA," "," "," ",NA," "," "," "
"1586","USC00413787",1970,3,"TMAX",250," "," ","0",222," "," ","0",167," "," ","0",183," "," ","0",189," "," ","0",150," "," ","0",206," "," ","0",261," "," ","0",222," "," ","0",28," "," ","0",6," "," ","0",0," "," ","0",106," "," ","0",172," "," ","0",172," "," ","0",111," "," ","0",156," "," ","0",111," "," ","0",78," "," ","0",100," "," ","0",156," "," ","0",194," "," ","0",233," "," ","0",289," "," ","0",200," "," ","0",133," "," ","0",111," "," ","0",72," "," ","0",33," "," ","0",33," "," ","0",17," "," ","0"
"1587","USC00413787",1970,3,"TMIN",11," "," ","0",83," "," ","0",11," "," ","0",-17," "," ","0",6," "," ","0",17," "," ","0",-44," "," ","0",-22," "," ","0",22," "," ","0",-50," "," ","0",-61," "," ","0",-100," "," ","0",-83," "," ","0",-33," "," ","0",-6," "," ","0",-39," "," ","0",-44," "," ","0",-11," "," ","0",-39," "," ","0",-67," "," ","0",-6," "," ","0",-28," "," ","0",-50," "," ","0",-39," "," ","0",17," "," ","0",-78," "," ","0",-56," "," ","0",-72," "," ","0",-67," "," ","0",-6," "," ","0",0," "," ","0"
"1588","USC00413787",1970,3,"TOBS",200," "," ","0",161," "," ","0",133," "," ","0",167," "," ","0",150," "," ","0",94," "," ","0",172," "," ","0",222," "," ","0",28," "," ","0",6," "," ","0",-33," "," ","0",-6," "," ","0",72," "," ","0",111," "," ","0",111," "," ","0",-22," "," ","0",111," "," ","0",33," "," ","0",44," "," ","0",78," "," ","0",117," "," ","0",150," "," ","0",183," "," ","0",183," "," ","0",56," "," ","0",111," "," ","0",-56," "," ","0",33," "," ","0",6," "," ","0",17," "," ","0",6," "," ","0"
"1589","USC00413787",1970,3,"PRCP",0," "," ","0",0," "," ","0",0," "," ","0",0," "," ","0",0," "," ","0",8," "," ","0",0," "," ","0",0," "," ","0",0," "," ","0",0," "," ","0",10," "," ","0",10," "," ","0",0," "," ","0",0," "," ","0",0," "," ","0",0,"T"," ","0",0,"T"," ","0",0,"T"," ","0",10," "," ","0",0," "," ","0",0," "," ","0",0," "," ","0",0," "," ","0",0," "," ","0",0," "," ","0",0," "," ","0",0,"T"," ","0",71," "," ","0",0," "," ","0",10," "," ","0",10," "," ","0"
"1590","USC00413787",1970,3,"SNOW",0," "," ","0",0," "," ","0",0," "," ","0",0," "," ","0",0," "," ","0",0," "," ","0",0," "," ","0",0," "," ","0",0," "," ","0",0," "," ","0",13," "," ","0",13," "," ","0",0," "," ","0",0," "," ","0",0," "," ","0",0," "," ","0",0," "," ","0",0," "," ","0",0," "," ","0",0," "," ","0",0," "," ","0",0," "," ","0",0," "," ","0",0," "," ","0",0," "," ","0",0," "," ","0",0," "," ","0",8," "," ","0",0," "," ","0",0," "," ","0",0," "," ","0"
"1591","USC00413787",1970,3,"SNWD",0," "," ","0",0," "," ","0",0," "," ","0",0," "," ","0",0," "," ","0",0," "," ","0",0," "," ","0",0," "," ","0",0," "," ","0",0," "," ","0",0,"T"," ","0",0,"T"," ","0",0," "," ","0",0," "," ","0",0," "," ","0",0," "," ","0",0," "," ","0",0," "," ","0",0," "," ","0",0," "," ","0",0," "," ","0",0," "," ","0",0," "," ","0",0," "," ","0",0," "," ","0",0," "," ","0",0," "," ","0",0,"T"," ","0",0," "," ","0",0," "," ","0",0," "," ","0"
"1592","USC00413787",1970,3,"WT06",NA," "," "," ",NA," "," "," ",NA," "," "," ",NA," "," "," ",NA," "," "," ",NA," "," "," ",NA," "," "," ",NA," "," "," ",NA," "," "," ",NA," "," "," ",NA," "," "," ",NA," "," "," ",NA," "," "," ",NA," "," "," ",NA," "," "," ",1," "," ","0",NA," "," "," ",NA," "," "," ",NA," "," "," ",NA," "," "," ",NA," "," "," ",NA," "," "," ",NA," "," "," ",NA," "," "," ",NA," "," "," ",NA," "," "," ",NA," "," "," ",NA," "," "," ",NA," "," "," ",NA," "," "," ",NA," "," "," "
"1593","USC00413787",1970,4,"TMAX",11," "," ","0",172," "," ","0",144," "," ","0",61," "," ","0",211," "," ","0",267," "," ","0",250," "," ","0",211," "," ","0",217," "," ","0",250," "," ","0",300," "," ","0",261," "," ","0",206," "," ","0",194," "," ","0",222," "," ","0",211," "," ","0",211," "," ","0",206," "," ","0",206," "," ","0",178," "," ","0",250," "," ","0",228," "," ","0",228," "," ","0",239," "," ","0",289," "," ","0",306," "," ","0",294," "," ","0",300," "," ","0",289," "," ","0",211," "," ","0",NA," "," "," "
"1594","USC00413787",1970,4,"TMIN",-39," "," ","0",-61," "," ","0",-11," "," ","0",-17," "," ","0",-39," "," ","0",11," "," ","0",39," "," ","0",61," "," ","0",28," "," ","0",28," "," ","0",56," "," ","0",22," "," ","0",22," "," ","0",28," "," ","0",28," "," ","0",44," "," ","0",78," "," ","0",89," "," ","0",6," "," ","0",50," "," ","0",39," "," ","0",94," "," ","0",17," "," ","0",33," "," ","0",44," "," ","0",100," "," ","0",72," "," ","0",94," "," ","0",89," "," ","0",50," "," ","0",NA," "," "," "
"1595","USC00413787",1970,4,"TOBS",-11," "," ","0",139," "," ","0",17," "," ","0",50," "," ","0",194," "," ","0",239," "," ","0",211," "," ","0",183," "," ","0",178," "," ","0",178," "," ","0",261," "," ","0",167," "," ","0",156," "," ","0",122," "," ","0",139," "," ","0",194," "," ","0",100," "," ","0",183," "," ","0",178," "," ","0",161," "," ","0",228," "," ","0",228," "," ","0",206," "," ","0",211," "," ","0",267," "," ","0",294," "," ","0",278," "," ","0",283," "," ","0",211," "," ","0",78," "," ","0",NA," "," "," "
"1596","USC00413787",1970,4,"PRCP",64," "," ","0",0," "," ","0",0," "," ","0",142," "," ","0",0," "," ","0",0," "," ","0",0," "," ","0",0," "," ","0",0," "," ","0",0," "," ","0",0," "," ","0",0," "," ","0",0," "," ","0",0," "," ","0",0," "," ","0",0," "," ","0",10," "," ","0",216," "," ","0",0," "," ","0",0," "," ","0",0," "," ","0",0," "," ","0",0," "," ","0",0," "," ","0",0," "," ","0",0," "," ","0",0," "," ","0",0," "," ","0",0," "," ","0",0," "," ","0",NA," "," "," "
"1597","USC00413787",1970,4,"SNOW",0,"T"," ","0",0," "," ","0",0," "," ","0",152," "," ","0",0," "," ","0",0," "," ","0",0," "," ","0",0," "," ","0",0," "," ","0",0," "," ","0",0," "," ","0",0," "," ","0",0," "," ","0",0," "," ","0",0," "," ","0",0," "," ","0",0," "," ","0",0," "," ","0",0," "," ","0",0," "," ","0",0," "," ","0",0," "," ","0",0," "," ","0",0," "," ","0",0," "," ","0",0," "," ","0",0," "," ","0",0," "," ","0",0," "," ","0",0," "," ","0",NA," "," "," "
"1598","USC00413787",1970,4,"SNWD",0," "," ","0",0," "," ","0",0," "," ","0",51," "," ","0",0," "," ","0",0," "," ","0",0," "," ","0",0," "," ","0",0," "," ","0",0," "," ","0",0," "," ","0",0," "," ","0",0," "," ","0",0," "," ","0",0," "," ","0",0," "," ","0",0," "," ","0",0," "," ","0",0," "," ","0",0," "," ","0",0," "," ","0",0," "," ","0",0," "," ","0",0," "," ","0",0," "," ","0",0," "," ","0",0," "," ","0",0," "," ","0",0," "," ","0",0," "," ","0",NA," "," "," "
"1599","USC00413787",1970,4,"WT03",NA," "," "," ",NA," "," "," ",NA," "," "," ",NA," "," "," ",NA," "," "," ",NA," "," "," ",NA," "," "," ",NA," "," "," ",NA," "," "," ",NA," "," "," ",NA," "," "," ",NA," "," "," ",NA," "," "," ",NA," "," "," ",NA," "," "," ",NA," "," "," ",NA," "," "," ",1," "," ","0",NA," "," "," ",NA," "," "," ",NA," "," "," ",NA," "," "," ",NA," "," "," ",NA," "," "," ",NA," "," "," ",NA," "," "," ",NA," "," "," ",NA," "," "," ",NA," "," "," ",NA," "," "," ",NA," "," "," "
"1600","USC00413787",1970,4,"WT04",1," "," ","0",NA," "," "," ",NA," "," "," ",NA," "," "," ",NA," "," "," ",NA," "," "," ",NA," "," "," ",NA," "," "," ",NA," "," "," ",NA," "," "," ",NA," "," "," ",NA," "," "," ",NA," "," "," ",NA," "," "," ",NA," "," "," ",NA," "," "," ",NA," "," "," ",NA," "," "," ",NA," "," "," ",NA," "," "," ",NA," "," "," ",NA," "," "," ",NA," "," "," ",NA," "," "," ",NA," "," "," ",NA," "," "," ",NA," "," "," ",NA," "," "," ",NA," "," "," ",NA," "," "," ",NA," "," "," "
"1601","USC00413787",1970,5,"TMAX",183," "," ","0",244," "," ","0",283," "," ","0",300," "," ","0",294," "," ","0",300," "," ","0",328," "," ","0",294," "," ","0",278," "," ","0",328," "," ","0",339," "," ","0",344," "," ","0",333," "," ","0",306," "," ","0",233," "," ","0",306," "," ","0",350," "," ","0",350," "," ","0",356," "," ","0",344," "," ","0",328," "," ","0",322," "," ","0",333," "," ","0",339," "," ","0",328," "," ","0",333," "," ","0",328," "," ","0",311," "," ","0",311," "," ","0",333," "," ","0",322," "," ","0"
"1602","USC00413787",1970,5,"TMIN",-28," "," ","0",11," "," ","0",22," "," ","0",50," "," ","0",100," "," ","0",100," "," ","0",122," "," ","0",72," "," ","0",172," "," ","0",72," "," ","0",100," "," ","0",178," "," ","0",183," "," ","0",128," "," ","0",61," "," ","0",28," "," ","0",89," "," ","0",139," "," ","0",139," "," ","0",161," "," ","0",161," "," ","0",161," "," ","0",133," "," ","0",122," "," ","0",156," "," ","0",128," "," ","0",139," "," ","0",144," "," ","0",122," "," ","0",161," "," ","0",133," "," ","0"
"1603","USC00413787",1970,5,"TOBS",139," "," ","0",178," "," ","0",178," "," ","0",256," "," ","0",294," "," ","0",256," "," ","0",278," "," ","0",278," "," ","0",278," "," ","0",194," "," ","0",333," "," ","0",333," "," ","0",306," "," ","0",189," "," ","0",222," "," ","0",294," "," ","0",339," "," ","0",339," "," ","0",339," "," ","0",322," "," ","0",317," "," ","0",311," "," ","0",306," "," ","0",328," "," ","0",267," "," ","0",294," "," ","0",311," "," ","0",217," "," ","0",306," "," ","0",322," "," ","0",139," "," ","0"
"1604","USC00413787",1970,5,"PRCP",0," "," ","0",0," "," ","0",0," "," ","0",0," "," ","0",0," "," ","0",0," "," ","0",0," "," ","0",0," "," ","0",0," "," ","0",0," "," ","0",0," "," ","0",0," "," ","0",0," "," ","0",0," "," ","0",0," "," ","0",0," "," ","0",0," "," ","0",0," "," ","0",0," "," ","0",0," "," ","0",0," "," ","0",0," "," ","0",0," "," ","0",0," "," ","0",0," "," ","0",0," "," ","0",0," "," ","0",0," "," ","0",229," "," ","0",0," "," ","0",0," "," ","0"
"1605","USC00413787",1970,5,"SNOW",0," "," ","0",0," "," ","0",0," "," ","0",0," "," ","0",0," "," ","0",0," "," ","0",0," "," ","0",0," "," ","0",0," "," ","0",0," "," ","0",0," "," ","0",0," "," ","0",0," "," ","0",0," "," ","0",0," "," ","0",0," "," ","0",0," "," ","0",0," "," ","0",0," "," ","0",0," "," ","0",0," "," ","0",0," "," ","0",0," "," ","0",0," "," ","0",0," "," ","0",0," "," ","0",0," "," ","0",0," "," ","0",0," "," ","0",0," "," ","0",0," "," ","0"
"1606","USC00413787",1970,5,"SNWD",0," "," ","0",0," "," ","0",0," "," ","0",0," "," ","0",0," "," ","0",0," "," ","0",0," "," ","0",0," "," ","0",0," "," ","0",0," "," ","0",0," "," ","0",0," "," ","0",0," "," ","0",0," "," ","0",0," "," ","0",0," "," ","0",0," "," ","0",0," "," ","0",0," "," ","0",0," "," ","0",0," "," ","0",0," "," ","0",0," "," ","0",0," "," ","0",0," "," ","0",0," "," ","0",0," "," ","0",0," "," ","0",0," "," ","0",0," "," ","0",0," "," ","0"
"1607","USC00413787",1970,5,"WT03",NA," "," "," ",NA," "," "," ",NA," "," "," ",NA," "," "," ",NA," "," "," ",NA," "," "," ",NA," "," "," ",NA," "," "," ",NA," "," "," ",NA," "," "," ",NA," "," "," ",NA," "," "," ",NA," "," "," ",NA," "," "," ",NA," "," "," ",NA," "," "," ",NA," "," "," ",NA," "," "," ",NA," "," "," ",NA," "," "," ",NA," "," "," ",NA," "," "," ",NA," "," "," ",NA," "," "," ",NA," "," "," ",NA," "," "," ",NA," "," "," ",1," "," ","0",1," "," ","0",NA," "," "," ",NA," "," "," "
"1608","USC00413787",1970,6,"TMAX",194," "," ","0",217," "," ","0",211," "," ","0",222," "," ","0",289," "," ","0",322," "," ","0",322," "," ","0",306," "," ","0",339," "," ","0",344," "," ","0",333," "," ","0",339," "," ","0",378," "," ","0",378," "," ","0",372," "," ","0",367," "," ","0",394," "," ","0",378," "," ","0",328," "," ","0",328," "," ","0",322," "," ","0",322," "," ","0",350," "," ","0",350," "," ","0",378," "," ","0",367," "," ","0",372," "," ","0",367," "," ","0",322," "," ","0",294," "," ","0",NA," "," "," "
"1609","USC00413787",1970,6,"TMIN",100," "," ","0",61," "," ","0",94," "," ","0",83," "," ","0",61," "," ","0",67," "," ","0",122," "," ","0",139," "," ","0",172," "," ","0",156," "," ","0",133," "," ","0",117," "," ","0",144," "," ","0",211," "," ","0",139," "," ","0",139," "," ","0",183," "," ","0",189," "," ","0",161," "," ","0",156," "," ","0",139," "," ","0",117," "," ","0",139," "," ","0",172," "," ","0",156," "," ","0",178," "," ","0",178," "," ","0",206," "," ","0",211," "," ","0",167," "," ","0",NA," "," "," "
"1610","USC00413787",1970,6,"TOBS",172," "," ","0",206," "," ","0",189," "," ","0",217," "," ","0",278," "," ","0",317," "," ","0",294," "," ","0",300," "," ","0",333," "," ","0",333," "," ","0",194," "," ","0",333," "," ","0",350," "," ","0",300," "," ","0",361," "," ","0",356," "," ","0",361," "," ","0",328," "," ","0",306," "," ","0",322," "," ","0",278," "," ","0",317," "," ","0",344," "," ","0",344," "," ","0",367," "," ","0",344," "," ","0",367," "," ","0",322," "," ","0",261," "," ","0",283," "," ","0",NA," "," "," "
"1611","USC00413787",1970,6,"PRCP",30," "," ","0",0," "," ","0",0,"T"," ","0",0," "," ","0",0," "," ","0",0," "," ","0",0," "," ","0",0,"T"," ","0",0," "," ","0",0," "," ","0",0,"T"," ","0",0," "," ","0",0," "," ","0",28," "," ","0",983," "," ","0",0," "," ","0",0," "," ","0",0," "," ","0",8," "," ","0",165," "," ","0",0,"T"," ","0",0," "," ","0",0," "," ","0",33," "," ","0",0," "," ","0",0," "," ","0",0," "," ","0",0," "," ","0",0," "," ","0",211," "," ","0",NA," "," "," "
"1612","USC00413787",1970,6,"SNOW",0," "," ","0",0," "," ","0",0," "," ","0",0," "," ","0",0," "," ","0",0," "," ","0",0," "," ","0",0," "," ","0",0," "," ","0",0," "," ","0",0," "," ","0",0," "," ","0",0," "," ","0",0," "," ","0",0," "," ","0",0," "," ","0",0," "," ","0",0," "," ","0",0," "," ","0",0," "," ","0",0," "," ","0",0," "," ","0",0," "," ","0",0," "," ","0",0," "," ","0",0," "," ","0",0," "," ","0",0," "," ","0",0," "," ","0",0," "," ","0",NA," "," "," "
"1613","USC00413787",1970,6,"SNWD",0," "," ","0",0," "," ","0",0," "," ","0",0," "," ","0",0," "," ","0",0," "," ","0",0," "," ","0",0," "," ","0",0," "," ","0",0," "," ","0",0," "," ","0",0," "," ","0",0," "," ","0",0," "," ","0",0," "," ","0",0," "," ","0",0," "," ","0",0," "," ","0",0," "," ","0",0," "," ","0",0," "," ","0",0," "," ","0",0," "," ","0",0," "," ","0",0," "," ","0",0," "," ","0",0," "," ","0",0," "," ","0",0," "," ","0",0," "," ","0",NA," "," "," "
"1614","USC00413787",1970,6,"WT03",NA," "," "," ",NA," "," "," ",NA," "," "," ",NA," "," "," ",NA," "," "," ",NA," "," "," ",NA," "," "," ",NA," "," "," ",NA," "," "," ",NA," "," "," ",1," "," ","0",NA," "," "," ",NA," "," "," ",1," "," ","0",1," "," ","0",NA," "," "," ",NA," "," "," ",NA," "," "," ",1," "," ","0",1," "," ","0",NA," "," "," ",NA," "," "," ",NA," "," "," ",1," "," ","0",NA," "," "," ",NA," "," "," ",NA," "," "," ",NA," "," "," ",NA," "," "," ",NA," "," "," ",NA," "," "," "
"1615","USC00413787",1970,7,"TMAX",333," "," ","0",356," "," ","0",378," "," ","0",339," "," ","0",383," "," ","0",389," "," ","0",400," "," ","0",389," "," ","0",389," "," ","0",400," "," ","0",389," "," ","0",378," "," ","0",361," "," ","0",378," "," ","0",356," "," ","0",361," "," ","0",372," "," ","0",389," "," ","0",378," "," ","0",333," "," ","0",239," "," ","0",289," "," ","0",289," "," ","0",267," "," ","0",333," "," ","0",344," "," ","0",361," "," ","0",361," "," ","0",378," "," ","0",389," "," ","0",389," "," ","0"
"1616","USC00413787",1970,7,"TMIN",183," "," ","0",178," "," ","0",172," "," ","0",161," "," ","0",172," "," ","0",211," "," ","0",189," "," ","0",200," "," ","0",206," "," ","0",194," "," ","0",189," "," ","0",211," "," ","0",183," "," ","0",200," "," ","0",189," "," ","0",183," "," ","0",189," "," ","0",206," "," ","0",228," "," ","0",150," "," ","0",133," "," ","0",128," "," ","0",144," "," ","0",178," "," ","0",183," "," ","0",178," "," ","0",189," "," ","0",200," "," ","0",211," "," ","0",183," "," ","0",200," "," ","0"
"1617","USC00413787",1970,7,"TOBS",322," "," ","0",350," "," ","0",339," "," ","0",333," "," ","0",378," "," ","0",367," "," ","0",389," "," ","0",317," "," ","0",383," "," ","0",389," "," ","0",372," "," ","0",361," "," ","0",344," "," ","0",356," "," ","0",344," "," ","0",356," "," ","0",367," "," ","0",378," "," ","0",333," "," ","0",167," "," ","0",211," "," ","0",283," "," ","0",256," "," ","0",267," "," ","0",322," "," ","0",344," "," ","0",356," "," ","0",300," "," ","0",350," "," ","0",333," "," ","0",317," "," ","0"
"1618","USC00413787",1970,7,"PRCP",0," "," ","0",0," "," ","0",0," "," ","0",0,"T"," ","0",0," "," ","0",0," "," ","0",0," "," ","0",0,"T"," ","0",8," "," ","0",0," "," ","0",0," "," ","0",0," "," ","0",323," "," ","0",0," "," ","0",0," "," ","0",0," "," ","0",0," "," ","0",0," "," ","0",0," "," ","0",135," "," ","0",5," "," ","0",0," "," ","0",114," "," ","0",0," "," ","0",0,"T"," ","0",0," "," ","0",0," "," ","0",0," "," ","0",0," "," ","0",236," "," ","0",0," "," ","0"
"1619","USC00413787",1970,7,"SNOW",0," "," ","0",0," "," ","0",0," "," ","0",0," "," ","0",0," "," ","0",0," "," ","0",0," "," ","0",0," "," ","0",0," "," ","0",0," "," ","0",0," "," ","0",0," "," ","0",0," "," ","0",0," "," ","0",0," "," ","0",0," "," ","0",0," "," ","0",0," "," ","0",0," "," ","0",0," "," ","0",0," "," ","0",0," "," ","0",0," "," ","0",0," "," ","0",0," "," ","0",0," "," ","0",0," "," ","0",0," "," ","0",0," "," ","0",0," "," ","0",0," "," ","0"
"1620","USC00413787",1970,7,"SNWD",0," "," ","0",0," "," ","0",0," "," ","0",0," "," ","0",0," "," ","0",0," "," ","0",0," "," ","0",0," "," ","0",0," "," ","0",0," "," ","0",0," "," ","0",0," "," ","0",0," "," ","0",0," "," ","0",0," "," ","0",0," "," ","0",0," "," ","0",0," "," ","0",0," "," ","0",0," "," ","0",0," "," ","0",0," "," ","0",0," "," ","0",0," "," ","0",0," "," ","0",0," "," ","0",0," "," ","0",0," "," ","0",0," "," ","0",0," "," ","0",0," "," ","0"
"1621","USC00413787",1970,7,"WT03",NA," "," "," ",NA," "," "," ",NA," "," "," ",1," "," ","0",NA," "," "," ",NA," "," "," ",NA," "," "," ",1," "," ","0",1," "," ","0",NA," "," "," ",NA," "," "," ",NA," "," "," ",1," "," ","0",NA," "," "," ",NA," "," "," ",NA," "," "," ",NA," "," "," ",NA," "," "," ",NA," "," "," ",NA," "," "," ",NA," "," "," ",NA," "," "," ",1," "," ","0",NA," "," "," ",NA," "," "," ",NA," "," "," ",NA," "," "," ",NA," "," "," ",NA," "," "," ",NA," "," "," ",1," "," ","0"
"1622","USC00413787",1970,8,"TMAX",344," "," ","0",372," "," ","0",383," "," ","0",367," "," ","0",367," "," ","0",378," "," ","0",394," "," ","0",400," "," ","0",394," "," ","0",339," "," ","0",361," "," ","0",383," "," ","0",361," "," ","0",383," "," ","0",383," "," ","0",328," "," ","0",372," "," ","0",400," "," ","0",394," "," ","0",383," "," ","0",311," "," ","0",317," "," ","0",328," "," ","0",333," "," ","0",350," "," ","0",361," "," ","0",361," "," ","0",356," "," ","0",350," "," ","0",344," "," ","0",317," "," ","0"
"1623","USC00413787",1970,8,"TMIN",206," "," ","0",189," "," ","0",194," "," ","0",211," "," ","0",200," "," ","0",200," "," ","0",206," "," ","0",217," "," ","0",211," "," ","0",183," "," ","0",150," "," ","0",161," "," ","0",156," "," ","0",150," "," ","0",183," "," ","0",194," "," ","0",189," "," ","0",189," "," ","0",200," "," ","0",167," "," ","0",183," "," ","0",178," "," ","0",133," "," ","0",139," "," ","0",150," "," ","0",144," "," ","0",161," "," ","0",150," "," ","0",139," "," ","0",178," "," ","0",161," "," ","0"
"1624","USC00413787",1970,8,"TOBS",333," "," ","0",367," "," ","0",367," "," ","0",361," "," ","0",361," "," ","0",367," "," ","0",389," "," ","0",394," "," ","0",239," "," ","0",317," "," ","0",333," "," ","0",361," "," ","0",322," "," ","0",383," "," ","0",294," "," ","0",272," "," ","0",367," "," ","0",389," "," ","0",383," "," ","0",200," "," ","0",306," "," ","0",283," "," ","0",322," "," ","0",333," "," ","0",344," "," ","0",350," "," ","0",350," "," ","0",350," "," ","0",322," "," ","0",317," "," ","0",283," "," ","0"
"1625","USC00413787",1970,8,"PRCP",0,"T"," ","0",0," "," ","0",0," "," ","0",0," "," ","0",0," "," ","0",0," "," ","0",0," "," ","0",0," "," ","0",41," "," ","0",0," "," ","0",0," "," ","0",0," "," ","0",124," "," ","0",0," "," ","0",0," "," ","0",0,"T"," ","0",0," "," ","0",0," "," ","0",0," "," ","0",305," "," ","0",10," "," ","0",58," "," ","0",0," "," ","0",0," "," ","0",0," "," ","0",0," "," ","0",0," "," ","0",0," "," ","0",0," "," ","0",0," "," ","0",0," "," ","0"
"1626","USC00413787",1970,8,"SNOW",0," "," ","0",0," "," ","0",0," "," ","0",0," "," ","0",0," "," ","0",0," "," ","0",0," "," ","0",0," "," ","0",0," "," ","0",0," "," ","0",0," "," ","0",0," "," ","0",0," "," ","0",0," "," ","0",0," "," ","0",0," "," ","0",0," "," ","0",0," "," ","0",0," "," ","0",0," "," ","0",0," "," ","0",0," "," ","0",0," "," ","0",0," "," ","0",0," "," ","0",0," "," ","0",0," "," ","0",0," "," ","0",0," "," ","0",0," "," ","0",0," "," ","0"
"1627","USC00413787",1970,8,"SNWD",0," "," ","0",0," "," ","0",0," "," ","0",0," "," ","0",0," "," ","0",0," "," ","0",0," "," ","0",0," "," ","0",0," "," ","0",0," "," ","0",0," "," ","0",0," "," ","0",0," "," ","0",0," "," ","0",0," "," ","0",0," "," ","0",0," "," ","0",0," "," ","0",0," "," ","0",0," "," ","0",0," "," ","0",0," "," ","0",0," "," ","0",0," "," ","0",0," "," ","0",0," "," ","0",0," "," ","0",0," "," ","0",0," "," ","0",0," "," ","0",0," "," ","0"
"1628","USC00413787",1970,8,"WT03",NA," "," "," ",NA," "," "," ",NA," "," "," ",NA," "," "," ",NA," "," "," ",NA," "," "," ",NA," "," "," ",NA," "," "," ",1," "," ","0",NA," "," "," ",NA," "," "," ",NA," "," "," ",1," "," ","0",NA," "," "," ",1," "," ","0",NA," "," "," ",NA," "," "," ",NA," "," "," ",NA," "," "," ",1," "," ","0",1," "," ","0",1," "," ","0",NA," "," "," ",NA," "," "," ",NA," "," "," ",NA," "," "," ",NA," "," "," ",NA," "," "," ",NA," "," "," ",NA," "," "," ",NA," "," "," "
"1629","USC00413787",1970,9,"TMAX",317," "," ","0",344," "," ","0",383," "," ","0",383," "," ","0",372," "," ","0",372," "," ","0",356," "," ","0",367," "," ","0",361," "," ","0",283," "," ","0",367," "," ","0",361," "," ","0",217," "," ","0",306," "," ","0",283," "," ","0",267," "," ","0",306," "," ","0",339," "," ","0",333," "," ","0",344," "," ","0",333," "," ","0",289," "," ","0",244," "," ","0",328," "," ","0",322," "," ","0",211," "," ","0",233," "," ","0",250," "," ","0",256," "," ","0",311," "," ","0",NA," "," "," "
"1630","USC00413787",1970,9,"TMIN",167," "," ","0",172," "," ","0",150," "," ","0",156," "," ","0",183," "," ","0",222," "," ","0",133," "," ","0",122," "," ","0",194," "," ","0",106," "," ","0",128," "," ","0",133," "," ","0",83," "," ","0",100," "," ","0",111," "," ","0",100," "," ","0",156," "," ","0",144," "," ","0",178," "," ","0",189," "," ","0",189," "," ","0",83," "," ","0",72," "," ","0",94," "," ","0",100," "," ","0",6," "," ","0",39," "," ","0",67," "," ","0",100," "," ","0",106," "," ","0",NA," "," "," "
"1631","USC00413787",1970,9,"TOBS",289," "," ","0",328," "," ","0",367," "," ","0",367," "," ","0",361," "," ","0",356," "," ","0",317," "," ","0",356," "," ","0",283," "," ","0",272," "," ","0",361," "," ","0",206," "," ","0",189," "," ","0",283," "," ","0",111," "," ","0",256," "," ","0",300," "," ","0",322," "," ","0",322," "," ","0",333," "," ","0",289," "," ","0",83," "," ","0",239," "," ","0",322," "," ","0",128," "," ","0",189," "," ","0",217," "," ","0",206," "," ","0",244," "," ","0",294," "," ","0",NA," "," "," "
"1632","USC00413787",1970,9,"PRCP",0," "," ","0",0," "," ","0",0," "," ","0",0," "," ","0",10," "," ","0",0," "," ","0",0," "," ","0",0," "," ","0",0," "," ","0",0," "," ","0",0," "," ","0",0," "," ","0",0,"T"," ","0",10," "," ","0",30," "," ","0",53," "," ","0",0," "," ","0",0," "," ","0",0," "," ","0",0," "," ","0",0," "," ","0",13," "," ","0",30," "," ","0",0," "," ","0",0," "," ","0",0," "," ","0",0," "," ","0",0," "," ","0",0," "," ","0",0," "," ","0",NA," "," "," "
"1633","USC00413787",1970,9,"SNOW",0," "," ","0",0," "," ","0",0," "," ","0",0," "," ","0",0," "," ","0",0," "," ","0",0," "," ","0",0," "," ","0",0," "," ","0",0," "," ","0",0," "," ","0",0," "," ","0",0," "," ","0",0," "," ","0",0," "," ","0",0," "," ","0",0," "," ","0",0," "," ","0",0," "," ","0",0," "," ","0",0," "," ","0",0," "," ","0",0," "," ","0",0," "," ","0",0," "," ","0",0," "," ","0",0," "," ","0",0," "," ","0",0," "," ","0",0," "," ","0",NA," "," "," "
"1634","USC00413787",1970,9,"SNWD",0," "," ","0",0," "," ","0",0," "," ","0",0," "," ","0",0," "," ","0",0," "," ","0",0," "," ","0",0," "," ","0",0," "," ","0",0," "," ","0",0," "," ","0",0," "," ","0",0," "," ","0",0," "," ","0",0," "," ","0",0," "," ","0",0," "," ","0",0," "," ","0",0," "," ","0",0," "," ","0",0," "," ","0",0," "," ","0",0," "," ","0",0," "," ","0",0," "," ","0",0," "," ","0",0," "," ","0",0," "," ","0",0," "," ","0",0," "," ","0",NA," "," "," "
"1635","USC00413787",1970,9,"WT03",NA," "," "," ",NA," "," "," ",NA," "," "," ",NA," "," "," ",1," "," ","0",1," "," ","0",NA," "," "," ",NA," "," "," ",NA," "," "," ",NA," "," "," ",NA," "," "," ",NA," "," "," ",NA," "," "," ",NA," "," "," ",NA," "," "," ",NA," "," "," ",NA," "," "," ",NA," "," "," ",NA," "," "," ",NA," "," "," ",NA," "," "," ",NA," "," "," ",NA," "," "," ",NA," "," "," ",NA," "," "," ",NA," "," "," ",NA," "," "," ",NA," "," "," ",NA," "," "," ",NA," "," "," ",NA," "," "," "
"1636","USC00413787",1970,10,"TMAX",311," "," ","0",322," "," ","0",300," "," ","0",289," "," ","0",294," "," ","0",339," "," ","0",311," "," ","0",78," "," ","0",128," "," ","0",233," "," ","0",183," "," ","0",256," "," ","0",244," "," ","0",156," "," ","0",72," "," ","0",100," "," ","0",83," "," ","0",178," "," ","0",217," "," ","0",250," "," ","0",267," "," ","0",261," "," ","0",211," "," ","0",261," "," ","0",244," "," ","0",161," "," ","0",83," "," ","0",150," "," ","0",183," "," ","0",194," "," ","0",128," "," ","0"
"1637","USC00413787",1970,10,"TMIN",111," "," ","0",67," "," ","0",72," "," ","0",106," "," ","0",139," "," ","0",72," "," ","0",78," "," ","0",-22," "," ","0",-39," "," ","0",39," "," ","0",61," "," ","0",6," "," ","0",22," "," ","0",61," "," ","0",22," "," ","0",33," "," ","0",44," "," ","0",56," "," ","0",11," "," ","0",33," "," ","0",72," "," ","0",44," "," ","0",72," "," ","0",17," "," ","0",61," "," ","0",50," "," ","0",0," "," ","0",-33," "," ","0",-17," "," ","0",17," "," ","0",-11," "," ","0"
"1638","USC00413787",1970,10,"TOBS",289," "," ","0",300," "," ","0",250," "," ","0",267," "," ","0",283," "," ","0",311," "," ","0",78," "," ","0",0," "," ","0",122," "," ","0",183," "," ","0",156," "," ","0",244," "," ","0",156," "," ","0",61," "," ","0",72," "," ","0",56," "," ","0",78," "," ","0",150," "," ","0",189," "," ","0",233," "," ","0",244," "," ","0",200," "," ","0",200," "," ","0",244," "," ","0",161," "," ","0",61," "," ","0",50," "," ","0",78," "," ","0",150," "," ","0",128," "," ","0",67," "," ","0"
"1639","USC00413787",1970,10,"PRCP",0," "," ","0",0," "," ","0",0," "," ","0",0," "," ","0",0," "," ","0",0," "," ","0",0," "," ","0",152," "," ","0",0," "," ","0",0," "," ","0",0," "," ","0",0," "," ","0",0," "," ","0",0,"T"," ","0",51," "," ","0",8," "," ","0",0," "," ","0",0," "," ","0",0," "," ","0",0," "," ","0",0," "," ","0",0," "," ","0",0," "," ","0",0," "," ","0",0," "," ","0",0," "," ","0",64," "," ","0",0," "," ","0",0," "," ","0",0," "," ","0",0," "," ","0"
"1640","USC00413787",1970,10,"SNOW",0," "," ","0",0," "," ","0",0," "," ","0",0," "," ","0",0," "," ","0",0," "," ","0",0," "," ","0",178," "," ","0",0," "," ","0",0," "," ","0",0," "," ","0",0," "," ","0",0," "," ","0",0," "," ","0",0," "," ","0",0," "," ","0",0," "," ","0",0," "," ","0",0," "," ","0",0," "," ","0",0," "," ","0",0," "," ","0",0," "," ","0",0," "," ","0",0," "," ","0",0," "," ","0",25," "," ","0",0," "," ","0",0," "," ","0",0," "," ","0",0," "," ","0"
"1641","USC00413787",1970,10,"SNWD",0," "," ","0",0," "," ","0",0," "," ","0",0," "," ","0",0," "," ","0",0," "," ","0",0," "," ","0",178," ","O","0",0," "," ","0",0," "," ","0",0," "," ","0",0," "," ","0",0," "," ","0",0," "," ","0",0," "," ","0",0," "," ","0",0," "," ","0",0," "," ","0",0," "," ","0",0," "," ","0",0," "," ","0",0," "," ","0",0," "," ","0",0," "," ","0",0," "," ","0",0," "," ","0",0," "," ","0",0," "," ","0",0," "," ","0",0," "," ","0",0," "," ","0"
"1642","USC00413787",1970,11,"TMAX",83," "," ","0",83," "," ","0",72," "," ","0",111," "," ","0",161," "," ","0",233," "," ","0",256," "," ","0",189," "," ","0",183," "," ","0",222," "," ","0",150," "," ","0",183," "," ","0",122," "," ","0",33," "," ","0",128," "," ","0",228," "," ","0",167," "," ","0",200," "," ","0",139," "," ","0",167," "," ","0",250," "," ","0",206," "," ","0",39," "," ","0",128," "," ","0",250," "," ","0",222," "," ","0",206," "," ","0",211," "," ","0",250," "," ","0",250," "," ","0",NA," "," "," "
"1643","USC00413787",1970,11,"TMIN",0," "," ","0",-39," "," ","0",-33," "," ","0",-33," "," ","0",-56," "," ","0",6," "," ","0",22," "," ","0",61," "," ","0",11," "," ","0",0," "," ","0",28," "," ","0",-39," "," ","0",0," "," ","0",-11," "," ","0",-33," "," ","0",-50," "," ","0",-6," "," ","0",-22," "," ","0",33," "," ","0",-61," "," ","0",-28," "," ","0",-39," "," ","0",-83," "," ","0",-67," "," ","0",17," "," ","0",72," "," ","0",-67," "," ","0",-72," "," ","0",33," "," ","0",72," "," ","0",NA," "," "," "
"1644","USC00413787",1970,11,"TOBS",67," "," ","0",39," "," ","0",33," "," ","0",61," "," ","0",128," "," ","0",178," "," ","0",189," "," ","0",72," "," ","0",122," "," ","0",144," "," ","0",89," "," ","0",117," "," ","0",33," "," ","0",17," "," ","0",22," "," ","0",94," "," ","0",94," "," ","0",139," "," ","0",89," "," ","0",100," "," ","0",72," "," ","0",6," "," ","0",-11," "," ","0",78," "," ","0",167," "," ","0",72," "," ","0",44," "," ","0",167," "," ","0",178," "," ","0",194," "," ","0",NA," "," "," "
"1645","USC00413787",1970,11,"PRCP",48," "," ","0",0," "," ","0",0," "," ","0",0," "," ","0",0," "," ","0",0," "," ","0",0," "," ","0",0," "," ","0",0," "," ","0",0," "," ","0",0," "," ","0",0," "," ","0",89," "," ","0",0," "," ","0",0," "," ","0",0," "," ","0",0," "," ","0",0," "," ","0",0," "," ","0",0," "," ","0",0," "," ","0",0," "," ","0",0," "," ","0",0," "," ","0",0," "," ","0",0," "," ","0",0," "," ","0",0," "," ","0",0," "," ","0",0," "," ","0",NA," "," "," "
"1646","USC00413787",1970,11,"SNOW",25," "," ","0",0," "," ","0",0," "," ","0",0," "," ","0",0," "," ","0",0," "," ","0",0," "," ","0",0," "," ","0",0," "," ","0",0," "," ","0",0," "," ","0",0," "," ","0",51," "," ","0",0," "," ","0",0," "," ","0",0," "," ","0",0," "," ","0",0," "," ","0",0," "," ","0",0," "," ","0",0," "," ","0",0," "," ","0",0," "," ","0",0," "," ","0",0," "," ","0",0," "," ","0",0," "," ","0",0," "," ","0",0," "," ","0",0," "," ","0",NA," "," "," "
"1647","USC00413787",1970,11,"SNWD",0," "," ","0",0," "," ","0",0," "," ","0",0," "," ","0",0," "," ","0",0," "," ","0",0," "," ","0",0," "," ","0",0," "," ","0",0," "," ","0",0," "," ","0",0," "," ","0",0," "," ","0",0," "," ","0",0," "," ","0",0," "," ","0",0," "," ","0",0," "," ","0",0," "," ","0",0," "," ","0",0," "," ","0",0," "," ","0",0," "," ","0",0," "," ","0",0," "," ","0",0," "," ","0",0," "," ","0",0," "," ","0",0," "," ","0",0," "," ","0",NA," "," "," "
"1648","USC00413787",1970,12,"TMAX",206," "," ","0",206," "," ","0",178," "," ","0",178," "," ","0",139," "," ","0",156," "," ","0",200," "," ","0",261," "," ","0",189," "," ","0",117," "," ","0",83," "," ","0",106," "," ","0",128," "," ","0",161," "," ","0",100," "," ","0",139," "," ","0",239," "," ","0",194," "," ","0",56," "," ","0",139," "," ","0",94," "," ","0",156," "," ","0",111," "," ","0",117," "," ","0",122," "," ","0",100," "," ","0",183," "," ","0",139," "," ","0",144," "," ","0",94," "," ","0",150," "," ","0"
"1649","USC00413787",1970,12,"TMIN",-39," "," ","0",-56," "," ","0",44," "," ","0",-39," "," ","0",-11," "," ","0",-61," "," ","0",-56," "," ","0",-39," "," ","0",0," "," ","0",11," "," ","0",-78," "," ","0",-89," "," ","0",-100," "," ","0",-50," "," ","0",28," "," ","0",-56," "," ","0",-17," "," ","0",-11," "," ","0",-72," "," ","0",-50," "," ","0",-22," "," ","0",-22," "," ","0",-117," "," ","0",-117," "," ","0",-122," "," ","0",-56," "," ","0",0," "," ","0",-28," "," ","0",-94," "," ","0",-17," "," ","0",-94," "," ","0"
"1650","USC00413787",1970,12,"TOBS",133," "," ","0",144," "," ","0",94," "," ","0",139," "," ","0",44," "," ","0",94," "," ","0",83," "," ","0",189," "," ","0",111," "," ","0",67," "," ","0",33," "," ","0",44," "," ","0",67," "," ","0",100," "," ","0",44," "," ","0",78," "," ","0",122," "," ","0",56," "," ","0",-6," "," ","0",94," "," ","0",33," "," ","0",111," "," ","0",-11," "," ","0",67," "," ","0",0," "," ","0",33," "," ","0",94," "," ","0",72," "," ","0",89," "," ","0",44," "," ","0",56," "," ","0"
"1651","USC00413787",1970,12,"PRCP",0," "," ","0",0," "," ","0",0," "," ","0",0," "," ","0",0," "," ","0",0," "," ","0",0," "," ","0",0," "," ","0",0," "," ","0",0," "," ","0",0," "," ","0",0," "," ","0",0," "," ","0",0," "," ","0",0," "," ","0",0," "," ","0",0," "," ","0",0," "," ","0",0," "," ","0",0," "," ","0",0," "," ","0",0," "," ","0",0," "," ","0",0," "," ","0",0," "," ","0",0," "," ","0",0," "," ","0",0," "," ","0",0," "," ","0",0," "," ","0",0," "," ","0"
"1652","USC00413787",1970,12,"SNOW",0," "," ","0",0," "," ","0",0," "," ","0",0," "," ","0",0," "," ","0",0," "," ","0",0," "," ","0",0," "," ","0",0," "," ","0",0," "," ","0",0," "," ","0",0," "," ","0",0," "," ","0",0," "," ","0",0," "," ","0",0," "," ","0",0," "," ","0",0," "," ","0",0," "," ","0",0," "," ","0",0," "," ","0",0," "," ","0",0," "," ","0",0," "," ","0",0," "," ","0",0," "," ","0",0," "," ","0",0," "," ","0",0," "," ","0",0," "," ","0",0," "," ","0"
"1653","USC00413787",1970,12,"SNWD",0," "," ","0",0," "," ","0",0," "," ","0",0," "," ","0",0," "," ","0",0," "," ","0",0," "," ","0",0," "," ","0",0," "," ","0",0," "," ","0",0," "," ","0",0," "," ","0",0," "," ","0",0," "," ","0",0," "," ","0",0," "," ","0",0," "," ","0",0," "," ","0",0," "," ","0",0," "," ","0",0," "," ","0",0," "," ","0",0," "," ","0",0," "," ","0",0," "," ","0",0," "," ","0",0," "," ","0",0," "," ","0",0," "," ","0",0," "," ","0",0," "," ","0"
"1654","USC00413787",1971,1,"TMAX",94," "," ","0",56," "," ","0",-17," "," ","0",-83," "," ","0",-83," "," ","0",-72," "," ","0",-33," "," ","0",11," "," ","0",94," "," ","0",144," "," ","0",56," "," ","0",61," "," ","0",128," "," ","0",83," "," ","0",144," "," ","0",139," "," ","0",183," "," ","0",128," "," ","0",156," "," ","0",189," "," ","0",167," "," ","0",100," "," ","0",144," "," ","0",161," "," ","0",211," "," ","0",189," "," ","0",133," "," ","0",206," "," ","0",239," "," ","0",233," "," ","0",172," "," ","0"
"1655","USC00413787",1971,1,"TMIN",-61," "," ","0",-56," "," ","0",-89," "," ","0",-156," "," ","0",-222," "," ","0",-222," "," ","0",-206," "," ","0",-183," "," ","0",-111," "," ","0",-83," "," ","0",-67," "," ","0",-94," "," ","0",-39," "," ","0",-67," "," ","0",-83," "," ","0",-11," "," ","0",-11," "," ","0",0," "," ","0",-33," "," ","0",0," "," ","0",6," "," ","0",-6," "," ","0",-56," "," ","0",-61," "," ","0",-22," "," ","0",-61," "," ","0",-78," "," ","0",-39," "," ","0",-11," "," ","0",6," "," ","0",-72," "," ","0"
"1656","USC00413787",1971,1,"TOBS",56," "," ","0",-17," "," ","0",-83," "," ","0",-133," "," ","0",-133," "," ","0",-122," "," ","0",-78," "," ","0",-61," "," ","0",39," "," ","0",56," "," ","0",-67," "," ","0",-28," "," ","0",83," "," ","0",-17," "," ","0",56," "," ","0",83," "," ","0",128," "," ","0",44," "," ","0",111," "," ","0",167," "," ","0",83," "," ","0",44," "," ","0",117," "," ","0",122," "," ","0",139," "," ","0",111," "," ","0",106," "," ","0",133," "," ","0",178," "," ","0",172," "," ","0",39," "," ","0"
"1657","USC00413787",1971,1,"PRCP",0," "," ","0",0," "," ","0",193," "," ","0",0,"T"," ","0",0," "," ","0",0," "," ","0",0," "," ","0",0," "," ","0",0," "," ","0",0," "," ","0",0," "," ","0",0,"T"," ","0",0," "," ","0",0," "," ","0",0," "," ","0",0," "," ","0",0," "," ","0",0," "," ","0",0," "," ","0",0," "," ","0",0," "," ","0",0," "," ","0",0," "," ","0",0," "," ","0",0," "," ","0",0," "," ","0",0," "," ","0",0," "," ","0",0," "," ","0",0," "," ","0",0," "," ","0"
"1658","USC00413787",1971,1,"SNOW",0," "," ","0",0," "," ","0",20," "," ","0",0," "," ","0",0," "," ","0",0," "," ","0",0," "," ","0",0," "," ","0",0," "," ","0",0," "," ","0",0," "," ","0",0," "," ","0",0," "," ","0",0," "," ","0",0," "," ","0",0," "," ","0",0," "," ","0",0," "," ","0",0," "," ","0",0," "," ","0",0," "," ","0",0," "," ","0",0," "," ","0",0," "," ","0",0," "," ","0",0," "," ","0",0," "," ","0",0," "," ","0",0," "," ","0",0," "," ","0",0," "," ","0"
"1659","USC00413787",1971,1,"SNWD",0," "," ","0",0," "," ","0",25," "," ","0",25," "," ","0",0," "," ","0",0," "," ","0",0," "," ","0",0," "," ","0",0," "," ","0",0," "," ","0",0," "," ","0",0," "," ","0",0," "," ","0",0," "," ","0",0," "," ","0",0," "," ","0",0," "," ","0",0," "," ","0",0," "," ","0",0," "," ","0",0," "," ","0",0," "," ","0",0," "," ","0",0," "," ","0",0," "," ","0",0," "," ","0",0," "," ","0",0," "," ","0",0," "," ","0",0," "," ","0",0," "," ","0"
"1660","USC00413787",1971,1,"WT04",NA," "," "," ",NA," "," "," ",1," "," ","0",NA," "," "," ",NA," "," "," ",NA," "," "," ",NA," "," "," ",NA," "," "," ",NA," "," "," ",NA," "," "," ",NA," "," "," ",NA," "," "," ",NA," "," "," ",NA," "," "," ",NA," "," "," ",NA," "," "," ",NA," "," "," ",NA," "," "," ",NA," "," "," ",NA," "," "," ",NA," "," "," ",NA," "," "," ",NA," "," "," ",NA," "," "," ",NA," "," "," ",NA," "," "," ",NA," "," "," ",NA," "," "," ",NA," "," "," ",NA," "," "," ",NA," "," "," "
"1661","USC00413787",1971,2,"TMAX",56," "," ","0",144," "," ","0",217," "," ","0",178," "," ","0",128," "," ","0",0," "," ","0",-56," "," ","0",56," "," ","0",111," "," ","0",217," "," ","0",133," "," ","0",133," "," ","0",211," "," ","0",161," "," ","0",233," "," ","0",183," "," ","0",217," "," ","0",206," "," ","0",139," "," ","0",94," "," ","0",-22," "," ","0",17," "," ","0",56," "," ","0",122," "," ","0",156," "," ","0",133," "," ","0",83," "," ","0",94," "," ","0",NA," "," "," ",NA," "," "," ",NA," "," "," "
"1662","USC00413787",1971,2,"TMIN",-94," "," ","0",-39," "," ","0",-11," "," ","0",-83," "," ","0",-122," "," ","0",-94," "," ","0",-111," "," ","0",-72," "," ","0",-83," "," ","0",-28," "," ","0",17," "," ","0",-11," "," ","0",-39," "," ","0",6," "," ","0",-11," "," ","0",44," "," ","0",-11," "," ","0",83," "," ","0",33," "," ","0",-33," "," ","0",-72," ","I","0",-83," "," ","0",-156," "," ","0",-94," "," ","0",-50," "," ","0",-22," "," ","0",-83," "," ","0",-50," "," ","0",NA," "," "," ",NA," "," "," ",NA," "," "," "
"1663","USC00413787",1971,2,"TOBS",0," "," ","0",117," "," ","0",178," "," ","0",-28," "," ","0",0," "," ","0",-67," "," ","0",-72," "," ","0",17," "," ","0",100," "," ","0",128," "," ","0",94," "," ","0",111," "," ","0",161," "," ","0",139," "," ","0",128," "," ","0",139," "," ","0",172," "," ","0",122," "," ","0",94," "," ","0",-22," "," ","0",-83," ","I","0",6," "," ","0",22," "," ","0",89," "," ","0",133," "," ","0",83," "," ","0",28," "," ","0",50," "," ","0",NA," "," "," ",NA," "," "," ",NA," "," "," "
"1664","USC00413787",1971,2,"PRCP",0," "," ","0",0," "," ","0",0," "," ","0",71," "," ","0",0," "," ","0",0," "," ","0",18," "," ","0",0," "," ","0",0," "," ","0",0," "," ","0",0," "," ","0",0," "," ","0",0," "," ","0",0," "," ","0",0," "," ","0",0," "," ","0",0," "," ","0",0,"T"," ","0",0,"T"," ","0",0," "," ","0",163," "," ","0",46," "," ","0",0," "," ","0",0," "," ","0",0," "," ","0",0," "," ","0",0," "," ","0",0," "," ","0",NA," "," "," ",NA," "," "," ",NA," "," "," "
"1665","USC00413787",1971,2,"SNOW",0," "," ","0",0," "," ","0",0," "," ","0",102," "," ","0",0," "," ","0",0," "," ","0",51," "," ","0",0," "," ","0",0," "," ","0",0," "," ","0",0," "," ","0",0," "," ","0",0," "," ","0",0," "," ","0",0," "," ","0",0," "," ","0",0," "," ","0",0," "," ","0",0," "," ","0",0," "," ","0",305," "," ","0",0," "," ","0",0," "," ","0",0," "," ","0",0," "," ","0",0," "," ","0",0," "," ","0",0," "," ","0",NA," "," "," ",NA," "," "," ",NA," "," "," "
"1666","USC00413787",1971,2,"SNWD",0," "," ","0",0," "," ","0",0," "," ","0",76," "," ","0",0,"T"," ","0",0,"T"," ","0",51," "," ","0",0," "," ","0",0," "," ","0",0," "," ","0",0," "," ","0",0," "," ","0",0," "," ","0",0," "," ","0",0," "," ","0",0," "," ","0",0," "," ","0",0," "," ","0",0," "," ","0",0," "," ","0",NA," "," "," ",NA," "," "," ",0," "," ","0",0," "," ","0",0," "," ","0",0," "," ","0",0," "," ","0",0," "," ","0",NA," "," "," ",NA," "," "," ",NA," "," "," "
"1667","USC00413787",1971,2,"WT03",NA," "," "," ",NA," "," "," ",NA," "," "," ",NA," "," "," ",NA," "," "," ",NA," "," "," ",NA," "," "," ",NA," "," "," ",NA," "," "," ",NA," "," "," ",NA," "," "," ",NA," "," "," ",NA," "," "," ",NA," "," "," ",NA," "," "," ",NA," "," "," ",NA," "," "," ",1," "," ","0",NA," "," "," ",NA," "," "," ",NA," "," "," ",NA," "," "," ",NA," "," "," ",NA," "," "," ",NA," "," "," ",NA," "," "," ",NA," "," "," ",NA," "," "," ",NA," "," "," ",NA," "," "," ",NA," "," "," "
"1668","USC00413787",1971,3,"TMAX",89," "," ","0",11," "," ","0",100," "," ","0",217," "," ","0",150," "," ","0",67," "," ","0",128," "," ","0",233," "," ","0",183," "," ","0",217," "," ","0",228," "," ","0",244," "," ","0",283," "," ","0",261," "," ","0",183," "," ","0",178," "," ","0",233," "," ","0",228," "," ","0",122," "," ","0",206," "," ","0",200," "," ","0",167," "," ","0",161," "," ","0",144," "," ","0",217," "," ","0",233," "," ","0",339," "," ","0",278," "," ","0",211," "," ","0",283," "," ","0",317," "," ","0"
"1669","USC00413787",1971,3,"TMIN",-67," "," ","0",-61," "," ","0",-111," "," ","0",-56," "," ","0",0," "," ","0",-56," "," ","0",-94," "," ","0",-61," "," ","0",17," "," ","0",-28," "," ","0",-11," "," ","0",50," "," ","0",6," "," ","0",22," "," ","0",-61," "," ","0",-28," "," ","0",-6," "," ","0",-6," "," ","0",-83," "," ","0",-78," "," ","0",33," "," ","0",-17," "," ","0",-56," "," ","0",17," "," ","0",-44," "," ","0",0," "," ","0",94," "," ","0",78," "," ","0",44," "," ","0",17," "," ","0",72," "," ","0"
"1670","USC00413787",1971,3,"TOBS",11," "," ","0",-33," "," ","0",89," "," ","0",150," "," ","0",50," "," ","0",44," "," ","0",117," "," ","0",183," "," ","0",144," "," ","0",211," "," ","0",211," "," ","0",222," "," ","0",261," "," ","0",106," "," ","0",161," "," ","0",167," "," ","0",228," "," ","0",56," "," ","0",111," "," ","0",189," "," ","0",167," "," ","0",83," "," ","0",106," "," ","0",106," "," ","0",194," "," ","0",200," "," ","0",278," "," ","0",156," "," ","0",200," "," ","0",239," "," ","0",272," "," ","0"
"1671","USC00413787",1971,3,"PRCP",0," "," ","0",0,"T"," ","0",0," "," ","0",0," "," ","0",0," "," ","0",0,"T"," ","0",0," "," ","0",0," "," ","0",0," "," ","0",0," "," ","0",0," "," ","0",0," "," ","0",0," "," ","0",0,"T"," ","0",0," "," ","0",0," "," ","0",0," "," ","0",0," "," ","0",0," "," ","0",0," "," ","0",0," "," ","0",0," "," ","0",0," "," ","0",0," "," ","0",0," "," ","0",0," "," ","0",0," "," ","0",0," "," ","0",0,"T"," ","0",0," "," ","0",0," "," ","0"
"1672","USC00413787",1971,3,"SNOW",0," "," ","0",0," "," ","0",0," "," ","0",0," "," ","0",0," "," ","0",0," "," ","0",0," "," ","0",0," "," ","0",0," "," ","0",0," "," ","0",0," "," ","0",0," "," ","0",0," "," ","0",0," "," ","0",0," "," ","0",0," "," ","0",0," "," ","0",0," "," ","0",0," "," ","0",0," "," ","0",0," "," ","0",0," "," ","0",0," "," ","0",0," "," ","0",0," "," ","0",0," "," ","0",0," "," ","0",0," "," ","0",0," "," ","0",0," "," ","0",0," "," ","0"
"1673","USC00413787",1971,3,"SNWD",0," "," ","0",0," "," ","0",0," "," ","0",0," "," ","0",0," "," ","0",0," "," ","0",0," "," ","0",0," "," ","0",0," "," ","0",0," "," ","0",0," "," ","0",0," "," ","0",0," "," ","0",0," "," ","0",0," "," ","0",0," "," ","0",0," "," ","0",0," "," ","0",0," "," ","0",0," "," ","0",0," "," ","0",0," "," ","0",0," "," ","0",0," "," ","0",0," "," ","0",0," "," ","0",0," "," ","0",0," "," ","0",0," "," ","0",0," "," ","0",0," "," ","0"
"1674","USC00413787",1971,4,"TMAX",272," "," ","0",189," "," ","0",200," "," ","0",144," "," ","0",83," "," ","0",167," "," ","0",250," "," ","0",278," "," ","0",239," "," ","0",283," "," ","0",328," "," ","0",333," "," ","0",283," "," ","0",222," "," ","0",222," "," ","0",244," "," ","0",211," "," ","0",244," "," ","0",194," "," ","0",211," "," ","0",267," "," ","0",222," "," ","0",139," "," ","0",256," "," ","0",306," "," ","0",306," "," ","0",261," "," ","0",233," "," ","0",228," "," ","0",267," "," ","0",NA," "," "," "
"1675","USC00413787",1971,4,"TMIN",0," "," ","0",-61," "," ","0",33," "," ","0",22," "," ","0",-33," "," ","0",-67," "," ","0",-22," "," ","0",72," "," ","0",39," "," ","0",6," "," ","0",111," "," ","0",100," "," ","0",61," "," ","0",-11," "," ","0",89," "," ","0",72," "," ","0",111," "," ","0",83," "," ","0",111," "," ","0",28," "," ","0",61," "," ","0",61," "," ","0",50," "," ","0",17," "," ","0",89," "," ","0",122," "," ","0",28," "," ","0",61," "," ","0",72," "," ","0",78," "," ","0",NA," "," "," "
"1676","USC00413787",1971,4,"TOBS",122," "," ","0",178," "," ","0",144," "," ","0",83," "," ","0",44," "," ","0",156," "," ","0",206," "," ","0",239," "," ","0",194," "," ","0",250," "," ","0",283," "," ","0",283," "," ","0",128," "," ","0",211," "," ","0",172," "," ","0",194," "," ","0",183," "," ","0",194," "," ","0",117," "," ","0",200," "," ","0",222," "," ","0",139," "," ","0",128," "," ","0",244," "," ","0",300," "," ","0",261," "," ","0",233," "," ","0",206," "," ","0",178," "," ","0",239," "," ","0",NA," "," "," "
"1677","USC00413787",1971,4,"PRCP",0," "," ","0",0," "," ","0",0," "," ","0",0,"T"," ","0",30," "," ","0",0," "," ","0",0," "," ","0",0," "," ","0",0," "," ","0",0," "," ","0",0," "," ","0",0," "," ","0",0," "," ","0",0," "," ","0",30," "," ","0",48," "," ","0",15," "," ","0",0," "," ","0",48," "," ","0",0," "," ","0",0," "," ","0",0,"T"," ","0",0,"T"," ","0",0," "," ","0",0," "," ","0",0," "," ","0",0," "," ","0",0," "," ","0",0," "," ","0",0," "," ","0",NA," "," "," "
"1678","USC00413787",1971,4,"SNOW",0," "," ","0",0," "," ","0",0," "," ","0",0," "," ","0",0," "," ","0",0," "," ","0",0," "," ","0",0," "," ","0",0," "," ","0",0," "," ","0",0," "," ","0",0," "," ","0",0," "," ","0",0," "," ","0",0," "," ","0",0," "," ","0",0," "," ","0",0," "," ","0",0," "," ","0",0," "," ","0",0," "," ","0",0," "," ","0",0," "," ","0",0," "," ","0",0," "," ","0",0," "," ","0",0," "," ","0",0," "," ","0",0," "," ","0",0," "," ","0",NA," "," "," "
"1679","USC00413787",1971,4,"SNWD",0," "," ","0",0," "," ","0",0," "," ","0",0," "," ","0",0," "," ","0",0," "," ","0",0," "," ","0",0," "," ","0",0," "," ","0",0," "," ","0",0," "," ","0",0," "," ","0",0," "," ","0",0," "," ","0",0," "," ","0",0," "," ","0",0," "," ","0",0," "," ","0",0," "," ","0",0," "," ","0",0," "," ","0",0," "," ","0",0," "," ","0",0," "," ","0",0," "," ","0",0," "," ","0",0," "," ","0",0," "," ","0",0," "," ","0",0," "," ","0",NA," "," "," "
"1680","USC00413787",1971,4,"WT03",NA," "," "," ",NA," "," "," ",NA," "," "," ",NA," "," "," ",NA," "," "," ",NA," "," "," ",NA," "," "," ",NA," "," "," ",NA," "," "," ",NA," "," "," ",NA," "," "," ",NA," "," "," ",NA," "," "," ",NA," "," "," ",1," "," ","0",1," "," ","0",NA," "," "," ",NA," "," "," ",1," "," ","0",NA," "," "," ",NA," "," "," ",1," "," ","0",NA," "," "," ",NA," "," "," ",NA," "," "," ",NA," "," "," ",NA," "," "," ",NA," "," "," ",NA," "," "," ",NA," "," "," ",NA," "," "," "
"1681","USC00413787",1971,5,"TMAX",289," "," ","0",278," "," ","0",272," "," ","0",333," "," ","0",278," "," ","0",272," "," ","0",256," "," ","0",244," "," ","0",283," "," ","0",272," "," ","0",206," "," ","0",206," "," ","0",267," "," ","0",311," "," ","0",328," "," ","0",361," "," ","0",322," "," ","0",244," "," ","0",244," "," ","0",311," "," ","0",317," "," ","0",350," "," ","0",339," "," ","0",278," "," ","0",328," "," ","0",344," "," ","0",294," "," ","0",322," "," ","0",272," "," ","0",261," "," ","0",317," "," ","0"
"1682","USC00413787",1971,5,"TMIN",50," "," ","0",83," "," ","0",72," "," ","0",122," "," ","0",83," "," ","0",61," "," ","0",50," "," ","0",78," "," ","0",94," "," ","0",67," "," ","0",100," "," ","0",22," "," ","0",-6," "," ","0",44," "," ","0",128," "," ","0",122," "," ","0",139," "," ","0",72," "," ","0",17," "," ","0",83," "," ","0",156," "," ","0",161," "," ","0",106," "," ","0",50," "," ","0",50," "," ","0",122," "," ","0",117," "," ","0",150," "," ","0",128," "," ","0",128," "," ","0",78," "," ","0"
"1683","USC00413787",1971,5,"TOBS",206," "," ","0",200," "," ","0",267," "," ","0",278," "," ","0",272," "," ","0",206," "," ","0",217," "," ","0",222," "," ","0",272," "," ","0",206," "," ","0",133," "," ","0",194," "," ","0",144," "," ","0",239," "," ","0",278," "," ","0",300," "," ","0",244," "," ","0",100," "," ","0",239," "," ","0",289," "," ","0",294," "," ","0",339," "," ","0",278," "," ","0",256," "," ","0",306," "," ","0",267," "," ","0",250," "," ","0",272," "," ","0",211," "," ","0",261," "," ","0",306," "," ","0"
"1684","USC00413787",1971,5,"PRCP",0,"T"," ","0",30," "," ","0",41," "," ","0",0," "," ","0",0," "," ","0",0," "," ","0",0," "," ","0",3," "," ","0",0," "," ","0",0," "," ","0",0," "," ","0",0," "," ","0",0," "," ","0",0," "," ","0",0," "," ","0",0," "," ","0",0," "," ","0",33," "," ","0",0," "," ","0",0," "," ","0",0," "," ","0",0," "," ","0",0," "," ","0",0," "," ","0",0," "," ","0",0,"T"," ","0",0,"T"," ","0",0," "," ","0",239," "," ","0",30," "," ","0",0," "," ","0"
"1685","USC00413787",1971,5,"SNOW",0," "," ","0",0," "," ","0",0," "," ","0",0," "," ","0",0," "," ","0",0," "," ","0",0," "," ","0",0," "," ","0",0," "," ","0",0," "," ","0",0," "," ","0",0," "," ","0",0," "," ","0",0," "," ","0",0," "," ","0",0," "," ","0",0," "," ","0",0," "," ","0",0," "," ","0",0," "," ","0",0," "," ","0",0," "," ","0",0," "," ","0",0," "," ","0",0," "," ","0",0," "," ","0",0," "," ","0",0," "," ","0",0," "," ","0",0," "," ","0",0," "," ","0"
"1686","USC00413787",1971,5,"SNWD",0," "," ","0",0," "," ","0",0," "," ","0",0," "," ","0",0," "," ","0",0," "," ","0",0," "," ","0",0," "," ","0",0," "," ","0",0," "," ","0",0," "," ","0",0," "," ","0",0," "," ","0",0," "," ","0",0," "," ","0",0," "," ","0",0," "," ","0",0," "," ","0",0," "," ","0",0," "," ","0",0," "," ","0",0," "," ","0",0," "," ","0",0," "," ","0",0," "," ","0",0," "," ","0",0," "," ","0",0," "," ","0",0," "," ","0",0," "," ","0",0," "," ","0"
"1687","USC00413787",1971,5,"WT03",1," "," ","0",1," "," ","0",1," "," ","0",NA," "," "," ",NA," "," "," ",NA," "," "," ",NA," "," "," ",1," "," ","0",NA," "," "," ",NA," "," "," ",NA," "," "," ",NA," "," "," ",NA," "," "," ",NA," "," "," ",NA," "," "," ",NA," "," "," ",NA," "," "," ",1," "," ","0",NA," "," "," ",NA," "," "," ",NA," "," "," ",NA," "," "," ",NA," "," "," ",NA," "," "," ",NA," "," "," ",1," "," ","0",1," "," ","0",NA," "," "," ",1," "," ","0",1," "," ","0",NA," "," "," "
"1688","USC00413787",1971,6,"TMAX",350," "," ","0",350," "," ","0",283," "," ","0",333," "," ","0",361," "," ","0",350," "," ","0",333," "," ","0",322," "," ","0",306," "," ","0",294," "," ","0",322," "," ","0",317," "," ","0",306," "," ","0",350," "," ","0",361," "," ","0",356," "," ","0",350," "," ","0",356," "," ","0",350," "," ","0",339," "," ","0",344," "," ","0",367," "," ","0",378," "," ","0",383," "," ","0",378," "," ","0",367," "," ","0",350," "," ","0",333," "," ","0",350," "," ","0",350," "," ","0",NA," "," "," "
"1689","USC00413787",1971,6,"TMIN",100," "," ","0",161," "," ","0",167," "," ","0",172," "," ","0",139," "," ","0",167," "," ","0",122," "," ","0",156," "," ","0",139," "," ","0",128," "," ","0",150," "," ","0",133," "," ","0",144," "," ","0",144," "," ","0",144," "," ","0",167," "," ","0",183," "," ","0",194," "," ","0",200," "," ","0",167," "," ","0",139," "," ","0",144," "," ","0",183," "," ","0",206," "," ","0",211," "," ","0",206," "," ","0",189," "," ","0",194," "," ","0",211," "," ","0",189," "," ","0",NA," "," "," "
"1690","USC00413787",1971,6,"TOBS",350," "," ","0",244," "," ","0",272," "," ","0",328," "," ","0",306," "," ","0",306," "," ","0",322," "," ","0",194," "," ","0",267," "," ","0",272," "," ","0",267," "," ","0",300," "," ","0",289," "," ","0",328," "," ","0",350," "," ","0",333," "," ","0",339," "," ","0",344," "," ","0",339," "," ","0",306," "," ","0",333," "," ","0",344," "," ","0",367," "," ","0",367," "," ","0",367," "," ","0",350," "," ","0",283," "," ","0",322," "," ","0",344," "," ","0",311," "," ","0",NA," "," "," "
"1691","USC00413787",1971,6,"PRCP",0," "," ","0",0," "," ","0",0," "," ","0",0," "," ","0",0," "," ","0",30," "," ","0",0," "," ","0",0,"T"," ","0",140," "," ","0",605," "," ","0",15," "," ","0",130," "," ","0",0,"T"," ","0",0," "," ","0",0," "," ","0",0," "," ","0",0," "," ","0",0," "," ","0",0," "," ","0",0," "," ","0",0," "," ","0",0," "," ","0",0," "," ","0",0," "," ","0",0," "," ","0",0," "," ","0",0," "," ","0",0," "," ","0",0," "," ","0",0," "," ","0",NA," "," "," "
"1692","USC00413787",1971,6,"SNOW",0," "," ","0",0," "," ","0",0," "," ","0",0," "," ","0",0," "," ","0",0," "," ","0",0," "," ","0",0," "," ","0",0," "," ","0",0," "," ","0",0," "," ","0",0," "," ","0",0," "," ","0",0," "," ","0",0," "," ","0",0," "," ","0",0," "," ","0",0," "," ","0",0," "," ","0",0," "," ","0",0," "," ","0",0," "," ","0",0," "," ","0",0," "," ","0",0," "," ","0",0," "," ","0",0," "," ","0",0," "," ","0",0," "," ","0",0," "," ","0",NA," "," "," "
"1693","USC00413787",1971,6,"SNWD",0," "," ","0",0," "," ","0",0," "," ","0",0," "," ","0",0," "," ","0",0," "," ","0",0," "," ","0",0," "," ","0",0," "," ","0",0," "," ","0",0," "," ","0",0," "," ","0",0," "," ","0",0," "," ","0",0," "," ","0",0," "," ","0",0," "," ","0",0," "," ","0",0," "," ","0",0," "," ","0",0," "," ","0",0," "," ","0",0," "," ","0",0," "," ","0",0," "," ","0",0," "," ","0",0," "," ","0",0," "," ","0",0," "," ","0",0," "," ","0",NA," "," "," "
"1694","USC00413787",1971,6,"WT03",NA," "," "," ",NA," "," "," ",NA," "," "," ",NA," "," "," ",NA," "," "," ",1," "," ","0",NA," "," "," ",1," "," ","0",1," "," ","0",1," "," ","0",1," "," ","0",1," "," ","0",1," "," ","0",NA," "," "," ",NA," "," "," ",NA," "," "," ",NA," "," "," ",NA," "," "," ",NA," "," "," ",NA," "," "," ",NA," "," "," ",NA," "," "," ",NA," "," "," ",NA," "," "," ",NA," "," "," ",NA," "," "," ",NA," "," "," ",NA," "," "," ",NA," "," "," ",NA," "," "," ",NA," "," "," "
"1695","USC00413787",1971,7,"TMAX",322," "," ","0",322," "," ","0",350," "," ","0",372," "," ","0",367," "," ","0",400," "," ","0",378," "," ","0",378," "," ","0",378," "," ","0",394," "," ","0",394," "," ","0",394," "," ","0",406," "," ","0",400," "," ","0",400," "," ","0",383," "," ","0",417," "," ","0",400," "," ","0",350," "," ","0",272," "," ","0",317," "," ","0",344," "," ","0",350," "," ","0",339," "," ","0",367," "," ","0",361," "," ","0",322," "," ","0",322," "," ","0",317," "," ","0",272," "," ","0",267," "," ","0"
"1696","USC00413787",1971,7,"TMIN",161," "," ","0",167," "," ","0",178," "," ","0",183," "," ","0",178," "," ","0",183," "," ","0",200," "," ","0",183," "," ","0",194," "," ","0",194," "," ","0",217," "," ","0",233," "," ","0",217," "," ","0",194," "," ","0",206," "," ","0",211," "," ","0",189," "," ","0",228," "," ","0",161," "," ","0",161," "," ","0",156," "," ","0",200," "," ","0",183," "," ","0",156," "," ","0",167," "," ","0",167," "," ","0",150," "," ","0",150," "," ","0",144," "," ","0",122," "," ","0",122," "," ","0"
"1697","USC00413787",1971,7,"TOBS",317," "," ","0",311," "," ","0",350," "," ","0",367," "," ","0",344," "," ","0",378," "," ","0",372," "," ","0",361," "," ","0",367," "," ","0",372," "," ","0",378," "," ","0",389," "," ","0",400," "," ","0",378," "," ","0",383," "," ","0",367," "," ","0",389," "," ","0",350," "," ","0",172," "," ","0",272," "," ","0",306," "," ","0",339," "," ","0",300," "," ","0",339," "," ","0",361," "," ","0",294," "," ","0",306," "," ","0",317," "," ","0",183," "," ","0",267," "," ","0",239," "," ","0"
"1698","USC00413787",1971,7,"PRCP",124," "," ","0",163," "," ","0",0," "," ","0",0," "," ","0",0," "," ","0",0," "," ","0",0," "," ","0",0," "," ","0",0," "," ","0",0," "," ","0",0," "," ","0",0," "," ","0",0," "," ","0",0," "," ","0",0," "," ","0",0,"T"," ","0",0," "," ","0",0,"T"," ","0",236," "," ","0",0," "," ","0",0," "," ","0",10," "," ","0",13," "," ","0",0," "," ","0",0," "," ","0",0," "," ","0",0," "," ","0",376," "," ","0",262," "," ","0",8," "," ","0",0," "," ","0"
"1699","USC00413787",1971,7,"SNOW",0," "," ","0",0," "," ","0",0," "," ","0",0," "," ","0",0," "," ","0",0," "," ","0",0," "," ","0",0," "," ","0",0," "," ","0",0," "," ","0",0," "," ","0",0," "," ","0",0," "," ","0",0," "," ","0",0," "," ","0",0," "," ","0",0," "," ","0",0," "," ","0",0," "," ","0",0," "," ","0",0," "," ","0",0," "," ","0",0," "," ","0",0," "," ","0",0," "," ","0",0," "," ","0",0," "," ","0",0," "," ","0",0," "," ","0",0," "," ","0",0," "," ","0"
"1700","USC00413787",1971,7,"SNWD",0," "," ","0",0," "," ","0",0," "," ","0",0," "," ","0",0," "," ","0",0," "," ","0",0," "," ","0",0," "," ","0",0," "," ","0",0," "," ","0",0," "," ","0",0," "," ","0",0," "," ","0",0," "," ","0",0," "," ","0",0," "," ","0",0," "," ","0",0," "," ","0",0," "," ","0",0," "," ","0",0," "," ","0",0," "," ","0",0," "," ","0",0," "," ","0",0," "," ","0",0," "," ","0",0," "," ","0",0," "," ","0",0," "," ","0",0," "," ","0",0," "," ","0"
"1701","USC00413787",1971,7,"WT03",1," "," ","0",1," "," ","0",NA," "," "," ",NA," "," "," ",NA," "," "," ",NA," "," "," ",NA," "," "," ",NA," "," "," ",NA," "," "," ",NA," "," "," ",NA," "," "," ",NA," "," "," ",NA," "," "," ",NA," "," "," ",NA," "," "," ",NA," "," "," ",NA," "," "," ",NA," "," "," ",NA," "," "," ",1," "," ","0",NA," "," "," ",1," "," ","0",1," "," ","0",NA," "," "," ",NA," "," "," ",NA," "," "," ",1," "," ","0",NA," "," "," ",NA," "," "," ",NA," "," "," ",NA," "," "," "
"1702","USC00413787",1971,8,"TMAX",328," "," ","0",333," "," ","0",322," "," ","0",328," "," ","0",317," "," ","0",300," "," ","0",294," "," ","0",283," "," ","0",311," "," ","0",339," "," ","0",328," "," ","0",306," "," ","0",294," "," ","0",317," "," ","0",289," "," ","0",278," "," ","0",289," "," ","0",317," "," ","0",328," "," ","0",322," "," ","0",372," "," ","0",328," "," ","0",372," "," ","0",356," "," ","0",367," "," ","0",361," "," ","0",361," "," ","0",361," "," ","0",339," "," ","0",350," "," ","0",356," "," ","0"
"1703","USC00413787",1971,8,"TMIN",133," "," ","0",139," "," ","0",144," "," ","0",128," "," ","0",167," "," ","0",133," "," ","0",144," "," ","0",167," "," ","0",161," "," ","0",161," "," ","0",183," "," ","0",144," "," ","0",150," "," ","0",156," "," ","0",167," "," ","0",172," "," ","0",178," "," ","0",172," "," ","0",172," "," ","0",156," "," ","0",178," "," ","0",167," "," ","0",161," "," ","0",150," "," ","0",156," "," ","0",156," "," ","0",144," "," ","0",167," "," ","0",194," "," ","0",194," "," ","0",189," "," ","0"
"1704","USC00413787",1971,8,"TOBS",322," "," ","0",311," "," ","0",317," "," ","0",311," "," ","0",228," "," ","0",278," "," ","0",239," "," ","0",278," "," ","0",261," "," ","0",300," "," ","0",300," "," ","0",294," "," ","0",278," "," ","0",261," "," ","0",250," "," ","0",244," "," ","0",239," "," ","0",300," "," ","0",322," "," ","0",244," "," ","0",239," "," ","0",250," "," ","0",283," "," ","0",228," "," ","0",278," "," ","0",350," "," ","0",267," "," ","0",322," "," ","0",306," "," ","0",328," "," ","0",267," "," ","0"
"1705","USC00413787",1971,8,"PRCP",0," "," ","0",0," "," ","0",13," "," ","0",0," "," ","0",0," "," ","0",0," "," ","0",0," "," ","0",58," "," ","0",8," "," ","0",0," "," ","0",25," "," ","0",0," "," ","0",10," "," ","0",0," "," ","0",43," "," ","0",0," "," ","0",0," "," ","0",0," "," ","0",0," "," ","0",0," "," ","0",20," "," ","0",0," "," ","0",0," "," ","0",0," "," ","0",13," "," ","0",0," "," ","0",0," "," ","0",0," "," ","0",0," "," ","0",0," "," ","0",0," "," ","0"
"1706","USC00413787",1971,8,"SNOW",0," "," ","0",0," "," ","0",0," "," ","0",0," "," ","0",0," "," ","0",0," "," ","0",0," "," ","0",0," "," ","0",0," "," ","0",0," "," ","0",0," "," ","0",0," "," ","0",0," "," ","0",0," "," ","0",0," "," ","0",0," "," ","0",0," "," ","0",0," "," ","0",0," "," ","0",0," "," ","0",0," "," ","0",0," "," ","0",0," "," ","0",0," "," ","0",0," "," ","0",0," "," ","0",0," "," ","0",0," "," ","0",0," "," ","0",0," "," ","0",0," "," ","0"
"1707","USC00413787",1971,8,"SNWD",0," "," ","0",0," "," ","0",0," "," ","0",0," "," ","0",0," "," ","0",0," "," ","0",0," "," ","0",0," "," ","0",0," "," ","0",0," "," ","0",0," "," ","0",0," "," ","0",0," "," ","0",0," "," ","0",0," "," ","0",0," "," ","0",0," "," ","0",0," "," ","0",0," "," ","0",0," "," ","0",0," "," ","0",0," "," ","0",0," "," ","0",0," "," ","0",0," "," ","0",0," "," ","0",0," "," ","0",0," "," ","0",0," "," ","0",0," "," ","0",0," "," ","0"
"1708","USC00413787",1971,8,"WT03",NA," "," "," ",NA," "," "," ",1," "," ","0",NA," "," "," ",NA," "," "," ",NA," "," "," ",NA," "," "," ",NA," "," "," ",NA," "," "," ",NA," "," "," ",1," "," ","0",NA," "," "," ",NA," "," "," ",NA," "," "," ",NA," "," "," ",NA," "," "," ",NA," "," "," ",NA," "," "," ",NA," "," "," ",NA," "," "," ",NA," "," "," ",NA," "," "," ",NA," "," "," ",NA," "," "," ",NA," "," "," ",NA," "," "," ",NA," "," "," ",NA," "," "," ",NA," "," "," ",NA," "," "," ",NA," "," "," "
"1709","USC00413787",1971,9,"TMAX",361," "," ","0",350," "," ","0",350," "," ","0",328," "," ","0",339," "," ","0",389," "," ","0",383," "," ","0",289," "," ","0",350," "," ","0",372," "," ","0",378," "," ","0",367," "," ","0",367," "," ","0",356," "," ","0",283," "," ","0",256," "," ","0",183," "," ","0",83," "," ","0",178," "," ","0",256," "," ","0",244," "," ","0",222," "," ","0",139," "," ","0",139," "," ","0",278," "," ","0",306," "," ","0",328," "," ","0",322," "," ","0",317," "," ","0",283," "," ","0",NA," "," "," "
"1710","USC00413787",1971,9,"TMIN",206," "," ","0",183," "," ","0",194," "," ","0",144," "," ","0",128," "," ","0",100," "," ","0",183," "," ","0",178," "," ","0",117," "," ","0",161," "," ","0",156," "," ","0",139," "," ","0",122," "," ","0",167," "," ","0",117," "," ","0",111," "," ","0",61," "," ","0",44," "," ","0",39," "," ","0",33," "," ","0",78," "," ","0",56," "," ","0",72," "," ","0",100," "," ","0",106," "," ","0",111," "," ","0",133," "," ","0",167," "," ","0",172," "," ","0",178," "," ","0",NA," "," "," "
"1711","USC00413787",1971,9,"TOBS",350," "," ","0",267," "," ","0",322," "," ","0",211," "," ","0",233," "," ","0",378," "," ","0",267," "," ","0",250," "," ","0",344," "," ","0",356," "," ","0",356," "," ","0",333," "," ","0",356," "," ","0",283," "," ","0",256," "," ","0",183," "," ","0",67," "," ","0",72," "," ","0",172," "," ","0",244," "," ","0",222," "," ","0",89," "," ","0",117," "," ","0",139," "," ","0",267," "," ","0",278," "," ","0",311," "," ","0",317," "," ","0",272," "," ","0",244," "," ","0",NA," "," "," "
"1712","USC00413787",1971,9,"PRCP",0," "," ","0",0," "," ","0",10," "," ","0",10," "," ","0",0," "," ","0",0," "," ","0",0," "," ","0",0," "," ","0",0," "," ","0",0," "," ","0",0," "," ","0",0," "," ","0",0," "," ","0",0," "," ","0",0," "," ","0",0," "," ","0",211," "," ","0",69," "," ","0",0," "," ","0",0," "," ","0",0," "," ","0",254," "," ","0",8," "," ","0",13," "," ","0",0," "," ","0",0," "," ","0",0," "," ","0",0," "," ","0",0," "," ","0",10," "," ","0",NA," "," "," "
"1713","USC00413787",1971,9,"SNOW",0," "," ","0",0," "," ","0",0," "," ","0",0," "," ","0",0," "," ","0",0," "," ","0",0," "," ","0",0," "," ","0",0," "," ","0",0," "," ","0",0," "," ","0",0," "," ","0",0," "," ","0",0," "," ","0",0," "," ","0",0," "," ","0",0," "," ","0",0," "," ","0",0," "," ","0",0," "," ","0",0," "," ","0",0," "," ","0",0," "," ","0",0," "," ","0",0," "," ","0",0," "," ","0",0," "," ","0",0," "," ","0",0," "," ","0",0," "," ","0",NA," "," "," "
"1714","USC00413787",1971,9,"SNWD",0," "," ","0",0," "," ","0",0," "," ","0",0," "," ","0",0," "," ","0",0," "," ","0",0," "," ","0",0," "," ","0",0," "," ","0",0," "," ","0",0," "," ","0",0," "," ","0",0," "," ","0",0," "," ","0",0," "," ","0",0," "," ","0",0," "," ","0",0," "," ","0",0," "," ","0",0," "," ","0",0," "," ","0",0," "," ","0",0," "," ","0",0," "," ","0",0," "," ","0",0," "," ","0",0," "," ","0",0," "," ","0",0," "," ","0",0," "," ","0",NA," "," "," "
"1715","USC00413787",1971,9,"WT03",1," "," ","0",1," "," ","0",1," "," ","0",1," "," ","0",NA," "," "," ",NA," "," "," ",NA," "," "," ",NA," "," "," ",NA," "," "," ",NA," "," "," ",NA," "," "," ",NA," "," "," ",NA," "," "," ",NA," "," "," ",NA," "," "," ",NA," "," "," ",1," "," ","0",NA," "," "," ",NA," "," "," ",NA," "," "," ",NA," "," "," ",1," "," ","0",NA," "," "," ",NA," "," "," ",NA," "," "," ",NA," "," "," ",NA," "," "," ",NA," "," "," ",NA," "," "," ",NA," "," "," ",NA," "," "," "
"1716","USC00413787",1971,10,"TMAX",300," "," ","0",278," "," ","0",250," "," ","0",267," "," ","0",283," "," ","0",289," "," ","0",267," "," ","0",233," "," ","0",222," "," ","0",294," "," ","0",294," "," ","0",289," "," ","0",239," "," ","0",294," "," ","0",294," "," ","0",300," "," ","0",272," "," ","0",244," "," ","0",172," "," ","0",200," "," ","0",233," "," ","0",194," "," ","0",211," "," ","0",244," "," ","0",239," "," ","0",206," "," ","0",233," "," ","0",256," "," ","0",200," "," ","0",128," "," ","0",194," "," ","0"
"1717","USC00413787",1971,10,"TMIN",189," "," ","0",67," "," ","0",67," "," ","0",44," "," ","0",61," "," ","0",72," "," ","0",94," "," ","0",94," "," ","0",61," "," ","0",22," "," ","0",72," "," ","0",67," "," ","0",39," "," ","0",94," "," ","0",44," "," ","0",89," "," ","0",156," "," ","0",94," "," ","0",22," "," ","0",56," "," ","0",28," "," ","0",78," "," ","0",28," "," ","0",67," "," ","0",89," "," ","0",128," "," ","0",78," "," ","0",61," "," ","0",-6," "," ","0",0," "," ","0",17," "," ","0"
"1718","USC00413787",1971,10,"TOBS",278," "," ","0",250," "," ","0",217," "," ","0",222," "," ","0",261," "," ","0",267," "," ","0",233," "," ","0",206," "," ","0",211," "," ","0",289," "," ","0",267," "," ","0",228," "," ","0",222," "," ","0",267," "," ","0",294," "," ","0",239," "," ","0",244," "," ","0",172," "," ","0",100," "," ","0",183," "," ","0",194," "," ","0",139," "," ","0",194," "," ","0",172," "," ","0",206," "," ","0",167," "," ","0",206," "," ","0",144," "," ","0",17," "," ","0",122," "," ","0",117," "," ","0"
"1719","USC00413787",1971,10,"PRCP",0," "," ","0",10," "," ","0",0," "," ","0",0," "," ","0",0," "," ","0",0," "," ","0",0," "," ","0",18," "," ","0",0," "," ","0",0," "," ","0",0," "," ","0",0," "," ","0",0," "," ","0",0," "," ","0",0," "," ","0",0," "," ","0",183," "," ","0",0," "," ","0",33," "," ","0",25," "," ","0",0," "," ","0",0," "," ","0",0," "," ","0",0," "," ","0",0,"T"," ","0",56," "," ","0",0," "," ","0",0," "," ","0",89," "," ","0",30," "," ","0",0," "," ","0"
"1720","USC00413787",1971,10,"SNOW",0," "," ","0",0," "," ","0",0," "," ","0",0," "," ","0",0," "," ","0",0," "," ","0",0," "," ","0",0," "," ","0",0," "," ","0",0," "," ","0",0," "," ","0",0," "," ","0",0," "," ","0",0," "," ","0",0," "," ","0",0," "," ","0",0," "," ","0",0," "," ","0",0," "," ","0",0," "," ","0",0," "," ","0",0," "," ","0",0," "," ","0",0," "," ","0",0," "," ","0",0," "," ","0",0," "," ","0",0," "," ","0",0," "," ","0",0," "," ","0",0," "," ","0"
"1721","USC00413787",1971,10,"SNWD",0," "," ","0",0," "," ","0",0," "," ","0",0," "," ","0",0," "," ","0",0," "," ","0",0," "," ","0",0," "," ","0",0," "," ","0",0," "," ","0",0," "," ","0",0," "," ","0",0," "," ","0",0," "," ","0",0," "," ","0",0," "," ","0",0," "," ","0",0," "," ","0",0," "," ","0",0," "," ","0",0," "," ","0",0," "," ","0",0," "," ","0",0," "," ","0",0," "," ","0",0," "," ","0",0," "," ","0",0," "," ","0",0," "," ","0",0," "," ","0",0," "," ","0"
"1722","USC00413787",1971,10,"WT03",NA," "," "," ",1," "," ","0",NA," "," "," ",NA," "," "," ",NA," "," "," ",NA," "," "," ",NA," "," "," ",NA," "," "," ",NA," "," "," ",NA," "," "," ",NA," "," "," ",NA," "," "," ",NA," "," "," ",NA," "," "," ",NA," "," "," ",NA," "," "," ",1," "," ","0",NA," "," "," ",NA," "," "," ",NA," "," "," ",NA," "," "," ",NA," "," "," ",NA," "," "," ",NA," "," "," ",NA," "," "," ",NA," "," "," ",NA," "," "," ",NA," "," "," ",NA," "," "," ",NA," "," "," ",NA," "," "," "
"1723","USC00413787",1971,11,"TMAX",156," "," ","0",183," "," ","0",144," "," ","0",206," "," ","0",150," "," ","0",111," "," ","0",106," "," ","0",194," "," ","0",183," "," ","0",233," "," ","0",267," "," ","0",294," "," ","0",239," "," ","0",239," "," ","0",178," "," ","0",172," "," ","0",150," "," ","0",72," "," ","0",117," "," ","0",217," "," ","0",144," "," ","0",72," "," ","0",83," "," ","0",94," "," ","0",194," "," ","0",117," "," ","0",172," "," ","0",111," "," ","0",50," "," ","0",6," "," ","0",NA," "," "," "
"1724","USC00413787",1971,11,"TMIN",106," "," ","0",-11," "," ","0",-33," "," ","0",-6," "," ","0",33," "," ","0",-39," "," ","0",-39," "," ","0",28," "," ","0",-22," "," ","0",17," "," ","0",6," "," ","0",39," "," ","0",89," "," ","0",-11," "," ","0",100," "," ","0",94," "," ","0",67," "," ","0",-17," "," ","0",-56," "," ","0",-17," "," ","0",0," "," ","0",11," "," ","0",11," "," ","0",-28," "," ","0",11," "," ","0",-11," "," ","0",-17," "," ","0",-6," "," ","0",-28," "," ","0",-22," "," ","0",NA," "," "," "
"1725","USC00413787",1971,11,"TOBS",111," "," ","0",100," "," ","0",100," "," ","0",144," "," ","0",89," "," ","0",56," "," ","0",72," "," ","0",144," "," ","0",106," "," ","0",183," "," ","0",172," "," ","0",189," "," ","0",167," "," ","0",178," "," ","0",150," "," ","0",150," "," ","0",72," "," ","0",17," "," ","0",78," "," ","0",117," "," ","0",72," "," ","0",17," "," ","0",67," "," ","0",83," "," ","0",117," "," ","0",67," "," ","0",111," "," ","0",50," "," ","0",0," "," ","0",6," "," ","0",NA," "," "," "
"1726","USC00413787",1971,11,"PRCP",13," "," ","0",0," "," ","0",0," "," ","0",0," "," ","0",0," "," ","0",0," "," ","0",0," "," ","0",0," "," ","0",0," "," ","0",0," "," ","0",0," "," ","0",0," "," ","0",0," "," ","0",0," "," ","0",33," "," ","0",142," "," ","0",546," "," ","0",0," "," ","0",0," "," ","0",0," "," ","0",0," "," ","0",36," "," ","0",0,"T"," ","0",0," "," ","0",0," "," ","0",0," "," ","0",0," "," ","0",0,"T"," ","0",0," "," ","0",0,"T"," ","0",NA," "," "," "
"1727","USC00413787",1971,11,"SNOW",0," "," ","0",0," "," ","0",0," "," ","0",0," "," ","0",0," "," ","0",0," "," ","0",0," "," ","0",0," "," ","0",0," "," ","0",0," "," ","0",0," "," ","0",0," "," ","0",0," "," ","0",0," "," ","0",0," "," ","0",0," "," ","0",0," "," ","0",0," "," ","0",0," "," ","0",0," "," ","0",0," "," ","0",0,"T"," ","0",0," "," ","0",0," "," ","0",0," "," ","0",0," "," ","0",0," "," ","0",0," "," ","0",0," "," ","0",0," "," ","0",NA," "," "," "
"1728","USC00413787",1971,11,"SNWD",0," "," ","0",0," "," ","0",0," "," ","0",0," "," ","0",0," "," ","0",0," "," ","0",0," "," ","0",0," "," ","0",0," "," ","0",0," "," ","0",0," "," ","0",0," "," ","0",0," "," ","0",0," "," ","0",0," "," ","0",0," "," ","0",0," "," ","0",0," "," ","0",0," "," ","0",0," "," ","0",0," "," ","0",0," "," ","0",0," "," ","0",0," "," ","0",0," "," ","0",0," "," ","0",0," "," ","0",0," "," ","0",0," "," ","0",0," "," ","0",NA," "," "," "
"1729","USC00413787",1971,11,"WT03",NA," "," "," ",NA," "," "," ",NA," "," "," ",NA," "," "," ",NA," "," "," ",NA," "," "," ",NA," "," "," ",NA," "," "," ",NA," "," "," ",NA," "," "," ",NA," "," "," ",NA," "," "," ",NA," "," "," ",NA," "," "," ",NA," "," "," ",1," "," ","0",1," "," ","0",NA," "," "," ",NA," "," "," ",NA," "," "," ",NA," "," "," ",NA," "," "," ",NA," "," "," ",NA," "," "," ",NA," "," "," ",NA," "," "," ",NA," "," "," ",NA," "," "," ",NA," "," "," ",NA," "," "," ",NA," "," "," "
"1730","USC00413787",1971,12,"TMAX",6," "," ","0",-11," "," ","0",-11," "," ","0",22," "," ","0",0," "," ","0",72," "," ","0",0," "," ","0",-17," "," ","0",67," "," ","0",67," "," ","0",128," "," ","0",78," "," ","0",133," "," ","0",78," "," ","0",100," "," ","0",78," "," ","0",133," "," ","0",106," "," ","0",139," "," ","0",172," "," ","0",150," "," ","0",167," "," ","0",239," "," ","0",172," "," ","0",233," "," ","0",239," "," ","0",172," "," ","0",89," "," ","0",117," "," ","0",117," "," ","0",100," "," ","0"
"1731","USC00413787",1971,12,"TMIN",-17," "," ","0",-33," "," ","0",-50," "," ","0",-67," "," ","0",-33," "," ","0",-94," "," ","0",-67," "," ","0",-61," "," ","0",-56," "," ","0",-17," "," ","0",-22," "," ","0",-28," "," ","0",-22," "," ","0",0," "," ","0",-44," "," ","0",-39," "," ","0",-78," "," ","0",-44," "," ","0",0," "," ","0",-61," "," ","0",-44," "," ","0",-6," "," ","0",33," "," ","0",39," "," ","0",33," "," ","0",50," "," ","0",0," "," ","0",-50," "," ","0",50," "," ","0",-67," "," ","0",-72," "," ","0"
"1732","USC00413787",1971,12,"TOBS",-11," "," ","0",-28," "," ","0",-17," "," ","0",-22," "," ","0",-28," "," ","0",-6," "," ","0",-17," "," ","0",-50," "," ","0",17," "," ","0",39," "," ","0",78," "," ","0",33," "," ","0",78," "," ","0",6," "," ","0",78," "," ","0",22," "," ","0",61," "," ","0",50," "," ","0",89," "," ","0",117," "," ","0",72," "," ","0",139," "," ","0",172," "," ","0",78," "," ","0",106," "," ","0",172," "," ","0",17," "," ","0",56," "," ","0",72," "," ","0",72," "," ","0",78," "," ","0"
"1733","USC00413787",1971,12,"PRCP",15," "," ","0",140," "," ","0",0," "," ","0",0," "," ","0",0," "," ","0",0," "," ","0",0," "," ","0",0,"T"," ","0",0," "," ","0",0," "," ","0",0," "," ","0",0," "," ","0",0," "," ","0",0,"T"," ","0",0," "," ","0",0," "," ","0",0," "," ","0",0," "," ","0",0," "," ","0",0," "," ","0",0," "," ","0",0," "," ","0",0," "," ","0",0," "," ","0",0," "," ","0",0," "," ","0",0," "," ","0",0," "," ","0",0," "," ","0",0," "," ","0",0," "," ","0"
"1734","USC00413787",1971,12,"SNOW",25," "," ","0",165," "," ","0",0," "," ","0",0," "," ","0",0," "," ","0",0," "," ","0",0," "," ","0",0," "," ","0",0," "," ","0",0," "," ","0",0," "," ","0",0," "," ","0",0," "," ","0",0," "," ","0",0," "," ","0",0," "," ","0",0," "," ","0",0," "," ","0",0," "," ","0",0," "," ","0",0," "," ","0",0," "," ","0",0," "," ","0",0," "," ","0",0," "," ","0",0," "," ","0",0," "," ","0",0," "," ","0",0," "," ","0",0," "," ","0",0," "," ","0"
"1735","USC00413787",1971,12,"SNWD",25," "," ","0",178," "," ","0",127," "," ","0",76," "," ","0",51," "," ","0",0,"T"," ","0",0,"T"," ","0",0," "," ","0",0," "," ","0",0," "," ","0",0," "," ","0",0," "," ","0",0," "," ","0",0," "," ","0",0," "," ","0",0," "," ","0",0," "," ","0",0," "," ","0",0," "," ","0",0," "," ","0",0," "," ","0",0," "," ","0",0," "," ","0",0," "," ","0",0," "," ","0",0," "," ","0",0," "," ","0",0," "," ","0",0," "," ","0",0," "," ","0",0," "," ","0"
"1736","USC00413787",1971,12,"WT06",1," "," ","0",NA," "," "," ",NA," "," "," ",NA," "," "," ",NA," "," "," ",NA," "," "," ",NA," "," "," ",NA," "," "," ",NA," "," "," ",NA," "," "," ",NA," "," "," ",NA," "," "," ",NA," "," "," ",NA," "," "," ",NA," "," "," ",NA," "," "," ",NA," "," "," ",NA," "," "," ",NA," "," "," ",NA," "," "," ",NA," "," "," ",NA," "," "," ",NA," "," "," ",NA," "," "," ",NA," "," "," ",NA," "," "," ",NA," "," "," ",NA," "," "," ",NA," "," "," ",NA," "," "," ",NA," "," "," "
"1737","USC00413787",1972,1,"TMAX",78," "," ","0",172," "," ","0",67," "," ","0",-72," "," ","0",100," "," ","0",122," "," ","0",139," "," ","0",217," "," ","0",144," "," ","0",139," "," ","0",100," "," ","0",172," "," ","0",133," "," ","0",-33," "," ","0",56," "," ","0",161," "," ","0",206," "," ","0",211," "," ","0",200," "," ","0",178," "," ","0",161," "," ","0",194," "," ","0",267," "," ","0",167," "," ","0",133," "," ","0",89," "," ","0",-22," "," ","0",50," "," ","0",67," "," ","0",61," "," ","0",111," "," ","0"
"1738","USC00413787",1972,1,"TMIN",-17," "," ","0",-67," "," ","0",-122," "," ","0",-161," "," ","0",-161," "," ","0",-89," "," ","0",-67," "," ","0",0," "," ","0",-61," "," ","0",-72," "," ","0",-72," "," ","0",44," "," ","0",-61," "," ","0",-150," "," ","0",-206," "," ","0",-78," "," ","0",-11," "," ","0",-11," "," ","0",-44," "," ","0",-22," "," ","0",-28," "," ","0",0," "," ","0",28," "," ","0",6," "," ","0",-78," "," ","0",-100," "," ","0",-156," "," ","0",-133," "," ","0",-100," "," ","0",-106," "," ","0",-117," "," ","0"
"1739","USC00413787",1972,1,"TOBS",33," "," ","0",67," "," ","0",-122," "," ","0",-122," "," ","0",33," "," ","0",72," "," ","0",61," "," ","0",128," "," ","0",72," "," ","0",67," "," ","0",72," "," ","0",78," "," ","0",-33," "," ","0",-150," "," ","0",0," "," ","0",111," "," ","0",139," "," ","0",139," "," ","0",111," "," ","0",106," "," ","0",100," "," ","0",156," "," ","0",167," "," ","0",89," "," ","0",89," "," ","0",-100," "," ","0",-94," "," ","0",0," "," ","0",28," "," ","0",22," "," ","0",67," "," ","0"
"1740","USC00413787",1972,1,"PRCP",0," "," ","0",0," "," ","0",5," "," ","0",0," "," ","0",0," "," ","0",0," "," ","0",0," "," ","0",0," "," ","0",0," "," ","0",0," "," ","0",0," "," ","0",0," "," ","0",0,"T"," ","0",0,"T"," ","0",0," "," ","0",0," "," ","0",0," "," ","0",0," "," ","0",0," "," ","0",0," "," ","0",0," "," ","0",0," "," ","0",0," "," ","0",0," "," ","0",0," "," ","0",0," "," ","0",0,"T"," ","0",0,"T"," ","0",0," "," ","0",0," "," ","0",0," "," ","0"
"1741","USC00413787",1972,1,"SNOW",0," "," ","0",0," "," ","0",13," "," ","0",0," "," ","0",0," "," ","0",0," "," ","0",0," "," ","0",0," "," ","0",0," "," ","0",0," "," ","0",0," "," ","0",0," "," ","0",0," "," ","0",0," "," ","0",0," "," ","0",0," "," ","0",0," "," ","0",0," "," ","0",0," "," ","0",0," "," ","0",0," "," ","0",0," "," ","0",0," "," ","0",0," "," ","0",0," "," ","0",0," "," ","0",0," "," ","0",0," "," ","0",0," "," ","0",0," "," ","0",0," "," ","0"
"1742","USC00413787",1972,1,"SNWD",0," "," ","0",0," "," ","0",25," "," ","0",0," "," ","0",0," "," ","0",0," "," ","0",0," "," ","0",0," "," ","0",0," "," ","0",0," "," ","0",0," "," ","0",0," "," ","0",0," "," ","0",0," "," ","0",0," "," ","0",0," "," ","0",0," "," ","0",0," "," ","0",0," "," ","0",0," "," ","0",0," "," ","0",0," "," ","0",0," "," ","0",0," "," ","0",0," "," ","0",0," "," ","0",0," "," ","0",0," "," ","0",0," "," ","0",0," "," ","0",0," "," ","0"
"1743","USC00413787",1972,1,"WT06",NA," "," "," ",NA," "," "," ",1," "," ","0",NA," "," "," ",NA," "," "," ",NA," "," "," ",NA," "," "," ",NA," "," "," ",NA," "," "," ",NA," "," "," ",NA," "," "," ",NA," "," "," ",NA," "," "," ",NA," "," "," ",NA," "," "," ",NA," "," "," ",NA," "," "," ",NA," "," "," ",NA," "," "," ",NA," "," "," ",NA," "," "," ",NA," "," "," ",NA," "," "," ",NA," "," "," ",NA," "," "," ",NA," "," "," ",NA," "," "," ",NA," "," "," ",NA," "," "," ",NA," "," "," ",NA," "," "," "
"1744","USC00413787",1972,2,"TMAX",156," "," ","0",67," "," ","0",67," "," ","0",156," "," ","0",167," "," ","0",106," "," ","0",139," "," ","0",172," "," ","0",183," "," ","0",144," "," ","0",56," "," ","0",156," "," ","0",200," "," ","0",183," "," ","0",122," "," ","0",194," "," ","0",167," "," ","0",183," "," ","0",239," "," ","0",261," "," ","0",244," "," ","0",122," "," ","0",250," "," ","0",200," "," ","0",150," "," ","0",133," "," ","0",239," "," ","0",294," "," ","0",294," "," ","0",NA," "," "," ",NA," "," "," "
"1745","USC00413787",1972,2,"TMIN",-61," "," ","0",-122," "," ","0",-139," "," ","0",-128," "," ","0",-11," "," ","0",-67," "," ","0",-122," "," ","0",-78," "," ","0",-39," "," ","0",-89," "," ","0",-106," "," ","0",-72," "," ","0",-56," "," ","0",-17," "," ","0",-61," "," ","0",-39," "," ","0",0," "," ","0",-78," "," ","0",0," "," ","0",-28," "," ","0",39," "," ","0",-17," "," ","0",22," "," ","0",-33," "," ","0",-22," "," ","0",-83," "," ","0",-6," "," ","0",-6," "," ","0",-11," "," ","0",NA," "," "," ",NA," "," "," "
"1746","USC00413787",1972,2,"TOBS",67," "," ","0",-83," "," ","0",44," "," ","0",100," "," ","0",106," "," ","0",-22," "," ","0",100," "," ","0",117," "," ","0",144," "," ","0",-22," "," ","0",50," "," ","0",117," "," ","0",183," "," ","0",78," "," ","0",89," "," ","0",89," "," ","0",122," "," ","0",167," "," ","0",189," "," ","0",244," "," ","0",122," "," ","0",94," "," ","0",200," "," ","0",150," "," ","0",106," "," ","0",122," "," ","0",217," "," ","0",250," "," ","0",250," "," ","0",NA," "," "," ",NA," "," "," "
"1747","USC00413787",1972,2,"PRCP",0," "," ","0",0,"T"," ","0",0," "," ","0",0," "," ","0",0," "," ","0",0," "," ","0",0," "," ","0",0," "," ","0",0," "," ","0",0," "," ","0",18," "," ","0",0," "," ","0",0," "," ","0",0," "," ","0",0," "," ","0",0," "," ","0",0," "," ","0",0," "," ","0",0," "," ","0",0," "," ","0",0," "," ","0",0," "," ","0",0," "," ","0",0," "," ","0",0," "," ","0",0," "," ","0",0," "," ","0",0," "," ","0",0," "," ","0",NA," "," "," ",NA," "," "," "
"1748","USC00413787",1972,2,"SNOW",0," "," ","0",0," "," ","0",0," "," ","0",0," "," ","0",0," "," ","0",0," "," ","0",0," "," ","0",0," "," ","0",0," "," ","0",0," "," ","0",25," "," ","0",0," "," ","0",0," "," ","0",0," "," ","0",0," "," ","0",0," "," ","0",0," "," ","0",0," "," ","0",0," "," ","0",0," "," ","0",0," "," ","0",0," "," ","0",0," "," ","0",0," "," ","0",0," "," ","0",0," "," ","0",0," "," ","0",0," "," ","0",0," "," ","0",NA," "," "," ",NA," "," "," "
"1749","USC00413787",1972,2,"SNWD",0," "," ","0",0," "," ","0",0," "," ","0",0," "," ","0",0," "," ","0",0," "," ","0",0," "," ","0",0," "," ","0",0," "," ","0",0," "," ","0",0," "," ","0",0," "," ","0",0," "," ","0",0," "," ","0",0," "," ","0",0," "," ","0",0," "," ","0",0," "," ","0",0," "," ","0",0," "," ","0",0," "," ","0",0," "," ","0",0," "," ","0",0," "," ","0",0," "," ","0",0," "," ","0",0," "," ","0",0," "," ","0",0," "," ","0",NA," "," "," ",NA," "," "," "
"1750","USC00413787",1972,3,"TMAX",250," "," ","0",150," "," ","0",250," "," ","0",183," "," ","0",161," "," ","0",294," "," ","0",278," "," ","0",178," "," ","0",267," "," ","0",317," "," ","0",333," "," ","0",267," "," ","0",233," "," ","0",311," "," ","0",278," "," ","0",233," "," ","0",233," "," ","0",228," "," ","0",306," "," ","0",228," "," ","0",244," "," ","0",278," "," ","0",256," "," ","0",194," "," ","0",267," "," ","0",283," "," ","0",267," "," ","0",144," "," ","0",128," "," ","0",117," "," ","0",139," "," ","0"
"1751","USC00413787",1972,3,"TMIN",6," "," ","0",-106," "," ","0",0," "," ","0",-44," "," ","0",-67," "," ","0",39," "," ","0",50," "," ","0",-17," "," ","0",6," "," ","0",44," "," ","0",100," "," ","0",56," "," ","0",6," "," ","0",78," "," ","0",83," "," ","0",6," "," ","0",28," "," ","0",-6," "," ","0",78," "," ","0",61," "," ","0",11," "," ","0",33," "," ","0",39," "," ","0",39," "," ","0",0," "," ","0",128," "," ","0",17," "," ","0",-6," "," ","0",-72," "," ","0",-33," "," ","0",-44," "," ","0"
"1752","USC00413787",1972,3,"TOBS",61," "," ","0",139," "," ","0",183," "," ","0",94," "," ","0",156," "," ","0",278," "," ","0",133," "," ","0",150," "," ","0",244," "," ","0",211," "," ","0",261," "," ","0",228," "," ","0",200," "," ","0",278," "," ","0",161," "," ","0",194," "," ","0",194," "," ","0",217," "," ","0",178," "," ","0",206," "," ","0",233," "," ","0",261," "," ","0",139," "," ","0",183," "," ","0",256," "," ","0",267," "," ","0",144," "," ","0",0," "," ","0",94," "," ","0",83," "," ","0",111," "," ","0"
"1753","USC00413787",1972,3,"PRCP",0," "," ","0",0," "," ","0",0," "," ","0",0," "," ","0",0," "," ","0",0," "," ","0",0," "," ","0",0," "," ","0",0," "," ","0",0," "," ","0",0," "," ","0",0," "," ","0",0," "," ","0",0," "," ","0",0," "," ","0",0," "," ","0",0," "," ","0",0," "," ","0",0," "," ","0",0," "," ","0",0," "," ","0",0," "," ","0",0,"T"," ","0",0," "," ","0",0," "," ","0",0," "," ","0",0," "," ","0",0,"T"," ","0",0," "," ","0",0," "," ","0",0," "," ","0"
"1754","USC00413787",1972,3,"SNOW",0," "," ","0",0," "," ","0",0," "," ","0",0," "," ","0",0," "," ","0",0," "," ","0",0," "," ","0",0," "," ","0",0," "," ","0",0," "," ","0",0," "," ","0",0," "," ","0",0," "," ","0",0," "," ","0",0," "," ","0",0," "," ","0",0," "," ","0",0," "," ","0",0," "," ","0",0," "," ","0",0," "," ","0",0," "," ","0",0," "," ","0",0," "," ","0",0," "," ","0",0," "," ","0",0," "," ","0",0," "," ","0",0," "," ","0",0," "," ","0",0," "," ","0"
"1755","USC00413787",1972,3,"SNWD",0," "," ","0",0," "," ","0",0," "," ","0",0," "," ","0",0," "," ","0",0," "," ","0",0," "," ","0",0," "," ","0",0," "," ","0",0," "," ","0",0," "," ","0",0," "," ","0",0," "," ","0",0," "," ","0",0," "," ","0",0," "," ","0",0," "," ","0",0," "," ","0",0," "," ","0",0," "," ","0",0," "," ","0",0," "," ","0",0," "," ","0",0," "," ","0",0," "," ","0",0," "," ","0",0," "," ","0",0," "," ","0",0," "," ","0",0," "," ","0",0," "," ","0"
"1756","USC00413787",1972,3,"WT03",NA," "," "," ",NA," "," "," ",NA," "," "," ",NA," "," "," ",NA," "," "," ",NA," "," "," ",NA," "," "," ",NA," "," "," ",NA," "," "," ",NA," "," "," ",NA," "," "," ",NA," "," "," ",NA," "," "," ",NA," "," "," ",NA," "," "," ",NA," "," "," ",NA," "," "," ",NA," "," "," ",NA," "," "," ",NA," "," "," ",NA," "," "," ",NA," "," "," ",1," "," ","0",NA," "," "," ",NA," "," "," ",NA," "," "," ",NA," "," "," ",NA," "," "," ",NA," "," "," ",NA," "," "," ",NA," "," "," "
"1757","USC00413787",1972,4,"TMAX",211," "," ","0",244," "," ","0",228," "," ","0",222," "," ","0",311," "," ","0",339," "," ","0",278," "," ","0",261," "," ","0",306," "," ","0",339," "," ","0",344," "," ","0",322," "," ","0",289," "," ","0",267," "," ","0",222," "," ","0",272," "," ","0",306," "," ","0",306," "," ","0",261," "," ","0",211," "," ","0",222," "," ","0",294," "," ","0",289," "," ","0",250," "," ","0",222," "," ","0",222," "," ","0",189," "," ","0",233," "," ","0",289," "," ","0",311," "," ","0",NA," "," "," "
"1758","USC00413787",1972,4,"TMIN",-33," "," ","0",-11," "," ","0",11," "," ","0",-22," "," ","0",56," "," ","0",72," "," ","0",56," "," ","0",44," "," ","0",83," "," ","0",83," "," ","0",111," "," ","0",133," "," ","0",67," "," ","0",89," "," ","0",50," "," ","0",17," "," ","0",83," "," ","0",117," "," ","0",144," "," ","0",56," "," ","0",33," "," ","0",22," "," ","0",72," "," ","0",17," "," ","0",67," "," ","0",83," "," ","0",33," "," ","0",22," "," ","0",94," "," ","0",133," "," ","0",NA," "," "," "
"1759","USC00413787",1972,4,"TOBS",206," "," ","0",228," "," ","0",67," "," ","0",194," "," ","0",228," "," ","0",278," "," ","0",256," "," ","0",228," "," ","0",217," "," ","0",250," "," ","0",283," "," ","0",272," "," ","0",267," "," ","0",222," "," ","0",100," "," ","0",256," "," ","0",272," "," ","0",261," "," ","0",211," "," ","0",100," "," ","0",206," "," ","0",289," "," ","0",194," "," ","0",222," "," ","0",189," "," ","0",133," "," ","0",167," "," ","0",211," "," ","0",217," "," ","0",300," "," ","0",NA," "," "," "
"1760","USC00413787",1972,4,"PRCP",0," "," ","0",0," "," ","0",0," "," ","0",0," "," ","0",0," "," ","0",0," "," ","0",0," "," ","0",0," "," ","0",0," "," ","0",0," "," ","0",0," "," ","0",0," "," ","0",0," "," ","0",0," "," ","0",10," "," ","0",0," "," ","0",0," "," ","0",0," "," ","0",0," "," ","0",0," "," ","0",0," "," ","0",0," "," ","0",0," "," ","0",0," "," ","0",0," "," ","0",368," "," ","0",0," "," ","0",0," "," ","0",0," "," ","0",0," "," ","0",NA," "," "," "
"1761","USC00413787",1972,4,"SNOW",0," "," ","0",0," "," ","0",0," "," ","0",0," "," ","0",0," "," ","0",0," "," ","0",0," "," ","0",0," "," ","0",0," "," ","0",0," "," ","0",0," "," ","0",0," "," ","0",0," "," ","0",0," "," ","0",0," "," ","0",0," "," ","0",0," "," ","0",0," "," ","0",0," "," ","0",0," "," ","0",0," "," ","0",0," "," ","0",0," "," ","0",0," "," ","0",0," "," ","0",0," "," ","0",0," "," ","0",0," "," ","0",0," "," ","0",0," "," ","0",NA," "," "," "
"1762","USC00413787",1972,4,"SNWD",0," "," ","0",0," "," ","0",0," "," ","0",0," "," ","0",0," "," ","0",0," "," ","0",0," "," ","0",0," "," ","0",0," "," ","0",0," "," ","0",0," "," ","0",0," "," ","0",0," "," ","0",0," "," ","0",0," "," ","0",0," "," ","0",0," "," ","0",0," "," ","0",0," "," ","0",0," "," ","0",0," "," ","0",0," "," ","0",0," "," ","0",0," "," ","0",0," "," ","0",0," "," ","0",0," "," ","0",0," "," ","0",0," "," ","0",0," "," ","0",NA," "," "," "
"1763","USC00413787",1972,4,"WT03",NA," "," "," ",NA," "," "," ",NA," "," "," ",NA," "," "," ",NA," "," "," ",NA," "," "," ",NA," "," "," ",NA," "," "," ",NA," "," "," ",NA," "," "," ",NA," "," "," ",NA," "," "," ",NA," "," "," ",NA," "," "," ",1," "," ","0",NA," "," "," ",NA," "," "," ",NA," "," "," ",NA," "," "," ",NA," "," "," ",NA," "," "," ",NA," "," "," ",NA," "," "," ",NA," "," "," ",1," "," ","0",1," "," ","0",NA," "," "," ",NA," "," "," ",NA," "," "," ",NA," "," "," ",NA," "," "," "
"1764","USC00413787",1972,5,"TMAX",300," "," ","0",233," "," ","0",278," "," ","0",333," "," ","0",267," "," ","0",172," "," ","0",228," "," ","0",278," "," ","0",272," "," ","0",233," "," ","0",183," "," ","0",233," "," ","0",222," "," ","0",272," "," ","0",328," "," ","0",344," "," ","0",344," "," ","0",317," "," ","0",317," "," ","0",322," "," ","0",333," "," ","0",339," "," ","0",317," "," ","0",333," "," ","0",344," "," ","0",311," "," ","0",300," "," ","0",272," "," ","0",267," "," ","0",239," "," ","0",283," "," ","0"
"1765","USC00413787",1972,5,"TMIN",33," "," ","0",39," "," ","0",28," "," ","0",100," "," ","0",128," "," ","0",111," "," ","0",83," "," ","0",94," "," ","0",122," "," ","0",122," "," ","0",117," "," ","0",67," "," ","0",89," "," ","0",67," "," ","0",94," "," ","0",106," "," ","0",106," "," ","0",128," "," ","0",144," "," ","0",139," "," ","0",139," "," ","0",150," "," ","0",106," "," ","0",117," "," ","0",150," "," ","0",144," "," ","0",128," "," ","0",139," "," ","0",122," "," ","0",100," "," ","0",89," "," ","0"
"1766","USC00413787",1972,5,"TOBS",200," "," ","0",222," "," ","0",267," "," ","0",228," "," ","0",172," "," ","0",122," "," ","0",194," "," ","0",272," "," ","0",233," "," ","0",172," "," ","0",183," "," ","0",211," "," ","0",206," "," ","0",267," "," ","0",311," "," ","0",322," "," ","0",306," "," ","0",306," "," ","0",250," "," ","0",300," "," ","0",311," "," ","0",311," "," ","0",289," "," ","0",256," "," ","0",294," "," ","0",300," "," ","0",267," "," ","0",267," "," ","0",222," "," ","0",228," "," ","0",272," "," ","0"
"1767","USC00413787",1972,5,"PRCP",0," "," ","0",0," "," ","0",0," "," ","0",0," "," ","0",25," "," ","0",0," "," ","0",0," "," ","0",0," "," ","0",0," "," ","0",41," "," ","0",8," "," ","0",0," "," ","0",0,"T"," ","0",0," "," ","0",0," "," ","0",0," "," ","0",0," "," ","0",0," "," ","0",0," "," ","0",0," "," ","0",0," "," ","0",0," "," ","0",0," "," ","0",0," "," ","0",0," "," ","0",10," "," ","0",0," "," ","0",216," "," ","0",246," "," ","0",0," "," ","0",0," "," ","0"
"1768","USC00413787",1972,5,"SNOW",0," "," ","0",0," "," ","0",0," "," ","0",0," "," ","0",0," "," ","0",0," "," ","0",0," "," ","0",0," "," ","0",0," "," ","0",0," "," ","0",0," "," ","0",0," "," ","0",0," "," ","0",0," "," ","0",0," "," ","0",0," "," ","0",0," "," ","0",0," "," ","0",0," "," ","0",0," "," ","0",0," "," ","0",0," "," ","0",0," "," ","0",0," "," ","0",0," "," ","0",0," "," ","0",0," "," ","0",0," "," ","0",0," "," ","0",0," "," ","0",0," "," ","0"
"1769","USC00413787",1972,5,"SNWD",0," "," ","0",0," "," ","0",0," "," ","0",0," "," ","0",0," "," ","0",0," "," ","0",0," "," ","0",0," "," ","0",0," "," ","0",0," "," ","0",0," "," ","0",0," "," ","0",0," "," ","0",0," "," ","0",0," "," ","0",0," "," ","0",0," "," ","0",0," "," ","0",0," "," ","0",0," "," ","0",0," "," ","0",0," "," ","0",0," "," ","0",0," "," ","0",0," "," ","0",0," "," ","0",0," "," ","0",0," "," ","0",0," "," ","0",0," "," ","0",0," "," ","0"
"1770","USC00413787",1972,5,"WT03",NA," "," "," ",NA," "," "," ",NA," "," "," ",NA," "," "," ",1," "," ","0",NA," "," "," ",NA," "," "," ",NA," "," "," ",NA," "," "," ",1," "," ","0",1," "," ","0",NA," "," "," ",1," "," ","0",NA," "," "," ",NA," "," "," ",NA," "," "," ",NA," "," "," ",NA," "," "," ",NA," "," "," ",NA," "," "," ",NA," "," "," ",NA," "," "," ",NA," "," "," ",NA," "," "," ",NA," "," "," ",1," "," ","0",NA," "," "," ",1," "," ","0",1," "," ","0",NA," "," "," ",NA," "," "," "
"1771","USC00413787",1972,6,"TMAX",322," "," ","0",367," "," ","0",361," "," ","0",344," "," ","0",333," "," ","0",339," "," ","0",339," "," ","0",328," "," ","0",344," "," ","0",322," "," ","0",328," "," ","0",322," "," ","0",311," "," ","0",333," "," ","0",339," "," ","0",322," "," ","0",311," "," ","0",344," "," ","0",350," "," ","0",344," "," ","0",317," "," ","0",328," "," ","0",333," "," ","0",356," "," ","0",389," "," ","0",378," "," ","0",372," "," ","0",361," "," ","0",339," "," ","0",333," "," ","0",NA," "," "," "
"1772","USC00413787",1972,6,"TMIN",128," "," ","0",133," "," ","0",144," "," ","0",167," "," ","0",150," "," ","0",144," "," ","0",150," "," ","0",156," "," ","0",183," "," ","0",189," "," ","0",150," "," ","0",150," "," ","0",178," "," ","0",139," "," ","0",144," "," ","0",161," "," ","0",167," "," ","0",156," "," ","0",150," "," ","0",133," "," ","0",139," "," ","0",144," "," ","0",156," "," ","0",183," "," ","0",144," "," ","0",161," "," ","0",178," "," ","0",156," "," ","0",161," "," ","0",161," "," ","0",NA," "," "," "
"1773","USC00413787",1972,6,"TOBS",317," "," ","0",350," "," ","0",344," "," ","0",333," "," ","0",322," "," ","0",328," "," ","0",328," "," ","0",322," "," ","0",311," "," ","0",256," "," ","0",317," "," ","0",256," "," ","0",300," "," ","0",294," "," ","0",222," "," ","0",306," "," ","0",283," "," ","0",339," "," ","0",344," "," ","0",278," "," ","0",283," "," ","0",311," "," ","0",317," "," ","0",350," "," ","0",378," "," ","0",333," "," ","0",361," "," ","0",339," "," ","0",250," "," ","0",294," "," ","0",NA," "," "," "
"1774","USC00413787",1972,6,"PRCP",0," "," ","0",0," "," ","0",0," "," ","0",0," "," ","0",0," "," ","0",0," "," ","0",0," "," ","0",0," "," ","0",0," "," ","0",0," "," ","0",0," "," ","0",0," "," ","0",0," "," ","0",36," "," ","0",43," "," ","0",0," "," ","0",38," "," ","0",163," "," ","0",0," "," ","0",0," "," ","0",20," "," ","0",10," "," ","0",56," "," ","0",36," "," ","0",0," "," ","0",0," "," ","0",0," "," ","0",0," "," ","0",259," "," ","0",0," "," ","0",NA," "," "," "
"1775","USC00413787",1972,6,"SNOW",0," "," ","0",0," "," ","0",0," "," ","0",0," "," ","0",0," "," ","0",0," "," ","0",0," "," ","0",0," "," ","0",0," "," ","0",0," "," ","0",0," "," ","0",0," "," ","0",0," "," ","0",0," "," ","0",0," "," ","0",0," "," ","0",0," "," ","0",0," "," ","0",0," "," ","0",0," "," ","0",0," "," ","0",0," "," ","0",0," "," ","0",0," "," ","0",0," "," ","0",0," "," ","0",0," "," ","0",0," "," ","0",0," "," ","0",0," "," ","0",NA," "," "," "
"1776","USC00413787",1972,6,"SNWD",0," "," ","0",0," "," ","0",0," "," ","0",0," "," ","0",0," "," ","0",0," "," ","0",0," "," ","0",0," "," ","0",0," "," ","0",0," "," ","0",0," "," ","0",0," "," ","0",0," "," ","0",0," "," ","0",0," "," ","0",0," "," ","0",0," "," ","0",0," "," ","0",0," "," ","0",0," "," ","0",0," "," ","0",0," "," ","0",0," "," ","0",0," "," ","0",0," "," ","0",0," "," ","0",0," "," ","0",0," "," ","0",0," "," ","0",0," "," ","0",NA," "," "," "
"1777","USC00413787",1972,6,"WT03",NA," "," "," ",NA," "," "," ",NA," "," "," ",NA," "," "," ",NA," "," "," ",NA," "," "," ",NA," "," "," ",NA," "," "," ",NA," "," "," ",NA," "," "," ",1," "," ","0",NA," "," "," ",NA," "," "," ",1," "," ","0",1," "," ","0",NA," "," "," ",1," "," ","0",1," "," ","0",NA," "," "," ",NA," "," "," ",1," "," ","0",1," "," ","0",1," "," ","0",1," "," ","0",NA," "," "," ",NA," "," "," ",NA," "," "," ",NA," "," "," ",1," "," ","0",NA," "," "," ",NA," "," "," "
"1778","USC00413787",1972,7,"TMAX",344," "," ","0",344," "," ","0",317," "," ","0",183," "," ","0",222," "," ","0",294," "," ","0",322," "," ","0",361," "," ","0",356," "," ","0",350," "," ","0",339," "," ","0",378," "," ","0",383," "," ","0",400," "," ","0",372," "," ","0",356," "," ","0",328," "," ","0",306," "," ","0",311," "," ","0",300," "," ","0",306," "," ","0",333," "," ","0",350," "," ","0",356," "," ","0",350," "," ","0",378," "," ","0",367," "," ","0",356," "," ","0",361," "," ","0",383," "," ","0",389," "," ","0"
"1779","USC00413787",1972,7,"TMIN",178," "," ","0",161," "," ","0",144," "," ","0",117," "," ","0",144," "," ","0",139," "," ","0",161," "," ","0",178," "," ","0",172," "," ","0",194," "," ","0",183," "," ","0",194," "," ","0",167," "," ","0",194," "," ","0",211," "," ","0",172," "," ","0",194," "," ","0",172," "," ","0",194," "," ","0",194," "," ","0",183," "," ","0",183," "," ","0",183," "," ","0",189," "," ","0",183," "," ","0",189," "," ","0",194," "," ","0",178," "," ","0",161," "," ","0",156," "," ","0",189," "," ","0"
"1780","USC00413787",1972,7,"TOBS",306," "," ","0",317," "," ","0",183," "," ","0",172," "," ","0",206," "," ","0",289," "," ","0",294," "," ","0",356," "," ","0",322," "," ","0",339," "," ","0",333," "," ","0",356," "," ","0",344," "," ","0",372," "," ","0",300," "," ","0",311," "," ","0",211," "," ","0",294," "," ","0",294," "," ","0",250," "," ","0",294," "," ","0",322," "," ","0",328," "," ","0",350," "," ","0",344," "," ","0",361," "," ","0",356," "," ","0",267," "," ","0",350," "," ","0",378," "," ","0",294," "," ","0"
"1781","USC00413787",1972,7,"PRCP",0," "," ","0",25," "," ","0",89," "," ","0",30," "," ","0",0," "," ","0",0," "," ","0",0," "," ","0",0," "," ","0",0," "," ","0",0," "," ","0",0," "," ","0",0," "," ","0",0," "," ","0",0," "," ","0",0," "," ","0",0," "," ","0",89," "," ","0",0," "," ","0",0," "," ","0",0," "," ","0",76," "," ","0",0," "," ","0",0," "," ","0",0," "," ","0",0," "," ","0",0," "," ","0",48," "," ","0",0,"T"," ","0",0," "," ","0",0," "," ","0",0," "," ","0"
"1782","USC00413787",1972,7,"SNOW",0," "," ","0",0," "," ","0",0," "," ","0",0," "," ","0",0," "," ","0",0," "," ","0",0," "," ","0",0," "," ","0",0," "," ","0",0," "," ","0",0," "," ","0",0," "," ","0",0," "," ","0",0," "," ","0",0," "," ","0",0," "," ","0",0," "," ","0",0," "," ","0",0," "," ","0",0," "," ","0",0," "," ","0",0," "," ","0",0," "," ","0",0," "," ","0",0," "," ","0",0," "," ","0",0," "," ","0",0," "," ","0",0," "," ","0",0," "," ","0",0," "," ","0"
"1783","USC00413787",1972,7,"SNWD",0," "," ","0",0," "," ","0",0," "," ","0",0," "," ","0",0," "," ","0",0," "," ","0",0," "," ","0",0," "," ","0",0," "," ","0",0," "," ","0",0," "," ","0",0," "," ","0",0," "," ","0",0," "," ","0",0," "," ","0",0," "," ","0",0," "," ","0",0," "," ","0",0," "," ","0",0," "," ","0",0," "," ","0",0," "," ","0",0," "," ","0",0," "," ","0",0," "," ","0",0," "," ","0",0," "," ","0",0," "," ","0",0," "," ","0",0," "," ","0",0," "," ","0"
"1784","USC00413787",1972,7,"WT03",NA," "," "," ",1," "," ","0",1," "," ","0",NA," "," "," ",NA," "," "," ",NA," "," "," ",NA," "," "," ",NA," "," "," ",NA," "," "," ",NA," "," "," ",NA," "," "," ",NA," "," "," ",NA," "," "," ",NA," "," "," ",NA," "," "," ",NA," "," "," ",1," "," ","0",NA," "," "," ",NA," "," "," ",NA," "," "," ",1," "," ","0",NA," "," "," ",NA," "," "," ",NA," "," "," ",NA," "," "," ",NA," "," "," ",1," "," ","0",1," "," ","0",NA," "," "," ",NA," "," "," ",NA," "," "," "
"1785","USC00413787",1972,8,"TMAX",378," "," ","0",361," "," ","0",356," "," ","0",339," "," ","0",344," "," ","0",394," "," ","0",378," "," ","0",356," "," ","0",344," "," ","0",333," "," ","0",344," "," ","0",378," "," ","0",367," "," ","0",306," "," ","0",333," "," ","0",344," "," ","0",344," "," ","0",344," "," ","0",344," "," ","0",361," "," ","0",356," "," ","0",339," "," ","0",322," "," ","0",300," "," ","0",311," "," ","0",278," "," ","0",250," "," ","0",261," "," ","0",317," "," ","0",328," "," ","0",344," "," ","0"
"1786","USC00413787",1972,8,"TMIN",206," "," ","0",194," "," ","0",183," "," ","0",194," "," ","0",183," "," ","0",194," "," ","0",178," "," ","0",189," "," ","0",167," "," ","0",150," "," ","0",161," "," ","0",172," "," ","0",161," "," ","0",189," "," ","0",178," "," ","0",172," "," ","0",167," "," ","0",161," "," ","0",172," "," ","0",189," "," ","0",189," "," ","0",167," "," ","0",156," "," ","0",183," "," ","0",100," "," ","0",122," "," ","0",156," "," ","0",156," "," ","0",178," "," ","0",189," "," ","0",167," "," ","0"
"1787","USC00413787",1972,8,"TOBS",361," "," ","0",356," "," ","0",294," "," ","0",311," "," ","0",333," "," ","0",356," "," ","0",356," "," ","0",272," "," ","0",322," "," ","0",333," "," ","0",328," "," ","0",367," "," ","0",300," "," ","0",294," "," ","0",322," "," ","0",322," "," ","0",317," "," ","0",333," "," ","0",328," "," ","0",300," "," ","0",317," "," ","0",322," "," ","0",289," "," ","0",250," "," ","0",278," "," ","0",250," "," ","0",211," "," ","0",250," "," ","0",289," "," ","0",300," "," ","0",300," "," ","0"
"1788","USC00413787",1972,8,"PRCP",0," "," ","0",23," "," ","0",0," "," ","0",0," "," ","0",0," "," ","0",0," "," ","0",0," "," ","0",0," "," ","0",0," "," ","0",0," "," ","0",0," "," ","0",0," "," ","0",0," "," ","0",127," "," ","0",0," "," ","0",0," "," ","0",0," "," ","0",0," "," ","0",0," "," ","0",0," "," ","0",0," "," ","0",0,"T"," ","0",0," "," ","0",0," "," ","0",0," "," ","0",0," "," ","0",38," "," ","0",508," "," ","0",0," "," ","0",0," "," ","0",0," "," ","0"
"1789","USC00413787",1972,8,"SNOW",0," "," ","0",0," "," ","0",0," "," ","0",0," "," ","0",0," "," ","0",0," "," ","0",0," "," ","0",0," "," ","0",0," "," ","0",0," "," ","0",0," "," ","0",0," "," ","0",0," "," ","0",0," "," ","0",0," "," ","0",0," "," ","0",0," "," ","0",0," "," ","0",0," "," ","0",0," "," ","0",0," "," ","0",0," "," ","0",0," "," ","0",0," "," ","0",0," "," ","0",0," "," ","0",0," "," ","0",0," "," ","0",0," "," ","0",0," "," ","0",0," "," ","0"
"1790","USC00413787",1972,8,"SNWD",0," "," ","0",0," "," ","0",0," "," ","0",0," "," ","0",0," "," ","0",0," "," ","0",0," "," ","0",0," "," ","0",0," "," ","0",0," "," ","0",0," "," ","0",0," "," ","0",0," "," ","0",0," "," ","0",0," "," ","0",0," "," ","0",0," "," ","0",0," "," ","0",0," "," ","0",0," "," ","0",0," "," ","0",0," "," ","0",0," "," ","0",0," "," ","0",0," "," ","0",0," "," ","0",0," "," ","0",0," "," ","0",0," "," ","0",0," "," ","0",0," "," ","0"
"1791","USC00413787",1972,8,"WT03",NA," "," "," ",1," "," ","0",NA," "," "," ",NA," "," "," ",NA," "," "," ",NA," "," "," ",NA," "," "," ",NA," "," "," ",NA," "," "," ",NA," "," "," ",NA," "," "," ",NA," "," "," ",NA," "," "," ",NA," "," "," ",NA," "," "," ",NA," "," "," ",NA," "," "," ",NA," "," "," ",NA," "," "," ",NA," "," "," ",NA," "," "," ",NA," "," "," ",NA," "," "," ",NA," "," "," ",NA," "," "," ",NA," "," "," ",NA," "," "," ",1," "," ","0",NA," "," "," ",NA," "," "," ",NA," "," "," "
"1792","USC00413787",1972,9,"TMAX",300," "," ","0",183," "," ","0",239," "," ","0",272," "," ","0",306," "," ","0",339," "," ","0",350," "," ","0",317," "," ","0",311," "," ","0",317," "," ","0",322," "," ","0",311," "," ","0",328," "," ","0",322," "," ","0",294," "," ","0",328," "," ","0",350," "," ","0",356," "," ","0",339," "," ","0",311," "," ","0",233," "," ","0",244," "," ","0",294," "," ","0",311," "," ","0",294," "," ","0",267," "," ","0",306," "," ","0",294," "," ","0",261," "," ","0",256," "," ","0",NA," "," "," "
"1793","USC00413787",1972,9,"TMIN",150," "," ","0",100," "," ","0",128," "," ","0",161," "," ","0",167," "," ","0",189," "," ","0",183," "," ","0",172," "," ","0",183," "," ","0",178," "," ","0",172," "," ","0",183," "," ","0",183," "," ","0",150," "," ","0",156," "," ","0",161," "," ","0",133," "," ","0",122," "," ","0",183," "," ","0",167," "," ","0",100," "," ","0",39," "," ","0",89," "," ","0",128," "," ","0",161," "," ","0",100," "," ","0",78," "," ","0",167," "," ","0",83," "," ","0",28," "," ","0",NA," "," "," "
"1794","USC00413787",1972,9,"TOBS",183," "," ","0",156," "," ","0",233," "," ","0",267," "," ","0",283," "," ","0",333," "," ","0",317," "," ","0",239," "," ","0",261," "," ","0",294," "," ","0",306," "," ","0",283," "," ","0",322," "," ","0",183," "," ","0",278," "," ","0",317," "," ","0",350," "," ","0",339," "," ","0",311," "," ","0",233," "," ","0",211," "," ","0",133," "," ","0",283," "," ","0",294," "," ","0",267," "," ","0",194," "," ","0",294," "," ","0",189," "," ","0",189," "," ","0",244," "," ","0",NA," "," "," "
"1795","USC00413787",1972,9,"PRCP",25," "," ","0",0,"T"," ","0",0," "," ","0",0," "," ","0",0," "," ","0",0," "," ","0",0," "," ","0",0,"T"," ","0",203," "," ","0",0," "," ","0",0," "," ","0",66," "," ","0",0," "," ","0",13," "," ","0",0," "," ","0",0," "," ","0",0," "," ","0",0," "," ","0",0," "," ","0",216," "," ","0",0," "," ","0",0," "," ","0",0," "," ","0",0," "," ","0",0," "," ","0",0," "," ","0",0," "," ","0",0," "," ","0",0," "," ","0",0," "," ","0",NA," "," "," "
"1796","USC00413787",1972,9,"SNOW",0," "," ","0",0," "," ","0",0," "," ","0",0," "," ","0",0," "," ","0",0," "," ","0",0," "," ","0",0," "," ","0",0," "," ","0",0," "," ","0",0," "," ","0",0," "," ","0",0," "," ","0",0," "," ","0",0," "," ","0",0," "," ","0",0," "," ","0",0," "," ","0",0," "," ","0",0," "," ","0",0," "," ","0",0," "," ","0",0," "," ","0",0," "," ","0",0," "," ","0",0," "," ","0",0," "," ","0",0," "," ","0",0," "," ","0",0," "," ","0",NA," "," "," "
"1797","USC00413787",1972,9,"SNWD",0," "," ","0",0," "," ","0",0," "," ","0",0," "," ","0",0," "," ","0",0," "," ","0",0," "," ","0",0," "," ","0",0," "," ","0",0," "," ","0",0," "," ","0",0," "," ","0",0," "," ","0",0," "," ","0",0," "," ","0",0," "," ","0",0," "," ","0",0," "," ","0",0," "," ","0",0," "," ","0",0," "," ","0",0," "," ","0",0," "," ","0",0," "," ","0",0," "," ","0",0," "," ","0",0," "," ","0",0," "," ","0",0," "," ","0",0," "," ","0",NA," "," "," "
"1798","USC00413787",1972,9,"WT03",NA," "," "," ",NA," "," "," ",NA," "," "," ",NA," "," "," ",NA," "," "," ",NA," "," "," ",NA," "," "," ",1," "," ","0",1," "," ","0",NA," "," "," ",NA," "," "," ",1," "," ","0",NA," "," "," ",1," "," ","0",NA," "," "," ",NA," "," "," ",NA," "," "," ",NA," "," "," ",NA," "," "," ",1," "," ","0",NA," "," "," ",NA," "," "," ",NA," "," "," ",NA," "," "," ",NA," "," "," ",NA," "," "," ",1," "," ","0",NA," "," "," ",NA," "," "," ",NA," "," "," ",NA," "," "," "
"1799","USC00413787",1972,10,"TMAX",306," "," ","0",317," "," ","0",294," "," ","0",306," "," ","0",306," "," ","0",278," "," ","0",250," "," ","0",267," "," ","0",294," "," ","0",333," "," ","0",344," "," ","0",306," "," ","0",300," "," ","0",278," "," ","0",261," "," ","0",328," "," ","0",322," "," ","0",294," "," ","0",33," "," ","0",72," "," ","0",211," "," ","0",167," "," ","0",133," "," ","0",167," "," ","0",178," "," ","0",156," "," ","0",133," "," ","0",150," "," ","0",228," "," ","0",194," "," ","0",28," "," ","0"
"1800","USC00413787",1972,10,"TMIN",44," "," ","0",94," "," ","0",122," "," ","0",72," "," ","0",139," "," ","0",61," "," ","0",44," "," ","0",94," "," ","0",106," "," ","0",128," "," ","0",172," "," ","0",111," "," ","0",100," "," ","0",111," "," ","0",56," "," ","0",117," "," ","0",89," "," ","0",22," "," ","0",6," "," ","0",0," "," ","0",61," "," ","0",61," "," ","0",11," "," ","0",22," "," ","0",44," "," ","0",78," "," ","0",67," "," ","0",78," "," ","0",61," "," ","0",6," "," ","0",-28," "," ","0"
"1801","USC00413787",1972,10,"TOBS",306," "," ","0",294," "," ","0",267," "," ","0",278," "," ","0",278," "," ","0",139," "," ","0",244," "," ","0",250," "," ","0",283," "," ","0",311," "," ","0",306," "," ","0",211," "," ","0",278," "," ","0",133," "," ","0",256," "," ","0",294," "," ","0",294," "," ","0",33," "," ","0",11," "," ","0",72," "," ","0",167," "," ","0",133," "," ","0",122," "," ","0",128," "," ","0",144," "," ","0",133," "," ","0",106," "," ","0",83," "," ","0",194," "," ","0",28," "," ","0",0," "," ","0"
"1802","USC00413787",1972,10,"PRCP",0," "," ","0",0," "," ","0",0," "," ","0",0," "," ","0",0," "," ","0",15," "," ","0",0," "," ","0",0," "," ","0",0," "," ","0",0," "," ","0",0," "," ","0",0," "," ","0",0," "," ","0",0,"T"," ","0",0," "," ","0",0," "," ","0",0," "," ","0",18," "," ","0",36," "," ","0",279," "," ","0",10," "," ","0",0," "," ","0",0," "," ","0",0," "," ","0",0," "," ","0",0," "," ","0",0," "," ","0",0," "," ","0",0," "," ","0",13," "," ","0",221," "," ","0"
"1803","USC00413787",1972,10,"SNOW",0," "," ","0",0," "," ","0",0," "," ","0",0," "," ","0",0," "," ","0",0," "," ","0",0," "," ","0",0," "," ","0",0," "," ","0",0," "," ","0",0," "," ","0",0," "," ","0",0," "," ","0",0," "," ","0",0," "," ","0",0," "," ","0",0," "," ","0",0," "," ","0",0," "," ","0",0," "," ","0",0," "," ","0",0," "," ","0",0," "," ","0",0," "," ","0",0," "," ","0",0," "," ","0",0," "," ","0",0," "," ","0",0," "," ","0",0," "," ","0",51," "," ","0"
"1804","USC00413787",1972,10,"SNWD",0," "," ","0",0," "," ","0",0," "," ","0",0," "," ","0",0," "," ","0",0," "," ","0",0," "," ","0",0," "," ","0",0," "," ","0",0," "," ","0",0," "," ","0",0," "," ","0",0," "," ","0",0," "," ","0",0," "," ","0",0," "," ","0",0," "," ","0",0," "," ","0",0," "," ","0",0," "," ","0",0," "," ","0",0," "," ","0",0," "," ","0",0," "," ","0",0," "," ","0",0," "," ","0",0," "," ","0",0," "," ","0",0," "," ","0",0," "," ","0",51," "," ","0"
"1805","USC00413787",1972,10,"WT06",NA," "," "," ",NA," "," "," ",NA," "," "," ",NA," "," "," ",NA," "," "," ",NA," "," "," ",NA," "," "," ",NA," "," "," ",NA," "," "," ",NA," "," "," ",NA," "," "," ",NA," "," "," ",NA," "," "," ",NA," "," "," ",NA," "," "," ",NA," "," "," ",NA," "," "," ",NA," "," "," ",NA," "," "," ",NA," "," "," ",NA," "," "," ",NA," "," "," ",NA," "," "," ",NA," "," "," ",NA," "," "," ",NA," "," "," ",NA," "," "," ",NA," "," "," ",NA," "," "," ",NA," "," "," ",1," "," ","0"
"1806","USC00413787",1972,11,"TMAX",67," "," ","0",172," "," ","0",189," "," ","0",200," "," ","0",217," "," ","0",172," "," ","0",183," "," ","0",200," "," ","0",139," "," ","0",167," "," ","0",167," "," ","0",122," "," ","0",83," "," ","0",94," "," ","0",61," "," ","0",78," "," ","0",33," "," ","0",11," "," ","0",50," "," ","0",6," "," ","0",0," "," ","0",50," "," ","0",61," "," ","0",17," "," ","0",56," "," ","0",100," "," ","0",33," "," ","0",28," "," ","0",17," "," ","0",56," "," ","0",NA," "," "," "
"1807","USC00413787",1972,11,"TMIN",-50," "," ","0",0," "," ","0",-11," "," ","0",0," "," ","0",67," "," ","0",44," "," ","0",-6," "," ","0",61," "," ","0",50," "," ","0",-17," "," ","0",22," "," ","0",61," "," ","0",-6," "," ","0",-67," "," ","0",-28," "," ","0",-28," "," ","0",-61," "," ","0",-17," "," ","0",-67," "," ","0",-39," "," ","0",-72," "," ","0",-161," "," ","0",-117," "," ","0",-44," "," ","0",-33," "," ","0",-94," "," ","0",-44," "," ","0",-133," "," ","0",-67," "," ","0",-117," "," ","0",NA," "," "," "
"1808","USC00413787",1972,11,"TOBS",39," "," ","0",111," "," ","0",83," "," ","0",133," "," ","0",156," "," ","0",111," "," ","0",117," "," ","0",139," "," ","0",89," "," ","0",100," "," ","0",122," "," ","0",83," "," ","0",0," "," ","0",39," "," ","0",44," "," ","0",33," "," ","0",-6," "," ","0",-11," "," ","0",6," "," ","0",-22," "," ","0",-28," "," ","0",-11," "," ","0",0," "," ","0",11," "," ","0",17," "," ","0",33," "," ","0",-11," "," ","0",-22," "," ","0",-6," "," ","0",17," "," ","0",NA," "," "," "
"1809","USC00413787",1972,11,"PRCP",0," "," ","0",0," "," ","0",0," "," ","0",0," "," ","0",0," "," ","0",0," "," ","0",0," "," ","0",0," "," ","0",0,"T"," ","0",0," "," ","0",0," "," ","0",51," "," ","0",58," "," ","0",0," "," ","0",0," "," ","0",13," "," ","0",41," "," ","0",76," "," ","0",0,"T"," ","0",0,"T"," ","0",145," "," ","0",0," "," ","0",0," "," ","0",71," "," ","0",0," "," ","0",0," "," ","0",41," "," ","0",0," "," ","0",71," "," ","0",0,"T"," ","0",NA," "," "," "
"1810","USC00413787",1972,11,"SNOW",0," "," ","0",0," "," ","0",0," "," ","0",0," "," ","0",0," "," ","0",0," "," ","0",0," "," ","0",0," "," ","0",0," "," ","0",0," "," ","0",0," "," ","0",0," "," ","0",51," "," ","0",0," "," ","0",0," "," ","0",0," "," ","0",38," "," ","0",76," "," ","0",0,"T"," ","0",0,"T"," ","0",178," "," ","0",0," "," ","0",0," "," ","0",0,"T"," ","0",0," "," ","0",0," "," ","0",51," "," ","0",0," "," ","0",76," "," ","0",0," "," ","0",NA," "," "," "
"1811","USC00413787",1972,11,"SNWD",0," "," ","0",0," "," ","0",0," "," ","0",0," "," ","0",0," "," ","0",0," "," ","0",0," "," ","0",0," "," ","0",0," "," ","0",0," "," ","0",0," "," ","0",0," "," ","0",0,"T"," ","0",0," "," ","0",0," "," ","0",0," "," ","0",51," "," ","0",51," "," ","0",0,"T"," ","0",0,"T"," ","0",152," "," ","0",76," "," ","0",NA," "," "," ",0,"T"," ","0",0,"T"," ","0",NA," "," "," ",NA," "," "," ",NA," "," "," ",76," "," ","0",25," "," ","0",NA," "," "," "
"1812","USC00413787",1972,11,"WT03",NA," "," "," ",NA," "," "," ",NA," "," "," ",NA," "," "," ",NA," "," "," ",NA," "," "," ",NA," "," "," ",NA," "," "," ",NA," "," "," ",NA," "," "," ",NA," "," "," ",NA," "," "," ",NA," "," "," ",NA," "," "," ",NA," "," "," ",1," "," ","0",NA," "," "," ",NA," "," "," ",NA," "," "," ",NA," "," "," ",NA," "," "," ",NA," "," "," ",NA," "," "," ",NA," "," "," ",NA," "," "," ",NA," "," "," ",NA," "," "," ",NA," "," "," ",NA," "," "," ",NA," "," "," ",NA," "," "," "
"1813","USC00413787",1972,12,"TMAX",117," "," ","0",156," "," ","0",61," "," ","0",61," "," ","0",22," "," ","0",-61," "," ","0",61," "," ","0",22," "," ","0",-50," "," ","0",-78," "," ","0",-39," "," ","0",-17," "," ","0",50," "," ","0",17," "," ","0",22," "," ","0",67," "," ","0",89," "," ","0",78," "," ","0",117," "," ","0",89," "," ","0",94," "," ","0",178," "," ","0",100," "," ","0",144," "," ","0",89," "," ","0",122," "," ","0",200," "," ","0",139," "," ","0",144," "," ","0",83," "," ","0",61," "," ","0"
"1814","USC00413787",1972,12,"TMIN",-61," "," ","0",-39," "," ","0",-89," "," ","0",-106," "," ","0",-122," "," ","0",-194," "," ","0",-128," "," ","0",-111," "," ","0",-83," "," ","0",-172," "," ","0",-156," "," ","0",-106," "," ","0",-117," "," ","0",-94," "," ","0",-106," "," ","0",-100," "," ","0",-83," "," ","0",-39," "," ","0",-6," "," ","0",-11," "," ","0",-6," "," ","0",-17," "," ","0",11," "," ","0",-39," "," ","0",6," "," ","0",-44," "," ","0",-22," "," ","0",-11," "," ","0",50," "," ","0",-50," "," ","0",-72," "," ","0"
"1815","USC00413787",1972,12,"TOBS",72," "," ","0",61," "," ","0",-72," "," ","0",0," "," ","0",-122," "," ","0",-122," "," ","0",17," "," ","0",-72," "," ","0",-78," "," ","0",-117," "," ","0",-50," "," ","0",-56," "," ","0",17," "," ","0",-50," "," ","0",-33," "," ","0",6," "," ","0",50," "," ","0",44," "," ","0",61," "," ","0",44," "," ","0",61," "," ","0",100," "," ","0",56," "," ","0",83," "," ","0",56," "," ","0",83," "," ","0",117," "," ","0",128," "," ","0",83," "," ","0",6," "," ","0",17," "," ","0"
"1816","USC00413787",1972,12,"PRCP",0," "," ","0",0," "," ","0",3," "," ","0",0," "," ","0",0,"T"," ","0",0," "," ","0",0," "," ","0",0,"T"," ","0",0," "," ","0",0,"T"," ","0",69," "," ","0",53," "," ","0",0," "," ","0",0," "," ","0",0," "," ","0",0," "," ","0",0," "," ","0",0," "," ","0",0,"T"," ","0",0," "," ","0",0," "," ","0",0," "," ","0",0," "," ","0",0," "," ","0",0," "," ","0",0," "," ","0",0," "," ","0",0," "," ","0",0," "," ","0",0," "," ","0",0," "," ","0"
"1817","USC00413787",1972,12,"SNOW",0," "," ","0",0," "," ","0",0,"T"," ","0",0," "," ","0",0," "," ","0",0," "," ","0",0," "," ","0",0,"T"," ","0",0," "," ","0",0,"T"," ","0",64," "," ","0",51," "," ","0",0," "," ","0",0," "," ","0",0," "," ","0",0," "," ","0",0," "," ","0",0," "," ","0",0," "," ","0",0," "," ","0",0," "," ","0",0," "," ","0",0," "," ","0",0," "," ","0",0," "," ","0",0," "," ","0",0," "," ","0",0," "," ","0",0," "," ","0",0," "," ","0",0," "," ","0"
"1818","USC00413787",1972,12,"SNWD",0," "," ","0",0," "," ","0",0," "," ","0",0," "," ","0",0," "," ","0",0," "," ","0",0," "," ","0",0," "," ","0",0," "," ","0",0," "," ","0",76," "," ","0",102," "," ","0",NA," "," "," ",NA," "," "," ",NA," "," "," ",NA," "," "," ",NA," "," "," ",NA," "," "," ",NA," "," "," ",NA," "," "," ",NA," "," "," ",NA," "," "," ",NA," "," "," ",NA," "," "," ",NA," "," "," ",NA," "," "," ",NA," "," "," ",NA," "," "," ",NA," "," "," ",NA," "," "," ",0," "," ","0"
"1819","USC00413787",1973,1,"TMAX",44," "," ","0",6," "," ","0",6," "," ","0",-6," "," ","0",-11," "," ","0",-44," "," ","0",-61," "," ","0",-89," "," ","0",-128," "," ","0",-72," "," ","0",-11," "," ","0",67," "," ","0",133," "," ","0",144," "," ","0",156," "," ","0",167," "," ","0",156," "," ","0",139," "," ","0",139," "," ","0",122," "," ","0",56," "," ","0",44," "," ","0",94," "," ","0",156," "," ","0",111," "," ","0",56," "," ","0",33," "," ","0",-17," "," ","0",117," "," ","0",200," "," ","0",111," "," ","0"
"1820","USC00413787",1973,1,"TMIN",-61," "," ","0",-61," "," ","0",-78," "," ","0",-89," "," ","0",-89," "," ","0",-94," "," ","0",-122," "," ","0",-133," "," ","0",-156," "," ","0",-144," "," ","0",-183," "," ","0",-167," "," ","0",-56," "," ","0",-17," "," ","0",-22," "," ","0",11," "," ","0",11," "," ","0",17," "," ","0",-6," "," ","0",11," "," ","0",-6," "," ","0",-11," "," ","0",-78," "," ","0",-44," "," ","0",-44," "," ","0",11," "," ","0",-44," "," ","0",-122," "," ","0",-122," "," ","0",-11," "," ","0",0," "," ","0"
"1821","USC00413787",1973,1,"TOBS",6," "," ","0",-11," "," ","0",-6," "," ","0",-50," "," ","0",-89," "," ","0",-61," "," ","0",-111," "," ","0",-128," "," ","0",-133," "," ","0",-122," "," ","0",-56," "," ","0",17," "," ","0",56," "," ","0",122," "," ","0",56," "," ","0",139," "," ","0",122," "," ","0",111," "," ","0",122," "," ","0",44," "," ","0",33," "," ","0",28," "," ","0",22," "," ","0",111," "," ","0",56," "," ","0",33," "," ","0",-39," "," ","0",-28," "," ","0",33," "," ","0",94," "," ","0",111," "," ","0"
"1822","USC00413787",1973,1,"PRCP",0," "," ","0",15," "," ","0",43," "," ","0",0," "," ","0",0,"T"," ","0",0," "," ","0",41," "," ","0",0," "," ","0",10," "," ","0",20," "," ","0",0," "," ","0",0," "," ","0",0," "," ","0",0," "," ","0",0," "," ","0",0," "," ","0",0," "," ","0",0,"T"," ","0",0," "," ","0",0," "," ","0",0," "," ","0",0," "," ","0",0," "," ","0",0," "," ","0",0," "," ","0",0," "," ","0",51," "," ","0",0," "," ","0",0," "," ","0",0," "," ","0",64," "," ","0"
"1823","USC00413787",1973,1,"SNOW",0," "," ","0",13," "," ","0",51," "," ","0",0," "," ","0",0," "," ","0",0," "," ","0",38," "," ","0",0," "," ","0",13," "," ","0",25," "," ","0",0," "," ","0",0," "," ","0",0," "," ","0",0," "," ","0",0," "," ","0",0," "," ","0",0," "," ","0",0," "," ","0",0," "," ","0",0," "," ","0",0," "," ","0",0," "," ","0",0," "," ","0",0," "," ","0",0," "," ","0",0," "," ","0",13," "," ","0",0," "," ","0",0," "," ","0",0," "," ","0",13," "," ","0"
"1824","USC00413787",1973,1,"SNWD",0," "," ","0",25," "," ","0",76," "," ","0",51," "," ","0",51," "," ","0",51," "," ","0",76," "," ","0",76," "," ","0",76," "," ","0",102," "," ","0",102," "," ","0",76," "," ","0",25," "," ","0",0,"T"," ","0",0,"T"," ","0",0," "," ","0",0," "," ","0",0," "," ","0",0," "," ","0",0," "," ","0",0," "," ","0",0," "," ","0",0," "," ","0",0," "," ","0",0," "," ","0",0," "," ","0",25," "," ","0",0," "," ","0",0," "," ","0",0," "," ","0",25," "," ","0"
"1825","USC00413787",1973,1,"WT06",NA," "," "," ",NA," "," "," ",NA," "," "," ",NA," "," "," ",1," "," ","0",NA," "," "," ",NA," "," "," ",NA," "," "," ",NA," "," "," ",NA," "," "," ",NA," "," "," ",NA," "," "," ",NA," "," "," ",NA," "," "," ",NA," "," "," ",NA," "," "," ",NA," "," "," ",NA," "," "," ",NA," "," "," ",NA," "," "," ",NA," "," "," ",NA," "," "," ",NA," "," "," ",NA," "," "," ",NA," "," "," ",NA," "," "," ",1," "," ","0",NA," "," "," ",NA," "," "," ",NA," "," "," ",NA," "," "," "
"1826","USC00413787",1973,2,"TMAX",111," "," ","0",94," "," ","0",183," "," ","0",211," "," ","0",178," "," ","0",139," "," ","0",100," "," ","0",-17," "," ","0",83," "," ","0",128," "," ","0",144," "," ","0",200," "," ","0",150," "," ","0",67," "," ","0",89," "," ","0",61," "," ","0",72," "," ","0",156," "," ","0",150," "," ","0",144," "," ","0",117," "," ","0",56," "," ","0",144," "," ","0",183," "," ","0",150," "," ","0",211," "," ","0",222," "," ","0",183," "," ","0",NA," "," "," ",NA," "," "," ",NA," "," "," "
"1827","USC00413787",1973,2,"TMIN",0," "," ","0",-28," "," ","0",-44," "," ","0",11," "," ","0",11," "," ","0",-39," "," ","0",-56," "," ","0",-94," "," ","0",-117," "," ","0",-83," "," ","0",-61," "," ","0",28," "," ","0",-28," "," ","0",-78," "," ","0",-78," "," ","0",-61," "," ","0",-39," "," ","0",-39," "," ","0",-39," "," ","0",-67," "," ","0",-6," "," ","0",-39," "," ","0",-56," "," ","0",-50," "," ","0",-11," "," ","0",-28," "," ","0",17," "," ","0",67," "," ","0",NA," "," "," ",NA," "," "," ",NA," "," "," "
"1828","USC00413787",1973,2,"TOBS",33," "," ","0",56," "," ","0",100," "," ","0",161," "," ","0",106," "," ","0",100," "," ","0",-50," "," ","0",-39," "," ","0",44," "," ","0",83," "," ","0",100," "," ","0",150," "," ","0",33," "," ","0",44," "," ","0",56," "," ","0",39," "," ","0",39," "," ","0",150," "," ","0",72," "," ","0",117," "," ","0",56," "," ","0",17," "," ","0",100," "," ","0",150," "," ","0",56," "," ","0",172," "," ","0",183," "," ","0",111," "," ","0",NA," "," "," ",NA," "," "," ",NA," "," "," "
"1829","USC00413787",1973,2,"PRCP",46," "," ","0",0," "," ","0",0," "," ","0",0," "," ","0",0," "," ","0",0," "," ","0",0,"T"," ","0",0," "," ","0",0," "," ","0",0," "," ","0",0," "," ","0",0," "," ","0",0," "," ","0",0," "," ","0",0," "," ","0",0," "," ","0",8," "," ","0",0," "," ","0",0," "," ","0",0," "," ","0",0," "," ","0",58," "," ","0",0," "," ","0",0," "," ","0",0," "," ","0",0," "," ","0",0," "," ","0",0," "," ","0",NA," "," "," ",NA," "," "," ",NA," "," "," "
"1830","USC00413787",1973,2,"SNOW",51," "," ","0",0," "," ","0",0," "," ","0",0," "," ","0",0," "," ","0",0," "," ","0",0," "," ","0",0," "," ","0",0," "," ","0",0," "," ","0",0," "," ","0",0," "," ","0",0," "," ","0",0," "," ","0",0," "," ","0",0," "," ","0",13," "," ","0",0," "," ","0",0," "," ","0",0," "," ","0",0," "," ","0",51," "," ","0",0," "," ","0",0," "," ","0",0," "," ","0",0," "," ","0",0," "," ","0",0," "," ","0",NA," "," "," ",NA," "," "," ",NA," "," "," "
"1831","USC00413787",1973,2,"SNWD",NA," "," "," ",NA," "," "," ",NA," "," "," ",0," "," ","0",0," "," ","0",0," "," ","0",0," "," ","0",0," "," ","0",0," "," ","0",0," "," ","0",0," "," ","0",0," "," ","0",0," "," ","0",0," "," ","0",0," "," ","0",0," "," ","0",0," "," ","0",0," "," ","0",0," "," ","0",0," "," ","0",0," "," ","0",25," "," ","0",NA," "," "," ",NA," "," "," ",NA," "," "," ",NA," "," "," ",NA," "," "," ",NA," "," "," ",NA," "," "," ",NA," "," "," ",NA," "," "," "
"1832","USC00413787",1973,3,"TMAX",183," "," ","0",206," "," ","0",150," "," ","0",139," "," ","0",183," "," ","0",183," "," ","0",189," "," ","0",167," "," ","0",117," "," ","0",56," "," ","0",194," "," ","0",222," "," ","0",189," "," ","0",156," "," ","0",128," "," ","0",144," "," ","0",256," "," ","0",250," "," ","0",239," "," ","0",167," "," ","0",167," "," ","0",189," "," ","0",183," "," ","0",89," "," ","0",56," "," ","0",156," "," ","0",128," "," ","0",111," "," ","0",89," "," ","0",89," "," ","0",94," "," ","0"
"1833","USC00413787",1973,3,"TMIN",67," "," ","0",-17," "," ","0",39," "," ","0",-6," "," ","0",-6," "," ","0",6," "," ","0",-17," "," ","0",44," "," ","0",39," "," ","0",22," "," ","0",0," "," ","0",28," "," ","0",111," "," ","0",50," "," ","0",-11," "," ","0",-17," "," ","0",-28," "," ","0",28," "," ","0",22," "," ","0",-11," "," ","0",22," "," ","0",17," "," ","0",72," "," ","0",22," "," ","0",17," "," ","0",6," "," ","0",39," "," ","0",11," "," ","0",22," "," ","0",22," "," ","0",6," "," ","0"
"1834","USC00413787",1973,3,"TOBS",167," "," ","0",150," "," ","0",39," "," ","0",94," "," ","0",156," "," ","0",144," "," ","0",167," "," ","0",100," "," ","0",56," "," ","0",39," "," ","0",156," "," ","0",172," "," ","0",111," "," ","0",111," "," ","0",111," "," ","0",106," "," ","0",217," "," ","0",239," "," ","0",100," "," ","0",139," "," ","0",133," "," ","0",183," "," ","0",89," "," ","0",44," "," ","0",50," "," ","0",128," "," ","0",72," "," ","0",89," "," ","0",28," "," ","0",39," "," ","0",78," "," ","0"
"1835","USC00413787",1973,3,"PRCP",0," "," ","0",0," "," ","0",0,"T"," ","0",0," "," ","0",0," "," ","0",0," "," ","0",0," "," ","0",13," "," ","0",71," "," ","0",523," "," ","0",15," "," ","0",0," "," ","0",0,"T"," ","0",0," "," ","0",0," "," ","0",0," "," ","0",0," "," ","0",0," "," ","0",0,"T"," ","0",0," "," ","0",0," "," ","0",0,"T"," ","0",462," "," ","0",97," "," ","0",15," "," ","0",0," "," ","0",30," "," ","0",0,"T"," ","0",51," "," ","0",157," "," ","0",13," "," ","0"
"1836","USC00413787",1973,3,"SNOW",0," "," ","0",0," "," ","0",0," "," ","0",0," "," ","0",0," "," ","0",0," "," ","0",0," "," ","0",0," "," ","0",0," "," ","0",0," "," ","0",0," "," ","0",0," "," ","0",0," "," ","0",0," "," ","0",0," "," ","0",0," "," ","0",0," "," ","0",0," "," ","0",0," "," ","0",0," "," ","0",0," "," ","0",0," "," ","0",0," "," ","0",0," "," ","0",0," "," ","0",0," "," ","0",0," "," ","0",0," "," ","0",0," "," ","0",0," "," ","0",0," "," ","0"
"1837","USC00413787",1973,3,"SNWD",0," "," ","0",0," "," ","0",0," "," ","0",0," "," ","0",0," "," ","0",0," "," ","0",0," "," ","0",0," "," ","0",0," "," ","0",0," "," ","0",0," "," ","0",0," "," ","0",0," "," ","0",0," "," ","0",0," "," ","0",0," "," ","0",0," "," ","0",0," "," ","0",0," "," ","0",0," "," ","0",0," "," ","0",0," "," ","0",0," "," ","0",0," "," ","0",0," "," ","0",0," "," ","0",0," "," ","0",0," "," ","0",0," "," ","0",0," "," ","0",0," "," ","0"
"1838","USC00413787",1973,4,"TMAX",178," "," ","0",156," "," ","0",72," "," ","0",111," "," ","0",150," "," ","0",211," "," ","0",211," "," ","0",0," "," ","0",44," "," ","0",128," "," ","0",183," "," ","0",228," "," ","0",183," "," ","0",244," "," ","0",211," "," ","0",172," "," ","0",250," "," ","0",256," "," ","0",211," "," ","0",228," "," ","0",239," "," ","0",233," "," ","0",261," "," ","0",200," "," ","0",150," "," ","0",117," "," ","0",183," "," ","0",283," "," ","0",300," "," ","0",278," "," ","0",NA," "," "," "
"1839","USC00413787",1973,4,"TMIN",-11," "," ","0",44," "," ","0",6," "," ","0",6," "," ","0",-22," "," ","0",-6," "," ","0",-22," "," ","0",-56," "," ","0",-67," "," ","0",-72," "," ","0",0," "," ","0",17," "," ","0",44," "," ","0",111," "," ","0",94," "," ","0",0," "," ","0",50," "," ","0",83," "," ","0",100," "," ","0",61," "," ","0",39," "," ","0",56," "," ","0",94," "," ","0",72," "," ","0",67," "," ","0",33," "," ","0",-17," "," ","0",50," "," ","0",89," "," ","0",111," "," ","0",NA," "," "," "
"1840","USC00413787",1973,4,"TOBS",156," "," ","0",44," "," ","0",39," "," ","0",94," "," ","0",133," "," ","0",211," "," ","0",-22," "," ","0",-6," "," ","0",33," "," ","0",122," "," ","0",167," "," ","0",156," "," ","0",172," "," ","0",211," "," ","0",94," "," ","0",111," "," ","0",228," "," ","0",211," "," ","0",156," "," ","0",194," "," ","0",194," "," ","0",206," "," ","0",156," "," ","0",150," "," ","0",117," "," ","0",72," "," ","0",172," "," ","0",256," "," ","0",278," "," ","0",128," "," ","0",NA," "," "," "
"1841","USC00413787",1973,4,"PRCP",0," "," ","0",46," "," ","0",3," "," ","0",0," "," ","0",0," "," ","0",0," "," ","0",0,"T"," ","0",56," "," ","0",0," "," ","0",0," "," ","0",0," "," ","0",0,"T"," ","0",30," "," ","0",3," "," ","0",0,"T"," ","0",0," "," ","0",0," "," ","0",0," "," ","0",38," "," ","0",0," "," ","0",0," "," ","0",0," "," ","0",0," "," ","0",0," "," ","0",0," "," ","0",71," "," ","0",0," "," ","0",0," "," ","0",0," "," ","0",48," "," ","0",NA," "," "," "
"1842","USC00413787",1973,4,"SNOW",0," "," ","0",0," "," ","0",0,"T"," ","0",0," "," ","0",0," "," ","0",0," "," ","0",0,"T"," ","0",51," "," ","0",0," "," ","0",0," "," ","0",0," "," ","0",0," "," ","0",0," "," ","0",0," "," ","0",0," "," ","0",0," "," ","0",0," "," ","0",0," "," ","0",0," "," ","0",0," "," ","0",0," "," ","0",0," "," ","0",0," "," ","0",0," "," ","0",0," "," ","0",0," "," ","0",0," "," ","0",0," "," ","0",0," "," ","0",0," "," ","0",NA," "," "," "
"1843","USC00413787",1973,4,"SNWD",0," "," ","0",0," "," ","0",0," "," ","0",0," "," ","0",0," "," ","0",0," "," ","0",0," "," ","0",NA," "," "," ",NA," "," "," ",0," "," ","0",0," "," ","0",0," "," ","0",0," "," ","0",0," "," ","0",0," "," ","0",0," "," ","0",0," "," ","0",0," "," ","0",0," "," ","0",0," "," ","0",0," "," ","0",0," "," ","0",0," "," ","0",0," "," ","0",0," "," ","0",0," "," ","0",0," "," ","0",0," "," ","0",0," "," ","0",0," "," ","0",NA," "," "," "
"1844","USC00413787",1973,4,"WT03",NA," "," "," ",NA," "," "," ",NA," "," "," ",NA," "," "," ",NA," "," "," ",NA," "," "," ",NA," "," "," ",NA," "," "," ",NA," "," "," ",NA," "," "," ",NA," "," "," ",1," "," ","0",1," "," ","0",NA," "," "," ",1," "," ","0",NA," "," "," ",NA," "," "," ",NA," "," "," ",1," "," ","0",NA," "," "," ",NA," "," "," ",NA," "," "," ",NA," "," "," ",NA," "," "," ",NA," "," "," ",NA," "," "," ",NA," "," "," ",NA," "," "," ",NA," "," "," ",1," "," ","0",NA," "," "," "
"1845","USC00413787",1973,4,"WT04",NA," "," "," ",NA," "," "," ",1," "," ","0",NA," "," "," ",NA," "," "," ",NA," "," "," ",NA," "," "," ",NA," "," "," ",NA," "," "," ",NA," "," "," ",NA," "," "," ",NA," "," "," ",NA," "," "," ",NA," "," "," ",NA," "," "," ",NA," "," "," ",NA," "," "," ",NA," "," "," ",NA," "," "," ",NA," "," "," ",NA," "," "," ",NA," "," "," ",NA," "," "," ",NA," "," "," ",NA," "," "," ",NA," "," "," ",NA," "," "," ",NA," "," "," ",NA," "," "," ",NA," "," "," ",NA," "," "," "
"1846","USC00413787",1973,4,"WT06",NA," "," "," ",NA," "," "," ",NA," "," "," ",NA," "," "," ",NA," "," "," ",NA," "," "," ",1," "," ","0",NA," "," "," ",NA," "," "," ",NA," "," "," ",NA," "," "," ",NA," "," "," ",NA," "," "," ",NA," "," "," ",NA," "," "," ",NA," "," "," ",NA," "," "," ",NA," "," "," ",NA," "," "," ",NA," "," "," ",NA," "," "," ",NA," "," "," ",NA," "," "," ",NA," "," "," ",NA," "," "," ",NA," "," "," ",NA," "," "," ",NA," "," "," ",NA," "," "," ",NA," "," "," ",NA," "," "," "
"1847","USC00413787",1973,5,"TMAX",144," "," ","0",183," "," ","0",233," "," ","0",261," "," ","0",222," "," ","0",217," "," ","0",228," "," ","0",278," "," ","0",294," "," ","0",328," "," ","0",317," "," ","0",233," "," ","0",183," "," ","0",211," "," ","0",233," "," ","0",272," "," ","0",300," "," ","0",328," "," ","0",333," "," ","0",317," "," ","0",344," "," ","0",333," "," ","0",289," "," ","0",289," "," ","0",300," "," ","0",294," "," ","0",161," "," ","0",239," "," ","0",256," "," ","0",256," "," ","0",256," "," ","0"
"1848","USC00413787",1973,5,"TMIN",78," "," ","0",28," "," ","0",-6," "," ","0",83," "," ","0",128," "," ","0",94," "," ","0",83," "," ","0",56," "," ","0",78," "," ","0",94," "," ","0",144," "," ","0",122," "," ","0",100," "," ","0",56," "," ","0",33," "," ","0",89," "," ","0",56," "," ","0",106," "," ","0",122," "," ","0",144," "," ","0",150," "," ","0",128," "," ","0",83," "," ","0",117," "," ","0",100," "," ","0",122," "," ","0",72," "," ","0",44," "," ","0",61," "," ","0",111," "," ","0",83," "," ","0"
"1849","USC00413787",1973,5,"TOBS",117," "," ","0",156," "," ","0",217," "," ","0",183," "," ","0",206," "," ","0",194," "," ","0",222," "," ","0",272," "," ","0",283," "," ","0",317," "," ","0",233," "," ","0",183," "," ","0",111," "," ","0",167," "," ","0",228," "," ","0",250," "," ","0",294," "," ","0",322," "," ","0",317," "," ","0",306," "," ","0",333," "," ","0",183," "," ","0",283," "," ","0",250," "," ","0",294," "," ","0",150," "," ","0",117," "," ","0",217," "," ","0",256," "," ","0",156," "," ","0",217," "," ","0"
"1850","USC00413787",1973,5,"PRCP",0," "," ","0",0," "," ","0",0," "," ","0",0," "," ","0",0," "," ","0",0," "," ","0",15," "," ","0",0," "," ","0",0," "," ","0",0," "," ","0",0," "," ","0",0," "," ","0",33," "," ","0",0," "," ","0",0," "," ","0",0," "," ","0",0," "," ","0",0," "," ","0",0," "," ","0",0," "," ","0",84," "," ","0",0," "," ","0",114," "," ","0",0," "," ","0",0," "," ","0",0,"T"," ","0",43," "," ","0",0," "," ","0",0," "," ","0",0,"T"," ","0",51," "," ","0"
"1851","USC00413787",1973,5,"SNOW",0," "," ","0",0," "," ","0",0," "," ","0",0," "," ","0",0," "," ","0",0," "," ","0",0," "," ","0",0," "," ","0",0," "," ","0",0," "," ","0",0," "," ","0",0," "," ","0",0," "," ","0",0," "," ","0",0," "," ","0",0," "," ","0",0," "," ","0",0," "," ","0",0," "," ","0",0," "," ","0",0," "," ","0",0," "," ","0",0," "," ","0",0," "," ","0",0," "," ","0",0," "," ","0",0," "," ","0",0," "," ","0",0," "," ","0",0," "," ","0",0," "," ","0"
"1852","USC00413787",1973,5,"SNWD",0," "," ","0",0," "," ","0",0," "," ","0",0," "," ","0",0," "," ","0",0," "," ","0",0," "," ","0",0," "," ","0",0," "," ","0",0," "," ","0",0," "," ","0",0," "," ","0",0," "," ","0",0," "," ","0",0," "," ","0",0," "," ","0",0," "," ","0",0," "," ","0",0," "," ","0",0," "," ","0",0," "," ","0",0," "," ","0",0," "," ","0",0," "," ","0",0," "," ","0",0," "," ","0",0," "," ","0",0," "," ","0",0," "," ","0",0," "," ","0",0," "," ","0"
"1853","USC00413787",1973,5,"WT03",NA," "," "," ",NA," "," "," ",NA," "," "," ",NA," "," "," ",NA," "," "," ",NA," "," "," ",NA," "," "," ",NA," "," "," ",NA," "," "," ",NA," "," "," ",NA," "," "," ",NA," "," "," ",NA," "," "," ",NA," "," "," ",NA," "," "," ",NA," "," "," ",NA," "," "," ",NA," "," "," ",NA," "," "," ",NA," "," "," ",1," "," ","0",1," "," ","0",1," "," ","0",NA," "," "," ",NA," "," "," ",NA," "," "," ",NA," "," "," ",NA," "," "," ",NA," "," "," ",NA," "," "," ",1," "," ","0"
"1854","USC00413787",1973,6,"TMAX",289," "," ","0",300," "," ","0",300," "," ","0",283," "," ","0",306," "," ","0",311," "," ","0",367," "," ","0",372," "," ","0",356," "," ","0",322," "," ","0",333," "," ","0",350," "," ","0",306," "," ","0",311," "," ","0",339," "," ","0",333," "," ","0",350," "," ","0",344," "," ","0",306," "," ","0",317," "," ","0",339," "," ","0",350," "," ","0",361," "," ","0",378," "," ","0",372," "," ","0",422," "," ","0",411," "," ","0",372," "," ","0",344," "," ","0",372," "," ","0",NA," "," "," "
"1855","USC00413787",1973,6,"TMIN",144," "," ","0",122," "," ","0",94," "," ","0",117," "," ","0",83," "," ","0",78," "," ","0",122," "," ","0",139," "," ","0",128," "," ","0",144," "," ","0",156," "," ","0",156," "," ","0",156," "," ","0",167," "," ","0",150," "," ","0",161," "," ","0",128," "," ","0",144," "," ","0",139," "," ","0",139," "," ","0",144," "," ","0",144," "," ","0",189," "," ","0",194," "," ","0",189," "," ","0",194," "," ","0",211," "," ","0",178," "," ","0",183," "," ","0",206," "," ","0",NA," "," "," "
"1856","USC00413787",1973,6,"TOBS",250," "," ","0",261," "," ","0",283," "," ","0",217," "," ","0",278," "," ","0",294," "," ","0",344," "," ","0",350," "," ","0",322," "," ","0",306," "," ","0",317," "," ","0",283," "," ","0",294," "," ","0",306," "," ","0",333," "," ","0",317," "," ","0",344," "," ","0",306," "," ","0",272," "," ","0",311," "," ","0",333," "," ","0",344," "," ","0",350," "," ","0",361," "," ","0",361," "," ","0",411," "," ","0",367," "," ","0",339," "," ","0",339," "," ","0",367," "," ","0",NA," "," "," "
"1857","USC00413787",1973,6,"PRCP",0," "," ","0",8," "," ","0",0," "," ","0",0," "," ","0",0,"T"," ","0",0," "," ","0",0," "," ","0",0," "," ","0",0," "," ","0",0," "," ","0",0," "," ","0",0," "," ","0",140," "," ","0",0," "," ","0",0," "," ","0",0," "," ","0",0," "," ","0",0," "," ","0",0," "," ","0",0," "," ","0",0," "," ","0",0," "," ","0",0," "," ","0",0," "," ","0",0," "," ","0",0," "," ","0",0," "," ","0",5," "," ","0",198," "," ","0",0," "," ","0",NA," "," "," "
"1858","USC00413787",1973,6,"SNOW",0," "," ","0",0," "," ","0",0," "," ","0",0," "," ","0",0," "," ","0",0," "," ","0",0," "," ","0",0," "," ","0",0," "," ","0",0," "," ","0",0," "," ","0",0," "," ","0",0," "," ","0",0," "," ","0",0," "," ","0",0," "," ","0",0," "," ","0",0," "," ","0",0," "," ","0",0," "," ","0",0," "," ","0",0," "," ","0",0," "," ","0",0," "," ","0",0," "," ","0",0," "," ","0",0," "," ","0",0," "," ","0",0," "," ","0",0," "," ","0",NA," "," "," "
"1859","USC00413787",1973,6,"SNWD",0," "," ","0",0," "," ","0",0," "," ","0",0," "," ","0",0," "," ","0",0," "," ","0",0," "," ","0",0," "," ","0",0," "," ","0",0," "," ","0",0," "," ","0",0," "," ","0",0," "," ","0",0," "," ","0",0," "," ","0",0," "," ","0",0," "," ","0",0," "," ","0",0," "," ","0",0," "," ","0",0," "," ","0",0," "," ","0",0," "," ","0",0," "," ","0",0," "," ","0",0," "," ","0",0," "," ","0",0," "," ","0",0," "," ","0",0," "," ","0",NA," "," "," "
"1860","USC00413787",1973,6,"WT03",NA," "," "," ",NA," "," "," ",NA," "," "," ",NA," "," "," ",1," "," ","0",NA," "," "," ",NA," "," "," ",NA," "," "," ",NA," "," "," ",NA," "," "," ",NA," "," "," ",NA," "," "," ",1," "," ","0",NA," "," "," ",NA," "," "," ",NA," "," "," ",NA," "," "," ",NA," "," "," ",NA," "," "," ",NA," "," "," ",NA," "," "," ",NA," "," "," ",NA," "," "," ",NA," "," "," ",NA," "," "," ",NA," "," "," ",NA," "," "," ",1," "," ","0",1," "," ","0",NA," "," "," ",NA," "," "," "
"1861","USC00413787",1973,7,"TMAX",400," "," ","0",389," "," ","0",389," "," ","0",394," "," ","0",372," "," ","0",406," "," ","0",411," "," ","0",400," "," ","0",394," "," ","0",333," "," ","0",339," "," ","0",317," "," ","0",294," "," ","0",311," "," ","0",306," "," ","0",333," "," ","0",367," "," ","0",350," "," ","0",344," "," ","0",361," "," ","0",333," "," ","0",300," "," ","0",300," "," ","0",350," "," ","0",339," "," ","0",328," "," ","0",333," "," ","0",328," "," ","0",317," "," ","0",317," "," ","0",322," "," ","0"
"1862","USC00413787",1973,7,"TMIN",222," "," ","0",239," "," ","0",217," "," ","0",233," "," ","0",161," "," ","0",167," "," ","0",194," "," ","0",200," "," ","0",206," "," ","0",200," "," ","0",178," "," ","0",150," "," ","0",194," "," ","0",183," "," ","0",117," "," ","0",128," "," ","0",183," "," ","0",194," "," ","0",200," "," ","0",194," "," ","0",144," "," ","0",156," "," ","0",172," "," ","0",200," "," ","0",167," "," ","0",161," "," ","0",156," "," ","0",161," "," ","0",156," "," ","0",156," "," ","0",156," "," ","0"
"1863","USC00413787",1973,7,"TOBS",389," "," ","0",361," "," ","0",383," "," ","0",344," "," ","0",367," "," ","0",372," "," ","0",400," "," ","0",394," "," ","0",294," "," ","0",311," "," ","0",311," "," ","0",278," "," ","0",283," "," ","0",250," "," ","0",300," "," ","0",322," "," ","0",350," "," ","0",322," "," ","0",339," "," ","0",333," "," ","0",300," "," ","0",294," "," ","0",294," "," ","0",339," "," ","0",294," "," ","0",267," "," ","0",267," "," ","0",278," "," ","0",272," "," ","0",267," "," ","0",267," "," ","0"
"1864","USC00413787",1973,7,"PRCP",0," "," ","0",0," "," ","0",0," "," ","0",0," "," ","0",112," "," ","0",0," "," ","0",0," "," ","0",0," "," ","0",0," "," ","0",99," "," ","0",0," "," ","0",0," "," ","0",0," "," ","0",58," "," ","0",0," "," ","0",0," "," ","0",0," "," ","0",0," "," ","0",0," "," ","0",0," "," ","0",0," "," ","0",157," "," ","0",20," "," ","0",0," "," ","0",229," "," ","0",0," "," ","0",8," "," ","0",0," "," ","0",0," "," ","0",0," "," ","0",318," "," ","0"
"1865","USC00413787",1973,7,"SNOW",0," "," ","0",0," "," ","0",0," "," ","0",0," "," ","0",0," "," ","0",0," "," ","0",0," "," ","0",0," "," ","0",0," "," ","0",0," "," ","0",0," "," ","0",0," "," ","0",0," "," ","0",0," "," ","0",0," "," ","0",0," "," ","0",0," "," ","0",0," "," ","0",0," "," ","0",0," "," ","0",0," "," ","0",0," "," ","0",0," "," ","0",0," "," ","0",0," "," ","0",0," "," ","0",0," "," ","0",0," "," ","0",0," "," ","0",0," "," ","0",0," "," ","0"
"1866","USC00413787",1973,7,"SNWD",0," "," ","0",0," "," ","0",0," "," ","0",0," "," ","0",0," "," ","0",0," "," ","0",0," "," ","0",0," "," ","0",0," "," ","0",0," "," ","0",0," "," ","0",0," "," ","0",0," "," ","0",0," "," ","0",0," "," ","0",0," "," ","0",0," "," ","0",0," "," ","0",0," "," ","0",0," "," ","0",0," "," ","0",0," "," ","0",0," "," ","0",0," "," ","0",0," "," ","0",0," "," ","0",0," "," ","0",0," "," ","0",0," "," ","0",0," "," ","0",0," "," ","0"
"1867","USC00413787",1973,7,"WT03",NA," "," "," ",NA," "," "," ",NA," "," "," ",NA," "," "," ",1," "," ","0",NA," "," "," ",NA," "," "," ",NA," "," "," ",NA," "," "," ",1," "," ","0",NA," "," "," ",NA," "," "," ",NA," "," "," ",1," "," ","0",NA," "," "," ",NA," "," "," ",NA," "," "," ",NA," "," "," ",NA," "," "," ",NA," "," "," ",NA," "," "," ",1," "," ","0",1," "," ","0",NA," "," "," ",1," "," ","0",NA," "," "," ",NA," "," "," ",NA," "," "," ",NA," "," "," ",NA," "," "," ",1," "," ","0"
"1868","USC00413787",1973,8,"TMAX",317," "," ","0",317," "," ","0",328," "," ","0",322," "," ","0",328," "," ","0",344," "," ","0",339," "," ","0",350," "," ","0",350," "," ","0",356," "," ","0",367," "," ","0",356," "," ","0",356," "," ","0",350," "," ","0",361," "," ","0",356," "," ","0",356," "," ","0",361," "," ","0",378," "," ","0",378," "," ","0",361," "," ","0",378," "," ","0",389," "," ","0",400," "," ","0",383," "," ","0",361," "," ","0",339," "," ","0",350," "," ","0",350," "," ","0",328," "," ","0",317," "," ","0"
"1869","USC00413787",1973,8,"TMIN",139," "," ","0",133," "," ","0",161," "," ","0",156," "," ","0",172," "," ","0",178," "," ","0",178," "," ","0",167," "," ","0",156," "," ","0",172," "," ","0",167," "," ","0",183," "," ","0",178," "," ","0",161," "," ","0",189," "," ","0",144," "," ","0",161," "," ","0",178," "," ","0",183," "," ","0",161," "," ","0",167," "," ","0",189," "," ","0",167," "," ","0",144," "," ","0",178," "," ","0",156," "," ","0",172," "," ","0",172," "," ","0",178," "," ","0",172," "," ","0",178," "," ","0"
"1870","USC00413787",1973,8,"TOBS",206," "," ","0",311," "," ","0",322," "," ","0",317," "," ","0",322," "," ","0",339," "," ","0",278," "," ","0",344," "," ","0",339," "," ","0",350," "," ","0",356," "," ","0",350," "," ","0",222," "," ","0",306," "," ","0",339," "," ","0",339," "," ","0",344," "," ","0",356," "," ","0",378," "," ","0",350," "," ","0",350," "," ","0",367," "," ","0",356," "," ","0",383," "," ","0",361," "," ","0",339," "," ","0",322," "," ","0",339," "," ","0",328," "," ","0",206," "," ","0",317," "," ","0"
"1871","USC00413787",1973,8,"PRCP",0," "," ","0",3," "," ","0",0," "," ","0",51," "," ","0",0," "," ","0",0," "," ","0",20," "," ","0",13," "," ","0",335," "," ","0",0," "," ","0",0," "," ","0",0," "," ","0",84," "," ","0",0," "," ","0",0," "," ","0",0," "," ","0",0," "," ","0",0," "," ","0",0," "," ","0",0," "," ","0",0," "," ","0",0," "," ","0",0,"T"," ","0",0," "," ","0",0," "," ","0",0," "," ","0",0," "," ","0",0," "," ","0",0," "," ","0",53," "," ","0",409," "," ","0"
"1872","USC00413787",1973,8,"SNOW",0," "," ","0",0," "," ","0",0," "," ","0",0," "," ","0",0," "," ","0",0," "," ","0",0," "," ","0",0," "," ","0",0," "," ","0",0," "," ","0",0," "," ","0",0," "," ","0",0," "," ","0",0," "," ","0",0," "," ","0",0," "," ","0",0," "," ","0",0," "," ","0",0," "," ","0",0," "," ","0",0," "," ","0",0," "," ","0",0," "," ","0",0," "," ","0",0," "," ","0",0," "," ","0",0," "," ","0",0," "," ","0",0," "," ","0",0," "," ","0",0," "," ","0"
"1873","USC00413787",1973,8,"SNWD",0," "," ","0",0," "," ","0",0," "," ","0",0," "," ","0",0," "," ","0",0," "," ","0",0," "," ","0",0," "," ","0",0," "," ","0",0," "," ","0",0," "," ","0",0," "," ","0",0," "," ","0",0," "," ","0",0," "," ","0",0," "," ","0",0," "," ","0",0," "," ","0",0," "," ","0",0," "," ","0",0," "," ","0",0," "," ","0",0," "," ","0",0," "," ","0",0," "," ","0",0," "," ","0",0," "," ","0",0," "," ","0",0," "," ","0",0," "," ","0",0," "," ","0"
"1874","USC00413787",1973,8,"WT03",NA," "," "," ",1," "," ","0",NA," "," "," ",1," "," ","0",NA," "," "," ",NA," "," "," ",1," "," ","0",1," "," ","0",1," "," ","0",NA," "," "," ",NA," "," "," ",NA," "," "," ",1," "," ","0",NA," "," "," ",NA," "," "," ",NA," "," "," ",NA," "," "," ",NA," "," "," ",NA," "," "," ",NA," "," "," ",NA," "," "," ",NA," "," "," ",1," "," ","0",NA," "," "," ",NA," "," "," ",NA," "," "," ",NA," "," "," ",NA," "," "," ",NA," "," "," ",1," "," ","0",1," "," ","0"
"1875","USC00413787",1973,9,"TMAX",328," "," ","0",339," "," ","0",339," "," ","0",300," "," ","0",278," "," ","0",239," "," ","0",233," "," ","0",278," "," ","0",306," "," ","0",311," "," ","0",306," "," ","0",283," "," ","0",311," "," ","0",306," "," ","0",256," "," ","0",206," "," ","0",183," "," ","0",267," "," ","0",322," "," ","0",306," "," ","0",333," "," ","0",300," "," ","0",289," "," ","0",278," "," ","0",322," "," ","0",283," "," ","0",144," "," ","0",172," "," ","0",200," "," ","0",239," "," ","0",NA," "," "," "
"1876","USC00413787",1973,9,"TMIN",172," "," ","0",183," "," ","0",117," "," ","0",161," "," ","0",111," "," ","0",111," "," ","0",133," "," ","0",144," "," ","0",167," "," ","0",161," "," ","0",167," "," ","0",156," "," ","0",117," "," ","0",133," "," ","0",156," "," ","0",72," "," ","0",67," "," ","0",100," "," ","0",144," "," ","0",106," "," ","0",178," "," ","0",161," "," ","0",172," "," ","0",133," "," ","0",94," "," ","0",117," "," ","0",83," "," ","0",56," "," ","0",78," "," ","0",89," "," ","0",NA," "," "," "
"1877","USC00413787",1973,9,"TOBS",272," "," ","0",339," "," ","0",300," "," ","0",244," "," ","0",239," "," ","0",144," "," ","0",233," "," ","0",272," "," ","0",294," "," ","0",300," "," ","0",283," "," ","0",244," "," ","0",306," "," ","0",256," "," ","0",206," "," ","0",183," "," ","0",133," "," ","0",256," "," ","0",306," "," ","0",294," "," ","0",300," "," ","0",278," "," ","0",278," "," ","0",267," "," ","0",283," "," ","0",144," "," ","0",111," "," ","0",144," "," ","0",183," "," ","0",228," "," ","0",NA," "," "," "
"1878","USC00413787",1973,9,"PRCP",48," "," ","0",0," "," ","0",0," "," ","0",0," "," ","0",0," "," ","0",33," "," ","0",163," "," ","0",0," "," ","0",0," "," ","0",0," "," ","0",0," "," ","0",25," "," ","0",0," "," ","0",0," "," ","0",0," "," ","0",10," "," ","0",33," "," ","0",0," "," ","0",0," "," ","0",0," "," ","0",0," "," ","0",0," "," ","0",0," "," ","0",112," "," ","0",0," "," ","0",23," "," ","0",25," "," ","0",0," "," ","0",23," "," ","0",0," "," ","0",NA," "," "," "
"1879","USC00413787",1973,9,"SNOW",0," "," ","0",0," "," ","0",0," "," ","0",0," "," ","0",0," "," ","0",0," "," ","0",0," "," ","0",0," "," ","0",0," "," ","0",0," "," ","0",0," "," ","0",0," "," ","0",0," "," ","0",0," "," ","0",0," "," ","0",0," "," ","0",0," "," ","0",0," "," ","0",0," "," ","0",0," "," ","0",0," "," ","0",0," "," ","0",0," "," ","0",0," "," ","0",0," "," ","0",0," "," ","0",0," "," ","0",0," "," ","0",0," "," ","0",0," "," ","0",NA," "," "," "
"1880","USC00413787",1973,9,"SNWD",0," "," ","0",0," "," ","0",0," "," ","0",0," "," ","0",0," "," ","0",0," "," ","0",0," "," ","0",0," "," ","0",0," "," ","0",0," "," ","0",0," "," ","0",0," "," ","0",0," "," ","0",0," "," ","0",0," "," ","0",0," "," ","0",0," "," ","0",0," "," ","0",0," "," ","0",0," "," ","0",0," "," ","0",0," "," ","0",0," "," ","0",0," "," ","0",0," "," ","0",0," "," ","0",0," "," ","0",0," "," ","0",0," "," ","0",0," "," ","0",NA," "," "," "
"1881","USC00413787",1973,9,"WT03",1," "," ","0",NA," "," "," ",NA," "," "," ",NA," "," "," ",NA," "," "," ",NA," "," "," ",NA," "," "," ",NA," "," "," ",NA," "," "," ",NA," "," "," ",NA," "," "," ",1," "," ","0",NA," "," "," ",NA," "," "," ",NA," "," "," ",NA," "," "," ",NA," "," "," ",NA," "," "," ",NA," "," "," ",NA," "," "," ",NA," "," "," ",NA," "," "," ",NA," "," "," ",1," "," ","0",NA," "," "," ",NA," "," "," ",NA," "," "," ",NA," "," "," ",NA," "," "," ",NA," "," "," ",NA," "," "," "
"1882","USC00413787",1973,10,"TMAX",311," "," ","0",333," "," ","0",317," "," ","0",211," "," ","0",183," "," ","0",289," "," ","0",294," "," ","0",306," "," ","0",294," "," ","0",278," "," ","0",172," "," ","0",239," "," ","0",244," "," ","0",261," "," ","0",278," "," ","0",256," "," ","0",261," "," ","0",289," "," ","0",306," "," ","0",278," "," ","0",294," "," ","0",306," "," ","0",300," "," ","0",278," "," ","0",239," "," ","0",217," "," ","0",156," "," ","0",167," "," ","0",267," "," ","0",200," "," ","0",211," "," ","0"
"1883","USC00413787",1973,10,"TMIN",50," "," ","0",144," "," ","0",106," "," ","0",72," "," ","0",50," "," ","0",94," "," ","0",117," "," ","0",122," "," ","0",183," "," ","0",78," "," ","0",28," "," ","0",50," "," ","0",44," "," ","0",44," "," ","0",72," "," ","0",78," "," ","0",61," "," ","0",67," "," ","0",61," "," ","0",56," "," ","0",61," "," ","0",50," "," ","0",94," "," ","0",67," "," ","0",11," "," ","0",33," "," ","0",11," "," ","0",0," "," ","0",11," "," ","0",72," "," ","0",0," "," ","0"
"1884","USC00413787",1973,10,"TOBS",294," "," ","0",317," "," ","0",150," "," ","0",183," "," ","0",111," "," ","0",267," "," ","0",289," "," ","0",294," "," ","0",278," "," ","0",94," "," ","0",161," "," ","0",172," "," ","0",239," "," ","0",233," "," ","0",256," "," ","0",189," "," ","0",256," "," ","0",261," "," ","0",272," "," ","0",256," "," ","0",278," "," ","0",289," "," ","0",278," "," ","0",222," "," ","0",217," "," ","0",117," "," ","0",111," "," ","0",106," "," ","0",200," "," ","0",100," "," ","0",128," "," ","0"
"1885","USC00413787",1973,10,"PRCP",0," "," ","0",0," "," ","0",0," "," ","0",0," "," ","0",66," "," ","0",20," "," ","0",0," "," ","0",0," "," ","0",0," "," ","0",0,"T"," ","0",137," "," ","0",0," "," ","0",0," "," ","0",0," "," ","0",0," "," ","0",0," "," ","0",0," "," ","0",0," "," ","0",0," "," ","0",0," "," ","0",0," "," ","0",0," "," ","0",0," "," ","0",0," "," ","0",0," "," ","0",0," "," ","0",0," "," ","0",0," "," ","0",0," "," ","0",0," "," ","0",0," "," ","0"
"1886","USC00413787",1973,10,"SNOW",0," "," ","0",0," "," ","0",0," "," ","0",0," "," ","0",0," "," ","0",0," "," ","0",0," "," ","0",0," "," ","0",0," "," ","0",0," "," ","0",0," "," ","0",0," "," ","0",0," "," ","0",0," "," ","0",0," "," ","0",0," "," ","0",0," "," ","0",0," "," ","0",0," "," ","0",0," "," ","0",0," "," ","0",0," "," ","0",0," "," ","0",0," "," ","0",0," "," ","0",0," "," ","0",0," "," ","0",0," "," ","0",0," "," ","0",0," "," ","0",0," "," ","0"
"1887","USC00413787",1973,10,"SNWD",0," "," ","0",0," "," ","0",0," "," ","0",0," "," ","0",0," "," ","0",0," "," ","0",0," "," ","0",0," "," ","0",0," "," ","0",0," "," ","0",0," "," ","0",0," "," ","0",0," "," ","0",0," "," ","0",0," "," ","0",0," "," ","0",0," "," ","0",0," "," ","0",0," "," ","0",0," "," ","0",0," "," ","0",0," "," ","0",0," "," ","0",0," "," ","0",0," "," ","0",0," "," ","0",0," "," ","0",0," "," ","0",0," "," ","0",0," "," ","0",0," "," ","0"
"1888","USC00413787",1973,10,"WT03",NA," "," "," ",NA," "," "," ",NA," "," "," ",NA," "," "," ",NA," "," "," ",NA," "," "," ",NA," "," "," ",NA," "," "," ",NA," "," "," ",NA," "," "," ",1," "," ","0",NA," "," "," ",NA," "," "," ",NA," "," "," ",NA," "," "," ",NA," "," "," ",NA," "," "," ",NA," "," "," ",NA," "," "," ",NA," "," "," ",NA," "," "," ",NA," "," "," ",NA," "," "," ",NA," "," "," ",NA," "," "," ",NA," "," "," ",NA," "," "," ",NA," "," "," ",NA," "," "," ",NA," "," "," ",NA," "," "," "
"1889","USC00413787",1973,11,"TMAX",278," "," ","0",200," "," ","0",139," "," ","0",72," "," ","0",28," "," ","0",206," "," ","0",217," "," ","0",139," "," ","0",83," "," ","0",189," "," ","0",250," "," ","0",278," "," ","0",256," "," ","0",239," "," ","0",189," "," ","0",211," "," ","0",244," "," ","0",217," "," ","0",200," "," ","0",106," "," ","0",172," "," ","0",156," "," ","0",156," "," ","0",139," "," ","0",100," "," ","0",94," "," ","0",72," "," ","0",161," "," ","0",228," "," ","0",233," "," ","0",NA," "," "," "
"1890","USC00413787",1973,11,"TMIN",22," "," ","0",6," "," ","0",-28," "," ","0",17," "," ","0",0," "," ","0",17," "," ","0",67," "," ","0",67," "," ","0",39," "," ","0",44," "," ","0",-17," "," ","0",44," "," ","0",72," "," ","0",117," "," ","0",-6," "," ","0",-11," "," ","0",50," "," ","0",-11," "," ","0",-11," "," ","0",-44," "," ","0",-83," "," ","0",-28," "," ","0",-17," "," ","0",-28," "," ","0",-56," "," ","0",-22," "," ","0",-50," "," ","0",-72," "," ","0",-22," "," ","0",6," "," ","0",NA," "," "," "
"1891","USC00413787",1973,11,"TOBS",178," "," ","0",100," "," ","0",61," "," ","0",17," "," ","0",22," "," ","0",128," "," ","0",139," "," ","0",83," "," ","0",61," "," ","0",133," "," ","0",150," "," ","0",194," "," ","0",167," "," ","0",189," "," ","0",128," "," ","0",156," "," ","0",178," "," ","0",144," "," ","0",-6," "," ","0",-6," "," ","0",133," "," ","0",94," "," ","0",111," "," ","0",67," "," ","0",94," "," ","0",44," "," ","0",39," "," ","0",144," "," ","0",150," "," ","0",94," "," ","0",NA," "," "," "
"1892","USC00413787",1973,11,"PRCP",0," "," ","0",0," "," ","0",0," "," ","0",0,"T"," ","0",0,"T"," ","0",5," "," ","0",0," "," ","0",0,"T"," ","0",5," "," ","0",0," "," ","0",0," "," ","0",0," "," ","0",0," "," ","0",0," "," ","0",0," "," ","0",0," "," ","0",0," "," ","0",0," "," ","0",0,"T"," ","0",28," "," ","0",0," "," ","0",0," "," ","0",0,"T"," ","0",0," "," ","0",0," "," ","0",0," "," ","0",18," "," ","0",0," "," ","0",0," "," ","0",0," "," ","0",NA," "," "," "
"1893","USC00413787",1973,11,"SNOW",0," "," ","0",0," "," ","0",0," "," ","0",0," "," ","0",0," "," ","0",0," "," ","0",0," "," ","0",0," "," ","0",0," "," ","0",0," "," ","0",0," "," ","0",0," "," ","0",0," "," ","0",0," "," ","0",0," "," ","0",0," "," ","0",0," "," ","0",0," "," ","0",0," "," ","0",38," "," ","0",0," "," ","0",0," "," ","0",0," "," ","0",0," "," ","0",0," "," ","0",0," "," ","0",25," "," ","0",0," "," ","0",0," "," ","0",0," "," ","0",NA," "," "," "
"1894","USC00413787",1973,11,"SNWD",0," "," ","0",0," "," ","0",0," "," ","0",0," "," ","0",0," "," ","0",0," "," ","0",0," "," ","0",0," "," ","0",0," "," ","0",0," "," ","0",0," "," ","0",0," "," ","0",0," "," ","0",0," "," ","0",0," "," ","0",0," "," ","0",0," "," ","0",0," "," ","0",0," "," ","0",0," "," ","0",0," "," ","0",0," "," ","0",0," "," ","0",0," "," ","0",0," "," ","0",0," "," ","0",0,"T"," ","0",0," "," ","0",0," "," ","0",0," "," ","0",NA," "," "," "
"1895","USC00413787",1973,11,"WT03",NA," "," "," ",NA," "," "," ",NA," "," "," ",NA," "," "," ",NA," "," "," ",NA," "," "," ",NA," "," "," ",NA," "," "," ",NA," "," "," ",NA," "," "," ",NA," "," "," ",NA," "," "," ",NA," "," "," ",NA," "," "," ",NA," "," "," ",NA," "," "," ",NA," "," "," ",NA," "," "," ",1," "," ","0",NA," "," "," ",NA," "," "," ",NA," "," "," ",NA," "," "," ",NA," "," "," ",NA," "," "," ",NA," "," "," ",NA," "," "," ",NA," "," "," ",NA," "," "," ",NA," "," "," ",NA," "," "," "
"1896","USC00413787",1973,12,"TMAX",239," "," ","0",250," "," ","0",183," "," ","0",28," "," ","0",72," "," ","0",61," "," ","0",122," "," ","0",117," "," ","0",83," "," ","0",106," "," ","0",183," "," ","0",178," "," ","0",144," "," ","0",100," "," ","0",111," "," ","0",139," "," ","0",211," "," ","0",144," "," ","0",-22," "," ","0",67," "," ","0",172," "," ","0",206," "," ","0",111," "," ","0",0," "," ","0",67," "," ","0",39," "," ","0",94," "," ","0",183," "," ","0",100," "," ","0",61," "," ","0",-50," "," ","0"
"1897","USC00413787",1973,12,"TMIN",-22," "," ","0",39," "," ","0",-6," "," ","0",-50," "," ","0",-72," "," ","0",-94," "," ","0",-72," "," ","0",-22," "," ","0",-22," "," ","0",-67," "," ","0",-28," "," ","0",-11," "," ","0",-39," "," ","0",6," "," ","0",-33," "," ","0",-72," "," ","0",-22," "," ","0",-56," "," ","0",-117," "," ","0",-150," "," ","0",-56," "," ","0",-67," "," ","0",-56," "," ","0",-50," "," ","0",-106," "," ","0",-22," "," ","0",-111," "," ","0",-17," "," ","0",-78," "," ","0",-50," "," ","0",-183," "," ","0"
"1898","USC00413787",1973,12,"TOBS",144," "," ","0",183," "," ","0",-6," "," ","0",-39," "," ","0",6," "," ","0",11," "," ","0",89," "," ","0",78," "," ","0",39," "," ","0",61," "," ","0",100," "," ","0",117," "," ","0",94," "," ","0",61," "," ","0",56," "," ","0",100," "," ","0",144," "," ","0",-22," "," ","0",-78," "," ","0",17," "," ","0",111," "," ","0",111," "," ","0",0," "," ","0",-44," "," ","0",39," "," ","0",-17," "," ","0",83," "," ","0",89," "," ","0",61," "," ","0",-50," "," ","0",-100," "," ","0"
"1899","USC00413787",1973,12,"PRCP",0," "," ","0",0," "," ","0",97," "," ","0",127," "," ","0",0," "," ","0",0," "," ","0",0," "," ","0",0," "," ","0",0," "," ","0",0," "," ","0",0," "," ","0",0," "," ","0",0," "," ","0",0," "," ","0",0," "," ","0",0," "," ","0",0," "," ","0",0,"T"," ","0",8," "," ","0",0," "," ","0",0," "," ","0",0," "," ","0",0," "," ","0",15," "," ","0",0,"T"," ","0",0," "," ","0",0," "," ","0",0," "," ","0",0," "," ","0",0," "," ","0",43," "," ","0"
"1900","USC00413787",1973,12,"SNOW",0," "," ","0",0," "," ","0",0," "," ","0",102," "," ","0",0," "," ","0",0," "," ","0",0," "," ","0",0," "," ","0",0," "," ","0",0," "," ","0",0," "," ","0",0," "," ","0",0," "," ","0",0," "," ","0",0," "," ","0",0," "," ","0",0," "," ","0",0," "," ","0",0," "," ","0",0," "," ","0",0," "," ","0",0," "," ","0",0," "," ","0",51," "," ","0",0," "," ","0",0," "," ","0",0," "," ","0",0," "," ","0",0," "," ","0",0," "," ","0",76," "," ","0"
"1901","USC00413787",1973,12,"SNWD",0," "," ","0",0," "," ","0",0," "," ","0",76," "," ","0",0,"T"," ","0",0," "," ","0",0," "," ","0",0," "," ","0",0," "," ","0",0," "," ","0",0," "," ","0",0," "," ","0",0," "," ","0",0," "," ","0",0," "," ","0",0," "," ","0",0," "," ","0",0," "," ","0",0," "," ","0",0," "," ","0",0," "," ","0",0," "," ","0",0," "," ","0",51," "," ","0",0," "," ","0",0," "," ","0",0," "," ","0",0," "," ","0",0," "," ","0",0," "," ","0",76," "," ","0"
"1902","USC00413787",1973,12,"WT03",NA," "," "," ",NA," "," "," ",1," "," ","0",NA," "," "," ",NA," "," "," ",NA," "," "," ",NA," "," "," ",NA," "," "," ",NA," "," "," ",NA," "," "," ",NA," "," "," ",NA," "," "," ",NA," "," "," ",NA," "," "," ",NA," "," "," ",NA," "," "," ",NA," "," "," ",NA," "," "," ",NA," "," "," ",NA," "," "," ",NA," "," "," ",NA," "," "," ",NA," "," "," ",NA," "," "," ",NA," "," "," ",NA," "," "," ",NA," "," "," ",NA," "," "," ",NA," "," "," ",NA," "," "," ",NA," "," "," "
"1903","USC00413787",1974,1,"TMAX",-83," "," ","0",-83," "," ","0",-89," "," ","0",-11," "," ","0",-67," "," ","0",-17," "," ","0",67," "," ","0",44," "," ","0",-39," "," ","0",-50," "," ","0",-56," "," ","0",44," "," ","0",139," "," ","0",161," "," ","0",200," "," ","0",189," "," ","0",167," "," ","0",172," "," ","0",161," "," ","0",178," "," ","0",228," "," ","0",206," "," ","0",89," "," ","0",128," "," ","0",150," "," ","0",156," "," ","0",139," "," ","0",72," "," ","0",128," "," ","0",172," "," ","0",172," "," ","0"
"1904","USC00413787",1974,1,"TMIN",-117," "," ","0",-144," "," ","0",-161," "," ","0",-206," "," ","0",-189," "," ","0",-206," "," ","0",-144," "," ","0",-128," "," ","0",-144," "," ","0",-122," "," ","0",-161," "," ","0",-133," "," ","0",-61," "," ","0",-17," "," ","0",-28," "," ","0",-39," "," ","0",-28," "," ","0",11," "," ","0",-44," "," ","0",-22," "," ","0",44," "," ","0",-11," "," ","0",-78," "," ","0",-67," "," ","0",-56," "," ","0",-28," "," ","0",-6," "," ","0",-106," "," ","0",-50," "," ","0",-50," "," ","0",-28," "," ","0"
"1905","USC00413787",1974,1,"TOBS",-111," "," ","0",-117," "," ","0",-139," "," ","0",-122," "," ","0",-128," "," ","0",-17," "," ","0",44," "," ","0",-128," "," ","0",-50," "," ","0",-78," "," ","0",-117," "," ","0",17," "," ","0",83," "," ","0",139," "," ","0",189," "," ","0",167," "," ","0",117," "," ","0",72," "," ","0",144," "," ","0",156," "," ","0",206," "," ","0",44," "," ","0",78," "," ","0",100," "," ","0",128," "," ","0",139," "," ","0",0," "," ","0",39," "," ","0",122," "," ","0",156," "," ","0",161," "," ","0"
"1906","USC00413787",1974,1,"PRCP",69," "," ","0",0,"T"," ","0",15," "," ","0",0," "," ","0",0," "," ","0",0," "," ","0",0," "," ","0",0," "," ","0",0," "," ","0",0,"T"," ","0",0,"T"," ","0",0," "," ","0",0," "," ","0",0," "," ","0",0," "," ","0",0," "," ","0",0," "," ","0",0," "," ","0",0," "," ","0",0," "," ","0",0," "," ","0",0," "," ","0",0," "," ","0",0," "," ","0",0," "," ","0",0," "," ","0",43," "," ","0",0,"T"," ","0",0," "," ","0",0," "," ","0",0," "," ","0"
"1907","USC00413787",1974,1,"SNOW",102," "," ","0",0," "," ","0",25," "," ","0",0," "," ","0",0," "," ","0",0," "," ","0",0," "," ","0",0," "," ","0",0," "," ","0",0," "," ","0",0," "," ","0",0," "," ","0",0," "," ","0",0," "," ","0",0," "," ","0",0," "," ","0",0," "," ","0",0," "," ","0",0," "," ","0",0," "," ","0",0," "," ","0",0," "," ","0",0," "," ","0",0," "," ","0",0," "," ","0",0," "," ","0",51," "," ","0",0," "," ","0",0," "," ","0",0," "," ","0",0," "," ","0"
"1908","USC00413787",1974,1,"SNWD",102," "," ","0",102," "," ","0",102," "," ","0",102," "," ","0",102," "," ","0",76," "," ","0",51," "," ","0",51," "," ","0",51," "," ","0",51," "," ","0",25," "," ","0",0," "," ","0",0," "," ","0",0," "," ","0",0," "," ","0",0," "," ","0",0," "," ","0",0," "," ","0",0," "," ","0",0," "," ","0",0," "," ","0",0," "," ","0",0," "," ","0",0," "," ","0",0," "," ","0",0," "," ","0",51," "," ","0",0,"T"," ","0",0," "," ","0",0," "," ","0",0," "," ","0"
"1909","USC00413787",1974,2,"TMAX",167," "," ","0",150," "," ","0",133," "," ","0",194," "," ","0",200," "," ","0",183," "," ","0",44," "," ","0",72," "," ","0",144," "," ","0",167," "," ","0",200," "," ","0",217," "," ","0",206," "," ","0",189," "," ","0",178," "," ","0",189," "," ","0",217," "," ","0",200," "," ","0",183," "," ","0",167," "," ","0",100," "," ","0",150," "," ","0",150," "," ","0",72," "," ","0",172," "," ","0",233," "," ","0",256," "," ","0",233," "," ","0",NA," "," "," ",NA," "," "," ",NA," "," "," "
"1910","USC00413787",1974,2,"TMIN",0," "," ","0",-28," "," ","0",-72," "," ","0",-50," "," ","0",0," "," ","0",-94," "," ","0",-100," "," ","0",-106," "," ","0",-67," "," ","0",-22," "," ","0",-56," "," ","0",-50," "," ","0",-39," "," ","0",6," "," ","0",-22," "," ","0",-39," "," ","0",17," "," ","0",28," "," ","0",-72," "," ","0",-11," "," ","0",-11," "," ","0",-83," "," ","0",-33," "," ","0",-117," "," ","0",-117," "," ","0",-39," "," ","0",0," "," ","0",6," "," ","0",NA," "," "," ",NA," "," "," ",NA," "," "," "
"1911","USC00413787",1974,2,"TOBS",150," "," ","0",106," "," ","0",122," "," ","0",189," "," ","0",183," "," ","0",-22," "," ","0",17," "," ","0",44," "," ","0",139," "," ","0",144," "," ","0",183," "," ","0",189," "," ","0",189," "," ","0",94," "," ","0",167," "," ","0",183," "," ","0",200," "," ","0",89," "," ","0",150," "," ","0",100," "," ","0",67," "," ","0",150," "," ","0",39," "," ","0",67," "," ","0",167," "," ","0",222," "," ","0",233," "," ","0",206," "," ","0",NA," "," "," ",NA," "," "," ",NA," "," "," "
"1912","USC00413787",1974,2,"PRCP",0," "," ","0",0," "," ","0",0," "," ","0",0," "," ","0",0," "," ","0",0," "," ","0",0," "," ","0",0," "," ","0",0," "," ","0",0," "," ","0",0," "," ","0",0," "," ","0",0," "," ","0",0," "," ","0",0,"T"," ","0",0," "," ","0",0," "," ","0",0," "," ","0",0," "," ","0",0," "," ","0",0," "," ","0",0," "," ","0",0," "," ","0",0," "," ","0",0," "," ","0",0," "," ","0",0," "," ","0",0," "," ","0",NA," "," "," ",NA," "," "," ",NA," "," "," "
"1913","USC00413787",1974,2,"SNOW",0," "," ","0",0," "," ","0",0," "," ","0",0," "," ","0",0," "," ","0",0," "," ","0",0," "," ","0",0," "," ","0",0," "," ","0",0," "," ","0",0," "," ","0",0," "," ","0",0," "," ","0",0," "," ","0",0," "," ","0",0," "," ","0",0," "," ","0",0," "," ","0",0," "," ","0",0," "," ","0",0," "," ","0",0," "," ","0",0," "," ","0",0," "," ","0",0," "," ","0",0," "," ","0",0," "," ","0",0," "," ","0",NA," "," "," ",NA," "," "," ",NA," "," "," "
"1914","USC00413787",1974,2,"SNWD",0," "," ","0",0," "," ","0",0," "," ","0",0," "," ","0",0," "," ","0",0," "," ","0",0," "," ","0",0," "," ","0",0," "," ","0",0," "," ","0",0," "," ","0",0," "," ","0",0," "," ","0",0," "," ","0",0," "," ","0",0," "," ","0",0," "," ","0",0," "," ","0",0," "," ","0",0," "," ","0",0," "," ","0",0," "," ","0",0," "," ","0",0," "," ","0",0," "," ","0",0," "," ","0",0," "," ","0",0," "," ","0",NA," "," "," ",NA," "," "," ",NA," "," "," "
"1915","USC00413787",1974,3,"TMAX",283," "," ","0",272," "," ","0",267," "," ","0",267," "," ","0",233," "," ","0",267," "," ","0",272," "," ","0",250," "," ","0",233," "," ","0",50," "," ","0",183," "," ","0",194," "," ","0",183," "," ","0",167," "," ","0",150," "," ","0",206," "," ","0",267," "," ","0",250," "," ","0",233," "," ","0",122," "," ","0",150," "," ","0",178," "," ","0",161," "," ","0",106," "," ","0",211," "," ","0",283," "," ","0",278," "," ","0",261," "," ","0",267," "," ","0",294," "," ","0",294," "," ","0"
"1916","USC00413787",1974,3,"TMIN",56," "," ","0",39," "," ","0",100," "," ","0",33," "," ","0",-28," "," ","0",17," "," ","0",61," "," ","0",56," "," ","0",11," "," ","0",11," "," ","0",-6," "," ","0",0," "," ","0",33," "," ","0",22," "," ","0",11," "," ","0",-17," "," ","0",17," "," ","0",56," "," ","0",39," "," ","0",-56," "," ","0",-67," "," ","0",-11," "," ","0",-72," "," ","0",-94," "," ","0",-50," "," ","0",-17," "," ","0",56," "," ","0",72," "," ","0",72," "," ","0",17," "," ","0",122," "," ","0"
"1917","USC00413787",1974,3,"TOBS",267," "," ","0",267," "," ","0",267," "," ","0",156," "," ","0",217," "," ","0",250," "," ","0",189," "," ","0",233," "," ","0",33," "," ","0",44," "," ","0",167," "," ","0",183," "," ","0",128," "," ","0",150," "," ","0",122," "," ","0",206," "," ","0",250," "," ","0",233," "," ","0",122," "," ","0",-17," "," ","0",150," "," ","0",161," "," ","0",-28," "," ","0",106," "," ","0",206," "," ","0",267," "," ","0",261," "," ","0",261," "," ","0",228," "," ","0",294," "," ","0",261," "," ","0"
"1918","USC00413787",1974,3,"PRCP",0," "," ","0",0," "," ","0",0," "," ","0",0," "," ","0",0," "," ","0",0," "," ","0",0,"T"," ","0",0,"T"," ","0",137," "," ","0",259," "," ","0",0," "," ","0",0," "," ","0",0," "," ","0",0," "," ","0",0," "," ","0",0," "," ","0",0," "," ","0",0," "," ","0",0," "," ","0",0,"T"," ","0",0," "," ","0",0," "," ","0",0,"T"," ","0",0," "," ","0",0," "," ","0",0," "," ","0",0," "," ","0",0," "," ","0",0," "," ","0",0," "," ","0",0," "," ","0"
"1919","USC00413787",1974,3,"SNOW",0," "," ","0",0," "," ","0",0," "," ","0",0," "," ","0",0," "," ","0",0," "," ","0",0," "," ","0",0," "," ","0",0," "," ","0",0," "," ","0",0," "," ","0",0," "," ","0",0," "," ","0",0," "," ","0",0," "," ","0",0," "," ","0",0," "," ","0",0," "," ","0",0," "," ","0",0," "," ","0",0," "," ","0",0," "," ","0",0," "," ","0",0," "," ","0",0," "," ","0",0," "," ","0",0," "," ","0",0," "," ","0",0," "," ","0",0," "," ","0",0," "," ","0"
"1920","USC00413787",1974,3,"SNWD",0," "," ","0",0," "," ","0",0," "," ","0",0," "," ","0",0," "," ","0",0," "," ","0",0," "," ","0",0," "," ","0",0," "," ","0",0," "," ","0",0," "," ","0",0," "," ","0",0," "," ","0",0," "," ","0",0," "," ","0",0," "," ","0",0," "," ","0",0," "," ","0",0," "," ","0",0," "," ","0",0," "," ","0",0," "," ","0",0," "," ","0",0," "," ","0",0," "," ","0",0," "," ","0",0," "," ","0",0," "," ","0",0," "," ","0",0," "," ","0",0," "," ","0"
"1921","USC00413787",1974,3,"WT03",NA," "," "," ",NA," "," "," ",NA," "," "," ",NA," "," "," ",NA," "," "," ",NA," "," "," ",1," "," ","0",NA," "," "," ",1," "," ","0",1," "," ","0",NA," "," "," ",NA," "," "," ",NA," "," "," ",NA," "," "," ",NA," "," "," ",NA," "," "," ",NA," "," "," ",NA," "," "," ",NA," "," "," ",NA," "," "," ",NA," "," "," ",NA," "," "," ",NA," "," "," ",NA," "," "," ",NA," "," "," ",NA," "," "," ",NA," "," "," ",NA," "," "," ",NA," "," "," ",NA," "," "," ",NA," "," "," "
"1922","USC00413787",1974,4,"TMAX",261," "," ","0",239," "," ","0",194," "," ","0",128," "," ","0",211," "," ","0",283," "," ","0",272," "," ","0",217," "," ","0",244," "," ","0",272," "," ","0",244," "," ","0",244," "," ","0",244," "," ","0",156," "," ","0",222," "," ","0",217," "," ","0",278," "," ","0",289," "," ","0",278," "," ","0",244," "," ","0",278," "," ","0",256," "," ","0",289," "," ","0",294," "," ","0",311," "," ","0",311," "," ","0",322," "," ","0",289," "," ","0",233," "," ","0",211," "," ","0",NA," "," "," "
"1923","USC00413787",1974,4,"TMIN",39," "," ","0",72," "," ","0",17," "," ","0",-22," "," ","0",-22," "," ","0",56," "," ","0",78," "," ","0",0," "," ","0",44," "," ","0",111," "," ","0",44," "," ","0",11," "," ","0",67," "," ","0",11," "," ","0",-17," "," ","0",-33," "," ","0",61," "," ","0",39," "," ","0",106," "," ","0",122," "," ","0",61," "," ","0",78," "," ","0",44," "," ","0",117," "," ","0",144," "," ","0",133," "," ","0",144," "," ","0",150," "," ","0",94," "," ","0",89," "," ","0",NA," "," "," "
"1924","USC00413787",1974,4,"TOBS",211," "," ","0",183," "," ","0",28," "," ","0",122," "," ","0",211," "," ","0",272," "," ","0",150," "," ","0",211," "," ","0",228," "," ","0",244," "," ","0",144," "," ","0",244," "," ","0",72," "," ","0",144," "," ","0",211," "," ","0",194," "," ","0",272," "," ","0",278," "," ","0",217," "," ","0",239," "," ","0",256," "," ","0",228," "," ","0",239," "," ","0",283," "," ","0",211," "," ","0",267," "," ","0",278," "," ","0",233," "," ","0",172," "," ","0",206," "," ","0",NA," "," "," "
"1925","USC00413787",1974,4,"PRCP",0," "," ","0",0," "," ","0",18," "," ","0",0," "," ","0",0," "," ","0",0," "," ","0",0," "," ","0",0," "," ","0",0," "," ","0",0," "," ","0",0," "," ","0",0," "," ","0",0," "," ","0",0," "," ","0",0," "," ","0",0," "," ","0",0," "," ","0",0," "," ","0",69," "," ","0",0," "," ","0",0," "," ","0",0," "," ","0",0," "," ","0",0," "," ","0",0," "," ","0",25," "," ","0",0," "," ","0",0," "," ","0",0," "," ","0",0," "," ","0",NA," "," "," "
"1926","USC00413787",1974,4,"SNOW",0," "," ","0",0," "," ","0",0," "," ","0",0," "," ","0",0," "," ","0",0," "," ","0",0," "," ","0",0," "," ","0",0," "," ","0",0," "," ","0",0," "," ","0",0," "," ","0",0," "," ","0",0," "," ","0",0," "," ","0",0," "," ","0",0," "," ","0",0," "," ","0",0," "," ","0",0," "," ","0",0," "," ","0",0," "," ","0",0," "," ","0",0," "," ","0",0," "," ","0",0," "," ","0",0," "," ","0",0," "," ","0",0," "," ","0",0," "," ","0",NA," "," "," "
"1927","USC00413787",1974,4,"SNWD",0," "," ","0",0," "," ","0",0," "," ","0",0," "," ","0",0," "," ","0",0," "," ","0",0," "," ","0",0," "," ","0",0," "," ","0",0," "," ","0",0," "," ","0",0," "," ","0",0," "," ","0",0," "," ","0",0," "," ","0",0," "," ","0",0," "," ","0",0," "," ","0",0," "," ","0",0," "," ","0",0," "," ","0",0," "," ","0",0," "," ","0",0," "," ","0",0," "," ","0",0," "," ","0",0," "," ","0",0," "," ","0",0," "," ","0",0," "," ","0",NA," "," "," "
"1928","USC00413787",1974,4,"WT03",NA," "," "," ",NA," "," "," ",NA," "," "," ",NA," "," "," ",NA," "," "," ",NA," "," "," ",NA," "," "," ",NA," "," "," ",NA," "," "," ",NA," "," "," ",NA," "," "," ",NA," "," "," ",NA," "," "," ",NA," "," "," ",NA," "," "," ",NA," "," "," ",NA," "," "," ",NA," "," "," ",1," "," ","0",NA," "," "," ",NA," "," "," ",NA," "," "," ",NA," "," "," ",NA," "," "," ",NA," "," "," ",NA," "," "," ",NA," "," "," ",NA," "," "," ",NA," "," "," ",NA," "," "," ",NA," "," "," "
"1929","USC00413787",1974,4,"WT05",NA," "," "," ",NA," "," "," ",NA," "," "," ",NA," "," "," ",NA," "," "," ",NA," "," "," ",NA," "," "," ",NA," "," "," ",NA," "," "," ",NA," "," "," ",NA," "," "," ",NA," "," "," ",NA," "," "," ",NA," "," "," ",NA," "," "," ",NA," "," "," ",NA," "," "," ",NA," "," "," ",NA," "," "," ",NA," "," "," ",NA," "," "," ",NA," "," "," ",NA," "," "," ",NA," "," "," ",NA," "," "," ",1," "," ","0",NA," "," "," ",NA," "," "," ",NA," "," "," ",NA," "," "," ",NA," "," "," "
"1930","USC00413787",1974,5,"TMAX",239," "," ","0",333," "," ","0",322," "," ","0",283," "," ","0",267," "," ","0",267," "," ","0",317," "," ","0",344," "," ","0",356," "," ","0",361," "," ","0",333," "," ","0",328," "," ","0",350," "," ","0",328," "," ","0",372," "," ","0",367," "," ","0",372," "," ","0",378," "," ","0",350," "," ","0",322," "," ","0",306," "," ","0",306," "," ","0",356," "," ","0",311," "," ","0",267," "," ","0",283," "," ","0",367," "," ","0",400," "," ","0",389," "," ","0",361," "," ","0",322," "," ","0"
"1931","USC00413787",1974,5,"TMIN",100," "," ","0",72," "," ","0",72," "," ","0",89," "," ","0",67," "," ","0",50," "," ","0",100," "," ","0",89," "," ","0",128," "," ","0",128," "," ","0",111," "," ","0",128," "," ","0",222," "," ","0",94," "," ","0",72," "," ","0",122," "," ","0",111," "," ","0",139," "," ","0",189," "," ","0",172," "," ","0",83," "," ","0",78," "," ","0",139," "," ","0",156," "," ","0",128," "," ","0",100," "," ","0",144," "," ","0",194," "," ","0",183," "," ","0",128," "," ","0",122," "," ","0"
"1932","USC00413787",1974,5,"TOBS",211," "," ","0",322," "," ","0",239," "," ","0",239," "," ","0",256," "," ","0",256," "," ","0",278," "," ","0",328," "," ","0",317," "," ","0",333," "," ","0",278," "," ","0",311," "," ","0",328," "," ","0",267," "," ","0",361," "," ","0",344," "," ","0",367," "," ","0",350," "," ","0",322," "," ","0",306," "," ","0",294," "," ","0",283," "," ","0",311," "," ","0",233," "," ","0",256," "," ","0",283," "," ","0",361," "," ","0",389," "," ","0",322," "," ","0",322," "," ","0",217," "," ","0"
"1933","USC00413787",1974,5,"PRCP",0,"T"," ","0",0," "," ","0",0," "," ","0",0," "," ","0",0," "," ","0",0," "," ","0",0," "," ","0",0," "," ","0",0," "," ","0",0," "," ","0",0," "," ","0",0," "," ","0",0,"T"," ","0",0," "," ","0",0," "," ","0",0," "," ","0",0," "," ","0",20," "," ","0",0," "," ","0",53," "," ","0",0," "," ","0",0," "," ","0",0," "," ","0",0,"T"," ","0",36," "," ","0",0," "," ","0",0," "," ","0",0," "," ","0",0," "," ","0",0," "," ","0",0," "," ","0"
"1934","USC00413787",1974,5,"SNOW",0," "," ","0",0," "," ","0",0," "," ","0",0," "," ","0",0," "," ","0",0," "," ","0",0," "," ","0",0," "," ","0",0," "," ","0",0," "," ","0",0," "," ","0",0," "," ","0",0," "," ","0",0," "," ","0",0," "," ","0",0," "," ","0",0," "," ","0",0," "," ","0",0," "," ","0",0," "," ","0",0," "," ","0",0," "," ","0",0," "," ","0",0," "," ","0",0," "," ","0",0," "," ","0",0," "," ","0",0," "," ","0",0," "," ","0",0," "," ","0",0," "," ","0"
"1935","USC00413787",1974,5,"SNWD",0," "," ","0",0," "," ","0",0," "," ","0",0," "," ","0",0," "," ","0",0," "," ","0",0," "," ","0",0," "," ","0",0," "," ","0",0," "," ","0",0," "," ","0",0," "," ","0",0," "," ","0",0," "," ","0",0," "," ","0",0," "," ","0",0," "," ","0",0," "," ","0",0," "," ","0",0," "," ","0",0," "," ","0",0," "," ","0",0," "," ","0",0," "," ","0",0," "," ","0",0," "," ","0",0," "," ","0",0," "," ","0",0," "," ","0",0," "," ","0",0," "," ","0"
"1936","USC00413787",1974,5,"WT03",NA," "," "," ",NA," "," "," ",NA," "," "," ",NA," "," "," ",NA," "," "," ",NA," "," "," ",NA," "," "," ",NA," "," "," ",NA," "," "," ",NA," "," "," ",NA," "," "," ",NA," "," "," ",NA," "," "," ",NA," "," "," ",NA," "," "," ",NA," "," "," ",NA," "," "," ",1," "," ","0",NA," "," "," ",1," "," ","0",NA," "," "," ",NA," "," "," ",NA," "," "," ",NA," "," "," ",NA," "," "," ",NA," "," "," ",NA," "," "," ",NA," "," "," ",NA," "," "," ",NA," "," "," ",NA," "," "," "
"1937","USC00413787",1974,5,"WT05",NA," "," "," ",NA," "," "," ",NA," "," "," ",NA," "," "," ",NA," "," "," ",NA," "," "," ",NA," "," "," ",NA," "," "," ",NA," "," "," ",NA," "," "," ",NA," "," "," ",NA," "," "," ",1," "," ","0",NA," "," "," ",NA," "," "," ",NA," "," "," ",NA," "," "," ",NA," "," "," ",NA," "," "," ",NA," "," "," ",NA," "," "," ",NA," "," "," ",NA," "," "," ",NA," "," "," ",NA," "," "," ",NA," "," "," ",NA," "," "," ",NA," "," "," ",NA," "," "," ",NA," "," "," ",NA," "," "," "
"1938","USC00413787",1974,6,"TMAX",311," "," ","0",311," "," ","0",306," "," ","0",333," "," ","0",356," "," ","0",344," "," ","0",250," "," ","0",239," "," ","0",256," "," ","0",322," "," ","0",317," "," ","0",300," "," ","0",372," "," ","0",367," "," ","0",406," "," ","0",356," "," ","0",394," "," ","0",411," "," ","0",417," "," ","0",383," "," ","0",417," "," ","0",389," "," ","0",333," "," ","0",294," "," ","0",322," "," ","0",328," "," ","0",361," "," ","0",372," "," ","0",411," "," ","0",383," "," ","0",NA," "," "," "
"1939","USC00413787",1974,6,"TMIN",94," "," ","0",100," "," ","0",117," "," ","0",117," "," ","0",156," "," ","0",161," "," ","0",111," "," ","0",139," "," ","0",100," "," ","0",89," "," ","0",117," "," ","0",117," "," ","0",156," "," ","0",167," "," ","0",144," "," ","0",156," "," ","0",167," "," ","0",178," "," ","0",172," "," ","0",206," "," ","0",200," "," ","0",206," "," ","0",172," "," ","0",144," "," ","0",150," "," ","0",139," "," ","0",128," "," ","0",183," "," ","0",178," "," ","0",228," "," ","0",NA," "," "," "
"1940","USC00413787",1974,6,"TOBS",256," "," ","0",289," "," ","0",278," "," ","0",328," "," ","0",344," "," ","0",200," "," ","0",183," "," ","0",239," "," ","0",250," "," ","0",317," "," ","0",261," "," ","0",283," "," ","0",350," "," ","0",356," "," ","0",356," "," ","0",322," "," ","0",389," "," ","0",394," "," ","0",356," "," ","0",367," "," ","0",389," "," ","0",333," "," ","0",261," "," ","0",250," "," ","0",300," "," ","0",317," "," ","0",344," "," ","0",356," "," ","0",372," "," ","0",372," "," ","0",NA," "," "," "
"1941","USC00413787",1974,6,"PRCP",0," "," ","0",43," "," ","0",64," "," ","0",188," "," ","0",0," "," ","0",10," "," ","0",46," "," ","0",66," "," ","0",0," "," ","0",0," "," ","0",0," "," ","0",0,"T"," ","0",0," "," ","0",0,"T"," ","0",0," "," ","0",0," "," ","0",0,"T"," ","0",0," "," ","0",0," "," ","0",102," "," ","0",0," "," ","0",0," "," ","0",0," "," ","0",66," "," ","0",0," "," ","0",0," "," ","0",0," "," ","0",0," "," ","0",0," "," ","0",0," "," ","0",NA," "," "," "
"1942","USC00413787",1974,6,"SNOW",0," "," ","0",0," "," ","0",0," "," ","0",0," "," ","0",0," "," ","0",0," "," ","0",0," "," ","0",0," "," ","0",0," "," ","0",0," "," ","0",0," "," ","0",0," "," ","0",0," "," ","0",0," "," ","0",0," "," ","0",0," "," ","0",0," "," ","0",0," "," ","0",0," "," ","0",0," "," ","0",0," "," ","0",0," "," ","0",0," "," ","0",0," "," ","0",0," "," ","0",0," "," ","0",0," "," ","0",0," "," ","0",0," "," ","0",0," "," ","0",NA," "," "," "
"1943","USC00413787",1974,6,"SNWD",0," "," ","0",0," "," ","0",0," "," ","0",0," "," ","0",0," "," ","0",0," "," ","0",0," "," ","0",0," "," ","0",0," "," ","0",0," "," ","0",0," "," ","0",0," "," ","0",0," "," ","0",0," "," ","0",0," "," ","0",0," "," ","0",0," "," ","0",0," "," ","0",0," "," ","0",0," "," ","0",0," "," ","0",0," "," ","0",0," "," ","0",0," "," ","0",0," "," ","0",0," "," ","0",0," "," ","0",0," "," ","0",0," "," ","0",0," "," ","0",NA," "," "," "
"1944","USC00413787",1974,6,"WT03",NA," "," "," ",1," "," ","0",1," "," ","0",1," "," ","0",NA," "," "," ",NA," "," "," ",1," "," ","0",1," "," ","0",NA," "," "," ",NA," "," "," ",NA," "," "," ",1," "," ","0",NA," "," "," ",NA," "," "," ",NA," "," "," ",NA," "," "," ",NA," "," "," ",NA," "," "," ",NA," "," "," ",1," "," ","0",NA," "," "," ",1," "," ","0",NA," "," "," ",1," "," ","0",NA," "," "," ",NA," "," "," ",NA," "," "," ",NA," "," "," ",NA," "," "," ",NA," "," "," ",NA," "," "," "
"1945","USC00413787",1974,7,"TMAX",378," "," ","0",378," "," ","0",378," "," ","0",383," "," ","0",372," "," ","0",367," "," ","0",367," "," ","0",361," "," ","0",350," "," ","0",361," "," ","0",372," "," ","0",383," "," ","0",372," "," ","0",372," "," ","0",394," "," ","0",383," "," ","0",372," "," ","0",372," "," ","0",378," "," ","0",378," "," ","0",400," "," ","0",400," "," ","0",372," "," ","0",422," "," ","0",411," "," ","0",400," "," ","0",400," "," ","0",389," "," ","0",339," "," ","0",339," "," ","0",356," "," ","0"
"1946","USC00413787",1974,7,"TMIN",206," "," ","0",222," "," ","0",222," "," ","0",178," "," ","0",150," "," ","0",189," "," ","0",222," "," ","0",200," "," ","0",189," "," ","0",172," "," ","0",217," "," ","0",194," "," ","0",194," "," ","0",178," "," ","0",178," "," ","0",172," "," ","0",183," "," ","0",178," "," ","0",172," "," ","0",183," "," ","0",194," "," ","0",217," "," ","0",217," "," ","0",200," "," ","0",178," "," ","0",161," "," ","0",161," "," ","0",178," "," ","0",172," "," ","0",150," "," ","0",167," "," ","0"
"1947","USC00413787",1974,7,"TOBS",372," "," ","0",372," "," ","0",378," "," ","0",350," "," ","0",350," "," ","0",367," "," ","0",350," "," ","0",333," "," ","0",317," "," ","0",350," "," ","0",361," "," ","0",372," "," ","0",339," "," ","0",367," "," ","0",317," "," ","0",367," "," ","0",361," "," ","0",356," "," ","0",344," "," ","0",367," "," ","0",394," "," ","0",372," "," ","0",344," "," ","0",411," "," ","0",344," "," ","0",389," "," ","0",367," "," ","0",339," "," ","0",206," "," ","0",328," "," ","0",339," "," ","0"
"1948","USC00413787",1974,7,"PRCP",0," "," ","0",0," "," ","0",0," "," ","0",0," "," ","0",0," "," ","0",0," "," ","0",0," "," ","0",0," "," ","0",33," "," ","0",0," "," ","0",0," "," ","0",0," "," ","0",0," "," ","0",0," "," ","0",0," "," ","0",0," "," ","0",0," "," ","0",0," "," ","0",0," "," ","0",0," "," ","0",0," "," ","0",0," "," ","0",0," "," ","0",0," "," ","0",28," "," ","0",0," "," ","0",0," "," ","0",0," "," ","0",33," "," ","0",0," "," ","0",0," "," ","0"
"1949","USC00413787",1974,7,"SNOW",0," "," ","0",0," "," ","0",0," "," ","0",0," "," ","0",0," "," ","0",0," "," ","0",0," "," ","0",0," "," ","0",0," "," ","0",0," "," ","0",0," "," ","0",0," "," ","0",0," "," ","0",0," "," ","0",0," "," ","0",0," "," ","0",0," "," ","0",0," "," ","0",0," "," ","0",0," "," ","0",0," "," ","0",0," "," ","0",0," "," ","0",0," "," ","0",0," "," ","0",0," "," ","0",0," "," ","0",0," "," ","0",0," "," ","0",0," "," ","0",0," "," ","0"
"1950","USC00413787",1974,7,"SNWD",0," "," ","0",0," "," ","0",0," "," ","0",0," "," ","0",0," "," ","0",0," "," ","0",0," "," ","0",0," "," ","0",0," "," ","0",0," "," ","0",0," "," ","0",0," "," ","0",0," "," ","0",0," "," ","0",0," "," ","0",0," "," ","0",0," "," ","0",0," "," ","0",0," "," ","0",0," "," ","0",0," "," ","0",0," "," ","0",0," "," ","0",0," "," ","0",0," "," ","0",0," "," ","0",0," "," ","0",0," "," ","0",0," "," ","0",0," "," ","0",0," "," ","0"
"1951","USC00413787",1974,7,"WT03",NA," "," "," ",NA," "," "," ",NA," "," "," ",NA," "," "," ",NA," "," "," ",NA," "," "," ",NA," "," "," ",NA," "," "," ",NA," "," "," ",NA," "," "," ",NA," "," "," ",NA," "," "," ",NA," "," "," ",NA," "," "," ",NA," "," "," ",NA," "," "," ",NA," "," "," ",NA," "," "," ",NA," "," "," ",NA," "," "," ",NA," "," "," ",NA," "," "," ",NA," "," "," ",NA," "," "," ",1," "," ","0",NA," "," "," ",NA," "," "," ",NA," "," "," ",1," "," ","0",NA," "," "," ",NA," "," "," "
"1952","USC00413787",1974,8,"TMAX",344," "," ","0",317," "," ","0",294," "," ","0",283," "," ","0",328," "," ","0",272," "," ","0",311," "," ","0",317," "," ","0",322," "," ","0",311," "," ","0",306," "," ","0",306," "," ","0",361," "," ","0",361," "," ","0",372," "," ","0",383," "," ","0",378," "," ","0",372," "," ","0",367," "," ","0",350," "," ","0",333," "," ","0",278," "," ","0",239," "," ","0",256," "," ","0",283," "," ","0",311," "," ","0",300," "," ","0",244," "," ","0",306," "," ","0",322," "," ","0",317," "," ","0"
"1953","USC00413787",1974,8,"TMIN",156," "," ","0",150," "," ","0",144," "," ","0",156," "," ","0",161," "," ","0",133," "," ","0",144," "," ","0",161," "," ","0",156," "," ","0",161," "," ","0",150," "," ","0",161," "," ","0",183," "," ","0",194," "," ","0",200," "," ","0",217," "," ","0",183," "," ","0",161," "," ","0",200," "," ","0",211," "," ","0",183," "," ","0",172," "," ","0",161," "," ","0",156," "," ","0",156," "," ","0",167," "," ","0",172," "," ","0",156," "," ","0",144," "," ","0",161," "," ","0",144," "," ","0"
"1954","USC00413787",1974,8,"TOBS",278," "," ","0",294," "," ","0",183," "," ","0",267," "," ","0",256," "," ","0",250," "," ","0",278," "," ","0",250," "," ","0",311," "," ","0",294," "," ","0",289," "," ","0",294," "," ","0",339," "," ","0",356," "," ","0",367," "," ","0",372," "," ","0",350," "," ","0",328," "," ","0",344," "," ","0",328," "," ","0",278," "," ","0",189," "," ","0",233," "," ","0",239," "," ","0",256," "," ","0",300," "," ","0",211," "," ","0",222," "," ","0",289," "," ","0",317," "," ","0",289," "," ","0"
"1955","USC00413787",1974,8,"PRCP",58," "," ","0",0," "," ","0",53," "," ","0",0," "," ","0",0," "," ","0",10," "," ","0",0," "," ","0",79," "," ","0",165," "," ","0",58," "," ","0",8," "," ","0",0," "," ","0",0," "," ","0",36," "," ","0",0," "," ","0",0,"T"," ","0",0," "," ","0",0," "," ","0",0," "," ","0",0," "," ","0",43," "," ","0",84," "," ","0",185," "," ","0",58," "," ","0",0,"T"," ","0",0," "," ","0",0," "," ","0",86," "," ","0",0," "," ","0",0," "," ","0",0," "," ","0"
"1956","USC00413787",1974,8,"SNOW",0," "," ","0",0," "," ","0",0," "," ","0",0," "," ","0",0," "," ","0",0," "," ","0",0," "," ","0",0," "," ","0",0," "," ","0",0," "," ","0",0," "," ","0",0," "," ","0",0," "," ","0",0," "," ","0",0," "," ","0",0," "," ","0",0," "," ","0",0," "," ","0",0," "," ","0",0," "," ","0",0," "," ","0",0," "," ","0",0," "," ","0",0," "," ","0",0," "," ","0",0," "," ","0",0," "," ","0",0," "," ","0",0," "," ","0",0," "," ","0",0," "," ","0"
"1957","USC00413787",1974,8,"SNWD",0," "," ","0",0," "," ","0",0," "," ","0",0," "," ","0",0," "," ","0",0," "," ","0",0," "," ","0",0," "," ","0",0," "," ","0",0," "," ","0",0," "," ","0",0," "," ","0",0," "," ","0",0," "," ","0",0," "," ","0",0," "," ","0",0," "," ","0",0," "," ","0",0," "," ","0",0," "," ","0",0," "," ","0",0," "," ","0",0," "," ","0",0," "," ","0",0," "," ","0",0," "," ","0",0," "," ","0",0," "," ","0",0," "," ","0",0," "," ","0",0," "," ","0"
"1958","USC00413787",1974,8,"WT03",1," "," ","0",NA," "," "," ",NA," "," "," ",NA," "," "," ",NA," "," "," ",NA," "," "," ",NA," "," "," ",1," "," ","0",1," "," ","0",1," "," ","0",NA," "," "," ",NA," "," "," ",NA," "," "," ",1," "," ","0",NA," "," "," ",NA," "," "," ",NA," "," "," ",NA," "," "," ",NA," "," "," ",NA," "," "," ",1," "," ","0",NA," "," "," ",NA," "," "," ",1," "," ","0",NA," "," "," ",NA," "," "," ",NA," "," "," ",NA," "," "," ",NA," "," "," ",NA," "," "," ",NA," "," "," "
"1959","USC00413787",1974,9,"TMAX",289," "," ","0",233," "," ","0",222," "," ","0",261," "," ","0",300," "," ","0",328," "," ","0",322," "," ","0",344," "," ","0",339," "," ","0",350," "," ","0",339," "," ","0",322," "," ","0",200," "," ","0",194," "," ","0",233," "," ","0",239," "," ","0",283," "," ","0",289," "," ","0",317," "," ","0",283," "," ","0",228," "," ","0",211," "," ","0",172," "," ","0",133," "," ","0",289," "," ","0",311," "," ","0",294," "," ","0",211," "," ","0",278," "," ","0",283," "," ","0",NA," "," "," "
"1960","USC00413787",1974,9,"TMIN",133," "," ","0",83," "," ","0",39," "," ","0",72," "," ","0",94," "," ","0",139," "," ","0",106," "," ","0",122," "," ","0",139," "," ","0",128," "," ","0",167," "," ","0",78," "," ","0",78," "," ","0",78," "," ","0",106," "," ","0",133," "," ","0",156," "," ","0",111," "," ","0",161," "," ","0",128," "," ","0",72," "," ","0",78," "," ","0",89," "," ","0",89," "," ","0",67," "," ","0",67," "," ","0",89," "," ","0",61," "," ","0",56," "," ","0",72," "," ","0",NA," "," "," "
"1961","USC00413787",1974,9,"TOBS",233," "," ","0",133," "," ","0",206," "," ","0",256," "," ","0",267," "," ","0",317," "," ","0",317," "," ","0",322," "," ","0",333," "," ","0",333," "," ","0",322," "," ","0",156," "," ","0",172," "," ","0",178," "," ","0",189," "," ","0",217," "," ","0",189," "," ","0",250," "," ","0",283," "," ","0",194," "," ","0",211," "," ","0",172," "," ","0",122," "," ","0",133," "," ","0",272," "," ","0",294," "," ","0",200," "," ","0",117," "," ","0",261," "," ","0",194," "," ","0",NA," "," "," "
"1962","USC00413787",1974,9,"PRCP",13," "," ","0",8," "," ","0",0," "," ","0",0," "," ","0",0," "," ","0",0," "," ","0",0," "," ","0",0," "," ","0",0," "," ","0",0," "," ","0",0," "," ","0",0," "," ","0",0," "," ","0",0," "," ","0",0," "," ","0",0," "," ","0",0," "," ","0",0," "," ","0",0," "," ","0",56," "," ","0",0," "," ","0",0," "," ","0",0," "," ","0",5," "," ","0",0," "," ","0",0," "," ","0",0," "," ","0",41," "," ","0",0," "," ","0",0," "," ","0",NA," "," "," "
"1963","USC00413787",1974,9,"SNOW",0," "," ","0",0," "," ","0",0," "," ","0",0," "," ","0",0," "," ","0",0," "," ","0",0," "," ","0",0," "," ","0",0," "," ","0",0," "," ","0",0," "," ","0",0," "," ","0",0," "," ","0",0," "," ","0",0," "," ","0",0," "," ","0",0," "," ","0",0," "," ","0",0," "," ","0",0," "," ","0",0," "," ","0",0," "," ","0",0," "," ","0",0," "," ","0",0," "," ","0",0," "," ","0",0," "," ","0",0," "," ","0",0," "," ","0",0," "," ","0",NA," "," "," "
"1964","USC00413787",1974,9,"SNWD",0," "," ","0",0," "," ","0",0," "," ","0",0," "," ","0",0," "," ","0",0," "," ","0",0," "," ","0",0," "," ","0",0," "," ","0",0," "," ","0",0," "," ","0",0," "," ","0",0," "," ","0",0," "," ","0",0," "," ","0",0," "," ","0",0," "," ","0",0," "," ","0",0," "," ","0",0," "," ","0",0," "," ","0",0," "," ","0",0," "," ","0",0," "," ","0",0," "," ","0",0," "," ","0",0," "," ","0",0," "," ","0",0," "," ","0",0," "," ","0",NA," "," "," "
"1965","USC00413787",1974,9,"WT03",1," "," ","0",NA," "," "," ",NA," "," "," ",NA," "," "," ",NA," "," "," ",NA," "," "," ",NA," "," "," ",NA," "," "," ",NA," "," "," ",NA," "," "," ",NA," "," "," ",NA," "," "," ",NA," "," "," ",NA," "," "," ",NA," "," "," ",NA," "," "," ",NA," "," "," ",NA," "," "," ",NA," "," "," ",NA," "," "," ",NA," "," "," ",NA," "," "," ",NA," "," "," ",NA," "," "," ",NA," "," "," ",NA," "," "," ",NA," "," "," ",NA," "," "," ",NA," "," "," ",NA," "," "," ",NA," "," "," "
"1966","USC00413787",1974,10,"TMAX",294," "," ","0",261," "," ","0",278," "," ","0",311," "," ","0",317," "," ","0",267," "," ","0",128," "," ","0",289," "," ","0",289," "," ","0",289," "," ","0",278," "," ","0",233," "," ","0",183," "," ","0",178," "," ","0",183," "," ","0",267," "," ","0",300," "," ","0",283," "," ","0",233," "," ","0",261," "," ","0",233," "," ","0",222," "," ","0",200," "," ","0",233," "," ","0",217," "," ","0",206," "," ","0",178," "," ","0",206," "," ","0",239," "," ","0",189," "," ","0",178," "," ","0"
"1967","USC00413787",1974,10,"TMIN",89," "," ","0",56," "," ","0",106," "," ","0",144," "," ","0",156," "," ","0",67," "," ","0",61," "," ","0",44," "," ","0",72," "," ","0",128," "," ","0",139," "," ","0",83," "," ","0",67," "," ","0",72," "," ","0",-11," "," ","0",50," "," ","0",72," "," ","0",50," "," ","0",28," "," ","0",67," "," ","0",94," "," ","0",122," "," ","0",128," "," ","0",94," "," ","0",94," "," ","0",44," "," ","0",83," "," ","0",61," "," ","0",39," "," ","0",94," "," ","0",50," "," ","0"
"1968","USC00413787",1974,10,"TOBS",239," "," ","0",244," "," ","0",256," "," ","0",239," "," ","0",267," "," ","0",100," "," ","0",128," "," ","0",250," "," ","0",256," "," ","0",244," "," ","0",233," "," ","0",83," "," ","0",178," "," ","0",89," "," ","0",178," "," ","0",250," "," ","0",267," "," ","0",233," "," ","0",222," "," ","0",233," "," ","0",211," "," ","0",167," "," ","0",167," "," ","0",217," "," ","0",150," "," ","0",178," "," ","0",139," "," ","0",156," "," ","0",189," "," ","0",128," "," ","0",128," "," ","0"
"1969","USC00413787",1974,10,"PRCP",0," "," ","0",0," "," ","0",0," "," ","0",0," "," ","0",0," "," ","0",13," "," ","0",20," "," ","0",0," "," ","0",0," "," ","0",0," "," ","0",30," "," ","0",30," "," ","0",114," "," ","0",0," "," ","0",0," "," ","0",0," "," ","0",0," "," ","0",0," "," ","0",0," "," ","0",0," "," ","0",0," "," ","0",0," "," ","0",30," "," ","0",0," "," ","0",0," "," ","0",0," "," ","0",0," "," ","0",66," "," ","0",0," "," ","0",229," "," ","0",0," "," ","0"
"1970","USC00413787",1974,10,"SNOW",0," "," ","0",0," "," ","0",0," "," ","0",0," "," ","0",0," "," ","0",0," "," ","0",0," "," ","0",0," "," ","0",0," "," ","0",0," "," ","0",0," "," ","0",0," "," ","0",0," "," ","0",0," "," ","0",0," "," ","0",0," "," ","0",0," "," ","0",0," "," ","0",0," "," ","0",0," "," ","0",0," "," ","0",0," "," ","0",0," "," ","0",0," "," ","0",0," "," ","0",0," "," ","0",0," "," ","0",0," "," ","0",0," "," ","0",0," "," ","0",0," "," ","0"
"1971","USC00413787",1974,10,"SNWD",0," "," ","0",0," "," ","0",0," "," ","0",0," "," ","0",0," "," ","0",0," "," ","0",0," "," ","0",0," "," ","0",0," "," ","0",0," "," ","0",0," "," ","0",0," "," ","0",0," "," ","0",0," "," ","0",0," "," ","0",0," "," ","0",0," "," ","0",0," "," ","0",0," "," ","0",0," "," ","0",0," "," ","0",0," "," ","0",0," "," ","0",0," "," ","0",0," "," ","0",0," "," ","0",0," "," ","0",0," "," ","0",0," "," ","0",0," "," ","0",0," "," ","0"
"1972","USC00413787",1974,10,"WT03",NA," "," "," ",NA," "," "," ",NA," "," "," ",NA," "," "," ",NA," "," "," ",NA," "," "," ",NA," "," "," ",NA," "," "," ",NA," "," "," ",NA," "," "," ",1," "," ","0",NA," "," "," ",NA," "," "," ",NA," "," "," ",NA," "," "," ",NA," "," "," ",NA," "," "," ",NA," "," "," ",NA," "," "," ",NA," "," "," ",NA," "," "," ",NA," "," "," ",NA," "," "," ",NA," "," "," ",NA," "," "," ",NA," "," "," ",NA," "," "," ",1," "," ","0",NA," "," "," ",1," "," ","0",NA," "," "," "
"1973","USC00413787",1974,11,"TMAX",206," "," ","0",161," "," ","0",161," "," ","0",111," "," ","0",183," "," ","0",172," "," ","0",161," "," ","0",128," "," ","0",156," "," ","0",150," "," ","0",128," "," ","0",167," "," ","0",139," "," ","0",100," "," ","0",111," "," ","0",161," "," ","0",206," "," ","0",217," "," ","0",167," "," ","0",178," "," ","0",256," "," ","0",250," "," ","0",178," "," ","0",139," "," ","0",189," "," ","0",144," "," ","0",150," "," ","0",111," "," ","0",17," "," ","0",-6," "," ","0",NA," "," "," "
"1974","USC00413787",1974,11,"TMIN",17," "," ","0",44," "," ","0",39," "," ","0",-6," "," ","0",-22," "," ","0",11," "," ","0",22," "," ","0",50," "," ","0",89," "," ","0",22," "," ","0",11," "," ","0",-33," "," ","0",44," "," ","0",6," "," ","0",-6," "," ","0",0," "," ","0",-17," "," ","0",61," "," ","0",39," "," ","0",-44," "," ","0",-22," "," ","0",-33," "," ","0",33," "," ","0",-67," "," ","0",-17," "," ","0",-28," "," ","0",-56," "," ","0",-17," "," ","0",-67," "," ","0",-133," "," ","0",NA," "," "," "
"1975","USC00413787",1974,11,"TOBS",161," "," ","0",106," "," ","0",44," "," ","0",89," "," ","0",111," "," ","0",83," "," ","0",72," "," ","0",100," "," ","0",122," "," ","0",117," "," ","0",100," "," ","0",106," "," ","0",56," "," ","0",28," "," ","0",78," "," ","0",100," "," ","0",161," "," ","0",167," "," ","0",94," "," ","0",122," "," ","0",156," "," ","0",178," "," ","0",67," "," ","0",83," "," ","0",133," "," ","0",94," "," ","0",111," "," ","0",-17," "," ","0",-11," "," ","0",-28," "," ","0",NA," "," "," "
"1976","USC00413787",1974,11,"PRCP",0," "," ","0",0," "," ","0",0,"T"," ","0",20," "," ","0",0," "," ","0",0," "," ","0",0," "," ","0",0," "," ","0",0," "," ","0",0," "," ","0",0," "," ","0",0," "," ","0",0," "," ","0",0," "," ","0",0," "," ","0",0," "," ","0",0," "," ","0",0," "," ","0",0," "," ","0",0," "," ","0",0," "," ","0",0," "," ","0",0," "," ","0",0," "," ","0",0," "," ","0",0," "," ","0",0," "," ","0",0," "," ","0",0,"T"," ","0",0," "," ","0",NA," "," "," "
"1977","USC00413787",1974,11,"SNOW",0," "," ","0",0," "," ","0",0," "," ","0",0," "," ","0",0," "," ","0",0," "," ","0",0," "," ","0",0," "," ","0",0," "," ","0",0," "," ","0",0," "," ","0",0," "," ","0",0," "," ","0",0," "," ","0",0," "," ","0",0," "," ","0",0," "," ","0",0," "," ","0",0," "," ","0",0," "," ","0",0," "," ","0",0," "," ","0",0," "," ","0",0," "," ","0",0," "," ","0",0," "," ","0",0," "," ","0",0," "," ","0",13," "," ","0",0," "," ","0",NA," "," "," "
"1978","USC00413787",1974,11,"SNWD",0," "," ","0",0," "," ","0",0," "," ","0",0," "," ","0",0," "," ","0",0," "," ","0",0," "," ","0",0," "," ","0",0," "," ","0",0," "," ","0",0," "," ","0",0," "," ","0",0," "," ","0",0," "," ","0",0," "," ","0",0," "," ","0",0," "," ","0",0," "," ","0",0," "," ","0",0," "," ","0",0," "," ","0",0," "," ","0",0," "," ","0",0," "," ","0",0," "," ","0",0," "," ","0",0," "," ","0",0," "," ","0",0," "," ","0",0," "," ","0",NA," "," "," "
"1979","USC00413787",1974,12,"TMAX",83," "," ","0",128," "," ","0",128," "," ","0",189," "," ","0",200," "," ","0",139," "," ","0",106," "," ","0",61," "," ","0",156," "," ","0",78," "," ","0",128," "," ","0",133," "," ","0",133," "," ","0",67," "," ","0",78," "," ","0",72," "," ","0",167," "," ","0",100," "," ","0",117," "," ","0",167," "," ","0",144," "," ","0",139," "," ","0",72," "," ","0",28," "," ","0",50," "," ","0",11," "," ","0",83," "," ","0",156," "," ","0",111," "," ","0",33," "," ","0",17," "," ","0"
"1980","USC00413787",1974,12,"TMIN",-139," "," ","0",-100," "," ","0",-94," "," ","0",-39," "," ","0",22," "," ","0",0," "," ","0",-39," "," ","0",-83," "," ","0",-89," "," ","0",-61," "," ","0",-33," "," ","0",-72," "," ","0",-94," "," ","0",-28," "," ","0",-94," "," ","0",-61," "," ","0",-67," "," ","0",-22," "," ","0",-28," "," ","0",-78," "," ","0",-39," "," ","0",28," "," ","0",-67," "," ","0",-78," "," ","0",-117," "," ","0",-67," "," ","0",-100," "," ","0",-72," "," ","0",-56," "," ","0",-78," "," ","0",-39," "," ","0"
"1981","USC00413787",1974,12,"TOBS",22," "," ","0",61," "," ","0",61," "," ","0",111," "," ","0",133," "," ","0",61," "," ","0",61," "," ","0",11," "," ","0",78," "," ","0",56," "," ","0",61," "," ","0",61," "," ","0",56," "," ","0",17," "," ","0",39," "," ","0",22," "," ","0",100," "," ","0",50," "," ","0",67," "," ","0",67," "," ","0",111," "," ","0",72," "," ","0",28," "," ","0",-28," "," ","0",-33," "," ","0",6," "," ","0",17," "," ","0",111," "," ","0",33," "," ","0",-6," "," ","0",-6," "," ","0"
"1982","USC00413787",1974,12,"PRCP",0," "," ","0",0," "," ","0",0," "," ","0",0," "," ","0",0," "," ","0",0,"T"," ","0",0," "," ","0",0," "," ","0",0," "," ","0",0," "," ","0",0,"T"," ","0",0," "," ","0",0," "," ","0",0," "," ","0",0," "," ","0",0," "," ","0",0," "," ","0",0," "," ","0",0," "," ","0",0," "," ","0",0," "," ","0",0," "," ","0",0," "," ","0",0," "," ","0",0," "," ","0",13," "," ","0",0," "," ","0",0," "," ","0",0," "," ","0",28," "," ","0",20," "," ","0"
"1983","USC00413787",1974,12,"SNOW",0," "," ","0",0," "," ","0",0," "," ","0",0," "," ","0",0," "," ","0",0," "," ","0",0," "," ","0",0," "," ","0",0," "," ","0",0," "," ","0",0," "," ","0",0," "," ","0",0," "," ","0",0," "," ","0",0," "," ","0",0," "," ","0",0," "," ","0",0," "," ","0",0," "," ","0",0," "," ","0",0," "," ","0",0," "," ","0",0," "," ","0",0," "," ","0",0," "," ","0",13," "," ","0",0," "," ","0",0," "," ","0",0," "," ","0",25," "," ","0",25," "," ","0"
"1984","USC00413787",1974,12,"SNWD",0," "," ","0",0," "," ","0",0," "," ","0",0," "," ","0",0," "," ","0",0," "," ","0",0," "," ","0",0," "," ","0",0," "," ","0",0," "," ","0",0," "," ","0",0," "," ","0",0," "," ","0",0," "," ","0",0," "," ","0",0," "," ","0",0," "," ","0",0," "," ","0",0," "," ","0",0," "," ","0",0," "," ","0",0," "," ","0",0," "," ","0",0," "," ","0",0," "," ","0",0,"T"," ","0",0," "," ","0",0," "," ","0",0," "," ","0",25," "," ","0",25," "," ","0"
"1985","USC00413787",1975,1,"TMAX",61," "," ","0",39," "," ","0",44," "," ","0",61," "," ","0",72," "," ","0",161," "," ","0",161," "," ","0",139," "," ","0",156," "," ","0",56," "," ","0",6," "," ","0",-50," "," ","0",83," "," ","0",100," "," ","0",144," "," ","0",100," "," ","0",106," "," ","0",178," "," ","0",117," "," ","0",144," "," ","0",94," "," ","0",78," "," ","0",117," "," ","0",161," "," ","0",156," "," ","0",228," "," ","0",167," "," ","0",211," "," ","0",161," "," ","0",122," "," ","0",67," "," ","0"
"1986","USC00413787",1975,1,"TMIN",-122," "," ","0",-50," "," ","0",-100," "," ","0",-111," "," ","0",-28," "," ","0",-78," "," ","0",-6," "," ","0",-39," "," ","0",22," "," ","0",-94," "," ","0",-156," "," ","0",-206," "," ","0",-144," "," ","0",-56," "," ","0",-61," "," ","0",-56," "," ","0",-50," "," ","0",-17," "," ","0",-6," "," ","0",-39," "," ","0",0," "," ","0",-78," "," ","0",-44," "," ","0",-39," "," ","0",-50," "," ","0",-56," "," ","0",6," "," ","0",-83," "," ","0",-17," "," ","0",-11," "," ","0",-44," "," ","0"
"1987","USC00413787",1975,1,"TOBS",6," "," ","0",11," "," ","0",0," "," ","0",6," "," ","0",28," "," ","0",61," "," ","0",89," "," ","0",100," "," ","0",56," "," ","0",-11," "," ","0",-50," "," ","0",-117," "," ","0",33," "," ","0",56," "," ","0",100," "," ","0",-6," "," ","0",61," "," ","0",117," "," ","0",56," "," ","0",94," "," ","0",17," "," ","0",28," "," ","0",44," "," ","0",89," "," ","0",100," "," ","0",167," "," ","0",6," "," ","0",161," "," ","0",0," "," ","0",67," "," ","0",-6," "," ","0"
"1988","USC00413787",1975,1,"PRCP",0," "," ","0",33," "," ","0",0," "," ","0",0," "," ","0",0," "," ","0",0," "," ","0",0," "," ","0",0," "," ","0",0,"T"," ","0",53," "," ","0",0," "," ","0",30," "," ","0",0," "," ","0",0," "," ","0",0," "," ","0",0," "," ","0",0," "," ","0",0," "," ","0",0," "," ","0",0," "," ","0",0," "," ","0",0," "," ","0",0," "," ","0",0," "," ","0",0," "," ","0",0," "," ","0",0," "," ","0",0," "," ","0",0," "," ","0",5," "," ","0",0," "," ","0"
"1989","USC00413787",1975,1,"SNOW",0," "," ","0",64," "," ","0",0," "," ","0",0," "," ","0",0," "," ","0",0," "," ","0",0," "," ","0",0," "," ","0",0," "," ","0",127," "," ","0",0," "," ","0",51," "," ","0",0," "," ","0",0," "," ","0",0," "," ","0",0," "," ","0",0," "," ","0",0," "," ","0",0," "," ","0",0," "," ","0",0," "," ","0",0," "," ","0",0," "," ","0",0," "," ","0",0," "," ","0",0," "," ","0",0," "," ","0",0," "," ","0",0," "," ","0",0," "," ","0",0," "," ","0"
"1990","USC00413787",1975,1,"SNWD",0," "," ","0",NA," "," "," ",NA," "," "," ",0," "," ","0",0," "," ","0",0," "," ","0",0," "," ","0",0," "," ","0",0," "," ","0",127," "," ","0",102," "," ","0",127," "," ","0",0," "," ","0",0," "," ","0",0," "," ","0",0," "," ","0",0," "," ","0",0," "," ","0",0," "," ","0",0," "," ","0",0," "," ","0",0," "," ","0",0," "," ","0",0," "," ","0",0," "," ","0",0," "," ","0",0," "," ","0",0," "," ","0",0," "," ","0",0," "," ","0",0," "," ","0"
"1991","USC00413787",1975,2,"TMAX",106," "," ","0",94," "," ","0",83," "," ","0",50," "," ","0",-39," "," ","0",28," "," ","0",156," "," ","0",94," "," ","0",28," "," ","0",200," "," ","0",183," "," ","0",189," "," ","0",150," "," ","0",78," "," ","0",122," "," ","0",17," "," ","0",-11," "," ","0",67," "," ","0",61," "," ","0",150," "," ","0",117," "," ","0",33," "," ","0",33," "," ","0",183," "," ","0",178," "," ","0",111," "," ","0",183," "," ","0",183," "," ","0",NA," "," "," ",NA," "," "," ",NA," "," "," "
"1992","USC00413787",1975,2,"TMIN",-11," "," ","0",6," "," ","0",17," "," ","0",-39," "," ","0",-89," "," ","0",-167," "," ","0",-83," "," ","0",-89," "," ","0",-144," "," ","0",-11," "," ","0",-17," "," ","0",-61," "," ","0",-6," "," ","0",-22," "," ","0",-50," "," ","0",-83," "," ","0",-94," "," ","0",-117," "," ","0",-100," "," ","0",-72," "," ","0",6," "," ","0",-67," "," ","0",-117," "," ","0",-17," "," ","0",-11," "," ","0",-39," "," ","0",-33," "," ","0",-28," "," ","0",NA," "," "," ",NA," "," "," ",NA," "," "," "
"1993","USC00413787",1975,2,"TOBS",94," "," ","0",28," "," ","0",50," "," ","0",-39," "," ","0",-83," "," ","0",17," "," ","0",94," "," ","0",-89," "," ","0",22," "," ","0",183," "," ","0",106," "," ","0",150," "," ","0",78," "," ","0",11," "," ","0",-17," "," ","0",-17," "," ","0",-33," "," ","0",0," "," ","0",33," "," ","0",117," "," ","0",33," "," ","0",-22," "," ","0",33," "," ","0",178," "," ","0",111," "," ","0",61," "," ","0",128," "," ","0",167," "," ","0",NA," "," "," ",NA," "," "," ",NA," "," "," "
"1994","USC00413787",1975,2,"PRCP",0," "," ","0",0,"T"," ","0",5," "," ","0",28," "," ","0",13," "," ","0",0,"T"," ","0",0," "," ","0",0,"T"," ","0",0," "," ","0",0," "," ","0",0," "," ","0",0," "," ","0",0," "," ","0",0," "," ","0",0,"T"," ","0",86," "," ","0",0," "," ","0",46," "," ","0",0," "," ","0",0," "," ","0",0," "," ","0",71," "," ","0",0," "," ","0",0," "," ","0",0," "," ","0",0," "," ","0",0," "," ","0",0," "," ","0",NA," "," "," ",NA," "," "," ",NA," "," "," "
"1995","USC00413787",1975,2,"SNOW",0," "," ","0",0," "," ","0",0," "," ","0",13," "," ","0",25," "," ","0",0," "," ","0",0," "," ","0",0,"T"," ","0",0," "," ","0",0," "," ","0",0," "," ","0",0," "," ","0",0," "," ","0",0," "," ","0",0," "," ","0",89," "," ","0",0," "," ","0",38," "," ","0",0," "," ","0",0," "," ","0",0," "," ","0",0," "," ","0",0," "," ","0",0," "," ","0",0," "," ","0",0," "," ","0",0," "," ","0",0," "," ","0",NA," "," "," ",NA," "," "," ",NA," "," "," "
"1996","USC00413787",1975,2,"SNWD",0," "," ","0",0," "," ","0",0," "," ","0",25," "," ","0",25," "," ","0",0," "," ","0",0," "," ","0",0," "," ","0",0," "," ","0",0," "," ","0",0," "," ","0",0," "," ","0",0," "," ","0",0," "," ","0",0," "," ","0",102," "," ","0",76," "," ","0",51," "," ","0",NA," "," "," ",NA," "," "," ",NA," "," "," ",NA," "," "," ",NA," "," "," ",NA," "," "," ",NA," "," "," ",NA," "," "," ",NA," "," "," ",NA," "," "," ",NA," "," "," ",NA," "," "," ",NA," "," "," "
"1997","USC00413787",1975,3,"TMAX",194," "," ","0",183," "," ","0",133," "," ","0",194," "," ","0",256," "," ","0",239," "," ","0",228," "," ","0",89," "," ","0",83," "," ","0",100," "," ","0",83," "," ","0",100," "," ","0",117," "," ","0",183," "," ","0",139," "," ","0",178," "," ","0",211," "," ","0",211," "," ","0",272," "," ","0",306," "," ","0",300," "," ","0",261," "," ","0",239," "," ","0",167," "," ","0",178," "," ","0",239," "," ","0",133," "," ","0",72," "," ","0",56," "," ","0",139," "," ","0",206," "," ","0"
"1998","USC00413787",1975,3,"TMIN",17," "," ","0",6," "," ","0",-33," "," ","0",-22," "," ","0",33," "," ","0",67," "," ","0",-39," "," ","0",-39," "," ","0",-6," "," ","0",-39," "," ","0",-17," "," ","0",-44," "," ","0",-89," "," ","0",-50," "," ","0",-11," "," ","0",17," "," ","0",28," "," ","0",17," "," ","0",0," "," ","0",33," "," ","0",72," "," ","0",-11," "," ","0",61," "," ","0",-28," "," ","0",-33," "," ","0",28," "," ","0",6," "," ","0",-78," "," ","0",-67," "," ","0",-89," "," ","0",-11," "," ","0"
"1999","USC00413787",1975,3,"TOBS",183," "," ","0",133," "," ","0",44," "," ","0",183," "," ","0",228," "," ","0",228," "," ","0",89," "," ","0",50," "," ","0",39," "," ","0",44," "," ","0",83," "," ","0",17," "," ","0",111," "," ","0",139," "," ","0",72," "," ","0",167," "," ","0",178," "," ","0",206," "," ","0",244," "," ","0",300," "," ","0",189," "," ","0",239," "," ","0",128," "," ","0",167," "," ","0",111," "," ","0",133," "," ","0",72," "," ","0",22," "," ","0",56," "," ","0",128," "," ","0",200," "," ","0"
"2000","USC00413787",1975,3,"PRCP",0," "," ","0",0," "," ","0",0," "," ","0",0," "," ","0",0," "," ","0",0," "," ","0",0," "," ","0",0," "," ","0",56," "," ","0",0," "," ","0",5," "," ","0",0," "," ","0",0," "," ","0",0," "," ","0",10," "," ","0",0," "," ","0",0," "," ","0",0," "," ","0",0," "," ","0",0," "," ","0",0," "," ","0",0," "," ","0",0," "," ","0",0," "," ","0",0," "," ","0",0," "," ","0",25," "," ","0",0,"T"," ","0",0," "," ","0",0," "," ","0",0," "," ","0"
"2001","USC00413787",1975,3,"SNOW",0," "," ","0",0," "," ","0",0," "," ","0",0," "," ","0",0," "," ","0",0," "," ","0",0," "," ","0",0," "," ","0",0," "," ","0",0," "," ","0",0," "," ","0",0," "," ","0",0," "," ","0",0," "," ","0",13," "," ","0",0," "," ","0",0," "," ","0",0," "," ","0",0," "," ","0",0," "," ","0",0," "," ","0",0," "," ","0",0," "," ","0",0," "," ","0",0," "," ","0",0," "," ","0",0," "," ","0",0," "," ","0",0," "," ","0",0," "," ","0",0," "," ","0"
"2002","USC00413787",1975,3,"SNWD",0," "," ","0",0," "," ","0",0," "," ","0",0," "," ","0",0," "," ","0",0," "," ","0",0," "," ","0",0," "," ","0",0," "," ","0",0," "," ","0",0," "," ","0",0," "," ","0",0," "," ","0",0," "," ","0",0,"T"," ","0",0," "," ","0",0," "," ","0",0," "," ","0",0," "," ","0",0," "," ","0",0," "," ","0",0," "," ","0",0," "," ","0",0," "," ","0",0," "," ","0",0," "," ","0",0," "," ","0",0," "," ","0",0," "," ","0",0," "," ","0",0," "," ","0"
"2003","USC00413787",1975,3,"WT03",NA," "," "," ",NA," "," "," ",NA," "," "," ",NA," "," "," ",NA," "," "," ",NA," "," "," ",NA," "," "," ",NA," "," "," ",NA," "," "," ",NA," "," "," ",NA," "," "," ",NA," "," "," ",NA," "," "," ",NA," "," "," ",NA," "," "," ",NA," "," "," ",NA," "," "," ",NA," "," "," ",NA," "," "," ",NA," "," "," ",NA," "," "," ",NA," "," "," ",NA," "," "," ",NA," "," "," ",NA," "," "," ",NA," "," "," ",1," "," ","0",NA," "," "," ",NA," "," "," ",NA," "," "," ",NA," "," "," "
"2004","USC00413787",1975,4,"TMAX",200," "," ","0",83," "," ","0",206," "," ","0",261," "," ","0",294," "," ","0",278," "," ","0",194," "," ","0",161," "," ","0",200," "," ","0",194," "," ","0",106," "," ","0",106," "," ","0",117," "," ","0",211," "," ","0",272," "," ","0",300," "," ","0",300," "," ","0",283," "," ","0",228," "," ","0",256," "," ","0",272," "," ","0",250," "," ","0",294," "," ","0",278," "," ","0",300," "," ","0",306," "," ","0",256," "," ","0",250," "," ","0",250," "," ","0",233," "," ","0",NA," "," "," "
"2005","USC00413787",1975,4,"TMIN",-28," "," ","0",-72," "," ","0",-78," "," ","0",0," "," ","0",33," "," ","0",94," "," ","0",67," "," ","0",11," "," ","0",-22," "," ","0",44," "," ","0",17," "," ","0",-17," "," ","0",0," "," ","0",-17," "," ","0",56," "," ","0",72," "," ","0",100," "," ","0",67," "," ","0",-17," "," ","0",56," "," ","0",89," "," ","0",150," "," ","0",139," "," ","0",72," "," ","0",72," "," ","0",161," "," ","0",133," "," ","0",67," "," ","0",56," "," ","0",22," "," ","0",NA," "," "," "
"2006","USC00413787",1975,4,"TOBS",-28," "," ","0",83," "," ","0",194," "," ","0",239," "," ","0",278," "," ","0",194," "," ","0",150," "," ","0",150," "," ","0",194," "," ","0",83," "," ","0",78," "," ","0",39," "," ","0",111," "," ","0",206," "," ","0",267," "," ","0",300," "," ","0",283," "," ","0",94," "," ","0",217," "," ","0",250," "," ","0",250," "," ","0",228," "," ","0",278," "," ","0",239," "," ","0",272," "," ","0",256," "," ","0",183," "," ","0",250," "," ","0",233," "," ","0",178," "," ","0",NA," "," "," "
"2007","USC00413787",1975,4,"PRCP",0,"T"," ","0",0," "," ","0",0," "," ","0",0," "," ","0",0," "," ","0",0," "," ","0",119," "," ","0",0," "," ","0",0," "," ","0",0,"T"," ","0",0,"T"," ","0",10," "," ","0",188," "," ","0",0," "," ","0",0," "," ","0",0," "," ","0",0," "," ","0",18," "," ","0",0," "," ","0",0," "," ","0",0," "," ","0",0," "," ","0",0," "," ","0",0," "," ","0",0," "," ","0",0," "," ","0",91," "," ","0",0," "," ","0",0," "," ","0",0," "," ","0",NA," "," "," "
"2008","USC00413787",1975,4,"SNOW",0," "," ","0",0," "," ","0",0," "," ","0",0," "," ","0",0," "," ","0",0," "," ","0",0," "," ","0",0," "," ","0",0," "," ","0",0," "," ","0",0," "," ","0",0," "," ","0",13," "," ","0",0," "," ","0",0," "," ","0",0," "," ","0",0," "," ","0",0,"T"," ","0",0," "," ","0",0," "," ","0",0," "," ","0",0," "," ","0",0," "," ","0",0," "," ","0",0," "," ","0",0," "," ","0",0," "," ","0",0," "," ","0",0," "," ","0",0," "," ","0",NA," "," "," "
"2009","USC00413787",1975,4,"SNWD",0," "," ","0",0," "," ","0",0," "," ","0",0," "," ","0",0," "," ","0",0," "," ","0",0," "," ","0",0," "," ","0",0," "," ","0",0," "," ","0",0," "," ","0",0," "," ","0",0," "," ","0",0," "," ","0",0," "," ","0",0," "," ","0",0," "," ","0",0," "," ","0",0," "," ","0",0," "," ","0",0," "," ","0",0," "," ","0",0," "," ","0",0," "," ","0",0," "," ","0",0," "," ","0",0," "," ","0",0," "," ","0",0," "," ","0",0," "," ","0",NA," "," "," "
"2010","USC00413787",1975,4,"WT03",NA," "," "," ",NA," "," "," ",NA," "," "," ",NA," "," "," ",NA," "," "," ",NA," "," "," ",1," "," ","0",NA," "," "," ",NA," "," "," ",NA," "," "," ",NA," "," "," ",NA," "," "," ",NA," "," "," ",NA," "," "," ",NA," "," "," ",NA," "," "," ",NA," "," "," ",NA," "," "," ",NA," "," "," ",NA," "," "," ",NA," "," "," ",NA," "," "," ",NA," "," "," ",NA," "," "," ",NA," "," "," ",NA," "," "," ",1," "," ","0",NA," "," "," ",NA," "," "," ",NA," "," "," ",NA," "," "," "
"2011","USC00413787",1975,4,"WT04",NA," "," "," ",NA," "," "," ",NA," "," "," ",NA," "," "," ",NA," "," "," ",NA," "," "," ",NA," "," "," ",NA," "," "," ",NA," "," "," ",NA," "," "," ",NA," "," "," ",NA," "," "," ",NA," "," "," ",NA," "," "," ",NA," "," "," ",NA," "," "," ",NA," "," "," ",1," "," ","0",NA," "," "," ",NA," "," "," ",NA," "," "," ",NA," "," "," ",NA," "," "," ",NA," "," "," ",NA," "," "," ",NA," "," "," ",NA," "," "," ",NA," "," "," ",NA," "," "," ",NA," "," "," ",NA," "," "," "
"2012","USC00413787",1975,4,"WT05",NA," "," "," ",NA," "," "," ",NA," "," "," ",NA," "," "," ",NA," "," "," ",NA," "," "," ",NA," "," "," ",NA," "," "," ",NA," "," "," ",NA," "," "," ",NA," "," "," ",NA," "," "," ",NA," "," "," ",NA," "," "," ",NA," "," "," ",NA," "," "," ",NA," "," "," ",1," "," ","0",NA," "," "," ",NA," "," "," ",NA," "," "," ",NA," "," "," ",NA," "," "," ",NA," "," "," ",NA," "," "," ",NA," "," "," ",NA," "," "," ",NA," "," "," ",NA," "," "," ",NA," "," "," ",NA," "," "," "
"2013","USC00413787",1975,5,"TMAX",239," "," ","0",272," "," ","0",261," "," ","0",278," "," ","0",300," "," ","0",283," "," ","0",239," "," ","0",294," "," ","0",322," "," ","0",306," "," ","0",267," "," ","0",272," "," ","0",228," "," ","0",256," "," ","0",300," "," ","0",306," "," ","0",317," "," ","0",328," "," ","0",322," "," ","0",306," "," ","0",350," "," ","0",328," "," ","0",278," "," ","0",300," "," ","0",333," "," ","0",328," "," ","0",294," "," ","0",278," "," ","0",222," "," ","0",206," "," ","0",267," "," ","0"
"2014","USC00413787",1975,5,"TMIN",50," "," ","0",94," "," ","0",78," "," ","0",117," "," ","0",100," "," ","0",44," "," ","0",6," "," ","0",28," "," ","0",44," "," ","0",100," "," ","0",94," "," ","0",117," "," ","0",89," "," ","0",83," "," ","0",89," "," ","0",94," "," ","0",94," "," ","0",144," "," ","0",117," "," ","0",144," "," ","0",117," "," ","0",122," "," ","0",78," "," ","0",117," "," ","0",133," "," ","0",117," "," ","0",133," "," ","0",122," "," ","0",83," "," ","0",89," "," ","0",67," "," ","0"
"2015","USC00413787",1975,5,"TOBS",233," "," ","0",256," "," ","0",256," "," ","0",261," "," ","0",283," "," ","0",206," "," ","0",233," "," ","0",272," "," ","0",306," "," ","0",239," "," ","0",256," "," ","0",228," "," ","0",183," "," ","0",244," "," ","0",283," "," ","0",272," "," ","0",300," "," ","0",300," "," ","0",306," "," ","0",306," "," ","0",328," "," ","0",272," "," ","0",267," "," ","0",278," "," ","0",328," "," ","0",250," "," ","0",278," "," ","0",222," "," ","0",150," "," ","0",156," "," ","0",267," "," ","0"
"2016","USC00413787",1975,5,"PRCP",0," "," ","0",28," "," ","0",0," "," ","0",3," "," ","0",0," "," ","0",0," "," ","0",0," "," ","0",0," "," ","0",0," "," ","0",0," "," ","0",74," "," ","0",18," "," ","0",58," "," ","0",0," "," ","0",0," "," ","0",0," "," ","0",0," "," ","0",0," "," ","0",0," "," ","0",0," "," ","0",0," "," ","0",137," "," ","0",69," "," ","0",0," "," ","0",0," "," ","0",0," "," ","0",0," "," ","0",137," "," ","0",155," "," ","0",13," "," ","0",0," "," ","0"
"2017","USC00413787",1975,5,"SNOW",0," "," ","0",0," "," ","0",0," "," ","0",0," "," ","0",0," "," ","0",0," "," ","0",0," "," ","0",0," "," ","0",0," "," ","0",0," "," ","0",0," "," ","0",0," "," ","0",0," "," ","0",0," "," ","0",0," "," ","0",0," "," ","0",0," "," ","0",0," "," ","0",0," "," ","0",0," "," ","0",0," "," ","0",0," "," ","0",0," "," ","0",0," "," ","0",0," "," ","0",0," "," ","0",0," "," ","0",0," "," ","0",0," "," ","0",0," "," ","0",0," "," ","0"
"2018","USC00413787",1975,5,"SNWD",0," "," ","0",0," "," ","0",0," "," ","0",0," "," ","0",0," "," ","0",0," "," ","0",0," "," ","0",0," "," ","0",0," "," ","0",0," "," ","0",0," "," ","0",0," "," ","0",0," "," ","0",0," "," ","0",0," "," ","0",0," "," ","0",0," "," ","0",0," "," ","0",0," "," ","0",0," "," ","0",0," "," ","0",0," "," ","0",0," "," ","0",0," "," ","0",0," "," ","0",0," "," ","0",0," "," ","0",0," "," ","0",0," "," ","0",0," "," ","0",0," "," ","0"
"2019","USC00413787",1975,5,"WT03",NA," "," "," ",1," "," ","0",NA," "," "," ",1," "," ","0",NA," "," "," ",NA," "," "," ",NA," "," "," ",NA," "," "," ",NA," "," "," ",NA," "," "," ",1," "," ","0",1," "," ","0",1," "," ","0",NA," "," "," ",NA," "," "," ",NA," "," "," ",NA," "," "," ",NA," "," "," ",NA," "," "," ",NA," "," "," ",NA," "," "," ",1," "," ","0",1," "," ","0",NA," "," "," ",NA," "," "," ",NA," "," "," ",NA," "," "," ",1," "," ","0",1," "," ","0",1," "," ","0",NA," "," "," "
"2020","USC00413787",1975,6,"TMAX",267," "," ","0",300," "," ","0",350," "," ","0",317," "," ","0",333," "," ","0",367," "," ","0",361," "," ","0",328," "," ","0",306," "," ","0",222," "," ","0",239," "," ","0",317," "," ","0",356," "," ","0",350," "," ","0",372," "," ","0",394," "," ","0",361," "," ","0",350," "," ","0",350," "," ","0",317," "," ","0",311," "," ","0",306," "," ","0",300," "," ","0",317," "," ","0",333," "," ","0",333," "," ","0",333," "," ","0",328," "," ","0",328," "," ","0",339," "," ","0",NA," "," "," "
"2021","USC00413787",1975,6,"TMIN",122," "," ","0",89," "," ","0",144," "," ","0",144," "," ","0",144," "," ","0",183," "," ","0",117," "," ","0",178," "," ","0",150," "," ","0",94," "," ","0",56," "," ","0",100," "," ","0",150," "," ","0",144," "," ","0",111," "," ","0",150," "," ","0",167," "," ","0",222," "," ","0",144," "," ","0",189," "," ","0",150," "," ","0",150," "," ","0",150," "," ","0",139," "," ","0",189," "," ","0",178," "," ","0",206," "," ","0",167," "," ","0",167," "," ","0",167," "," ","0",NA," "," "," "
"2022","USC00413787",1975,6,"TOBS",233," "," ","0",272," "," ","0",317," "," ","0",300," "," ","0",322," "," ","0",328," "," ","0",328," "," ","0",306," "," ","0",222," "," ","0",117," "," ","0",239," "," ","0",311," "," ","0",350," "," ","0",311," "," ","0",311," "," ","0",361," "," ","0",317," "," ","0",306," "," ","0",317," "," ","0",306," "," ","0",306," "," ","0",256," "," ","0",250," "," ","0",311," "," ","0",311," "," ","0",311," "," ","0",289," "," ","0",322," "," ","0",317," "," ","0",333," "," ","0",NA," "," "," "
"2023","USC00413787",1975,6,"PRCP",0,"T"," ","0",0," "," ","0",36," "," ","0",0," "," ","0",8," "," ","0",0," "," ","0",0," "," ","0",0," "," ","0",74," "," ","0",109," "," ","0",0," "," ","0",0," "," ","0",0," "," ","0",0," "," ","0",0," "," ","0",0," "," ","0",0," "," ","0",0," "," ","0",147," "," ","0",0,"T"," ","0",406," "," ","0",0,"T"," ","0",0,"T"," ","0",0,"T"," ","0",0," "," ","0",0," "," ","0",0," "," ","0",94," "," ","0",0," "," ","0",0," "," ","0",NA," "," "," "
"2024","USC00413787",1975,6,"SNOW",0," "," ","0",0," "," ","0",0," "," ","0",0," "," ","0",0," "," ","0",0," "," ","0",0," "," ","0",0," "," ","0",0," "," ","0",0," "," ","0",0," "," ","0",0," "," ","0",0," "," ","0",0," "," ","0",0," "," ","0",0," "," ","0",0," "," ","0",0," "," ","0",0," "," ","0",0," "," ","0",0," "," ","0",0," "," ","0",0," "," ","0",0," "," ","0",0," "," ","0",0," "," ","0",0," "," ","0",0," "," ","0",0," "," ","0",0," "," ","0",NA," "," "," "
"2025","USC00413787",1975,6,"SNWD",0," "," ","0",0," "," ","0",0," "," ","0",0," "," ","0",0," "," ","0",0," "," ","0",0," "," ","0",0," "," ","0",0," "," ","0",0," "," ","0",0," "," ","0",0," "," ","0",0," "," ","0",0," "," ","0",0," "," ","0",0," "," ","0",0," "," ","0",0," "," ","0",0," "," ","0",0," "," ","0",0," "," ","0",0," "," ","0",0," "," ","0",0," "," ","0",0," "," ","0",0," "," ","0",0," "," ","0",0," "," ","0",0," "," ","0",0," "," ","0",NA," "," "," "
"2026","USC00413787",1975,6,"WT03",NA," "," "," ",NA," "," "," ",1," "," ","0",NA," "," "," ",1," "," ","0",NA," "," "," ",NA," "," "," ",NA," "," "," ",1," "," ","0",1," "," ","0",NA," "," "," ",NA," "," "," ",NA," "," "," ",NA," "," "," ",NA," "," "," ",NA," "," "," ",NA," "," "," ",NA," "," "," ",1," "," ","0",1," "," ","0",1," "," ","0",1," "," ","0",1," "," ","0",1," "," ","0",1," "," ","0",1," "," ","0",NA," "," "," ",1," "," ","0",NA," "," "," ",NA," "," "," ",NA," "," "," "
"2027","USC00413787",1975,7,"TMAX",350," "," ","0",344," "," ","0",333," "," ","0",322," "," ","0",350," "," ","0",350," "," ","0",367," "," ","0",350," "," ","0",367," "," ","0",361," "," ","0",306," "," ","0",306," "," ","0",322," "," ","0",339," "," ","0",328," "," ","0",317," "," ","0",306," "," ","0",333," "," ","0",372," "," ","0",367," "," ","0",350," "," ","0",344," "," ","0",256," "," ","0",289," "," ","0",300," "," ","0",306," "," ","0",322," "," ","0",333," "," ","0",350," "," ","0",350," "," ","0",339," "," ","0"
"2028","USC00413787",1975,7,"TMIN",189," "," ","0",183," "," ","0",161," "," ","0",156," "," ","0",183," "," ","0",183," "," ","0",189," "," ","0",178," "," ","0",189," "," ","0",189," "," ","0",156," "," ","0",144," "," ","0",144," "," ","0",161," "," ","0",178," "," ","0",183," "," ","0",167," "," ","0",167," "," ","0",183," "," ","0",172," "," ","0",183," "," ","0",178," "," ","0",178," "," ","0",167," "," ","0",156," "," ","0",150," "," ","0",172," "," ","0",183," "," ","0",194," "," ","0",194," "," ","0",206," "," ","0"
"2029","USC00413787",1975,7,"TOBS",333," "," ","0",311," "," ","0",294," "," ","0",294," "," ","0",333," "," ","0",328," "," ","0",306," "," ","0",256," "," ","0",361," "," ","0",300," "," ","0",267," "," ","0",300," "," ","0",317," "," ","0",328," "," ","0",311," "," ","0",306," "," ","0",278," "," ","0",322," "," ","0",361," "," ","0",344," "," ","0",344," "," ","0",261," "," ","0",222," "," ","0",222," "," ","0",294," "," ","0",306," "," ","0",294," "," ","0",333," "," ","0",339," "," ","0",261," "," ","0",333," "," ","0"
"2030","USC00413787",1975,7,"PRCP",0," "," ","0",0," "," ","0",0," "," ","0",0," "," ","0",0," "," ","0",56," "," ","0",0,"T"," ","0",13," "," ","0",0," "," ","0",36," "," ","0",135," "," ","0",0," "," ","0",0," "," ","0",0," "," ","0",0," "," ","0",0," "," ","0",0," "," ","0",0," "," ","0",0," "," ","0",0," "," ","0",0," "," ","0",0,"T"," ","0",533," "," ","0",107," "," ","0",0," "," ","0",0," "," ","0",0," "," ","0",0," "," ","0",0," "," ","0",23," "," ","0",0," "," ","0"
"2031","USC00413787",1975,7,"SNOW",0," "," ","0",0," "," ","0",0," "," ","0",0," "," ","0",0," "," ","0",0," "," ","0",0," "," ","0",0," "," ","0",0," "," ","0",0," "," ","0",0," "," ","0",0," "," ","0",0," "," ","0",0," "," ","0",0," "," ","0",0," "," ","0",0," "," ","0",0," "," ","0",0," "," ","0",0," "," ","0",0," "," ","0",0," "," ","0",0," "," ","0",0," "," ","0",0," "," ","0",0," "," ","0",0," "," ","0",0," "," ","0",0," "," ","0",0," "," ","0",0," "," ","0"
"2032","USC00413787",1975,7,"SNWD",0," "," ","0",0," "," ","0",0," "," ","0",0," "," ","0",0," "," ","0",0," "," ","0",0," "," ","0",0," "," ","0",0," "," ","0",0," "," ","0",0," "," ","0",0," "," ","0",0," "," ","0",0," "," ","0",0," "," ","0",0," "," ","0",0," "," ","0",0," "," ","0",0," "," ","0",0," "," ","0",0," "," ","0",0," "," ","0",0," "," ","0",0," "," ","0",0," "," ","0",0," "," ","0",0," "," ","0",0," "," ","0",0," "," ","0",0," "," ","0",0," "," ","0"
"2033","USC00413787",1975,7,"WT03",NA," "," "," ",NA," "," "," ",NA," "," "," ",NA," "," "," ",NA," "," "," ",1," "," ","0",1," "," ","0",1," "," ","0",NA," "," "," ",1," "," ","0",1," "," ","0",NA," "," "," ",NA," "," "," ",NA," "," "," ",NA," "," "," ",NA," "," "," ",NA," "," "," ",NA," "," "," ",NA," "," "," ",NA," "," "," ",NA," "," "," ",1," "," ","0",1," "," ","0",1," "," ","0",NA," "," "," ",NA," "," "," ",NA," "," "," ",NA," "," "," ",NA," "," "," ",NA," "," "," ",NA," "," "," "
"2034","USC00413787",1975,8,"TMAX",333," "," ","0",283," "," ","0",311," "," ","0",339," "," ","0",344," "," ","0",344," "," ","0",333," "," ","0",344," "," ","0",344," "," ","0",350," "," ","0",339," "," ","0",333," "," ","0",333," "," ","0",306," "," ","0",294," "," ","0",328," "," ","0",322," "," ","0",339," "," ","0",344," "," ","0",339," "," ","0",339," "," ","0",350," "," ","0",367," "," ","0",378," "," ","0",372," "," ","0",356," "," ","0",339," "," ","0",333," "," ","0",389," "," ","0",400," "," ","0",378," "," ","0"
"2035","USC00413787",1975,8,"TMIN",178," "," ","0",167," "," ","0",150," "," ","0",144," "," ","0",156," "," ","0",156," "," ","0",161," "," ","0",167," "," ","0",183," "," ","0",172," "," ","0",150," "," ","0",178," "," ","0",194," "," ","0",172," "," ","0",172," "," ","0",161," "," ","0",161," "," ","0",183," "," ","0",200," "," ","0",172," "," ","0",178," "," ","0",183," "," ","0",200," "," ","0",217," "," ","0",183," "," ","0",139," "," ","0",161," "," ","0",189," "," ","0",178," "," ","0",161," "," ","0",167," "," ","0"
"2036","USC00413787",1975,8,"TOBS",267," "," ","0",278," "," ","0",311," "," ","0",333," "," ","0",344," "," ","0",333," "," ","0",328," "," ","0",339," "," ","0",339," "," ","0",339," "," ","0",328," "," ","0",333," "," ","0",300," "," ","0",289," "," ","0",289," "," ","0",322," "," ","0",300," "," ","0",328," "," ","0",339," "," ","0",328," "," ","0",333," "," ","0",328," "," ","0",344," "," ","0",372," "," ","0",300," "," ","0",339," "," ","0",272," "," ","0",328," "," ","0",383," "," ","0",378," "," ","0",356," "," ","0"
"2037","USC00413787",1975,8,"PRCP",318," "," ","0",89," "," ","0",0," "," ","0",0," "," ","0",0," "," ","0",0," "," ","0",0," "," ","0",0," "," ","0",0," "," ","0",0," "," ","0",0," "," ","0",0," "," ","0",5," "," ","0",0," "," ","0",325," "," ","0",0," "," ","0",10," "," ","0",0," "," ","0",0," "," ","0",0," "," ","0",0," "," ","0",0," "," ","0",0," "," ","0",0," "," ","0",0," "," ","0",0," "," ","0",0," "," ","0",0," "," ","0",8," "," ","0",0," "," ","0",0," "," ","0"
"2038","USC00413787",1975,8,"SNOW",0," "," ","0",0," "," ","0",0," "," ","0",0," "," ","0",0," "," ","0",0," "," ","0",0," "," ","0",0," "," ","0",0," "," ","0",0," "," ","0",0," "," ","0",0," "," ","0",0," "," ","0",0," "," ","0",0," "," ","0",0," "," ","0",0," "," ","0",0," "," ","0",0," "," ","0",0," "," ","0",0," "," ","0",0," "," ","0",0," "," ","0",0," "," ","0",0," "," ","0",0," "," ","0",0," "," ","0",0," "," ","0",0," "," ","0",0," "," ","0",0," "," ","0"
"2039","USC00413787",1975,8,"SNWD",0," "," ","0",0," "," ","0",0," "," ","0",0," "," ","0",0," "," ","0",0," "," ","0",0," "," ","0",0," "," ","0",0," "," ","0",0," "," ","0",0," "," ","0",0," "," ","0",0," "," ","0",0," "," ","0",0," "," ","0",0," "," ","0",0," "," ","0",0," "," ","0",0," "," ","0",0," "," ","0",0," "," ","0",0," "," ","0",0," "," ","0",0," "," ","0",0," "," ","0",0," "," ","0",0," "," ","0",0," "," ","0",0," "," ","0",0," "," ","0",0," "," ","0"
"2040","USC00413787",1975,8,"WT03",1," "," ","0",1," "," ","0",NA," "," "," ",NA," "," "," ",NA," "," "," ",NA," "," "," ",NA," "," "," ",NA," "," "," ",NA," "," "," ",NA," "," "," ",NA," "," "," ",NA," "," "," ",1," "," ","0",NA," "," "," ",1," "," ","0",NA," "," "," ",1," "," ","0",NA," "," "," ",NA," "," "," ",NA," "," "," ",NA," "," "," ",NA," "," "," ",NA," "," "," ",NA," "," "," ",NA," "," "," ",NA," "," "," ",NA," "," "," ",NA," "," "," ",1," "," ","0",NA," "," "," ",NA," "," "," "
"2041","USC00413787",1975,9,"TMAX",361," "," ","0",328," "," ","0",350," "," ","0",344," "," ","0",322," "," ","0",306," "," ","0",333," "," ","0",333," "," ","0",322," "," ","0",339," "," ","0",333," "," ","0",183," "," ","0",172," "," ","0",256," "," ","0",322," "," ","0",344," "," ","0",333," "," ","0",328," "," ","0",256," "," ","0",256," "," ","0",206," "," ","0",228," "," ","0",272," "," ","0",256," "," ","0",244," "," ","0",283," "," ","0",272," "," ","0",267," "," ","0",311," "," ","0",289," "," ","0",NA," "," "," "
"2042","USC00413787",1975,9,"TMIN",161," "," ","0",178," "," ","0",183," "," ","0",144," "," ","0",183," "," ","0",89," "," ","0",133," "," ","0",144," "," ","0",156," "," ","0",161," "," ","0",144," "," ","0",94," "," ","0",83," "," ","0",100," "," ","0",106," "," ","0",78," "," ","0",133," "," ","0",122," "," ","0",139," "," ","0",122," "," ","0",89," "," ","0",44," "," ","0",50," "," ","0",61," "," ","0",17," "," ","0",72," "," ","0",94," "," ","0",33," "," ","0",61," "," ","0",106," "," ","0",NA," "," "," "
"2043","USC00413787",1975,9,"TOBS",311," "," ","0",306," "," ","0",344," "," ","0",322," "," ","0",250," "," ","0",300," "," ","0",300," "," ","0",322," "," ","0",317," "," ","0",333," "," ","0",150," "," ","0",172," "," ","0",111," "," ","0",244," "," ","0",306," "," ","0",311," "," ","0",328," "," ","0",217," "," ","0",233," "," ","0",206," "," ","0",178," "," ","0",217," "," ","0",256," "," ","0",206," "," ","0",233," "," ","0",272," "," ","0",228," "," ","0",261," "," ","0",289," "," ","0",172," "," ","0",NA," "," "," "
"2044","USC00413787",1975,9,"PRCP",0," "," ","0",0," "," ","0",0," "," ","0",0," "," ","0",0," "," ","0",0," "," ","0",0," "," ","0",0," "," ","0",0," "," ","0",0," "," ","0",0," "," ","0",0," "," ","0",0,"T"," ","0",0," "," ","0",0," "," ","0",0," "," ","0",0," "," ","0",0," "," ","0",0," "," ","0",0," "," ","0",165," "," ","0",0," "," ","0",0," "," ","0",0," "," ","0",0," "," ","0",0," "," ","0",0," "," ","0",0," "," ","0",0," "," ","0",0," "," ","0",NA," "," "," "
"2045","USC00413787",1975,9,"SNOW",0," "," ","0",0," "," ","0",0," "," ","0",0," "," ","0",0," "," ","0",0," "," ","0",0," "," ","0",0," "," ","0",0," "," ","0",0," "," ","0",0," "," ","0",0," "," ","0",0," "," ","0",0," "," ","0",0," "," ","0",0," "," ","0",0," "," ","0",0," "," ","0",0," "," ","0",0," "," ","0",0," "," ","0",0," "," ","0",0," "," ","0",0," "," ","0",0," "," ","0",0," "," ","0",0," "," ","0",0," "," ","0",0," "," ","0",0," "," ","0",NA," "," "," "
"2046","USC00413787",1975,9,"SNWD",0," "," ","0",0," "," ","0",0," "," ","0",0," "," ","0",0," "," ","0",0," "," ","0",0," "," ","0",0," "," ","0",0," "," ","0",0," "," ","0",0," "," ","0",0," "," ","0",0," "," ","0",0," "," ","0",0," "," ","0",0," "," ","0",0," "," ","0",0," "," ","0",0," "," ","0",0," "," ","0",0," "," ","0",0," "," ","0",0," "," ","0",0," "," ","0",0," "," ","0",0," "," ","0",0," "," ","0",0," "," ","0",0," "," ","0",0," "," ","0",NA," "," "," "
"2047","USC00413787",1975,9,"WT03",NA," "," "," ",NA," "," "," ",NA," "," "," ",NA," "," "," ",NA," "," "," ",NA," "," "," ",NA," "," "," ",NA," "," "," ",NA," "," "," ",NA," "," "," ",NA," "," "," ",NA," "," "," ",NA," "," "," ",NA," "," "," ",NA," "," "," ",NA," "," "," ",NA," "," "," ",NA," "," "," ",NA," "," "," ",NA," "," "," ",1," "," ","0",NA," "," "," ",NA," "," "," ",NA," "," "," ",NA," "," "," ",NA," "," "," ",NA," "," "," ",NA," "," "," ",NA," "," "," ",NA," "," "," ",NA," "," "," "
"2048","USC00413787",1975,10,"TMAX",228," "," ","0",261," "," ","0",267," "," ","0",283," "," ","0",322," "," ","0",317," "," ","0",294," "," ","0",317," "," ","0",283," "," ","0",317," "," ","0",339," "," ","0",339," "," ","0",317," "," ","0",228," "," ","0",267," "," ","0",222," "," ","0",206," "," ","0",256," "," ","0",300," "," ","0",322," "," ","0",322," "," ","0",283," "," ","0",244," "," ","0",211," "," ","0",144," "," ","0",283," "," ","0",300," "," ","0",267," "," ","0",222," "," ","0",256," "," ","0",261," "," ","0"
"2049","USC00413787",1975,10,"TMIN",28," "," ","0",50," "," ","0",61," "," ","0",67," "," ","0",67," "," ","0",67," "," ","0",72," "," ","0",117," "," ","0",61," "," ","0",39," "," ","0",128," "," ","0",150," "," ","0",61," "," ","0",39," "," ","0",11," "," ","0",33," "," ","0",22," "," ","0",-6," "," ","0",17," "," ","0",44," "," ","0",100," "," ","0",133," "," ","0",56," "," ","0",-11," "," ","0",-61," "," ","0",11," "," ","0",61," "," ","0",28," "," ","0",0," "," ","0",17," "," ","0",100," "," ","0"
"2050","USC00413787",1975,10,"TOBS",217," "," ","0",239," "," ","0",244," "," ","0",267," "," ","0",306," "," ","0",289," "," ","0",272," "," ","0",283," "," ","0",239," "," ","0",306," "," ","0",317," "," ","0",317," "," ","0",228," "," ","0",189," "," ","0",222," "," ","0",172," "," ","0",178," "," ","0",239," "," ","0",278," "," ","0",294," "," ","0",283," "," ","0",244," "," ","0",211," "," ","0",117," "," ","0",128," "," ","0",206," "," ","0",267," "," ","0",128," "," ","0",144," "," ","0",200," "," ","0",228," "," ","0"
"2051","USC00413787",1975,10,"PRCP",0," "," ","0",0," "," ","0",0," "," ","0",0," "," ","0",0," "," ","0",0," "," ","0",0," "," ","0",0," "," ","0",0," "," ","0",0," "," ","0",0," "," ","0",0," "," ","0",0," "," ","0",0," "," ","0",0," "," ","0",0," "," ","0",0," "," ","0",0," "," ","0",0," "," ","0",0," "," ","0",0," "," ","0",0," "," ","0",0," "," ","0",0," "," ","0",0," "," ","0",0," "," ","0",0," "," ","0",0," "," ","0",0," "," ","0",0," "," ","0",0," "," ","0"
"2052","USC00413787",1975,10,"SNOW",0," "," ","0",0," "," ","0",0," "," ","0",0," "," ","0",0," "," ","0",0," "," ","0",0," "," ","0",0," "," ","0",0," "," ","0",0," "," ","0",0," "," ","0",0," "," ","0",0," "," ","0",0," "," ","0",0," "," ","0",0," "," ","0",0," "," ","0",0," "," ","0",0," "," ","0",0," "," ","0",0," "," ","0",0," "," ","0",0," "," ","0",0," "," ","0",0," "," ","0",0," "," ","0",0," "," ","0",0," "," ","0",0," "," ","0",0," "," ","0",0," "," ","0"
"2053","USC00413787",1975,10,"SNWD",0," "," ","0",0," "," ","0",0," "," ","0",0," "," ","0",0," "," ","0",0," "," ","0",0," "," ","0",0," "," ","0",0," "," ","0",0," "," ","0",0," "," ","0",0," "," ","0",0," "," ","0",0," "," ","0",0," "," ","0",0," "," ","0",0," "," ","0",0," "," ","0",0," "," ","0",0," "," ","0",0," "," ","0",0," "," ","0",0," "," ","0",0," "," ","0",0," "," ","0",0," "," ","0",0," "," ","0",0," "," ","0",0," "," ","0",0," "," ","0",0," "," ","0"
"2054","USC00413787",1975,11,"TMAX",228," "," ","0",128," "," ","0",206," "," ","0",217," "," ","0",222," "," ","0",189," "," ","0",267," "," ","0",222," "," ","0",172," "," ","0",156," "," ","0",161," "," ","0",100," "," ","0",194," "," ","0",233," "," ","0",211," "," ","0",228," "," ","0",217," "," ","0",189," "," ","0",156," "," ","0",22," "," ","0",-6," "," ","0",83," "," ","0",100," "," ","0",89," "," ","0",44," "," ","0",33," "," ","0",139," "," ","0",139," "," ","0",133," "," ","0",61," "," ","0",NA," "," "," "
"2055","USC00413787",1975,11,"TMIN",78," "," ","0",67," "," ","0",83," "," ","0",39," "," ","0",28," "," ","0",33," "," ","0",50," "," ","0",50," "," ","0",61," "," ","0",-44," "," ","0",61," "," ","0",-28," "," ","0",-61," "," ","0",-28," "," ","0",-33," "," ","0",-39," "," ","0",-6," "," ","0",83," "," ","0",6," "," ","0",-50," "," ","0",-83," "," ","0",-89," "," ","0",-56," "," ","0",-39," "," ","0",-100," "," ","0",-167," "," ","0",-56," "," ","0",-67," "," ","0",50," "," ","0",-83," "," ","0",NA," "," "," "
"2056","USC00413787",1975,11,"TOBS",128," "," ","0",94," "," ","0",200," "," ","0",133," "," ","0",150," "," ","0",144," "," ","0",183," "," ","0",172," "," ","0",89," "," ","0",122," "," ","0",100," "," ","0",61," "," ","0",128," "," ","0",72," "," ","0",144," "," ","0",156," "," ","0",167," "," ","0",156," "," ","0",11," "," ","0",-22," "," ","0",-33," "," ","0",44," "," ","0",61," "," ","0",44," "," ","0",-94," "," ","0",6," "," ","0",89," "," ","0",100," "," ","0",50," "," ","0",28," "," ","0",NA," "," "," "
"2057","USC00413787",1975,11,"PRCP",107," "," ","0",117," "," ","0",56," "," ","0",0," "," ","0",0," "," ","0",0," "," ","0",0," "," ","0",0," "," ","0",0," "," ","0",0," "," ","0",0," "," ","0",0," "," ","0",0," "," ","0",0," "," ","0",0," "," ","0",0," "," ","0",0," "," ","0",0," "," ","0",160," "," ","0",0," "," ","0",0," "," ","0",0," "," ","0",0," "," ","0",0," "," ","0",38," "," ","0",0," "," ","0",0," "," ","0",0," "," ","0",0,"T"," ","0",0," "," ","0",NA," "," "," "
"2058","USC00413787",1975,11,"SNOW",0," "," ","0",0," "," ","0",0," "," ","0",0," "," ","0",0," "," ","0",0," "," ","0",0," "," ","0",0," "," ","0",0," "," ","0",0," "," ","0",0," "," ","0",0," "," ","0",0," "," ","0",0," "," ","0",0," "," ","0",0," "," ","0",0," "," ","0",0," "," ","0",0," "," ","0",0," "," ","0",0," "," ","0",0," "," ","0",0," "," ","0",0," "," ","0",51," "," ","0",0," "," ","0",0," "," ","0",0," "," ","0",0," "," ","0",0," "," ","0",NA," "," "," "
"2059","USC00413787",1975,11,"SNWD",0," "," ","0",0," "," ","0",0," "," ","0",0," "," ","0",0," "," ","0",0," "," ","0",0," "," ","0",0," "," ","0",0," "," ","0",0," "," ","0",0," "," ","0",0," "," ","0",0," "," ","0",0," "," ","0",0," "," ","0",0," "," ","0",0," "," ","0",0," "," ","0",0," "," ","0",0," "," ","0",0," "," ","0",0," "," ","0",0," "," ","0",0," "," ","0",51," "," ","0",0," "," ","0",0," "," ","0",0," "," ","0",0," "," ","0",0," "," ","0",NA," "," "," "
"2060","USC00413787",1975,12,"TMAX",194," "," ","0",217," "," ","0",233," "," ","0",228," "," ","0",178," "," ","0",94," "," ","0",161," "," ","0",133," "," ","0",200," "," ","0",228," "," ","0",189," "," ","0",72," "," ","0",194," "," ","0",161," "," ","0",106," "," ","0",83," "," ","0",17," "," ","0",94," "," ","0",161," "," ","0",128," "," ","0",111," "," ","0",94," "," ","0",72," "," ","0",61," "," ","0",111," "," ","0",117," "," ","0",172," "," ","0",94," "," ","0",61," "," ","0",150," "," ","0",156," "," ","0"
"2061","USC00413787",1975,12,"TMIN",-50," "," ","0",-6," "," ","0",-17," "," ","0",6," "," ","0",-22," "," ","0",-39," "," ","0",-50," "," ","0",-6," "," ","0",-6," "," ","0",-17," "," ","0",6," "," ","0",-22," "," ","0",17," "," ","0",-39," "," ","0",-117," "," ","0",-56," "," ","0",-94," "," ","0",-133," "," ","0",-78," "," ","0",-56," "," ","0",-56," "," ","0",-17," "," ","0",-50," "," ","0",-6," "," ","0",-72," "," ","0",-28," "," ","0",-56," "," ","0",6," "," ","0",-11," "," ","0",-67," "," ","0",-56," "," ","0"
"2062","USC00413787",1975,12,"TOBS",128," "," ","0",128," "," ","0",139," "," ","0",156," "," ","0",50," "," ","0",44," "," ","0",111," "," ","0",89," "," ","0",128," "," ","0",133," "," ","0",17," "," ","0",44," "," ","0",161," "," ","0",-39," "," ","0",44," "," ","0",17," "," ","0",-67," "," ","0",44," "," ","0",94," "," ","0",56," "," ","0",72," "," ","0",56," "," ","0",33," "," ","0",28," "," ","0",72," "," ","0",56," "," ","0",94," "," ","0",33," "," ","0",39," "," ","0",94," "," ","0",78," "," ","0"
"2063","USC00413787",1975,12,"PRCP",0," "," ","0",0," "," ","0",0," "," ","0",0," "," ","0",0," "," ","0",0," "," ","0",0," "," ","0",0," "," ","0",0," "," ","0",0," "," ","0",0," "," ","0",0,"T"," ","0",0," "," ","0",3," "," ","0",0," "," ","0",0," "," ","0",0,"T"," ","0",0," "," ","0",0," "," ","0",0," "," ","0",0," "," ","0",0," "," ","0",0," "," ","0",0," "," ","0",0," "," ","0",0," "," ","0",0," "," ","0",0," "," ","0",8," "," ","0",0," "," ","0",0," "," ","0"
"2064","USC00413787",1975,12,"SNOW",0," "," ","0",0," "," ","0",0," "," ","0",0," "," ","0",0," "," ","0",0," "," ","0",0," "," ","0",0," "," ","0",0," "," ","0",0," "," ","0",0," "," ","0",0," "," ","0",0," "," ","0",0," "," ","0",0," "," ","0",0," "," ","0",0," "," ","0",0," "," ","0",0," "," ","0",0," "," ","0",0," "," ","0",0," "," ","0",0," "," ","0",0," "," ","0",0," "," ","0",0," "," ","0",0," "," ","0",0," "," ","0",13," "," ","0",0," "," ","0",0," "," ","0"
"2065","USC00413787",1975,12,"SNWD",0," "," ","0",0," "," ","0",0," "," ","0",0," "," ","0",0," "," ","0",0," "," ","0",0," "," ","0",0," "," ","0",0," "," ","0",0," "," ","0",0," "," ","0",0," "," ","0",0," "," ","0",0," "," ","0",0," "," ","0",0," "," ","0",0," "," ","0",0," "," ","0",0," "," ","0",0," "," ","0",0," "," ","0",0," "," ","0",0," "," ","0",0," "," ","0",0," "," ","0",0," "," ","0",0," "," ","0",0," "," ","0",0," "," ","0",0," "," ","0",0," "," ","0"
"2066","USC00413787",1975,12,"WT03",NA," "," "," ",NA," "," "," ",NA," "," "," ",NA," "," "," ",NA," "," "," ",NA," "," "," ",NA," "," "," ",NA," "," "," ",NA," "," "," ",NA," "," "," ",NA," "," "," ",NA," "," "," ",NA," "," "," ",1," "," ","0",NA," "," "," ",NA," "," "," ",NA," "," "," ",NA," "," "," ",NA," "," "," ",NA," "," "," ",NA," "," "," ",NA," "," "," ",NA," "," "," ",NA," "," "," ",NA," "," "," ",NA," "," "," ",NA," "," "," ",NA," "," "," ",NA," "," "," ",NA," "," "," ",NA," "," "," "
"2067","USC00413787",1976,1,"TMAX",78," "," ","0",6," "," ","0",22," "," ","0",56," "," ","0",122," "," ","0",117," "," ","0",-67," "," ","0",22," "," ","0",172," "," ","0",100," "," ","0",117," "," ","0",172," "," ","0",100," "," ","0",94," "," ","0",183," "," ","0",150," "," ","0",211," "," ","0",217," "," ","0",144," "," ","0",144," "," ","0",161," "," ","0",206," "," ","0",211," "," ","0",156," "," ","0",61," "," ","0",28," "," ","0",133," "," ","0",167," "," ","0",206," "," ","0",172," "," ","0",133," "," ","0"
"2068","USC00413787",1976,1,"TMIN",-67," "," ","0",-122," "," ","0",-139," "," ","0",-111," "," ","0",-111," "," ","0",-67," "," ","0",-189," "," ","0",-178," "," ","0",-89," "," ","0",6," "," ","0",-94," "," ","0",-56," "," ","0",-50," "," ","0",-111," "," ","0",-17," "," ","0",-22," "," ","0",-6," "," ","0",-28," "," ","0",0," "," ","0",-100," "," ","0",-39," "," ","0",-67," "," ","0",-39," "," ","0",-39," "," ","0",-39," "," ","0",-139," "," ","0",-100," "," ","0",-22," "," ","0",-39," "," ","0",-50," "," ","0",-33," "," ","0"
"2069","USC00413787",1976,1,"TOBS",-22," "," ","0",-33," "," ","0",-28," "," ","0",17," "," ","0",61," "," ","0",-67," "," ","0",-100," "," ","0",-6," "," ","0",94," "," ","0",72," "," ","0",67," "," ","0",100," "," ","0",33," "," ","0",56," "," ","0",111," "," ","0",111," "," ","0",128," "," ","0",144," "," ","0",39," "," ","0",100," "," ","0",111," "," ","0",144," "," ","0",156," "," ","0",61," "," ","0",-6," "," ","0",11," "," ","0",89," "," ","0",122," "," ","0",144," "," ","0",122," "," ","0",117," "," ","0"
"2070","USC00413787",1976,1,"PRCP",0," "," ","0",0," "," ","0",0," "," ","0",0," "," ","0",0," "," ","0",0,"T"," ","0",0,"T"," ","0",0," "," ","0",0," "," ","0",0," "," ","0",0," "," ","0",0," "," ","0",0," "," ","0",0," "," ","0",0," "," ","0",0," "," ","0",0," "," ","0",0," "," ","0",0," "," ","0",0," "," ","0",0," "," ","0",0," "," ","0",0," "," ","0",0," "," ","0",0,"T"," ","0",0," "," ","0",0," "," ","0",0," "," ","0",0," "," ","0",0," "," ","0",0," "," ","0"
"2071","USC00413787",1976,1,"SNOW",0," "," ","0",0," "," ","0",0," "," ","0",0," "," ","0",0," "," ","0",0," "," ","0",0," "," ","0",0," "," ","0",0," "," ","0",0," "," ","0",0," "," ","0",0," "," ","0",0," "," ","0",0," "," ","0",0," "," ","0",0," "," ","0",0," "," ","0",0," "," ","0",0," "," ","0",0," "," ","0",0," "," ","0",0," "," ","0",0," "," ","0",0," "," ","0",0," "," ","0",0," "," ","0",0," "," ","0",0," "," ","0",0," "," ","0",0," "," ","0",0," "," ","0"
"2072","USC00413787",1976,1,"SNWD",0," "," ","0",0," "," ","0",0," "," ","0",0," "," ","0",0," "," ","0",0," "," ","0",0," "," ","0",0," "," ","0",0," "," ","0",0," "," ","0",0," "," ","0",0," "," ","0",0," "," ","0",0," "," ","0",0," "," ","0",0," "," ","0",0," "," ","0",0," "," ","0",0," "," ","0",0," "," ","0",0," "," ","0",0," "," ","0",0," "," ","0",0," "," ","0",0," "," ","0",0," "," ","0",0," "," ","0",0," "," ","0",0," "," ","0",0," "," ","0",0," "," ","0"
"2073","USC00413787",1976,2,"TMAX",178," "," ","0",156," "," ","0",183," "," ","0",100," "," ","0",-28," "," ","0",-28," "," ","0",200," "," ","0",233," "," ","0",272," "," ","0",233," "," ","0",156," "," ","0",244," "," ","0",217," "," ","0",189," "," ","0",222," "," ","0",194," "," ","0",150," "," ","0",217," "," ","0",183," "," ","0",167," "," ","0",56," "," ","0",183," "," ","0",222," "," ","0",250," "," ","0",222," "," ","0",239," "," ","0",261," "," ","0",256," "," ","0",200," "," ","0",NA," "," "," ",NA," "," "," "
"2074","USC00413787",1976,2,"TMIN",-6," "," ","0",-28," "," ","0",-11," "," ","0",-94," "," ","0",-94," "," ","0",-94," "," ","0",-94," "," ","0",-44," "," ","0",50," "," ","0",128," "," ","0",-22," "," ","0",22," "," ","0",17," "," ","0",28," "," ","0",0," "," ","0",28," "," ","0",22," "," ","0",-56," "," ","0",-61," "," ","0",22," "," ","0",-39," "," ","0",-94," "," ","0",-50," "," ","0",33," "," ","0",33," "," ","0",-11," "," ","0",-22," "," ","0",-6," "," ","0",28," "," ","0",NA," "," "," ",NA," "," "," "
"2075","USC00413787",1976,2,"TOBS",156," "," ","0",139," "," ","0",100," "," ","0",-28," "," ","0",-78," "," ","0",-33," "," ","0",156," "," ","0",172," "," ","0",233," "," ","0",156," "," ","0",117," "," ","0",217," "," ","0",144," "," ","0",156," "," ","0",194," "," ","0",150," "," ","0",67," "," ","0",178," "," ","0",144," "," ","0",44," "," ","0",39," "," ","0",172," "," ","0",194," "," ","0",222," "," ","0",183," "," ","0",194," "," ","0",194," "," ","0",144," "," ","0",122," "," ","0",NA," "," "," ",NA," "," "," "
"2076","USC00413787",1976,2,"PRCP",0," "," ","0",0," "," ","0",0," "," ","0",0,"T"," ","0",18," "," ","0",0," "," ","0",0," "," ","0",0," "," ","0",0," "," ","0",0," "," ","0",0," "," ","0",0," "," ","0",0," "," ","0",3," "," ","0",0," "," ","0",0," "," ","0",0,"T"," ","0",0," "," ","0",0," "," ","0",0," "," ","0",0," "," ","0",0," "," ","0",0," "," ","0",0," "," ","0",0," "," ","0",0," "," ","0",0," "," ","0",0," "," ","0",0," "," ","0",NA," "," "," ",NA," "," "," "
"2077","USC00413787",1976,2,"SNOW",0," "," ","0",0," "," ","0",0," "," ","0",0," "," ","0",0," "," ","0",0," "," ","0",0," "," ","0",0," "," ","0",0," "," ","0",0," "," ","0",0," "," ","0",0," "," ","0",0," "," ","0",0," "," ","0",0," "," ","0",0," "," ","0",0," "," ","0",0," "," ","0",0," "," ","0",0," "," ","0",0," "," ","0",0," "," ","0",0," "," ","0",0," "," ","0",0," "," ","0",0," "," ","0",0," "," ","0",0," "," ","0",0," "," ","0",NA," "," "," ",NA," "," "," "
"2078","USC00413787",1976,2,"SNWD",0," "," ","0",0," "," ","0",0," "," ","0",0," "," ","0",0," "," ","0",0," "," ","0",0," "," ","0",0," "," ","0",0," "," ","0",0," "," ","0",0," "," ","0",0," "," ","0",0," "," ","0",0," "," ","0",0," "," ","0",0," "," ","0",0," "," ","0",0," "," ","0",0," "," ","0",0," "," ","0",0," "," ","0",0," "," ","0",0," "," ","0",0," "," ","0",0," "," ","0",0," "," ","0",0," "," ","0",0," "," ","0",0," "," ","0",NA," "," "," ",NA," "," "," "
"2079","USC00413787",1976,2,"WT03",NA," "," "," ",NA," "," "," ",NA," "," "," ",NA," "," "," ",NA," "," "," ",NA," "," "," ",NA," "," "," ",NA," "," "," ",NA," "," "," ",NA," "," "," ",NA," "," "," ",NA," "," "," ",NA," "," "," ",1," "," ","0",NA," "," "," ",NA," "," "," ",NA," "," "," ",NA," "," "," ",NA," "," "," ",NA," "," "," ",NA," "," "," ",NA," "," "," ",NA," "," "," ",NA," "," "," ",NA," "," "," ",NA," "," "," ",NA," "," "," ",NA," "," "," ",NA," "," "," ",NA," "," "," ",NA," "," "," "
"2080","USC00413787",1976,2,"WT06",NA," "," "," ",NA," "," "," ",NA," "," "," ",NA," "," "," ",1," "," ","0",NA," "," "," ",NA," "," "," ",NA," "," "," ",NA," "," "," ",NA," "," "," ",NA," "," "," ",NA," "," "," ",NA," "," "," ",NA," "," "," ",NA," "," "," ",NA," "," "," ",NA," "," "," ",NA," "," "," ",NA," "," "," ",NA," "," "," ",NA," "," "," ",NA," "," "," ",NA," "," "," ",NA," "," "," ",NA," "," "," ",NA," "," "," ",NA," "," "," ",NA," "," "," ",NA," "," "," ",NA," "," "," ",NA," "," "," "
"2081","USC00413787",1976,3,"TMAX",239," "," ","0",244," "," ","0",222," "," ","0",117," "," ","0",89," "," ","0",183," "," ","0",150," "," ","0",44," "," ","0",194," "," ","0",217," "," ","0",206," "," ","0",150," "," ","0",139," "," ","0",172," "," ","0",144," "," ","0",178," "," ","0",256," "," ","0",267," "," ","0",256," "," ","0",239," "," ","0",200," "," ","0",211," "," ","0",250," "," ","0",256," "," ","0",300," "," ","0",261," "," ","0",206," "," ","0",233," "," ","0",200," "," ","0",139," "," ","0",189," "," ","0"
"2082","USC00413787",1976,3,"TMIN",-28," "," ","0",117," "," ","0",-50," "," ","0",-28," "," ","0",-106," "," ","0",-78," "," ","0",-17," "," ","0",6," "," ","0",-33," "," ","0",6," "," ","0",94," "," ","0",-39," "," ","0",-83," "," ","0",-39," "," ","0",-17," "," ","0",-72," "," ","0",-17," "," ","0",67," "," ","0",56," "," ","0",0," "," ","0",-78," "," ","0",-33," "," ","0",17," "," ","0",72," "," ","0",83," "," ","0",11," "," ","0",-28," "," ","0",89," "," ","0",11," "," ","0",-39," "," ","0",-22," "," ","0"
"2083","USC00413787",1976,3,"TOBS",222," "," ","0",222," "," ","0",56," "," ","0",-6," "," ","0",50," "," ","0",150," "," ","0",33," "," ","0",44," "," ","0",178," "," ","0",172," "," ","0",150," "," ","0",22," "," ","0",133," "," ","0",144," "," ","0",56," "," ","0",172," "," ","0",233," "," ","0",233," "," ","0",239," "," ","0",100," "," ","0",183," "," ","0",206," "," ","0",239," "," ","0",228," "," ","0",261," "," ","0",122," "," ","0",200," "," ","0",200," "," ","0",50," "," ","0",117," "," ","0",172," "," ","0"
"2084","USC00413787",1976,3,"PRCP",0," "," ","0",0," "," ","0",0," "," ","0",18," "," ","0",0," "," ","0",0," "," ","0",36," "," ","0",51," "," ","0",0," "," ","0",0," "," ","0",0," "," ","0",0," "," ","0",0," "," ","0",0," "," ","0",0," "," ","0",0," "," ","0",0," "," ","0",0," "," ","0",0," "," ","0",0," "," ","0",0," "," ","0",0," "," ","0",0," "," ","0",0," "," ","0",0," "," ","0",25," "," ","0",0," "," ","0",0," "," ","0",5," "," ","0",0," "," ","0",0," "," ","0"
"2085","USC00413787",1976,3,"SNOW",0," "," ","0",0," "," ","0",0," "," ","0",0,"T"," ","0",0," "," ","0",0," "," ","0",0," "," ","0",NA," "," "," ",0," "," ","0",0," "," ","0",0," "," ","0",0," "," ","0",0," "," ","0",0," "," ","0",0," "," ","0",0," "," ","0",0," "," ","0",0," "," ","0",0," "," ","0",0," "," ","0",0," "," ","0",0," "," ","0",0," "," ","0",0," "," ","0",0," "," ","0",NA," "," "," ",0," "," ","0",0," "," ","0",NA," "," "," ",0," "," ","0",0," "," ","0"
"2086","USC00413787",1976,3,"SNWD",0," "," ","0",0," "," ","0",0," "," ","0",0," "," ","0",0," "," ","0",0," "," ","0",0," "," ","0",0," "," ","0",0," "," ","0",0," "," ","0",0," "," ","0",0," "," ","0",0," "," ","0",0," "," ","0",0," "," ","0",0," "," ","0",0," "," ","0",0," "," ","0",0," "," ","0",0," "," ","0",0," "," ","0",0," "," ","0",0," "," ","0",0," "," ","0",0," "," ","0",0," "," ","0",0," "," ","0",0," "," ","0",0," "," ","0",0," "," ","0",0," "," ","0"
"2087","USC00413787",1976,3,"WT05",NA," "," "," ",NA," "," "," ",NA," "," "," ",1," "," ","0",NA," "," "," ",NA," "," "," ",NA," "," "," ",NA," "," "," ",NA," "," "," ",NA," "," "," ",NA," "," "," ",NA," "," "," ",NA," "," "," ",NA," "," "," ",NA," "," "," ",NA," "," "," ",NA," "," "," ",NA," "," "," ",NA," "," "," ",NA," "," "," ",NA," "," "," ",NA," "," "," ",NA," "," "," ",NA," "," "," ",NA," "," "," ",NA," "," "," ",NA," "," "," ",NA," "," "," ",NA," "," "," ",NA," "," "," ",NA," "," "," "
"2088","USC00413787",1976,3,"WT06",NA," "," "," ",NA," "," "," ",NA," "," "," ",1," "," ","0",NA," "," "," ",NA," "," "," ",NA," "," "," ",NA," "," "," ",NA," "," "," ",NA," "," "," ",NA," "," "," ",NA," "," "," ",NA," "," "," ",NA," "," "," ",NA," "," "," ",NA," "," "," ",NA," "," "," ",NA," "," "," ",NA," "," "," ",NA," "," "," ",NA," "," "," ",NA," "," "," ",NA," "," "," ",NA," "," "," ",NA," "," "," ",NA," "," "," ",NA," "," "," ",NA," "," "," ",NA," "," "," ",NA," "," "," ",NA," "," "," "
"2089","USC00413787",1976,4,"TMAX",278," "," ","0",306," "," ","0",256," "," ","0",228," "," ","0",261," "," ","0",272," "," ","0",272," "," ","0",239," "," ","0",244," "," ","0",294," "," ","0",283," "," ","0",267," "," ","0",289," "," ","0",322," "," ","0",278," "," ","0",200," "," ","0",172," "," ","0",217," "," ","0",211," "," ","0",183," "," ","0",256," "," ","0",306," "," ","0",283," "," ","0",233," "," ","0",228," "," ","0",217," "," ","0",250," "," ","0",206," "," ","0",117," "," ","0",144," "," ","0",NA," "," "," "
"2090","USC00413787",1976,4,"TMIN",0," "," ","0",78," "," ","0",44," "," ","0",-11," "," ","0",39," "," ","0",89," "," ","0",56," "," ","0",72," "," ","0",44," "," ","0",89," "," ","0",78," "," ","0",78," "," ","0",117," "," ","0",122," "," ","0",94," "," ","0",61," "," ","0",50," "," ","0",17," "," ","0",44," "," ","0",61," "," ","0",39," "," ","0",67," "," ","0",139," "," ","0",89," "," ","0",22," "," ","0",67," "," ","0",117," "," ","0",83," "," ","0",67," "," ","0",72," "," ","0",NA," "," "," "
"2091","USC00413787",1976,4,"TOBS",261," "," ","0",256," "," ","0",183," "," ","0",206," "," ","0",239," "," ","0",206," "," ","0",239," "," ","0",200," "," ","0",206," "," ","0",283," "," ","0",239," "," ","0",222," "," ","0",267," "," ","0",278," "," ","0",106," "," ","0",161," "," ","0",156," "," ","0",183," "," ","0",89," "," ","0",150," "," ","0",256," "," ","0",278," "," ","0",233," "," ","0",211," "," ","0",217," "," ","0",178," "," ","0",206," "," ","0",106," "," ","0",100," "," ","0",133," "," ","0",NA," "," "," "
"2092","USC00413787",1976,4,"PRCP",0," "," ","0",0," "," ","0",0," "," ","0",0," "," ","0",0," "," ","0",0,"T"," ","0",0," "," ","0",0," "," ","0",0," "," ","0",0," "," ","0",0," "," ","0",0," "," ","0",0," "," ","0",0," "," ","0",157," "," ","0",0," "," ","0",104," "," ","0",0," "," ","0",69," "," ","0",152," "," ","0",0," "," ","0",0," "," ","0",0," "," ","0",0," "," ","0",0," "," ","0",0," "," ","0",0," "," ","0",10," "," ","0",8," "," ","0",81," "," ","0",NA," "," "," "
"2093","USC00413787",1976,4,"SNOW",0," "," ","0",0," "," ","0",0," "," ","0",0," "," ","0",0," "," ","0",0," "," ","0",0," "," ","0",0," "," ","0",0," "," ","0",0," "," ","0",0," "," ","0",0," "," ","0",0," "," ","0",0," "," ","0",0," "," ","0",0," "," ","0",0," "," ","0",0," "," ","0",0," "," ","0",0," "," ","0",0," "," ","0",0," "," ","0",0," "," ","0",0," "," ","0",0," "," ","0",0," "," ","0",0," "," ","0",0," "," ","0",0," "," ","0",0," "," ","0",NA," "," "," "
"2094","USC00413787",1976,4,"SNWD",0," "," ","0",0," "," ","0",0," "," ","0",0," "," ","0",0," "," ","0",0," "," ","0",0," "," ","0",0," "," ","0",0," "," ","0",0," "," ","0",0," "," ","0",0," "," ","0",0," "," ","0",0," "," ","0",0," "," ","0",0," "," ","0",0," "," ","0",0," "," ","0",0," "," ","0",0," "," ","0",0," "," ","0",0," "," ","0",0," "," ","0",0," "," ","0",0," "," ","0",0," "," ","0",0," "," ","0",0," "," ","0",0," "," ","0",0," "," ","0",NA," "," "," "
"2095","USC00413787",1976,4,"WT03",NA," "," "," ",NA," "," "," ",NA," "," "," ",NA," "," "," ",NA," "," "," ",1," "," ","0",NA," "," "," ",NA," "," "," ",NA," "," "," ",NA," "," "," ",NA," "," "," ",NA," "," "," ",NA," "," "," ",NA," "," "," ",1," "," ","0",NA," "," "," ",NA," "," "," ",NA," "," "," ",1," "," ","0",NA," "," "," ",NA," "," "," ",NA," "," "," ",NA," "," "," ",NA," "," "," ",NA," "," "," ",NA," "," "," ",NA," "," "," ",NA," "," "," ",NA," "," "," ",NA," "," "," ",NA," "," "," "
"2096","USC00413787",1976,5,"TMAX",211," "," ","0",211," "," ","0",211," "," ","0",267," "," ","0",244," "," ","0",167," "," ","0",161," "," ","0",211," "," ","0",250," "," ","0",267," "," ","0",311," "," ","0",294," "," ","0",183," "," ","0",244," "," ","0",278," "," ","0",261," "," ","0",256," "," ","0",300," "," ","0",300," "," ","0",300," "," ","0",306," "," ","0",306," "," ","0",294," "," ","0",256," "," ","0",239," "," ","0",194," "," ","0",256," "," ","0",317," "," ","0",361," "," ","0",317," "," ","0",267," "," ","0"
"2097","USC00413787",1976,5,"TMIN",22," "," ","0",61," "," ","0",6," "," ","0",89," "," ","0",128," "," ","0",56," "," ","0",50," "," ","0",6," "," ","0",100," "," ","0",106," "," ","0",78," "," ","0",128," "," ","0",67," "," ","0",39," "," ","0",44," "," ","0",89," "," ","0",33," "," ","0",67," "," ","0",111," "," ","0",128," "," ","0",150," "," ","0",122," "," ","0",100," "," ","0",117," "," ","0",111," "," ","0",117," "," ","0",83," "," ","0",106," "," ","0",133," "," ","0",122," "," ","0",94," "," ","0"
"2098","USC00413787",1976,5,"TOBS",211," "," ","0",161," "," ","0",206," "," ","0",244," "," ","0",133," "," ","0",161," "," ","0",128," "," ","0",200," "," ","0",200," "," ","0",256," "," ","0",294," "," ","0",183," "," ","0",172," "," ","0",239," "," ","0",261," "," ","0",189," "," ","0",256," "," ","0",294," "," ","0",272," "," ","0",278," "," ","0",278," "," ","0",294," "," ","0",250," "," ","0",239," "," ","0",172," "," ","0",172," "," ","0",250," "," ","0",272," "," ","0",317," "," ","0",267," "," ","0",228," "," ","0"
"2099","USC00413787",1976,5,"PRCP",0," "," ","0",0," "," ","0",0," "," ","0",0," "," ","0",28," "," ","0",15," "," ","0",0," "," ","0",0," "," ","0",69," "," ","0",0," "," ","0",0," "," ","0",0," "," ","0",0," "," ","0",0," "," ","0",0," "," ","0",0," "," ","0",0," "," ","0",0," "," ","0",0," "," ","0",0," "," ","0",0," "," ","0",43," "," ","0",0,"T"," ","0",0," "," ","0",81," "," ","0",191," "," ","0",0," "," ","0",0," "," ","0",0," "," ","0",0," "," ","0",76," "," ","0"
"2100","USC00413787",1976,5,"SNOW",0," "," ","0",0," "," ","0",0," "," ","0",0," "," ","0",0," "," ","0",0," "," ","0",0," "," ","0",0," "," ","0",0," "," ","0",0," "," ","0",0," "," ","0",0," "," ","0",0," "," ","0",0," "," ","0",0," "," ","0",0," "," ","0",0," "," ","0",0," "," ","0",0," "," ","0",0," "," ","0",0," "," ","0",0," "," ","0",0," "," ","0",0," "," ","0",0," "," ","0",0," "," ","0",0," "," ","0",0," "," ","0",0," "," ","0",0," "," ","0",0," "," ","0"
"2101","USC00413787",1976,5,"SNWD",0," "," ","0",0," "," ","0",0," "," ","0",0," "," ","0",0," "," ","0",0," "," ","0",0," "," ","0",0," "," ","0",0," "," ","0",0," "," ","0",0," "," ","0",0," "," ","0",0," "," ","0",0," "," ","0",0," "," ","0",0," "," ","0",0," "," ","0",0," "," ","0",0," "," ","0",0," "," ","0",0," "," ","0",0," "," ","0",0," "," ","0",0," "," ","0",0," "," ","0",0," "," ","0",0," "," ","0",0," "," ","0",0," "," ","0",0," "," ","0",0," "," ","0"
"2102","USC00413787",1976,5,"WT03",NA," "," "," ",NA," "," "," ",NA," "," "," ",NA," "," "," ",NA," "," "," ",NA," "," "," ",NA," "," "," ",NA," "," "," ",NA," "," "," ",NA," "," "," ",NA," "," "," ",NA," "," "," ",NA," "," "," ",NA," "," "," ",NA," "," "," ",NA," "," "," ",NA," "," "," ",NA," "," "," ",NA," "," "," ",NA," "," "," ",NA," "," "," ",1," "," ","0",NA," "," "," ",NA," "," "," ",1," "," ","0",1," "," ","0",NA," "," "," ",NA," "," "," ",NA," "," "," ",NA," "," "," ",1," "," ","0"
"2103","USC00413787",1976,6,"TMAX",300," "," ","0",322," "," ","0",317," "," ","0",300," "," ","0",294," "," ","0",278," "," ","0",272," "," ","0",294," "," ","0",333," "," ","0",367," "," ","0",367," "," ","0",344," "," ","0",367," "," ","0",361," "," ","0",294," "," ","0",350," "," ","0",350," "," ","0",339," "," ","0",306," "," ","0",350," "," ","0",389," "," ","0",406," "," ","0",367," "," ","0",339," "," ","0",333," "," ","0",372," "," ","0",372," "," ","0",389," "," ","0",383," "," ","0",367," "," ","0",NA," "," "," "
"2104","USC00413787",1976,6,"TMIN",100," "," ","0",128," "," ","0",139," "," ","0",150," "," ","0",144," "," ","0",156," "," ","0",161," "," ","0",161," "," ","0",161," "," ","0",156," "," ","0",183," "," ","0",100," "," ","0",100," "," ","0",194," "," ","0",111," "," ","0",78," "," ","0",194," "," ","0",133," "," ","0",128," "," ","0",128," "," ","0",178," "," ","0",189," "," ","0",194," "," ","0",128," "," ","0",111," "," ","0",144," "," ","0",150," "," ","0",194," "," ","0",194," "," ","0",189," "," ","0",NA," "," "," "
"2105","USC00413787",1976,6,"TOBS",294," "," ","0",317," "," ","0",289," "," ","0",289," "," ","0",272," "," ","0",228," "," ","0",250," "," ","0",283," "," ","0",328," "," ","0",361," "," ","0",344," "," ","0",328," "," ","0",361," "," ","0",294," "," ","0",272," "," ","0",344," "," ","0",339," "," ","0",256," "," ","0",283," "," ","0",333," "," ","0",378," "," ","0",367," "," ","0",339," "," ","0",289," "," ","0",322," "," ","0",311," "," ","0",294," "," ","0",378," "," ","0",367," "," ","0",306," "," ","0",NA," "," "," "
"2106","USC00413787",1976,6,"PRCP",0," "," ","0",0," "," ","0",163," "," ","0",0," "," ","0",0," "," ","0",0," "," ","0",0,"T"," ","0",0," "," ","0",0," "," ","0",0," "," ","0",0," "," ","0",0," "," ","0",0," "," ","0",0," "," ","0",0," "," ","0",0," "," ","0",0," "," ","0",0," "," ","0",20," "," ","0",0," "," ","0",0," "," ","0",0,"T"," ","0",0," "," ","0",0," "," ","0",0," "," ","0",0," "," ","0",0," "," ","0",0," "," ","0",0," "," ","0",0," "," ","0",NA," "," "," "
"2107","USC00413787",1976,6,"SNOW",0," "," ","0",0," "," ","0",0," "," ","0",0," "," ","0",0," "," ","0",0," "," ","0",0," "," ","0",0," "," ","0",0," "," ","0",0," "," ","0",0," "," ","0",0," "," ","0",0," "," ","0",0," "," ","0",0," "," ","0",0," "," ","0",0," "," ","0",0," "," ","0",0," "," ","0",0," "," ","0",0," "," ","0",0," "," ","0",0," "," ","0",0," "," ","0",0," "," ","0",0," "," ","0",0," "," ","0",0," "," ","0",0," "," ","0",0," "," ","0",NA," "," "," "
"2108","USC00413787",1976,6,"SNWD",0," "," ","0",0," "," ","0",0," "," ","0",0," "," ","0",0," "," ","0",0," "," ","0",0," "," ","0",0," "," ","0",0," "," ","0",0," "," ","0",0," "," ","0",0," "," ","0",0," "," ","0",0," "," ","0",0," "," ","0",0," "," ","0",0," "," ","0",0," "," ","0",0," "," ","0",0," "," ","0",0," "," ","0",0," "," ","0",0," "," ","0",0," "," ","0",0," "," ","0",0," "," ","0",0," "," ","0",0," "," ","0",0," "," ","0",0," "," ","0",NA," "," "," "
"2109","USC00413787",1976,6,"WT03",NA," "," "," ",NA," "," "," ",1," "," ","0",NA," "," "," ",NA," "," "," ",NA," "," "," ",NA," "," "," ",NA," "," "," ",NA," "," "," ",NA," "," "," ",NA," "," "," ",NA," "," "," ",NA," "," "," ",NA," "," "," ",NA," "," "," ",NA," "," "," ",NA," "," "," ",NA," "," "," ",NA," "," "," ",NA," "," "," ",NA," "," "," ",1," "," ","0",NA," "," "," ",NA," "," "," ",NA," "," "," ",NA," "," "," ",NA," "," "," ",NA," "," "," ",NA," "," "," ",NA," "," "," ",NA," "," "," "
"2110","USC00413787",1976,7,"TMAX",361," "," ","0",378," "," ","0",333," "," ","0",322," "," ","0",306," "," ","0",333," "," ","0",350," "," ","0",367," "," ","0",372," "," ","0",344," "," ","0",339," "," ","0",294," "," ","0",294," "," ","0",322," "," ","0",367," "," ","0",367," "," ","0",356," "," ","0",356," "," ","0",350," "," ","0",372," "," ","0",350," "," ","0",339," "," ","0",339," "," ","0",361," "," ","0",356," "," ","0",383," "," ","0",367," "," ","0",356," "," ","0",356," "," ","0",372," "," ","0",394," "," ","0"
"2111","USC00413787",1976,7,"TMIN",194," "," ","0",178," "," ","0",161," "," ","0",183," "," ","0",161," "," ","0",167," "," ","0",139," "," ","0",144," "," ","0",178," "," ","0",178," "," ","0",189," "," ","0",172," "," ","0",194," "," ","0",178," "," ","0",167," "," ","0",172," "," ","0",178," "," ","0",167," "," ","0",183," "," ","0",206," "," ","0",178," "," ","0",172," "," ","0",156," "," ","0",200," "," ","0",167," "," ","0",172," "," ","0",172," "," ","0",172," "," ","0",156," "," ","0",183," "," ","0",194," "," ","0"
"2112","USC00413787",1976,7,"TOBS",350," "," ","0",328," "," ","0",322," "," ","0",278," "," ","0",294," "," ","0",328," "," ","0",328," "," ","0",361," "," ","0",344," "," ","0",328," "," ","0",283," "," ","0",NA," "," "," ",256," "," ","0",317," "," ","0",367," "," ","0",306," "," ","0",344," "," ","0",339," "," ","0",333," "," ","0",322," "," ","0",333," "," ","0",328," "," ","0",283," "," ","0",228," "," ","0",350," "," ","0",289," "," ","0",356," "," ","0",289," "," ","0",356," "," ","0",361," "," ","0",389," "," ","0"
"2113","USC00413787",1976,7,"PRCP",0," "," ","0",0,"T"," ","0",0," "," ","0",0,"T"," ","0",25," "," ","0",0," "," ","0",0," "," ","0",0," "," ","0",0," "," ","0",0," "," ","0",0," "," ","0",0," "," ","0",0," "," ","0",0," "," ","0",0," "," ","0",0," "," ","0",0," "," ","0",0," "," ","0",0," "," ","0",0," "," ","0",0,"T"," ","0",0," "," ","0",0," "," ","0",43," "," ","0",0,"T"," ","0",10," "," ","0",0," "," ","0",122," "," ","0",0," "," ","0",0," "," ","0",0," "," ","0"
"2114","USC00413787",1976,7,"SNOW",0," "," ","0",0," "," ","0",0," "," ","0",0," "," ","0",0," "," ","0",0," "," ","0",0," "," ","0",0," "," ","0",0," "," ","0",0," "," ","0",0," "," ","0",0," "," ","0",0," "," ","0",0," "," ","0",0," "," ","0",0," "," ","0",0," "," ","0",0," "," ","0",0," "," ","0",0," "," ","0",0," "," ","0",0," "," ","0",0," "," ","0",0," "," ","0",0," "," ","0",0," "," ","0",0," "," ","0",0," "," ","0",0," "," ","0",0," "," ","0",0," "," ","0"
"2115","USC00413787",1976,7,"SNWD",0," "," ","0",0," "," ","0",0," "," ","0",0," "," ","0",0," "," ","0",0," "," ","0",0," "," ","0",0," "," ","0",0," "," ","0",0," "," ","0",0," "," ","0",0," "," ","0",0," "," ","0",0," "," ","0",0," "," ","0",0," "," ","0",0," "," ","0",0," "," ","0",0," "," ","0",0," "," ","0",0," "," ","0",0," "," ","0",0," "," ","0",0," "," ","0",0," "," ","0",0," "," ","0",0," "," ","0",0," "," ","0",0," "," ","0",0," "," ","0",0," "," ","0"
"2116","USC00413787",1976,7,"WT03",NA," "," "," ",NA," "," "," ",NA," "," "," ",1," "," ","0",1," "," ","0",NA," "," "," ",NA," "," "," ",NA," "," "," ",NA," "," "," ",NA," "," "," ",NA," "," "," ",NA," "," "," ",NA," "," "," ",NA," "," "," ",NA," "," "," ",NA," "," "," ",NA," "," "," ",NA," "," "," ",NA," "," "," ",NA," "," "," ",NA," "," "," ",NA," "," "," ",NA," "," "," ",NA," "," "," ",NA," "," "," ",NA," "," "," ",NA," "," "," ",NA," "," "," ",NA," "," "," ",NA," "," "," ",NA," "," "," "
"2117","USC00413787",1976,8,"TMAX",389," "," ","0",322," "," ","0",300," "," ","0",344," "," ","0",344," "," ","0",372," "," ","0",367," "," ","0",361," "," ","0",361," "," ","0",361," "," ","0",350," "," ","0",367," "," ","0",378," "," ","0",372," "," ","0",361," "," ","0",356," "," ","0",350," "," ","0",350," "," ","0",356," "," ","0",361," "," ","0",339," "," ","0",361," "," ","0",350," "," ","0",339," "," ","0",344," "," ","0",361," "," ","0",356," "," ","0",317," "," ","0",322," "," ","0",306," "," ","0",317," "," ","0"
"2118","USC00413787",1976,8,"TMIN",189," "," ","0",178," "," ","0",172," "," ","0",178," "," ","0",178," "," ","0",178," "," ","0",189," "," ","0",172," "," ","0",161," "," ","0",183," "," ","0",217," "," ","0",161," "," ","0",178," "," ","0",156," "," ","0",156," "," ","0",189," "," ","0",178," "," ","0",172," "," ","0",183," "," ","0",161," "," ","0",189," "," ","0",139," "," ","0",178," "," ","0",133," "," ","0",122," "," ","0",178," "," ","0",206," "," ","0",100," "," ","0",100," "," ","0",150," "," ","0",150," "," ","0"
"2119","USC00413787",1976,8,"TOBS",322," "," ","0",267," "," ","0",294," "," ","0",339," "," ","0",333," "," ","0",356," "," ","0",356," "," ","0",350," "," ","0",356," "," ","0",344," "," ","0",311," "," ","0",322," "," ","0",361," "," ","0",361," "," ","0",350," "," ","0",350," "," ","0",339," "," ","0",333," "," ","0",333," "," ","0",333," "," ","0",328," "," ","0",344," "," ","0",300," "," ","0",278," "," ","0",339," "," ","0",356," "," ","0",278," "," ","0",294," "," ","0",306," "," ","0",250," "," ","0",278," "," ","0"
"2120","USC00413787",1976,8,"PRCP",0," "," ","0",0," "," ","0",335," "," ","0",0," "," ","0",0," "," ","0",0," "," ","0",0," "," ","0",0," "," ","0",0," "," ","0",0," "," ","0",0,"T"," ","0",18," "," ","0",0," "," ","0",18," "," ","0",58," "," ","0",0," "," ","0",0," "," ","0",0," "," ","0",0," "," ","0",0," "," ","0",0," "," ","0",0," "," ","0",0," "," ","0",0," "," ","0",0," "," ","0",0," "," ","0",0," "," ","0",0," "," ","0",0," "," ","0",0," "," ","0",0," "," ","0"
"2121","USC00413787",1976,8,"SNOW",0," "," ","0",0," "," ","0",0," "," ","0",0," "," ","0",0," "," ","0",0," "," ","0",0," "," ","0",0," "," ","0",0," "," ","0",0," "," ","0",0," "," ","0",0," "," ","0",0," "," ","0",0," "," ","0",0," "," ","0",0," "," ","0",0," "," ","0",0," "," ","0",0," "," ","0",0," "," ","0",0," "," ","0",0," "," ","0",0," "," ","0",0," "," ","0",0," "," ","0",0," "," ","0",0," "," ","0",0," "," ","0",0," "," ","0",0," "," ","0",0," "," ","0"
"2122","USC00413787",1976,8,"SNWD",0," "," ","0",0," "," ","0",0," "," ","0",0," "," ","0",0," "," ","0",0," "," ","0",0," "," ","0",0," "," ","0",0," "," ","0",0," "," ","0",0," "," ","0",0," "," ","0",0," "," ","0",0," "," ","0",0," "," ","0",0," "," ","0",0," "," ","0",0," "," ","0",0," "," ","0",0," "," ","0",0," "," ","0",0," "," ","0",0," "," ","0",0," "," ","0",0," "," ","0",0," "," ","0",0," "," ","0",0," "," ","0",0," "," ","0",0," "," ","0",0," "," ","0"
"2123","USC00413787",1976,8,"WT03",NA," "," "," ",NA," "," "," ",1," "," ","0",NA," "," "," ",NA," "," "," ",NA," "," "," ",NA," "," "," ",NA," "," "," ",NA," "," "," ",NA," "," "," ",1," "," ","0",1," "," ","0",NA," "," "," ",1," "," ","0",1," "," ","0",NA," "," "," ",NA," "," "," ",NA," "," "," ",NA," "," "," ",NA," "," "," ",NA," "," "," ",NA," "," "," ",1," "," ","0",NA," "," "," ",NA," "," "," ",NA," "," "," ",NA," "," "," ",NA," "," "," ",NA," "," "," ",NA," "," "," ",NA," "," "," "
"2124","USC00413787",1976,9,"TMAX",283," "," ","0",300," "," ","0",367," "," ","0",372," "," ","0",361," "," ","0",339," "," ","0",311," "," ","0",289," "," ","0",239," "," ","0",261," "," ","0",372," "," ","0",350," "," ","0",311," "," ","0",311," "," ","0",294," "," ","0",306," "," ","0",306," "," ","0",317," "," ","0",278," "," ","0",250," "," ","0",289," "," ","0",306," "," ","0",300," "," ","0",317," "," ","0",283," "," ","0",267," "," ","0",228," "," ","0",172," "," ","0",239," "," ","0",306," "," ","0",NA," "," "," "
"2125","USC00413787",1976,9,"TMIN",144," "," ","0",111," "," ","0",150," "," ","0",122," "," ","0",133," "," ","0",178," "," ","0",178," "," ","0",156," "," ","0",111," "," ","0",117," "," ","0",156," "," ","0",122," "," ","0",178," "," ","0",178," "," ","0",167," "," ","0",167," "," ","0",133," "," ","0",161," "," ","0",156," "," ","0",133," "," ","0",111," "," ","0",117," "," ","0",117," "," ","0",111," "," ","0",161," "," ","0",139," "," ","0",61," "," ","0",22," "," ","0",39," "," ","0",67," "," ","0",NA," "," "," "
"2126","USC00413787",1976,9,"TOBS",239," "," ","0",289," "," ","0",367," "," ","0",339," "," ","0",339," "," ","0",244," "," ","0",289," "," ","0",189," "," ","0",222," "," ","0",256," "," ","0",350," "," ","0",311," "," ","0",233," "," ","0",294," "," ","0",250," "," ","0",294," "," ","0",294," "," ","0",267," "," ","0",250," "," ","0",228," "," ","0",261," "," ","0",294," "," ","0",278," "," ","0",228," "," ","0",267," "," ","0",228," "," ","0",72," "," ","0",150," "," ","0",228," "," ","0",289," "," ","0",NA," "," "," "
"2127","USC00413787",1976,9,"PRCP",5," "," ","0",0," "," ","0",0," "," ","0",0," "," ","0",0," "," ","0",0," "," ","0",0," "," ","0",0," "," ","0",0," "," ","0",0," "," ","0",0," "," ","0",0," "," ","0",0," "," ","0",0," "," ","0",0," "," ","0",64," "," ","0",109," "," ","0",0," "," ","0",51," "," ","0",84," "," ","0",0," "," ","0",0," "," ","0",0," "," ","0",0," "," ","0",8," "," ","0",107," "," ","0",122," "," ","0",10," "," ","0",0," "," ","0",0," "," ","0",NA," "," "," "
"2128","USC00413787",1976,9,"SNOW",0," "," ","0",0," "," ","0",0," "," ","0",0," "," ","0",0," "," ","0",0," "," ","0",0," "," ","0",0," "," ","0",0," "," ","0",0," "," ","0",0," "," ","0",0," "," ","0",0," "," ","0",0," "," ","0",0," "," ","0",0," "," ","0",0," "," ","0",0," "," ","0",0," "," ","0",0," "," ","0",0," "," ","0",0," "," ","0",0," "," ","0",0," "," ","0",0," "," ","0",0," "," ","0",0," "," ","0",0," "," ","0",0," "," ","0",0," "," ","0",NA," "," "," "
"2129","USC00413787",1976,9,"SNWD",0," "," ","0",0," "," ","0",0," "," ","0",0," "," ","0",0," "," ","0",0," "," ","0",0," "," ","0",0," "," ","0",0," "," ","0",0," "," ","0",0," "," ","0",0," "," ","0",0," "," ","0",0," "," ","0",0," "," ","0",0," "," ","0",0," "," ","0",0," "," ","0",0," "," ","0",0," "," ","0",0," "," ","0",0," "," ","0",0," "," ","0",0," "," ","0",0," "," ","0",0," "," ","0",0," "," ","0",0," "," ","0",0," "," ","0",0," "," ","0",NA," "," "," "
"2130","USC00413787",1976,9,"WT03",1," "," ","0",NA," "," "," ",NA," "," "," ",NA," "," "," ",NA," "," "," ",NA," "," "," ",NA," "," "," ",NA," "," "," ",NA," "," "," ",NA," "," "," ",NA," "," "," ",NA," "," "," ",NA," "," "," ",NA," "," "," ",NA," "," "," ",1," "," ","0",1," "," ","0",NA," "," "," ",1," "," ","0",1," "," ","0",NA," "," "," ",NA," "," "," ",NA," "," "," ",NA," "," "," ",1," "," ","0",1," "," ","0",1," "," ","0",NA," "," "," ",NA," "," "," ",NA," "," "," ",NA," "," "," "
"2131","USC00413787",1976,10,"TMAX",322," "," ","0",272," "," ","0",283," "," ","0",272," "," ","0",183," "," ","0",189," "," ","0",167," "," ","0",211," "," ","0",306," "," ","0",328," "," ","0",317," "," ","0",300," "," ","0",261," "," ","0",267," "," ","0",256," "," ","0",150," "," ","0",172," "," ","0",144," "," ","0",111," "," ","0",206," "," ","0",228," "," ","0",256," "," ","0",250," "," ","0",239," "," ","0",194," "," ","0",183," "," ","0",44," "," ","0",50," "," ","0",61," "," ","0",194," "," ","0",178," "," ","0"
"2132","USC00413787",1976,10,"TMIN",89," "," ","0",111," "," ","0",128," "," ","0",100," "," ","0",44," "," ","0",67," "," ","0",17," "," ","0",-22," "," ","0",56," "," ","0",56," "," ","0",61," "," ","0",56," "," ","0",83," "," ","0",72," "," ","0",72," "," ","0",-22," "," ","0",-22," "," ","0",33," "," ","0",-33," "," ","0",-50," "," ","0",-22," "," ","0",50," "," ","0",78," "," ","0",17," "," ","0",-50," "," ","0",39," "," ","0",0," "," ","0",11," "," ","0",6," "," ","0",6," "," ","0",-6," "," ","0"
"2133","USC00413787",1976,10,"TOBS",272," "," ","0",228," "," ","0",272," "," ","0",122," "," ","0",167," "," ","0",167," "," ","0",61," "," ","0",211," "," ","0",261," "," ","0",294," "," ","0",300," "," ","0",228," "," ","0",239," "," ","0",256," "," ","0",139," "," ","0",122," "," ","0",144," "," ","0",100," "," ","0",100," "," ","0",183," "," ","0",194," "," ","0",244," "," ","0",239," "," ","0",94," "," ","0",183," "," ","0",44," "," ","0",17," "," ","0",17," "," ","0",44," "," ","0",156," "," ","0",144," "," ","0"
"2134","USC00413787",1976,10,"PRCP",0," "," ","0",0," "," ","0",0,"T"," ","0",10," "," ","0",0," "," ","0",0," "," ","0",33," "," ","0",0," "," ","0",0," "," ","0",0," "," ","0",0," "," ","0",0," "," ","0",0," "," ","0",0," "," ","0",0," "," ","0",0," "," ","0",0," "," ","0",0," "," ","0",0," "," ","0",0," "," ","0",0," "," ","0",0," "," ","0",0," "," ","0",0," "," ","0",0," "," ","0",5," "," ","0",13," "," ","0",15," "," ","0",10," "," ","0",0," "," ","0",0," "," ","0"
"2135","USC00413787",1976,10,"SNOW",0," "," ","0",0," "," ","0",0," "," ","0",0," "," ","0",0," "," ","0",0," "," ","0",0," "," ","0",0," "," ","0",0," "," ","0",0," "," ","0",0," "," ","0",0," "," ","0",0," "," ","0",0," "," ","0",0," "," ","0",0," "," ","0",0," "," ","0",0," "," ","0",0," "," ","0",0," "," ","0",0," "," ","0",0," "," ","0",0," "," ","0",0," "," ","0",0," "," ","0",0," "," ","0",0," "," ","0",0," "," ","0",0,"T"," ","0",0," "," ","0",0," "," ","0"
"2136","USC00413787",1976,10,"SNWD",0," "," ","0",0," "," ","0",0," "," ","0",0," "," ","0",0," "," ","0",0," "," ","0",0," "," ","0",0," "," ","0",0," "," ","0",0," "," ","0",0," "," ","0",0," "," ","0",0," "," ","0",0," "," ","0",0," "," ","0",0," "," ","0",0," "," ","0",0," "," ","0",0," "," ","0",0," "," ","0",0," "," ","0",0," "," ","0",0," "," ","0",0," "," ","0",0," "," ","0",0," "," ","0",0," "," ","0",0," "," ","0",0," "," ","0",0," "," ","0",0," "," ","0"
"2137","USC00413787",1976,11,"TMAX",228," "," ","0",211," "," ","0",156," "," ","0",139," "," ","0",256," "," ","0",278," "," ","0",178," "," ","0",222," "," ","0",250," "," ","0",178," "," ","0",139," "," ","0",0," "," ","0",-17," "," ","0",100," "," ","0",128," "," ","0",144," "," ","0",222," "," ","0",250," "," ","0",183," "," ","0",172," "," ","0",122," "," ","0",133," "," ","0",139," "," ","0",211," "," ","0",206," "," ","0",133," "," ","0",-11," "," ","0",-44," "," ","0",67," "," ","0",128," "," ","0",NA," "," "," "
"2138","USC00413787",1976,11,"TMIN",22," "," ","0",6," "," ","0",28," "," ","0",-17," "," ","0",6," "," ","0",6," "," ","0",-11," "," ","0",-17," "," ","0",0," "," ","0",0," "," ","0",-22," "," ","0",-39," "," ","0",-72," "," ","0",-94," "," ","0",-72," "," ","0",-72," "," ","0",-44," "," ","0",-22," "," ","0",0," "," ","0",-22," "," ","0",11," "," ","0",-67," "," ","0",-17," "," ","0",-28," "," ","0",-22," "," ","0",-28," "," ","0",-122," "," ","0",-200," "," ","0",-144," "," ","0",-94," "," ","0",NA," "," "," "
"2139","USC00413787",1976,11,"TOBS",178," "," ","0",156," "," ","0",89," "," ","0",94," "," ","0",178," "," ","0",178," "," ","0",94," "," ","0",172," "," ","0",178," "," ","0",139," "," ","0",0," "," ","0",-17," "," ","0",-28," "," ","0",17," "," ","0",67," "," ","0",94," "," ","0",128," "," ","0",172," "," ","0",106," "," ","0",122," "," ","0",39," "," ","0",89," "," ","0",72," "," ","0",117," "," ","0",133," "," ","0",-11," "," ","0",-111," "," ","0",-106," "," ","0",44," "," ","0",67," "," ","0",NA," "," "," "
"2140","USC00413787",1976,11,"PRCP",0," "," ","0",0," "," ","0",0," "," ","0",0," "," ","0",0," "," ","0",0," "," ","0",0," "," ","0",0," "," ","0",0," "," ","0",0," "," ","0",0," "," ","0",0," "," ","0",5," "," ","0",0," "," ","0",0," "," ","0",0," "," ","0",0," "," ","0",0," "," ","0",0," "," ","0",0," "," ","0",0," "," ","0",0," "," ","0",0," "," ","0",0," "," ","0",0," "," ","0",0,"T"," ","0",13," "," ","0",0," "," ","0",0," "," ","0",0," "," ","0",NA," "," "," "
"2141","USC00413787",1976,11,"SNOW",0," "," ","0",0," "," ","0",0," "," ","0",0," "," ","0",0," "," ","0",0," "," ","0",0," "," ","0",0," "," ","0",0," "," ","0",0," "," ","0",0," "," ","0",0," "," ","0",13," "," ","0",0," "," ","0",0," "," ","0",0," "," ","0",0," "," ","0",0," "," ","0",0," "," ","0",0," "," ","0",0," "," ","0",0," "," ","0",0," "," ","0",0," "," ","0",0," "," ","0",0," "," ","0",51," "," ","0",0," "," ","0",0," "," ","0",0," "," ","0",NA," "," "," "
"2142","USC00413787",1976,11,"SNWD",0," "," ","0",0," "," ","0",0," "," ","0",0," "," ","0",0," "," ","0",0," "," ","0",0," "," ","0",0," "," ","0",0," "," ","0",0," "," ","0",0," "," ","0",0," "," ","0",NA," "," "," ",NA," "," "," ",0," "," ","0",0," "," ","0",0," "," ","0",0," "," ","0",0," "," ","0",0," "," ","0",0," "," ","0",0," "," ","0",0," "," ","0",0," "," ","0",0," "," ","0",0," "," ","0",51," "," ","0",51," "," ","0",0,"T"," ","0",0," "," ","0",NA," "," "," "
"2143","USC00413787",1976,12,"TMAX",67," "," ","0",156," "," ","0",133," "," ","0",106," "," ","0",128," "," ","0",72," "," ","0",133," "," ","0",139," "," ","0",183," "," ","0",128," "," ","0",117," "," ","0",128," "," ","0",133," "," ","0",161," "," ","0",156," "," ","0",194," "," ","0",217," "," ","0",172," "," ","0",111," "," ","0",67," "," ","0",117," "," ","0",106," "," ","0",133," "," ","0",128," "," ","0",94," "," ","0",206," "," ","0",206," "," ","0",128," "," ","0",167," "," ","0",56," "," ","0",39," "," ","0"
"2144","USC00413787",1976,12,"TMIN",-22," "," ","0",-56," "," ","0",-33," "," ","0",-72," "," ","0",-72," "," ","0",-50," "," ","0",-122," "," ","0",-50," "," ","0",6," "," ","0",-22," "," ","0",-111," "," ","0",-56," "," ","0",-89," "," ","0",-28," "," ","0",-67," "," ","0",-61," "," ","0",-56," "," ","0",-28," "," ","0",-28," "," ","0",-106," "," ","0",-94," "," ","0",-67," "," ","0",-111," "," ","0",-33," "," ","0",-67," "," ","0",-78," "," ","0",-6," "," ","0",-22," "," ","0",-100," "," ","0",-94," "," ","0",-161," "," ","0"
"2145","USC00413787",1976,12,"TOBS",6," "," ","0",89," "," ","0",67," "," ","0",39," "," ","0",17," "," ","0",-39," "," ","0",78," "," ","0",61," "," ","0",128," "," ","0",-11," "," ","0",67," "," ","0",72," "," ","0",89," "," ","0",83," "," ","0",89," "," ","0",111," "," ","0",106," "," ","0",111," "," ","0",67," "," ","0",28," "," ","0",67," "," ","0",-33," "," ","0",89," "," ","0",78," "," ","0",-17," "," ","0",144," "," ","0",128," "," ","0",28," "," ","0",56," "," ","0",-94," "," ","0",-22," "," ","0"
"2146","USC00413787",1976,12,"PRCP",0," "," ","0",0," "," ","0",0," "," ","0",0," "," ","0",0," "," ","0",0,"T"," ","0",0," "," ","0",0," "," ","0",0," "," ","0",0," "," ","0",0," "," ","0",0," "," ","0",0," "," ","0",0," "," ","0",0," "," ","0",0," "," ","0",0," "," ","0",0," "," ","0",0," "," ","0",0," "," ","0",0," "," ","0",0," "," ","0",0," "," ","0",0," "," ","0",0," "," ","0",0," "," ","0",0," "," ","0",0," "," ","0",0," "," ","0",0," "," ","0",0," "," ","0"
"2147","USC00413787",1976,12,"SNOW",0," "," ","0",0," "," ","0",0," "," ","0",0," "," ","0",0," "," ","0",0,"T"," ","0",0," "," ","0",0," "," ","0",0," "," ","0",0," "," ","0",0," "," ","0",0," "," ","0",0," "," ","0",0," "," ","0",0," "," ","0",0," "," ","0",0," "," ","0",0," "," ","0",0," "," ","0",0," "," ","0",0," "," ","0",0," "," ","0",0," "," ","0",0," "," ","0",0," "," ","0",0," "," ","0",0," "," ","0",0," "," ","0",0," "," ","0",0," "," ","0",0," "," ","0"
"2148","USC00413787",1976,12,"SNWD",0," "," ","0",0," "," ","0",0," "," ","0",0," "," ","0",0," "," ","0",0," "," ","0",0," "," ","0",0," "," ","0",0," "," ","0",0," "," ","0",0," "," ","0",0," "," ","0",0," "," ","0",0," "," ","0",0," "," ","0",0," "," ","0",0," "," ","0",0," "," ","0",0," "," ","0",0," "," ","0",0," "," ","0",0," "," ","0",0," "," ","0",0," "," ","0",0," "," ","0",0," "," ","0",0," "," ","0",0," "," ","0",0," "," ","0",0," "," ","0",0," "," ","0"
"2149","USC00413787",1977,1,"TMAX",-17," "," ","0",28," "," ","0",50," "," ","0",33," "," ","0",-39," "," ","0",22," "," ","0",89," "," ","0",50," "," ","0",-100," "," ","0",-6," "," ","0",-11," "," ","0",44," "," ","0",56," "," ","0",89," "," ","0",39," "," ","0",22," "," ","0",111," "," ","0",78," "," ","0",100," "," ","0",144," "," ","0",111," "," ","0",94," "," ","0",83," "," ","0",83," "," ","0",94," "," ","0",133," "," ","0",144," "," ","0",100," "," ","0",72," "," ","0",61," "," ","0",172," "," ","0"
"2150","USC00413787",1977,1,"TMIN",-100," "," ","0",-133," "," ","0",-111," "," ","0",-67," "," ","0",-89," "," ","0",-128," "," ","0",-122," "," ","0",-144," "," ","0",-183," "," ","0",-194," "," ","0",-183," "," ","0",-172," "," ","0",-61," "," ","0",-106," "," ","0",-94," "," ","0",-161," "," ","0",-83," "," ","0",-122," "," ","0",-56," "," ","0",-72," "," ","0",-22," "," ","0",0," "," ","0",-6," "," ","0",-61," "," ","0",-94," "," ","0",-67," "," ","0",-61," "," ","0",-106," "," ","0",-106," "," ","0",-94," "," ","0",-67," "," ","0"
"2151","USC00413787",1977,1,"TOBS",-61," "," ","0",6," "," ","0",17," "," ","0",-39," "," ","0",-67," "," ","0",-28," "," ","0",50," "," ","0",-144," "," ","0",-128," "," ","0",-50," "," ","0",-44," "," ","0",17," "," ","0",17," "," ","0",39," "," ","0",-83," "," ","0",6," "," ","0",78," "," ","0",22," "," ","0",61," "," ","0",94," "," ","0",67," "," ","0",61," "," ","0",56," "," ","0",56," "," ","0",67," "," ","0",72," "," ","0",100," "," ","0",-39," "," ","0",17," "," ","0",33," "," ","0",117," "," ","0"
"2152","USC00413787",1977,1,"PRCP",0,"T"," ","0",23," "," ","0",0," "," ","0",0," "," ","0",5," "," ","0",18," "," ","0",0," "," ","0",0,"T"," ","0",36," "," ","0",0," "," ","0",0," "," ","0",0," "," ","0",0," "," ","0",0," "," ","0",0,"T"," ","0",0," "," ","0",0," "," ","0",0," "," ","0",0," "," ","0",0," "," ","0",0," "," ","0",25," "," ","0",0," "," ","0",0," "," ","0",0," "," ","0",0," "," ","0",0," "," ","0",0," "," ","0",0," "," ","0",0," "," ","0",0," "," ","0"
"2153","USC00413787",1977,1,"SNOW",0," "," ","0",25," "," ","0",0," "," ","0",0," "," ","0",13," "," ","0",20," "," ","0",0," "," ","0",0," "," ","0",64," "," ","0",0," "," ","0",0," "," ","0",0," "," ","0",0," "," ","0",0," "," ","0",0," "," ","0",0," "," ","0",0," "," ","0",0," "," ","0",0," "," ","0",0," "," ","0",0," "," ","0",0,"T"," ","0",0," "," ","0",0," "," ","0",0," "," ","0",0," "," ","0",0," "," ","0",0," "," ","0",0," "," ","0",0," "," ","0",0," "," ","0"
"2154","USC00413787",1977,1,"SNWD",0," "," ","0",NA," "," "," ",0," "," ","0",0," "," ","0",25," "," ","0",25," "," ","0",0," "," ","0",0," "," ","0",76," "," ","0",51," "," ","0",0," "," ","0",0," "," ","0",0," "," ","0",0," "," ","0",0," "," ","0",0," "," ","0",0," "," ","0",0," "," ","0",0," "," ","0",0," "," ","0",0," "," ","0",0," "," ","0",0," "," ","0",0," "," ","0",0," "," ","0",0," "," ","0",0," "," ","0",0," "," ","0",0," "," ","0",0," "," ","0",0," "," ","0"
"2155","USC00413787",1977,2,"TMAX",128," "," ","0",72," "," ","0",117," "," ","0",128," "," ","0",156," "," ","0",117," "," ","0",100," "," ","0",189," "," ","0",200," "," ","0",200," "," ","0",144," "," ","0",167," "," ","0",233," "," ","0",178," "," ","0",117," "," ","0",167," "," ","0",211," "," ","0",211," "," ","0",178," "," ","0",228," "," ","0",261," "," ","0",250," "," ","0",183," "," ","0",167," "," ","0",128," "," ","0",89," "," ","0",94," "," ","0",161," "," ","0",NA," "," "," ",NA," "," "," ",NA," "," "," "
"2156","USC00413787",1977,2,"TMIN",-78," "," ","0",-11," "," ","0",-17," "," ","0",-44," "," ","0",-83," "," ","0",-44," "," ","0",-100," "," ","0",-67," "," ","0",-56," "," ","0",-33," "," ","0",6," "," ","0",-11," "," ","0",-39," "," ","0",11," "," ","0",-67," "," ","0",-28," "," ","0",-11," "," ","0",-33," "," ","0",-28," "," ","0",-50," "," ","0",-33," "," ","0",44," "," ","0",22," "," ","0",-22," "," ","0",17," "," ","0",-39," "," ","0",-61," "," ","0",-67," "," ","0",NA," "," "," ",NA," "," "," ",NA," "," "," "
"2157","USC00413787",1977,2,"TOBS",72," "," ","0",6," "," ","0",72," "," ","0",94," "," ","0",117," "," ","0",56," "," ","0",72," "," ","0",172," "," ","0",156," "," ","0",144," "," ","0",100," "," ","0",144," "," ","0",178," "," ","0",67," "," ","0",94," "," ","0",139," "," ","0",172," "," ","0",178," "," ","0",133," "," ","0",200," "," ","0",200," "," ","0",183," "," ","0",122," "," ","0",128," "," ","0",28," "," ","0",78," "," ","0",72," "," ","0",156," "," ","0",NA," "," "," ",NA," "," "," ",NA," "," "," "
"2158","USC00413787",1977,2,"PRCP",0," "," ","0",0," "," ","0",8," "," ","0",0," "," ","0",0," "," ","0",0," "," ","0",0," "," ","0",0," "," ","0",0," "," ","0",0," "," ","0",0," "," ","0",0," "," ","0",0," "," ","0",0,"T"," ","0",0," "," ","0",0," "," ","0",0," "," ","0",0," "," ","0",0," "," ","0",0," "," ","0",0," "," ","0",0," "," ","0",0,"T"," ","0",0," "," ","0",0," "," ","0",5," "," ","0",0," "," ","0",0," "," ","0",NA," "," "," ",NA," "," "," ",NA," "," "," "
"2159","USC00413787",1977,2,"SNOW",0," "," ","0",0," "," ","0",13," "," ","0",0," "," ","0",0," "," ","0",0," "," ","0",0," "," ","0",0," "," ","0",0," "," ","0",0," "," ","0",0," "," ","0",0," "," ","0",0," "," ","0",0," "," ","0",0," "," ","0",0," "," ","0",0," "," ","0",0," "," ","0",0," "," ","0",0," "," ","0",0," "," ","0",0," "," ","0",0," "," ","0",0," "," ","0",0," "," ","0",13," "," ","0",0," "," ","0",0," "," ","0",NA," "," "," ",NA," "," "," ",NA," "," "," "
"2160","USC00413787",1977,2,"SNWD",0," "," ","0",0," "," ","0",25," "," ","0",0," "," ","0",0," "," ","0",0," "," ","0",0," "," ","0",0," "," ","0",0," "," ","0",0," "," ","0",0," "," ","0",0," "," ","0",0," "," ","0",0," "," ","0",0," "," ","0",0," "," ","0",0," "," ","0",0," "," ","0",0," "," ","0",0," "," ","0",0," "," ","0",0," "," ","0",0," "," ","0",0," "," ","0",0," "," ","0",0,"T"," ","0",0," "," ","0",0," "," ","0",NA," "," "," ",NA," "," "," ",NA," "," "," "
"2161","USC00413787",1977,3,"TMAX",156," "," ","0",139," "," ","0",94," "," ","0",94," "," ","0",111," "," ","0",156," "," ","0",239," "," ","0",267," "," ","0",256," "," ","0",211," "," ","0",133," "," ","0",128," "," ","0",289," "," ","0",267," "," ","0",239," "," ","0",167," "," ","0",211," "," ","0",211," "," ","0",183," "," ","0",228," "," ","0",194," "," ","0",228," "," ","0",228," "," ","0",261," "," ","0",278," "," ","0",233," "," ","0",217," "," ","0",222," "," ","0",167," "," ","0",178," "," ","0",172," "," ","0"
"2162","USC00413787",1977,3,"TMIN",-22," "," ","0",72," "," ","0",-39," "," ","0",-72," "," ","0",-100," "," ","0",-67," "," ","0",-56," "," ","0",17," "," ","0",22," "," ","0",78," "," ","0",11," "," ","0",0," "," ","0",-56," "," ","0",17," "," ","0",-6," "," ","0",-17," "," ","0",117," ","S","0",-33," "," ","0",-17," "," ","0",-11," "," ","0",-39," "," ","0",-33," "," ","0",-11," "," ","0",28," "," ","0",39," "," ","0",100," "," ","0",78," "," ","0",17," "," ","0",-28," "," ","0",-33," "," ","0",-39," "," ","0"
"2163","USC00413787",1977,3,"TOBS",106," "," ","0",94," "," ","0",11," "," ","0",61," "," ","0",89," "," ","0",139," "," ","0",222," "," ","0",206," "," ","0",211," "," ","0",133," "," ","0",11," "," ","0",128," "," ","0",267," "," ","0",239," "," ","0",139," "," ","0",117," "," ","0",161," "," ","0",183," "," ","0",144," "," ","0",194," "," ","0",117," "," ","0",217," "," ","0",156," "," ","0",239," "," ","0",211," "," ","0",206," "," ","0",83," "," ","0",167," "," ","0",117," "," ","0",139," "," ","0",128," "," ","0"
"2164","USC00413787",1977,3,"PRCP",0," "," ","0",0," "," ","0",0," "," ","0",0," "," ","0",0," "," ","0",0," "," ","0",0," "," ","0",0," "," ","0",0," "," ","0",0," "," ","0",0,"T"," ","0",0,"T"," ","0",0," "," ","0",0," "," ","0",0," "," ","0",0," "," ","0",0," "," ","0",0," "," ","0",0," "," ","0",0," "," ","0",0," "," ","0",0," "," ","0",0," "," ","0",0," "," ","0",0," "," ","0",0," "," ","0",33," "," ","0",30," "," ","0",0," "," ","0",0," "," ","0",0," "," ","0"
"2165","USC00413787",1977,3,"SNOW",0," "," ","0",0," "," ","0",0," "," ","0",0," "," ","0",0," "," ","0",0," "," ","0",0," "," ","0",0," "," ","0",0," "," ","0",0," "," ","0",0," "," ","0",0," "," ","0",0," "," ","0",0," "," ","0",0," "," ","0",0," "," ","0",0," "," ","0",0," "," ","0",0," "," ","0",0," "," ","0",0," "," ","0",0," "," ","0",0," "," ","0",0," "," ","0",0," "," ","0",0," "," ","0",0," "," ","0",0," "," ","0",0," "," ","0",0," "," ","0",0," "," ","0"
"2166","USC00413787",1977,3,"SNWD",0," "," ","0",0," "," ","0",0," "," ","0",0," "," ","0",0," "," ","0",0," "," ","0",0," "," ","0",0," "," ","0",0," "," ","0",0," "," ","0",0," "," ","0",0," "," ","0",0," "," ","0",0," "," ","0",0," "," ","0",0," "," ","0",0," "," ","0",0," "," ","0",0," "," ","0",0," "," ","0",0," "," ","0",0," "," ","0",0," "," ","0",0," "," ","0",0," "," ","0",0," "," ","0",0," "," ","0",0," "," ","0",0," "," ","0",0," "," ","0",0," "," ","0"
"2167","USC00413787",1977,4,"TMAX",239," "," ","0",189," "," ","0",200," "," ","0",139," "," ","0",206," "," ","0",267," "," ","0",294," "," ","0",322," "," ","0",294," "," ","0",278," "," ","0",250," "," ","0",211," "," ","0",222," "," ","0",194," "," ","0",211," "," ","0",239," "," ","0",183," "," ","0",222," "," ","0",228," "," ","0",156," "," ","0",89," "," ","0",167," "," ","0",222," "," ","0",217," "," ","0",261," "," ","0",267," "," ","0",317," "," ","0",317," "," ","0",311," "," ","0",283," "," ","0",NA," "," "," "
"2168","USC00413787",1977,4,"TMIN",72," "," ","0",-17," "," ","0",17," "," ","0",-50," "," ","0",-6," "," ","0",11," "," ","0",72," "," ","0",100," "," ","0",106," "," ","0",122," "," ","0",122," "," ","0",133," "," ","0",83," "," ","0",111," "," ","0",100," "," ","0",78," "," ","0",133," "," ","0",89," "," ","0",111," "," ","0",78," "," ","0",44," "," ","0",39," "," ","0",33," "," ","0",67," "," ","0",56," "," ","0",61," "," ","0",106," "," ","0",128," "," ","0",117," "," ","0",139," "," ","0",NA," "," "," "
"2169","USC00413787",1977,4,"TOBS",172," "," ","0",172," "," ","0",17," "," ","0",106," "," ","0",183," "," ","0",256," "," ","0",278," "," ","0",278," "," ","0",267," "," ","0",250," "," ","0",150," "," ","0",172," "," ","0",172," "," ","0",139," "," ","0",161," "," ","0",183," "," ","0",172," "," ","0",189," "," ","0",156," "," ","0",89," "," ","0",50," "," ","0",150," "," ","0",211," "," ","0",194," "," ","0",244," "," ","0",244," "," ","0",300," "," ","0",306," "," ","0",283," "," ","0",228," "," ","0",NA," "," "," "
"2170","USC00413787",1977,4,"PRCP",0," "," ","0",0," "," ","0",10," "," ","0",41," "," ","0",0," "," ","0",0," "," ","0",0," "," ","0",0," "," ","0",0," "," ","0",0," "," ","0",0," "," ","0",0," "," ","0",0,"T"," ","0",122," "," ","0",74," "," ","0",0," "," ","0",74," "," ","0",0," "," ","0",43," "," ","0",58," "," ","0",64," "," ","0",25," "," ","0",0," "," ","0",0," "," ","0",0," "," ","0",0," "," ","0",0," "," ","0",0," "," ","0",0," "," ","0",0," "," ","0",NA," "," "," "
"2171","USC00413787",1977,4,"SNOW",0," "," ","0",0," "," ","0",0," "," ","0",51," "," ","0",0," "," ","0",0," "," ","0",0," "," ","0",0," "," ","0",0," "," ","0",0," "," ","0",0," "," ","0",0," "," ","0",0," "," ","0",0," "," ","0",0," "," ","0",0," "," ","0",0," "," ","0",0," "," ","0",0," "," ","0",0," "," ","0",0," "," ","0",0," "," ","0",0," "," ","0",0," "," ","0",0," "," ","0",0," "," ","0",0," "," ","0",0," "," ","0",0," "," ","0",0," "," ","0",NA," "," "," "
"2172","USC00413787",1977,4,"SNWD",0," "," ","0",0," "," ","0",0," "," ","0",0," "," ","0",0," "," ","0",0," "," ","0",0," "," ","0",0," "," ","0",0," "," ","0",0," "," ","0",0," "," ","0",0," "," ","0",0," "," ","0",0," "," ","0",0," "," ","0",0," "," ","0",0," "," ","0",0," "," ","0",0," "," ","0",0," "," ","0",0," "," ","0",0," "," ","0",0," "," ","0",0," "," ","0",0," "," ","0",0," "," ","0",0," "," ","0",0," "," ","0",0," "," ","0",0," "," ","0",NA," "," "," "
"2173","USC00413787",1977,4,"WT03",NA," "," "," ",NA," "," "," ",NA," "," "," ",NA," "," "," ",NA," "," "," ",NA," "," "," ",NA," "," "," ",NA," "," "," ",NA," "," "," ",NA," "," "," ",NA," "," "," ",NA," "," "," ",NA," "," "," ",NA," "," "," ",NA," "," "," ",NA," "," "," ",NA," "," "," ",NA," "," "," ",1," "," ","0",NA," "," "," ",NA," "," "," ",NA," "," "," ",NA," "," "," ",NA," "," "," ",NA," "," "," ",NA," "," "," ",NA," "," "," ",NA," "," "," ",NA," "," "," ",NA," "," "," ",NA," "," "," "
"2174","USC00413787",1977,5,"TMAX",317," "," ","0",283," "," ","0",300," "," ","0",294," "," ","0",289," "," ","0",328," "," ","0",350," "," ","0",339," "," ","0",328," "," ","0",200," "," ","0",261," "," ","0",250," "," ","0",244," "," ","0",272," "," ","0",283," "," ","0",267," "," ","0",294," "," ","0",261," "," ","0",267," "," ","0",261," "," ","0",228," "," ","0",289," "," ","0",294," "," ","0",278," "," ","0",267," "," ","0",250," "," ","0",289," "," ","0",283," "," ","0",278," "," ","0",311," "," ","0",272," "," ","0"
"2175","USC00413787",1977,5,"TMIN",106," "," ","0",117," "," ","0",128," "," ","0",133," "," ","0",89," "," ","0",117," "," ","0",128," "," ","0",139," "," ","0",122," "," ","0",128," "," ","0",128," "," ","0",133," "," ","0",128," "," ","0",161," "," ","0",78," "," ","0",106," "," ","0",133," "," ","0",144," "," ","0",139," "," ","0",117," "," ","0",89," "," ","0",100," "," ","0",161," "," ","0",133," "," ","0",172," "," ","0",144," "," ","0",139," "," ","0",133," "," ","0",139," "," ","0",161," "," ","0",144," "," ","0"
"2176","USC00413787",1977,5,"TOBS",283," "," ","0",256," "," ","0",211," "," ","0",289," "," ","0",256," "," ","0",322," "," ","0",339," "," ","0",267," "," ","0",156," "," ","0",183," "," ","0",250," "," ","0",239," "," ","0",228," "," ","0",261," "," ","0",267," "," ","0",161," "," ","0",222," "," ","0",256," "," ","0",261," "," ","0",144," "," ","0",228," "," ","0",289," "," ","0",278," "," ","0",267," "," ","0",222," "," ","0",172," "," ","0",278," "," ","0",278," "," ","0",267," "," ","0",250," "," ","0",267," "," ","0"
"2177","USC00413787",1977,5,"PRCP",0," "," ","0",0,"T"," ","0",5," "," ","0",0," "," ","0",0," "," ","0",0," "," ","0",0," "," ","0",0,"T"," ","0",465," "," ","0",188," "," ","0",0," "," ","0",28," "," ","0",0," "," ","0",0," "," ","0",0," "," ","0",64," "," ","0",5," "," ","0",0,"T"," ","0",0,"T"," ","0",132," "," ","0",122," "," ","0",0," "," ","0",0," "," ","0",0,"T"," ","0",0,"T"," ","0",295," "," ","0",0," "," ","0",0," "," ","0",0," "," ","0",0," "," ","0",701," "," ","0"
"2178","USC00413787",1977,5,"SNOW",0," "," ","0",0," "," ","0",0," "," ","0",0," "," ","0",0," "," ","0",0," "," ","0",0," "," ","0",0," "," ","0",0," "," ","0",0," "," ","0",0," "," ","0",0," "," ","0",0," "," ","0",0," "," ","0",0," "," ","0",0," "," ","0",0," "," ","0",0," "," ","0",0," "," ","0",0," "," ","0",0," "," ","0",0," "," ","0",0," "," ","0",0," "," ","0",0," "," ","0",0," "," ","0",0," "," ","0",0," "," ","0",0," "," ","0",0," "," ","0",0," "," ","0"
"2179","USC00413787",1977,5,"SNWD",0," "," ","0",0," "," ","0",0," "," ","0",0," "," ","0",0," "," ","0",0," "," ","0",0," "," ","0",0," "," ","0",0," "," ","0",0," "," ","0",0," "," ","0",0," "," ","0",0," "," ","0",0," "," ","0",0," "," ","0",0," "," ","0",0," "," ","0",0," "," ","0",0," "," ","0",0," "," ","0",0," "," ","0",0," "," ","0",0," "," ","0",0," "," ","0",0," "," ","0",0," "," ","0",0," "," ","0",0," "," ","0",0," "," ","0",0," "," ","0",0," "," ","0"
"2180","USC00413787",1977,5,"WT03",NA," "," "," ",NA," "," "," ",1," "," ","0",NA," "," "," ",NA," "," "," ",NA," "," "," ",NA," "," "," ",1," "," ","0",1," "," ","0",1," "," ","0",NA," "," "," ",NA," "," "," ",NA," "," "," ",NA," "," "," ",NA," "," "," ",1," "," ","0",1," "," ","0",1," "," ","0",1," "," ","0",1," "," ","0",1," "," ","0",NA," "," "," ",NA," "," "," ",NA," "," "," ",1," "," ","0",1," "," ","0",NA," "," "," ",NA," "," "," ",NA," "," "," ",NA," "," "," ",1," "," ","0"
"2181","USC00413787",1977,6,"TMAX",322," "," ","0",344," "," ","0",328," "," ","0",350," "," ","0",339," "," ","0",333," "," ","0",300," "," ","0",350," "," ","0",350," "," ","0",367," "," ","0",383," "," ","0",356," "," ","0",350," "," ","0",339," "," ","0",344," "," ","0",394," "," ","0",378," "," ","0",367," "," ","0",350," "," ","0",350," "," ","0",361," "," ","0",356," "," ","0",317," "," ","0",306," "," ","0",294," "," ","0",344," "," ","0",383," "," ","0",372," "," ","0",350," "," ","0",333," "," ","0",NA," "," "," "
"2182","USC00413787",1977,6,"TMIN",150," "," ","0",183," "," ","0",172," "," ","0",167," "," ","0",161," "," ","0",139," "," ","0",122," "," ","0",156," "," ","0",183," "," ","0",178," "," ","0",194," "," ","0",156," "," ","0",178," "," ","0",150," "," ","0",194," "," ","0",189," "," ","0",194," "," ","0",200," "," ","0",194," "," ","0",172," "," ","0",194," "," ","0",183," "," ","0",167," "," ","0",183," "," ","0",172," "," ","0",144," "," ","0",183," "," ","0",189," "," ","0",183," "," ","0",200," "," ","0",NA," "," "," "
"2183","USC00413787",1977,6,"TOBS",317," "," ","0",317," "," ","0",317," "," ","0",333," "," ","0",333," "," ","0",267," "," ","0",289," "," ","0",339," "," ","0",333," "," ","0",361," "," ","0",239," "," ","0",350," "," ","0",233," "," ","0",311," "," ","0",333," "," ","0",367," "," ","0",367," "," ","0",311," "," ","0",344," "," ","0",311," "," ","0",356," "," ","0",250," "," ","0",239," "," ","0",272," "," ","0",294," "," ","0",333," "," ","0",372," "," ","0",283," "," ","0",333," "," ","0",289," "," ","0",NA," "," "," "
"2184","USC00413787",1977,6,"PRCP",0," "," ","0",0," "," ","0",0," "," ","0",0," "," ","0",0," "," ","0",0," "," ","0",0," "," ","0",0," "," ","0",0," "," ","0",0,"T"," ","0",41," "," ","0",0," "," ","0",5," "," ","0",0," "," ","0",0," "," ","0",0," "," ","0",0," "," ","0",0," "," ","0",0,"T"," ","0",13," "," ","0",0," "," ","0",0," "," ","0",323," "," ","0",13," "," ","0",0," "," ","0",0," "," ","0",0," "," ","0",0," "," ","0",0," "," ","0",0," "," ","0",NA," "," "," "
"2185","USC00413787",1977,6,"SNOW",0," "," ","0",0," "," ","0",0," "," ","0",0," "," ","0",0," "," ","0",0," "," ","0",0," "," ","0",0," "," ","0",0," "," ","0",0," "," ","0",0," "," ","0",0," "," ","0",0," "," ","0",0," "," ","0",0," "," ","0",0," "," ","0",0," "," ","0",0," "," ","0",0," "," ","0",0," "," ","0",0," "," ","0",0," "," ","0",0," "," ","0",0," "," ","0",0," "," ","0",0," "," ","0",0," "," ","0",0," "," ","0",0," "," ","0",0," "," ","0",NA," "," "," "
"2186","USC00413787",1977,6,"SNWD",0," "," ","0",0," "," ","0",0," "," ","0",0," "," ","0",0," "," ","0",0," "," ","0",0," "," ","0",0," "," ","0",0," "," ","0",0," "," ","0",0," "," ","0",0," "," ","0",0," "," ","0",0," "," ","0",0," "," ","0",0," "," ","0",0," "," ","0",0," "," ","0",0," "," ","0",0," "," ","0",0," "," ","0",0," "," ","0",0," "," ","0",0," "," ","0",0," "," ","0",0," "," ","0",0," "," ","0",0," "," ","0",0," "," ","0",0," "," ","0",NA," "," "," "
"2187","USC00413787",1977,6,"WT03",NA," "," "," ",NA," "," "," ",NA," "," "," ",NA," "," "," ",NA," "," "," ",NA," "," "," ",NA," "," "," ",NA," "," "," ",NA," "," "," ",1," "," ","0",1," "," ","0",NA," "," "," ",1," "," ","0",NA," "," "," ",NA," "," "," ",NA," "," "," ",NA," "," "," ",NA," "," "," ",1," "," ","0",1," "," ","0",NA," "," "," ",NA," "," "," ",1," "," ","0",1," "," ","0",NA," "," "," ",NA," "," "," ",NA," "," "," ",NA," "," "," ",NA," "," "," ",NA," "," "," ",NA," "," "," "
"2188","USC00413787",1977,7,"TMAX",344," "," ","0",350," "," ","0",361," "," ","0",356," "," ","0",361," "," ","0",383," "," ","0",372," "," ","0",367," "," ","0",339," "," ","0",394," "," ","0",389," "," ","0",389," "," ","0",367," "," ","0",378," "," ","0",383," "," ","0",383," "," ","0",394," "," ","0",383," "," ","0",378," "," ","0",394," "," ","0",383," "," ","0",367," "," ","0",372," "," ","0",383," "," ","0",378," "," ","0",367," "," ","0",294," "," ","0",361," "," ","0",356," "," ","0",389," "," ","0",383," "," ","0"
"2189","USC00413787",1977,7,"TMIN",178," "," ","0",194," "," ","0",217," "," ","0",206," "," ","0",189," "," ","0",200," "," ","0",189," "," ","0",189," "," ","0",172," "," ","0",200," "," ","0",233," "," ","0",211," "," ","0",189," "," ","0",211," "," ","0",194," "," ","0",189," "," ","0",211," "," ","0",222," "," ","0",217," "," ","0",217," "," ","0",206," "," ","0",167," "," ","0",178," "," ","0",206," "," ","0",200," "," ","0",172," "," ","0",178," "," ","0",200," "," ","0",167," "," ","0",189," "," ","0",189," "," ","0"
"2190","USC00413787",1977,7,"TOBS",289," "," ","0",339," "," ","0",350," "," ","0",344," "," ","0",356," "," ","0",322," "," ","0",367," "," ","0",311," "," ","0",328," "," ","0",383," "," ","0",367," "," ","0",350," "," ","0",350," "," ","0",367," "," ","0",367," "," ","0",367," "," ","0",367," "," ","0",367," "," ","0",361," "," ","0",378," "," ","0",339," "," ","0",339," "," ","0",356," "," ","0",378," "," ","0",367," "," ","0",267," "," ","0",289," "," ","0",328," "," ","0",344," "," ","0",383," "," ","0",333," "," ","0"
"2191","USC00413787",1977,7,"PRCP",0," "," ","0",0," "," ","0",0," "," ","0",0," "," ","0",0," "," ","0",25," "," ","0",0," "," ","0",0," "," ","0",0," "," ","0",0," "," ","0",0," "," ","0",0,"T"," ","0",0," "," ","0",0," "," ","0",0," "," ","0",0," "," ","0",0," "," ","0",0," "," ","0",0," "," ","0",0," "," ","0",0," "," ","0",0," "," ","0",0," "," ","0",0," "," ","0",0," "," ","0",780," "," ","0",5," "," ","0",0," "," ","0",5," "," ","0",0," "," ","0",0," "," ","0"
"2192","USC00413787",1977,7,"SNOW",0," "," ","0",0," "," ","0",0," "," ","0",0," "," ","0",0," "," ","0",0," "," ","0",0," "," ","0",0," "," ","0",0," "," ","0",0," "," ","0",0," "," ","0",0," "," ","0",0," "," ","0",0," "," ","0",0," "," ","0",0," "," ","0",0," "," ","0",0," "," ","0",0," "," ","0",0," "," ","0",0," "," ","0",0," "," ","0",0," "," ","0",0," "," ","0",0," "," ","0",0," "," ","0",0," "," ","0",0," "," ","0",0," "," ","0",0," "," ","0",0," "," ","0"
"2193","USC00413787",1977,7,"SNWD",0," "," ","0",0," "," ","0",0," "," ","0",0," "," ","0",0," "," ","0",0," "," ","0",0," "," ","0",0," "," ","0",0," "," ","0",0," "," ","0",0," "," ","0",0," "," ","0",0," "," ","0",0," "," ","0",0," "," ","0",0," "," ","0",0," "," ","0",0," "," ","0",0," "," ","0",0," "," ","0",0," "," ","0",0," "," ","0",0," "," ","0",0," "," ","0",0," "," ","0",0," "," ","0",0," "," ","0",0," "," ","0",0," "," ","0",0," "," ","0",0," "," ","0"
"2194","USC00413787",1977,7,"WT03",NA," "," "," ",NA," "," "," ",NA," "," "," ",NA," "," "," ",NA," "," "," ",1," "," ","0",NA," "," "," ",1," "," ","0",NA," "," "," ",NA," "," "," ",NA," "," "," ",1," "," ","0",NA," "," "," ",NA," "," "," ",NA," "," "," ",NA," "," "," ",NA," "," "," ",NA," "," "," ",NA," "," "," ",NA," "," "," ",NA," "," "," ",NA," "," "," ",NA," "," "," ",NA," "," "," ",NA," "," "," ",1," "," ","0",1," "," ","0",NA," "," "," ",NA," "," "," ",NA," "," "," ",NA," "," "," "
"2195","USC00413787",1977,8,"TMAX",339," "," ","0",344," "," ","0",356," "," ","0",378," "," ","0",378," "," ","0",356," "," ","0",361," "," ","0",372," "," ","0",361," "," ","0",344," "," ","0",322," "," ","0",283," "," ","0",333," "," ","0",350," "," ","0",350," "," ","0",339," "," ","0",306," "," ","0",300," "," ","0",294," "," ","0",322," "," ","0",333," "," ","0",328," "," ","0",339," "," ","0",350," "," ","0",367," "," ","0",361," "," ","0",361," "," ","0",333," "," ","0",278," "," ","0",333," "," ","0",350," "," ","0"
"2196","USC00413787",1977,8,"TMIN",167," "," ","0",172," "," ","0",167," "," ","0",211," "," ","0",194," "," ","0",178," "," ","0",206," "," ","0",200," "," ","0",200," "," ","0",189," "," ","0",139," "," ","0",133," "," ","0",200," "," ","0",194," "," ","0",189," "," ","0",200," "," ","0",189," "," ","0",178," "," ","0",178," "," ","0",194," "," ","0",172," "," ","0",178," "," ","0",189," "," ","0",183," "," ","0",200," "," ","0",211," "," ","0",233," "," ","0",156," "," ","0",167," "," ","0",194," "," ","0",178," "," ","0"
"2197","USC00413787",1977,8,"TOBS",317," "," ","0",289," "," ","0",350," "," ","0",378," "," ","0",350," "," ","0",350," "," ","0",356," "," ","0",361," "," ","0",344," "," ","0",322," "," ","0",206," "," ","0",278," "," ","0",322," "," ","0",339," "," ","0",339," "," ","0",306," "," ","0",211," "," ","0",283," "," ","0",283," "," ","0",311," "," ","0",322," "," ","0",317," "," ","0",333," "," ","0",333," "," ","0",350," "," ","0",344," "," ","0",333," "," ","0",194," "," ","0",267," "," ","0",306," "," ","0",306," "," ","0"
"2198","USC00413787",1977,8,"PRCP",201," "," ","0",0," "," ","0",0," "," ","0",0," "," ","0",46," "," ","0",20," "," ","0",0," "," ","0",0," "," ","0",18," "," ","0",8," "," ","0",8," "," ","0",0," "," ","0",0," "," ","0",0," "," ","0",5," "," ","0",0," "," ","0",5," "," ","0",0," "," ","0",160," "," ","0",0," "," ","0",18," "," ","0",5," "," ","0",0," "," ","0",0," "," ","0",0," "," ","0",0," "," ","0",0," "," ","0",0," "," ","0",0,"T"," ","0",0," "," ","0",0," "," ","0"
"2199","USC00413787",1977,8,"SNOW",0," "," ","0",0," "," ","0",0," "," ","0",0," "," ","0",0," "," ","0",0," "," ","0",0," "," ","0",0," "," ","0",0," "," ","0",0," "," ","0",0," "," ","0",0," "," ","0",0," "," ","0",0," "," ","0",0," "," ","0",0," "," ","0",0," "," ","0",0," "," ","0",0," "," ","0",0," "," ","0",0," "," ","0",0," "," ","0",0," "," ","0",0," "," ","0",0," "," ","0",0," "," ","0",0," "," ","0",0," "," ","0",0," "," ","0",0," "," ","0",0," "," ","0"
"2200","USC00413787",1977,8,"SNWD",0," "," ","0",0," "," ","0",0," "," ","0",0," "," ","0",0," "," ","0",0," "," ","0",0," "," ","0",0," "," ","0",0," "," ","0",0," "," ","0",0," "," ","0",0," "," ","0",0," "," ","0",0," "," ","0",0," "," ","0",0," "," ","0",0," "," ","0",0," "," ","0",0," "," ","0",0," "," ","0",0," "," ","0",0," "," ","0",0," "," ","0",0," "," ","0",0," "," ","0",0," "," ","0",0," "," ","0",0," "," ","0",0," "," ","0",0," "," ","0",0," "," ","0"
"2201","USC00413787",1977,8,"WT03",1," "," ","0",1," "," ","0",NA," "," "," ",NA," "," "," ",1," "," ","0",1," "," ","0",NA," "," "," ",NA," "," "," ",1," "," ","0",1," "," ","0",1," "," ","0",NA," "," "," ",NA," "," "," ",NA," "," "," ",1," "," ","0",NA," "," "," ",NA," "," "," ",NA," "," "," ",1," "," ","0",NA," "," "," ",1," "," ","0",1," "," ","0",NA," "," "," ",NA," "," "," ",NA," "," "," ",NA," "," "," ",NA," "," "," ",NA," "," "," ",NA," "," "," ",NA," "," "," ",NA," "," "," "
"2202","USC00413787",1977,9,"TMAX",317," "," ","0",328," "," ","0",306," "," ","0",311," "," ","0",300," "," ","0",317," "," ","0",322," "," ","0",322," "," ","0",317," "," ","0",300," "," ","0",350," "," ","0",322," "," ","0",317," "," ","0",267," "," ","0",328," "," ","0",322," "," ","0",333," "," ","0",322," "," ","0",311," "," ","0",361," "," ","0",350," "," ","0",278," "," ","0",294," "," ","0",300," "," ","0",328," "," ","0",339," "," ","0",306," "," ","0",344," "," ","0",333," "," ","0",339," "," ","0",NA," "," "," "
"2203","USC00413787",1977,9,"TMIN",183," "," ","0",189," "," ","0",194," "," ","0",189," "," ","0",183," "," ","0",150," "," ","0",133," "," ","0",167," "," ","0",133," "," ","0",128," "," ","0",161," "," ","0",183," "," ","0",161," "," ","0",111," "," ","0",94," "," ","0",133," "," ","0",178," "," ","0",128," "," ","0",72," "," ","0",161," "," ","0",133," "," ","0",167," "," ","0",67," "," ","0",128," "," ","0",128," "," ","0",106," "," ","0",133," "," ","0",189," "," ","0",189," "," ","0",139," "," ","0",NA," "," "," "
"2204","USC00413787",1977,9,"TOBS",306," "," ","0",211," "," ","0",300," "," ","0",300," "," ","0",278," "," ","0",300," "," ","0",311," "," ","0",317," "," ","0",217," "," ","0",294," "," ","0",306," "," ","0",317," "," ","0",206," "," ","0",244," "," ","0",306," "," ","0",300," "," ","0",322," "," ","0",250," "," ","0",289," "," ","0",350," "," ","0",278," "," ","0",278," "," ","0",294," "," ","0",289," "," ","0",300," "," ","0",306," "," ","0",294," "," ","0",333," "," ","0",300," "," ","0",283," "," ","0",NA," "," "," "
"2205","USC00413787",1977,9,"PRCP",226," "," ","0",0,"T"," ","0",20," "," ","0",10," "," ","0",173," "," ","0",0," "," ","0",0," "," ","0",0," "," ","0",0,"T"," ","0",0," "," ","0",0," "," ","0",0," "," ","0",23," "," ","0",0," "," ","0",0," "," ","0",0," "," ","0",0," "," ","0",0," "," ","0",0," "," ","0",0," "," ","0",0," "," ","0",0," "," ","0",48," "," ","0",0," "," ","0",0," "," ","0",0," "," ","0",0," "," ","0",0,"T"," ","0",0," "," ","0",0," "," ","0",NA," "," "," "
"2206","USC00413787",1977,9,"SNOW",0," "," ","0",0," "," ","0",0," "," ","0",0," "," ","0",0," "," ","0",0," "," ","0",0," "," ","0",0," "," ","0",0," "," ","0",0," "," ","0",0," "," ","0",0," "," ","0",0," "," ","0",0," "," ","0",0," "," ","0",0," "," ","0",0," "," ","0",0," "," ","0",0," "," ","0",0," "," ","0",0," "," ","0",0," "," ","0",0," "," ","0",0," "," ","0",0," "," ","0",0," "," ","0",0," "," ","0",0," "," ","0",0," "," ","0",0," "," ","0",NA," "," "," "
"2207","USC00413787",1977,9,"SNWD",0," "," ","0",0," "," ","0",0," "," ","0",0," "," ","0",0," "," ","0",0," "," ","0",0," "," ","0",0," "," ","0",0," "," ","0",0," "," ","0",0," "," ","0",0," "," ","0",0," "," ","0",0," "," ","0",0," "," ","0",0," "," ","0",0," "," ","0",0," "," ","0",0," "," ","0",0," "," ","0",0," "," ","0",0," "," ","0",0," "," ","0",0," "," ","0",0," "," ","0",0," "," ","0",0," "," ","0",0," "," ","0",0," "," ","0",0," "," ","0",NA," "," "," "
"2208","USC00413787",1977,9,"WT03",1," "," ","0",NA," "," "," ",NA," "," "," ",1," "," ","0",1," "," ","0",NA," "," "," ",NA," "," "," ",NA," "," "," ",1," "," ","0",NA," "," "," ",NA," "," "," ",NA," "," "," ",1," "," ","0",NA," "," "," ",NA," "," "," ",NA," "," "," ",NA," "," "," ",NA," "," "," ",NA," "," "," ",NA," "," "," ",NA," "," "," ",NA," "," "," ",1," "," ","0",NA," "," "," ",NA," "," "," ",NA," "," "," ",NA," "," "," ",NA," "," "," ",NA," "," "," ",NA," "," "," ",NA," "," "," "
"2209","USC00413787",1977,10,"TMAX",283," "," ","0",233," "," ","0",250," "," ","0",294," "," ","0",278," "," ","0",189," "," ","0",306," "," ","0",267," "," ","0",244," "," ","0",211," "," ","0",178," "," ","0",233," "," ","0",278," "," ","0",294," "," ","0",261," "," ","0",289," "," ","0",244," "," ","0",289," "," ","0",317," "," ","0",311," "," ","0",294," "," ","0",239," "," ","0",233," "," ","0",267," "," ","0",300," "," ","0",306," "," ","0",278," "," ","0",272," "," ","0",256," "," ","0",261," "," ","0",222," "," ","0"
"2210","USC00413787",1977,10,"TMIN",111," "," ","0",56," "," ","0",61," "," ","0",150," "," ","0",100," "," ","0",94," "," ","0",167," "," ","0",94," "," ","0",44," "," ","0",89," "," ","0",28," "," ","0",-17," "," ","0",28," "," ","0",39," "," ","0",50," "," ","0",17," "," ","0",44," "," ","0",17," "," ","0",28," "," ","0",94," "," ","0",150," "," ","0",94," "," ","0",22," "," ","0",56," "," ","0",44," "," ","0",50," "," ","0",83," "," ","0",44," "," ","0",72," "," ","0",150," "," ","0",56," "," ","0"
"2211","USC00413787",1977,10,"TOBS",233," "," ","0",206," "," ","0",233," "," ","0",278," "," ","0",117," "," ","0",183," "," ","0",267," "," ","0",194," "," ","0",211," "," ","0",128," "," ","0",94," "," ","0",211," "," ","0",261," "," ","0",261," "," ","0",217," "," ","0",178," "," ","0",211," "," ","0",267," "," ","0",294," "," ","0",283," "," ","0",239," "," ","0",183," "," ","0",211," "," ","0",228," "," ","0",250," "," ","0",278," "," ","0",217," "," ","0",250," "," ","0",228," "," ","0",222," "," ","0",156," "," ","0"
"2212","USC00413787",1977,10,"PRCP",0," "," ","0",0," "," ","0",0," "," ","0",0," "," ","0",0,"T"," ","0",5," "," ","0",0," "," ","0",0," "," ","0",0," "," ","0",0," "," ","0",0," "," ","0",0," "," ","0",0," "," ","0",0," "," ","0",0," "," ","0",0," "," ","0",0," "," ","0",0," "," ","0",0," "," ","0",0," "," ","0",0," "," ","0",0,"T"," ","0",0," "," ","0",0," "," ","0",0," "," ","0",0," "," ","0",0," "," ","0",0," "," ","0",0," "," ","0",0," "," ","0",0," "," ","0"
"2213","USC00413787",1977,10,"SNOW",0," "," ","0",0," "," ","0",0," "," ","0",0," "," ","0",0," "," ","0",0," "," ","0",0," "," ","0",0," "," ","0",0," "," ","0",0," "," ","0",0," "," ","0",0," "," ","0",0," "," ","0",0," "," ","0",0," "," ","0",0," "," ","0",0," "," ","0",0," "," ","0",0," "," ","0",0," "," ","0",0," "," ","0",0," "," ","0",0," "," ","0",0," "," ","0",0," "," ","0",0," "," ","0",0," "," ","0",0," "," ","0",0," "," ","0",0," "," ","0",0," "," ","0"
"2214","USC00413787",1977,10,"SNWD",0," "," ","0",0," "," ","0",0," "," ","0",0," "," ","0",0," "," ","0",0," "," ","0",0," "," ","0",0," "," ","0",0," "," ","0",0," "," ","0",0," "," ","0",0," "," ","0",0," "," ","0",0," "," ","0",0," "," ","0",0," "," ","0",0," "," ","0",0," "," ","0",0," "," ","0",0," "," ","0",0," "," ","0",0," "," ","0",0," "," ","0",0," "," ","0",0," "," ","0",0," "," ","0",0," "," ","0",0," "," ","0",0," "," ","0",0," "," ","0",0," "," ","0"
"2215","USC00413787",1977,11,"TMAX",156," "," ","0",156," "," ","0",206," "," ","0",222," "," ","0",283," "," ","0",278," "," ","0",200," "," ","0",139," "," ","0",50," "," ","0",172," "," ","0",222," "," ","0",211," "," ","0",222," "," ","0",244," "," ","0",200," "," ","0",217," "," ","0",156," "," ","0",211," "," ","0",233," "," ","0",183," "," ","0",50," "," ","0",239," "," ","0",189," "," ","0",128," "," ","0",167," "," ","0",267," "," ","0",161," "," ","0",89," "," ","0",122," "," ","0",94," "," ","0",NA," "," "," "
"2216","USC00413787",1977,11,"TMIN",6," "," ","0",-17," "," ","0",-6," "," ","0",-17," "," ","0",39," "," ","0",67," "," ","0",78," "," ","0",17," "," ","0",-50," "," ","0",-83," "," ","0",-28," "," ","0",11," "," ","0",-11," "," ","0",-6," "," ","0",-11," "," ","0",-11," "," ","0",-39," "," ","0",17," "," ","0",11," "," ","0",-11," "," ","0",-100," "," ","0",-50," "," ","0",33," "," ","0",-67," "," ","0",-17," "," ","0",28," "," ","0",6," "," ","0",33," "," ","0",-89," "," ","0",-17," "," ","0",NA," "," "," "
"2217","USC00413787",1977,11,"TOBS",67," "," ","0",117," "," ","0",128," "," ","0",161," "," ","0",206," "," ","0",200," "," ","0",106," "," ","0",17," "," ","0",28," "," ","0",100," "," ","0",133," "," ","0",172," "," ","0",133," "," ","0",133," "," ","0",150," "," ","0",133," "," ","0",89," "," ","0",167," "," ","0",183," "," ","0",17," "," ","0",17," "," ","0",178," "," ","0",122," "," ","0",100," "," ","0",117," "," ","0",161," "," ","0",67," "," ","0",56," "," ","0",56," "," ","0",56," "," ","0",NA," "," "," "
"2218","USC00413787",1977,11,"PRCP",66," "," ","0",0," "," ","0",0," "," ","0",0," "," ","0",0," "," ","0",0," "," ","0",0,"T"," ","0",0," "," ","0",33," "," ","0",0," "," ","0",0," "," ","0",0," "," ","0",0," "," ","0",0," "," ","0",0," "," ","0",0," "," ","0",0," "," ","0",0," "," ","0",0," "," ","0",0," "," ","0",0," "," ","0",0," "," ","0",0," "," ","0",0," "," ","0",0," "," ","0",0," "," ","0",0," "," ","0",0," "," ","0",0," "," ","0",0," "," ","0",NA," "," "," "
"2219","USC00413787",1977,11,"SNOW",0,"T"," ","0",0," "," ","0",0," "," ","0",0," "," ","0",0," "," ","0",0," "," ","0",0," "," ","0",0," "," ","0",25," "," ","0",0," "," ","0",0," "," ","0",0," "," ","0",0," "," ","0",0," "," ","0",0," "," ","0",0," "," ","0",0," "," ","0",0," "," ","0",0," "," ","0",0," "," ","0",0," "," ","0",0," "," ","0",0," "," ","0",0," "," ","0",0," "," ","0",0," "," ","0",0," "," ","0",0," "," ","0",0," "," ","0",0," "," ","0",NA," "," "," "
"2220","USC00413787",1977,11,"SNWD",0," "," ","0",0," "," ","0",0," "," ","0",0," "," ","0",0," "," ","0",0," "," ","0",0," "," ","0",0," "," ","0",0," "," ","0",0," "," ","0",0," "," ","0",0," "," ","0",0," "," ","0",0," "," ","0",0," "," ","0",0," "," ","0",0," "," ","0",0," "," ","0",0," "," ","0",0," "," ","0",0," "," ","0",0," "," ","0",0," "," ","0",0," "," ","0",0," "," ","0",0," "," ","0",0," "," ","0",0," "," ","0",0," "," ","0",0," "," ","0",NA," "," "," "
"2221","USC00413787",1977,12,"TMAX",94," "," ","0",200," "," ","0",250," "," ","0",172," "," ","0",117," "," ","0",56," "," ","0",189," "," ","0",128," "," ","0",-11," "," ","0",111," "," ","0",161," "," ","0",239," "," ","0",183," "," ","0",222," "," ","0",228," "," ","0",167," "," ","0",139," "," ","0",206," "," ","0",167," "," ","0",50," "," ","0",94," "," ","0",150," "," ","0",189," "," ","0",178," "," ","0",67," "," ","0",94," "," ","0",72," "," ","0",94," "," ","0",111," "," ","0",67," "," ","0",33," "," ","0"
"2222","USC00413787",1977,12,"TMIN",-50," "," ","0",-56," "," ","0",6," "," ","0",67," "," ","0",-22," "," ","0",-106," "," ","0",-56," "," ","0",-44," "," ","0",-139," "," ","0",-100," "," ","0",-56," "," ","0",-28," "," ","0",-17," "," ","0",-39," "," ","0",-28," "," ","0",61," "," ","0",NA," "," "," ",-22," "," ","0",-11," "," ","0",-56," "," ","0",-100," "," ","0",-44," "," ","0",-39," "," ","0",17," "," ","0",-122," "," ","0",-100," "," ","0",-89," "," ","0",-83," "," ","0",-11," "," ","0",-61," "," ","0",-39," "," ","0"
"2223","USC00413787",1977,12,"TOBS",33," "," ","0",106," "," ","0",172," "," ","0",117," "," ","0",-11," "," ","0",6," "," ","0",128," "," ","0",-11," "," ","0",-39," "," ","0",44," "," ","0",106," "," ","0",183," "," ","0",89," "," ","0",139," "," ","0",167," "," ","0",89," "," ","0",83," "," ","0",167," "," ","0",33," "," ","0",22," "," ","0",39," "," ","0",128," "," ","0",122," "," ","0",50," "," ","0",17," "," ","0",39," "," ","0",44," "," ","0",56," "," ","0",67," "," ","0",33," "," ","0",-6," "," ","0"
"2224","USC00413787",1977,12,"PRCP",8," "," ","0",0," "," ","0",0," "," ","0",0," "," ","0",0," "," ","0",0," "," ","0",0," "," ","0",0," "," ","0",0," "," ","0",0," "," ","0",0," "," ","0",0," "," ","0",0," "," ","0",0," "," ","0",0," "," ","0",0," "," ","0",0," "," ","0",0," "," ","0",0," "," ","0",0," "," ","0",0," "," ","0",0," "," ","0",0," "," ","0",0," "," ","0",0," "," ","0",0," "," ","0",0," "," ","0",0," "," ","0",20," "," ","0",0," "," ","0",0," "," ","0"
"2225","USC00413787",1977,12,"SNOW",13," "," ","0",0," "," ","0",0," "," ","0",0," "," ","0",0," "," ","0",0," "," ","0",0," "," ","0",0," "," ","0",0," "," ","0",0," "," ","0",0," "," ","0",0," "," ","0",0," "," ","0",0," "," ","0",0," "," ","0",0," "," ","0",0," "," ","0",0," "," ","0",0," "," ","0",0," "," ","0",0," "," ","0",0," "," ","0",0," "," ","0",0," "," ","0",0," "," ","0",0," "," ","0",0," "," ","0",0," "," ","0",0," "," ","0",0," "," ","0",0," "," ","0"
"2226","USC00413787",1977,12,"SNWD",0," "," ","0",0," "," ","0",0," "," ","0",0," "," ","0",0," "," ","0",0," "," ","0",0," "," ","0",0," "," ","0",0," "," ","0",0," "," ","0",0," "," ","0",0," "," ","0",0," "," ","0",0," "," ","0",0," "," ","0",0," "," ","0",0," "," ","0",0," "," ","0",0," "," ","0",0," "," ","0",0," "," ","0",0," "," ","0",0," "," ","0",0," "," ","0",0," "," ","0",0," "," ","0",0," "," ","0",0," "," ","0",0," "," ","0",0," "," ","0",0," "," ","0"
"2227","USC00413787",1977,12,"WT04",1," "," ","0",NA," "," "," ",NA," "," "," ",NA," "," "," ",NA," "," "," ",NA," "," "," ",NA," "," "," ",NA," "," "," ",NA," "," "," ",NA," "," "," ",NA," "," "," ",NA," "," "," ",NA," "," "," ",NA," "," "," ",NA," "," "," ",NA," "," "," ",NA," "," "," ",NA," "," "," ",NA," "," "," ",NA," "," "," ",NA," "," "," ",NA," "," "," ",NA," "," "," ",NA," "," "," ",NA," "," "," ",NA," "," "," ",NA," "," "," ",NA," "," "," ",NA," "," "," ",NA," "," "," ",NA," "," "," "
"2228","USC00413787",1978,1,"TMAX",-6," "," ","0",72," "," ","0",133," "," ","0",200," "," ","0",172," "," ","0",194," "," ","0",117," "," ","0",100," "," ","0",-11," "," ","0",-39," "," ","0",28," "," ","0",128," "," ","0",106," "," ","0",100," "," ","0",56," "," ","0",22," "," ","0",33," "," ","0",6," "," ","0",-72," "," ","0",-61," "," ","0",50," "," ","0",56," "," ","0",122," "," ","0",44," "," ","0",61," "," ","0",-6," "," ","0",44," "," ","0",83," "," ","0",33," "," ","0",-6," "," ","0",-6," "," ","0"
"2229","USC00413787",1978,1,"TMIN",-111," "," ","0",-139," "," ","0",-111," "," ","0",-39," "," ","0",-39," "," ","0",-44," "," ","0",0," "," ","0",-83," "," ","0",-133," "," ","0",-133," "," ","0",-106," "," ","0",-100," "," ","0",-61," "," ","0",-144," "," ","0",-22," "," ","0",-117," "," ","0",-178," "," ","0",-106," "," ","0",-122," "," ","0",-144," "," ","0",-111," "," ","0",-106," "," ","0",-61," "," ","0",-44," "," ","0",-111," "," ","0",-122," "," ","0",-89," "," ","0",-83," "," ","0",-89," "," ","0",-56," "," ","0",-44," "," ","0"
"2230","USC00413787",1978,1,"TOBS",-56," "," ","0",17," "," ","0",67," "," ","0",133," "," ","0",56," "," ","0",106," "," ","0",100," "," ","0",-39," "," ","0",-44," "," ","0",-78," "," ","0",-22," "," ","0",78," "," ","0",44," "," ","0",56," "," ","0",22," "," ","0",-94," "," ","0",6," "," ","0",-89," "," ","0",-122," "," ","0",-67," "," ","0",28," "," ","0",17," "," ","0",44," "," ","0",-44," "," ","0",-39," "," ","0",-28," "," ","0",-11," "," ","0",33," "," ","0",-39," "," ","0",-11," "," ","0",-11," "," ","0"
"2231","USC00413787",1978,1,"PRCP",0," "," ","0",0," "," ","0",0," "," ","0",0," "," ","0",0," "," ","0",0," "," ","0",0," "," ","0",0," "," ","0",0," "," ","0",0," "," ","0",0," "," ","0",0," "," ","0",0," "," ","0",0," "," ","0",0,"T"," ","0",0,"T"," ","0",0," "," ","0",30," "," ","0",0," "," ","0",10," "," ","0",0," "," ","0",0," "," ","0",0," "," ","0",25," "," ","0",0," "," ","0",0," "," ","0",0," "," ","0",0," "," ","0",0," "," ","0",0," "," ","0",10," "," ","0"
"2232","USC00413787",1978,1,"SNOW",0," "," ","0",0," "," ","0",0," "," ","0",0," "," ","0",0," "," ","0",0," "," ","0",0," "," ","0",0," "," ","0",0," "," ","0",0," "," ","0",0," "," ","0",0," "," ","0",0," "," ","0",0," "," ","0",0," "," ","0",0," "," ","0",0," "," ","0",64," "," ","0",0," "," ","0",13," "," ","0",0," "," ","0",0," "," ","0",0," "," ","0",38," "," ","0",0," "," ","0",0," "," ","0",0," "," ","0",0," "," ","0",0," "," ","0",0," "," ","0",13," "," ","0"
"2233","USC00413787",1978,1,"SNWD",0," "," ","0",0," "," ","0",0," "," ","0",0," "," ","0",0," "," ","0",0," "," ","0",0," "," ","0",0," "," ","0",0," "," ","0",0," "," ","0",0," "," ","0",0," "," ","0",0," "," ","0",0," "," ","0",0," "," ","0",0," "," ","0",0," "," ","0",76," "," ","0",51," "," ","0",51," "," ","0",0,"T"," ","0",0,"T"," ","0",0,"T"," ","0",51," "," ","0",0,"T"," ","0",0," "," ","0",0," "," ","0",0," "," ","0",0," "," ","0",0," "," ","0",25," "," ","0"
"2234","USC00413787",1978,1,"WT06",NA," "," "," ",NA," "," "," ",NA," "," "," ",NA," "," "," ",NA," "," "," ",NA," "," "," ",NA," "," "," ",NA," "," "," ",NA," "," "," ",NA," "," "," ",NA," "," "," ",NA," "," "," ",NA," "," "," ",NA," "," "," ",NA," "," "," ",1," "," ","0",NA," "," "," ",NA," "," "," ",NA," "," "," ",NA," "," "," ",NA," "," "," ",NA," "," "," ",NA," "," "," ",NA," "," "," ",NA," "," "," ",NA," "," "," ",NA," "," "," ",NA," "," "," ",NA," "," "," ",1," "," ","0",NA," "," "," "
"2235","USC00413787",1978,2,"TMAX",6," "," ","0",33," "," ","0",167," "," ","0",150," "," ","0",111," "," ","0",33," "," ","0",-22," "," ","0",-50," "," ","0",-22," "," ","0",17," "," ","0",11," "," ","0",-6," "," ","0",-22," "," ","0",-28," "," ","0",-11," "," ","0",17," "," ","0",-33," "," ","0",22," "," ","0",28," "," ","0",6," "," ","0",56," "," ","0",83," "," ","0",139," "," ","0",156," "," ","0",111," "," ","0",72," "," ","0",106," "," ","0",94," "," ","0",NA," "," "," ",NA," "," "," ",NA," "," "," "
"2236","USC00413787",1978,2,"TMIN",-28," "," ","0",-117," "," ","0",-72," "," ","0",-22," "," ","0",-72," "," ","0",-33," "," ","0",-61," "," ","0",-72," "," ","0",-128," "," ","0",-133," "," ","0",-56," "," ","0",-50," "," ","0",-117," "," ","0",-144," "," ","0",-172," "," ","0",-89," "," ","0",-200," "," ","0",-172," "," ","0",-150," "," ","0",-78," "," ","0",-150," "," ","0",-67," "," ","0",-44," "," ","0",-22," "," ","0",-28," "," ","0",-50," "," ","0",6," "," ","0",-6," "," ","0",NA," "," "," ",NA," "," "," ",NA," "," "," "
"2237","USC00413787",1978,2,"TOBS",-28," "," ","0",22," "," ","0",94," "," ","0",111," "," ","0",33," "," ","0",-22," "," ","0",-50," "," ","0",-67," "," ","0",-67," "," ","0",-33," "," ","0",-6," "," ","0",-50," "," ","0",-50," "," ","0",-72," "," ","0",-50," "," ","0",-39," "," ","0",-67," "," ","0",-28," "," ","0",0," "," ","0",-39," "," ","0",39," "," ","0",61," "," ","0",111," "," ","0",111," "," ","0",72," "," ","0",61," "," ","0",94," "," ","0",17," "," ","0",NA," "," "," ",NA," "," "," ",NA," "," "," "
"2238","USC00413787",1978,2,"PRCP",0,"T"," ","0",0," "," ","0",0," "," ","0",0," "," ","0",0," "," ","0",33," "," ","0",8," "," ","0",91," "," ","0",30," "," ","0",0," "," ","0",0," "," ","0",69," "," ","0",0," "," ","0",3," "," ","0",41," "," ","0",25," "," ","0",0,"T"," ","0",0," "," ","0",0," "," ","0",0," "," ","0",0," "," ","0",0," "," ","0",0," "," ","0",0," "," ","0",0," "," ","0",0," "," ","0",0," "," ","0",0," "," ","0",NA," "," "," ",NA," "," "," ",NA," "," "," "
"2239","USC00413787",1978,2,"SNOW",0," "," ","0",0," "," ","0",0," "," ","0",0," "," ","0",0," "," ","0",20," "," ","0",0," "," ","0",102," "," ","0",25," "," ","0",0," "," ","0",0," "," ","0",64," "," ","0",0," "," ","0",13," "," ","0",51," "," ","0",38," "," ","0",0," "," ","0",0," "," ","0",0," "," ","0",0," "," ","0",0," "," ","0",0," "," ","0",0," "," ","0",0," "," ","0",0," "," ","0",0," "," ","0",0," "," ","0",0," "," ","0",NA," "," "," ",NA," "," "," ",NA," "," "," "
"2240","USC00413787",1978,2,"SNWD",0," "," ","0",0," "," ","0",0," "," ","0",0," "," ","0",0," "," ","0",25," "," ","0",25," "," ","0",102," "," ","0",127," "," ","0",127," "," ","0",102," "," ","0",178," "," ","0",152," "," ","0",152," "," ","0",178," "," ","0",178," "," ","0",178," "," ","0",152," "," ","0",152," "," ","0",127," "," ","0",102," "," ","0",51," "," ","0",0," "," ","0",0," "," ","0",0," "," ","0",0," "," ","0",0," "," ","0",0," "," ","0",NA," "," "," ",NA," "," "," ",NA," "," "," "
"2241","USC00413787",1978,2,"WT06",1," "," ","0",NA," "," "," ",NA," "," "," ",NA," "," "," ",NA," "," "," ",NA," "," "," ",NA," "," "," ",NA," "," "," ",NA," "," "," ",NA," "," "," ",NA," "," "," ",NA," "," "," ",NA," "," "," ",NA," "," "," ",NA," "," "," ",NA," "," "," ",NA," "," "," ",NA," "," "," ",NA," "," "," ",NA," "," "," ",NA," "," "," ",NA," "," "," ",NA," "," "," ",NA," "," "," ",NA," "," "," ",NA," "," "," ",NA," "," "," ",NA," "," "," ",NA," "," "," ",NA," "," "," ",NA," "," "," "
"2242","USC00413787",1978,3,"TMAX",17," "," ","0",39," "," ","0",-33," "," ","0",28," "," ","0",233," "," ","0",211," "," ","0",78," "," ","0",122," "," ","0",250," "," ","0",256," "," ","0",172," "," ","0",183," "," ","0",144," "," ","0",172," "," ","0",144," "," ","0",139," "," ","0",250," "," ","0",306," "," ","0",278," "," ","0",228," "," ","0",261," "," ","0",289," "," ","0",261," "," ","0",139," "," ","0",167," "," ","0",222," "," ","0",283," "," ","0",289," "," ","0",256," "," ","0",283," "," ","0",322," "," ","0"
"2243","USC00413787",1978,3,"TMIN",-22," "," ","0",-39," "," ","0",-111," "," ","0",-161," "," ","0",-33," "," ","0",28," "," ","0",-17," "," ","0",-44," "," ","0",-56," "," ","0",11," "," ","0",17," "," ","0",11," "," ","0",6," "," ","0",-44," "," ","0",11," "," ","0",-50," "," ","0",-44," "," ","0",11," "," ","0",44," "," ","0",11," "," ","0",11," "," ","0",100," "," ","0",0," "," ","0",-11," "," ","0",-17," "," ","0",-17," "," ","0",17," "," ","0",44," "," ","0",111," "," ","0",22," "," ","0",94," "," ","0"
"2244","USC00413787",1978,3,"TOBS",11," "," ","0",-33," "," ","0",-89," "," ","0",22," "," ","0",211," "," ","0",78," "," ","0",72," "," ","0",100," "," ","0",133," "," ","0",172," "," ","0",139," "," ","0",144," "," ","0",117," "," ","0",144," "," ","0",67," "," ","0",133," "," ","0",217," "," ","0",278," "," ","0",156," "," ","0",194," "," ","0",228," "," ","0",261," "," ","0",11," "," ","0",61," "," ","0",100," "," ","0",211," "," ","0",256," "," ","0",217," "," ","0",200," "," ","0",267," "," ","0",306," "," ","0"
"2245","USC00413787",1978,3,"PRCP",0," "," ","0",0," "," ","0",0,"T"," ","0",0,"T"," ","0",0," "," ","0",0," "," ","0",0," "," ","0",0," "," ","0",0," "," ","0",0," "," ","0",0," "," ","0",0," "," ","0",0,"T"," ","0",0," "," ","0",13," "," ","0",0," "," ","0",0," "," ","0",0," "," ","0",0," "," ","0",0," "," ","0",0," "," ","0",0,"T"," ","0",0," "," ","0",0," "," ","0",0,"T"," ","0",0," "," ","0",0," "," ","0",0," "," ","0",0,"T"," ","0",0," "," ","0",0," "," ","0"
"2246","USC00413787",1978,3,"SNOW",0," "," ","0",0," "," ","0",13," "," ","0",0," "," ","0",0," "," ","0",0," "," ","0",0," "," ","0",0," "," ","0",0," "," ","0",0," "," ","0",0," "," ","0",0," "," ","0",0," "," ","0",0," "," ","0",0," "," ","0",0," "," ","0",0," "," ","0",0," "," ","0",0," "," ","0",0," "," ","0",0," "," ","0",0," "," ","0",0," "," ","0",0," "," ","0",13," "," ","0",0," "," ","0",0," "," ","0",0," "," ","0",0," "," ","0",0," "," ","0",0," "," ","0"
"2247","USC00413787",1978,3,"SNWD",0," "," ","0",0," "," ","0",0," "," ","0",0," "," ","0",0," "," ","0",0," "," ","0",0," "," ","0",0," "," ","0",0," "," ","0",0," "," ","0",0," "," ","0",0," "," ","0",0," "," ","0",0," "," ","0",0," "," ","0",0," "," ","0",0," "," ","0",0," "," ","0",0," "," ","0",0," "," ","0",0," "," ","0",0," "," ","0",0," "," ","0",0," "," ","0",0," "," ","0",0," "," ","0",0," "," ","0",0," "," ","0",0," "," ","0",0," "," ","0",0," "," ","0"
"2248","USC00413787",1978,4,"TMAX",322," "," ","0",306," "," ","0",289," "," ","0",283," "," ","0",256," "," ","0",300," "," ","0",333," "," ","0",294," "," ","0",267," "," ","0",228," "," ","0",239," "," ","0",228," "," ","0",256," "," ","0",294," "," ","0",239," "," ","0",228," "," ","0",211," "," ","0",217," "," ","0",200," "," ","0",239," "," ","0",244," "," ","0",239," "," ","0",261," "," ","0",250," "," ","0",233," "," ","0",261," "," ","0",311," "," ","0",317," "," ","0",283," "," ","0",261," "," ","0",NA," "," "," "
"2249","USC00413787",1978,4,"TMIN",78," "," ","0",83," "," ","0",67," "," ","0",56," "," ","0",111," "," ","0",22," "," ","0",122," "," ","0",156," "," ","0",150," "," ","0",22," "," ","0",11," "," ","0",56," "," ","0",22," "," ","0",89," "," ","0",78," "," ","0",72," "," ","0",128," "," ","0",22," "," ","0",44," "," ","0",44," "," ","0",22," "," ","0",67," "," ","0",50," "," ","0",72," "," ","0",17," "," ","0",50," "," ","0",89," "," ","0",89," "," ","0",78," "," ","0",128," "," ","0",NA," "," "," "
"2250","USC00413787",1978,4,"TOBS",306," "," ","0",256," "," ","0",256," "," ","0",256," "," ","0",233," "," ","0",272," "," ","0",256," "," ","0",261," "," ","0",228," "," ","0",111," "," ","0",228," "," ","0",194," "," ","0",211," "," ","0",239," "," ","0",194," "," ","0",183," "," ","0",128," "," ","0",200," "," ","0",178," "," ","0",211," "," ","0",239," "," ","0",206," "," ","0",250," "," ","0",211," "," ","0",183," "," ","0",239," "," ","0",272," "," ","0",278," "," ","0",261," "," ","0",128," "," ","0",NA," "," "," "
"2251","USC00413787",1978,4,"PRCP",0,"T"," ","0",0," "," ","0",0," "," ","0",0," "," ","0",0," "," ","0",0," "," ","0",0," "," ","0",0," "," ","0",51," "," ","0",91," "," ","0",0," "," ","0",0," "," ","0",0," "," ","0",0," "," ","0",0," "," ","0",0,"T"," ","0",0," "," ","0",0," "," ","0",0," "," ","0",0," "," ","0",0," "," ","0",0," "," ","0",0," "," ","0",0," "," ","0",0," "," ","0",0," "," ","0",0," "," ","0",0," "," ","0",0," "," ","0",0," "," ","0",NA," "," "," "
"2252","USC00413787",1978,4,"SNOW",0," "," ","0",0," "," ","0",0," "," ","0",0," "," ","0",0," "," ","0",0," "," ","0",0," "," ","0",0," "," ","0",0," "," ","0",0," "," ","0",0," "," ","0",0," "," ","0",0," "," ","0",0," "," ","0",0," "," ","0",0," "," ","0",0," "," ","0",0," "," ","0",0," "," ","0",0," "," ","0",0," "," ","0",0," "," ","0",0," "," ","0",0," "," ","0",0," "," ","0",0," "," ","0",0," "," ","0",0," "," ","0",0," "," ","0",0," "," ","0",NA," "," "," "
"2253","USC00413787",1978,4,"SNWD",0," "," ","0",0," "," ","0",0," "," ","0",0," "," ","0",0," "," ","0",0," "," ","0",0," "," ","0",0," "," ","0",0," "," ","0",0," "," ","0",0," "," ","0",0," "," ","0",0," "," ","0",0," "," ","0",0," "," ","0",0," "," ","0",0," "," ","0",0," "," ","0",0," "," ","0",0," "," ","0",0," "," ","0",0," "," ","0",0," "," ","0",0," "," ","0",0," "," ","0",0," "," ","0",0," "," ","0",0," "," ","0",0," "," ","0",0," "," ","0",NA," "," "," "
"2254","USC00413787",1978,4,"WT03",1," "," ","0",NA," "," "," ",NA," "," "," ",NA," "," "," ",NA," "," "," ",NA," "," "," ",NA," "," "," ",NA," "," "," ",1," "," ","0",NA," "," "," ",NA," "," "," ",NA," "," "," ",NA," "," "," ",NA," "," "," ",NA," "," "," ",NA," "," "," ",NA," "," "," ",NA," "," "," ",NA," "," "," ",NA," "," "," ",NA," "," "," ",NA," "," "," ",NA," "," "," ",NA," "," "," ",NA," "," "," ",NA," "," "," ",NA," "," "," ",NA," "," "," ",NA," "," "," ",NA," "," "," ",NA," "," "," "
"2255","USC00413787",1978,5,"TMAX",128," "," ","0",67," "," ","0",56," "," ","0",167," "," ","0",150," "," ","0",111," "," ","0",217," "," ","0",239," "," ","0",239," "," ","0",272," "," ","0",311," "," ","0",294," "," ","0",272," "," ","0",367," "," ","0",361," "," ","0",317," "," ","0",278," "," ","0",306," "," ","0",311," "," ","0",222," "," ","0",200," "," ","0",322," "," ","0",333," "," ","0",311," "," ","0",311," "," ","0",289," "," ","0",239," "," ","0",244," "," ","0",283," "," ","0",322," "," ","0",322," "," ","0"
"2256","USC00413787",1978,5,"TMIN",61," "," ","0",17," "," ","0",0," "," ","0",-11," "," ","0",61," "," ","0",72," "," ","0",61," "," ","0",33," "," ","0",44," "," ","0",106," "," ","0",111," "," ","0",117," "," ","0",56," "," ","0",106," "," ","0",122," "," ","0",128," "," ","0",156," "," ","0",111," "," ","0",150," "," ","0",128," "," ","0",133," "," ","0",111," "," ","0",167," "," ","0",150," "," ","0",122," "," ","0",144," "," ","0",122," "," ","0",111," "," ","0",111," "," ","0",139," "," ","0",150," "," ","0"
"2257","USC00413787",1978,5,"TOBS",67," "," ","0",28," "," ","0",56," "," ","0",150," "," ","0",100," "," ","0",111," "," ","0",211," "," ","0",217," "," ","0",211," "," ","0",228," "," ","0",294," "," ","0",239," "," ","0",272," "," ","0",361," "," ","0",317," "," ","0",278," "," ","0",211," "," ","0",294," "," ","0",222," "," ","0",200," "," ","0",200," "," ","0",322," "," ","0",267," "," ","0",267," "," ","0",244," "," ","0",239," "," ","0",150," "," ","0",233," "," ","0",278," "," ","0",322," "," ","0",250," "," ","0"
"2258","USC00413787",1978,5,"PRCP",0," "," ","0",94," "," ","0",279," "," ","0",0," "," ","0",91," "," ","0",43," "," ","0",33," "," ","0",0," "," ","0",0," "," ","0",0," "," ","0",0," "," ","0",0," "," ","0",0," "," ","0",0," "," ","0",0," "," ","0",0," "," ","0",0," "," ","0",0," "," ","0",0," "," ","0",0," "," ","0",69," "," ","0",104," "," ","0",0," "," ","0",0," "," ","0",574," "," ","0",282," "," ","0",714," "," ","0",0," "," ","0",0," "," ","0",0," "," ","0",0," "," ","0"
"2259","USC00413787",1978,5,"SNOW",0," "," ","0",0," "," ","0",140," "," ","0",0," "," ","0",0," "," ","0",0," "," ","0",0," "," ","0",0," "," ","0",0," "," ","0",0," "," ","0",0," "," ","0",0," "," ","0",0," "," ","0",0," "," ","0",0," "," ","0",0," "," ","0",0," "," ","0",0," "," ","0",0," "," ","0",0," "," ","0",0," "," ","0",0," "," ","0",0," "," ","0",0," "," ","0",0," "," ","0",0," "," ","0",0," "," ","0",0," "," ","0",0," "," ","0",0," "," ","0",0," "," ","0"
"2260","USC00413787",1978,5,"SNWD",0," "," ","0",0," "," ","0",NA," "," "," ",NA," "," "," ",0," "," ","0",0," "," ","0",0," "," ","0",0," "," ","0",0," "," ","0",0," "," ","0",0," "," ","0",0," "," ","0",0," "," ","0",0," "," ","0",0," "," ","0",0," "," ","0",0," "," ","0",0," "," ","0",0," "," ","0",0," "," ","0",0," "," ","0",0," "," ","0",0," "," ","0",0," "," ","0",0," "," ","0",0," "," ","0",0," "," ","0",0," "," ","0",0," "," ","0",0," "," ","0",0," "," ","0"
"2261","USC00413787",1978,5,"WT03",NA," "," "," ",NA," "," "," ",NA," "," "," ",NA," "," "," ",NA," "," "," ",NA," "," "," ",NA," "," "," ",NA," "," "," ",NA," "," "," ",NA," "," "," ",NA," "," "," ",NA," "," "," ",NA," "," "," ",NA," "," "," ",NA," "," "," ",NA," "," "," ",NA," "," "," ",NA," "," "," ",NA," "," "," ",NA," "," "," ",NA," "," "," ",NA," "," "," ",NA," "," "," ",1," "," ","0",1," "," ","0",1," "," ","0",1," "," ","0",NA," "," "," ",NA," "," "," ",NA," "," "," ",NA," "," "," "
"2262","USC00413787",1978,5,"WT05",NA," "," "," ",NA," "," "," ",NA," "," "," ",NA," "," "," ",1," "," ","0",NA," "," "," ",NA," "," "," ",NA," "," "," ",NA," "," "," ",NA," "," "," ",NA," "," "," ",NA," "," "," ",NA," "," "," ",NA," "," "," ",NA," "," "," ",NA," "," "," ",NA," "," "," ",NA," "," "," ",NA," "," "," ",NA," "," "," ",NA," "," "," ",NA," "," "," ",NA," "," "," ",NA," "," "," ",NA," "," "," ",NA," "," "," ",NA," "," "," ",NA," "," "," ",NA," "," "," ",NA," "," "," ",NA," "," "," "
"2263","USC00413787",1978,6,"TMAX",250," "," ","0",222," "," ","0",256," "," ","0",272," "," ","0",261," "," ","0",267," "," ","0",289," "," ","0",272," "," ","0",306," "," ","0",344," "," ","0",344," "," ","0",311," "," ","0",311," "," ","0",344," "," ","0",367," "," ","0",378," "," ","0",367," "," ","0",333," "," ","0",356," "," ","0",350," "," ","0",339," "," ","0",394," "," ","0",394," "," ","0",406," "," ","0",417," "," ","0",406," "," ","0",378," "," ","0",344," "," ","0",344," "," ","0",339," "," ","0",NA," "," "," "
"2264","USC00413787",1978,6,"TMIN",111," "," ","0",128," "," ","0",144," "," ","0",139," "," ","0",128," "," ","0",128," "," ","0",122," "," ","0",128," "," ","0",122," "," ","0",156," "," ","0",161," "," ","0",144," "," ","0",144," "," ","0",172," "," ","0",194," "," ","0",206," "," ","0",217," "," ","0",156," "," ","0",178," "," ","0",183," "," ","0",189," "," ","0",200," "," ","0",217," "," ","0",217," "," ","0",233," "," ","0",239," "," ","0",206," "," ","0",167," "," ","0",189," "," ","0",183," "," ","0",NA," "," "," "
"2265","USC00413787",1978,6,"TOBS",206," "," ","0",222," "," ","0",228," "," ","0",261," "," ","0",211," "," ","0",261," "," ","0",272," "," ","0",267," "," ","0",300," "," ","0",344," "," ","0",311," "," ","0",289," "," ","0",294," "," ","0",328," "," ","0",361," "," ","0",367," "," ","0",333," "," ","0",272," "," ","0",350," "," ","0",317," "," ","0",333," "," ","0",389," "," ","0",378," "," ","0",400," "," ","0",406," "," ","0",378," "," ","0",311," "," ","0",333," "," ","0",317," "," ","0",333," "," ","0",NA," "," "," "
"2266","USC00413787",1978,6,"PRCP",0," "," ","0",155," "," ","0",0," "," ","0",5," "," ","0",147," "," ","0",15," "," ","0",0," "," ","0",30," "," ","0",0," "," ","0",0," "," ","0",0," "," ","0",0," "," ","0",0," "," ","0",0," "," ","0",0," "," ","0",0," "," ","0",0," "," ","0",0," "," ","0",0," "," ","0",0," "," ","0",0," "," ","0",0," "," ","0",0," "," ","0",0," "," ","0",0," "," ","0",0," "," ","0",43," "," ","0",0," "," ","0",0," "," ","0",0," "," ","0",NA," "," "," "
"2267","USC00413787",1978,6,"SNOW",0," "," ","0",0," "," ","0",0," "," ","0",0," "," ","0",0," "," ","0",0," "," ","0",0," "," ","0",0," "," ","0",0," "," ","0",0," "," ","0",0," "," ","0",0," "," ","0",0," "," ","0",0," "," ","0",0," "," ","0",0," "," ","0",0," "," ","0",0," "," ","0",0," "," ","0",0," "," ","0",0," "," ","0",0," "," ","0",0," "," ","0",0," "," ","0",0," "," ","0",0," "," ","0",0," "," ","0",0," "," ","0",0," "," ","0",0," "," ","0",NA," "," "," "
"2268","USC00413787",1978,6,"SNWD",0," "," ","0",0," "," ","0",0," "," ","0",0," "," ","0",0," "," ","0",0," "," ","0",0," "," ","0",0," "," ","0",0," "," ","0",0," "," ","0",0," "," ","0",0," "," ","0",0," "," ","0",0," "," ","0",0," "," ","0",0," "," ","0",0," "," ","0",0," "," ","0",0," "," ","0",0," "," ","0",0," "," ","0",0," "," ","0",0," "," ","0",0," "," ","0",0," "," ","0",0," "," ","0",0," "," ","0",0," "," ","0",0," "," ","0",0," "," ","0",NA," "," "," "
"2269","USC00413787",1978,6,"WT03",NA," "," "," ",1," "," ","0",NA," "," "," ",NA," "," "," ",1," "," ","0",1," "," ","0",NA," "," "," ",1," "," ","0",NA," "," "," ",NA," "," "," ",NA," "," "," ",NA," "," "," ",NA," "," "," ",NA," "," "," ",NA," "," "," ",NA," "," "," ",NA," "," "," ",NA," "," "," ",NA," "," "," ",NA," "," "," ",NA," "," "," ",NA," "," "," ",NA," "," "," ",NA," "," "," ",NA," "," "," ",NA," "," "," ",1," "," ","0",NA," "," "," ",NA," "," "," ",NA," "," "," ",NA," "," "," "
"2270","USC00413787",1978,7,"TMAX",350," "," ","0",378," "," ","0",378," "," ","0",378," "," ","0",378," "," ","0",383," "," ","0",383," "," ","0",389," "," ","0",406," "," ","0",361," "," ","0",383," "," ","0",394," "," ","0",406," "," ","0",394," "," ","0",400," "," ","0",389," "," ","0",417," "," ","0",422," "," ","0",422," "," ","0",389," "," ","0",378," "," ","0",356," "," ","0",306," "," ","0",344," "," ","0",361," "," ","0",378," "," ","0",367," "," ","0",389," "," ","0",406," "," ","0",400," "," ","0",367," "," ","0"
"2271","USC00413787",1978,7,"TMIN",178," "," ","0",167," "," ","0",178," "," ","0",194," "," ","0",206," "," ","0",211," "," ","0",183," "," ","0",189," "," ","0",228," "," ","0",194," "," ","0",189," "," ","0",211," "," ","0",206," "," ","0",194," "," ","0",206," "," ","0",189," "," ","0",239," "," ","0",228," "," ","0",222," "," ","0",206," "," ","0",206," "," ","0",189," "," ","0",161," "," ","0",167," "," ","0",183," "," ","0",189," "," ","0",161," "," ","0",144," "," ","0",189," "," ","0",189," "," ","0",178," "," ","0"
"2272","USC00413787",1978,7,"TOBS",311," "," ","0",378," "," ","0",361," "," ","0",344," "," ","0",283," "," ","0",383," "," ","0",350," "," ","0",389," "," ","0",344," "," ","0",356," "," ","0",367," "," ","0",367," "," ","0",378," "," ","0",383," "," ","0",383," "," ","0",378," "," ","0",394," "," ","0",417," "," ","0",289," "," ","0",361," "," ","0",356," "," ","0",278," "," ","0",306," "," ","0",328," "," ","0",350," "," ","0",344," "," ","0",344," "," ","0",372," "," ","0",400," "," ","0",322," "," ","0",350," "," ","0"
"2273","USC00413787",1978,7,"PRCP",0,"T"," ","0",152," "," ","0",0," "," ","0",0," "," ","0",0,"T"," ","0",0," "," ","0",0," "," ","0",0," "," ","0",0," "," ","0",0," "," ","0",0," "," ","0",0," "," ","0",0," "," ","0",117," "," ","0",0," "," ","0",0," "," ","0",0," "," ","0",0," "," ","0",20," "," ","0",0," "," ","0",0," "," ","0",66," "," ","0",0," "," ","0",0," "," ","0",0," "," ","0",0," "," ","0",0," "," ","0",0," "," ","0",0," "," ","0",0," "," ","0",0," "," ","0"
"2274","USC00413787",1978,7,"SNOW",0," "," ","0",0," "," ","0",0," "," ","0",0," "," ","0",0," "," ","0",0," "," ","0",0," "," ","0",0," "," ","0",0," "," ","0",0," "," ","0",0," "," ","0",0," "," ","0",0," "," ","0",0," "," ","0",0," "," ","0",0," "," ","0",0," "," ","0",0," "," ","0",0," "," ","0",0," "," ","0",0," "," ","0",0," "," ","0",0," "," ","0",0," "," ","0",0," "," ","0",0," "," ","0",0," "," ","0",0," "," ","0",0," "," ","0",0," "," ","0",0," "," ","0"
"2275","USC00413787",1978,7,"SNWD",0," "," ","0",0," "," ","0",0," "," ","0",0," "," ","0",0," "," ","0",0," "," ","0",0," "," ","0",0," "," ","0",0," "," ","0",0," "," ","0",0," "," ","0",0," "," ","0",0," "," ","0",0," "," ","0",0," "," ","0",0," "," ","0",0," "," ","0",0," "," ","0",0," "," ","0",0," "," ","0",0," "," ","0",0," "," ","0",0," "," ","0",0," "," ","0",0," "," ","0",0," "," ","0",0," "," ","0",0," "," ","0",0," "," ","0",0," "," ","0",0," "," ","0"
"2276","USC00413787",1978,7,"WT03",1," "," ","0",NA," "," "," ",NA," "," "," ",NA," "," "," ",1," "," ","0",NA," "," "," ",NA," "," "," ",NA," "," "," ",NA," "," "," ",NA," "," "," ",NA," "," "," ",NA," "," "," ",1," "," ","0",1," "," ","0",NA," "," "," ",NA," "," "," ",NA," "," "," ",NA," "," "," ",1," "," ","0",NA," "," "," ",NA," "," "," ",1," "," ","0",NA," "," "," ",NA," "," "," ",NA," "," "," ",NA," "," "," ",NA," "," "," ",NA," "," "," ",NA," "," "," ",NA," "," "," ",NA," "," "," "
"2277","USC00413787",1978,8,"TMAX",378," "," ","0",372," "," ","0",339," "," ","0",222," "," ","0",306," "," ","0",333," "," ","0",344," "," ","0",317," "," ","0",306," "," ","0",339," "," ","0",361," "," ","0",378," "," ","0",372," "," ","0",361," "," ","0",344," "," ","0",394," "," ","0",394," "," ","0",367," "," ","0",328," "," ","0",333," "," ","0",367," "," ","0",367," "," ","0",372," "," ","0",367," "," ","0",356," "," ","0",356," "," ","0",400," "," ","0",383," "," ","0",306," "," ","0",300," "," ","0",328," "," ","0"
"2278","USC00413787",1978,8,"TMIN",194," "," ","0",178," "," ","0",172," "," ","0",150," "," ","0",122," "," ","0",150," "," ","0",178," "," ","0",161," "," ","0",178," "," ","0",167," "," ","0",183," "," ","0",183," "," ","0",183," "," ","0",228," "," ","0",150," "," ","0",156," "," ","0",222," "," ","0",183," "," ","0",144," "," ","0",150," "," ","0",200," "," ","0",194," "," ","0",194," "," ","0",200," "," ","0",194," "," ","0",189," "," ","0",172," "," ","0",194," "," ","0",156," "," ","0",156," "," ","0",128," "," ","0"
"2279","USC00413787",1978,8,"TOBS",356," "," ","0",339," "," ","0",222," "," ","0",211," "," ","0",289," "," ","0",244," "," ","0",289," "," ","0",267," "," ","0",300," "," ","0",339," "," ","0",328," "," ","0",361," "," ","0",350," "," ","0",339," "," ","0",317," "," ","0",383," "," ","0",367," "," ","0",328," "," ","0",272," "," ","0",328," "," ","0",350," "," ","0",311," "," ","0",356," "," ","0",356," "," ","0",322," "," ","0",333," "," ","0",383," "," ","0",306," "," ","0",278," "," ","0",267," "," ","0",311," "," ","0"
"2280","USC00413787",1978,8,"PRCP",0," "," ","0",10," "," ","0",104," "," ","0",0,"T"," ","0",0," "," ","0",0," "," ","0",0," "," ","0",218," "," ","0",0," "," ","0",0," "," ","0",0," "," ","0",0," "," ","0",0," "," ","0",0," "," ","0",0," "," ","0",0," "," ","0",0," "," ","0",0," "," ","0",0," "," ","0",0," "," ","0",18," "," ","0",0," "," ","0",0," "," ","0",0," "," ","0",0," "," ","0",8," "," ","0",0," "," ","0",0," "," ","0",0," "," ","0",0," "," ","0",0," "," ","0"
"2281","USC00413787",1978,8,"SNOW",0," "," ","0",0," "," ","0",0," "," ","0",0," "," ","0",0," "," ","0",0," "," ","0",0," "," ","0",0," "," ","0",0," "," ","0",0," "," ","0",0," "," ","0",0," "," ","0",0," "," ","0",0," "," ","0",0," "," ","0",0," "," ","0",0," "," ","0",0," "," ","0",0," "," ","0",0," "," ","0",0," "," ","0",0," "," ","0",0," "," ","0",0," "," ","0",0," "," ","0",0," "," ","0",0," "," ","0",0," "," ","0",0," "," ","0",0," "," ","0",0," "," ","0"
"2282","USC00413787",1978,8,"SNWD",0," "," ","0",0," "," ","0",0," "," ","0",0," "," ","0",0," "," ","0",0," "," ","0",0," "," ","0",0," "," ","0",0," "," ","0",0," "," ","0",0," "," ","0",0," "," ","0",0," "," ","0",0," "," ","0",0," "," ","0",0," "," ","0",0," "," ","0",0," "," ","0",0," "," ","0",0," "," ","0",0," "," ","0",0," "," ","0",0," "," ","0",0," "," ","0",0," "," ","0",0," "," ","0",0," "," ","0",0," "," ","0",0," "," ","0",0," "," ","0",0," "," ","0"
"2283","USC00413787",1978,8,"WT03",NA," "," "," ",1," "," ","0",1," "," ","0",NA," "," "," ",NA," "," "," ",NA," "," "," ",NA," "," "," ",1," "," ","0",NA," "," "," ",NA," "," "," ",NA," "," "," ",NA," "," "," ",NA," "," "," ",NA," "," "," ",NA," "," "," ",NA," "," "," ",NA," "," "," ",NA," "," "," ",NA," "," "," ",NA," "," "," ",NA," "," "," ",NA," "," "," ",NA," "," "," ",NA," "," "," ",NA," "," "," ",NA," "," "," ",NA," "," "," ",NA," "," "," ",NA," "," "," ",NA," "," "," ",NA," "," "," "
"2284","USC00413787",1978,9,"TMAX",339," "," ","0",361," "," ","0",361," "," ","0",350," "," ","0",356," "," ","0",344," "," ","0",339," "," ","0",311," "," ","0",333," "," ","0",350," "," ","0",361," "," ","0",361," "," ","0",339," "," ","0",367," "," ","0",367," "," ","0",383," "," ","0",356," "," ","0",356," "," ","0",344," "," ","0",144," "," ","0",161," "," ","0",211," "," ","0",278," "," ","0",250," "," ","0",211," "," ","0",272," "," ","0",283," "," ","0",283," "," ","0",300," "," ","0",278," "," ","0",NA," "," "," "
"2285","USC00413787",1978,9,"TMIN",156," "," ","0",167," "," ","0",167," "," ","0",150," "," ","0",150," "," ","0",150," "," ","0",161," "," ","0",161," "," ","0",172," "," ","0",178," "," ","0",189," "," ","0",128," "," ","0",133," "," ","0",139," "," ","0",144," "," ","0",189," "," ","0",189," "," ","0",144," "," ","0",100," "," ","0",78," "," ","0",61," "," ","0",56," "," ","0",122," "," ","0",156," "," ","0",156," "," ","0",139," "," ","0",122," "," ","0",117," "," ","0",128," "," ","0",100," "," ","0",NA," "," "," "
"2286","USC00413787",1978,9,"TOBS",333," "," ","0",328," "," ","0",328," "," ","0",328," "," ","0",328," "," ","0",322," "," ","0",311," "," ","0",239," "," ","0",311," "," ","0",322," "," ","0",350," "," ","0",339," "," ","0",317," "," ","0",344," "," ","0",361," "," ","0",356," "," ","0",322," "," ","0",344," "," ","0",111," "," ","0",117," "," ","0",150," "," ","0",183," "," ","0",250," "," ","0",189," "," ","0",183," "," ","0",200," "," ","0",261," "," ","0",267," "," ","0",228," "," ","0",261," "," ","0",NA," "," "," "
"2287","USC00413787",1978,9,"PRCP",0," "," ","0",0," "," ","0",0," "," ","0",0," "," ","0",0," "," ","0",0," "," ","0",0," "," ","0",0,"T"," ","0",0," "," ","0",0," "," ","0",0," "," ","0",0," "," ","0",0," "," ","0",0," "," ","0",0," "," ","0",0," "," ","0",0," "," ","0",0," "," ","0",160," "," ","0",287," "," ","0",0," "," ","0",0," "," ","0",0," "," ","0",18," "," ","0",28," "," ","0",0," "," ","0",0," "," ","0",0," "," ","0",0," "," ","0",0," "," ","0",NA," "," "," "
"2288","USC00413787",1978,9,"SNOW",0," "," ","0",0," "," ","0",0," "," ","0",0," "," ","0",0," "," ","0",0," "," ","0",0," "," ","0",0," "," ","0",0," "," ","0",0," "," ","0",0," "," ","0",0," "," ","0",0," "," ","0",0," "," ","0",0," "," ","0",0," "," ","0",0," "," ","0",0," "," ","0",0," "," ","0",0," "," ","0",0," "," ","0",0," "," ","0",0," "," ","0",0," "," ","0",0," "," ","0",0," "," ","0",0," "," ","0",0," "," ","0",0," "," ","0",0," "," ","0",NA," "," "," "
"2289","USC00413787",1978,9,"SNWD",0," "," ","0",0," "," ","0",0," "," ","0",0," "," ","0",0," "," ","0",0," "," ","0",0," "," ","0",0," "," ","0",0," "," ","0",0," "," ","0",0," "," ","0",0," "," ","0",0," "," ","0",0," "," ","0",0," "," ","0",0," "," ","0",0," "," ","0",0," "," ","0",0," "," ","0",0," "," ","0",0," "," ","0",0," "," ","0",0," "," ","0",0," "," ","0",0," "," ","0",0," "," ","0",0," "," ","0",0," "," ","0",0," "," ","0",0," "," ","0",NA," "," "," "
"2290","USC00413787",1978,9,"WT03",NA," "," "," ",NA," "," "," ",NA," "," "," ",NA," "," "," ",NA," "," "," ",NA," "," "," ",NA," "," "," ",NA," "," "," ",NA," "," "," ",NA," "," "," ",NA," "," "," ",NA," "," "," ",NA," "," "," ",NA," "," "," ",NA," "," "," ",NA," "," "," ",NA," "," "," ",NA," "," "," ",1," "," ","0",NA," "," "," ",NA," "," "," ",NA," "," "," ",NA," "," "," ",1," "," ","0",NA," "," "," ",NA," "," "," ",NA," "," "," ",NA," "," "," ",NA," "," "," ",NA," "," "," ",NA," "," "," "
"2291","USC00413787",1978,10,"TMAX",328," "," ","0",322," "," ","0",244," "," ","0",306," "," ","0",272," "," ","0",239," "," ","0",267," "," ","0",267," "," ","0",261," "," ","0",300," "," ","0",333," "," ","0",294," "," ","0",183," "," ","0",206," "," ","0",267," "," ","0",261," "," ","0",283," "," ","0",261," "," ","0",261," "," ","0",311," "," ","0",278," "," ","0",206," "," ","0",133," "," ","0",167," "," ","0",133," "," ","0",167," "," ","0",250," "," ","0",244," "," ","0",250," "," ","0",222," "," ","0",206," "," ","0"
"2292","USC00413787",1978,10,"TMIN",122," "," ","0",128," "," ","0",111," "," ","0",83," "," ","0",67," "," ","0",33," "," ","0",72," "," ","0",111," "," ","0",106," "," ","0",67," "," ","0",78," "," ","0",111," "," ","0",56," "," ","0",22," "," ","0",44," "," ","0",22," "," ","0",94," "," ","0",94," "," ","0",22," "," ","0",94," "," ","0",106," "," ","0",56," "," ","0",22," "," ","0",33," "," ","0",83," "," ","0",0," "," ","0",11," "," ","0",6," "," ","0",67," "," ","0",83," "," ","0",50," "," ","0"
"2293","USC00413787",1978,10,"TOBS",322," "," ","0",244," "," ","0",211," "," ","0",272," "," ","0",183," "," ","0",222," "," ","0",222," "," ","0",261," "," ","0",239," "," ","0",267," "," ","0",294," "," ","0",183," "," ","0",161," "," ","0",194," "," ","0",244," "," ","0",228," "," ","0",261," "," ","0",178," "," ","0",244," "," ","0",278," "," ","0",206," "," ","0",56," "," ","0",117," "," ","0",133," "," ","0",83," "," ","0",156," "," ","0",200," "," ","0",222," "," ","0",211," "," ","0",150," "," ","0",161," "," ","0"
"2294","USC00413787",1978,10,"PRCP",0," "," ","0",0," "," ","0",0," "," ","0",0," "," ","0",0," "," ","0",0," "," ","0",0," "," ","0",0,"T"," ","0",0," "," ","0",0," "," ","0",0," "," ","0",0," "," ","0",0," "," ","0",0," "," ","0",0," "," ","0",0," "," ","0",0," "," ","0",0," "," ","0",0," "," ","0",0," "," ","0",0,"T"," ","0",15," "," ","0",0," "," ","0",0," "," ","0",0,"T"," ","0",38," "," ","0",0," "," ","0",0," "," ","0",0," "," ","0",0," "," ","0",0," "," ","0"
"2295","USC00413787",1978,10,"SNOW",0," "," ","0",0," "," ","0",0," "," ","0",0," "," ","0",0," "," ","0",0," "," ","0",0," "," ","0",0," "," ","0",0," "," ","0",0," "," ","0",0," "," ","0",0," "," ","0",0," "," ","0",0," "," ","0",0," "," ","0",0," "," ","0",0," "," ","0",0," "," ","0",0," "," ","0",0," "," ","0",0," "," ","0",0," "," ","0",0," "," ","0",0," "," ","0",0," "," ","0",0," "," ","0",0," "," ","0",0," "," ","0",0," "," ","0",0," "," ","0",0," "," ","0"
"2296","USC00413787",1978,10,"SNWD",0," "," ","0",0," "," ","0",0," "," ","0",0," "," ","0",0," "," ","0",0," "," ","0",0," "," ","0",0," "," ","0",0," "," ","0",0," "," ","0",0," "," ","0",0," "," ","0",0," "," ","0",0," "," ","0",0," "," ","0",0," "," ","0",0," "," ","0",0," "," ","0",0," "," ","0",0," "," ","0",0," "," ","0",0," "," ","0",0," "," ","0",0," "," ","0",0," "," ","0",0," "," ","0",0," "," ","0",0," "," ","0",0," "," ","0",0," "," ","0",0," "," ","0"
"2297","USC00413787",1978,11,"TMAX",222," "," ","0",244," "," ","0",250," "," ","0",217," "," ","0",178," "," ","0",111," "," ","0",217," "," ","0",283," "," ","0",272," "," ","0",189," "," ","0",33," "," ","0",83," "," ","0",194," "," ","0",133," "," ","0",-6," "," ","0",28," "," ","0",128," "," ","0",150," "," ","0",94," "," ","0",50," "," ","0",44," "," ","0",156," "," ","0",156," "," ","0",117," "," ","0",183," "," ","0",139," "," ","0",72," "," ","0",139," "," ","0",139," "," ","0",139," "," ","0",NA," "," "," "
"2298","USC00413787",1978,11,"TMIN",50," "," ","0",83," "," ","0",111," "," ","0",94," "," ","0",106," "," ","0",22," "," ","0",-28," "," ","0",39," "," ","0",44," "," ","0",28," "," ","0",-22," "," ","0",-11," "," ","0",11," "," ","0",-28," "," ","0",-33," "," ","0",-17," "," ","0",-50," "," ","0",-22," "," ","0",-11," "," ","0",-39," "," ","0",-39," "," ","0",33," "," ","0",61," "," ","0",67," "," ","0",78," "," ","0",28," "," ","0",-39," "," ","0",-44," "," ","0",-17," "," ","0",-22," "," ","0",NA," "," "," "
"2299","USC00413787",1978,11,"TOBS",183," "," ","0",200," "," ","0",183," "," ","0",178," "," ","0",106," "," ","0",67," "," ","0",122," "," ","0",200," "," ","0",189," "," ","0",33," "," ","0",0," "," ","0",78," "," ","0",133," "," ","0",-22," "," ","0",-6," "," ","0",28," "," ","0",83," "," ","0",94," "," ","0",28," "," ","0",-28," "," ","0",44," "," ","0",128," "," ","0",89," "," ","0",89," "," ","0",139," "," ","0",33," "," ","0",28," "," ","0",100," "," ","0",83," "," ","0",94," "," ","0",NA," "," "," "
"2300","USC00413787",1978,11,"PRCP",0," "," ","0",0," "," ","0",0," "," ","0",8," "," ","0",0," "," ","0",0," "," ","0",0," "," ","0",0," "," ","0",0," "," ","0",0," "," ","0",10," "," ","0",23," "," ","0",0,"T"," ","0",33," "," ","0",76," "," ","0",18," "," ","0",0," "," ","0",0," "," ","0",0,"T"," ","0",0,"T"," ","0",0,"T"," ","0",0," "," ","0",0," "," ","0",41," "," ","0",13," "," ","0",0," "," ","0",0," "," ","0",0," "," ","0",0," "," ","0",0," "," ","0",NA," "," "," "
"2301","USC00413787",1978,11,"SNOW",0," "," ","0",0," "," ","0",0," "," ","0",0," "," ","0",0," "," ","0",0," "," ","0",0," "," ","0",0," "," ","0",0," "," ","0",0," "," ","0",0," "," ","0",0," "," ","0",0," "," ","0",0," "," ","0",0," "," ","0",13," "," ","0",0," "," ","0",0," "," ","0",0," "," ","0",0," "," ","0",0," "," ","0",0," "," ","0",0," "," ","0",0," "," ","0",0," "," ","0",0," "," ","0",0," "," ","0",0," "," ","0",0," "," ","0",0," "," ","0",NA," "," "," "
"2302","USC00413787",1978,11,"SNWD",0," "," ","0",0," "," ","0",0," "," ","0",0," "," ","0",0," "," ","0",0," "," ","0",0," "," ","0",0," "," ","0",0," "," ","0",0," "," ","0",0," "," ","0",0," "," ","0",0," "," ","0",0," "," ","0",0," "," ","0",0," "," ","0",0," "," ","0",0," "," ","0",0," "," ","0",0," "," ","0",0," "," ","0",0," "," ","0",0," "," ","0",0," "," ","0",0," "," ","0",0," "," ","0",0," "," ","0",0," "," ","0",0," "," ","0",0," "," ","0",NA," "," "," "
"2303","USC00413787",1978,11,"WT03",NA," "," "," ",NA," "," "," ",NA," "," "," ",1," "," ","0",NA," "," "," ",NA," "," "," ",NA," "," "," ",NA," "," "," ",NA," "," "," ",NA," "," "," ",NA," "," "," ",NA," "," "," ",NA," "," "," ",NA," "," "," ",NA," "," "," ",NA," "," "," ",NA," "," "," ",NA," "," "," ",NA," "," "," ",NA," "," "," ",NA," "," "," ",NA," "," "," ",NA," "," "," ",NA," "," "," ",NA," "," "," ",NA," "," "," ",NA," "," "," ",NA," "," "," ",NA," "," "," ",NA," "," "," ",NA," "," "," "
"2304","USC00413787",1978,12,"TMAX",200," "," ","0",122," "," ","0",0," "," ","0",156," "," ","0",161," "," ","0",-17," "," ","0",-44," "," ","0",-67," "," ","0",17," "," ","0",72," "," ","0",94," "," ","0",183," "," ","0",128," "," ","0",139," "," ","0",139," "," ","0",72," "," ","0",106," "," ","0",194," "," ","0",211," "," ","0",172," "," ","0",122," "," ","0",111," "," ","0",106," "," ","0",128," "," ","0",94," "," ","0",61," "," ","0",117," "," ","0",183," "," ","0",144," "," ","0",-83," "," ","0",-117," "," ","0"
"2305","USC00413787",1978,12,"TMIN",-17," "," ","0",-67," "," ","0",-111," "," ","0",-106," "," ","0",-17," "," ","0",-56," "," ","0",-111," "," ","0",-183," "," ","0",-189," "," ","0",-122," "," ","0",-83," "," ","0",-44," "," ","0",-39," "," ","0",-72," "," ","0",-61," "," ","0",-28," "," ","0",-83," "," ","0",39," "," ","0",78," "," ","0",-39," "," ","0",-89," "," ","0",-50," "," ","0",-50," "," ","0",-106," "," ","0",-56," "," ","0",-100," "," ","0",-72," "," ","0",0," "," ","0",-94," "," ","0",-122," "," ","0",-139," "," ","0"
"2306","USC00413787",1978,12,"TOBS",122," "," ","0",-56," "," ","0",-22," "," ","0",89," "," ","0",-17," "," ","0",-44," "," ","0",-94," "," ","0",-111," "," ","0",-11," "," ","0",28," "," ","0",33," "," ","0",128," "," ","0",22," "," ","0",83," "," ","0",67," "," ","0",17," "," ","0",61," "," ","0",161," "," ","0",172," "," ","0",22," "," ","0",78," "," ","0",39," "," ","0",39," "," ","0",83," "," ","0",44," "," ","0",11," "," ","0",61," "," ","0",144," "," ","0",-83," "," ","0",-117," "," ","0",-128," "," ","0"
"2307","USC00413787",1978,12,"PRCP",0," "," ","0",0," "," ","0",0," "," ","0",0," "," ","0",0," "," ","0",0," "," ","0",0," "," ","0",18," "," ","0",0," "," ","0",0," "," ","0",0," "," ","0",0," "," ","0",0," "," ","0",0," "," ","0",0," "," ","0",0," "," ","0",0," "," ","0",0," "," ","0",0," "," ","0",0," "," ","0",0," "," ","0",0," "," ","0",0," "," ","0",0," "," ","0",0," "," ","0",0," "," ","0",0," "," ","0",0," "," ","0",0," "," ","0",51," "," ","0",56," "," ","0"
"2308","USC00413787",1978,12,"SNOW",0," "," ","0",0," "," ","0",0," "," ","0",0," "," ","0",0," "," ","0",0," "," ","0",0," "," ","0",25," "," ","0",0," "," ","0",0," "," ","0",0," "," ","0",0," "," ","0",0," "," ","0",0," "," ","0",0," "," ","0",0," "," ","0",0," "," ","0",0," "," ","0",0," "," ","0",0," "," ","0",0," "," ","0",0," "," ","0",0," "," ","0",0," "," ","0",0," "," ","0",0," "," ","0",0," "," ","0",0," "," ","0",0," "," ","0",51," "," ","0",64," "," ","0"
"2309","USC00413787",1978,12,"SNWD",0," "," ","0",0," "," ","0",0," "," ","0",0," "," ","0",0," "," ","0",0," "," ","0",0," "," ","0",25," "," ","0",0," "," ","0",0," "," ","0",0," "," ","0",0," "," ","0",0," "," ","0",0," "," ","0",0," "," ","0",0," "," ","0",0," "," ","0",0," "," ","0",0," "," ","0",0," "," ","0",0," "," ","0",0," "," ","0",0," "," ","0",0," "," ","0",0," "," ","0",0," "," ","0",0," "," ","0",0," "," ","0",0," "," ","0",51," "," ","0",102," "," ","0"
"2310","USC00413787",1979,1,"TMAX",-122," "," ","0",-44," "," ","0",-22," "," ","0",-50," "," ","0",-83," "," ","0",-50," "," ","0",-61," "," ","0",0," "," ","0",11," "," ","0",-22," "," ","0",44," "," ","0",6," "," ","0",-6," "," ","0",-11," "," ","0",117," "," ","0",117," "," ","0",100," "," ","0",144," "," ","0",133," "," ","0",67," "," ","0",139," "," ","0",117," "," ","0",50," "," ","0",83," "," ","0",22," "," ","0",11," "," ","0",-17," "," ","0",-17," "," ","0",-39," "," ","0",-44," "," ","0",28," "," ","0"
"2311","USC00413787",1979,1,"TMIN",-189," "," ","0",-228," "," ","0",-206," "," ","0",-128," "," ","0",-156," "," ","0",-139," "," ","0",-106," "," ","0",-189," "," ","0",-178," "," ","0",-100," "," ","0",-106," "," ","0",-28," "," ","0",-150," "," ","0",-200," "," ","0",-83," "," ","0",6," "," ","0",-28," "," ","0",-6," "," ","0",-22," "," ","0",-11," "," ","0",-44," "," ","0",6," "," ","0",-111," "," ","0",-122," "," ","0",-11," "," ","0",-61," "," ","0",-139," "," ","0",-161," "," ","0",-78," "," ","0",-167," "," ","0",-183," "," ","0"
"2312","USC00413787",1979,1,"TOBS",-150," "," ","0",-106," "," ","0",-67," "," ","0",-83," "," ","0",-122," "," ","0",-67," "," ","0",-94," "," ","0",-28," "," ","0",-22," "," ","0",-89," "," ","0",6," "," ","0",-6," "," ","0",-128," "," ","0",-56," "," ","0",72," "," ","0",50," "," ","0",50," "," ","0",111," "," ","0",67," "," ","0",33," "," ","0",72," "," ","0",50," "," ","0",-50," "," ","0",17," "," ","0",11," "," ","0",-56," "," ","0",-39," "," ","0",-39," "," ","0",-61," "," ","0",-100," "," ","0",11," "," ","0"
"2313","USC00413787",1979,1,"PRCP",0," "," ","0",0," "," ","0",0," "," ","0",0," "," ","0",5," "," ","0",0," "," ","0",0," "," ","0",0," "," ","0",0," "," ","0",0,"T"," ","0",0," "," ","0",0," "," ","0",84," "," ","0",0," "," ","0",0," "," ","0",0," "," ","0",0," "," ","0",66," "," ","0",0," "," ","0",0,"T"," ","0",0," "," ","0",0," "," ","0",104," "," ","0",0," "," ","0",28," "," ","0",25," "," ","0",0," "," ","0",0," "," ","0",5," "," ","0",0," "," ","0",0," "," ","0"
"2314","USC00413787",1979,1,"SNOW",0," "," ","0",0," "," ","0",0," "," ","0",0," "," ","0",13," "," ","0",0," "," ","0",0," "," ","0",0," "," ","0",0," "," ","0",0," "," ","0",0," "," ","0",0," "," ","0",NA," "," "," ",0," "," ","0",0," "," ","0",0," "," ","0",0," "," ","0",0," "," ","0",0," "," ","0",0," "," ","0",0," "," ","0",0," "," ","0",NA," "," "," ",0," "," ","0",0," "," ","0",25," "," ","0",0," "," ","0",0," "," ","0",0," "," ","0",0," "," ","0",0," "," ","0"
"2315","USC00413787",1979,1,"SNWD",127," "," ","0",102," "," ","0",102," "," ","0",102," "," ","0",127," "," ","0",102," "," ","0",102," "," ","0",102," "," ","0",76," "," ","0",76," "," ","0",51," "," ","0",NA," "," "," ",127," "," ","0",NA," "," "," ",NA," "," "," ",NA," "," "," ",NA," "," "," ",NA," "," "," ",NA," "," "," ",NA," "," "," ",NA," "," "," ",NA," "," "," ",NA," "," "," ",NA," "," "," ",NA," "," "," ",NA," "," "," ",NA," "," "," ",NA," "," "," ",NA," "," "," ",NA," "," "," ",NA," "," "," "
"2316","USC00413787",1979,1,"WT06",NA," "," "," ",NA," "," "," ",NA," "," "," ",1," "," ","0",NA," "," "," ",NA," "," "," ",NA," "," "," ",NA," "," "," ",NA," "," "," ",1," "," ","0",NA," "," "," ",1," "," ","0",NA," "," "," ",NA," "," "," ",NA," "," "," ",NA," "," "," ",NA," "," "," ",NA," "," "," ",NA," "," "," ",NA," "," "," ",NA," "," "," ",NA," "," "," ",NA," "," "," ",NA," "," "," ",NA," "," "," ",NA," "," "," ",NA," "," "," ",NA," "," "," ",NA," "," "," ",NA," "," "," ",NA," "," "," "
"2317","USC00413787",1979,2,"TMAX",100," "," ","0",72," "," ","0",56," "," ","0",6," "," ","0",61," "," ","0",61," "," ","0",122," "," ","0",56," "," ","0",133," "," ","0",189," "," ","0",222," "," ","0",183," "," ","0",244," "," ","0",311," "," ","0",239," "," ","0",-39," "," ","0",-28," "," ","0",150," "," ","0",172," "," ","0",156," "," ","0",139," "," ","0",178," "," ","0",133," "," ","0",61," "," ","0",161," "," ","0",178," "," ","0",156," "," ","0",156," "," ","0",NA," "," "," ",NA," "," "," ",NA," "," "," "
"2318","USC00413787",1979,2,"TMIN",-89," "," ","0",-83," "," ","0",-89," "," ","0",-78," "," ","0",-83," "," ","0",-61," "," ","0",-78," "," ","0",-39," "," ","0",-89," "," ","0",-33," "," ","0",-28," "," ","0",-28," "," ","0",-39," "," ","0",0," "," ","0",-50," "," ","0",-128," "," ","0",-128," "," ","0",-78," "," ","0",-17," "," ","0",22," "," ","0",-33," "," ","0",11," "," ","0",-50," "," ","0",-50," "," ","0",-72," "," ","0",-17," "," ","0",0," "," ","0",-6," "," ","0",NA," "," "," ",NA," "," "," ",NA," "," "," "
"2319","USC00413787",1979,2,"TOBS",72," "," ","0",0," "," ","0",6," "," ","0",-28," "," ","0",50," "," ","0",28," "," ","0",56," "," ","0",-33," "," ","0",83," "," ","0",139," "," ","0",150," "," ","0",161," "," ","0",172," "," ","0",239," "," ","0",-39," "," ","0",-94," "," ","0",-44," "," ","0",111," "," ","0",122," "," ","0",133," "," ","0",117," "," ","0",133," "," ","0",39," "," ","0",39," "," ","0",111," "," ","0",139," "," ","0",56," "," ","0",128," "," ","0",NA," "," "," ",NA," "," "," ",NA," "," "," "
"2320","USC00413787",1979,2,"PRCP",0," "," ","0",0," "," ","0",0," "," ","0",0," "," ","0",0," "," ","0",0," "," ","0",0," "," ","0",0," "," ","0",0," "," ","0",0," "," ","0",0," "," ","0",0," "," ","0",0," "," ","0",0," "," ","0",0," "," ","0",13," "," ","0",0," "," ","0",0," "," ","0",0," "," ","0",0," "," ","0",0," "," ","0",0," "," ","0",0," "," ","0",5," "," ","0",0," "," ","0",0," "," ","0",0,"T"," ","0",0," "," ","0",NA," "," "," ",NA," "," "," ",NA," "," "," "
"2321","USC00413787",1979,2,"SNOW",0," "," ","0",0," "," ","0",0," "," ","0",0," "," ","0",0," "," ","0",0," "," ","0",0," "," ","0",0," "," ","0",0," "," ","0",0," "," ","0",0," "," ","0",0," "," ","0",0," "," ","0",0," "," ","0",0," "," ","0",13," "," ","0",0," "," ","0",0," "," ","0",0," "," ","0",0," "," ","0",0," "," ","0",0," "," ","0",0," "," ","0",0," "," ","0",0," "," ","0",0," "," ","0",0," "," ","0",0," "," ","0",NA," "," "," ",NA," "," "," ",NA," "," "," "
"2322","USC00413787",1979,2,"SNWD",0,"T"," ","0",0,"T"," ","0",0,"T"," ","0",0,"T"," ","0",0,"T"," ","0",0,"T"," ","0",0,"T"," ","0",0," "," ","0",0," "," ","0",0," "," ","0",0," "," ","0",0," "," ","0",0," "," ","0",0," "," ","0",0," "," ","0",25," "," ","0",NA," "," "," ",0," "," ","0",0," "," ","0",0," "," ","0",0," "," ","0",0," "," ","0",0," "," ","0",0," "," ","0",0," "," ","0",0," "," ","0",0," "," ","0",0," "," ","0",NA," "," "," ",NA," "," "," ",NA," "," "," "
"2323","USC00413787",1979,3,"TMAX",211," "," ","0",178," "," ","0",100," "," ","0",106," "," ","0",172," "," ","0",189," "," ","0",206," "," ","0",228," "," ","0",144," "," ","0",150," "," ","0",239," "," ","0",222," "," ","0",211," "," ","0",183," "," ","0",144," "," ","0",72," "," ","0",133," "," ","0",200," "," ","0",189," "," ","0",128," "," ","0",122," "," ","0",122," "," ","0",128," "," ","0",133," "," ","0",239," "," ","0",222," "," ","0",167," "," ","0",272," "," ","0",250," "," ","0",200," "," ","0",161," "," ","0"
"2324","USC00413787",1979,3,"TMIN",11," "," ","0",83," "," ","0",-44," "," ","0",-89," "," ","0",-56," "," ","0",-33," "," ","0",56," "," ","0",22," "," ","0",11," "," ","0",-50," "," ","0",-39," "," ","0",-28," "," ","0",-6," "," ","0",-39," "," ","0",28," "," ","0",33," "," ","0",50," "," ","0",67," "," ","0",-22," "," ","0",17," "," ","0",56," "," ","0",17," "," ","0",6," "," ","0",-17," "," ","0",-11," "," ","0",17," "," ","0",6," "," ","0",83," "," ","0",83," "," ","0",28," "," ","0",0," "," ","0"
"2325","USC00413787",1979,3,"TOBS",178," "," ","0",100," "," ","0",17," "," ","0",94," "," ","0",144," "," ","0",156," "," ","0",183," "," ","0",144," "," ","0",56," "," ","0",139," "," ","0",217," "," ","0",211," "," ","0",144," "," ","0",144," "," ","0",67," "," ","0",56," "," ","0",128," "," ","0",189," "," ","0",128," "," ","0",78," "," ","0",122," "," ","0",50," "," ","0",89," "," ","0",128," "," ","0",222," "," ","0",28," "," ","0",139," "," ","0",250," "," ","0",200," "," ","0",161," "," ","0",128," "," ","0"
"2326","USC00413787",1979,3,"PRCP",0," "," ","0",0,"T"," ","0",0,"T"," ","0",0," "," ","0",0," "," ","0",0," "," ","0",0," "," ","0",0," "," ","0",0," "," ","0",0," "," ","0",0," "," ","0",0," "," ","0",0," "," ","0",0," "," ","0",8," "," ","0",0," "," ","0",3," "," ","0",61," "," ","0",0," "," ","0",0,"T"," ","0",145," "," ","0",38," "," ","0",0," "," ","0",0,"T"," ","0",0," "," ","0",0," "," ","0",0," "," ","0",0," "," ","0",0," "," ","0",0," "," ","0",0,"T"," ","0"
"2327","USC00413787",1979,3,"SNOW",0," "," ","0",0," "," ","0",0," "," ","0",0," "," ","0",0," "," ","0",0," "," ","0",0," "," ","0",0," "," ","0",0," "," ","0",0," "," ","0",0," "," ","0",0," "," ","0",0," "," ","0",0," "," ","0",0," "," ","0",0," "," ","0",0," "," ","0",0," "," ","0",0," "," ","0",0," "," ","0",0," "," ","0",0," "," ","0",0," "," ","0",0," "," ","0",0," "," ","0",0," "," ","0",0," "," ","0",0," "," ","0",0," "," ","0",0," "," ","0",0," "," ","0"
"2328","USC00413787",1979,3,"SNWD",0," "," ","0",0," "," ","0",0," "," ","0",0," "," ","0",0," "," ","0",0," "," ","0",0," "," ","0",0," "," ","0",0," "," ","0",0," "," ","0",0," "," ","0",0," "," ","0",0," "," ","0",0," "," ","0",0," "," ","0",0," "," ","0",0," "," ","0",0," "," ","0",0," "," ","0",0," "," ","0",0," "," ","0",0," "," ","0",0," "," ","0",0," "," ","0",0," "," ","0",0," "," ","0",0," "," ","0",0," "," ","0",0," "," ","0",0," "," ","0",0," "," ","0"
"2329","USC00413787",1979,3,"WT03",NA," "," "," ",NA," "," "," ",NA," "," "," ",NA," "," "," ",NA," "," "," ",NA," "," "," ",NA," "," "," ",NA," "," "," ",NA," "," "," ",NA," "," "," ",NA," "," "," ",NA," "," "," ",NA," "," "," ",NA," "," "," ",NA," "," "," ",NA," "," "," ",NA," "," "," ",1," "," ","0",NA," "," "," ",NA," "," "," ",1," "," ","0",1," "," ","0",NA," "," "," ",NA," "," "," ",NA," "," "," ",NA," "," "," ",NA," "," "," ",NA," "," "," ",NA," "," "," ",NA," "," "," ",NA," "," "," "
"2330","USC00413787",1979,4,"TMAX",128," "," ","0",111," "," ","0",78," "," ","0",128," "," ","0",244," "," ","0",250," "," ","0",306," "," ","0",300," "," ","0",211," "," ","0",178," "," ","0",161," "," ","0",161," "," ","0",206," "," ","0",267," "," ","0",328," "," ","0",306," "," ","0",278," "," ","0",267," "," ","0",283," "," ","0",228," "," ","0",244," "," ","0",261," "," ","0",272," "," ","0",317," "," ","0",300," "," ","0",233," "," ","0",211," "," ","0",183," "," ","0",222," "," ","0",233," "," ","0",NA," "," "," "
"2331","USC00413787",1979,4,"TMIN",28," "," ","0",-11," "," ","0",-17," "," ","0",-111," "," ","0",-17," "," ","0",11," "," ","0",83," "," ","0",78," "," ","0",22," "," ","0",33," "," ","0",17," "," ","0",33," "," ","0",-11," "," ","0",22," "," ","0",44," "," ","0",133," "," ","0",150," "," ","0",100," "," ","0",172," "," ","0",100," "," ","0",28," "," ","0",22," "," ","0",67," "," ","0",111," "," ","0",122," "," ","0",100," "," ","0",67," "," ","0",39," "," ","0",28," "," ","0",83," "," ","0",NA," "," "," "
"2332","USC00413787",1979,4,"TOBS",72," "," ","0",78," "," ","0",0," "," ","0",122," "," ","0",228," "," ","0",222," "," ","0",278," "," ","0",189," "," ","0",83," "," ","0",111," "," ","0",133," "," ","0",117," "," ","0",194," "," ","0",239," "," ","0",250," "," ","0",261," "," ","0",200," "," ","0",222," "," ","0",217," "," ","0",189," "," ","0",211," "," ","0",239," "," ","0",256," "," ","0",300," "," ","0",178," "," ","0",211," "," ","0",172," "," ","0",161," "," ","0",206," "," ","0",200," "," ","0",NA," "," "," "
"2333","USC00413787",1979,4,"PRCP",0," "," ","0",0," "," ","0",203," "," ","0",0," "," ","0",0," "," ","0",0," "," ","0",0," "," ","0",0," "," ","0",0,"T"," ","0",53," "," ","0",0,"T"," ","0",0," "," ","0",0," "," ","0",0," "," ","0",0," "," ","0",0," "," ","0",0," "," ","0",0," "," ","0",0," "," ","0",0," "," ","0",0," "," ","0",0," "," ","0",0," "," ","0",0," "," ","0",0," "," ","0",0," "," ","0",0," "," ","0",5," "," ","0",0," "," ","0",0," "," ","0",NA," "," "," "
"2334","USC00413787",1979,4,"SNOW",0," "," ","0",0," "," ","0",203," "," ","0",0," "," ","0",0," "," ","0",0," "," ","0",0," "," ","0",0," "," ","0",0," "," ","0",0," "," ","0",0," "," ","0",0," "," ","0",0," "," ","0",0," "," ","0",0," "," ","0",0," "," ","0",0," "," ","0",0," "," ","0",0," "," ","0",0," "," ","0",0," "," ","0",0," "," ","0",0," "," ","0",0," "," ","0",0," "," ","0",0," "," ","0",0," "," ","0",0," "," ","0",0," "," ","0",0," "," ","0",NA," "," "," "
"2335","USC00413787",1979,4,"SNWD",0," "," ","0",0," "," ","0",127," "," ","0",0," "," ","0",0," "," ","0",0," "," ","0",0," "," ","0",0," "," ","0",0," "," ","0",0," "," ","0",0," "," ","0",0," "," ","0",0," "," ","0",0," "," ","0",0," "," ","0",0," "," ","0",0," "," ","0",0," "," ","0",0," "," ","0",0," "," ","0",0," "," ","0",0," "," ","0",0," "," ","0",0," "," ","0",0," "," ","0",0," "," ","0",0," "," ","0",0," "," ","0",0," "," ","0",0," "," ","0",NA," "," "," "
"2336","USC00413787",1979,4,"WT03",NA," "," "," ",NA," "," "," ",NA," "," "," ",NA," "," "," ",NA," "," "," ",NA," "," "," ",NA," "," "," ",NA," "," "," ",NA," "," "," ",1," "," ","0",NA," "," "," ",NA," "," "," ",NA," "," "," ",NA," "," "," ",NA," "," "," ",NA," "," "," ",NA," "," "," ",NA," "," "," ",NA," "," "," ",NA," "," "," ",NA," "," "," ",NA," "," "," ",NA," "," "," ",NA," "," "," ",NA," "," "," ",NA," "," "," ",NA," "," "," ",NA," "," "," ",NA," "," "," ",NA," "," "," ",NA," "," "," "
"2337","USC00413787",1979,5,"TMAX",206," "," ","0",194," "," ","0",122," "," ","0",172," "," ","0",294," "," ","0",339," "," ","0",339," "," ","0",317," "," ","0",283," "," ","0",211," "," ","0",206," "," ","0",211," "," ","0",283," "," ","0",300," "," ","0",322," "," ","0",294," "," ","0",283," "," ","0",322," "," ","0",317," "," ","0",283," "," ","0",161," "," ","0",233," "," ","0",233," "," ","0",189," "," ","0",206," "," ","0",256," "," ","0",306," "," ","0",317," "," ","0",311," "," ","0",300," "," ","0",172," "," ","0"
"2338","USC00413787",1979,5,"TMIN",89," "," ","0",117," "," ","0",17," "," ","0",6," "," ","0",28," "," ","0",117," "," ","0",100," "," ","0",106," "," ","0",100," "," ","0",39," "," ","0",22," "," ","0",56," "," ","0",33," "," ","0",56," "," ","0",89," "," ","0",122," "," ","0",133," "," ","0",122," "," ","0",144," "," ","0",139," "," ","0",106," "," ","0",117," "," ","0",117," "," ","0",111," "," ","0",111," "," ","0",106," "," ","0",106," "," ","0",144," "," ","0",117," "," ","0",128," "," ","0",100," "," ","0"
"2339","USC00413787",1979,5,"TOBS",194," "," ","0",122," "," ","0",17," "," ","0",167," "," ","0",294," "," ","0",339," "," ","0",283," "," ","0",283," "," ","0",211," "," ","0",161," "," ","0",206," "," ","0",183," "," ","0",278," "," ","0",289," "," ","0",267," "," ","0",283," "," ","0",239," "," ","0",317," "," ","0",283," "," ","0",156," "," ","0",122," "," ","0",233," "," ","0",167," "," ","0",178," "," ","0",200," "," ","0",244," "," ","0",272," "," ","0",294," "," ","0",300," "," ","0",172," "," ","0",139," "," ","0"
"2340","USC00413787",1979,5,"PRCP",30," "," ","0",0," "," ","0",79," "," ","0",28," "," ","0",0," "," ","0",0," "," ","0",0," "," ","0",0," "," ","0",0," "," ","0",0," "," ","0",0," "," ","0",0," "," ","0",0," "," ","0",0," "," ","0",0," "," ","0",0," "," ","0",0,"T"," ","0",157," "," ","0",0," "," ","0",137," "," ","0",437," "," ","0",18," "," ","0",0,"T"," ","0",28," "," ","0",0," "," ","0",0," "," ","0",0," "," ","0",0," "," ","0",0," "," ","0",224," "," ","0",69," "," ","0"
"2341","USC00413787",1979,5,"SNOW",0," "," ","0",0," "," ","0",0," "," ","0",0," "," ","0",0," "," ","0",0," "," ","0",0," "," ","0",0," "," ","0",0," "," ","0",0," "," ","0",0," "," ","0",0," "," ","0",0," "," ","0",0," "," ","0",0," "," ","0",0," "," ","0",0," "," ","0",0," "," ","0",0," "," ","0",0," "," ","0",0," "," ","0",0," "," ","0",0," "," ","0",0," "," ","0",0," "," ","0",0," "," ","0",0," "," ","0",0," "," ","0",0," "," ","0",0," "," ","0",0," "," ","0"
"2342","USC00413787",1979,5,"SNWD",0," "," ","0",0," "," ","0",0," "," ","0",0," "," ","0",0," "," ","0",0," "," ","0",0," "," ","0",0," "," ","0",0," "," ","0",0," "," ","0",0," "," ","0",0," "," ","0",0," "," ","0",0," "," ","0",0," "," ","0",0," "," ","0",0," "," ","0",0," "," ","0",0," "," ","0",0," "," ","0",0," "," ","0",0," "," ","0",0," "," ","0",0," "," ","0",0," "," ","0",0," "," ","0",0," "," ","0",0," "," ","0",0," "," ","0",0," "," ","0",0," "," ","0"
"2343","USC00413787",1979,5,"WT03",1," "," ","0",NA," "," "," ",NA," "," "," ",NA," "," "," ",NA," "," "," ",NA," "," "," ",NA," "," "," ",NA," "," "," ",NA," "," "," ",NA," "," "," ",NA," "," "," ",NA," "," "," ",NA," "," "," ",NA," "," "," ",NA," "," "," ",NA," "," "," ",NA," "," "," ",1," "," ","0",NA," "," "," ",1," "," ","0",1," "," ","0",NA," "," "," ",NA," "," "," ",1," "," ","0",NA," "," "," ",NA," "," "," ",NA," "," "," ",NA," "," "," ",NA," "," "," ",1," "," ","0",NA," "," "," "
"2344","USC00413787",1979,6,"TMAX",150," "," ","0",233," "," ","0",278," "," ","0",322," "," ","0",300," "," ","0",283," "," ","0",306," "," ","0",289," "," ","0",183," "," ","0",256," "," ","0",278," "," ","0",322," "," ","0",350," "," ","0",361," "," ","0",361," "," ","0",350," "," ","0",356," "," ","0",350," "," ","0",344," "," ","0",322," "," ","0",378," "," ","0",383," "," ","0",300," "," ","0",289," "," ","0",311," "," ","0",322," "," ","0",350," "," ","0",350," "," ","0",361," "," ","0",389," "," ","0",NA," "," "," "
"2345","USC00413787",1979,6,"TMIN",106," "," ","0",100," "," ","0",111," "," ","0",150," "," ","0",167," "," ","0",139," "," ","0",144," "," ","0",111," "," ","0",111," "," ","0",61," "," ","0",89," "," ","0",117," "," ","0",128," "," ","0",144," "," ","0",183," "," ","0",178," "," ","0",178," "," ","0",172," "," ","0",206," "," ","0",106," "," ","0",133," "," ","0",211," "," ","0",178," "," ","0",183," "," ","0",172," "," ","0",144," "," ","0",161," "," ","0",167," "," ","0",178," "," ","0",178," "," ","0",NA," "," "," "
"2346","USC00413787",1979,6,"TOBS",139," "," ","0",183," "," ","0",278," "," ","0",300," "," ","0",233," "," ","0",278," "," ","0",289," "," ","0",128," "," ","0",172," "," ","0",244," "," ","0",272," "," ","0",322," "," ","0",339," "," ","0",356," "," ","0",350," "," ","0",350," "," ","0",350," "," ","0",344," "," ","0",300," "," ","0",322," "," ","0",367," "," ","0",256," "," ","0",289," "," ","0",267," "," ","0",306," "," ","0",311," "," ","0",333," "," ","0",344," "," ","0",350," "," ","0",378," "," ","0",NA," "," "," "
"2347","USC00413787",1979,6,"PRCP",191," "," ","0",8," "," ","0",3," "," ","0",0," "," ","0",0," "," ","0",0," "," ","0",0," "," ","0",0," "," ","0",185," "," ","0",0," "," ","0",0," "," ","0",0," "," ","0",0," "," ","0",0," "," ","0",0," "," ","0",0," "," ","0",0," "," ","0",0," "," ","0",0," "," ","0",0," "," ","0",0," "," ","0",0," "," ","0",0," "," ","0",76," "," ","0",18," "," ","0",0," "," ","0",0," "," ","0",0," "," ","0",0," "," ","0",0," "," ","0",NA," "," "," "
"2348","USC00413787",1979,6,"SNOW",0," "," ","0",0," "," ","0",0," "," ","0",0," "," ","0",0," "," ","0",0," "," ","0",0," "," ","0",0," "," ","0",0," "," ","0",0," "," ","0",0," "," ","0",0," "," ","0",0," "," ","0",0," "," ","0",0," "," ","0",0," "," ","0",0," "," ","0",0," "," ","0",0," "," ","0",0," "," ","0",0," "," ","0",0," "," ","0",0," "," ","0",0," "," ","0",0," "," ","0",0," "," ","0",0," "," ","0",0," "," ","0",0," "," ","0",0," "," ","0",NA," "," "," "
"2349","USC00413787",1979,6,"SNWD",0," "," ","0",0," "," ","0",0," "," ","0",0," "," ","0",0," "," ","0",0," "," ","0",0," "," ","0",0," "," ","0",0," "," ","0",0," "," ","0",0," "," ","0",0," "," ","0",0," "," ","0",0," "," ","0",0," "," ","0",0," "," ","0",0," "," ","0",0," "," ","0",0," "," ","0",0," "," ","0",0," "," ","0",0," "," ","0",0," "," ","0",0," "," ","0",0," "," ","0",0," "," ","0",0," "," ","0",0," "," ","0",0," "," ","0",0," "," ","0",NA," "," "," "
"2350","USC00413787",1979,6,"WT03",NA," "," "," ",NA," "," "," ",NA," "," "," ",NA," "," "," ",NA," "," "," ",NA," "," "," ",NA," "," "," ",NA," "," "," ",NA," "," "," ",NA," "," "," ",NA," "," "," ",NA," "," "," ",NA," "," "," ",NA," "," "," ",NA," "," "," ",NA," "," "," ",NA," "," "," ",NA," "," "," ",NA," "," "," ",NA," "," "," ",NA," "," "," ",NA," "," "," ",NA," "," "," ",1," "," ","0",NA," "," "," ",NA," "," "," ",NA," "," "," ",NA," "," "," ",NA," "," "," ",NA," "," "," ",NA," "," "," "
"2351","USC00413787",1979,7,"TMAX",383," "," ","0",383," "," ","0",378," "," ","0",361," "," ","0",356," "," ","0",317," "," ","0",322," "," ","0",361," "," ","0",350," "," ","0",361," "," ","0",378," "," ","0",356," "," ","0",361," "," ","0",378," "," ","0",389," "," ","0",350," "," ","0",328," "," ","0",289," "," ","0",300," "," ","0",317," "," ","0",339," "," ","0",367," "," ","0",361," "," ","0",361," "," ","0",300," "," ","0",317," "," ","0",339," "," ","0",367," "," ","0",356," "," ","0",350," "," ","0",294," "," ","0"
"2352","USC00413787",1979,7,"TMIN",189," "," ","0",189," "," ","0",211," "," ","0",161," "," ","0",183," "," ","0",139," "," ","0",156," "," ","0",161," "," ","0",178," "," ","0",150," "," ","0",167," "," ","0",206," "," ","0",178," "," ","0",183," "," ","0",183," "," ","0",178," "," ","0",189," "," ","0",172," "," ","0",172," "," ","0",144," "," ","0",161," "," ","0",206," "," ","0",206," "," ","0",167," "," ","0",178," "," ","0",167," "," ","0",167," "," ","0",206," "," ","0",206," "," ","0",206," "," ","0",161," "," ","0"
"2353","USC00413787",1979,7,"TOBS",383," "," ","0",378," "," ","0",278," "," ","0",356," "," ","0",261," "," ","0",306," "," ","0",322," "," ","0",350," "," ","0",300," "," ","0",350," "," ","0",356," "," ","0",344," "," ","0",356," "," ","0",372," "," ","0",350," "," ","0",322," "," ","0",261," "," ","0",267," "," ","0",278," "," ","0",306," "," ","0",328," "," ","0",317," "," ","0",267," "," ","0",189," "," ","0",289," "," ","0",306," "," ","0",333," "," ","0",344," "," ","0",339," "," ","0",294," "," ","0",278," "," ","0"
"2354","USC00413787",1979,7,"PRCP",0," "," ","0",0," "," ","0",0," "," ","0",0," "," ","0",20," "," ","0",0," "," ","0",229," "," ","0",0," "," ","0",0," "," ","0",0," "," ","0",0," "," ","0",0," "," ","0",0," "," ","0",0," "," ","0",0," "," ","0",0," "," ","0",25," "," ","0",0," "," ","0",0,"T"," ","0",0,"T"," ","0",0," "," ","0",0," "," ","0",0," "," ","0",940," "," ","0",173," "," ","0",0," "," ","0",0," "," ","0",0," "," ","0",0," "," ","0",0," "," ","0",0," "," ","0"
"2355","USC00413787",1979,7,"SNOW",0," "," ","0",0," "," ","0",0," "," ","0",0," "," ","0",0," "," ","0",0," "," ","0",0," "," ","0",0," "," ","0",0," "," ","0",0," "," ","0",0," "," ","0",0," "," ","0",0," "," ","0",0," "," ","0",0," "," ","0",0," "," ","0",0," "," ","0",0," "," ","0",0," "," ","0",0," "," ","0",0," "," ","0",0," "," ","0",0," "," ","0",0," "," ","0",0," "," ","0",0," "," ","0",0," "," ","0",0," "," ","0",0," "," ","0",0," "," ","0",0," "," ","0"
"2356","USC00413787",1979,7,"SNWD",0," "," ","0",0," "," ","0",0," "," ","0",0," "," ","0",0," "," ","0",0," "," ","0",0," "," ","0",0," "," ","0",0," "," ","0",0," "," ","0",0," "," ","0",0," "," ","0",0," "," ","0",0," "," ","0",0," "," ","0",0," "," ","0",0," "," ","0",0," "," ","0",0," "," ","0",0," "," ","0",0," "," ","0",0," "," ","0",0," "," ","0",0," "," ","0",0," "," ","0",0," "," ","0",0," "," ","0",0," "," ","0",0," "," ","0",0," "," ","0",0," "," ","0"
"2357","USC00413787",1979,7,"WT03",NA," "," "," ",NA," "," "," ",NA," "," "," ",NA," "," "," ",1," "," ","0",NA," "," "," ",1," "," ","0",NA," "," "," ",NA," "," "," ",NA," "," "," ",NA," "," "," ",NA," "," "," ",NA," "," "," ",NA," "," "," ",NA," "," "," ",1," "," ","0",NA," "," "," ",NA," "," "," ",NA," "," "," ",NA," "," "," ",NA," "," "," ",NA," "," "," ",NA," "," "," ",NA," "," "," ",NA," "," "," ",NA," "," "," ",NA," "," "," ",NA," "," "," ",NA," "," "," ",NA," "," "," ",NA," "," "," "
"2358","USC00413787",1979,7,"WT05",NA," "," "," ",NA," "," "," ",NA," "," "," ",NA," "," "," ",NA," "," "," ",NA," "," "," ",NA," "," "," ",NA," "," "," ",NA," "," "," ",NA," "," "," ",NA," "," "," ",NA," "," "," ",NA," "," "," ",NA," "," "," ",NA," "," "," ",NA," "," "," ",NA," "," "," ",NA," "," "," ",NA," "," "," ",NA," "," "," ",NA," "," "," ",NA," "," "," ",NA," "," "," ",1," "," ","0",NA," "," "," ",NA," "," "," ",NA," "," "," ",NA," "," "," ",NA," "," "," ",NA," "," "," ",NA," "," "," "
"2359","USC00413787",1979,8,"TMAX",317," "," ","0",350," "," ","0",322," "," ","0",339," "," ","0",339," "," ","0",339," "," ","0",339," "," ","0",339," "," ","0",350," "," ","0",333," "," ","0",272," "," ","0",311," "," ","0",350," "," ","0",333," "," ","0",272," "," ","0",311," "," ","0",311," "," ","0",333," "," ","0",322," "," ","0",333," "," ","0",333," "," ","0",339," "," ","0",322," "," ","0",311," "," ","0",317," "," ","0",294," "," ","0",294," "," ","0",344," "," ","0",350," "," ","0",322," "," ","0",339," "," ","0"
"2360","USC00413787",1979,8,"TMIN",156," "," ","0",167," "," ","0",156," "," ","0",172," "," ","0",178," "," ","0",172," "," ","0",167," "," ","0",206," "," ","0",183," "," ","0",172," "," ","0",100," "," ","0",94," "," ","0",156," "," ","0",183," "," ","0",128," "," ","0",206," "," ","0",161," "," ","0",172," "," ","0",167," "," ","0",128," "," ","0",133," "," ","0",144," "," ","0",167," "," ","0",156," "," ","0",100," "," ","0",139," "," ","0",156," "," ","0",172," "," ","0",178," "," ","0",161," "," ","0",161," "," ","0"
"2361","USC00413787",1979,8,"TOBS",294," "," ","0",194," "," ","0",311," "," ","0",322," "," ","0",317," "," ","0",333," "," ","0",328," "," ","0",328," "," ","0",339," "," ","0",194," "," ","0",256," "," ","0",300," "," ","0",339," "," ","0",272," "," ","0",NA," "," "," ",289," "," ","0",250," "," ","0",322," "," ","0",322," "," ","0",322," "," ","0",328," "," ","0",317," "," ","0",200," "," ","0",239," "," ","0",294," "," ","0",250," "," ","0",283," "," ","0",339," "," ","0",322," "," ","0",306," "," ","0",333," "," ","0"
"2362","USC00413787",1979,8,"PRCP",86," "," ","0",165," "," ","0",10," "," ","0",0," "," ","0",0," "," ","0",0," "," ","0",0," "," ","0",0," "," ","0",0," "," ","0",13," "," ","0",0," "," ","0",0," "," ","0",0," "," ","0",0," "," ","0",97," "," ","0",5," "," ","0",0," "," ","0",0," "," ","0",0," "," ","0",0," "," ","0",10," "," ","0",0," "," ","0",0," "," ","0",0," "," ","0",15," "," ","0",333," "," ","0",51," "," ","0",0," "," ","0",0," "," ","0",0," "," ","0",0," "," ","0"
"2363","USC00413787",1979,8,"SNOW",0," "," ","0",0," "," ","0",0," "," ","0",0," "," ","0",0," "," ","0",0," "," ","0",0," "," ","0",0," "," ","0",0," "," ","0",0," "," ","0",0," "," ","0",0," "," ","0",0," "," ","0",0," "," ","0",0," "," ","0",0," "," ","0",0," "," ","0",0," "," ","0",0," "," ","0",0," "," ","0",0," "," ","0",0," "," ","0",0," "," ","0",0," "," ","0",0," "," ","0",0," "," ","0",0," "," ","0",0," "," ","0",0," "," ","0",0," "," ","0",0," "," ","0"
"2364","USC00413787",1979,8,"SNWD",0," "," ","0",0," "," ","0",0," "," ","0",0," "," ","0",0," "," ","0",0," "," ","0",0," "," ","0",0," "," ","0",0," "," ","0",0," "," ","0",0," "," ","0",0," "," ","0",0," "," ","0",0," "," ","0",0," "," ","0",0," "," ","0",0," "," ","0",0," "," ","0",0," "," ","0",0," "," ","0",0," "," ","0",0," "," ","0",0," "," ","0",0," "," ","0",0," "," ","0",0," "," ","0",0," "," ","0",0," "," ","0",0," "," ","0",0," "," ","0",0," "," ","0"
"2365","USC00413787",1979,8,"WT03",NA," "," "," ",1," "," ","0",1," "," ","0",NA," "," "," ",NA," "," "," ",NA," "," "," ",NA," "," "," ",NA," "," "," ",NA," "," "," ",NA," "," "," ",NA," "," "," ",NA," "," "," ",NA," "," "," ",NA," "," "," ",1," "," ","0",NA," "," "," ",NA," "," "," ",NA," "," "," ",NA," "," "," ",NA," "," "," ",NA," "," "," ",NA," "," "," ",NA," "," "," ",NA," "," "," ",NA," "," "," ",NA," "," "," ",NA," "," "," ",NA," "," "," ",NA," "," "," ",NA," "," "," ",NA," "," "," "
"2366","USC00413787",1979,9,"TMAX",339," "," ","0",361," "," ","0",328," "," ","0",350," "," ","0",344," "," ","0",356," "," ","0",350," "," ","0",311," "," ","0",339," "," ","0",328," "," ","0",328," "," ","0",322," "," ","0",244," "," ","0",228," "," ","0",233," "," ","0",261," "," ","0",267," "," ","0",267," "," ","0",294," "," ","0",283," "," ","0",272," "," ","0",306," "," ","0",339," "," ","0",356," "," ","0",333," "," ","0",344," "," ","0",317," "," ","0",322," "," ","0",339," "," ","0",339," "," ","0",NA," "," "," "
"2367","USC00413787",1979,9,"TMIN",200," "," ","0",161," "," ","0",161," "," ","0",206," "," ","0",178," "," ","0",167," "," ","0",172," "," ","0",172," "," ","0",161," "," ","0",156," "," ","0",128," "," ","0",128," "," ","0",100," "," ","0",89," "," ","0",50," "," ","0",72," "," ","0",106," "," ","0",106," "," ","0",89," "," ","0",94," "," ","0",100," "," ","0",89," "," ","0",94," "," ","0",94," "," ","0",128," "," ","0",106," "," ","0",117," "," ","0",133," "," ","0",94," "," ","0",133," "," ","0",NA," "," "," "
"2368","USC00413787",1979,9,"TOBS",328," "," ","0",306," "," ","0",222," "," ","0",306," "," ","0",333," "," ","0",350," "," ","0",306," "," ","0",272," "," ","0",317," "," ","0",300," "," ","0",300," "," ","0",217," "," ","0",222," "," ","0",139," "," ","0",217," "," ","0",250," "," ","0",239," "," ","0",244," "," ","0",267," "," ","0",272," "," ","0",217," "," ","0",289," "," ","0",328," "," ","0",333," "," ","0",300," "," ","0",317," "," ","0",300," "," ","0",306," "," ","0",311," "," ","0",322," "," ","0",NA," "," "," "
"2369","USC00413787",1979,9,"PRCP",0," "," ","0",0," "," ","0",48," "," ","0",0," "," ","0",0," "," ","0",0," "," ","0",0," "," ","0",76," "," ","0",0," "," ","0",0," "," ","0",0," "," ","0",0," "," ","0",13," "," ","0",99," "," ","0",0," "," ","0",0," "," ","0",0," "," ","0",0," "," ","0",0," "," ","0",0," "," ","0",0," "," ","0",0," "," ","0",0," "," ","0",0," "," ","0",0," "," ","0",0," "," ","0",0," "," ","0",0," "," ","0",0," "," ","0",0," "," ","0",NA," "," "," "
"2370","USC00413787",1979,9,"SNOW",0," "," ","0",0," "," ","0",0," "," ","0",0," "," ","0",0," "," ","0",0," "," ","0",0," "," ","0",0," "," ","0",0," "," ","0",0," "," ","0",0," "," ","0",0," "," ","0",0," "," ","0",0," "," ","0",0," "," ","0",0," "," ","0",0," "," ","0",0," "," ","0",0," "," ","0",0," "," ","0",0," "," ","0",0," "," ","0",0," "," ","0",0," "," ","0",0," "," ","0",0," "," ","0",0," "," ","0",0," "," ","0",0," "," ","0",0," "," ","0",NA," "," "," "
"2371","USC00413787",1979,9,"SNWD",0," "," ","0",0," "," ","0",0," "," ","0",0," "," ","0",0," "," ","0",0," "," ","0",0," "," ","0",0," "," ","0",0," "," ","0",0," "," ","0",0," "," ","0",0," "," ","0",0," "," ","0",0," "," ","0",0," "," ","0",0," "," ","0",0," "," ","0",0," "," ","0",0," "," ","0",0," "," ","0",0," "," ","0",0," "," ","0",0," "," ","0",0," "," ","0",0," "," ","0",0," "," ","0",0," "," ","0",0," "," ","0",0," "," ","0",0," "," ","0",NA," "," "," "
"2372","USC00413787",1979,10,"TMAX",322," "," ","0",339," "," ","0",306," "," ","0",261," "," ","0",311," "," ","0",322," "," ","0",339," "," ","0",356," "," ","0",328," "," ","0",317," "," ","0",322," "," ","0",294," "," ","0",211," "," ","0",272," "," ","0",289," "," ","0",333," "," ","0",283," "," ","0",267," "," ","0",283," "," ","0",317," "," ","0",283," "," ","0",167," "," ","0",239," "," ","0",256," "," ","0",278," "," ","0",333," "," ","0",233," "," ","0",222," "," ","0",NA," "," "," ",167," "," ","0",61," "," ","0"
"2373","USC00413787",1979,10,"TMIN",133," "," ","0",61," "," ","0",100," "," ","0",28," "," ","0",56," "," ","0",72," "," ","0",72," "," ","0",78," "," ","0",61," "," ","0",11," "," ","0",89," "," ","0",89," "," ","0",33," "," ","0",83," "," ","0",89," "," ","0",67," "," ","0",83," "," ","0",128," "," ","0",83," "," ","0",133," "," ","0",72," "," ","0",6," "," ","0",-6," "," ","0",17," "," ","0",17," "," ","0",56," "," ","0",94," "," ","0",6," "," ","0",NA," "," "," ",-6," "," ","0",-6," "," ","0"
"2374","USC00413787",1979,10,"TOBS",233," "," ","0",311," "," ","0",183," "," ","0",244," "," ","0",289," "," ","0",294," "," ","0",317," "," ","0",333," "," ","0",133," "," ","0",244," "," ","0",294," "," ","0",211," "," ","0",178," "," ","0",244," "," ","0",272," "," ","0",283," "," ","0",211," "," ","0",239," "," ","0",267," "," ","0",289," "," ","0",72," "," ","0",156," "," ","0",211," "," ","0",228," "," ","0",244," "," ","0",239," "," ","0",178," "," ","0",167," "," ","0",6," "," ","0",44," "," ","0",NA," "," "," "
"2375","USC00413787",1979,10,"PRCP",0," "," ","0",0," "," ","0",0," "," ","0",0," "," ","0",0," "," ","0",0," "," ","0",0," "," ","0",0," "," ","0",0," "," ","0",0," "," ","0",0," "," ","0",0," "," ","0",0," "," ","0",0," "," ","0",0," "," ","0",0," "," ","0",0," "," ","0",0," "," ","0",0," "," ","0",0," "," ","0",0," "," ","0",15," "," ","0",0," "," ","0",0," "," ","0",0," "," ","0",0," "," ","0",0," "," ","0",0," "," ","0",483," "," ","0",213," "," ","0",0," "," ","0"
"2376","USC00413787",1979,10,"SNOW",0," "," ","0",0," "," ","0",0," "," ","0",0," "," ","0",0," "," ","0",0," "," ","0",0," "," ","0",0," "," ","0",0," "," ","0",0," "," ","0",0," "," ","0",0," "," ","0",0," "," ","0",0," "," ","0",0," "," ","0",0," "," ","0",0," "," ","0",0," "," ","0",0," "," ","0",0," "," ","0",0," "," ","0",0," "," ","0",0," "," ","0",0," "," ","0",0," "," ","0",0," "," ","0",0," "," ","0",0," "," ","0",0," "," ","0",43," "," ","0",0," "," ","0"
"2377","USC00413787",1979,10,"SNWD",0," "," ","0",0," "," ","0",0," "," ","0",0," "," ","0",0," "," ","0",0," "," ","0",0," "," ","0",0," "," ","0",0," "," ","0",0," "," ","0",0," "," ","0",0," "," ","0",0," "," ","0",0," "," ","0",0," "," ","0",0," "," ","0",0," "," ","0",0," "," ","0",0," "," ","0",0," "," ","0",0," "," ","0",0," "," ","0",0," "," ","0",0," "," ","0",0," "," ","0",0," "," ","0",0," "," ","0",0," "," ","0",0," "," ","0",NA," "," "," ",NA," "," "," "
"2378","USC00413787",1979,10,"WT03",NA," "," "," ",NA," "," "," ",NA," "," "," ",NA," "," "," ",NA," "," "," ",NA," "," "," ",NA," "," "," ",NA," "," "," ",NA," "," "," ",NA," "," "," ",NA," "," "," ",NA," "," "," ",NA," "," "," ",NA," "," "," ",NA," "," "," ",NA," "," "," ",NA," "," "," ",NA," "," "," ",NA," "," "," ",NA," "," "," ",NA," "," "," ",NA," "," "," ",NA," "," "," ",NA," "," "," ",NA," "," "," ",NA," "," "," ",NA," "," "," ",NA," "," "," ",1," "," ","0",NA," "," "," ",NA," "," "," "
"2379","USC00413787",1979,11,"TMAX",94," "," ","0",122," "," ","0",156," "," ","0",189," "," ","0",139," "," ","0",100," "," ","0",172," "," ","0",122," "," ","0",67," "," ","0",39," "," ","0",106," "," ","0",78," "," ","0",144," "," ","0",133," "," ","0",183," "," ","0",200," "," ","0",211," "," ","0",222," "," ","0",189," "," ","0",178," "," ","0",106," "," ","0",61," "," ","0",133," "," ","0",133," "," ","0",117," "," ","0",200," "," ","0",133," "," ","0",33," "," ","0",33," "," ","0",106," "," ","0",NA," "," "," "
"2380","USC00413787",1979,11,"TMIN",-17," "," ","0",-11," "," ","0",-22," "," ","0",39," "," ","0",6," "," ","0",-44," "," ","0",22," "," ","0",39," "," ","0",17," "," ","0",-33," "," ","0",-28," "," ","0",-11," "," ","0",-44," "," ","0",-22," "," ","0",-22," "," ","0",-22," "," ","0",-17," "," ","0",56," "," ","0",0," "," ","0",89," "," ","0",-22," "," ","0",-50," "," ","0",-78," "," ","0",-72," "," ","0",-50," "," ","0",-67," "," ","0",-22," "," ","0",-50," "," ","0",-83," "," ","0",-122," "," ","0",NA," "," "," "
"2381","USC00413787",1979,11,"TOBS",39," "," ","0",67," "," ","0",100," "," ","0",133," "," ","0",56," "," ","0",50," "," ","0",117," "," ","0",56," "," ","0",39," "," ","0",-6," "," ","0",44," "," ","0",33," "," ","0",78," "," ","0",72," "," ","0",94," "," ","0",100," "," ","0",144," "," ","0",144," "," ","0",122," "," ","0",100," "," ","0",-6," "," ","0",11," "," ","0",50," "," ","0",39," "," ","0",78," "," ","0",122," "," ","0",33," "," ","0",-11," "," ","0",-67," "," ","0",22," "," ","0",NA," "," "," "
"2382","USC00413787",1979,11,"PRCP",0," "," ","0",0," "," ","0",0," "," ","0",0," "," ","0",0," "," ","0",0," "," ","0",0," "," ","0",58," "," ","0",0," "," ","0",28," "," ","0",0," "," ","0",0," "," ","0",0," "," ","0",0," "," ","0",0," "," ","0",0," "," ","0",0," "," ","0",0," "," ","0",0," "," ","0",0," "," ","0",0," "," ","0",0," "," ","0",0," "," ","0",0," "," ","0",0," "," ","0",0," "," ","0",0," "," ","0",0," "," ","0",0," "," ","0",0," "," ","0",NA," "," "," "
"2383","USC00413787",1979,11,"SNOW",0," "," ","0",0," "," ","0",0," "," ","0",0," "," ","0",0," "," ","0",0," "," ","0",0," "," ","0",0," "," ","0",0," "," ","0",0,"T"," ","0",0," "," ","0",0," "," ","0",0," "," ","0",0," "," ","0",0," "," ","0",0," "," ","0",0," "," ","0",0," "," ","0",0," "," ","0",0," "," ","0",0," "," ","0",0," "," ","0",0," "," ","0",0," "," ","0",0," "," ","0",0," "," ","0",0," "," ","0",0," "," ","0",0," "," ","0",0," "," ","0",NA," "," "," "
"2384","USC00413787",1979,11,"SNWD",0," "," ","0",0," "," ","0",0," "," ","0",0," "," ","0",0," "," ","0",0," "," ","0",0," "," ","0",0," "," ","0",0," "," ","0",0," "," ","0",0," "," ","0",0," "," ","0",0," "," ","0",0," "," ","0",0," "," ","0",0," "," ","0",0," "," ","0",0," "," ","0",0," "," ","0",0," "," ","0",0," "," ","0",0," "," ","0",0," "," ","0",0," "," ","0",0," "," ","0",0," "," ","0",0," "," ","0",0," "," ","0",0," "," ","0",0," "," ","0",NA," "," "," "
"2385","USC00413787",1979,12,"TMAX",78," "," ","0",133," "," ","0",172," "," ","0",228," "," ","0",133," "," ","0",150," "," ","0",139," "," ","0",117," "," ","0",178," "," ","0",211," "," ","0",133," "," ","0",56," "," ","0",61," "," ","0",100," "," ","0",200," "," ","0",89," "," ","0",133," "," ","0",222," "," ","0",161," "," ","0",172," "," ","0",139," "," ","0",156," "," ","0",83," "," ","0",117," "," ","0",211," "," ","0",117," "," ","0",89," "," ","0",39," "," ","0",17," "," ","0",17," "," ","0",106," "," ","0"
"2386","USC00413787",1979,12,"TMIN",-94," "," ","0",-100," "," ","0",-17," "," ","0",-17," "," ","0",28," "," ","0",-56," "," ","0",-17," "," ","0",-44," "," ","0",-50," "," ","0",-11," "," ","0",-28," "," ","0",-72," "," ","0",-83," "," ","0",-61," "," ","0",-78," "," ","0",-133," "," ","0",-128," "," ","0",-56," "," ","0",-28," "," ","0",-50," "," ","0",-39," "," ","0",-6," "," ","0",-39," "," ","0",-44," "," ","0",-50," "," ","0",28," "," ","0",-6," "," ","0",0," "," ","0",-17," "," ","0",-67," "," ","0",-78," "," ","0"
"2387","USC00413787",1979,12,"TOBS",-6," "," ","0",72," "," ","0",122," "," ","0",133," "," ","0",67," "," ","0",139," "," ","0",72," "," ","0",44," "," ","0",89," "," ","0",133," "," ","0",-11," "," ","0",-6," "," ","0",28," "," ","0",44," "," ","0",89," "," ","0",-67," "," ","0",50," "," ","0",100," "," ","0",106," "," ","0",78," "," ","0",72," "," ","0",89," "," ","0",28," "," ","0",44," "," ","0",117," "," ","0",89," "," ","0",33," "," ","0",17," "," ","0",0," "," ","0",-33," "," ","0",56," "," ","0"
"2388","USC00413787",1979,12,"PRCP",0," "," ","0",0," "," ","0",0," "," ","0",0," "," ","0",0," "," ","0",0," "," ","0",0," "," ","0",0," "," ","0",0," "," ","0",0," "," ","0",0," "," ","0",0," "," ","0",0," "," ","0",0," "," ","0",0," "," ","0",0," "," ","0",0," "," ","0",0," "," ","0",0," "," ","0",0," "," ","0",0," "," ","0",0," "," ","0",30," "," ","0",5," "," ","0",0," "," ","0",0," "," ","0",18," "," ","0",0," "," ","0",0," "," ","0",0," "," ","0",0," "," ","0"
"2389","USC00413787",1979,12,"SNOW",0," "," ","0",0," "," ","0",0," "," ","0",0," "," ","0",0," "," ","0",0," "," ","0",0," "," ","0",0," "," ","0",0," "," ","0",0," "," ","0",0," "," ","0",0," "," ","0",0," "," ","0",0," "," ","0",0," "," ","0",0," "," ","0",0," "," ","0",0," "," ","0",0," "," ","0",0," "," ","0",0," "," ","0",0," "," ","0",0,"T"," ","0",0," "," ","0",0," "," ","0",0," "," ","0",0," "," ","0",0," "," ","0",0," "," ","0",0," "," ","0",0," "," ","0"
"2390","USC00413787",1979,12,"SNWD",0," "," ","0",0," "," ","0",0," "," ","0",0," "," ","0",0," "," ","0",0," "," ","0",0," "," ","0",0," "," ","0",0," "," ","0",0," "," ","0",0," "," ","0",0," "," ","0",0," "," ","0",0," "," ","0",0," "," ","0",0," "," ","0",0," "," ","0",0," "," ","0",0," "," ","0",0," "," ","0",0," "," ","0",0," "," ","0",0," "," ","0",0," "," ","0",0," "," ","0",0," "," ","0",0," "," ","0",0," "," ","0",0," "," ","0",0," "," ","0",0," "," ","0"
"2391","USC00413787",1980,1,"TMAX",156," "," ","0",89," "," ","0",106," "," ","0",89," "," ","0",122," "," ","0",172," "," ","0",17," "," ","0",78," "," ","0",61," "," ","0",183," "," ","0",150," "," ","0",144," "," ","0",228," "," ","0",217," "," ","0",172," "," ","0",106," "," ","0",133," "," ","0",111," "," ","0",100," "," ","0",-11," "," ","0",6," "," ","0",22," "," ","0",111," "," ","0",156," "," ","0",106," "," ","0",56," "," ","0",-67," "," ","0",-61," "," ","0",-56," "," ","0",-22," "," ","0",-6," "," ","0"
"2392","USC00413787",1980,1,"TMIN",-17," "," ","0",-11," "," ","0",-17," "," ","0",-39," "," ","0",-67," "," ","0",-44," "," ","0",-128," "," ","0",-122," "," ","0",-111," "," ","0",0," "," ","0",-56," "," ","0",-22," "," ","0",6," "," ","0",-6," "," ","0",28," "," ","0",6," "," ","0",-33," "," ","0",6," "," ","0",-39," "," ","0",-50," "," ","0",-39," "," ","0",-33," "," ","0",-56," "," ","0",-33," "," ","0",-11," "," ","0",-122," "," ","0",-133," "," ","0",-128," "," ","0",-139," "," ","0",-94," "," ","0",-161," "," ","0"
"2393","USC00413787",1980,1,"TOBS",89," "," ","0",17," "," ","0",39," "," ","0",44," "," ","0",44," "," ","0",-39," "," ","0",-6," "," ","0",17," "," ","0",33," "," ","0",150," "," ","0",22," "," ","0",111," "," ","0",172," "," ","0",172," "," ","0",72," "," ","0",67," "," ","0",83," "," ","0",100," "," ","0",-28," "," ","0",-17," "," ","0",-6," "," ","0",6," "," ","0",56," "," ","0",100," "," ","0",56," "," ","0",-106," "," ","0",-67," "," ","0",-111," "," ","0",-61," "," ","0",-83," "," ","0",-39," "," ","0"
"2394","USC00413787",1980,1,"PRCP",0," "," ","0",0,"T"," ","0",0,"T"," ","0",0," "," ","0",0," "," ","0",0," "," ","0",0," "," ","0",0," "," ","0",0," "," ","0",0," "," ","0",0," "," ","0",0," "," ","0",0," "," ","0",0," "," ","0",41," "," ","0",0," "," ","0",0," "," ","0",0," "," ","0",211," "," ","0",114," "," ","0",0," "," ","0",0," "," ","0",0," "," ","0",0," "," ","0",0," "," ","0",0,"T"," ","0",0," "," ","0",15," "," ","0",NA," "," "," ",0," "," ","0",0," "," ","0"
"2395","USC00413787",1980,1,"SNOW",0," "," ","0",0," "," ","0",0," "," ","0",0," "," ","0",0," "," ","0",0," "," ","0",0," "," ","0",0," "," ","0",0," "," ","0",0," "," ","0",0," "," ","0",0," "," ","0",0," "," ","0",0," "," ","0",0," "," ","0",0," "," ","0",0," "," ","0",0," "," ","0",0," "," ","0",36," "," ","0",0," "," ","0",0," "," ","0",0," "," ","0",0," "," ","0",0," "," ","0",0," "," ","0",0," "," ","0",51," "," ","0",81," "," ","0",0," "," ","0",0," "," ","0"
"2396","USC00413787",1980,1,"WT03",NA," "," "," ",NA," "," "," ",NA," "," "," ",NA," "," "," ",NA," "," "," ",NA," "," "," ",NA," "," "," ",NA," "," "," ",NA," "," "," ",NA," "," "," ",NA," "," "," ",NA," "," "," ",NA," "," "," ",NA," "," "," ",NA," "," "," ",NA," "," "," ",NA," "," "," ",NA," "," "," ",1," "," ","0",NA," "," "," ",NA," "," "," ",NA," "," "," ",NA," "," "," ",NA," "," "," ",NA," "," "," ",NA," "," "," ",NA," "," "," ",NA," "," "," ",NA," "," "," ",NA," "," "," ",NA," "," "," "
"2397","USC00413787",1980,2,"TMAX",39," "," ","0",128," "," ","0",156," "," ","0",100," "," ","0",117," "," ","0",122," "," ","0",78," "," ","0",-33," "," ","0",6," "," ","0",61," "," ","0",33," "," ","0",44," "," ","0",150," "," ","0",72," "," ","0",-11," "," ","0",-39," "," ","0",44," "," ","0",178," "," ","0",206," "," ","0",200," "," ","0",183," "," ","0",183," "," ","0",150," "," ","0",122," "," ","0",117," "," ","0",183," "," ","0",239," "," ","0",239," "," ","0",200," "," ","0",NA," "," "," ",NA," "," "," "
"2398","USC00413787",1980,2,"TMIN",-106," "," ","0",-50," "," ","0",-28," "," ","0",-11," "," ","0",11," "," ","0",-50," "," ","0",-50," "," ","0",-122," "," ","0",-139," "," ","0",-117," "," ","0",-67," "," ","0",-100," "," ","0",-28," "," ","0",-39," "," ","0",-56," "," ","0",-94," "," ","0",-94," "," ","0",-22," "," ","0",39," "," ","0",39," "," ","0",0," "," ","0",-11," "," ","0",22," "," ","0",0," "," ","0",-33," "," ","0",-17," "," ","0",-17," "," ","0",22," "," ","0",-78," "," ","0",NA," "," "," ",NA," "," "," "
"2399","USC00413787",1980,2,"TOBS",33," "," ","0",72," "," ","0",100," "," ","0",78," "," ","0",72," "," ","0",78," "," ","0",-33," "," ","0",-111," "," ","0",-39," "," ","0",33," "," ","0",-33," "," ","0",22," "," ","0",72," "," ","0",-11," "," ","0",-44," "," ","0",-50," "," ","0",11," "," ","0",122," "," ","0",156," "," ","0",150," "," ","0",128," "," ","0",61," "," ","0",128," "," ","0",39," "," ","0",83," "," ","0",144," "," ","0",189," "," ","0",200," "," ","0",-67," "," ","0",NA," "," "," ",NA," "," "," "
"2400","USC00413787",1980,2,"PRCP",0," "," ","0",0," "," ","0",0," "," ","0",0," "," ","0",0," "," ","0",0," "," ","0",0,"T"," ","0",178," "," ","0",0," "," ","0",0," "," ","0",0," "," ","0",0," "," ","0",0," "," ","0",0," "," ","0",0," "," ","0",0," "," ","0",0," "," ","0",0," "," ","0",0," "," ","0",0," "," ","0",0," "," ","0",0," "," ","0",0," "," ","0",0," "," ","0",0," "," ","0",0," "," ","0",0," "," ","0",0," "," ","0",0,"T"," ","0",NA," "," "," ",NA," "," "," "
"2401","USC00413787",1980,2,"SNOW",0," "," ","0",0," "," ","0",0," "," ","0",0," "," ","0",0," "," ","0",0," "," ","0",0," "," ","0",117," "," ","0",0," "," ","0",0," "," ","0",0," "," ","0",0," "," ","0",0," "," ","0",0," "," ","0",0," "," ","0",0," "," ","0",0," "," ","0",0," "," ","0",0," "," ","0",0," "," ","0",0," "," ","0",0," "," ","0",0," "," ","0",0," "," ","0",0," "," ","0",0," "," ","0",0," "," ","0",0," "," ","0",0," "," ","0",NA," "," "," ",NA," "," "," "
"2402","USC00413787",1980,2,"WT04",NA," "," "," ",NA," "," "," ",NA," "," "," ",NA," "," "," ",NA," "," "," ",NA," "," "," ",1," "," ","0",NA," "," "," ",NA," "," "," ",NA," "," "," ",NA," "," "," ",NA," "," "," ",NA," "," "," ",NA," "," "," ",NA," "," "," ",NA," "," "," ",NA," "," "," ",NA," "," "," ",NA," "," "," ",NA," "," "," ",NA," "," "," ",NA," "," "," ",NA," "," "," ",NA," "," "," ",NA," "," "," ",NA," "," "," ",NA," "," "," ",NA," "," "," ",NA," "," "," ",NA," "," "," ",NA," "," "," "
"2403","USC00413787",1980,3,"TMAX",-67," "," ","0",139," "," ","0",194," "," ","0",172," "," ","0",94," "," ","0",239," "," ","0",206," "," ","0",167," "," ","0",172," "," ","0",206," "," ","0",161," "," ","0",194," "," ","0",161," "," ","0",239," "," ","0",278," "," ","0",228," "," ","0",128," "," ","0",183," "," ","0",256," "," ","0",206," "," ","0",228," "," ","0",194," "," ","0",128," "," ","0",78," "," ","0",172," "," ","0",200," "," ","0",133," "," ","0",111," "," ","0",72," "," ","0",133," "," ","0",172," "," ","0"
"2404","USC00413787",1980,3,"TMIN",-156," "," ","0",-150," "," ","0",11," "," ","0",6," "," ","0",-94," "," ","0",-17," "," ","0",-33," "," ","0",-67," "," ","0",-28," "," ","0",-22," "," ","0",28," "," ","0",22," "," ","0",-39," "," ","0",0," "," ","0",44," "," ","0",50," "," ","0",-44," "," ","0",-44," "," ","0",6," "," ","0",33," "," ","0",-28," "," ","0",50," "," ","0",-22," "," ","0",-44," "," ","0",-11," "," ","0",33," "," ","0",33," "," ","0",0," "," ","0",-22," "," ","0",-11," "," ","0",6," "," ","0"
"2405","USC00413787",1980,3,"TOBS",-83," "," ","0",117," "," ","0",172," "," ","0",17," "," ","0",72," "," ","0",183," "," ","0",167," "," ","0",128," "," ","0",128," "," ","0",161," "," ","0",100," "," ","0",100," "," ","0",128," "," ","0",200," "," ","0",233," "," ","0",78," "," ","0",111," "," ","0",144," "," ","0",211," "," ","0",128," "," ","0",194," "," ","0",133," "," ","0",-11," "," ","0",61," "," ","0",128," "," ","0",133," "," ","0",78," "," ","0",72," "," ","0",33," "," ","0",122," "," ","0",128," "," ","0"
"2406","USC00413787",1980,3,"PRCP",0," "," ","0",0," "," ","0",0," "," ","0",0," "," ","0",0," "," ","0",0," "," ","0",0," "," ","0",0," "," ","0",0," "," ","0",0," "," ","0",5," "," ","0",5," "," ","0",0," "," ","0",0," "," ","0",0," "," ","0",0," "," ","0",5," "," ","0",0," "," ","0",0," "," ","0",0," "," ","0",0," "," ","0",0," "," ","0",135," "," ","0",0," "," ","0",0," "," ","0",0," "," ","0",363," "," ","0",13," "," ","0",23," "," ","0",0," "," ","0",0," "," ","0"
"2407","USC00413787",1980,3,"WT03",NA," "," "," ",NA," "," "," ",NA," "," "," ",NA," "," "," ",NA," "," "," ",NA," "," "," ",NA," "," "," ",NA," "," "," ",NA," "," "," ",NA," "," "," ",NA," "," "," ",1," "," ","0",NA," "," "," ",NA," "," "," ",NA," "," "," ",NA," "," "," ",NA," "," "," ",NA," "," "," ",NA," "," "," ",NA," "," "," ",NA," "," "," ",NA," "," "," ",NA," "," "," ",NA," "," "," ",NA," "," "," ",NA," "," "," ",NA," "," "," ",NA," "," "," ",NA," "," "," ",NA," "," "," ",NA," "," "," "
"2408","USC00413787",1980,4,"TMAX",128," "," ","0",100," "," ","0",106," "," ","0",178," "," ","0",228," "," ","0",244," "," ","0",250," "," ","0",156," "," ","0",206," "," ","0",283," "," ","0",217," "," ","0",83," "," ","0",122," "," ","0",172," "," ","0",289," "," ","0",250," "," ","0",206," "," ","0",256," "," ","0",317," "," ","0",328," "," ","0",317," "," ","0",306," "," ","0",272," "," ","0",183," "," ","0",111," "," ","0",156," "," ","0",178," "," ","0",256," "," ","0",272," "," ","0",244," "," ","0",NA," "," "," "
"2409","USC00413787",1980,4,"TMIN",17," "," ","0",-6," "," ","0",-17," "," ","0",-39," "," ","0",22," "," ","0",61," "," ","0",39," "," ","0",33," "," ","0",-28," "," ","0",6," "," ","0",33," "," ","0",6," "," ","0",-6," "," ","0",-33," "," ","0",-11," "," ","0",44," "," ","0",33," "," ","0",17," "," ","0",61," "," ","0",72," "," ","0",67," "," ","0",78," "," ","0",122," "," ","0",94," "," ","0",22," "," ","0",39," "," ","0",39," "," ","0",56," "," ","0",89," "," ","0",100," "," ","0",NA," "," "," "
"2410","USC00413787",1980,4,"TOBS",100," "," ","0",61," "," ","0",83," "," ","0",139," "," ","0",200," "," ","0",217," "," ","0",61," "," ","0",133," "," ","0",172," "," ","0",217," "," ","0",44," "," ","0",78," "," ","0",100," "," ","0",161," "," ","0",250," "," ","0",172," "," ","0",183," "," ","0",233," "," ","0",272," "," ","0",300," "," ","0",261," "," ","0",200," "," ","0",156," "," ","0",111," "," ","0",50," "," ","0",139," "," ","0",178," "," ","0",239," "," ","0",250," "," ","0",133," "," ","0",NA," "," "," "
"2411","USC00413787",1980,4,"PRCP",0," "," ","0",79," "," ","0",0," "," ","0",0," "," ","0",0," "," ","0",0," "," ","0",0," "," ","0",0," "," ","0",0," "," ","0",0," "," ","0",0," "," ","0",0," "," ","0",0," "," ","0",0," "," ","0",0," "," ","0",0," "," ","0",0," "," ","0",0," "," ","0",0," "," ","0",0," "," ","0",0," "," ","0",0," "," ","0",140," "," ","0",239," "," ","0",41," "," ","0",3," "," ","0",0," "," ","0",0," "," ","0",0," "," ","0",191," "," ","0",NA," "," "," "
"2412","USC00413787",1980,4,"SNOW",0," "," ","0",0,"T"," ","0",0," "," ","0",0," "," ","0",0," "," ","0",0," "," ","0",0," "," ","0",0," "," ","0",0," "," ","0",0," "," ","0",0," "," ","0",0," "," ","0",0," "," ","0",0," "," ","0",0," "," ","0",0," "," ","0",0," "," ","0",0," "," ","0",0," "," ","0",0," "," ","0",0," "," ","0",0," "," ","0",0," "," ","0",0," "," ","0",0," "," ","0",0," "," ","0",0," "," ","0",0," "," ","0",0," "," ","0",0," "," ","0",NA," "," "," "
"2413","USC00413787",1980,4,"SNWD",0," "," ","0",0," "," ","0",0," "," ","0",0," "," ","0",0," "," ","0",0," "," ","0",0," "," ","0",0," "," ","0",0," "," ","0",0," "," ","0",0," "," ","0",0," "," ","0",0," "," ","0",0," "," ","0",0," "," ","0",0," "," ","0",0," "," ","0",0," "," ","0",0," "," ","0",0," "," ","0",0," "," ","0",0," "," ","0",0," "," ","0",0," "," ","0",0," "," ","0",0," "," ","0",0," "," ","0",0," "," ","0",0," "," ","0",0," "," ","0",NA," "," "," "
"2414","USC00413787",1980,5,"TMAX",139," "," ","0",178," "," ","0",228," "," ","0",239," "," ","0",239," "," ","0",267," "," ","0",267," "," ","0",161," "," ","0",244," "," ","0",311," "," ","0",300," "," ","0",261," "," ","0",256," "," ","0",256," "," ","0",183," "," ","0",156," "," ","0",222," "," ","0",189," "," ","0",256," "," ","0",267," "," ","0",267," "," ","0",250," "," ","0",289," "," ","0",317," "," ","0",306," "," ","0",300," "," ","0",228," "," ","0",283," "," ","0",300," "," ","0",294," "," ","0",317," "," ","0"
"2415","USC00413787",1980,5,"TMIN",83," "," ","0",89," "," ","0",56," "," ","0",67," "," ","0",100," "," ","0",94," "," ","0",100," "," ","0",61," "," ","0",89," "," ","0",89," "," ","0",117," "," ","0",100," "," ","0",39," "," ","0",78," "," ","0",100," "," ","0",72," "," ","0",44," "," ","0",56," "," ","0",56," "," ","0",111," "," ","0",150," "," ","0",78," "," ","0",111," "," ","0",122," "," ","0",94," "," ","0",144," "," ","0",150," "," ","0",122," "," ","0",150," "," ","0",100," "," ","0",178," "," ","0"
"2416","USC00413787",1980,5,"TOBS",117," "," ","0",161," "," ","0",206," "," ","0",206," "," ","0",233," "," ","0",267," "," ","0",161," "," ","0",122," "," ","0",244," "," ","0",300," "," ","0",239," "," ","0",256," "," ","0",200," "," ","0",183," "," ","0",117," "," ","0",144," "," ","0",178," "," ","0",172," "," ","0",250," "," ","0",267," "," ","0",222," "," ","0",239," "," ","0",283," "," ","0",306," "," ","0",272," "," ","0",206," "," ","0",167," "," ","0",239," "," ","0",294," "," ","0",261," "," ","0",306," "," ","0"
"2417","USC00413787",1980,5,"PRCP",0," "," ","0",0," "," ","0",0," "," ","0",0," "," ","0",0," "," ","0",0," "," ","0",0," "," ","0",20," "," ","0",0," "," ","0",0," "," ","0",0," "," ","0",0," "," ","0",0," "," ","0",0," "," ","0",165," "," ","0",43," "," ","0",0," "," ","0",163," "," ","0",0," "," ","0",81," "," ","0",0," "," ","0",0," "," ","0",0," "," ","0",0," "," ","0",0," "," ","0",91," "," ","0",168," "," ","0",300," "," ","0",56," "," ","0",0," "," ","0",0," "," ","0"
"2418","USC00413787",1980,5,"SNOW",0," "," ","0",0," "," ","0",0," "," ","0",0," "," ","0",0," "," ","0",0," "," ","0",0," "," ","0",0," "," ","0",0," "," ","0",0," "," ","0",0," "," ","0",0," "," ","0",0," "," ","0",0," "," ","0",0," "," ","0",0," "," ","0",0," "," ","0",0," "," ","0",0," "," ","0",0," "," ","0",0," "," ","0",0," "," ","0",0," "," ","0",0," "," ","0",0," "," ","0",0," "," ","0",0," "," ","0",0," "," ","0",0," "," ","0",0," "," ","0",0," "," ","0"
"2419","USC00413787",1980,5,"SNWD",0," "," ","0",0," "," ","0",0," "," ","0",0," "," ","0",0," "," ","0",0," "," ","0",0," "," ","0",0," "," ","0",0," "," ","0",0," "," ","0",0," "," ","0",0," "," ","0",0," "," ","0",0," "," ","0",0," "," ","0",0," "," ","0",0," "," ","0",0," "," ","0",0," "," ","0",0," "," ","0",0," "," ","0",0," "," ","0",0," "," ","0",0," "," ","0",0," "," ","0",0," "," ","0",0," "," ","0",0," "," ","0",0," "," ","0",0," "," ","0",0," "," ","0"
"2420","USC00413787",1980,5,"WT03",NA," "," "," ",NA," "," "," ",NA," "," "," ",NA," "," "," ",NA," "," "," ",NA," "," "," ",NA," "," "," ",NA," "," "," ",NA," "," "," ",NA," "," "," ",NA," "," "," ",NA," "," "," ",NA," "," "," ",NA," "," "," ",NA," "," "," ",NA," "," "," ",NA," "," "," ",NA," "," "," ",NA," "," "," ",1," "," ","0",NA," "," "," ",NA," "," "," ",NA," "," "," ",NA," "," "," ",NA," "," "," ",1," "," ","0",1," "," ","0",1," "," ","0",NA," "," "," ",NA," "," "," ",NA," "," "," "
"2421","USC00413787",1980,6,"TMAX",306," "," ","0",300," "," ","0",339," "," ","0",356," "," ","0",350," "," ","0",367," "," ","0",333," "," ","0",283," "," ","0",272," "," ","0",300," "," ","0",294," "," ","0",317," "," ","0",350," "," ","0",378," "," ","0",367," "," ","0",322," "," ","0",272," "," ","0",339," "," ","0",322," "," ","0",294," "," ","0",339," "," ","0",333," "," ","0",383," "," ","0",417," "," ","0",406," "," ","0",400," "," ","0",422," "," ","0",417," "," ","0",389," "," ","0",389," "," ","0",NA," "," "," "
"2422","USC00413787",1980,6,"TMIN",117," "," ","0",100," "," ","0",150," "," ","0",183," "," ","0",189," "," ","0",183," "," ","0",128," "," ","0",139," "," ","0",111," "," ","0",139," "," ","0",117," "," ","0",206," "," ","0",183," "," ","0",189," "," ","0",161," "," ","0",178," "," ","0",167," "," ","0",189," "," ","0",183," "," ","0",139," "," ","0",161," "," ","0",178," "," ","0",178," "," ","0",189," "," ","0",189," "," ","0",161," "," ","0",161," "," ","0",167," "," ","0",222," "," ","0",167," "," ","0",NA," "," "," "
"2423","USC00413787",1980,6,"TOBS",283," "," ","0",294," "," ","0",317," "," ","0",261," "," ","0",322," "," ","0",333," "," ","0",283," "," ","0",183," "," ","0",228," "," ","0",272," "," ","0",283," "," ","0",317," "," ","0",350," "," ","0",367," "," ","0",322," "," ","0",239," "," ","0",267," "," ","0",311," "," ","0",289," "," ","0",283," "," ","0",333," "," ","0",333," "," ","0",378," "," ","0",406," "," ","0",394," "," ","0",383," "," ","0",417," "," ","0",356," "," ","0",367," "," ","0",378," "," ","0",NA," "," "," "
"2424","USC00413787",1980,6,"PRCP",0," "," ","0",0," "," ","0",0," "," ","0",13," "," ","0",23," "," ","0",0," "," ","0",0," "," ","0",33," "," ","0",0," "," ","0",0," "," ","0",53," "," ","0",0," "," ","0",0," "," ","0",0," "," ","0",0," "," ","0",0," "," ","0",76," "," ","0",0," "," ","0",0,"T"," ","0",0," "," ","0",0," "," ","0",0," "," ","0",0," "," ","0",0," "," ","0",0," "," ","0",0," "," ","0",0," "," ","0",0," "," ","0",0," "," ","0",0," "," ","0",NA," "," "," "
"2425","USC00413787",1980,6,"SNOW",0," "," ","0",0," "," ","0",0," "," ","0",0," "," ","0",0," "," ","0",0," "," ","0",0," "," ","0",0," "," ","0",0," "," ","0",0," "," ","0",0," "," ","0",0," "," ","0",0," "," ","0",0," "," ","0",0," "," ","0",0," "," ","0",0," "," ","0",0," "," ","0",0," "," ","0",0," "," ","0",0," "," ","0",0," "," ","0",0," "," ","0",0," "," ","0",0," "," ","0",0," "," ","0",0," "," ","0",0," "," ","0",0," "," ","0",0," "," ","0",NA," "," "," "
"2426","USC00413787",1980,6,"SNWD",0," "," ","0",0," "," ","0",0," "," ","0",0," "," ","0",0," "," ","0",0," "," ","0",0," "," ","0",0," "," ","0",0," "," ","0",0," "," ","0",0," "," ","0",0," "," ","0",0," "," ","0",0," "," ","0",0," "," ","0",0," "," ","0",0," "," ","0",0," "," ","0",0," "," ","0",0," "," ","0",0," "," ","0",0," "," ","0",0," "," ","0",0," "," ","0",0," "," ","0",0," "," ","0",0," "," ","0",0," "," ","0",0," "," ","0",0," "," ","0",NA," "," "," "
"2427","USC00413787",1980,6,"WT03",NA," "," "," ",NA," "," "," ",NA," "," "," ",1," "," ","0",NA," "," "," ",NA," "," "," ",NA," "," "," ",1," "," ","0",NA," "," "," ",NA," "," "," ",NA," "," "," ",NA," "," "," ",NA," "," "," ",NA," "," "," ",NA," "," "," ",NA," "," "," ",1," "," ","0",NA," "," "," ",NA," "," "," ",NA," "," "," ",NA," "," "," ",NA," "," "," ",NA," "," "," ",NA," "," "," ",NA," "," "," ",NA," "," "," ",NA," "," "," ",NA," "," "," ",NA," "," "," ",NA," "," "," ",NA," "," "," "
"2428","USC00413787",1980,7,"TMAX",406," "," ","0",394," "," ","0",372," "," ","0",400," "," ","0",394," "," ","0",372," "," ","0",372," "," ","0",389," "," ","0",383," "," ","0",394," "," ","0",400," "," ","0",389," "," ","0",394," "," ","0",406," "," ","0",406," "," ","0",411," "," ","0",400," "," ","0",394," "," ","0",389," "," ","0",400," "," ","0",378," "," ","0",344," "," ","0",378," "," ","0",389," "," ","0",378," "," ","0",356," "," ","0",361," "," ","0",394," "," ","0",394," "," ","0",411," "," ","0",394," "," ","0"
"2429","USC00413787",1980,7,"TMIN",200," "," ","0",200," "," ","0",189," "," ","0",194," "," ","0",183," "," ","0",172," "," ","0",194," "," ","0",222," "," ","0",228," "," ","0",206," "," ","0",189," "," ","0",183," "," ","0",222," "," ","0",222," "," ","0",217," "," ","0",206," "," ","0",161," "," ","0",200," "," ","0",200," "," ","0",189," "," ","0",167," "," ","0",172," "," ","0",167," "," ","0",183," "," ","0",183," "," ","0",189," "," ","0",167," "," ","0",167," "," ","0",167," "," ","0",183," "," ","0",183," "," ","0"
"2430","USC00413787",1980,7,"TOBS",378," "," ","0",367," "," ","0",372," "," ","0",389," "," ","0",372," "," ","0",367," "," ","0",350," "," ","0",378," "," ","0",389," "," ","0",389," "," ","0",389," "," ","0",378," "," ","0",389," "," ","0",394," "," ","0",394," "," ","0",378," "," ","0",378," "," ","0",389," "," ","0",372," "," ","0",372," "," ","0",300," "," ","0",333," "," ","0",344," "," ","0",372," "," ","0",350," "," ","0",322," "," ","0",350," "," ","0",383," "," ","0",378," "," ","0",394," "," ","0",383," "," ","0"
"2431","USC00413787",1980,7,"PRCP",0," "," ","0",0," "," ","0",0," "," ","0",0," "," ","0",0," "," ","0",0," "," ","0",0," "," ","0",0," "," ","0",0," "," ","0",0," "," ","0",0," "," ","0",0," "," ","0",0," "," ","0",0," "," ","0",0," "," ","0",0," "," ","0",0," "," ","0",0," "," ","0",0," "," ","0",0," "," ","0",0," "," ","0",0," "," ","0",0," "," ","0",0," "," ","0",0," "," ","0",0," "," ","0",0,"T"," ","0",0," "," ","0",0," "," ","0",0," "," ","0",0," "," ","0"
"2432","USC00413787",1980,7,"SNOW",0," "," ","0",0," "," ","0",0," "," ","0",0," "," ","0",0," "," ","0",0," "," ","0",0," "," ","0",0," "," ","0",0," "," ","0",0," "," ","0",0," "," ","0",0," "," ","0",0," "," ","0",0," "," ","0",0," "," ","0",0," "," ","0",0," "," ","0",0," "," ","0",0," "," ","0",0," "," ","0",0," "," ","0",0," "," ","0",0," "," ","0",0," "," ","0",0," "," ","0",0," "," ","0",0," "," ","0",0," "," ","0",0," "," ","0",0," "," ","0",0," "," ","0"
"2433","USC00413787",1980,7,"SNWD",0," "," ","0",0," "," ","0",0," "," ","0",0," "," ","0",0," "," ","0",0," "," ","0",0," "," ","0",0," "," ","0",0," "," ","0",0," "," ","0",0," "," ","0",0," "," ","0",0," "," ","0",0," "," ","0",0," "," ","0",0," "," ","0",0," "," ","0",0," "," ","0",0," "," ","0",0," "," ","0",0," "," ","0",0," "," ","0",0," "," ","0",0," "," ","0",0," "," ","0",0," "," ","0",0," "," ","0",0," "," ","0",0," "," ","0",0," "," ","0",0," "," ","0"
"2434","USC00413787",1980,8,"TMAX",411," "," ","0",394," "," ","0",383," "," ","0",350," "," ","0",400," "," ","0",356," "," ","0",367," "," ","0",372," "," ","0",378," "," ","0",372," "," ","0",350," "," ","0",339," "," ","0",350," "," ","0",333," "," ","0",328," "," ","0",356," "," ","0",350," "," ","0",367," "," ","0",333," "," ","0",322," "," ","0",317," "," ","0",339," "," ","0",356," "," ","0",361," "," ","0",372," "," ","0",361," "," ","0",261," "," ","0",350," "," ","0",378," "," ","0",383," "," ","0",367," "," ","0"
"2435","USC00413787",1980,8,"TMIN",206," "," ","0",206," "," ","0",200," "," ","0",178," "," ","0",206," "," ","0",172," "," ","0",189," "," ","0",178," "," ","0",189," "," ","0",172," "," ","0",200," "," ","0",144," "," ","0",161," "," ","0",172," "," ","0",178," "," ","0",156," "," ","0",144," "," ","0",156," "," ","0",189," "," ","0",161," "," ","0",156," "," ","0",156," "," ","0",139," "," ","0",156," "," ","0",144," "," ","0",144," "," ","0",206," "," ","0",122," "," ","0",150," "," ","0",139," "," ","0",144," "," ","0"
"2436","USC00413787",1980,8,"TOBS",400," "," ","0",333," "," ","0",350," "," ","0",328," "," ","0",300," "," ","0",344," "," ","0",350," "," ","0",350," "," ","0",356," "," ","0",339," "," ","0",339," "," ","0",300," "," ","0",322," "," ","0",206," "," ","0",317," "," ","0",350," "," ","0",317," "," ","0",322," "," ","0",289," "," ","0",317," "," ","0",267," "," ","0",306," "," ","0",339," "," ","0",267," "," ","0",350," "," ","0",217," "," ","0",256," "," ","0",339," "," ","0",361," "," ","0",367," "," ","0",311," "," ","0"
"2437","USC00413787",1980,8,"PRCP",0," "," ","0",0," "," ","0",0," "," ","0",0," "," ","0",15," "," ","0",0," "," ","0",0," "," ","0",0," "," ","0",0," "," ","0",0," "," ","0",0," "," ","0",0," "," ","0",0," "," ","0",183," "," ","0",91," "," ","0",0," "," ","0",0," "," ","0",0," "," ","0",5," "," ","0",0," "," ","0",0,"T"," ","0",51," "," ","0",0," "," ","0",0," "," ","0",0," "," ","0",0," "," ","0",20," "," ","0",0," "," ","0",0," "," ","0",0," "," ","0",0," "," ","0"
"2438","USC00413787",1980,8,"SNOW",0," "," ","0",0," "," ","0",0," "," ","0",0," "," ","0",0," "," ","0",0," "," ","0",0," "," ","0",0," "," ","0",0," "," ","0",0," "," ","0",0," "," ","0",0," "," ","0",0," "," ","0",0," "," ","0",0," "," ","0",0," "," ","0",0," "," ","0",0," "," ","0",0," "," ","0",0," "," ","0",0," "," ","0",0," "," ","0",0," "," ","0",0," "," ","0",0," "," ","0",0," "," ","0",0," "," ","0",0," "," ","0",0," "," ","0",0," "," ","0",0," "," ","0"
"2439","USC00413787",1980,8,"SNWD",0," "," ","0",0," "," ","0",0," "," ","0",0," "," ","0",0," "," ","0",0," "," ","0",0," "," ","0",0," "," ","0",0," "," ","0",0," "," ","0",0," "," ","0",0," "," ","0",0," "," ","0",0," "," ","0",0," "," ","0",0," "," ","0",0," "," ","0",0," "," ","0",0," "," ","0",0," "," ","0",0," "," ","0",0," "," ","0",0," "," ","0",0," "," ","0",0," "," ","0",0," "," ","0",0," "," ","0",0," "," ","0",0," "," ","0",0," "," ","0",0," "," ","0"
"2440","USC00413787",1980,9,"TMAX",311," "," ","0",356," "," ","0",356," "," ","0",356," "," ","0",361," "," ","0",339," "," ","0",339," "," ","0",328," "," ","0",311," "," ","0",228," "," ","0",317," "," ","0",344," "," ","0",339," "," ","0",322," "," ","0",333," "," ","0",328," "," ","0",283," "," ","0",344," "," ","0",372," "," ","0",350," "," ","0",372," "," ","0",350," "," ","0",272," "," ","0",267," "," ","0",256," "," ","0",183," "," ","0",167," "," ","0",278," "," ","0",306," "," ","0",322," "," ","0",NA," "," "," "
"2441","USC00413787",1980,9,"TMIN",122," "," ","0",128," "," ","0",156," "," ","0",156," "," ","0",144," "," ","0",139," "," ","0",139," "," ","0",150," "," ","0",139," "," ","0",100," "," ","0",133," "," ","0",161," "," ","0",111," "," ","0",139," "," ","0",150," "," ","0",144," "," ","0",22," "," ","0",72," "," ","0",133," "," ","0",167," "," ","0",122," "," ","0",100," "," ","0",50," "," ","0",106," "," ","0",100," "," ","0",106," "," ","0",89," "," ","0",106," "," ","0",100," "," ","0",72," "," ","0",NA," "," "," "
"2442","USC00413787",1980,9,"TOBS",306," "," ","0",333," "," ","0",344," "," ","0",344," "," ","0",244," "," ","0",311," "," ","0",317," "," ","0",311," "," ","0",172," "," ","0",206," "," ","0",294," "," ","0",322," "," ","0",322," "," ","0",272," "," ","0",328," "," ","0",194," "," ","0",267," "," ","0",328," "," ","0",350," "," ","0",294," "," ","0",356," "," ","0",222," "," ","0",250," "," ","0",256," "," ","0",183," "," ","0",133," "," ","0",150," "," ","0",256," "," ","0",283," "," ","0",311," "," ","0",NA," "," "," "
"2443","USC00413787",1980,9,"PRCP",0," "," ","0",0," "," ","0",0," "," ","0",0," "," ","0",13," "," ","0",0," "," ","0",0," "," ","0",0," "," ","0",0," "," ","0",13," "," ","0",0," "," ","0",0," "," ","0",0," "," ","0",0," "," ","0",0," "," ","0",0," "," ","0",0," "," ","0",0," "," ","0",0," "," ","0",0," "," ","0",0," "," ","0",0," "," ","0",0," "," ","0",0," "," ","0",0," "," ","0",0,"T"," ","0",0," "," ","0",0," "," ","0",0," "," ","0",0," "," ","0",NA," "," "," "
"2444","USC00413787",1980,9,"SNOW",0," "," ","0",0," "," ","0",0," "," ","0",0," "," ","0",0," "," ","0",0," "," ","0",0," "," ","0",0," "," ","0",0," "," ","0",0," "," ","0",0," "," ","0",0," "," ","0",0," "," ","0",0," "," ","0",0," "," ","0",0," "," ","0",0," "," ","0",0," "," ","0",0," "," ","0",0," "," ","0",0," "," ","0",0," "," ","0",0," "," ","0",0," "," ","0",0," "," ","0",0," "," ","0",0," "," ","0",0," "," ","0",0," "," ","0",0," "," ","0",NA," "," "," "
"2445","USC00413787",1980,9,"SNWD",0," "," ","0",0," "," ","0",0," "," ","0",0," "," ","0",0," "," ","0",0," "," ","0",0," "," ","0",0," "," ","0",0," "," ","0",0," "," ","0",0," "," ","0",0," "," ","0",0," "," ","0",0," "," ","0",0," "," ","0",0," "," ","0",0," "," ","0",0," "," ","0",0," "," ","0",0," "," ","0",0," "," ","0",0," "," ","0",0," "," ","0",0," "," ","0",0," "," ","0",0," "," ","0",0," "," ","0",0," "," ","0",0," "," ","0",0," "," ","0",NA," "," "," "
"2446","USC00413787",1980,10,"TMAX",311," "," ","0",250," "," ","0",294," "," ","0",306," "," ","0",322," "," ","0",294," "," ","0",294," "," ","0",300," "," ","0",311," "," ","0",278," "," ","0",244," "," ","0",311," "," ","0",306," "," ","0",306," "," ","0",289," "," ","0",250," "," ","0",206," "," ","0",222," "," ","0",244," "," ","0",250," "," ","0",206," "," ","0",256," "," ","0",211," "," ","0",161," "," ","0",194," "," ","0",233," "," ","0",161," "," ","0",72," "," ","0",156," "," ","0",233," "," ","0",267," "," ","0"
"2447","USC00413787",1980,10,"TMIN",94," "," ","0",44," "," ","0",28," "," ","0",50," "," ","0",89," "," ","0",106," "," ","0",72," "," ","0",61," "," ","0",44," "," ","0",72," "," ","0",11," "," ","0",67," "," ","0",111," "," ","0",67," "," ","0",111," "," ","0",44," "," ","0",0," "," ","0",-6," "," ","0",-11," "," ","0",-17," "," ","0",0," "," ","0",17," "," ","0",33," "," ","0",-67," "," ","0",-67," "," ","0",11," "," ","0",11," "," ","0",-44," "," ","0",-89," "," ","0",-50," "," ","0",-17," "," ","0"
"2448","USC00413787",1980,10,"TOBS",250," "," ","0",211," "," ","0",267," "," ","0",283," "," ","0",294," "," ","0",261," "," ","0",261," "," ","0",272," "," ","0",278," "," ","0",189," "," ","0",222," "," ","0",294," "," ","0",283," "," ","0",272," "," ","0",250," "," ","0",178," "," ","0",178," "," ","0",133," "," ","0",200," "," ","0",206," "," ","0",156," "," ","0",211," "," ","0",100," "," ","0",139," "," ","0",172," "," ","0",144," "," ","0",39," "," ","0",39," "," ","0",94," "," ","0",156," "," ","0",178," "," ","0"
"2449","USC00413787",1980,10,"PRCP",0," "," ","0",0," "," ","0",0," "," ","0",0," "," ","0",0," "," ","0",18," "," ","0",0," "," ","0",0," "," ","0",13," "," ","0",0," "," ","0",0," "," ","0",0," "," ","0",0," "," ","0",0," "," ","0",0," "," ","0",79," "," ","0",0," "," ","0",0," "," ","0",0," "," ","0",0," "," ","0",0," "," ","0",0," "," ","0",0," "," ","0",0," "," ","0",0," "," ","0",0,"T"," ","0",0," "," ","0",0," "," ","0",0," "," ","0",0," "," ","0",0," "," ","0"
"2450","USC00413787",1980,10,"SNOW",0," "," ","0",0," "," ","0",0," "," ","0",0," "," ","0",0," "," ","0",0," "," ","0",0," "," ","0",0," "," ","0",0," "," ","0",0," "," ","0",0," "," ","0",0," "," ","0",0," "," ","0",0," "," ","0",0," "," ","0",0," "," ","0",0," "," ","0",0," "," ","0",0," "," ","0",0," "," ","0",0," "," ","0",0," "," ","0",0," "," ","0",0," "," ","0",0," "," ","0",0," "," ","0",0," "," ","0",0," "," ","0",0," "," ","0",0," "," ","0",0," "," ","0"
"2451","USC00413787",1980,10,"SNWD",0," "," ","0",0," "," ","0",0," "," ","0",0," "," ","0",0," "," ","0",0," "," ","0",0," "," ","0",0," "," ","0",0," "," ","0",0," "," ","0",0," "," ","0",0," "," ","0",0," "," ","0",0," "," ","0",0," "," ","0",0," "," ","0",0," "," ","0",0," "," ","0",0," "," ","0",0," "," ","0",0," "," ","0",0," "," ","0",0," "," ","0",0," "," ","0",0," "," ","0",0," "," ","0",0," "," ","0",0," "," ","0",0," "," ","0",0," "," ","0",0," "," ","0"
"2452","USC00413787",1980,11,"TMAX",244," "," ","0",267," "," ","0",200," "," ","0",228," "," ","0",250," "," ","0",283," "," ","0",278," "," ","0",311," "," ","0",239," "," ","0",267," "," ","0",211," "," ","0",233," "," ","0",189," "," ","0",44," "," ","0",39," "," ","0",11," "," ","0",22," "," ","0",83," "," ","0",106," "," ","0",117," "," ","0",122," "," ","0",122," "," ","0",72," "," ","0",28," "," ","0",0," "," ","0",17," "," ","0",33," "," ","0",128," "," ","0",128," "," ","0",178," "," ","0",NA," "," "," "
"2453","USC00413787",1980,11,"TMIN",-33," "," ","0",-17," "," ","0",-6," "," ","0",-11," "," ","0",33," "," ","0",28," "," ","0",61," "," ","0",22," "," ","0",17," "," ","0",17," "," ","0",61," "," ","0",72," "," ","0",17," "," ","0",-33," "," ","0",-39," "," ","0",-39," "," ","0",-67," "," ","0",-122," "," ","0",-89," "," ","0",-67," "," ","0",-78," "," ","0",-33," "," ","0",-17," "," ","0",-67," "," ","0",-83," "," ","0",-156," "," ","0",-78," "," ","0",-61," "," ","0",-44," "," ","0",-11," "," ","0",NA," "," "," "
"2454","USC00413787",1980,11,"TOBS",128," "," ","0",194," "," ","0",150," "," ","0",172," "," ","0",172," "," ","0",189," "," ","0",200," "," ","0",206," "," ","0",156," "," ","0",200," "," ","0",189," "," ","0",189," "," ","0",44," "," ","0",11," "," ","0",11," "," ","0",-11," "," ","0",-11," "," ","0",28," "," ","0",44," "," ","0",61," "," ","0",50," "," ","0",72," "," ","0",28," "," ","0",-22," "," ","0",-56," "," ","0",6," "," ","0",-11," "," ","0",83," "," ","0",72," "," ","0",111," "," ","0",NA," "," "," "
"2455","USC00413787",1980,11,"PRCP",0,"T"," ","0",0," "," ","0",0," "," ","0",0," "," ","0",0," "," ","0",0," "," ","0",0," "," ","0",0," "," ","0",0," "," ","0",0," "," ","0",0," "," ","0",0," "," ","0",0," "," ","0",58," "," ","0",0," "," ","0",51," "," ","0",0," "," ","0",0," "," ","0",0," "," ","0",0," "," ","0",0," "," ","0",0," "," ","0",0," "," ","0",0," "," ","0",23," "," ","0",0," "," ","0",0," "," ","0",0," "," ","0",0," "," ","0",0," "," ","0",NA," "," "," "
"2456","USC00413787",1980,11,"SNOW",0,"T"," ","0",0," "," ","0",0," "," ","0",0," "," ","0",0," "," ","0",0," "," ","0",0," "," ","0",0," "," ","0",0," "," ","0",0," "," ","0",0," "," ","0",0," "," ","0",0," "," ","0",51," "," ","0",0," "," ","0",43," "," ","0",0," "," ","0",0," "," ","0",0," "," ","0",0," "," ","0",0," "," ","0",0," "," ","0",0," "," ","0",0," "," ","0",114," "," ","0",0," "," ","0",0," "," ","0",0," "," ","0",0," "," ","0",0," "," ","0",NA," "," "," "
"2457","USC00413787",1980,12,"TMAX",122," "," ","0",33," "," ","0",200," "," ","0",244," "," ","0",222," "," ","0",144," "," ","0",17," "," ","0",-6," "," ","0",39," "," ","0",100," "," ","0",161," "," ","0",172," "," ","0",94," "," ","0",128," "," ","0",183," "," ","0",194," "," ","0",256," "," ","0",150," "," ","0",0," "," ","0",17," "," ","0",61," "," ","0",128," "," ","0",156," "," ","0",89," "," ","0",100," "," ","0",189," "," ","0",217," "," ","0",183," "," ","0",139," "," ","0",222," "," ","0",172," "," ","0"
"2458","USC00413787",1980,12,"TMIN",-22," "," ","0",-117," "," ","0",-61," "," ","0",-6," "," ","0",17," "," ","0",-11," "," ","0",-33," "," ","0",-67," "," ","0",-133," "," ","0",-83," "," ","0",-17," "," ","0",-28," "," ","0",-22," "," ","0",-50," "," ","0",-33," "," ","0",17," "," ","0",-11," "," ","0",-28," "," ","0",-94," "," ","0",-133," "," ","0",-94," "," ","0",-72," "," ","0",-61," "," ","0",-106," "," ","0",-111," "," ","0",-44," "," ","0",-28," "," ","0",0," "," ","0",0," "," ","0",-44," "," ","0",-39," "," ","0"
"2459","USC00413787",1980,12,"TOBS",11," "," ","0",-11," "," ","0",117," "," ","0",144," "," ","0",144," "," ","0",17," "," ","0",-6," "," ","0",-28," "," ","0",22," "," ","0",33," "," ","0",72," "," ","0",94," "," ","0",39," "," ","0",72," "," ","0",111," "," ","0",117," "," ","0",150," "," ","0",0," "," ","0",-56," "," ","0",-17," "," ","0",6," "," ","0",39," "," ","0",83," "," ","0",-50," "," ","0",44," "," ","0",122," "," ","0",128," "," ","0",139," "," ","0",78," "," ","0",144," "," ","0",106," "," ","0"
"2460","USC00413787",1980,12,"PRCP",0," "," ","0",0," "," ","0",0," "," ","0",0," "," ","0",0," "," ","0",0," "," ","0",127," "," ","0",61," "," ","0",0," "," ","0",0," "," ","0",0," "," ","0",0," "," ","0",0," "," ","0",0," "," ","0",0," "," ","0",0," "," ","0",0," "," ","0",0," "," ","0",0," "," ","0",0," "," ","0",0," "," ","0",0," "," ","0",0," "," ","0",0," "," ","0",0," "," ","0",0," "," ","0",0," "," ","0",0," "," ","0",0," "," ","0",0," "," ","0",0," "," ","0"
"2461","USC00413787",1980,12,"SNOW",0," "," ","0",0," "," ","0",0," "," ","0",0," "," ","0",0," "," ","0",0," "," ","0",NA," "," "," ",NA," "," "," ",0," "," ","0",0," "," ","0",0," "," ","0",0," "," ","0",0," "," ","0",0," "," ","0",0," "," ","0",0," "," ","0",0," "," ","0",0," "," ","0",0," "," ","0",0," "," ","0",0," "," ","0",0," "," ","0",0," "," ","0",0," "," ","0",0," "," ","0",0," "," ","0",0," "," ","0",0," "," ","0",0," "," ","0",0," "," ","0",0," "," ","0"
"2462","USC00413787",1980,12,"SNWD",0," "," ","0",0," "," ","0",0," "," ","0",0," "," ","0",0," "," ","0",0," "," ","0",NA," "," "," ",102," "," ","0",NA," "," "," ",0," "," ","0",0," "," ","0",0," "," ","0",0," "," ","0",0," "," ","0",0," "," ","0",0," "," ","0",0," "," ","0",0," "," ","0",0," "," ","0",0," "," ","0",0," "," ","0",0," "," ","0",0," "," ","0",0," "," ","0",0," "," ","0",0," "," ","0",0," "," ","0",0," "," ","0",0," "," ","0",0," "," ","0",0," "," ","0"
"2463","USC00413787",1981,1,"TMAX",111," "," ","0",183," "," ","0",122," "," ","0",178," "," ","0",150," "," ","0",106," "," ","0",161," "," ","0",111," "," ","0",94," "," ","0",44," "," ","0",28," "," ","0",150," "," ","0",178," "," ","0",117," "," ","0",128," "," ","0",67," "," ","0",56," "," ","0",44," "," ","0",106," "," ","0",94," "," ","0",100," "," ","0",161," "," ","0",217," "," ","0",228," "," ","0",172," "," ","0",111," "," ","0",133," "," ","0",144," "," ","0",117," "," ","0",39," "," ","0",133," "," ","0"
"2464","USC00413787",1981,1,"TMIN",-28," "," ","0",-56," "," ","0",-33," "," ","0",-72," "," ","0",11," "," ","0",-33," "," ","0",-89," "," ","0",-67," "," ","0",-78," "," ","0",-67," "," ","0",-83," "," ","0",-100," "," ","0",-100," "," ","0",-67," "," ","0",-94," "," ","0",-89," "," ","0",-117," "," ","0",-44," "," ","0",-61," "," ","0",-67," "," ","0",-94," "," ","0",-83," "," ","0",-83," "," ","0",-44," "," ","0",-22," "," ","0",-89," "," ","0",-83," "," ","0",-72," "," ","0",-50," "," ","0",-117," "," ","0",-72," "," ","0"
"2465","USC00413787",1981,1,"TOBS",61," "," ","0",122," "," ","0",33," "," ","0",111," "," ","0",83," "," ","0",61," "," ","0",100," "," ","0",44," "," ","0",22," "," ","0",28," "," ","0",-11," "," ","0",78," "," ","0",117," "," ","0",67," "," ","0",67," "," ","0",-61," "," ","0",28," "," ","0",17," "," ","0",83," "," ","0",50," "," ","0",56," "," ","0",111," "," ","0",156," "," ","0",161," "," ","0",106," "," ","0",61," "," ","0",94," "," ","0",117," "," ","0",-11," "," ","0",11," "," ","0",22," "," ","0"
"2466","USC00413787",1981,1,"PRCP",0," "," ","0",0," "," ","0",0," "," ","0",0," "," ","0",0," "," ","0",0," "," ","0",0," "," ","0",0," "," ","0",0," "," ","0",0," "," ","0",0," "," ","0",0," "," ","0",0," "," ","0",0," "," ","0",0," "," ","0",3," "," ","0",0," "," ","0",0,"T"," ","0",0," "," ","0",0," "," ","0",0," "," ","0",0," "," ","0",0," "," ","0",0," "," ","0",0," "," ","0",0," "," ","0",0," "," ","0",0," "," ","0",0," "," ","0",0," "," ","0",0," "," ","0"
"2467","USC00413787",1981,1,"SNOW",0," "," ","0",0," "," ","0",0," "," ","0",0," "," ","0",0," "," ","0",0," "," ","0",0," "," ","0",0," "," ","0",0," "," ","0",0," "," ","0",0," "," ","0",0," "," ","0",0," "," ","0",0," "," ","0",0," "," ","0",NA," "," "," ",0," "," ","0",NA," "," "," ",0," "," ","0",0," "," ","0",0," "," ","0",0," "," ","0",0," "," ","0",0," "," ","0",0," "," ","0",0," "," ","0",0," "," ","0",0," "," ","0",0," "," ","0",0," "," ","0",0," "," ","0"
"2468","USC00413787",1981,1,"SNWD",0," "," ","0",0," "," ","0",0," "," ","0",0," "," ","0",0," "," ","0",0," "," ","0",0," "," ","0",0," "," ","0",0," "," ","0",0," "," ","0",0," "," ","0",0," "," ","0",0," "," ","0",0," "," ","0",0," "," ","0",NA," "," "," ",NA," "," "," ",NA," "," "," ",0," "," ","0",0," "," ","0",0," "," ","0",0," "," ","0",0," "," ","0",0," "," ","0",0," "," ","0",0," "," ","0",0," "," ","0",0," "," ","0",0," "," ","0",0," "," ","0",0," "," ","0"
"2469","USC00413787",1981,2,"TMAX",22," "," ","0",89," "," ","0",89," "," ","0",50," "," ","0",94," "," ","0",178," "," ","0",128," "," ","0",111," "," ","0",67," "," ","0",-6," "," ","0",50," "," ","0",111," "," ","0",194," "," ","0",217," "," ","0",183," "," ","0",228," "," ","0",261," "," ","0",211," "," ","0",256," "," ","0",300," "," ","0",239," "," ","0",144," "," ","0",222," "," ","0",250," "," ","0",283," "," ","0",272," "," ","0",222," "," ","0",172," "," ","0",NA," "," "," ",NA," "," "," ",NA," "," "," "
"2470","USC00413787",1981,2,"TMIN",-100," "," ","0",-178," "," ","0",-122," "," ","0",-106," "," ","0",-61," "," ","0",-111," "," ","0",-72," "," ","0",-122," "," ","0",-44," "," ","0",-128," "," ","0",-233," "," ","0",-89," "," ","0",-100," "," ","0",-61," "," ","0",-11," "," ","0",-61," "," ","0",-11," "," ","0",28," "," ","0",-39," "," ","0",11," "," ","0",11," "," ","0",-44," "," ","0",-61," "," ","0",-22," "," ","0",-17," "," ","0",44," "," ","0",50," "," ","0",6," "," ","0",NA," "," "," ",NA," "," "," ",NA," "," "," "
"2471","USC00413787",1981,2,"TOBS",6," "," ","0",44," "," ","0",50," "," ","0",6," "," ","0",61," "," ","0",128," "," ","0",50," "," ","0",67," "," ","0",-6," "," ","0",-94," "," ","0",22," "," ","0",56," "," ","0",117," "," ","0",133," "," ","0",50," "," ","0",178," "," ","0",211," "," ","0",150," "," ","0",183," "," ","0",239," "," ","0",56," "," ","0",128," "," ","0",183," "," ","0",200," "," ","0",228," "," ","0",222," "," ","0",139," "," ","0",133," "," ","0",NA," "," "," ",NA," "," "," ",NA," "," "," "
"2472","USC00413787",1981,2,"PRCP",0,"T"," ","0",0," "," ","0",0," "," ","0",0," "," ","0",0," "," ","0",0," "," ","0",0," "," ","0",0," "," ","0",0," "," ","0",0,"T"," ","0",0," "," ","0",0," "," ","0",0," "," ","0",0," "," ","0",0," "," ","0",0," "," ","0",0," "," ","0",0," "," ","0",0," "," ","0",0," "," ","0",8," "," ","0",0," "," ","0",0," "," ","0",0," "," ","0",0," "," ","0",0," "," ","0",0," "," ","0",0," "," ","0",NA," "," "," ",NA," "," "," ",NA," "," "," "
"2473","USC00413787",1981,2,"SNOW",0,"T"," ","0",0," "," ","0",0," "," ","0",0," "," ","0",0," "," ","0",0," "," ","0",0," "," ","0",0," "," ","0",0," "," ","0",0,"T"," ","0",0," "," ","0",0," "," ","0",0," "," ","0",0," "," ","0",0," "," ","0",0," "," ","0",0," "," ","0",0," "," ","0",0," "," ","0",0," "," ","0",0," "," ","0",0," "," ","0",0," "," ","0",0," "," ","0",0," "," ","0",0," "," ","0",0," "," ","0",0," "," ","0",NA," "," "," ",NA," "," "," ",NA," "," "," "
"2474","USC00413787",1981,2,"SNWD",0," "," ","0",0," "," ","0",0," "," ","0",0," "," ","0",0," "," ","0",0," "," ","0",0," "," ","0",0," "," ","0",0," "," ","0",0," "," ","0",0," "," ","0",0," "," ","0",0," "," ","0",0," "," ","0",0," "," ","0",0," "," ","0",0," "," ","0",0," "," ","0",0," "," ","0",0," "," ","0",0," "," ","0",0," "," ","0",0," "," ","0",0," "," ","0",0," "," ","0",0," "," ","0",0," "," ","0",0," "," ","0",NA," "," "," ",NA," "," "," ",NA," "," "," "
"2475","USC00413787",1981,3,"TMAX",150," "," ","0",128," "," ","0",133," "," ","0",106," "," ","0",128," "," ","0",172," "," ","0",128," "," ","0",22," "," ","0",133," "," ","0",161," "," ","0",117," "," ","0",167," "," ","0",161," "," ","0",144," "," ","0",178," "," ","0",217," "," ","0",194," "," ","0",94," "," ","0",183," "," ","0",183," "," ","0",167," "," ","0",111," "," ","0",200," "," ","0",222," "," ","0",189," "," ","0",267," "," ","0",294," "," ","0",211," "," ","0",194," "," ","0",289," "," ","0",250," "," ","0"
"2476","USC00413787",1981,3,"TMIN",11," "," ","0",-11," "," ","0",50," "," ","0",-17," "," ","0",-50," "," ","0",-28," "," ","0",-39," "," ","0",-61," "," ","0",-61," "," ","0",-61," "," ","0",11," "," ","0",11," "," ","0",-11," "," ","0",-6," "," ","0",6," "," ","0",-33," "," ","0",44," "," ","0",-39," "," ","0",-56," "," ","0",39," "," ","0",-6," "," ","0",-6," "," ","0",-56," "," ","0",-6," "," ","0",28," "," ","0",11," "," ","0",67," "," ","0",78," "," ","0",28," "," ","0",6," "," ","0",-17," "," ","0"
"2477","USC00413787",1981,3,"TOBS",128," "," ","0",100," "," ","0",106," "," ","0",22," "," ","0",89," "," ","0",128," "," ","0",-11," "," ","0",17," "," ","0",100," "," ","0",117," "," ","0",89," "," ","0",122," "," ","0",144," "," ","0",72," "," ","0",167," "," ","0",189," "," ","0",83," "," ","0",83," "," ","0",156," "," ","0",167," "," ","0",28," "," ","0",94," "," ","0",167," "," ","0",189," "," ","0",144," "," ","0",222," "," ","0",217," "," ","0",139," "," ","0",178," "," ","0",250," "," ","0",189," "," ","0"
"2478","USC00413787",1981,3,"PRCP",18," "," ","0",0," "," ","0",33," "," ","0",132," "," ","0",0," "," ","0",0," "," ","0",66," "," ","0",0," "," ","0",0," "," ","0",0," "," ","0",15," "," ","0",51," "," ","0",0," "," ","0",61," "," ","0",41," "," ","0",0," "," ","0",0," "," ","0",0," "," ","0",0," "," ","0",0," "," ","0",20," "," ","0",0," "," ","0",0," "," ","0",0," "," ","0",46," "," ","0",0," "," ","0",0," "," ","0",0," "," ","0",0," "," ","0",0," "," ","0",0," "," ","0"
"2479","USC00413787",1981,3,"SNOW",0," "," ","0",0," "," ","0",0," "," ","0",0," "," ","0",0," "," ","0",0," "," ","0",NA," "," "," ",0," "," ","0",0," "," ","0",0," "," ","0",0," "," ","0",0," "," ","0",0," "," ","0",0," "," ","0",0," "," ","0",0," "," ","0",0," "," ","0",0," "," ","0",0," "," ","0",0," "," ","0",0," "," ","0",0," "," ","0",0," "," ","0",0," "," ","0",0," "," ","0",0," "," ","0",0," "," ","0",0," "," ","0",0," "," ","0",0," "," ","0",0," "," ","0"
"2480","USC00413787",1981,3,"SNWD",0," "," ","0",0," "," ","0",0," "," ","0",0," "," ","0",0," "," ","0",0," "," ","0",51," "," ","0",0," "," ","0",0," "," ","0",0," "," ","0",0," "," ","0",0," "," ","0",0," "," ","0",0," "," ","0",0," "," ","0",0," "," ","0",0," "," ","0",0," "," ","0",0," "," ","0",0," "," ","0",0," "," ","0",0," "," ","0",0," "," ","0",0," "," ","0",0," "," ","0",0," "," ","0",0," "," ","0",0," "," ","0",0," "," ","0",0," "," ","0",0," "," ","0"
"2481","USC00413787",1981,4,"TMAX",278," "," ","0",272," "," ","0",239," "," ","0",167," "," ","0",183," "," ","0",217," "," ","0",300," "," ","0",278," "," ","0",278," "," ","0",311," "," ","0",317," "," ","0",283," "," ","0",317," "," ","0",172," "," ","0",128," "," ","0",289," "," ","0",311," "," ","0",250," "," ","0",256," "," ","0",228," "," ","0",239," "," ","0",206," "," ","0",256," "," ","0",283," "," ","0",311," "," ","0",322," "," ","0",339," "," ","0",278," "," ","0",333," "," ","0",322," "," ","0",NA," "," "," "
"2482","USC00413787",1981,4,"TMIN",NA," "," "," ",83," "," ","0",122," "," ","0",17," "," ","0",-11," "," ","0",6," "," ","0",50," "," ","0",NA," "," "," ",33," "," ","0",94," "," ","0",100," "," ","0",NA," "," "," ",122," "," ","0",6," "," ","0",-6," "," ","0",56," "," ","0",56," "," ","0",111," "," ","0",72," "," ","0",111," "," ","0",100," "," ","0",94," "," ","0",17," "," ","0",33," "," ","0",67," "," ","0",100," "," ","0",122," "," ","0",117," "," ","0",61," "," ","0",117," "," ","0",NA," "," "," "
"2483","USC00413787",1981,4,"TOBS",250," "," ","0",239," "," ","0",167," "," ","0",106," "," ","0",167," "," ","0",200," "," ","0",278," "," ","0",194," "," ","0",267," "," ","0",183," "," ","0",283," "," ","0",228," "," ","0",178," "," ","0",128," "," ","0",89," "," ","0",228," "," ","0",250," "," ","0",172," "," ","0",233," "," ","0",167," "," ","0",194," "," ","0",183," "," ","0",239," "," ","0",261," "," ","0",289," "," ","0",317," "," ","0",278," "," ","0",222," "," ","0",294," "," ","0",306," "," ","0",NA," "," "," "
"2484","USC00413787",1981,4,"PRCP",0," "," ","0",0," "," ","0",0," "," ","0",0," "," ","0",0," "," ","0",0," "," ","0",0," "," ","0",0," "," ","0",0," "," ","0",0," "," ","0",0," "," ","0",0," "," ","0",30," "," ","0",0," "," ","0",8," "," ","0",0," "," ","0",0," "," ","0",145," "," ","0",0," "," ","0",0," "," ","0",0," "," ","0",0," "," ","0",0," "," ","0",0," "," ","0",0," "," ","0",0," "," ","0",0," "," ","0",0," "," ","0",0," "," ","0",0," "," ","0",NA," "," "," "
"2485","USC00413787",1981,4,"SNOW",0," "," ","0",0," "," ","0",0," "," ","0",0," "," ","0",0," "," ","0",0," "," ","0",0," "," ","0",0," "," ","0",0," "," ","0",0," "," ","0",0," "," ","0",0," "," ","0",0," "," ","0",0," "," ","0",0," "," ","0",0," "," ","0",0," "," ","0",0," "," ","0",0," "," ","0",0," "," ","0",0," "," ","0",0," "," ","0",0," "," ","0",0," "," ","0",0," "," ","0",0," "," ","0",0," "," ","0",0," "," ","0",0," "," ","0",0," "," ","0",NA," "," "," "
"2486","USC00413787",1981,4,"SNWD",0," "," ","0",0," "," ","0",0," "," ","0",0," "," ","0",0," "," ","0",0," "," ","0",0," "," ","0",0," "," ","0",0," "," ","0",0," "," ","0",0," "," ","0",0," "," ","0",0," "," ","0",0," "," ","0",0," "," ","0",0," "," ","0",0," "," ","0",0," "," ","0",0," "," ","0",0," "," ","0",0," "," ","0",0," "," ","0",0," "," ","0",0," "," ","0",0," "," ","0",0," "," ","0",0," "," ","0",0," "," ","0",0," "," ","0",0," "," ","0",NA," "," "," "
"2487","USC00413787",1981,5,"TMAX",306," "," ","0",250," "," ","0",294," "," ","0",278," "," ","0",211," "," ","0",239," "," ","0",261," "," ","0",239," "," ","0",239," "," ","0",189," "," ","0",289," "," ","0",272," "," ","0",178," "," ","0",222," "," ","0",239," "," ","0",228," "," ","0",272," "," ","0",267," "," ","0",183," "," ","0",228," "," ","0",311," "," ","0",311," "," ","0",300," "," ","0",283," "," ","0",306," "," ","0",322," "," ","0",300," "," ","0",294," "," ","0",250," "," ","0",239," "," ","0",261," "," ","0"
"2488","USC00413787",1981,5,"TMIN",78," "," ","0",106," "," ","0",133," "," ","0",117," "," ","0",56," "," ","0",61," "," ","0",83," "," ","0",94," "," ","0",50," "," ","0",11," "," ","0",50," "," ","0",117," "," ","0",100," "," ","0",33," "," ","0",89," "," ","0",117," "," ","0",122," "," ","0",100," "," ","0",39," "," ","0",44," "," ","0",117," "," ","0",83," "," ","0",122," "," ","0",122," "," ","0",94," "," ","0",150," "," ","0",156," "," ","0",189," "," ","0",144," "," ","0",144," "," ","0",122," "," ","0"
"2489","USC00413787",1981,5,"TOBS",250," "," ","0",239," "," ","0",278," "," ","0",211," "," ","0",211," "," ","0",211," "," ","0",239," "," ","0",239," "," ","0",61," "," ","0",183," "," ","0",244," "," ","0",178," "," ","0",161," "," ","0",217," "," ","0",211," "," ","0",206," "," ","0",267," "," ","0",139," "," ","0",172," "," ","0",222," "," ","0",278," "," ","0",300," "," ","0",267," "," ","0",261," "," ","0",300," "," ","0",250," "," ","0",289," "," ","0",250," "," ","0",239," "," ","0",211," "," ","0",244," "," ","0"
"2490","USC00413787",1981,5,"PRCP",104," "," ","0",0," "," ","0",0," "," ","0",0," "," ","0",0," "," ","0",0," "," ","0",71," "," ","0",0," "," ","0",64," "," ","0",0," "," ","0",0," "," ","0",0," "," ","0",0," "," ","0",0," "," ","0",0," "," ","0",41," "," ","0",0," "," ","0",0," "," ","0",0," "," ","0",0," "," ","0",0," "," ","0",0," "," ","0",0," "," ","0",0," "," ","0",0," "," ","0",8," "," ","0",0," "," ","0",0," "," ","0",94," "," ","0",20," "," ","0",0," "," ","0"
"2491","USC00413787",1981,5,"SNOW",0," "," ","0",0," "," ","0",0," "," ","0",0," "," ","0",0," "," ","0",0," "," ","0",0," "," ","0",0," "," ","0",0," "," ","0",0," "," ","0",0," "," ","0",0," "," ","0",0," "," ","0",0," "," ","0",0," "," ","0",0," "," ","0",0," "," ","0",0," "," ","0",0," "," ","0",0," "," ","0",0," "," ","0",0," "," ","0",0," "," ","0",0," "," ","0",0," "," ","0",0," "," ","0",0," "," ","0",0," "," ","0",0," "," ","0",0," "," ","0",0," "," ","0"
"2492","USC00413787",1981,5,"SNWD",0," "," ","0",0," "," ","0",0," "," ","0",0," "," ","0",0," "," ","0",0," "," ","0",0," "," ","0",0," "," ","0",0," "," ","0",0," "," ","0",0," "," ","0",0," "," ","0",0," "," ","0",0," "," ","0",0," "," ","0",0," "," ","0",0," "," ","0",0," "," ","0",0," "," ","0",0," "," ","0",0," "," ","0",0," "," ","0",0," "," ","0",0," "," ","0",0," "," ","0",0," "," ","0",0," "," ","0",0," "," ","0",0," "," ","0",0," "," ","0",0," "," ","0"
"2493","USC00413787",1981,5,"WT03",1," "," ","0",NA," "," "," ",NA," "," "," ",NA," "," "," ",NA," "," "," ",NA," "," "," ",1," "," ","0",NA," "," "," ",NA," "," "," ",NA," "," "," ",NA," "," "," ",NA," "," "," ",NA," "," "," ",NA," "," "," ",NA," "," "," ",NA," "," "," ",NA," "," "," ",NA," "," "," ",NA," "," "," ",NA," "," "," ",NA," "," "," ",NA," "," "," ",NA," "," "," ",NA," "," "," ",NA," "," "," ",NA," "," "," ",NA," "," "," ",NA," "," "," ",NA," "," "," ",NA," "," "," ",NA," "," "," "
"2494","USC00413787",1981,6,"TMAX",311," "," ","0",300," "," ","0",239," "," ","0",289," "," ","0",300," "," ","0",333," "," ","0",378," "," ","0",417," "," ","0",433," "," ","0",417," "," ","0",372," "," ","0",339," "," ","0",361," "," ","0",378," "," ","0",361," "," ","0",294," "," ","0",333," "," ","0",333," "," ","0",389," "," ","0",394," "," ","0",406," "," ","0",394," "," ","0",367," "," ","0",383," "," ","0",372," "," ","0",367," "," ","0",361," "," ","0",356," "," ","0",344," "," ","0",294," "," ","0",NA," "," "," "
"2495","USC00413787",1981,6,"TMIN",144," "," ","0",144," "," ","0",150," "," ","0",122," "," ","0",156," "," ","0",139," "," ","0",183," "," ","0",183," "," ","0",172," "," ","0",183," "," ","0",189," "," ","0",172," "," ","0",194," "," ","0",211," "," ","0",133," "," ","0",72," "," ","0",133," "," ","0",150," "," ","0",150," "," ","0",200," "," ","0",217," "," ","0",200," "," ","0",200," "," ","0",217," "," ","0",211," "," ","0",194," "," ","0",206," "," ","0",211," "," ","0",206," "," ","0",183," "," ","0",NA," "," "," "
"2496","USC00413787",1981,6,"TOBS",272," "," ","0",217," "," ","0",228," "," ","0",267," "," ","0",283," "," ","0",317," "," ","0",356," "," ","0",406," "," ","0",417," "," ","0",239," "," ","0",333," "," ","0",333," "," ","0",361," "," ","0",361," "," ","0",239," "," ","0",261," "," ","0",328," "," ","0",283," "," ","0",389," "," ","0",378," "," ","0",394," "," ","0",361," "," ","0",356," "," ","0",372," "," ","0",333," "," ","0",350," "," ","0",350," "," ","0",344," "," ","0",211," "," ","0",289," "," ","0",NA," "," "," "
"2497","USC00413787",1981,6,"PRCP",0," "," ","0",61," "," ","0",0," "," ","0",0," "," ","0",0," "," ","0",0," "," ","0",0," "," ","0",0," "," ","0",0," "," ","0",0," "," ","0",0," "," ","0",8," "," ","0",0," "," ","0",0," "," ","0",0," "," ","0",0," "," ","0",0," "," ","0",0," "," ","0",0," "," ","0",0," "," ","0",0," "," ","0",0,"T"," ","0",0," "," ","0",0," "," ","0",0," "," ","0",0," "," ","0",0," "," ","0",0," "," ","0",30," "," ","0",122," "," ","0",NA," "," "," "
"2498","USC00413787",1981,6,"SNOW",0," "," ","0",0," "," ","0",0," "," ","0",0," "," ","0",0," "," ","0",0," "," ","0",0," "," ","0",0," "," ","0",0," "," ","0",0," "," ","0",0," "," ","0",0," "," ","0",0," "," ","0",0," "," ","0",0," "," ","0",0," "," ","0",0," "," ","0",0," "," ","0",0," "," ","0",0," "," ","0",0," "," ","0",0," "," ","0",0," "," ","0",0," "," ","0",0," "," ","0",0," "," ","0",0," "," ","0",0," "," ","0",0," "," ","0",0," "," ","0",NA," "," "," "
"2499","USC00413787",1981,6,"SNWD",0," "," ","0",0," "," ","0",0," "," ","0",0," "," ","0",0," "," ","0",0," "," ","0",0," "," ","0",0," "," ","0",0," "," ","0",0," "," ","0",0," "," ","0",0," "," ","0",0," "," ","0",0," "," ","0",0," "," ","0",0," "," ","0",0," "," ","0",0," "," ","0",0," "," ","0",0," "," ","0",0," "," ","0",0," "," ","0",0," "," ","0",0," "," ","0",0," "," ","0",0," "," ","0",0," "," ","0",0," "," ","0",0," "," ","0",0," "," ","0",NA," "," "," "
"2500","USC00413787",1981,7,"TMAX",339," "," ","0",361," "," ","0",356," "," ","0",322," "," ","0",311," "," ","0",322," "," ","0",317," "," ","0",333," "," ","0",306," "," ","0",328," "," ","0",356," "," ","0",361," "," ","0",356," "," ","0",367," "," ","0",361," "," ","0",333," "," ","0",350," "," ","0",350," "," ","0",333," "," ","0",378," "," ","0",394," "," ","0",400," "," ","0",394," "," ","0",383," "," ","0",367," "," ","0",372," "," ","0",350," "," ","0",294," "," ","0",311," "," ","0",339," "," ","0",367," "," ","0"
"2501","USC00413787",1981,7,"TMIN",183," "," ","0",194," "," ","0",189," "," ","0",161," "," ","0",156," "," ","0",156," "," ","0",167," "," ","0",189," "," ","0",167," "," ","0",178," "," ","0",200," "," ","0",200," "," ","0",189," "," ","0",211," "," ","0",200," "," ","0",200," "," ","0",206," "," ","0",200," "," ","0",183," "," ","0",194," "," ","0",206," "," ","0",222," "," ","0",211," "," ","0",233," "," ","0",211," "," ","0",194," "," ","0",178," "," ","0",178," "," ","0",178," "," ","0",NA," "," "," ",183," "," ","0"
"2502","USC00413787",1981,7,"TOBS",339," "," ","0",356," "," ","0",283," "," ","0",194," "," ","0",306," "," ","0",317," "," ","0",311," "," ","0",233," "," ","0",272," "," ","0",317," "," ","0",350," "," ","0",350," "," ","0",350," "," ","0",361," "," ","0",261," "," ","0",244," "," ","0",283," "," ","0",217," "," ","0",333," "," ","0",372," "," ","0",389," "," ","0",394," "," ","0",383," "," ","0",356," "," ","0",328," "," ","0",350," "," ","0",289," "," ","0",217," "," ","0",306," "," ","0",322," "," ","0",344," "," ","0"
"2503","USC00413787",1981,7,"PRCP",0," "," ","0",0," "," ","0",135," "," ","0",127," "," ","0",84," "," ","0",0," "," ","0",0," "," ","0",0," "," ","0",257," "," ","0",0," "," ","0",0," "," ","0",0," "," ","0",0," "," ","0",0," "," ","0",0," "," ","0",0," "," ","0",0," "," ","0",0," "," ","0",239," "," ","0",0," "," ","0",0," "," ","0",0," "," ","0",0," "," ","0",0," "," ","0",0," "," ","0",0," "," ","0",86," "," ","0",0," "," ","0",0," "," ","0",0," "," ","0",0," "," ","0"
"2504","USC00413787",1981,7,"SNOW",0," "," ","0",0," "," ","0",0," "," ","0",0," "," ","0",0," "," ","0",0," "," ","0",0," "," ","0",0," "," ","0",0," "," ","0",0," "," ","0",0," "," ","0",0," "," ","0",0," "," ","0",0," "," ","0",0," "," ","0",0," "," ","0",0," "," ","0",0," "," ","0",0," "," ","0",0," "," ","0",0," "," ","0",0," "," ","0",0," "," ","0",0," "," ","0",0," "," ","0",0," "," ","0",0," "," ","0",0," "," ","0",0," "," ","0",0," "," ","0",0," "," ","0"
"2505","USC00413787",1981,7,"SNWD",0," "," ","0",0," "," ","0",0," "," ","0",0," "," ","0",0," "," ","0",0," "," ","0",0," "," ","0",0," "," ","0",0," "," ","0",0," "," ","0",0," "," ","0",0," "," ","0",0," "," ","0",0," "," ","0",0," "," ","0",0," "," ","0",0," "," ","0",0," "," ","0",0," "," ","0",0," "," ","0",0," "," ","0",0," "," ","0",0," "," ","0",0," "," ","0",0," "," ","0",0," "," ","0",0," "," ","0",0," "," ","0",0," "," ","0",0," "," ","0",0," "," ","0"
"2506","USC00413787",1981,7,"WT03",NA," "," "," ",NA," "," "," ",NA," "," "," ",1," "," ","0",NA," "," "," ",NA," "," "," ",NA," "," "," ",NA," "," "," ",NA," "," "," ",NA," "," "," ",NA," "," "," ",NA," "," "," ",NA," "," "," ",NA," "," "," ",NA," "," "," ",NA," "," "," ",NA," "," "," ",NA," "," "," ",1," "," ","0",NA," "," "," ",NA," "," "," ",NA," "," "," ",NA," "," "," ",NA," "," "," ",NA," "," "," ",NA," "," "," ",NA," "," "," ",NA," "," "," ",NA," "," "," ",NA," "," "," ",NA," "," "," "
"2507","USC00413787",1981,8,"TMAX",372," "," ","0",367," "," ","0",367," "," ","0",361," "," ","0",378," "," ","0",367," "," ","0",317," "," ","0",306," "," ","0",328," "," ","0",261," "," ","0",239," "," ","0",217," "," ","0",300," "," ","0",328," "," ","0",339," "," ","0",272," "," ","0",272," "," ","0",283," "," ","0",294," "," ","0",311," "," ","0",317," "," ","0",356," "," ","0",317," "," ","0",328," "," ","0",344," "," ","0",328," "," ","0",311," "," ","0",311," "," ","0",344," "," ","0",356," "," ","0",339," "," ","0"
"2508","USC00413787",1981,8,"TMIN",194," "," ","0",211," "," ","0",194," "," ","0",194," "," ","0",211," "," ","0",217," "," ","0",167," "," ","0",139," "," ","0",150," "," ","0",156," "," ","0",156," "," ","0",167," "," ","0",178," "," ","0",172," "," ","0",189," "," ","0",183," "," ","0",206," "," ","0",156," "," ","0",133," "," ","0",133," "," ","0",144," "," ","0",156," "," ","0",150," "," ","0",139," "," ","0",161," "," ","0",150," "," ","0",161," "," ","0",156," "," ","0",172," "," ","0",189," "," ","0",161," "," ","0"
"2509","USC00413787",1981,8,"TOBS",344," "," ","0",233," "," ","0",317," "," ","0",350," "," ","0",361," "," ","0",317," "," ","0",283," "," ","0",300," "," ","0",250," "," ","0",239," "," ","0",211," "," ","0",211," "," ","0",283," "," ","0",244," "," ","0",272," "," ","0",261," "," ","0",222," "," ","0",250," "," ","0",283," "," ","0",289," "," ","0",306," "," ","0",311," "," ","0",294," "," ","0",322," "," ","0",328," "," ","0",311," "," ","0",261," "," ","0",306," "," ","0",333," "," ","0",339," "," ","0",289," "," ","0"
"2510","USC00413787",1981,8,"PRCP",0," "," ","0",0," "," ","0",0," "," ","0",25," "," ","0",0," "," ","0",0," "," ","0",198," "," ","0",0," "," ","0",0," "," ","0",15," "," ","0",23," "," ","0",231," "," ","0",43," "," ","0",0," "," ","0",0," "," ","0",69," "," ","0",30," "," ","0",0," "," ","0",0," "," ","0",0," "," ","0",0," "," ","0",0," "," ","0",89," "," ","0",0," "," ","0",0," "," ","0",0," "," ","0",0," "," ","0",0," "," ","0",0," "," ","0",0," "," ","0",0," "," ","0"
"2511","USC00413787",1981,8,"SNOW",0," "," ","0",0," "," ","0",0," "," ","0",0," "," ","0",0," "," ","0",0," "," ","0",0," "," ","0",0," "," ","0",0," "," ","0",0," "," ","0",0," "," ","0",0," "," ","0",0," "," ","0",0," "," ","0",0," "," ","0",0," "," ","0",0," "," ","0",0," "," ","0",0," "," ","0",0," "," ","0",0," "," ","0",0," "," ","0",0," "," ","0",0," "," ","0",0," "," ","0",0," "," ","0",0," "," ","0",0," "," ","0",0," "," ","0",0," "," ","0",0," "," ","0"
"2512","USC00413787",1981,8,"SNWD",0," "," ","0",0," "," ","0",0," "," ","0",0," "," ","0",0," "," ","0",0," "," ","0",0," "," ","0",0," "," ","0",0," "," ","0",0," "," ","0",0," "," ","0",0," "," ","0",0," "," ","0",0," "," ","0",0," "," ","0",0," "," ","0",0," "," ","0",0," "," ","0",0," "," ","0",0," "," ","0",0," "," ","0",0," "," ","0",0," "," ","0",0," "," ","0",0," "," ","0",0," "," ","0",0," "," ","0",0," "," ","0",0," "," ","0",0," "," ","0",0," "," ","0"
"2513","USC00413787",1981,9,"TMAX",283," "," ","0",328," "," ","0",328," "," ","0",322," "," ","0",283," "," ","0",300," "," ","0",272," "," ","0",278," "," ","0",278," "," ","0",317," "," ","0",344," "," ","0",322," "," ","0",333," "," ","0",300," "," ","0",289," "," ","0",244," "," ","0",200," "," ","0",250," "," ","0",300," "," ","0",339," "," ","0",328," "," ","0",339," "," ","0",306," "," ","0",272," "," ","0",322," "," ","0",294," "," ","0",294," "," ","0",317," "," ","0",322," "," ","0",322," "," ","0",NA," "," "," "
"2514","USC00413787",1981,9,"TMIN",117," "," ","0",122," "," ","0",167," "," ","0",144," "," ","0",150," "," ","0",172," "," ","0",144," "," ","0",94," "," ","0",100," "," ","0",100," "," ","0",139," "," ","0",156," "," ","0",128," "," ","0",161," "," ","0",100," "," ","0",89," "," ","0",39," "," ","0",50," "," ","0",89," "," ","0",89," "," ","0",106," "," ","0",89," "," ","0",161," "," ","0",150," "," ","0",156," "," ","0",128," "," ","0",83," "," ","0",122," "," ","0",139," "," ","0",139," "," ","0",NA," "," "," "
"2515","USC00413787",1981,9,"TOBS",261," "," ","0",278," "," ","0",317," "," ","0",278," "," ","0",278," "," ","0",278," "," ","0",233," "," ","0",244," "," ","0",250," "," ","0",300," "," ","0",322," "," ","0",283," "," ","0",283," "," ","0",289," "," ","0",244," "," ","0",111," "," ","0",178," "," ","0",156," "," ","0",289," "," ","0",328," "," ","0",294," "," ","0",306," "," ","0",250," "," ","0",261," "," ","0",294," "," ","0",244," "," ","0",283," "," ","0",294," "," ","0",300," "," ","0",250," "," ","0",NA," "," "," "
"2516","USC00413787",1981,9,"PRCP",0," "," ","0",0," "," ","0",0," "," ","0",20," "," ","0",0," "," ","0",0," "," ","0",61," "," ","0",0," "," ","0",0," "," ","0",0," "," ","0",0," "," ","0",0," "," ","0",0," "," ","0",0," "," ","0",0," "," ","0",107," "," ","0",0," "," ","0",0," "," ","0",0," "," ","0",0," "," ","0",0," "," ","0",0," "," ","0",0,"T"," ","0",41," "," ","0",0," "," ","0",0," "," ","0",0," "," ","0",0," "," ","0",0," "," ","0",0," "," ","0",NA," "," "," "
"2517","USC00413787",1981,9,"SNOW",0," "," ","0",0," "," ","0",0," "," ","0",0," "," ","0",0," "," ","0",0," "," ","0",0," "," ","0",0," "," ","0",0," "," ","0",0," "," ","0",0," "," ","0",0," "," ","0",0," "," ","0",0," "," ","0",0," "," ","0",0," "," ","0",0," "," ","0",0," "," ","0",0," "," ","0",0," "," ","0",0," "," ","0",0," "," ","0",0," "," ","0",0," "," ","0",0," "," ","0",0," "," ","0",0," "," ","0",0," "," ","0",0," "," ","0",0," "," ","0",NA," "," "," "
"2518","USC00413787",1981,9,"SNWD",0," "," ","0",0," "," ","0",0," "," ","0",0," "," ","0",0," "," ","0",0," "," ","0",0," "," ","0",0," "," ","0",0," "," ","0",0," "," ","0",0," "," ","0",0," "," ","0",0," "," ","0",0," "," ","0",0," "," ","0",0," "," ","0",0," "," ","0",0," "," ","0",0," "," ","0",0," "," ","0",0," "," ","0",0," "," ","0",0," "," ","0",0," "," ","0",0," "," ","0",0," "," ","0",0," "," ","0",0," "," ","0",0," "," ","0",0," "," ","0",NA," "," "," "
"2519","USC00413787",1981,9,"WT03",NA," "," "," ",NA," "," "," ",NA," "," "," ",NA," "," "," ",NA," "," "," ",NA," "," "," ",1," "," ","0",NA," "," "," ",NA," "," "," ",NA," "," "," ",NA," "," "," ",NA," "," "," ",NA," "," "," ",NA," "," "," ",NA," "," "," ",NA," "," "," ",NA," "," "," ",NA," "," "," ",NA," "," "," ",NA," "," "," ",NA," "," "," ",NA," "," "," ",NA," "," "," ",NA," "," "," ",NA," "," "," ",NA," "," "," ",NA," "," "," ",NA," "," "," ",NA," "," "," ",NA," "," "," ",NA," "," "," "
"2520","USC00413787",1981,10,"TMAX",250," "," ","0",244," "," ","0",289," "," ","0",311," "," ","0",278," "," ","0",233," "," ","0",161," "," ","0",172," "," ","0",178," "," ","0",172," "," ","0",200," "," ","0",294," "," ","0",306," "," ","0",267," "," ","0",206," "," ","0",167," "," ","0",183," "," ","0",178," "," ","0",217," "," ","0",256," "," ","0",228," "," ","0",117," "," ","0",139," "," ","0",172," "," ","0",150," "," ","0",206," "," ","0",250," "," ","0",294," "," ","0",278," "," ","0",239," "," ","0",183," "," ","0"
"2521","USC00413787",1981,10,"TMIN",111," "," ","0",100," "," ","0",144," "," ","0",100," "," ","0",117," "," ","0",100," "," ","0",78," "," ","0",78," "," ","0",111," "," ","0",61," "," ","0",133," "," ","0",128," "," ","0",161," "," ","0",61," "," ","0",61," "," ","0",67," "," ","0",67," "," ","0",22," "," ","0",22," "," ","0",28," "," ","0",22," "," ","0",17," "," ","0",-28," "," ","0",28," "," ","0",11," "," ","0",-39," "," ","0",0," "," ","0",61," "," ","0",83," "," ","0",78," "," ","0",44," "," ","0"
"2522","USC00413787",1981,10,"TOBS",211," "," ","0",233," "," ","0",278," "," ","0",278," "," ","0",233," "," ","0",161," "," ","0",122," "," ","0",167," "," ","0",167," "," ","0",161," "," ","0",189," "," ","0",256," "," ","0",267," "," ","0",206," "," ","0",89," "," ","0",167," "," ","0",139," "," ","0",161," "," ","0",200," "," ","0",233," "," ","0",61," "," ","0",100," "," ","0",122," "," ","0",150," "," ","0",83," "," ","0",133," "," ","0",144," "," ","0",194," "," ","0",233," "," ","0",183," "," ","0",89," "," ","0"
"2523","USC00413787",1981,10,"PRCP",10," "," ","0",0," "," ","0",0," "," ","0",0," "," ","0",0," "," ","0",0," "," ","0",10," "," ","0",0," "," ","0",0," "," ","0",0," "," ","0",0,"T"," ","0",0," "," ","0",0," "," ","0",0," "," ","0",239," "," ","0",23," "," ","0",0," "," ","0",0," "," ","0",0," "," ","0",0," "," ","0",0," "," ","0",0," "," ","0",0," "," ","0",0," "," ","0",10," "," ","0",0," "," ","0",0," "," ","0",0," "," ","0",0," "," ","0",0," "," ","0",15," "," ","0"
"2524","USC00413787",1981,10,"SNOW",0," "," ","0",0," "," ","0",0," "," ","0",0," "," ","0",0," "," ","0",0," "," ","0",0," "," ","0",0," "," ","0",0," "," ","0",0," "," ","0",0," "," ","0",0," "," ","0",0," "," ","0",0," "," ","0",0," "," ","0",0," "," ","0",0," "," ","0",0," "," ","0",0," "," ","0",0," "," ","0",0," "," ","0",0," "," ","0",0," "," ","0",0," "," ","0",0," "," ","0",0," "," ","0",0," "," ","0",0," "," ","0",0," "," ","0",0," "," ","0",0," "," ","0"
"2525","USC00413787",1981,10,"SNWD",0," "," ","0",0," "," ","0",0," "," ","0",0," "," ","0",0," "," ","0",0," "," ","0",0," "," ","0",0," "," ","0",0," "," ","0",0," "," ","0",0," "," ","0",0," "," ","0",0," "," ","0",0," "," ","0",0," "," ","0",0," "," ","0",0," "," ","0",0," "," ","0",0," "," ","0",0," "," ","0",0," "," ","0",0," "," ","0",0," "," ","0",0," "," ","0",0," "," ","0",0," "," ","0",0," "," ","0",0," "," ","0",0," "," ","0",0," "," ","0",0," "," ","0"
"2526","USC00413787",1981,11,"TMAX",122," "," ","0",89," "," ","0",100," "," ","0",183," "," ","0",172," "," ","0",172," "," ","0",189," "," ","0",144," "," ","0",94," "," ","0",194," "," ","0",194," "," ","0",206," "," ","0",211," "," ","0",189," "," ","0",206," "," ","0",239," "," ","0",250," "," ","0",233," "," ","0",139," "," ","0",172," "," ","0",161," "," ","0",233," "," ","0",156," "," ","0",283," "," ","0",261," "," ","0",161," "," ","0",78," "," ","0",61," "," ","0",100," "," ","0",117," "," ","0",NA," "," "," "
"2527","USC00413787",1981,11,"TMIN",39," "," ","0",44," "," ","0",44," "," ","0",0," "," ","0",11," "," ","0",-11," "," ","0",67," "," ","0",39," "," ","0",-44," "," ","0",-28," "," ","0",-22," "," ","0",-11," "," ","0",6," "," ","0",11," "," ","0",33," "," ","0",22," "," ","0",11," "," ","0",22," "," ","0",11," "," ","0",-67," "," ","0",-22," "," ","0",-11," "," ","0",28," "," ","0",17," "," ","0",56," "," ","0",6," "," ","0",-28," "," ","0",22," "," ","0",11," "," ","0",28," "," ","0",NA," "," "," "
"2528","USC00413787",1981,11,"TOBS",67," "," ","0",83," "," ","0",67," "," ","0",78," "," ","0",117," "," ","0",117," "," ","0",144," "," ","0",67," "," ","0",61," "," ","0",128," "," ","0",128," "," ","0",128," "," ","0",128," "," ","0",122," "," ","0",150," "," ","0",161," "," ","0",167," "," ","0",139," "," ","0",28," "," ","0",89," "," ","0",94," "," ","0",156," "," ","0",89," "," ","0",172," "," ","0",161," "," ","0",56," "," ","0",61," "," ","0",44," "," ","0",72," "," ","0",72," "," ","0",NA," "," "," "
"2529","USC00413787",1981,11,"PRCP",0," "," ","0",58," "," ","0",66," "," ","0",0," "," ","0",0," "," ","0",0," "," ","0",5," "," ","0",127," "," ","0",0," "," ","0",0," "," ","0",0," "," ","0",0," "," ","0",0," "," ","0",0," "," ","0",0," "," ","0",0," "," ","0",0," "," ","0",0," "," ","0",0," "," ","0",0," "," ","0",0," "," ","0",0," "," ","0",0," "," ","0",0," "," ","0",0," "," ","0",0," "," ","0",0," "," ","0",0," "," ","0",0," "," ","0",64," "," ","0",NA," "," "," "
"2530","USC00413787",1981,11,"SNOW",0," "," ","0",0," "," ","0",0," "," ","0",0," "," ","0",0," "," ","0",0," "," ","0",0," "," ","0",0," "," ","0",0," "," ","0",0," "," ","0",0," "," ","0",0," "," ","0",0," "," ","0",0," "," ","0",0," "," ","0",0," "," ","0",0," "," ","0",0," "," ","0",0," "," ","0",0," "," ","0",0," "," ","0",0," "," ","0",0," "," ","0",0," "," ","0",0," "," ","0",0," "," ","0",0," "," ","0",0," "," ","0",0," "," ","0",0," "," ","0",NA," "," "," "
"2531","USC00413787",1981,11,"SNWD",0," "," ","0",0," "," ","0",0," "," ","0",0," "," ","0",0," "," ","0",0," "," ","0",0," "," ","0",0," "," ","0",0," "," ","0",0," "," ","0",0," "," ","0",0," "," ","0",0," "," ","0",0," "," ","0",0," "," ","0",0," "," ","0",0," "," ","0",0," "," ","0",0," "," ","0",0," "," ","0",0," "," ","0",0," "," ","0",0," "," ","0",0," "," ","0",0," "," ","0",0," "," ","0",0," "," ","0",0," "," ","0",0," "," ","0",0," "," ","0",NA," "," "," "
"2532","USC00413787",1981,11,"WT03",NA," "," "," ",NA," "," "," ",NA," "," "," ",NA," "," "," ",NA," "," "," ",NA," "," "," ",1," "," ","0",NA," "," "," ",NA," "," "," ",NA," "," "," ",NA," "," "," ",NA," "," "," ",NA," "," "," ",NA," "," "," ",NA," "," "," ",NA," "," "," ",NA," "," "," ",NA," "," "," ",NA," "," "," ",NA," "," "," ",NA," "," "," ",NA," "," "," ",NA," "," "," ",NA," "," "," ",NA," "," "," ",NA," "," "," ",NA," "," "," ",NA," "," "," ",NA," "," "," ",NA," "," "," ",NA," "," "," "
"2533","USC00413787",1981,12,"TMAX",89," "," ","0",139," "," ","0",122," "," ","0",139," "," ","0",200," "," ","0",233," "," ","0",211," "," ","0",172," "," ","0",183," "," ","0",211," "," ","0",128," "," ","0",61," "," ","0",106," "," ","0",83," "," ","0",122," "," ","0",111," "," ","0",39," "," ","0",117," "," ","0",67," "," ","0",144," "," ","0",194," "," ","0",89," "," ","0",17," "," ","0",44," "," ","0",72," "," ","0",50," "," ","0",106," "," ","0",44," "," ","0",78," "," ","0",150," "," ","0",100," "," ","0"
"2534","USC00413787",1981,12,"TMIN",-6," "," ","0",-50," "," ","0",-17," "," ","0",-78," "," ","0",-6," "," ","0",-39," "," ","0",-28," "," ","0",-44," "," ","0",-39," "," ","0",-17," "," ","0",0," "," ","0",17," "," ","0",17," "," ","0",-22," "," ","0",-44," "," ","0",-28," "," ","0",-89," "," ","0",-94," "," ","0",-89," "," ","0",-61," "," ","0",-11," "," ","0",-44," "," ","0",-100," "," ","0",-100," "," ","0",-106," "," ","0",-56," "," ","0",-61," "," ","0",-94," "," ","0",-72," "," ","0",-28," "," ","0",-44," "," ","0"
"2535","USC00413787",1981,12,"TOBS",39," "," ","0",56," "," ","0",61," "," ","0",72," "," ","0",111," "," ","0",156," "," ","0",139," "," ","0",94," "," ","0",100," "," ","0",72," "," ","0",61," "," ","0",39," "," ","0",61," "," ","0",11," "," ","0",44," "," ","0",39," "," ","0",-11," "," ","0",22," "," ","0",0," "," ","0",67," "," ","0",89," "," ","0",-28," "," ","0",-6," "," ","0",-6," "," ","0",-6," "," ","0",6," "," ","0",39," "," ","0",0," "," ","0",22," "," ","0",100," "," ","0",11," "," ","0"
"2536","USC00413787",1981,12,"PRCP",0," "," ","0",0," "," ","0",0," "," ","0",0," "," ","0",0," "," ","0",0," "," ","0",0," "," ","0",0," "," ","0",0," "," ","0",0," "," ","0",0," "," ","0",5," "," ","0",0," "," ","0",0," "," ","0",0," "," ","0",0," "," ","0",0," "," ","0",0," "," ","0",0," "," ","0",0," "," ","0",0," "," ","0",36," "," ","0",0," "," ","0",0," "," ","0",0," "," ","0",0," "," ","0",0," "," ","0",0," "," ","0",0," "," ","0",0," "," ","0",0," "," ","0"
"2537","USC00413787",1981,12,"SNOW",0," "," ","0",0," "," ","0",0," "," ","0",0," "," ","0",0," "," ","0",0," "," ","0",0," "," ","0",0," "," ","0",0," "," ","0",0," "," ","0",0," "," ","0",0," "," ","0",0," "," ","0",0," "," ","0",0," "," ","0",0," "," ","0",0," "," ","0",0," "," ","0",0," "," ","0",0," "," ","0",0," "," ","0",48," "," ","0",0," "," ","0",0," "," ","0",0," "," ","0",0," "," ","0",0," "," ","0",0," "," ","0",0," "," ","0",0," "," ","0",0," "," ","0"
"2538","USC00413787",1981,12,"SNWD",0," "," ","0",0," "," ","0",0," "," ","0",0," "," ","0",0," "," ","0",0," "," ","0",0," "," ","0",0," "," ","0",0," "," ","0",0," "," ","0",0," "," ","0",0," "," ","0",0," "," ","0",0," "," ","0",0," "," ","0",0," "," ","0",0," "," ","0",0," "," ","0",0," "," ","0",0," "," ","0",0," "," ","0",0," "," ","0",0," "," ","0",0," "," ","0",0," "," ","0",0," "," ","0",0," "," ","0",0," "," ","0",0," "," ","0",0," "," ","0",0," "," ","0"
"2539","USC00413787",1982,1,"TMAX",78," "," ","0",94," "," ","0",56," "," ","0",78," "," ","0",183," "," ","0",144," "," ","0",6," "," ","0",133," "," ","0",128," "," ","0",56," "," ","0",39," "," ","0",-6," "," ","0",44," "," ","0",167," "," ","0",128," "," ","0",78," "," ","0",189," "," ","0",161," "," ","0",172," "," ","0",189," "," ","0",117," "," ","0",111," "," ","0",117," "," ","0",178," "," ","0",156," "," ","0",222," "," ","0",211," "," ","0",128," "," ","0",183," "," ","0",139," "," ","0",133," "," ","0"
"2540","USC00413787",1982,1,"TMIN",-61," "," ","0",0," "," ","0",-78," "," ","0",-89," "," ","0",6," "," ","0",-106," "," ","0",-133," "," ","0",-111," "," ","0",-89," "," ","0",-183," "," ","0",-178," "," ","0",-139," "," ","0",-144," "," ","0",-111," "," ","0",-33," "," ","0",-161," "," ","0",-117," "," ","0",-83," "," ","0",0," "," ","0",56," "," ","0",-56," "," ","0",-50," "," ","0",-150," "," ","0",-78," "," ","0",-22," "," ","0",-28," "," ","0",44," "," ","0",-78," "," ","0",11," "," ","0",-28," "," ","0",-94," "," ","0"
"2541","USC00413787",1982,1,"TOBS",50," "," ","0",28," "," ","0",22," "," ","0",61," "," ","0",144," "," ","0",-67," "," ","0",-28," "," ","0",61," "," ","0",61," "," ","0",-122," "," ","0",-6," "," ","0",-67," "," ","0",-44," "," ","0",72," "," ","0",78," "," ","0",-72," "," ","0",128," "," ","0",67," "," ","0",111," "," ","0",117," "," ","0",-11," "," ","0",-33," "," ","0",17," "," ","0",156," "," ","0",61," "," ","0",161," "," ","0",111," "," ","0",89," "," ","0",139," "," ","0",39," "," ","0",89," "," ","0"
"2542","USC00413787",1982,1,"PRCP",0,"P"," ","0",0,"P"," ","0",28," "," ","0",0,"P"," ","0",0,"P"," ","0",0,"P"," ","0",0,"P"," ","0",0,"P"," ","0",0,"P"," ","0",0,"P"," ","0",0,"P"," ","0",0,"P"," ","0",0,"P"," ","0",0,"P"," ","0",0,"P"," ","0",0,"P"," ","0",0,"P"," ","0",0,"P"," ","0",0,"P"," ","0",0,"P"," ","0",0,"P"," ","0",0,"T"," ","0",0,"P"," ","0",0,"P"," ","0",0,"P"," ","0",0,"P"," ","0",0,"P"," ","0",0,"P"," ","0",0,"P"," ","0",0,"T"," ","0",NA," "," "," "
"2543","USC00413787",1982,1,"SNOW",0,"P"," ","0",0,"P"," ","0",25," "," ","0",0,"P"," ","0",0,"P"," ","0",0,"P"," ","0",0,"P"," ","0",0,"P"," ","0",0,"P"," ","0",0,"P"," ","0",0,"P"," ","0",0,"P"," ","0",0,"P"," ","0",0,"P"," ","0",0,"P"," ","0",0,"P"," ","0",0,"P"," ","0",0,"P"," ","0",0,"P"," ","0",0,"P"," ","0",0,"P"," ","0",0,"P"," ","0",0,"P"," ","0",0,"P"," ","0",0,"P"," ","0",0,"P"," ","0",0,"P"," ","0",0,"P"," ","0",0,"P"," ","0",0,"P"," ","0",NA," "," "," "
"2544","USC00413787",1982,1,"SNWD",0,"P"," ","0",0,"P"," ","0",0,"P"," ","0",0,"P"," ","0",0,"P"," ","0",0,"P"," ","0",0,"P"," ","0",0,"P"," ","0",0,"P"," ","0",0,"P"," ","0",0,"P"," ","0",0,"P"," ","0",0,"P"," ","0",0,"P"," ","0",0,"P"," ","0",0,"P"," ","0",0,"P"," ","0",0,"P"," ","0",0,"P"," ","0",0,"P"," ","0",0,"P"," ","0",0,"P"," ","0",0,"P"," ","0",0,"P"," ","0",0,"P"," ","0",0,"P"," ","0",0,"P"," ","0",0,"P"," ","0",0,"P"," ","0",0,"P"," ","0",NA," "," "," "
"2545","USC00413787",1982,1,"WT03",NA," "," "," ",NA," "," "," ",NA," "," "," ",NA," "," "," ",NA," "," "," ",NA," "," "," ",NA," "," "," ",NA," "," "," ",NA," "," "," ",NA," "," "," ",NA," "," "," ",NA," "," "," ",NA," "," "," ",NA," "," "," ",NA," "," "," ",NA," "," "," ",NA," "," "," ",NA," "," "," ",NA," "," "," ",NA," "," "," ",NA," "," "," ",1," "," ","0",NA," "," "," ",NA," "," "," ",NA," "," "," ",NA," "," "," ",NA," "," "," ",NA," "," "," ",1," "," ","0",NA," "," "," ",NA," "," "," "
"2546","USC00413787",1982,2,"TMAX",122," "," ","0",50," "," ","0",-67," "," ","0",-128," "," ","0",-133," "," ","0",-28," "," ","0",39," "," ","0",NA," "," "," ",-67," "," ","0",17," "," ","0",-11," "," ","0",39," "," ","0",89," "," ","0",150," "," ","0",139," "," ","0",200," "," ","0",167," "," ","0",183," "," ","0",194," "," ","0",211," "," ","0",239," "," ","0",NA," "," "," ",211," "," ","0",106," "," ","0",61," "," ","0",61," "," ","0",150," "," ","0",211," "," ","0",NA," "," "," ",NA," "," "," ",NA," "," "," "
"2547","USC00413787",1982,2,"TMIN",-6," "," ","0",-83," "," ","0",-167," "," ","0",-194," "," ","0",-228," "," ","0",-250," "," ","0",-189," "," ","0",NA," "," "," ",-200," "," ","0",-133," "," ","0",-150," "," ","0",-72," "," ","0",-117," "," ","0",-28," "," ","0",17," "," ","0",6," "," ","0",44," "," ","0",-6," "," ","0",-6," "," ","0",11," "," ","0",17," "," ","0",NA," "," "," ",6," "," ","0",-17," "," ","0",-33," "," ","0",-56," "," ","0",-56," "," ","0",-33," "," ","0",NA," "," "," ",NA," "," "," ",NA," "," "," "
"2548","USC00413787",1982,2,"TOBS",50," "," ","0",-67," "," ","0",-133," "," ","0",-178," "," ","0",-156," "," ","0",-83," "," ","0",-28," "," ","0",NA," "," "," ",-94," "," ","0",-50," "," ","0",-28," "," ","0",-61," "," ","0",61," "," ","0",89," "," ","0",100," "," ","0",144," "," ","0",128," "," ","0",133," "," ","0",156," "," ","0",178," "," ","0",206," "," ","0",NA," "," "," ",111," "," ","0",61," "," ","0",-11," "," ","0",39," "," ","0",122," "," ","0",178," "," ","0",NA," "," "," ",NA," "," "," ",NA," "," "," "
"2549","USC00413787",1982,2,"PRCP",0,"P"," ","0",119," "," ","0",0,"T"," ","0",109," "," ","0",0,"P"," ","0",0," "," ","0",0,"P"," ","0",NA," "," "," ",0,"P"," ","0",0," "," ","0",0,"T"," ","0",28," "," ","0",0,"P"," ","0",0,"P"," ","0",0,"P"," ","0",0,"P"," ","0",0,"P"," ","0",0,"P"," ","0",0,"P"," ","0",0,"P"," ","0",0,"P"," ","0",NA," "," "," ",0,"P"," ","0",0,"P"," ","0",15," "," ","0",0,"P"," ","0",0,"P"," ","0",0,"P"," ","0",NA," "," "," ",NA," "," "," ",NA," "," "," "
"2550","USC00413787",1982,2,"SNOW",0,"P"," ","0",229," "," ","0",NA," "," "," ",102," "," ","0",0,"P"," ","0",0," "," ","0",0,"P"," ","0",NA," "," "," ",0,"P"," ","0",0,"P"," ","0",NA," "," "," ",18," "," ","0",0,"P"," ","0",0,"P"," ","0",0,"P"," ","0",0,"P"," ","0",0,"P"," ","0",0,"P"," ","0",0,"P"," ","0",0,"P"," ","0",0,"P"," ","0",NA," "," "," ",0,"P"," ","0",0,"P"," ","0",13," "," ","0",0,"P"," ","0",0,"P"," ","0",0,"P"," ","0",NA," "," "," ",NA," "," "," ",NA," "," "," "
"2551","USC00413787",1982,3,"TMAX",233," "," ","0",211," "," ","0",156," "," ","0",28," "," ","0",-11," "," ","0",78," "," ","0",156," "," ","0",144," "," ","0",211," "," ","0",244," "," ","0",183," "," ","0",261," "," ","0",161," "," ","0",189," "," ","0",233," "," ","0",239," "," ","0",267," "," ","0",294," "," ","0",239," "," ","0",183," "," ","0",150," "," ","0",161," "," ","0",206," "," ","0",228," "," ","0",194," "," ","0",89," "," ","0",72," "," ","0",89," "," ","0",183," "," ","0",217," "," ","0",206," "," ","0"
"2552","USC00413787",1982,3,"TMIN",-22," "," ","0",94," "," ","0",-22," "," ","0",-56," "," ","0",-133," "," ","0",-161," "," ","0",-78," "," ","0",-33," "," ","0",-39," "," ","0",-28," "," ","0",0," "," ","0",72," "," ","0",0," "," ","0",17," "," ","0",33," "," ","0",6," "," ","0",6," "," ","0",56," "," ","0",67," "," ","0",-28," "," ","0",-33," "," ","0",-39," "," ","0",6," "," ","0",6," "," ","0",-33," "," ","0",-22," "," ","0",-11," "," ","0",-11," "," ","0",39," "," ","0",11," "," ","0",-39," "," ","0"
"2553","USC00413787",1982,3,"TOBS",128," "," ","0",161," "," ","0",28," "," ","0",-11," "," ","0",-61," "," ","0",61," "," ","0",133," "," ","0",117," "," ","0",122," "," ","0",183," "," ","0",161," "," ","0",161," "," ","0",111," "," ","0",167," "," ","0",178," "," ","0",200," "," ","0",217," "," ","0",239," "," ","0",183," "," ","0",144," "," ","0",83," "," ","0",128," "," ","0",161," "," ","0",194," "," ","0",89," "," ","0",72," "," ","0",6," "," ","0",61," "," ","0",144," "," ","0",189," "," ","0",172," "," ","0"
"2554","USC00413787",1982,3,"PRCP",0,"P"," ","0",0,"P"," ","0",0,"P"," ","0",0,"P"," ","0",61," "," ","0",0,"P"," ","0",0,"P"," ","0",0,"P"," ","0",0,"P"," ","0",0,"P"," ","0",0,"P"," ","0",0,"P"," ","0",0,"P"," ","0",38," "," ","0",0,"P"," ","0",0,"P"," ","0",0,"P"," ","0",0,"P"," ","0",137," "," ","0",0,"P"," ","0",0,"P"," ","0",0,"P"," ","0",0,"P"," ","0",0,"P"," ","0",0,"P"," ","0",0,"P"," ","0",51," "," ","0",0,"P"," ","0",13," "," ","0",0,"P"," ","0",0," "," ","0"
"2555","USC00413787",1982,3,"SNOW",0,"P"," ","0",0,"P"," ","0",0,"P"," ","0",0,"P"," ","0",102," "," ","0",0,"P"," ","0",0,"P"," ","0",0,"P"," ","0",0,"P"," ","0",0,"P"," ","0",0,"P"," ","0",0,"P"," ","0",0,"P"," ","0",0,"P"," ","0",0,"P"," ","0",0,"P"," ","0",0,"P"," ","0",0,"P"," ","0",0,"P"," ","0",0,"P"," ","0",0,"P"," ","0",0,"P"," ","0",0,"P"," ","0",0,"P"," ","0",0,"P"," ","0",0,"P"," ","0",NA," "," "," ",0,"P"," ","0",0,"P"," ","0",0,"P"," ","0",0,"P"," ","0"
"2556","USC00413787",1982,3,"SNWD",NA," "," "," ",NA," "," "," ",NA," "," "," ",NA," "," "," ",NA," "," "," ",NA," "," "," ",0," "," ","0",NA," "," "," ",NA," "," "," ",NA," "," "," ",NA," "," "," ",NA," "," "," ",NA," "," "," ",NA," "," "," ",NA," "," "," ",NA," "," "," ",NA," "," "," ",NA," "," "," ",NA," "," "," ",NA," "," "," ",NA," "," "," ",NA," "," "," ",NA," "," "," ",NA," "," "," ",NA," "," "," ",NA," "," "," ",NA," "," "," ",NA," "," "," ",NA," "," "," ",NA," "," "," ",NA," "," "," "
"2557","USC00413787",1982,3,"WT03",NA," "," "," ",NA," "," "," ",NA," "," "," ",NA," "," "," ",NA," "," "," ",NA," "," "," ",NA," "," "," ",NA," "," "," ",NA," "," "," ",NA," "," "," ",NA," "," "," ",NA," "," "," ",NA," "," "," ",NA," "," "," ",NA," "," "," ",NA," "," "," ",NA," "," "," ",NA," "," "," ",1," "," ","0",NA," "," "," ",NA," "," "," ",NA," "," "," ",NA," "," "," ",NA," "," "," ",NA," "," "," ",NA," "," "," ",NA," "," "," ",NA," "," "," ",NA," "," "," ",NA," "," "," ",NA," "," "," "
"2558","USC00413787",1982,3,"WT05",NA," "," "," ",NA," "," "," ",NA," "," "," ",NA," "," "," ",NA," "," "," ",NA," "," "," ",NA," "," "," ",NA," "," "," ",NA," "," "," ",NA," "," "," ",NA," "," "," ",NA," "," "," ",NA," "," "," ",NA," "," "," ",NA," "," "," ",NA," "," "," ",NA," "," "," ",NA," "," "," ",1," "," ","0",NA," "," "," ",NA," "," "," ",NA," "," "," ",NA," "," "," ",NA," "," "," ",NA," "," "," ",NA," "," "," ",NA," "," "," ",NA," "," "," ",NA," "," "," ",NA," "," "," ",NA," "," "," "
"2559","USC00413787",1982,3,"WT11",NA," "," "," ",NA," "," "," ",NA," "," "," ",NA," "," "," ",NA," "," "," ",NA," "," "," ",NA," "," "," ",NA," "," "," ",NA," "," "," ",NA," "," "," ",NA," "," "," ",1," "," ","0",NA," "," "," ",NA," "," "," ",NA," "," "," ",NA," "," "," ",NA," "," "," ",NA," "," "," ",1," "," ","0",NA," "," "," ",NA," "," "," ",NA," "," "," ",NA," "," "," ",NA," "," "," ",NA," "," "," ",NA," "," "," ",NA," "," "," ",NA," "," "," ",NA," "," "," ",NA," "," "," ",NA," "," "," "
"2560","USC00413787",1982,4,"TMAX",278," "," ","0",250," "," ","0",217," "," ","0",228," "," ","0",211," "," ","0",139," "," ","0",261," "," ","0",228," "," ","0",178," "," ","0",167," "," ","0",294," "," ","0",333," "," ","0",283," "," ","0",317," "," ","0",306," "," ","0",278," "," ","0",194," "," ","0",261," "," ","0",244," "," ","0",139," "," ","0",144," "," ","0",206," "," ","0",178," "," ","0",233," "," ","0",222," "," ","0",222," "," ","0",211," "," ","0",189," "," ","0",194," "," ","0",111," ","I","0",NA," "," "," "
"2561","USC00413787",1982,4,"TMIN",67," "," ","0",144," "," ","0",-50," "," ","0",44," "," ","0",11," "," ","0",-61," "," ","0",22," "," ","0",0," "," ","0",6," "," ","0",-6," "," ","0",17," "," ","0",106," "," ","0",67," "," ","0",106," "," ","0",39," "," ","0",72," "," ","0",0," "," ","0",33," "," ","0",72," "," ","0",22," "," ","0",-17," "," ","0",-33," "," ","0",33," "," ","0",78," "," ","0",83," "," ","0",67," "," ","0",89," "," ","0",78," "," ","0",33," "," ","0",78," "," ","0",NA," "," "," "
"2562","USC00413787",1982,4,"TOBS",250," "," ","0",156," "," ","0",211," "," ","0",211," "," ","0",111," "," ","0",117," "," ","0",228," "," ","0",128," "," ","0",144," "," ","0",144," "," ","0",283," "," ","0",283," "," ","0",267," "," ","0",267," "," ","0",278," "," ","0",144," "," ","0",167," "," ","0",244," "," ","0",139," "," ","0",89," "," ","0",111," "," ","0",172," "," ","0",156," "," ","0",189," "," ","0",217," "," ","0",200," "," ","0",183," "," ","0",189," "," ","0",194," ","I","0",111," "," ","0",NA," "," "," "
"2563","USC00413787",1982,4,"PRCP",0,"P"," ","0",0,"P"," ","0",0,"P"," ","0",0,"P"," ","0",0,"P"," ","0",0,"P"," ","0",0,"P"," ","0",0,"P"," ","0",0,"P"," ","0",8," "," ","0",0,"P"," ","0",0,"P"," ","0",0,"P"," ","0",0,"P"," ","0",0,"P"," ","0",0,"P"," ","0",0,"P"," ","0",0,"P"," ","0",0,"P"," ","0",0,"P"," ","0",0,"P"," ","0",0,"P"," ","0",0,"P"," ","0",0,"P"," ","0",0,"T"," ","0",3," "," ","0",94," "," ","0",0,"P"," ","0",0,"P"," ","0",160," "," ","0",NA," "," "," "
"2564","USC00413787",1982,4,"SNOW",0,"P"," ","0",0,"P"," ","0",0,"P"," ","0",0,"P"," ","0",0,"P"," ","0",0,"P"," ","0",0,"P"," ","0",0,"P"," ","0",0,"P"," ","0",0,"P"," ","0",0,"P"," ","0",0,"P"," ","0",0,"P"," ","0",0,"P"," ","0",0,"P"," ","0",0,"P"," ","0",0,"P"," ","0",0,"P"," ","0",0,"P"," ","0",0,"P"," ","0",0,"P"," ","0",0,"P"," ","0",0,"P"," ","0",0,"P"," ","0",0,"P"," ","0",0,"P"," ","0",0,"P"," ","0",0,"P"," ","0",0,"P"," ","0",0,"P"," ","0",NA," "," "," "
"2565","USC00413787",1982,4,"SNWD",0,"P"," ","0",0,"P"," ","0",0,"P"," ","0",0,"P"," ","0",0,"P"," ","0",0,"P"," ","0",0,"P"," ","0",0,"P"," ","0",0,"P"," ","0",0,"P"," ","0",0,"P"," ","0",0,"P"," ","0",0,"P"," ","0",0,"P"," ","0",0,"P"," ","0",0,"P"," ","0",0,"P"," ","0",0,"P"," ","0",0,"P"," ","0",0,"P"," ","0",0,"P"," ","0",0,"P"," ","0",0,"P"," ","0",0,"P"," ","0",0,"P"," ","0",0,"P"," ","0",0,"P"," ","0",0,"P"," ","0",0,"P"," ","0",0,"P"," ","0",NA," "," "," "
"2566","USC00413787",1982,5,"TMAX",111," "," ","0",244," "," ","0",261," "," ","0",300," "," ","0",83," ","I","0",161," "," ","0",244," "," ","0",294," "," ","0",239," ","I","0",283," "," ","0",167," ","I","0",222," "," ","0",233," "," ","0",200," ","I","0",267," "," ","0",122," ","I","0",228," "," ","0",267," "," ","0",239," ","I","0",256," "," ","0",244," ","I","0",250," "," ","0",183," ","I","0",217," "," ","0",200," ","I","0",239," "," ","0",267," "," ","0",294," "," ","0",294," "," ","0",289," "," ","0",283," "," ","0"
"2567","USC00413787",1982,5,"TMIN",89," "," ","0",72," "," ","0",111," "," ","0",139," "," ","0",67," "," ","0",28," "," ","0",28," "," ","0",106," "," ","0",122," "," ","0",106," "," ","0",122," "," ","0",139," "," ","0",89," "," ","0",72," "," ","0",72," "," ","0",111," "," ","0",72," "," ","0",100," "," ","0",150," "," ","0",128," "," ","0",117," "," ","0",106," "," ","0",117," "," ","0",122," "," ","0",89," "," ","0",111," "," ","0",117," "," ","0",183," "," ","0",139," "," ","0",150," "," ","0",100," "," ","0"
"2568","USC00413787",1982,5,"TOBS",111," "," ","0",239," "," ","0",261," "," ","0",300," "," ","0",83," "," ","0",161," "," ","0",244," "," ","0",294," ","I","0",233," "," ","0",283," ","I","0",167," "," ","0",222," "," ","0",233," ","I","0",200," "," ","0",267," ","I","0",122," "," ","0",228," "," ","0",267," ","I","0",239," "," ","0",256," ","I","0",244," "," ","0",250," ","I","0",183," "," ","0",217," ","I","0",200," "," ","0",239," "," ","0",222," "," ","0",289," "," ","0",267," "," ","0",283," "," ","0",183," "," ","0"
"2569","USC00413787",1982,5,"PRCP",0,"P"," ","0",0,"P"," ","0",0,"P"," ","0",0,"P"," ","0",10," "," ","0",13," "," ","0",0,"P"," ","0",0,"P"," ","0",0,"P"," ","0",191," "," ","0",64," "," ","0",213," "," ","0",0,"P"," ","0",3," "," ","0",0,"P"," ","0",107," "," ","0",0,"P"," ","0",13," "," ","0",13," "," ","0",0,"P"," ","0",0,"P"," ","0",10," "," ","0",43," "," ","0",0,"P"," ","0",5," "," ","0",38," "," ","0",0,"P"," ","0",20," "," ","0",0,"P"," ","0",0,"P"," ","0",0,"P"," ","0"
"2570","USC00413787",1982,5,"SNOW",0,"P"," ","0",0,"P"," ","0",0,"P"," ","0",0,"P"," ","0",0,"P"," ","0",0,"P"," ","0",0,"P"," ","0",0,"P"," ","0",0,"P"," ","0",0,"P"," ","0",0,"P"," ","0",0,"P"," ","0",0,"P"," ","0",0,"P"," ","0",0,"P"," ","0",0,"P"," ","0",0,"P"," ","0",0,"P"," ","0",0,"P"," ","0",0,"P"," ","0",0,"P"," ","0",0,"P"," ","0",0,"P"," ","0",0,"P"," ","0",0,"P"," ","0",0,"P"," ","0",0,"P"," ","0",0,"P"," ","0",0,"P"," ","0",0,"P"," ","0",0,"P"," ","0"
"2571","USC00413787",1982,5,"SNWD",0," "," ","0",0,"P"," ","0",0,"P"," ","0",0,"P"," ","0",0,"P"," ","0",0,"P"," ","0",0,"P"," ","0",0,"P"," ","0",0,"P"," ","0",0,"P"," ","0",0,"P"," ","0",0,"P"," ","0",0,"P"," ","0",0,"P"," ","0",0,"P"," ","0",0,"P"," ","0",0,"P"," ","0",0,"P"," ","0",0,"P"," ","0",0,"P"," ","0",0,"P"," ","0",0,"P"," ","0",0,"P"," ","0",0,"P"," ","0",0,"P"," ","0",0,"P"," ","0",0,"P"," ","0",0,"P"," ","0",0,"P"," ","0",0,"P"," ","0",0,"P"," ","0"
"2572","USC00413787",1982,5,"WT03",NA," "," "," ",NA," "," "," ",NA," "," "," ",NA," "," "," ",NA," "," "," ",NA," "," "," ",NA," "," "," ",NA," "," "," ",NA," "," "," ",1," "," ","0",1," "," ","0",NA," "," "," ",NA," "," "," ",NA," "," "," ",NA," "," "," ",1," "," ","0",NA," "," "," ",NA," "," "," ",NA," "," "," ",NA," "," "," ",NA," "," "," ",NA," "," "," ",1," "," ","0",NA," "," "," ",NA," "," "," ",NA," "," "," ",NA," "," "," ",NA," "," "," ",NA," "," "," ",NA," "," "," ",NA," "," "," "
"2573","USC00413787",1982,5,"WT05",NA," "," "," ",NA," "," "," ",NA," "," "," ",NA," "," "," ",NA," "," "," ",NA," "," "," ",NA," "," "," ",NA," "," "," ",NA," "," "," ",1," "," ","0",1," "," ","0",1," "," ","0",NA," "," "," ",NA," "," "," ",NA," "," "," ",1," "," ","0",NA," "," "," ",NA," "," "," ",NA," "," "," ",NA," "," "," ",NA," "," "," ",NA," "," "," ",NA," "," "," ",NA," "," "," ",NA," "," "," ",NA," "," "," ",NA," "," "," ",NA," "," "," ",NA," "," "," ",NA," "," "," ",NA," "," "," "
"2574","USC00413787",1982,5,"WT11",NA," "," "," ",NA," "," "," ",NA," "," "," ",NA," "," "," ",NA," "," "," ",NA," "," "," ",NA," "," "," ",NA," "," "," ",NA," "," "," ",1," "," ","0",NA," "," "," ",NA," "," "," ",NA," "," "," ",NA," "," "," ",NA," "," "," ",NA," "," "," ",NA," "," "," ",NA," "," "," ",NA," "," "," ",NA," "," "," ",NA," "," "," ",NA," "," "," ",NA," "," "," ",NA," "," "," ",NA," "," "," ",NA," "," "," ",NA," "," "," ",NA," "," "," ",NA," "," "," ",NA," "," "," ",NA," "," "," "
"2575","USC00413787",1982,6,"TMAX",256," "," ","0",244," "," ","0",178," "," ","0",239," "," ","0",300," "," ","0",328," "," ","0",311," "," ","0",356," "," ","0",356," "," ","0",256," "," ","0",261," "," ","0",272," "," ","0",289," "," ","0",317," "," ","0",278," "," ","0",289," "," ","0",322," "," ","0",244," "," ","0",256," "," ","0",317," "," ","0",317," "," ","0",322," "," ","0",300," "," ","0",306," "," ","0",300," "," ","0",278," "," ","0",278," "," ","0",328," "," ","0",339," "," ","0",367," "," ","0",NA," "," "," "
"2576","USC00413787",1982,6,"TMIN",72," "," ","0",144," "," ","0",117," "," ","0",111," "," ","0",139," "," ","0",200," "," ","0",144," "," ","0",183," "," ","0",156," "," ","0",106," "," ","0",139," "," ","0",133," "," ","0",167," "," ","0",167," "," ","0",150," "," ","0",128," "," ","0",144," "," ","0",150," "," ","0",122," "," ","0",139," "," ","0",128," "," ","0",156," "," ","0",133," "," ","0",156," "," ","0",161," "," ","0",156," "," ","0",156," "," ","0",150," "," ","0",206," "," ","0",206," "," ","0",NA," "," "," "
"2577","USC00413787",1982,6,"TOBS",244," "," ","0",178," "," ","0",144," "," ","0",239," "," ","0",250," "," ","0",311," "," ","0",267," "," ","0",356," "," ","0",244," "," ","0",250," "," ","0",244," "," ","0",261," "," ","0",283," "," ","0",278," "," ","0",267," "," ","0",267," "," ","0",244," "," ","0",167," "," ","0",233," "," ","0",178," "," ","0",289," "," ","0",244," "," ","0",283," "," ","0",294," "," ","0",278," "," ","0",250," "," ","0",278," "," ","0",322," "," ","0",333," "," ","0",328," "," ","0",NA," "," "," "
"2578","USC00413787",1982,6,"PRCP",0,"P"," ","0",0,"P"," ","0",18," "," ","0",0,"T"," ","0",0,"P"," ","0",28," "," ","0",0," "," ","0",0,"P"," ","0",0,"P"," ","0",0,"P"," ","0",109," "," ","0",127," "," ","0",10," "," ","0",25," "," ","0",0,"P"," ","0",5," "," ","0",18," "," ","0",97," "," ","0",51," "," ","0",0,"P"," ","0",188," "," ","0",0,"P"," ","0",310," "," ","0",15," "," ","0",3," "," ","0",142," "," ","0",0,"P"," ","0",0,"P"," ","0",0,"P"," ","0",0,"P"," ","0",NA," "," "," "
"2579","USC00413787",1982,6,"SNOW",0,"P"," ","0",0,"P"," ","0",0,"P"," ","0",0,"P"," ","0",0,"P"," ","0",0,"P"," ","0",0,"P"," ","0",0,"P"," ","0",0,"P"," ","0",0,"P"," ","0",0,"P"," ","0",0,"P"," ","0",0,"P"," ","0",0,"P"," ","0",0,"P"," ","0",0,"P"," ","0",0,"P"," ","0",0,"P"," ","0",0,"P"," ","0",0,"P"," ","0",0,"P"," ","0",0,"P"," ","0",0,"P"," ","0",0,"P"," ","0",0,"P"," ","0",0,"P"," ","0",0,"P"," ","0",0,"P"," ","0",0,"P"," ","0",0,"P"," ","0",NA," "," "," "
"2580","USC00413787",1982,6,"SNWD",0," "," ","0",0,"P"," ","0",0,"P"," ","0",0,"P"," ","0",0,"P"," ","0",0,"P"," ","0",0,"P"," ","0",0,"P"," ","0",0,"P"," ","0",0,"P"," ","0",0,"P"," ","0",0,"P"," ","0",0,"P"," ","0",0,"P"," ","0",0,"P"," ","0",0,"P"," ","0",0,"P"," ","0",0,"P"," ","0",0,"P"," ","0",0,"P"," ","0",0,"P"," ","0",0,"P"," ","0",0,"P"," ","0",0,"P"," ","0",0,"P"," ","0",0,"P"," ","0",0,"P"," ","0",0,"P"," ","0",0,"P"," ","0",0,"P"," ","0",NA," "," "," "
"2581","USC00413787",1982,6,"WT03",NA," "," "," ",NA," "," "," ",NA," "," "," ",NA," "," "," ",NA," "," "," ",NA," "," "," ",NA," "," "," ",NA," "," "," ",NA," "," "," ",NA," "," "," ",1," "," ","0",NA," "," "," ",NA," "," "," ",1," "," ","0",1," "," ","0",NA," "," "," ",NA," "," "," ",NA," "," "," ",NA," "," "," ",NA," "," "," ",NA," "," "," ",NA," "," "," ",1," "," ","0",NA," "," "," ",NA," "," "," ",NA," "," "," ",NA," "," "," ",NA," "," "," ",NA," "," "," ",NA," "," "," ",NA," "," "," "
"2582","USC00413787",1982,6,"WT05",NA," "," "," ",NA," "," "," ",NA," "," "," ",NA," "," "," ",NA," "," "," ",NA," "," "," ",NA," "," "," ",NA," "," "," ",NA," "," "," ",NA," "," "," ",NA," "," "," ",NA," "," "," ",NA," "," "," ",1," "," ","0",1," "," ","0",NA," "," "," ",NA," "," "," ",NA," "," "," ",NA," "," "," ",NA," "," "," ",NA," "," "," ",NA," "," "," ",NA," "," "," ",NA," "," "," ",NA," "," "," ",NA," "," "," ",NA," "," "," ",NA," "," "," ",NA," "," "," ",NA," "," "," ",NA," "," "," "
"2583","USC00413787",1982,7,"TMAX",328," "," ","0",356," "," ","0",367," "," ","0",361," "," ","0",333," "," ","0",311," "," ","0",311," "," ","0",311," "," ","0",344," "," ","0",344," "," ","0",294," "," ","0",317," "," ","0",328," "," ","0",328," "," ","0",339," "," ","0",356," "," ","0",356," "," ","0",356," "," ","0",356," "," ","0",339," "," ","0",361," "," ","0",356," "," ","0",367," "," ","0",356," "," ","0",361," "," ","0",383," "," ","0",378," "," ","0",294," "," ","0",244," "," ","0",222," "," ","0",294," "," ","0"
"2584","USC00413787",1982,7,"TMIN",189," "," ","0",189," "," ","0",194," "," ","0",156," "," ","0",206," "," ","0",183," "," ","0",172," "," ","0",167," "," ","0",200," "," ","0",150," "," ","0",172," "," ","0",156," "," ","0",294," ","S","0",167," "," ","0",206," "," ","0",211," "," ","0",217," "," ","0",194," "," ","0",194," "," ","0",200," "," ","0",178," "," ","0",183," "," ","0",178," "," ","0",183," "," ","0",194," "," ","0",211," "," ","0",206," "," ","0",172," "," ","0",178," "," ","0",161," "," ","0",178," "," ","0"
"2585","USC00413787",1982,7,"TOBS",294," "," ","0",344," "," ","0",361," "," ","0",328," "," ","0",300," "," ","0",306," "," ","0",283," "," ","0",283," "," ","0",344," "," ","0",294," "," ","0",261," "," ","0",311," "," ","0",311," "," ","0",322," "," ","0",333," "," ","0",350," "," ","0",344," "," ","0",356," "," ","0",339," "," ","0",294," "," ","0",356," "," ","0",344," "," ","0",339," "," ","0",344," "," ","0",356," "," ","0",378," "," ","0",289," "," ","0",239," "," ","0",217," "," ","0",200," "," ","0",289," "," ","0"
"2586","USC00413787",1982,7,"PRCP",0,"P"," ","0",0,"P"," ","0",0,"P"," ","0",0,"P"," ","0",0,"P"," ","0",0,"P"," ","0",0,"P"," ","0",254," "," ","0",0,"P"," ","0",79," "," ","0",112," "," ","0",0,"P"," ","0",0,"P"," ","0",602," "," ","0",0,"P"," ","0",0,"P"," ","0",0,"P"," ","0",0,"P"," ","0",66," "," ","0",0,"P"," ","0",0,"P"," ","0",0,"P"," ","0",0,"P"," ","0",0,"P"," ","0",0,"P"," ","0",0,"P"," ","0",0,"P"," ","0",307," "," ","0",137," "," ","0",371," "," ","0",0,"P"," ","0"
"2587","USC00413787",1982,7,"SNOW",0,"P"," ","0",0,"P"," ","0",0,"P"," ","0",0,"P"," ","0",0,"P"," ","0",0,"P"," ","0",0,"P"," ","0",0,"P"," ","0",0,"P"," ","0",0,"P"," ","0",0,"P"," ","0",0,"P"," ","0",0,"P"," ","0",0,"P"," ","0",0,"P"," ","0",0,"P"," ","0",0,"P"," ","0",0,"P"," ","0",0,"P"," ","0",0,"P"," ","0",0,"P"," ","0",0,"P"," ","0",0,"P"," ","0",0,"P"," ","0",0,"P"," ","0",0,"P"," ","0",0,"P"," ","0",0,"P"," ","0",0,"P"," ","0",0,"P"," ","0",0,"P"," ","0"
"2588","USC00413787",1982,7,"SNWD",0," "," ","0",0,"P"," ","0",0,"P"," ","0",0,"P"," ","0",0,"P"," ","0",0,"P"," ","0",0,"P"," ","0",0,"P"," ","0",0,"P"," ","0",0,"P"," ","0",0,"P"," ","0",0,"P"," ","0",0,"P"," ","0",0,"P"," ","0",0,"P"," ","0",0,"P"," ","0",0,"P"," ","0",0,"P"," ","0",0,"P"," ","0",0,"P"," ","0",0,"P"," ","0",0,"P"," ","0",0,"P"," ","0",0,"P"," ","0",0,"P"," ","0",0,"P"," ","0",0,"P"," ","0",0,"P"," ","0",0,"P"," ","0",0,"P"," ","0",0,"P"," ","0"
"2589","USC00413787",1982,7,"WT03",NA," "," "," ",NA," "," "," ",NA," "," "," ",NA," "," "," ",NA," "," "," ",NA," "," "," ",NA," "," "," ",NA," "," "," ",NA," "," "," ",NA," "," "," ",NA," "," "," ",NA," "," "," ",1," "," ","0",1," "," ","0",NA," "," "," ",NA," "," "," ",NA," "," "," ",NA," "," "," ",1," "," ","0",NA," "," "," ",NA," "," "," ",NA," "," "," ",NA," "," "," ",NA," "," "," ",NA," "," "," ",NA," "," "," ",NA," "," "," ",NA," "," "," ",NA," "," "," ",NA," "," "," ",NA," "," "," "
"2590","USC00413787",1982,8,"TMAX",333," "," ","0",333," "," ","0",344," "," ","0",350," "," ","0",350," "," ","0",350," "," ","0",322," "," ","0",317," "," ","0",322," "," ","0",328," "," ","0",328," "," ","0",339," "," ","0",372," "," ","0",372," "," ","0",372," "," ","0",350," "," ","0",339," "," ","0",311," "," ","0",333," "," ","0",356," "," ","0",300," "," ","0",328," "," ","0",306," ","I","0",250," ","I","0",267," "," ","0",344," "," ","0",244," ","I","0",311," "," ","0",344," "," ","0",367," "," ","0",350," "," ","0"
"2591","USC00413787",1982,8,"TMIN",178," "," ","0",189," "," ","0",200," "," ","0",194," "," ","0",200," "," ","0",200," "," ","0",194," "," ","0",172," "," ","0",161," "," ","0",172," "," ","0",161," "," ","0",183," "," ","0",194," "," ","0",200," "," ","0",194," "," ","0",183," "," ","0",194," "," ","0",156," "," ","0",183," "," ","0",200," "," ","0",200," "," ","0",178," "," ","0",194," "," ","0",183," "," ","0",144," "," ","0",183," "," ","0",167," "," ","0",172," "," ","0",189," "," ","0",200," "," ","0",194," "," ","0"
"2592","USC00413787",1982,8,"TOBS",322," "," ","0",328," "," ","0",333," "," ","0",328," "," ","0",339," "," ","0",317," "," ","0",289," "," ","0",311," "," ","0",311," "," ","0",317," "," ","0",322," "," ","0",339," "," ","0",356," "," ","0",367," "," ","0",272," "," ","0",339," "," ","0",283," "," ","0",294," "," ","0",322," "," ","0",228," "," ","0",300," "," ","0",322," ","I","0",306," ","I","0",250," "," ","0",267," "," ","0",344," ","I","0",239," "," ","0",306," "," ","0",344," "," ","0",350," "," ","0",344," "," ","0"
"2593","USC00413787",1982,8,"PRCP",0,"P"," ","0",0,"P"," ","0",0,"P"," ","0",0,"P"," ","0",0,"P"," ","0",0,"P"," ","0",0,"P"," ","0",0,"P"," ","0",0,"P"," ","0",0,"P"," ","0",25," "," ","0",0,"P"," ","0",0,"P"," ","0",0,"P"," ","0",0,"P"," ","0",0,"P"," ","0",0,"P"," ","0",0,"P"," ","0",0,"P"," ","0",130," "," ","0",0,"P"," ","0",0,"P"," ","0",0,"P"," ","0",0,"P"," ","0",5," "," ","0",0,"P"," ","0",0,"P"," ","0",193," "," ","0",0,"P"," ","0",0,"P"," ","0",0,"P"," ","0"
"2594","USC00413787",1982,8,"SNOW",0,"P"," ","0",0,"P"," ","0",0,"P"," ","0",0,"P"," ","0",0,"P"," ","0",0,"P"," ","0",0,"P"," ","0",0,"P"," ","0",0,"P"," ","0",0,"P"," ","0",0,"P"," ","0",0,"P"," ","0",0,"P"," ","0",0,"P"," ","0",0,"P"," ","0",0,"P"," ","0",0,"P"," ","0",0,"P"," ","0",0,"P"," ","0",0,"P"," ","0",0,"P"," ","0",0,"P"," ","0",0,"P"," ","0",0,"P"," ","0",0,"P"," ","0",0,"P"," ","0",0,"P"," ","0",0,"P"," ","0",0,"P"," ","0",0,"P"," ","0",0,"P"," ","0"
"2595","USC00413787",1982,8,"SNWD",0,"P"," ","0",0,"P"," ","0",0,"P"," ","0",0,"P"," ","0",0,"P"," ","0",0,"P"," ","0",0,"P"," ","0",0,"P"," ","0",0,"P"," ","0",0,"P"," ","0",0,"P"," ","0",0,"P"," ","0",0,"P"," ","0",0,"P"," ","0",0,"P"," ","0",0,"P"," ","0",0,"P"," ","0",0,"P"," ","0",0,"P"," ","0",0,"P"," ","0",0,"P"," ","0",0,"P"," ","0",0,"P"," ","0",0,"P"," ","0",0,"P"," ","0",0,"P"," ","0",0,"P"," ","0",0,"P"," ","0",0,"P"," ","0",0,"P"," ","0",0,"P"," ","0"
"2596","USC00413787",1982,9,"TMAX",361," "," ","0",322," ","I","0",311," "," ","0",350," "," ","0",372," "," ","0",328," ","I","0",300," "," ","0",322," "," ","0",333," "," ","0",339," "," ","0",317," "," ","0",306," "," ","0",306," "," ","0",289," "," ","0",239," "," ","0",306," "," ","0",333," "," ","0",189," "," ","0",267," "," ","0",250," "," ","0",228," "," ","0",294," "," ","0",322," "," ","0",300," "," ","0",272," "," ","0",311," "," ","0",339," "," ","0",322," "," ","0",306," "," ","0",272," "," ","0",NA," "," "," "
"2597","USC00413787",1982,9,"TMIN",183," "," ","0",194," "," ","0",150," "," ","0",183," "," ","0",172," "," ","0",167," "," ","0",156," "," ","0",150," "," ","0",167," "," ","0",167," "," ","0",194," "," ","0",117," "," ","0",100," "," ","0",111," "," ","0",111," "," ","0",133," "," ","0",172," "," ","0",89," "," ","0",117," "," ","0",111," "," ","0",111," "," ","0",94," "," ","0",128," "," ","0",139," "," ","0",100," "," ","0",139," "," ","0",133," "," ","0",206," "," ","0",139," "," ","0",189," "," ","0",NA," "," "," "
"2598","USC00413787",1982,9,"TOBS",344," ","I","0",311," "," ","0",289," "," ","0",339," "," ","0",350," ","I","0",261," "," ","0",294," "," ","0",311," "," ","0",322," "," ","0",317," "," ","0",272," "," ","0",300," "," ","0",283," "," ","0",239," "," ","0",194," "," ","0",294," "," ","0",189," "," ","0",156," "," ","0",250," "," ","0",183," "," ","0",222," "," ","0",283," "," ","0",306," "," ","0",156," "," ","0",261," "," ","0",294," "," ","0",322," "," ","0",278," "," ","0",272," "," ","0",239," "," ","0",NA," "," "," "
"2599","USC00413787",1982,9,"PRCP",0,"P"," ","0",0,"P"," ","0",0,"P"," ","0",0,"P"," ","0",0,"P"," ","0",8," "," ","0",0,"P"," ","0",0,"P"," ","0",0,"P"," ","0",0,"P"," ","0",0,"P"," ","0",0,"P"," ","0",0,"P"," ","0",0,"P"," ","0",0,"P"," ","0",0,"P"," ","0",0,"P"," ","0",76," "," ","0",0,"P"," ","0",0,"P"," ","0",0,"P"," ","0",0,"P"," ","0",0,"P"," ","0",0,"T"," ","0",0,"P"," ","0",0,"P"," ","0",0,"P"," ","0",0,"P"," ","0",5," "," ","0",8," "," ","0",NA," "," "," "
"2600","USC00413787",1982,9,"SNOW",0,"P"," ","0",0,"P"," ","0",0,"P"," ","0",0,"P"," ","0",0,"P"," ","0",0,"P"," ","0",0,"P"," ","0",0,"P"," ","0",0,"P"," ","0",0,"P"," ","0",0,"P"," ","0",0,"P"," ","0",0,"P"," ","0",0,"P"," ","0",0,"P"," ","0",0,"P"," ","0",0,"P"," ","0",0,"P"," ","0",0,"P"," ","0",0,"P"," ","0",0,"P"," ","0",0,"P"," ","0",0,"P"," ","0",0,"P"," ","0",0,"P"," ","0",0,"P"," ","0",0,"P"," ","0",0,"P"," ","0",0,"P"," ","0",0,"P"," ","0",NA," "," "," "
"2601","USC00413787",1982,9,"SNWD",0,"P"," ","0",0,"P"," ","0",0,"P"," ","0",0,"P"," ","0",0,"P"," ","0",0,"P"," ","0",0,"P"," ","0",0,"P"," ","0",0,"P"," ","0",0,"P"," ","0",0,"P"," ","0",0,"P"," ","0",0,"P"," ","0",0,"P"," ","0",0,"P"," ","0",0,"P"," ","0",0,"P"," ","0",0,"P"," ","0",0,"P"," ","0",0,"P"," ","0",0,"P"," ","0",0,"P"," ","0",0,"P"," ","0",0,"P"," ","0",0,"P"," ","0",0,"P"," ","0",0,"P"," ","0",0,"P"," ","0",0,"P"," ","0",0,"P"," ","0",NA," "," "," "
"2602","USC00413787",1982,10,"TMAX",261," "," ","0",250," "," ","0",250," "," ","0",306," "," ","0",311," "," ","0",272," "," ","0",294," "," ","0",283," "," ","0",200," "," ","0",206," "," ","0",172," "," ","0",183," "," ","0",178," "," ","0",206," "," ","0",244," "," ","0",222," "," ","0",261," "," ","0",306," "," ","0",278," "," ","0",156," "," ","0",189," "," ","0",206," "," ","0",228," "," ","0",244," "," ","0",239," "," ","0",267," "," ","0",267," "," ","0",222," "," ","0",211," "," ","0",233," "," ","0",283," "," ","0"
"2603","USC00413787",1982,10,"TMIN",150," "," ","0",117," "," ","0",50," "," ","0",106," "," ","0",144," "," ","0",83," "," ","0",56," "," ","0",150," "," ","0",11," "," ","0",56," "," ","0",6," "," ","0",17," "," ","0",33," "," ","0",11," "," ","0",33," "," ","0",22," "," ","0",111," "," ","0",72," "," ","0",72," "," ","0",0," "," ","0",6," "," ","0",-28," "," ","0",28," "," ","0",44," "," ","0",94," "," ","0",72," "," ","0",128," "," ","0",28," "," ","0",-11," "," ","0",44," "," ","0",56," "," ","0"
"2604","USC00413787",1982,10,"TOBS",250," "," ","0",206," "," ","0",239," "," ","0",278," "," ","0",272," "," ","0",183," "," ","0",283," "," ","0",172," "," ","0",183," "," ","0",144," "," ","0",156," "," ","0",161," "," ","0",156," "," ","0",183," "," ","0",222," "," ","0",211," "," ","0",239," "," ","0",278," "," ","0",106," "," ","0",133," "," ","0",150," "," ","0",178," "," ","0",211," "," ","0",222," "," ","0",222," "," ","0",228," "," ","0",222," "," ","0",144," "," ","0",206," "," ","0",167," "," ","0",217," "," ","0"
"2605","USC00413787",1982,10,"PRCP",147," "," ","0",0,"P"," ","0",0,"P"," ","0",0,"P"," ","0",0,"P"," ","0",0,"P"," ","0",0,"P"," ","0",33," "," ","0",0,"P"," ","0",0,"P"," ","0",0,"P"," ","0",0,"P"," ","0",0,"P"," ","0",0,"P"," ","0",0,"P"," ","0",0,"P"," ","0",0,"P"," ","0",0,"P"," ","0",0,"P"," ","0",0,"P"," ","0",0,"P"," ","0",0,"P"," ","0",0,"P"," ","0",0,"P"," ","0",0,"P"," ","0",0,"P"," ","0",0,"P"," ","0",0,"P"," ","0",0,"P"," ","0",0,"P"," ","0",0,"P"," ","0"
"2606","USC00413787",1982,10,"SNOW",0,"P"," ","0",0,"P"," ","0",0,"P"," ","0",0,"P"," ","0",0,"P"," ","0",0,"P"," ","0",0,"P"," ","0",0,"P"," ","0",0,"P"," ","0",0,"P"," ","0",0,"P"," ","0",0,"P"," ","0",0,"P"," ","0",0,"P"," ","0",0,"P"," ","0",0,"P"," ","0",0,"P"," ","0",0,"P"," ","0",0,"P"," ","0",0,"P"," ","0",0,"P"," ","0",0,"P"," ","0",0,"P"," ","0",0,"P"," ","0",0,"P"," ","0",0,"P"," ","0",0,"P"," ","0",0,"P"," ","0",0,"P"," ","0",0,"P"," ","0",0,"P"," ","0"
"2607","USC00413787",1982,10,"SNWD",0,"P"," ","0",0,"P"," ","0",0,"P"," ","0",0,"P"," ","0",0,"P"," ","0",0,"P"," ","0",0,"P"," ","0",0,"P"," ","0",0,"P"," ","0",0,"P"," ","0",0,"P"," ","0",0,"P"," ","0",0,"P"," ","0",0,"P"," ","0",0,"P"," ","0",0,"P"," ","0",0,"P"," ","0",0,"P"," ","0",0,"P"," ","0",0,"P"," ","0",0,"P"," ","0",0,"P"," ","0",0,"P"," ","0",0,"P"," ","0",0,"P"," ","0",0,"P"," ","0",0,"P"," ","0",0,"P"," ","0",0,"P"," ","0",0,"P"," ","0",0,"P"," ","0"
"2608","USC00413787",1982,10,"WT11",NA," "," "," ",NA," "," "," ",NA," "," "," ",NA," "," "," ",NA," "," "," ",NA," "," "," ",NA," "," "," ",1," "," ","0",NA," "," "," ",NA," "," "," ",NA," "," "," ",NA," "," "," ",NA," "," "," ",NA," "," "," ",NA," "," "," ",NA," "," "," ",NA," "," "," ",NA," "," "," ",NA," "," "," ",NA," "," "," ",NA," "," "," ",NA," "," "," ",NA," "," "," ",NA," "," "," ",NA," "," "," ",NA," "," "," ",NA," "," "," ",NA," "," "," ",NA," "," "," ",NA," "," "," ",NA," "," "," "
"2609","USC00413787",1982,11,"TMAX",211," "," ","0",156," "," ","0",NA," "," "," ",128," "," ","0",183," "," ","0",228," "," ","0",228," "," ","0",144," "," ","0",211," "," ","0",200," "," ","0",172," "," ","0",128," "," ","0",139," "," ","0",111," "," ","0",156," "," ","0",128," "," ","0",200," "," ","0",222," "," ","0",228," "," ","0",167," "," ","0",200," "," ","0",122," "," ","0",72," "," ","0",17," "," ","0",94," "," ","0",61," "," ","0",44," "," ","0",72," "," ","0",128," "," ","0",167," "," ","0",NA," "," "," "
"2610","USC00413787",1982,11,"TMIN",17," "," ","0",56," "," ","0",-72," "," ","0",-56," "," ","0",-67," "," ","0",-22," "," ","0",44," "," ","0",11," "," ","0",111," "," ","0",17," "," ","0",122," "," ","0",-28," "," ","0",-39," "," ","0",-39," "," ","0",-72," "," ","0",-17," "," ","0",-61," "," ","0",61," "," ","0",50," "," ","0",17," "," ","0",-11," "," ","0",11," "," ","0",-50," "," ","0",-111," "," ","0",-39," "," ","0",0," "," ","0",-39," "," ","0",-94," "," ","0",-61," "," ","0",6," "," ","0",NA," "," "," "
"2611","USC00413787",1982,11,"TOBS",156," "," ","0",89," "," ","0",NA," "," "," ",78," "," ","0",117," "," ","0",144," "," ","0",128," "," ","0",117," "," ","0",178," "," ","0",156," "," ","0",128," "," ","0",-11," "," ","0",111," "," ","0",28," "," ","0",111," "," ","0",83," "," ","0",100," "," ","0",156," "," ","0",167," "," ","0",89," "," ","0",83," "," ","0",72," "," ","0",0," "," ","0",11," "," ","0",39," "," ","0",50," "," ","0",-11," "," ","0",28," "," ","0",56," "," ","0",111," "," ","0",NA," "," "," "
"2612","USC00413787",1982,11,"PRCP",0,"P"," ","0",0,"P"," ","0",0,"P"," ","0",0,"P"," ","0",0,"P"," ","0",0,"P"," ","0",0,"P"," ","0",0,"P"," ","0",0,"P"," ","0",0,"P"," ","0",0,"P"," ","0",0,"P"," ","0",0,"P"," ","0",0,"P"," ","0",0,"P"," ","0",0,"P"," ","0",0,"P"," ","0",0,"P"," ","0",0,"P"," ","0",0,"P"," ","0",0,"P"," ","0",0,"P"," ","0",0,"P"," ","0",0,"P"," ","0",0,"P"," ","0",0,"P"," ","0",38," "," ","0",0,"P"," ","0",0,"P"," ","0",0,"P"," ","0",NA," "," "," "
"2613","USC00413787",1982,11,"SNOW",0,"P"," ","0",0,"P"," ","0",0,"P"," ","0",0,"P"," ","0",0,"P"," ","0",0,"P"," ","0",0,"P"," ","0",0,"P"," ","0",0,"P"," ","0",0,"P"," ","0",0,"P"," ","0",0,"P"," ","0",0,"P"," ","0",0,"P"," ","0",0,"P"," ","0",0,"P"," ","0",0,"P"," ","0",0,"P"," ","0",0,"P"," ","0",0,"P"," ","0",0,"P"," ","0",0,"P"," ","0",0,"P"," ","0",0,"P"," ","0",0,"P"," ","0",0,"P"," ","0",102," "," ","0",0,"P"," ","0",0,"P"," ","0",0,"P"," ","0",NA," "," "," "
"2614","USC00413787",1982,11,"SNWD",0," "," ","0",0,"P"," ","0",0,"P"," ","0",0,"P"," ","0",0,"P"," ","0",0,"P"," ","0",0,"P"," ","0",0,"P"," ","0",0,"P"," ","0",0,"P"," ","0",0,"P"," ","0",0,"P"," ","0",0,"P"," ","0",0,"P"," ","0",0,"P"," ","0",0,"P"," ","0",0,"P"," ","0",0,"P"," ","0",0,"P"," ","0",0,"P"," ","0",0,"P"," ","0",0,"P"," ","0",0,"P"," ","0",0,"P"," ","0",0,"P"," ","0",0,"P"," ","0",NA," "," "," ",NA," "," "," ",NA," "," "," ",NA," "," "," ",NA," "," "," "
"2615","USC00413787",1982,12,"TMAX",133," "," ","0",111," "," ","0",94," "," ","0",94," "," ","0",122," "," ","0",156," "," ","0",111," "," ","0",-33," "," ","0",33," "," ","0",39," "," ","0",17," "," ","0",100," "," ","0",128," "," ","0",94," "," ","0",117," "," ","0",139," "," ","0",222," "," ","0",161," "," ","0",150," "," ","0",172," "," ","0",194," "," ","0",183," "," ","0",167," "," ","0",72," "," ","0",33," "," ","0",17," "," ","0",6," "," ","0",-11," "," ","0",-17," "," ","0",0," "," ","0",22," "," ","0"
"2616","USC00413787",1982,12,"TMIN",83," "," ","0",33," "," ","0",-17," "," ","0",6," "," ","0",-28," "," ","0",-44," "," ","0",-44," "," ","0",-72," "," ","0",-61," "," ","0",-6," "," ","0",-44," "," ","0",-78," "," ","0",-11," "," ","0",-22," "," ","0",-67," "," ","0",-56," "," ","0",-11," "," ","0",22," "," ","0",-72," "," ","0",-22," "," ","0",-39," "," ","0",-50," "," ","0",-17," "," ","0",0," "," ","0",-50," "," ","0",-22," "," ","0",-22," "," ","0",-78," "," ","0",-150," "," ","0",-106," "," ","0",-122," "," ","0"
"2617","USC00413787",1982,12,"TOBS",89," "," ","0",56," "," ","0",72," "," ","0",61," "," ","0",100," "," ","0",111," "," ","0",-33," "," ","0",-39," "," ","0",17," "," ","0",17," "," ","0",-22," "," ","0",61," "," ","0",78," "," ","0",72," "," ","0",39," "," ","0",67," "," ","0",161," "," ","0",83," "," ","0",94," "," ","0",67," "," ","0",111," "," ","0",111," "," ","0",50," "," ","0",6," "," ","0",17," "," ","0",0," "," ","0",-11," "," ","0",-61," "," ","0",-61," "," ","0",-61," "," ","0",-44," "," ","0"
"2618","USC00413787",1982,12,"PRCP",0,"P"," ","0",0,"P"," ","0",0,"P"," ","0",0,"P"," ","0",0,"P"," ","0",0,"P"," ","0",0,"P"," ","0",0,"T"," ","0",51," "," ","0",0,"P"," ","0",0,"T"," ","0",0,"P"," ","0",0,"P"," ","0",0,"P"," ","0",0,"P"," ","0",0,"P"," ","0",0,"P"," ","0",0,"P"," ","0",0,"P"," ","0",0,"P"," ","0",0,"P"," ","0",0,"P"," ","0",0,"P"," ","0",0,"T"," ","0",0,"P"," ","0",0,"T"," ","0",127," "," ","0",0,"T"," ","0",0,"P"," ","0",0,"P"," ","0",0,"P"," ","0"
"2619","USC00413787",1982,12,"SNOW",0,"P"," ","0",0,"P"," ","0",0,"P"," ","0",0,"P"," ","0",0,"P"," ","0",0,"P"," ","0",0,"P"," ","0",0,"P"," ","0",0,"P"," ","0",0,"P"," ","0",0,"T"," ","0",0,"P"," ","0",0,"P"," ","0",0,"P"," ","0",0,"P"," ","0",0,"P"," ","0",0,"P"," ","0",0,"P"," ","0",0,"P"," ","0",0,"P"," ","0",0,"P"," ","0",0,"P"," ","0",0,"P"," ","0",0,"T"," ","0",0,"P"," ","0",0,"T"," ","0",NA," "," "," ",0,"T"," ","0",0,"P"," ","0",0,"P"," ","0",0,"P"," ","0"
"2620","USC00413787",1982,12,"SNWD",NA," "," "," ",NA," "," "," ",NA," "," "," ",NA," "," "," ",NA," "," "," ",NA," "," "," ",NA," "," "," ",NA," "," "," ",NA," "," "," ",NA," "," "," ",NA," "," "," ",NA," "," "," ",NA," "," "," ",NA," "," "," ",NA," "," "," ",NA," "," "," ",NA," "," "," ",NA," "," "," ",NA," "," "," ",NA," "," "," ",NA," "," "," ",NA," "," "," ",NA," "," "," ",NA," "," "," ",NA," "," "," ",NA," "," "," ",25," "," ","0",0," "," ","0",0,"P"," ","0",0,"P"," ","0",0,"P"," ","0"
"2621","USC00413787",1983,1,"TMAX",28," "," ","0",28," "," ","0",56," "," ","0",44," "," ","0",117," "," ","0",156," "," ","0",122," "," ","0",161," "," ","0",117," "," ","0",128," "," ","0",133," "," ","0",194," "," ","0",200," "," ","0",111," "," ","0",150," "," ","0",94," "," ","0",78," "," ","0",33," "," ","0",17," "," ","0",17," "," ","0",-11," "," ","0",11," "," ","0",56," "," ","0",56," "," ","0",67," "," ","0",50," "," ","0",78," "," ","0",133," "," ","0",117," "," ","0",117," "," ","0",94," "," ","0"
"2622","USC00413787",1983,1,"TMIN",-111," "," ","0",-83," "," ","0",-122," "," ","0",-67," "," ","0",-61," "," ","0",-17," "," ","0",-28," "," ","0",-11," "," ","0",0," "," ","0",-72," "," ","0",-39," "," ","0",-17," "," ","0",-39," "," ","0",-11," "," ","0",-94," "," ","0",-67," "," ","0",-94," "," ","0",-50," "," ","0",-33," "," ","0",-39," "," ","0",-56," "," ","0",-44," "," ","0",-111," "," ","0",-33," "," ","0",-33," "," ","0",-11," "," ","0",-50," "," ","0",17," "," ","0",-17," "," ","0",11," "," ","0",-39," "," ","0"
"2623","USC00413787",1983,1,"TOBS",-17," "," ","0",-6," "," ","0",11," "," ","0",11," "," ","0",44," "," ","0",61," "," ","0",72," "," ","0",117," "," ","0",78," "," ","0",67," "," ","0",72," "," ","0",128," "," ","0",89," "," ","0",67," "," ","0",72," "," ","0",67," "," ","0",33," "," ","0",-22," "," ","0",17," "," ","0",-22," "," ","0",-22," "," ","0",-39," "," ","0",28," "," ","0",17," "," ","0",11," "," ","0",17," "," ","0",44," "," ","0",44," "," ","0",89," "," ","0",94," "," ","0",-28," "," ","0"
"2624","USC00413787",1983,1,"PRCP",0,"P"," ","0",0,"P"," ","0",0,"P"," ","0",0,"P"," ","0",0,"P"," ","0",0,"P"," ","0",0,"P"," ","0",0,"P"," ","0",0,"P"," ","0",0,"P"," ","0",0,"P"," ","0",0,"P"," ","0",0,"P"," ","0",0,"P"," ","0",0,"P"," ","0",0,"P"," ","0",0,"P"," ","0",20," "," ","0",0,"P"," ","0",41," "," ","0",97," "," ","0",0,"P"," ","0",0,"P"," ","0",0,"P"," ","0",0,"P"," ","0",0,"P"," ","0",0,"P"," ","0",0,"P"," ","0",0,"P"," ","0",0,"P"," ","0",122," "," ","0"
"2625","USC00413787",1983,1,"SNOW",0,"P"," ","0",0,"P"," ","0",0,"P"," ","0",0,"P"," ","0",0,"P"," ","0",0,"P"," ","0",0,"P"," ","0",0,"P"," ","0",0,"P"," ","0",0,"P"," ","0",0,"P"," ","0",0,"P"," ","0",0,"P"," ","0",0,"P"," ","0",0,"P"," ","0",0,"P"," ","0",0,"P"," ","0",25," "," ","0",0,"P"," ","0",25," "," ","0",102," "," ","0",0,"P"," ","0",0,"P"," ","0",0,"P"," ","0",0,"P"," ","0",0,"P"," ","0",0,"P"," ","0",0,"P"," ","0",0,"P"," ","0",0,"P"," ","0",76," "," ","0"
"2626","USC00413787",1983,2,"TMAX",-28," "," ","0",28," "," ","0",11," "," ","0",-6," "," ","0",-11," "," ","0",0," "," ","0",-17," "," ","0",72," "," ","0",50," "," ","0",89," "," ","0",72," "," ","0",89," "," ","0",106," "," ","0",44," ","I","0",100," "," ","0",150," "," ","0",117," "," ","0",172," "," ","0",178," "," ","0",44," "," ","0",50," "," ","0",150," "," ","0",183," "," ","0",144," "," ","0",100," "," ","0",NA," "," "," ",200," "," ","0",217," "," ","0",NA," "," "," ",NA," "," "," ",NA," "," "," "
"2627","USC00413787",1983,2,"TMIN",-72," "," ","0",-50," "," ","0",-139," "," ","0",-56," "," ","0",-72," "," ","0",-72," "," ","0",-150," "," ","0",-72," "," ","0",-89," "," ","0",-67," "," ","0",-39," "," ","0",-67," "," ","0",-11," "," ","0",-22," "," ","0",17," "," ","0",-28," "," ","0",17," "," ","0",-17," "," ","0",28," "," ","0",0," "," ","0",-11," "," ","0",39," "," ","0",6," "," ","0",6," "," ","0",0," "," ","0",NA," "," "," ",17," "," ","0",0," "," ","0",NA," "," "," ",NA," "," "," ",NA," "," "," "
"2628","USC00413787",1983,2,"TOBS",-33," "," ","0",11," "," ","0",-39," "," ","0",-33," "," ","0",-17," "," ","0",-33," "," ","0",-39," "," ","0",33," "," ","0",22," "," ","0",33," "," ","0",39," "," ","0",44," "," ","0",72," ","I","0",33," "," ","0",78," "," ","0",117," "," ","0",44," "," ","0",144," "," ","0",44," "," ","0",11," "," ","0",50," "," ","0",117," "," ","0",144," "," ","0",28," "," ","0",67," "," ","0",NA," "," "," ",178," "," ","0",178," "," ","0",NA," "," "," ",NA," "," "," ",NA," "," "," "
"2629","USC00413787",1983,2,"PRCP",213," "," ","0",0,"P"," ","0",0,"P"," ","0",84," "," ","0",0,"P"," ","0",0,"P"," ","0",0,"P"," ","0",0,"P"," ","0",0,"P"," ","0",0,"P"," ","0",0,"P"," ","0",0,"P"," ","0",0,"P"," ","0",0,"P"," ","0",0,"P"," ","0",0,"P"," ","0",23," "," ","0",0,"P"," ","0",0,"P"," ","0",51," "," ","0",61," "," ","0",0,"P"," ","0",0,"P"," ","0",0,"P"," ","0",0,"P"," ","0",NA," "," "," ",0,"P"," ","0",0,"P"," ","0",NA," "," "," ",NA," "," "," ",NA," "," "," "
"2630","USC00413787",1983,2,"SNOW",229," "," ","0",0,"P"," ","0",0,"P"," ","0",102," "," ","0",0,"P"," ","0",0,"P"," ","0",0,"P"," ","0",0,"P"," ","0",0,"P"," ","0",0,"P"," ","0",0,"P"," ","0",0,"P"," ","0",0,"P"," ","0",0,"P"," ","0",0,"P"," ","0",0,"P"," ","0",0,"P"," ","0",0,"P"," ","0",0,"P"," ","0",25," "," ","0",25," "," ","0",0,"P"," ","0",0,"P"," ","0",0,"P"," ","0",0,"P"," ","0",NA," "," "," ",0,"P"," ","0",0,"P"," ","0",NA," "," "," ",NA," "," "," ",NA," "," "," "
"2631","USC00413787",1983,2,"SNWD",NA," "," "," ",NA," "," "," ",NA," "," "," ",NA," "," "," ",NA," "," "," ",NA," "," "," ",NA," "," "," ",NA," "," "," ",NA," "," "," ",NA," "," "," ",NA," "," "," ",NA," "," "," ",NA," "," "," ",NA," "," "," ",NA," "," "," ",NA," "," "," ",NA," "," "," ",NA," "," "," ",NA," "," "," ",NA," "," "," ",NA," "," "," ",NA," "," "," ",NA," "," "," ",NA," "," "," ",NA," "," "," ",NA," "," "," ",NA," "," "," ",0," "," ","0",NA," "," "," ",NA," "," "," ",NA," "," "," "
"2632","USC00413787",1983,3,"TMAX",217," "," ","0",233," "," ","0",206," "," ","0",183," "," ","0",139," "," ","0",122," "," ","0",172," "," ","0",150," "," ","0",144," "," ","0",144," "," ","0",200," "," ","0",283," "," ","0",261," "," ","0",261," "," ","0",222," "," ","0",56," "," ","0",17," "," ","0",39," "," ","0",17," "," ","0",-6," "," ","0",50," "," ","0",28," "," ","0",11," "," ","0",94," "," ","0",172," "," ","0",106," "," ","0",100," "," ","0",161," "," ","0",139," "," ","0",222," "," ","0",283," "," ","0"
"2633","USC00413787",1983,3,"TMIN",11," "," ","0",50," "," ","0",50," "," ","0",72," "," ","0",33," "," ","0",28," "," ","0",0," "," ","0",11," "," ","0",-6," "," ","0",-22," "," ","0",-22," "," ","0",50," "," ","0",67," "," ","0",67," "," ","0",50," "," ","0",-11," "," ","0",-22," "," ","0",-22," "," ","0",-33," "," ","0",-61," "," ","0",-117," "," ","0",-39," "," ","0",-17," "," ","0",-6," "," ","0",50," "," ","0",17," "," ","0",-11," "," ","0",-44," "," ","0",11," "," ","0",-33," "," ","0",39," "," ","0"
"2634","USC00413787",1983,3,"TOBS",189," "," ","0",183," "," ","0",139," "," ","0",139," "," ","0",83," "," ","0",106," "," ","0",139," "," ","0",122," "," ","0",106," "," ","0",122," "," ","0",167," "," ","0",239," "," ","0",228," "," ","0",222," "," ","0",61," "," ","0",0," "," ","0",0," "," ","0",17," "," ","0",-11," "," ","0",-22," "," ","0",28," "," ","0",11," "," ","0",6," "," ","0",72," "," ","0",106," "," ","0",44," "," ","0",94," "," ","0",139," "," ","0",83," "," ","0",206," "," ","0",256," "," ","0"
"2635","USC00413787",1983,3,"PRCP",0,"P"," ","0",0,"P"," ","0",0,"P"," ","0",0,"T"," ","0",3," "," ","0",0,"P"," ","0",0,"P"," ","0",0,"P"," ","0",0,"P"," ","0",0,"P"," ","0",0,"P"," ","0",0,"P"," ","0",0,"P"," ","0",0,"P"," ","0",0,"T"," ","0",188," "," ","0",0,"P"," ","0",0,"P"," ","0",114," "," ","0",0,"P"," ","0",0,"P"," ","0",23," "," ","0",0,"P"," ","0",5," "," ","0",0,"T"," ","0",0,"T"," ","0",0,"P"," ","0",0,"P"," ","0",0,"P"," ","0",0,"P"," ","0",0,"P"," ","0"
"2636","USC00413787",1983,3,"SNOW",0,"P"," ","0",0,"P"," ","0",0,"P"," ","0",0,"P"," ","0",0,"P"," ","0",0,"P"," ","0",0,"P"," ","0",0,"P"," ","0",0,"P"," ","0",0,"P"," ","0",0,"P"," ","0",0,"P"," ","0",0,"P"," ","0",0,"P"," ","0",0,"P"," ","0",102," "," ","0",0,"P"," ","0",0,"P"," ","0",102," "," ","0",0,"P"," ","0",0,"P"," ","0",0,"T"," ","0",0,"P"," ","0",0,"P"," ","0",0,"P"," ","0",0,"T"," ","0",0,"P"," ","0",0,"P"," ","0",0,"P"," ","0",0,"P"," ","0",0,"P"," ","0"
"2637","USC00413787",1983,3,"SNWD",0,"P"," ","0",0,"P"," ","0",0,"P"," ","0",0,"P"," ","0",0,"P"," ","0",0,"P"," ","0",0,"P"," ","0",0,"P"," ","0",0,"P"," ","0",0,"P"," ","0",0,"P"," ","0",0,"P"," ","0",0,"P"," ","0",0,"P"," ","0",0,"P"," ","0",NA," "," "," ",NA," "," "," ",NA," "," "," ",NA," "," "," ",NA," "," "," ",NA," "," "," ",NA," "," "," ",NA," "," "," ",NA," "," "," ",0," "," ","0",0,"P"," ","0",0,"P"," ","0",0,"P"," ","0",0,"P"," ","0",0,"P"," ","0",0,"P"," ","0"
"2638","USC00413787",1983,3,"WT11",NA," "," "," ",NA," "," "," ",NA," "," "," ",NA," "," "," ",NA," "," "," ",NA," "," "," ",NA," "," "," ",NA," "," "," ",NA," "," "," ",NA," "," "," ",NA," "," "," ",NA," "," "," ",NA," "," "," ",NA," "," "," ",NA," "," "," ",NA," "," "," ",NA," "," "," ",NA," "," "," ",NA," "," "," ",NA," "," "," ",NA," "," "," ",NA," "," "," ",NA," "," "," ",NA," "," "," ",NA," "," "," ",1," "," ","0",NA," "," "," ",NA," "," "," ",NA," "," "," ",NA," "," "," ",NA," "," "," "
"2639","USC00413787",1983,4,"TMAX",256," "," ","0",144," "," ","0",228," "," ","0",33," "," ","0",39," "," ","0",44," "," ","0",61," "," ","0",50," "," ","0",150," "," ","0",233," "," ","0",278," "," ","0",233," "," ","0",150," "," ","0",106," "," ","0",183," "," ","0",200," "," ","0",228," "," ","0",261," "," ","0",228," "," ","0",239," "," ","0",267," "," ","0",239," "," ","0",183," "," ","0",244," "," ","0",311," "," ","0",300," "," ","0",261," "," ","0",256," "," ","0",222," "," ","0",261," "," ","0",NA," "," "," "
"2640","USC00413787",1983,4,"TMIN",33," "," ","0",-22," "," ","0",-11," "," ","0",-22," "," ","0",-22," "," ","0",-22," "," ","0",-22," "," ","0",-6," "," ","0",-28," "," ","0",-11," "," ","0",39," "," ","0",56," "," ","0",0," "," ","0",-39," "," ","0",-39," "," ","0",11," "," ","0",22," "," ","0",-6," "," ","0",39," "," ","0",11," "," ","0",89," "," ","0",50," "," ","0",83," "," ","0",28," "," ","0",78," "," ","0",78," "," ","0",106," "," ","0",78," "," ","0",94," "," ","0",94," "," ","0",NA," "," "," "
"2641","USC00413787",1983,4,"TOBS",67," "," ","0",122," "," ","0",33," "," ","0",-11," "," ","0",17," "," ","0",28," "," ","0",44," "," ","0",44," "," ","0",133," "," ","0",211," "," ","0",228," "," ","0",150," "," ","0",44," "," ","0",44," "," ","0",139," "," ","0",172," "," ","0",211," "," ","0",233," "," ","0",150," "," ","0",189," "," ","0",239," "," ","0",100," "," ","0",167," "," ","0",239," "," ","0",300," "," ","0",233," "," ","0",256," "," ","0",200," "," ","0",211," "," ","0",261," "," ","0",NA," "," "," "
"2642","USC00413787",1983,4,"PRCP",36," "," ","0",0,"P"," ","0",0,"P"," ","0",180," "," ","0",0,"P"," ","0",0,"P"," ","0",0,"P"," ","0",41," "," ","0",0,"P"," ","0",0,"P"," ","0",0,"P"," ","0",0,"P"," ","0",28," "," ","0",0,"P"," ","0",0,"P"," ","0",0,"P"," ","0",0,"P"," ","0",0,"P"," ","0",0,"P"," ","0",0,"P"," ","0",0,"P"," ","0",5," "," ","0",0,"P"," ","0",0,"P"," ","0",0,"P"," ","0",0,"P"," ","0",0,"P"," ","0",0,"P"," ","0",0,"P"," ","0",0,"P"," ","0",NA," "," "," "
"2643","USC00413787",1983,4,"SNOW",0,"P"," ","0",0,"P"," ","0",0,"P"," ","0",152," "," ","0",0,"P"," ","0",0,"P"," ","0",0,"P"," ","0",NA," "," "," ",0,"P"," ","0",0,"P"," ","0",0,"P"," ","0",0,"P"," ","0",NA," "," "," ",0,"P"," ","0",0,"P"," ","0",0,"P"," ","0",0,"P"," ","0",0,"P"," ","0",0,"P"," ","0",0,"P"," ","0",0,"P"," ","0",0,"P"," ","0",0,"P"," ","0",0,"P"," ","0",0,"P"," ","0",0,"P"," ","0",0,"P"," ","0",0,"P"," ","0",0,"P"," ","0",0,"P"," ","0",NA," "," "," "
"2644","USC00413787",1983,4,"SNWD",0,"P"," ","0",0,"P"," ","0",0,"P"," ","0",NA," "," "," ",NA," "," "," ",NA," "," "," ",NA," "," "," ",NA," "," "," ",NA," "," "," ",0," "," ","0",0,"P"," ","0",0,"P"," ","0",NA," "," "," ",NA," "," "," ",NA," "," "," ",NA," "," "," ",NA," "," "," ",NA," "," "," ",NA," "," "," ",NA," "," "," ",NA," "," "," ",NA," "," "," ",NA," "," "," ",NA," "," "," ",NA," "," "," ",NA," "," "," ",NA," "," "," ",NA," "," "," ",NA," "," "," ",NA," "," "," ",NA," "," "," "
"2645","USC00413787",1983,5,"TMAX",261," "," ","0",261," "," ","0",217," "," ","0",283," "," ","0",306," "," ","0",294," "," ","0",272," "," ","0",250," "," ","0",267," "," ","0",NA," "," "," ",NA," "," "," ",NA," "," "," ",272," "," ","0",111," "," ","0",161," "," ","0",217," "," ","0",239," "," ","0",211," "," ","0",256," "," ","0",222," "," ","0",228," "," ","0",228," "," ","0",256," "," ","0",300," "," ","0",294," "," ","0",278," "," ","0",317," "," ","0",322," "," ","0",289," "," ","0",256," "," ","0",167," "," ","0"
"2646","USC00413787",1983,5,"TMIN",100," "," ","0",17," "," ","0",6," "," ","0",39," "," ","0",33," "," ","0",106," "," ","0",56," "," ","0",44," "," ","0",83," "," ","0",NA," "," "," ",NA," "," "," ",NA," "," "," ",100," "," ","0",39," "," ","0",6," "," ","0",28," "," ","0",83," "," ","0",50," "," ","0",56," "," ","0",100," "," ","0",72," "," ","0",89," "," ","0",83," "," ","0",100," "," ","0",128," "," ","0",111," "," ","0",122," "," ","0",122," "," ","0",133," "," ","0",78," "," ","0",83," "," ","0"
"2647","USC00413787",1983,5,"TOBS",256," "," ","0",122," "," ","0",211," "," ","0",244," "," ","0",294," "," ","0",272," "," ","0",206," "," ","0",206," "," ","0",250," "," ","0",NA," "," "," ",NA," "," "," ",NA," "," "," ",111," "," ","0",83," "," ","0",144," "," ","0",211," "," ","0",211," "," ","0",194," "," ","0",217," "," ","0",106," "," ","0",228," "," ","0",206," "," ","0",244," "," ","0",278," "," ","0",239," "," ","0",278," "," ","0",300," "," ","0",289," "," ","0",256," "," ","0",106," "," ","0",156," "," ","0"
"2648","USC00413787",1983,5,"PRCP",0,"P"," ","0",3," "," ","0",0,"P"," ","0",0,"P"," ","0",0,"P"," ","0",0,"P"," ","0",0,"P"," ","0",0,"P"," ","0",0,"P"," ","0",NA," "," "," ",NA," "," "," ",NA," "," "," ",NA," "," "," ",18," "," ","0",3," "," ","0",0,"P"," ","0",0,"P"," ","0",0,"P"," ","0",0,"P"," ","0",43," "," ","0",46," "," ","0",0,"P"," ","0",0,"P"," ","0",0,"P"," ","0",0,"P"," ","0",124," "," ","0",0,"P"," ","0",0,"P"," ","0",0,"P"," ","0",130," "," ","0",0,"P"," ","0"
"2649","USC00413787",1983,5,"SNOW",0,"P"," ","0",0,"P"," ","0",0,"P"," ","0",0,"P"," ","0",0,"P"," ","0",0,"P"," ","0",0,"P"," ","0",0,"P"," ","0",0,"P"," ","0",0,"P"," ","0",0,"P"," ","0",0,"P"," ","0",0,"P"," ","0",0,"P"," ","0",0,"P"," ","0",0,"P"," ","0",0,"P"," ","0",0,"P"," ","0",0,"P"," ","0",0,"P"," ","0",0,"P"," ","0",0,"P"," ","0",0,"P"," ","0",0,"P"," ","0",0,"P"," ","0",0,"P"," ","0",0,"P"," ","0",0,"P"," ","0",0,"P"," ","0",0,"P"," ","0",0,"P"," ","0"
"2650","USC00413787",1983,5,"SNWD",0,"P"," ","0",0,"P"," ","0",0,"P"," ","0",0,"P"," ","0",0,"P"," ","0",0,"P"," ","0",0,"P"," ","0",0,"P"," ","0",0,"P"," ","0",0,"P"," ","0",0,"P"," ","0",0,"P"," ","0",0,"P"," ","0",0,"P"," ","0",0,"P"," ","0",0,"P"," ","0",0,"P"," ","0",0,"P"," ","0",0,"P"," ","0",0,"P"," ","0",0,"P"," ","0",0,"P"," ","0",0,"P"," ","0",0,"P"," ","0",0,"P"," ","0",0,"P"," ","0",0,"P"," ","0",0,"P"," ","0",0,"P"," ","0",0,"P"," ","0",0,"P"," ","0"
"2651","USC00413787",1983,5,"DAPR",NA," "," "," ",NA," "," "," ",NA," "," "," ",NA," "," "," ",NA," "," "," ",NA," "," "," ",NA," "," "," ",NA," "," "," ",NA," "," "," ",NA," "," "," ",NA," "," "," ",NA," "," "," ",4," "," ","0",NA," "," "," ",NA," "," "," ",NA," "," "," ",NA," "," "," ",NA," "," "," ",NA," "," "," ",NA," "," "," ",NA," "," "," ",NA," "," "," ",NA," "," "," ",NA," "," "," ",NA," "," "," ",NA," "," "," ",NA," "," "," ",NA," "," "," ",NA," "," "," ",NA," "," "," ",NA," "," "," "
"2652","USC00413787",1983,5,"MDPR",NA," "," "," ",NA," "," "," ",NA," "," "," ",NA," "," "," ",NA," "," "," ",NA," "," "," ",NA," "," "," ",NA," "," "," ",NA," "," "," ",NA," "," "," ",NA," "," "," ",NA," "," "," ",203," "," ","0",NA," "," "," ",NA," "," "," ",NA," "," "," ",NA," "," "," ",NA," "," "," ",NA," "," "," ",NA," "," "," ",NA," "," "," ",NA," "," "," ",NA," "," "," ",NA," "," "," ",NA," "," "," ",NA," "," "," ",NA," "," "," ",NA," "," "," ",NA," "," "," ",NA," "," "," ",NA," "," "," "
"2653","USC00413787",1983,6,"TMAX",217," "," ","0",311," "," ","0",311," "," ","0",300," "," ","0",294," "," ","0",183," "," ","0",228," "," ","0",283," "," ","0",289," "," ","0",283," "," ","0",278," "," ","0",311," "," ","0",300," "," ","0",256," "," ","0",283," "," ","0",300," "," ","0",294," "," ","0",333," "," ","0",356," "," ","0",361," "," ","0",344," "," ","0",344," "," ","0",333," "," ","0",317," "," ","0",311," "," ","0",300," "," ","0",322," "," ","0",311," "," ","0",350," "," ","0",383," "," ","0",NA," "," "," "
"2654","USC00413787",1983,6,"TMIN",83," "," ","0",122," "," ","0",117," "," ","0",89," "," ","0",139," "," ","0",94," "," ","0",78," "," ","0",89," "," ","0",122," "," ","0",128," "," ","0",122," "," ","0",183," "," ","0",144," "," ","0",106," "," ","0",106," "," ","0",144," "," ","0",144," "," ","0",161," "," ","0",200," "," ","0",200," "," ","0",200," "," ","0",172," "," ","0",161," "," ","0",144," "," ","0",167," "," ","0",156," "," ","0",150," "," ","0",139," "," ","0",128," "," ","0",211," "," ","0",NA," "," "," "
"2655","USC00413787",1983,6,"TOBS",217," "," ","0",311," "," ","0",294," "," ","0",294," "," ","0",150," "," ","0",167," "," ","0",217," "," ","0",272," "," ","0",261," "," ","0",272," "," ","0",272," "," ","0",300," "," ","0",206," "," ","0",250," "," ","0",272," "," ","0",283," "," ","0",289," "," ","0",328," "," ","0",350," "," ","0",339," "," ","0",333," "," ","0",333," "," ","0",311," "," ","0",283," "," ","0",300," "," ","0",278," "," ","0",311," "," ","0",183," "," ","0",350," "," ","0",372," "," ","0",NA," "," "," "
"2656","USC00413787",1983,6,"PRCP",46," "," ","0",0,"P"," ","0",0,"P"," ","0",0,"P"," ","0",61," "," ","0",25," "," ","0",0,"P"," ","0",0,"P"," ","0",20," "," ","0",160," "," ","0",335," "," ","0",0,"P"," ","0",0,"P"," ","0",0,"P"," ","0",0,"P"," ","0",18," "," ","0",175," "," ","0",5," "," ","0",0,"P"," ","0",0,"P"," ","0",0,"P"," ","0",0,"P"," ","0",0,"P"," ","0",0,"P"," ","0",0,"P"," ","0",0,"P"," ","0",NA," "," "," ",91," "," ","0",0,"P"," ","0",NA," "," "," ",NA," "," "," "
"2657","USC00413787",1983,6,"SNOW",0,"P"," ","0",0,"P"," ","0",0,"P"," ","0",0,"P"," ","0",0,"P"," ","0",0,"P"," ","0",0,"P"," ","0",0,"P"," ","0",0,"P"," ","0",0,"P"," ","0",0,"P"," ","0",0,"P"," ","0",0,"P"," ","0",0,"P"," ","0",0,"P"," ","0",0,"P"," ","0",0,"P"," ","0",0,"P"," ","0",0,"P"," ","0",0,"P"," ","0",0,"P"," ","0",0,"P"," ","0",0,"P"," ","0",0,"P"," ","0",0,"P"," ","0",0,"P"," ","0",0,"P"," ","0",0,"P"," ","0",0,"P"," ","0",NA," "," "," ",NA," "," "," "
"2658","USC00413787",1983,6,"SNWD",0,"P"," ","0",0,"P"," ","0",0,"P"," ","0",0,"P"," ","0",0,"P"," ","0",0,"P"," ","0",0,"P"," ","0",0,"P"," ","0",0,"P"," ","0",0,"P"," ","0",0,"P"," ","0",0,"P"," ","0",0,"P"," ","0",0,"P"," ","0",0,"P"," ","0",0,"P"," ","0",0,"P"," ","0",0,"P"," ","0",0,"P"," ","0",0,"P"," ","0",0,"P"," ","0",0,"P"," ","0",0,"P"," ","0",0,"P"," ","0",0,"P"," ","0",0,"P"," ","0",0,"P"," ","0",0,"P"," ","0",0,"P"," ","0",NA," "," "," ",NA," "," "," "
"2659","USC00413787",1983,7,"TMAX",378," "," ","0",383," "," ","0",383," "," ","0",361," "," ","0",322," "," ","0",339," "," ","0",339," "," ","0",344," "," ","0",350," "," ","0",356," "," ","0",361," "," ","0",350," "," ","0",350," "," ","0",333," "," ","0",339," "," ","0",333," "," ","0",344," "," ","0",361," "," ","0",367," "," ","0",350," "," ","0",361," "," ","0",372," "," ","0",378," "," ","0",372," "," ","0",361," "," ","0",367," "," ","0",378," "," ","0",372," "," ","0",361," "," ","0",356," "," ","0",356," "," ","0"
"2660","USC00413787",1983,7,"TMIN",172," "," ","0",228," "," ","0",233," "," ","0",189," "," ","0",128," "," ","0",144," "," ","0",161," "," ","0",167," "," ","0",167," "," ","0",183," "," ","0",183," "," ","0",183," "," ","0",167," "," ","0",189," "," ","0",178," "," ","0",194," "," ","0",194," "," ","0",189," "," ","0",183," "," ","0",200," "," ","0",183," "," ","0",189," "," ","0",172," "," ","0",189," "," ","0",183," "," ","0",167," "," ","0",178," "," ","0",194," "," ","0",183," "," ","0",178," "," ","0",189," "," ","0"
"2661","USC00413787",1983,7,"TOBS",372," "," ","0",378," "," ","0",356," "," ","0",300," "," ","0",317," "," ","0",328," "," ","0",328," "," ","0",333," "," ","0",344," "," ","0",350," "," ","0",350," "," ","0",322," "," ","0",333," "," ","0",261," "," ","0",328," "," ","0",322," "," ","0",344," "," ","0",356," "," ","0",350," "," ","0",294," "," ","0",350," "," ","0",361," "," ","0",372," "," ","0",361," "," ","0",256," "," ","0",356," "," ","0",350," "," ","0",333," "," ","0",322," "," ","0",344," "," ","0",328," "," ","0"
"2662","USC00413787",1983,7,"PRCP",0,"P"," ","0",0,"P"," ","0",0,"P"," ","0",0,"P"," ","0",0,"P"," ","0",0,"P"," ","0",0,"P"," ","0",0,"P"," ","0",0,"P"," ","0",0,"P"," ","0",0,"P"," ","0",20," "," ","0",0,"P"," ","0",0,"P"," ","0",0,"P"," ","0",0,"P"," ","0",0,"P"," ","0",0,"P"," ","0",0,"P"," ","0",0,"P"," ","0",0,"P"," ","0",0,"P"," ","0",0,"P"," ","0",0,"P"," ","0",46," "," ","0",15," "," ","0",0,"P"," ","0",0,"P"," ","0",28," "," ","0",0,"P"," ","0",0,"P"," ","0"
"2663","USC00413787",1983,7,"SNOW",0,"P"," ","0",0,"P"," ","0",0,"P"," ","0",0,"P"," ","0",0,"P"," ","0",0,"P"," ","0",0,"P"," ","0",0,"P"," ","0",0,"P"," ","0",0,"P"," ","0",0,"P"," ","0",0,"P"," ","0",0,"P"," ","0",0,"P"," ","0",0,"P"," ","0",0,"P"," ","0",0,"P"," ","0",0,"P"," ","0",0,"P"," ","0",0,"P"," ","0",0,"P"," ","0",0,"P"," ","0",0,"P"," ","0",0,"P"," ","0",0,"P"," ","0",0,"P"," ","0",0,"P"," ","0",0,"P"," ","0",0,"P"," ","0",0,"P"," ","0",0,"P"," ","0"
"2664","USC00413787",1983,7,"SNWD",0,"P"," ","0",0,"P"," ","0",0,"P"," ","0",0,"P"," ","0",0,"P"," ","0",0,"P"," ","0",0,"P"," ","0",0,"P"," ","0",0,"P"," ","0",0,"P"," ","0",0,"P"," ","0",0,"P"," ","0",0,"P"," ","0",0,"P"," ","0",0,"P"," ","0",0,"P"," ","0",0,"P"," ","0",0,"P"," ","0",0,"P"," ","0",0,"P"," ","0",0,"P"," ","0",0,"P"," ","0",0,"P"," ","0",0,"P"," ","0",0,"P"," ","0",0,"P"," ","0",0,"P"," ","0",0,"P"," ","0",0,"P"," ","0",0,"P"," ","0",0,"P"," ","0"
"2665","USC00413787",1983,8,"TMAX",361," "," ","0",350," "," ","0",378," "," ","0",361," "," ","0",350," "," ","0",378," "," ","0",344," ","I","0",344," "," ","0",350," "," ","0",356," "," ","0",378," "," ","0",389," "," ","0",389," "," ","0",383," "," ","0",394," "," ","0",394," "," ","0",389," "," ","0",383," "," ","0",361," "," ","0",361," "," ","0",394," "," ","0",389," "," ","0",372," "," ","0",367," "," ","0",383," "," ","0",378," "," ","0",378," "," ","0",372," "," ","0",372," "," ","0",389," "," ","0",372," "," ","0"
"2666","USC00413787",1983,8,"TMIN",167," "," ","0",183," "," ","0",211," "," ","0",189," "," ","0",161," "," ","0",183," "," ","0",183," "," ","0",167," "," ","0",161," "," ","0",167," "," ","0",183," "," ","0",200," "," ","0",194," "," ","0",183," "," ","0",183," "," ","0",172," "," ","0",183," "," ","0",194," "," ","0",178," "," ","0",156," "," ","0",206," "," ","0",189," "," ","0",167," "," ","0",178," "," ","0",194," "," ","0",178," "," ","0",161," "," ","0",211," "," ","0",200," "," ","0",183," "," ","0",194," "," ","0"
"2667","USC00413787",1983,8,"TOBS",350," "," ","0",339," "," ","0",356," "," ","0",344," "," ","0",344," "," ","0",361," ","I","0",333," "," ","0",322," "," ","0",328," "," ","0",344," "," ","0",361," "," ","0",361," "," ","0",361," "," ","0",367," "," ","0",367," "," ","0",378," "," ","0",378," "," ","0",361," "," ","0",294," "," ","0",350," "," ","0",356," "," ","0",361," "," ","0",367," "," ","0",350," "," ","0",367," "," ","0",372," "," ","0",356," "," ","0",267," "," ","0",344," "," ","0",367," "," ","0",306," "," ","0"
"2668","USC00413787",1983,8,"PRCP",0,"P"," ","0",0,"P"," ","0",0,"P"," ","0",0,"P"," ","0",0,"P"," ","0",0,"P"," ","0",53," "," ","0",0,"P"," ","0",0,"P"," ","0",0,"P"," ","0",0,"P"," ","0",0,"P"," ","0",0,"P"," ","0",0,"P"," ","0",0,"P"," ","0",0,"P"," ","0",0,"P"," ","0",0,"P"," ","0",0,"P"," ","0",0,"P"," ","0",0,"P"," ","0",0,"T"," ","0",0,"P"," ","0",0,"P"," ","0",0,"P"," ","0",0,"P"," ","0",0,"P"," ","0",8," "," ","0",0,"P"," ","0",0,"P"," ","0",28," "," ","0"
"2669","USC00413787",1983,8,"SNOW",0,"P"," ","0",0,"P"," ","0",0,"P"," ","0",0,"P"," ","0",0,"P"," ","0",0,"P"," ","0",0,"P"," ","0",0,"P"," ","0",0,"P"," ","0",0,"P"," ","0",0,"P"," ","0",0,"P"," ","0",0,"P"," ","0",0,"P"," ","0",0,"P"," ","0",0,"P"," ","0",0,"P"," ","0",0,"P"," ","0",0,"P"," ","0",0,"P"," ","0",0,"P"," ","0",0,"P"," ","0",0,"P"," ","0",0,"P"," ","0",0,"P"," ","0",0,"P"," ","0",0,"P"," ","0",0,"P"," ","0",0,"P"," ","0",0,"P"," ","0",0,"P"," ","0"
"2670","USC00413787",1983,8,"SNWD",0,"P"," ","0",0,"P"," ","0",0,"P"," ","0",0,"P"," ","0",0,"P"," ","0",0,"P"," ","0",0,"P"," ","0",0,"P"," ","0",0,"P"," ","0",0,"P"," ","0",0,"P"," ","0",0,"P"," ","0",0,"P"," ","0",0,"P"," ","0",0,"P"," ","0",0,"P"," ","0",0,"P"," ","0",0,"P"," ","0",0,"P"," ","0",0,"P"," ","0",0,"P"," ","0",0,"P"," ","0",0,"P"," ","0",0,"P"," ","0",0,"P"," ","0",0,"P"," ","0",0,"P"," ","0",0,"P"," ","0",0,"P"," ","0",0,"P"," ","0",0,"P"," ","0"
"2671","USC00413787",1983,9,"TMAX",344," "," ","0",356," "," ","0",372," "," ","0",394," "," ","0",350," "," ","0",344," "," ","0",367," "," ","0",356," "," ","0",356," "," ","0",356," "," ","0",328," ","I","0",317," "," ","0",222," "," ","0",300," "," ","0",294," "," ","0",361," "," ","0",372," "," ","0",356," "," ","0",383," "," ","0",361," "," ","0",211," "," ","0",217," "," ","0",283," "," ","0",350," "," ","0",306," "," ","0",322," "," ","0",328," "," ","0",306," "," ","0",300," "," ","0",278," "," ","0",NA," "," "," "
"2672","USC00413787",1983,9,"TMIN",167," "," ","0",161," "," ","0",156," "," ","0",211," "," ","0",156," "," ","0",156," "," ","0",144," "," ","0",172," "," ","0",200," "," ","0",156," "," ","0",178," "," ","0",156," "," ","0",122," "," ","0",128," "," ","0",172," "," ","0",111," "," ","0",200," "," ","0",161," "," ","0",194," "," ","0",44," "," ","0",-22," "," ","0",33," "," ","0",-6," "," ","0",139," "," ","0",156," "," ","0",89," "," ","0",128," "," ","0",172," "," ","0",156," "," ","0",156," "," ","0",NA," "," "," "
"2673","USC00413787",1983,9,"TOBS",339," "," ","0",344," "," ","0",367," "," ","0",306," "," ","0",344," "," ","0",317," "," ","0",356," "," ","0",317," "," ","0",344," "," ","0",339," ","I","0",317," "," ","0",211," "," ","0",200," "," ","0",294," "," ","0",278," "," ","0",350," "," ","0",356," "," ","0",333," "," ","0",361," "," ","0",117," "," ","0",217," "," ","0",200," "," ","0",272," "," ","0",306," "," ","0",272," "," ","0",300," "," ","0",306," "," ","0",289," "," ","0",261," "," ","0",267," "," ","0",NA," "," "," "
"2674","USC00413787",1983,9,"PRCP",0,"P"," ","0",0,"P"," ","0",0,"P"," ","0",0,"P"," ","0",76," "," ","0",0,"P"," ","0",0,"P"," ","0",0,"P"," ","0",0,"P"," ","0",0,"P"," ","0",0,"P"," ","0",0,"P"," ","0",5," "," ","0",0,"P"," ","0",0,"P"," ","0",0,"P"," ","0",0,"P"," ","0",0,"P"," ","0",0,"P"," ","0",0,"P"," ","0",0,"P"," ","0",0,"P"," ","0",0,"P"," ","0",0,"P"," ","0",13," "," ","0",0,"P"," ","0",0,"P"," ","0",0,"P"," ","0",0,"P"," ","0",0,"P"," ","0",NA," "," "," "
"2675","USC00413787",1983,9,"SNOW",0,"P"," ","0",0,"P"," ","0",0,"P"," ","0",0,"P"," ","0",0,"P"," ","0",0,"P"," ","0",0,"P"," ","0",0,"P"," ","0",0,"P"," ","0",0,"P"," ","0",0,"P"," ","0",0,"P"," ","0",0,"P"," ","0",0,"P"," ","0",0,"P"," ","0",0,"P"," ","0",0,"P"," ","0",0,"P"," ","0",0,"P"," ","0",0,"P"," ","0",0,"P"," ","0",0,"P"," ","0",0,"P"," ","0",0,"P"," ","0",0,"P"," ","0",0,"P"," ","0",0,"P"," ","0",0,"P"," ","0",0,"P"," ","0",0,"P"," ","0",NA," "," "," "
"2676","USC00413787",1983,9,"SNWD",0,"P"," ","0",0,"P"," ","0",0,"P"," ","0",0,"P"," ","0",0,"P"," ","0",0,"P"," ","0",0,"P"," ","0",0,"P"," ","0",0,"P"," ","0",0,"P"," ","0",0,"P"," ","0",0,"P"," ","0",0,"P"," ","0",0,"P"," ","0",0,"P"," ","0",0,"P"," ","0",0,"P"," ","0",0,"P"," ","0",0,"P"," ","0",0,"P"," ","0",0,"P"," ","0",0,"P"," ","0",0,"P"," ","0",0,"P"," ","0",0,"P"," ","0",0,"P"," ","0",0,"P"," ","0",0,"P"," ","0",0,"P"," ","0",0,"P"," ","0",NA," "," "," "
"2677","USC00413787",1983,10,"TMAX",328," "," ","0",322," "," ","0",267," "," ","0",256," "," ","0",300," "," ","0",322," "," ","0",294," "," ","0",250," "," ","0",200," "," ","0",294," "," ","0",228," "," ","0",167," "," ","0",239," "," ","0",294," "," ","0",283," "," ","0",250," "," ","0",183," "," ","0",256," "," ","0",217," "," ","0",128," "," ","0",128," "," ","0",206," "," ","0",267," "," ","0",250," "," ","0",167," "," ","0",239," "," ","0",250," "," ","0",250," "," ","0",206," "," ","0",233," "," ","0",250," "," ","0"
"2678","USC00413787",1983,10,"TMIN",133," "," ","0",167," "," ","0",72," "," ","0",72," "," ","0",50," "," ","0",144," "," ","0",139," "," ","0",111," "," ","0",106," "," ","0",133," "," ","0",100," "," ","0",33," "," ","0",11," "," ","0",100," "," ","0",61," "," ","0",61," "," ","0",100," "," ","0",111," "," ","0",89," "," ","0",50," "," ","0",61," "," ","0",0," "," ","0",17," "," ","0",78," "," ","0",28," "," ","0",17," "," ","0",33," "," ","0",100," "," ","0",67," "," ","0",17," "," ","0",106," "," ","0"
"2679","USC00413787",1983,10,"TOBS",239," "," ","0",267," "," ","0",250," "," ","0",233," "," ","0",278," "," ","0",294," "," ","0",256," "," ","0",128," "," ","0",200," "," ","0",228," "," ","0",161," "," ","0",161," "," ","0",228," "," ","0",272," "," ","0",250," "," ","0",161," "," ","0",178," "," ","0",222," "," ","0",100," "," ","0",83," "," ","0",117," "," ","0",183," "," ","0",256," "," ","0",94," "," ","0",144," "," ","0",211," "," ","0",222," "," ","0",206," "," ","0",150," "," ","0",183," "," ","0",189," "," ","0"
"2680","USC00413787",1983,10,"PRCP",0,"P"," ","0",0,"P"," ","0",0,"P"," ","0",0,"P"," ","0",0,"P"," ","0",0,"P"," ","0",0,"P"," ","0",3," "," ","0",33," "," ","0",0,"P"," ","0",0,"P"," ","0",0,"P"," ","0",0,"P"," ","0",0,"P"," ","0",0,"P"," ","0",0,"P"," ","0",8," "," ","0",0,"P"," ","0",15," "," ","0",206," "," ","0",58," "," ","0",3," "," ","0",0,"P"," ","0",0,"T"," ","0",0,"P"," ","0",0,"P"," ","0",0,"P"," ","0",0,"P"," ","0",0,"P"," ","0",0,"P"," ","0",0,"P"," ","0"
"2681","USC00413787",1983,10,"SNOW",0,"P"," ","0",0,"P"," ","0",0,"P"," ","0",0,"P"," ","0",0,"P"," ","0",0,"P"," ","0",0,"P"," ","0",0,"P"," ","0",0,"P"," ","0",0,"P"," ","0",0,"P"," ","0",0,"P"," ","0",0,"P"," ","0",0,"P"," ","0",0,"P"," ","0",0,"P"," ","0",0,"P"," ","0",0,"P"," ","0",0,"P"," ","0",0,"P"," ","0",0,"P"," ","0",0,"P"," ","0",0,"P"," ","0",0,"P"," ","0",0,"P"," ","0",0,"P"," ","0",0,"P"," ","0",0,"P"," ","0",0,"P"," ","0",0,"P"," ","0",0,"P"," ","0"
"2682","USC00413787",1983,10,"SNWD",0," "," ","0",0,"P"," ","0",0,"P"," ","0",0,"P"," ","0",0,"P"," ","0",0,"P"," ","0",0,"P"," ","0",0,"P"," ","0",0,"P"," ","0",0,"P"," ","0",0,"P"," ","0",0,"P"," ","0",0,"P"," ","0",0,"P"," ","0",0,"P"," ","0",0,"P"," ","0",0,"P"," ","0",0,"P"," ","0",0,"P"," ","0",0,"P"," ","0",0,"P"," ","0",0,"P"," ","0",0,"P"," ","0",0,"P"," ","0",0,"P"," ","0",0,"P"," ","0",0,"P"," ","0",0,"P"," ","0",0,"P"," ","0",0,"P"," ","0",0,"P"," ","0"
"2683","USC00413787",1983,10,"WT01",NA," "," "," ",NA," "," "," ",NA," "," "," ",NA," "," "," ",NA," "," "," ",NA," "," "," ",NA," "," "," ",1," "," ","0",NA," "," "," ",NA," "," "," ",NA," "," "," ",NA," "," "," ",NA," "," "," ",NA," "," "," ",NA," "," "," ",NA," "," "," ",NA," "," "," ",NA," "," "," ",NA," "," "," ",NA," "," "," ",NA," "," "," ",NA," "," "," ",NA," "," "," ",1," "," ","0",NA," "," "," ",NA," "," "," ",NA," "," "," ",NA," "," "," ",NA," "," "," ",1," "," ","0",NA," "," "," "
"2684","USC00413787",1983,11,"TMAX",272," "," ","0",244," "," ","0",256," "," ","0",261," "," ","0",189," "," ","0",189," "," ","0",250," "," ","0",206," "," ","0",94," "," ","0",111," "," ","0",200," "," ","0",183," "," ","0",244," "," ","0",161," "," ","0",167," "," ","0",217," "," ","0",194," "," ","0",200," "," ","0",128," "," ","0",183," "," ","0",233," "," ","0",167," "," ","0",72," "," ","0",122," "," ","0",217," "," ","0",161," "," ","0",-39," "," ","0",56," "," ","0",67," "," ","0",11," "," ","0",NA," "," "," "
"2685","USC00413787",1983,11,"TMIN",133," "," ","0",122," "," ","0",117," "," ","0",67," "," ","0",78," "," ","0",117," "," ","0",44," "," ","0",83," "," ","0",0," "," ","0",-56," "," ","0",-22," "," ","0",11," "," ","0",-11," "," ","0",11," "," ","0",-28," "," ","0",-22," "," ","0",17," "," ","0",89," "," ","0",17," "," ","0",-39," "," ","0",28," "," ","0",6," "," ","0",-44," "," ","0",-72," "," ","0",-17," "," ","0",-56," "," ","0",-94," "," ","0",-89," "," ","0",-67," "," ","0",-83," "," ","0",NA," "," "," "
"2686","USC00413787",1983,11,"TOBS",211," "," ","0",189," "," ","0",144," "," ","0",139," "," ","0",183," "," ","0",144," "," ","0",194," "," ","0",94," "," ","0",100," "," ","0",72," "," ","0",139," "," ","0",139," "," ","0",161," "," ","0",94," "," ","0",106," "," ","0",122," "," ","0",111," "," ","0",128," "," ","0",72," "," ","0",156," "," ","0",167," "," ","0",17," "," ","0",39," "," ","0",78," "," ","0",167," "," ","0",-44," "," ","0",-67," "," ","0",17," "," ","0",0," "," ","0",-39," "," ","0",NA," "," "," "
"2687","USC00413787",1983,11,"PRCP",0,"P"," ","0",0,"P"," ","0",0,"P"," ","0",0,"P"," ","0",0,"P"," ","0",0,"P"," ","0",0,"P"," ","0",0,"P"," ","0",30," "," ","0",0,"P"," ","0",0,"P"," ","0",0,"P"," ","0",0,"P"," ","0",0,"P"," ","0",0,"P"," ","0",0,"P"," ","0",0,"P"," ","0",0,"P"," ","0",84," "," ","0",0,"T"," ","0",0,"P"," ","0",10," "," ","0",0,"P"," ","0",0,"P"," ","0",0,"P"," ","0",0,"T"," ","0",0,"T"," ","0",0,"P"," ","0",0,"P"," ","0",0,"P"," ","0",NA," "," "," "
"2688","USC00413787",1983,11,"SNOW",0,"P"," ","0",0,"P"," ","0",0,"P"," ","0",0,"P"," ","0",0,"P"," ","0",0,"P"," ","0",0,"P"," ","0",0,"P"," ","0",0,"P"," ","0",0,"P"," ","0",0,"P"," ","0",0,"P"," ","0",0,"P"," ","0",0,"P"," ","0",0,"P"," ","0",0,"P"," ","0",0,"P"," ","0",0,"P"," ","0",0,"P"," ","0",0,"P"," ","0",0,"P"," ","0",0,"P"," ","0",0,"P"," ","0",0,"P"," ","0",0,"P"," ","0",0,"T"," ","0",25," "," ","0",0,"P"," ","0",0,"P"," ","0",0,"P"," ","0",NA," "," "," "
"2689","USC00413787",1983,11,"SNWD",0,"P"," ","0",0,"P"," ","0",0,"P"," ","0",0,"P"," ","0",0,"P"," ","0",0,"P"," ","0",0,"P"," ","0",0,"P"," ","0",0,"P"," ","0",0,"P"," ","0",0,"P"," ","0",0,"P"," ","0",0,"P"," ","0",0,"P"," ","0",0,"P"," ","0",0,"P"," ","0",0,"P"," ","0",0,"P"," ","0",0,"P"," ","0",0,"P"," ","0",0,"P"," ","0",0,"P"," ","0",0,"P"," ","0",0,"P"," ","0",0,"P"," ","0",NA," "," "," ",NA," "," "," ",0," "," ","0",0,"P"," ","0",0,"P"," ","0",NA," "," "," "
"2690","USC00413787",1983,11,"WT01",NA," "," "," ",NA," "," "," ",NA," "," "," ",NA," "," "," ",NA," "," "," ",NA," "," "," ",1," "," ","0",NA," "," "," ",NA," "," "," ",NA," "," "," ",NA," "," "," ",NA," "," "," ",NA," "," "," ",NA," "," "," ",NA," "," "," ",NA," "," "," ",NA," "," "," ",NA," "," "," ",NA," "," "," ",NA," "," "," ",NA," "," "," ",NA," "," "," ",NA," "," "," ",NA," "," "," ",NA," "," "," ",NA," "," "," ",NA," "," "," ",NA," "," "," ",NA," "," "," ",NA," "," "," ",NA," "," "," "
"2691","USC00413787",1983,12,"TMAX",122," "," ","0",72," "," ","0",28," "," ","0",178," "," ","0",133," "," ","0",100," "," ","0",178," "," ","0",156," "," ","0",117," "," ","0",183," "," ","0",133," "," ","0",144," "," ","0",83," "," ","0",78," "," ","0",28," "," ","0",50," "," ","0",-11," "," ","0",-106," "," ","0",-122," "," ","0",-139," "," ","0",-144," "," ","0",-128," "," ","0",-167," ","I","0",-144," "," ","0",-100," "," ","0",0," "," ","0",-17," "," ","0",-67," "," ","0",-56," "," ","0",17," "," ","0",72," "," ","0"
"2692","USC00413787",1983,12,"TMIN",-83," "," ","0",-22," "," ","0",-56," "," ","0",-56," "," ","0",-33," "," ","0",-100," "," ","0",-39," "," ","0",-67," "," ","0",-44," "," ","0",6," "," ","0",-11," "," ","0",-17," "," ","0",-33," "," ","0",-39," "," ","0",-83," "," ","0",-122," "," ","0",-144," "," ","0",-167," "," ","0",-172," "," ","0",-178," "," ","0",-189," "," ","0",-222," "," ","0",-211," "," ","0",-206," "," ","0",-206," "," ","0",-144," "," ","0",-128," "," ","0",-144," "," ","0",-244," "," ","0",-200," "," ","0",-72," "," ","0"
"2693","USC00413787",1983,12,"TOBS",72," "," ","0",-6," "," ","0",-6," "," ","0",133," "," ","0",-22," "," ","0",22," "," ","0",56," "," ","0",94," "," ","0",39," "," ","0",106," "," ","0",89," "," ","0",72," "," ","0",50," "," ","0",28," "," ","0",-33," "," ","0",-17," "," ","0",-128," "," ","0",-122," "," ","0",-156," "," ","0",-150," "," ","0",-172," "," ","0",-144," "," ","0",-156," "," ","0",-167," "," ","0",-122," "," ","0",-39," "," ","0",-67," "," ","0",-133," "," ","0",-111," "," ","0",-6," "," ","0",22," "," ","0"
"2694","USC00413787",1983,12,"PRCP",0,"P"," ","0",0,"T"," ","0",127," "," ","0",0,"P"," ","0",0,"P"," ","0",0,"P"," ","0",0,"P"," ","0",0,"P"," ","0",0,"P"," ","0",0,"P"," ","0",0,"P"," ","0",0,"P"," ","0",0,"P"," ","0",0,"P"," ","0",0,"T"," ","0",0,"P"," ","0",0,"T"," ","0",0,"P"," ","0",0,"P"," ","0",0,"T"," ","0",0,"T"," ","0",0,"P"," ","0",0,"P"," ","0",0,"P"," ","0",36," "," ","0",0,"P"," ","0",0,"P"," ","0",58," "," ","0",NA," "," "," ",NA," "," "," ",0,"P"," ","0"
"2695","USC00413787",1983,12,"SNOW",0,"P"," ","0",0,"P"," ","0",43," "," ","0",0,"P"," ","0",0,"P"," ","0",0,"P"," ","0",0,"P"," ","0",0,"P"," ","0",0,"P"," ","0",0,"P"," ","0",0,"P"," ","0",0,"P"," ","0",0,"P"," ","0",0,"P"," ","0",0,"T"," ","0",0,"P"," ","0",13," "," ","0",0,"P"," ","0",0,"P"," ","0",25," "," ","0",0,"T"," ","0",0,"P"," ","0",0,"P"," ","0",0,"P"," ","0",51," "," ","0",0,"P"," ","0",0,"P"," ","0",127," "," ","0",NA," "," "," ",NA," "," "," ",0,"P"," ","0"
"2696","USC00413787",1983,12,"SNWD",NA," "," "," ",NA," "," "," ",NA," "," "," ",NA," "," "," ",NA," "," "," ",NA," "," "," ",NA," "," "," ",NA," "," "," ",NA," "," "," ",NA," "," "," ",NA," "," "," ",NA," "," "," ",NA," "," "," ",NA," "," "," ",NA," "," "," ",NA," "," "," ",NA," "," "," ",NA," "," "," ",NA," "," "," ",NA," "," "," ",NA," "," "," ",NA," "," "," ",NA," "," "," ",NA," "," "," ",NA," "," "," ",NA," "," "," ",NA," "," "," ",NA," "," "," ",NA," "," "," ",NA," "," "," ",0," "," ","0"
"2697","USC00413787",1984,1,"TMAX",72," "," ","0",89," "," ","0",133," "," ","0",156," "," ","0",206," "," ","0",167," "," ","0",189," "," ","0",194," "," ","0",NA," "," "," ",NA," "," "," ",172," "," ","0",111," "," ","0",22," "," ","0",-17," "," ","0",-11," "," ","0",33," "," ","0",-39," "," ","0",-111," "," ","0",-50," "," ","0",-89," "," ","0",17," "," ","0",22," "," ","0",72," "," ","0",72," "," ","0",144," "," ","0",106," "," ","0",111," "," ","0",161," "," ","0",156," "," ","0",128," "," ","0",183," "," ","0"
"2698","USC00413787",1984,1,"TMIN",-22," "," ","0",-56," "," ","0",-33," "," ","0",-44," "," ","0",-6," "," ","0",-6," "," ","0",-22," "," ","0",-17," "," ","0",NA," "," "," ",NA," "," "," ",-83," "," ","0",-39," "," ","0",-94," "," ","0",-94," "," ","0",-94," "," ","0",-139," "," ","0",-133," "," ","0",-206," "," ","0",-250," "," ","0",-167," "," ","0",-200," "," ","0",-78," "," ","0",-133," "," ","0",-94," "," ","0",-50," "," ","0",-11," "," ","0",-50," "," ","0",-22," "," ","0",-17," "," ","0",-50," "," ","0",-56," "," ","0"
"2699","USC00413787",1984,1,"TOBS",39," "," ","0",22," "," ","0",67," "," ","0",94," "," ","0",111," "," ","0",100," "," ","0",100," "," ","0",144," "," ","0",NA," "," "," ",NA," "," "," ",106," "," ","0",-28," "," ","0",-17," "," ","0",-67," "," ","0",-67," "," ","0",-39," "," ","0",-122," "," ","0",-161," "," ","0",-111," "," ","0",-150," "," ","0",-17," "," ","0",0," "," ","0",17," "," ","0",39," "," ","0",72," "," ","0",56," "," ","0",83," "," ","0",100," "," ","0",128," "," ","0",67," "," ","0",128," "," ","0"
"2700","USC00413787",1984,1,"PRCP",0,"P"," ","0",0,"P"," ","0",0,"P"," ","0",0,"P"," ","0",0,"P"," ","0",0,"P"," ","0",0,"P"," ","0",0,"P"," ","0",0," "," ","0",0," "," ","0",0,"P"," ","0",0,"P"," ","0",0,"P"," ","0",0,"T"," ","0",0,"P"," ","0",0,"P"," ","0",41," "," ","0",0,"P"," ","0",0,"P"," ","0",0,"T"," ","0",0,"P"," ","0",0,"P"," ","0",0,"P"," ","0",0,"P"," ","0",0,"P"," ","0",0,"P"," ","0",0,"P"," ","0",0,"P"," ","0",0,"P"," ","0",0,"P"," ","0",0,"P"," ","0"
"2701","USC00413787",1984,1,"SNOW",0,"P"," ","0",0,"P"," ","0",0,"P"," ","0",0,"P"," ","0",0,"P"," ","0",0,"P"," ","0",0,"P"," ","0",0,"P"," ","0",0,"P"," ","0",0,"P"," ","0",0,"P"," ","0",0,"P"," ","0",0,"P"," ","0",0,"T"," ","0",0,"P"," ","0",0,"P"," ","0",NA," "," "," ",0,"P"," ","0",0," "," ","0",NA," "," "," ",0,"P"," ","0",0,"P"," ","0",0,"P"," ","0",0,"P"," ","0",0,"P"," ","0",0,"P"," ","0",0,"P"," ","0",0,"P"," ","0",0,"P"," ","0",0,"P"," ","0",0,"P"," ","0"
"2702","USC00413787",1984,1,"SNWD",0,"P"," ","0",0,"P"," ","0",0,"P"," ","0",0,"P"," ","0",0,"P"," ","0",0,"P"," ","0",0,"P"," ","0",0,"P"," ","0",0,"P"," ","0",0,"P"," ","0",0,"P"," ","0",0,"P"," ","0",0,"P"," ","0",0,"P"," ","0",0,"P"," ","0",0,"P"," ","0",127," "," ","0",NA," "," "," ",NA," "," "," ",25," "," ","0",0," "," ","0",0,"P"," ","0",0,"P"," ","0",0,"P"," ","0",0,"P"," ","0",0,"P"," ","0",0,"P"," ","0",0,"P"," ","0",0,"P"," ","0",0,"P"," ","0",0,"P"," ","0"
"2703","USC00413787",1984,2,"TMAX",211," "," ","0",156," "," ","0",156," "," ","0",133," "," ","0",100," "," ","0",189," "," ","0",211," "," ","0",178," "," ","0",128," "," ","0",222," "," ","0",161," "," ","0",144," "," ","0",194," "," ","0",256," "," ","0",183," "," ","0",122," "," ","0",178," "," ","0",156," "," ","0",67," "," ","0",111," "," ","0",200," "," ","0",261," "," ","0",178," "," ","0",156," "," ","0",217," "," ","0",128," "," ","0",39," "," ","0",39," "," ","0",161," "," ","0",NA," "," "," ",NA," "," "," "
"2704","USC00413787",1984,2,"TMIN",-50," "," ","0",11," "," ","0",-72," "," ","0",-33," "," ","0",-33," "," ","0",-50," "," ","0",-17," "," ","0",-22," "," ","0",-33," "," ","0",-39," "," ","0",6," "," ","0",-50," "," ","0",-72," "," ","0",-17," "," ","0",-6," "," ","0",-44," "," ","0",-28," "," ","0",-22," "," ","0",-61," "," ","0",-111," "," ","0",-72," "," ","0",-39," "," ","0",0," "," ","0",-78," "," ","0",-28," "," ","0",-6," "," ","0",-50," "," ","0",-94," "," ","0",-83," "," ","0",NA," "," "," ",NA," "," "," "
"2705","USC00413787",1984,2,"TOBS",156," "," ","0",94," "," ","0",94," "," ","0",83," "," ","0",72," "," ","0",139," "," ","0",183," "," ","0",17," "," ","0",83," "," ","0",167," "," ","0",61," "," ","0",111," "," ","0",111," "," ","0",183," "," ","0",28," "," ","0",83," "," ","0",156," "," ","0",22," "," ","0",44," "," ","0",83," "," ","0",128," "," ","0",183," "," ","0",78," "," ","0",117," "," ","0",128," "," ","0",11," "," ","0",11," "," ","0",17," "," ","0",122," "," ","0",NA," "," "," ",NA," "," "," "
"2706","USC00413787",1984,2,"PRCP",0,"P"," ","0",0,"P"," ","0",0,"P"," ","0",0,"P"," ","0",0,"P"," ","0",0,"P"," ","0",0,"P"," ","0",56," "," ","0",0,"P"," ","0",0,"P"," ","0",0,"P"," ","0",0,"P"," ","0",0,"P"," ","0",0,"P"," ","0",91," "," ","0",0,"P"," ","0",0,"P"," ","0",0,"P"," ","0",0,"P"," ","0",0,"P"," ","0",0,"P"," ","0",0,"P"," ","0",0,"P"," ","0",0,"P"," ","0",0,"P"," ","0",86," "," ","0",0,"P"," ","0",0,"P"," ","0",0,"P"," ","0",NA," "," "," ",NA," "," "," "
"2707","USC00413787",1984,2,"SNOW",0,"P"," ","0",0,"P"," ","0",0,"P"," ","0",0,"P"," ","0",0,"P"," ","0",0,"P"," ","0",0,"P"," ","0",NA," "," "," ",0,"P"," ","0",0,"P"," ","0",0,"P"," ","0",0,"P"," ","0",0,"P"," ","0",0,"P"," ","0",NA," "," "," ",0,"P"," ","0",0,"P"," ","0",0,"P"," ","0",0,"P"," ","0",0,"P"," ","0",0,"P"," ","0",0,"P"," ","0",0,"P"," ","0",0,"P"," ","0",0,"P"," ","0",NA," "," "," ",0,"P"," ","0",0,"P"," ","0",0,"P"," ","0",NA," "," "," ",NA," "," "," "
"2708","USC00413787",1984,2,"SNWD",NA," "," "," ",NA," "," "," ",NA," "," "," ",NA," "," "," ",NA," "," "," ",NA," "," "," ",NA," "," "," ",25," "," ","0",0," "," ","0",0,"P"," ","0",0,"P"," ","0",0,"P"," ","0",0,"P"," ","0",0,"P"," ","0",NA," "," "," ",NA," "," "," ",NA," "," "," ",NA," "," "," ",NA," "," "," ",NA," "," "," ",NA," "," "," ",NA," "," "," ",NA," "," "," ",NA," "," "," ",NA," "," "," ",51," "," ","0",0," "," ","0",0,"P"," ","0",0,"P"," ","0",NA," "," "," ",NA," "," "," "
"2709","USC00413787",1984,3,"TMAX",206," "," ","0",189," "," ","0",183," "," ","0",156," "," ","0",72," "," ","0",122," "," ","0",178," "," ","0",156," "," ","0",194," "," ","0",161," "," ","0",122," "," ","0",183," "," ","0",239," "," ","0",289," "," ","0",206," "," ","0",161," "," ","0",189," "," ","0",133," "," ","0",100," "," ","0",172," "," ","0",211," "," ","0",161," "," ","0",61," "," ","0",117," "," ","0",206," "," ","0",172," "," ","0",128," "," ","0",133," "," ","0",133," "," ","0",106," "," ","0",67," "," ","0"
"2710","USC00413787",1984,3,"TMIN",-39," "," ","0",6," "," ","0",6," "," ","0",-6," "," ","0",-50," "," ","0",-100," "," ","0",-83," "," ","0",-78," "," ","0",-39," "," ","0",-50," "," ","0",-22," "," ","0",33," "," ","0",17," "," ","0",44," "," ","0",33," "," ","0",6," "," ","0",11," "," ","0",-17," "," ","0",-56," "," ","0",0," "," ","0",-22," "," ","0",17," "," ","0",-28," "," ","0",-44," "," ","0",0," "," ","0",22," "," ","0",6," "," ","0",0," "," ","0",-44," "," ","0",-11," "," ","0",-6," "," ","0"
"2711","USC00413787",1984,3,"TOBS",139," "," ","0",144," "," ","0",156," "," ","0",50," "," ","0",39," "," ","0",83," "," ","0",156," "," ","0",89," "," ","0",150," "," ","0",122," "," ","0",67," "," ","0",144," "," ","0",200," "," ","0",183," "," ","0",167," "," ","0",72," "," ","0",133," "," ","0",-6," "," ","0",78," "," ","0",133," "," ","0",161," "," ","0",61," "," ","0",-6," "," ","0",83," "," ","0",172," "," ","0",128," "," ","0",44," "," ","0",72," "," ","0",100," "," ","0",67," "," ","0",39," "," ","0"
"2712","USC00413787",1984,3,"PRCP",0,"P"," ","0",0,"P"," ","0",0,"P"," ","0",0,"P"," ","0",0,"P"," ","0",0,"P"," ","0",0,"P"," ","0",0,"P"," ","0",0,"P"," ","0",0,"P"," ","0",0,"P"," ","0",0,"P"," ","0",0,"P"," ","0",0,"P"," ","0",0,"P"," ","0",8," "," ","0",0,"P"," ","0",28," "," ","0",0,"P"," ","0",0,"P"," ","0",0,"P"," ","0",0,"P"," ","0",203," "," ","0",0,"P"," ","0",0,"P"," ","0",0,"P"," ","0",203," "," ","0",0,"P"," ","0",0,"P"," ","0",0,"P"," ","0",74," "," ","0"
"2713","USC00413787",1984,3,"SNOW",NA," "," "," ",NA," "," "," ",NA," "," "," ",NA," "," "," ",NA," "," "," ",NA," "," "," ",NA," "," "," ",NA," "," "," ",NA," "," "," ",NA," "," "," ",NA," "," "," ",NA," "," "," ",NA," "," "," ",NA," "," "," ",NA," "," "," ",NA," "," "," ",NA," "," "," ",NA," "," "," ",NA," "," "," ",NA," "," "," ",NA," "," "," ",NA," "," "," ",NA," "," "," ",NA," "," "," ",NA," "," "," ",NA," "," "," ",NA," "," "," ",NA," "," "," ",NA," "," "," ",NA," "," "," ",0,"P"," ","0"
"2714","USC00413787",1984,4,"TMAX",50," "," ","0",150," "," ","0",83," "," ","0",128," "," ","0",239," "," ","0",294," "," ","0",228," "," ","0",211," "," ","0",217," "," ","0",161," "," ","0",NA," "," "," ",239," "," ","0",189," "," ","0",172," "," ","0",161," "," ","0",183," "," ","0",261," "," ","0",228," "," ","0",222," "," ","0",217," "," ","0",133," "," ","0",156," "," ","0",250," "," ","0",233," "," ","0",294," "," ","0",267," "," ","0",206," "," ","0",183," "," ","0",150," "," ","0",211," "," ","0",NA," "," "," "
"2715","USC00413787",1984,4,"TMIN",11," "," ","0",11," "," ","0",11," "," ","0",-11," "," ","0",-28," "," ","0",44," "," ","0",100," "," ","0",61," "," ","0",22," "," ","0",72," "," ","0",NA," "," "," ",0," "," ","0",17," "," ","0",28," "," ","0",17," "," ","0",-6," "," ","0",-6," "," ","0",39," "," ","0",22," "," ","0",106," "," ","0",17," "," ","0",17," "," ","0",0," "," ","0",33," "," ","0",72," "," ","0",67," "," ","0",-6," "," ","0",6," "," ","0",33," "," ","0",-17," "," ","0",NA," "," "," "
"2716","USC00413787",1984,4,"TOBS",50," "," ","0",78," "," ","0",50," "," ","0",111," "," ","0",211," "," ","0",228," "," ","0",128," "," ","0",200," "," ","0",161," "," ","0",106," "," ","0",NA," "," "," ",183," "," ","0",133," "," ","0",144," "," ","0",156," "," ","0",167," "," ","0",228," "," ","0",78," "," ","0",189," "," ","0",133," "," ","0",78," "," ","0",144," "," ","0",217," "," ","0",217," "," ","0",267," "," ","0",83," "," ","0",183," "," ","0",150," "," ","0",106," "," ","0",211," "," ","0",NA," "," "," "
"2717","USC00413787",1984,4,"PRCP",8," "," ","0",251," "," ","0",0,"P"," ","0",0,"P"," ","0",0,"P"," ","0",0,"P"," ","0",0,"P"," ","0",0,"P"," ","0",0,"P"," ","0",23," "," ","0",0," "," ","0",0,"P"," ","0",0,"P"," ","0",0,"P"," ","0",0,"P"," ","0",0,"P"," ","0",0,"P"," ","0",0,"P"," ","0",0,"P"," ","0",0,"P"," ","0",0,"P"," ","0",0,"P"," ","0",0,"P"," ","0",0,"P"," ","0",0,"P"," ","0",0,"P"," ","0",0,"P"," ","0",0,"P"," ","0",160," "," ","0",0,"P"," ","0",NA," "," "," "
"2718","USC00413787",1984,4,"SNOW",0,"P"," ","0",0,"P"," ","0",0,"P"," ","0",0,"P"," ","0",0,"P"," ","0",0,"P"," ","0",0,"P"," ","0",0,"P"," ","0",0,"P"," ","0",0,"P"," ","0",0,"P"," ","0",0,"P"," ","0",0,"P"," ","0",0,"P"," ","0",0,"P"," ","0",0,"P"," ","0",0,"P"," ","0",0,"P"," ","0",0,"P"," ","0",0,"P"," ","0",0,"P"," ","0",0,"P"," ","0",0,"P"," ","0",0,"P"," ","0",0,"P"," ","0",0,"P"," ","0",0,"P"," ","0",0,"P"," ","0",0,"P"," ","0",0,"P"," ","0",NA," "," "," "
"2719","USC00413787",1984,4,"SNWD",0," "," ","0",0,"P"," ","0",0,"P"," ","0",0,"P"," ","0",0,"P"," ","0",0,"P"," ","0",0,"P"," ","0",0,"P"," ","0",0,"P"," ","0",0,"P"," ","0",0,"P"," ","0",0,"P"," ","0",0,"P"," ","0",0,"P"," ","0",0,"P"," ","0",0,"P"," ","0",0,"P"," ","0",0,"P"," ","0",0,"P"," ","0",0,"P"," ","0",0,"P"," ","0",0,"P"," ","0",0,"P"," ","0",0,"P"," ","0",0,"P"," ","0",0,"P"," ","0",0,"P"," ","0",0,"P"," ","0",0,"P"," ","0",0,"P"," ","0",NA," "," "," "
"2720","USC00413787",1984,4,"WT03",NA," "," "," ",NA," "," "," ",NA," "," "," ",NA," "," "," ",NA," "," "," ",NA," "," "," ",NA," "," "," ",NA," "," "," ",NA," "," "," ",NA," "," "," ",NA," "," "," ",NA," "," "," ",NA," "," "," ",NA," "," "," ",NA," "," "," ",NA," "," "," ",NA," "," "," ",NA," "," "," ",NA," "," "," ",NA," "," "," ",NA," "," "," ",NA," "," "," ",NA," "," "," ",NA," "," "," ",NA," "," "," ",NA," "," "," ",NA," "," "," ",NA," "," "," ",1," "," ","0",NA," "," "," ",NA," "," "," "
"2721","USC00413787",1984,5,"TMAX",233," "," ","0",250," "," ","0",233," "," ","0",244," "," ","0",244," "," ","0",222," "," ","0",178," "," ","0",239," "," ","0",311," "," ","0",339," "," ","0",328," "," ","0",333," "," ","0",328," "," ","0",317," "," ","0",300," "," ","0",278," "," ","0",261," "," ","0",250," "," ","0",222," "," ","0",283," "," ","0",333," "," ","0",256," ","I","0",283," "," ","0",361," "," ","0",356," "," ","0",272," "," ","0",289," "," ","0",278," "," ","0",261," "," ","0",289," "," ","0",367," "," ","0"
"2722","USC00413787",1984,5,"TMIN",83," "," ","0",117," "," ","0",72," "," ","0",56," "," ","0",111," "," ","0",117," "," ","0",72," "," ","0",0," "," ","0",61," "," ","0",106," "," ","0",128," "," ","0",100," "," ","0",156," "," ","0",144," "," ","0",122," "," ","0",150," "," ","0",117," "," ","0",133," "," ","0",111," "," ","0",83," "," ","0",100," "," ","0",133," "," ","0",144," "," ","0",194," "," ","0",111," "," ","0",94," "," ","0",139," "," ","0",94," "," ","0",67," "," ","0",100," "," ","0",156," "," ","0"
"2723","USC00413787",1984,5,"TOBS",222," "," ","0",217," "," ","0",211," "," ","0",211," "," ","0",167," "," ","0",178," "," ","0",111," "," ","0",233," "," ","0",272," "," ","0",328," "," ","0",267," "," ","0",328," "," ","0",317," "," ","0",294," "," ","0",283," "," ","0",250," "," ","0",239," "," ","0",211," "," ","0",189," "," ","0",278," "," ","0",317," ","I","0",250," "," ","0",272," "," ","0",356," "," ","0",222," "," ","0",256," "," ","0",278," "," ","0",189," "," ","0",256," "," ","0",289," "," ","0",356," "," ","0"
"2724","USC00413787",1984,5,"PRCP",0,"P"," ","0",0,"P"," ","0",5," "," ","0",0,"P"," ","0",56," "," ","0",13," "," ","0",0,"P"," ","0",0,"P"," ","0",0,"P"," ","0",0,"P"," ","0",0,"P"," ","0",0,"P"," ","0",0,"P"," ","0",0,"P"," ","0",0,"P"," ","0",0,"P"," ","0",0,"P"," ","0",20," "," ","0",81," "," ","0",0,"P"," ","0",0,"P"," ","0",0,"P"," ","0",0,"P"," ","0",0,"P"," ","0",0,"P"," ","0",0,"P"," ","0",0,"P"," ","0",0,"P"," ","0",0,"P"," ","0",0,"P"," ","0",0,"P"," ","0"
"2725","USC00413787",1984,5,"SNOW",0,"P"," ","0",0,"P"," ","0",0,"P"," ","0",0,"P"," ","0",0,"P"," ","0",0,"P"," ","0",0,"P"," ","0",0,"P"," ","0",0,"P"," ","0",0,"P"," ","0",0,"P"," ","0",0,"P"," ","0",0,"P"," ","0",0,"P"," ","0",0,"P"," ","0",0,"P"," ","0",0,"P"," ","0",0,"P"," ","0",0,"P"," ","0",0,"P"," ","0",0,"P"," ","0",0,"P"," ","0",0,"P"," ","0",0,"P"," ","0",0,"P"," ","0",0,"P"," ","0",0,"P"," ","0",0,"P"," ","0",0,"P"," ","0",0,"P"," ","0",0,"P"," ","0"
"2726","USC00413787",1984,5,"SNWD",0," "," ","0",0,"P"," ","0",0,"P"," ","0",0,"P"," ","0",0,"P"," ","0",0,"P"," ","0",0,"P"," ","0",0,"P"," ","0",0,"P"," ","0",0,"P"," ","0",0,"P"," ","0",0,"P"," ","0",0,"P"," ","0",0,"P"," ","0",0,"P"," ","0",0,"P"," ","0",0,"P"," ","0",0,"P"," ","0",0,"P"," ","0",0,"P"," ","0",0,"P"," ","0",0,"P"," ","0",0,"P"," ","0",0,"P"," ","0",0,"P"," ","0",0,"P"," ","0",0,"P"," ","0",0,"P"," ","0",0,"P"," ","0",0,"P"," ","0",0,"P"," ","0"
"2727","USC00413787",1984,6,"TMAX",361," "," ","0",311," "," ","0",256," "," ","0",NA," "," "," ",339," "," ","0",311," "," ","0",350," "," ","0",339," "," ","0",300," ","I","0",289," "," ","0",311," "," ","0",NA," "," "," ",344," "," ","0",300," "," ","0",317," "," ","0",322," "," ","0",333," "," ","0",317," "," ","0",278," "," ","0",317," "," ","0",356," "," ","0",356," "," ","0",333," "," ","0",317," "," ","0",361," "," ","0",356," "," ","0",339," "," ","0",367," "," ","0",367," "," ","0",328," "," ","0",NA," "," "," "
"2728","USC00413787",1984,6,"TMIN",161," "," ","0",111," "," ","0",144," "," ","0",NA," "," "," ",133," "," ","0",133," "," ","0",178," "," ","0",128," "," ","0",150," "," ","0",183," "," ","0",156," "," ","0",NA," "," "," ",183," "," ","0",167," "," ","0",183," "," ","0",183," "," ","0",189," "," ","0",167," "," ","0",161," "," ","0",178," "," ","0",183," "," ","0",183," "," ","0",178," "," ","0",172," "," ","0",189," "," ","0",178," "," ","0",178," "," ","0",156," "," ","0",178," "," ","0",167," "," ","0",NA," "," "," "
"2729","USC00413787",1984,6,"TOBS",289," "," ","0",217," "," ","0",250," "," ","0",NA," "," "," ",244," "," ","0",289," "," ","0",322," "," ","0",317," ","I","0",289," "," ","0",189," "," ","0",311," "," ","0",NA," "," "," ",217," "," ","0",278," "," ","0",306," "," ","0",278," "," ","0",317," "," ","0",228," "," ","0",278," "," ","0",306," "," ","0",283," "," ","0",333," "," ","0",306," "," ","0",317," "," ","0",350," "," ","0",339," "," ","0",228," "," ","0",367," "," ","0",322," "," ","0",322," "," ","0",NA," "," "," "
"2730","USC00413787",1984,6,"PRCP",0,"P"," ","0",5," "," ","0",0,"P"," ","0",NA," "," "," ",0,"P"," ","0",0,"P"," ","0",0,"P"," ","0",0,"P"," ","0",0,"P"," ","0",0,"P"," ","0",3," "," ","0",0," "," ","0",0,"P"," ","0",0,"P"," ","0",3," "," ","0",23," "," ","0",0,"P"," ","0",3," "," ","0",0,"P"," ","0",25," "," ","0",0,"P"," ","0",36," "," ","0",81," "," ","0",0,"P"," ","0",0,"T"," ","0",0,"P"," ","0",NA," "," "," ",0,"P"," ","0",28," "," ","0",0,"P"," ","0",NA," "," "," "
"2731","USC00413787",1984,6,"SNOW",0,"P"," ","0",0,"P"," ","0",0,"P"," ","0",0,"P"," ","0",0,"P"," ","0",0,"P"," ","0",0,"P"," ","0",0,"P"," ","0",0,"P"," ","0",0,"P"," ","0",0,"P"," ","0",0,"P"," ","0",0,"P"," ","0",0,"P"," ","0",0,"P"," ","0",0,"P"," ","0",0,"P"," ","0",0,"P"," ","0",0,"P"," ","0",0,"P"," ","0",0,"P"," ","0",0,"P"," ","0",0,"P"," ","0",0,"P"," ","0",0,"P"," ","0",0,"P"," ","0",0,"P"," ","0",0,"P"," ","0",0,"P"," ","0",0,"P"," ","0",NA," "," "," "
"2732","USC00413787",1984,6,"SNWD",0," "," ","0",0,"P"," ","0",0,"P"," ","0",0,"P"," ","0",0,"P"," ","0",0,"P"," ","0",0,"P"," ","0",0,"P"," ","0",0,"P"," ","0",0,"P"," ","0",0,"P"," ","0",0,"P"," ","0",0,"P"," ","0",0,"P"," ","0",0,"P"," ","0",0,"P"," ","0",0,"P"," ","0",0,"P"," ","0",0,"P"," ","0",0,"P"," ","0",0,"P"," ","0",0,"P"," ","0",0,"P"," ","0",0,"P"," ","0",0,"P"," ","0",0,"P"," ","0",0,"P"," ","0",0,"P"," ","0",0,"P"," ","0",0,"P"," ","0",NA," "," "," "
"2733","USC00413787",1984,6,"WT03",1," "," ","0",NA," "," "," ",NA," "," "," ",NA," "," "," ",NA," "," "," ",NA," "," "," ",NA," "," "," ",NA," "," "," ",NA," "," "," ",NA," "," "," ",NA," "," "," ",NA," "," "," ",NA," "," "," ",NA," "," "," ",NA," "," "," ",NA," "," "," ",NA," "," "," ",NA," "," "," ",NA," "," "," ",NA," "," "," ",NA," "," "," ",NA," "," "," ",NA," "," "," ",NA," "," "," ",NA," "," "," ",NA," "," "," ",NA," "," "," ",NA," "," "," ",NA," "," "," ",NA," "," "," ",NA," "," "," "
"2734","USC00413787",1984,6,"WT11",NA," "," "," ",NA," "," "," ",NA," "," "," ",NA," "," "," ",NA," "," "," ",NA," "," "," ",NA," "," "," ",NA," "," "," ",NA," "," "," ",1," "," ","0",NA," "," "," ",NA," "," "," ",NA," "," "," ",NA," "," "," ",NA," "," "," ",NA," "," "," ",NA," "," "," ",NA," "," "," ",NA," "," "," ",NA," "," "," ",NA," "," "," ",NA," "," "," ",NA," "," "," ",NA," "," "," ",NA," "," "," ",NA," "," "," ",NA," "," "," ",NA," "," "," ",NA," "," "," ",NA," "," "," ",NA," "," "," "
"2735","USC00413787",1984,7,"TMAX",328," "," ","0",333," "," ","0",367," "," ","0",367," "," ","0",350," "," ","0",378," "," ","0",372," "," ","0",372," "," ","0",367," "," ","0",372," "," ","0",350," "," ","0",339," "," ","0",356," "," ","0",372," "," ","0",361," "," ","0",339," "," ","0",344," "," ","0",344," "," ","0",361," "," ","0",372," "," ","0",372," "," ","0",372," "," ","0",372," "," ","0",356," "," ","0",306," "," ","0",339," "," ","0",333," "," ","0",311," "," ","0",333," "," ","0",344," "," ","0",350," "," ","0"
"2736","USC00413787",1984,7,"TMIN",172," "," ","0",161," "," ","0",183," "," ","0",172," "," ","0",167," "," ","0",178," "," ","0",183," "," ","0",178," "," ","0",183," "," ","0",211," "," ","0",178," "," ","0",144," "," ","0",178," "," ","0",194," "," ","0",217," "," ","0",128," "," ","0",161," "," ","0",150," "," ","0",183," "," ","0",167," "," ","0",189," "," ","0",194," "," ","0",189," "," ","0",161," "," ","0",150," "," ","0",150," "," ","0",183," "," ","0",183," "," ","0",172," "," ","0",189," "," ","0",178," "," ","0"
"2737","USC00413787",1984,7,"TOBS",306," "," ","0",328," "," ","0",367," "," ","0",278," "," ","0",333," "," ","0",361," "," ","0",367," "," ","0",367," "," ","0",361," "," ","0",350," "," ","0",272," "," ","0",328," "," ","0",350," "," ","0",361," "," ","0",339," "," ","0",322," "," ","0",256," "," ","0",333," "," ","0",361," "," ","0",367," "," ","0",361," "," ","0",356," "," ","0",339," "," ","0",306," "," ","0",289," "," ","0",322," "," ","0",294," "," ","0",300," "," ","0",322," "," ","0",300," "," ","0",322," "," ","0"
"2738","USC00413787",1984,7,"PRCP",0,"P"," ","0",0,"P"," ","0",0,"P"," ","0",33," "," ","0",0,"P"," ","0",0,"P"," ","0",0,"P"," ","0",0,"P"," ","0",0,"P"," ","0",0,"P"," ","0",94," "," ","0",0,"P"," ","0",0,"P"," ","0",0,"P"," ","0",0,"P"," ","0",18," "," ","0",43," "," ","0",0,"P"," ","0",0,"P"," ","0",0,"P"," ","0",0,"P"," ","0",0,"P"," ","0",0,"P"," ","0",0,"P"," ","0",0,"P"," ","0",0,"P"," ","0",3," "," ","0",0,"P"," ","0",0,"P"," ","0",0,"P"," ","0",0,"P"," ","0"
"2739","USC00413787",1984,7,"SNOW",0,"P"," ","0",0,"P"," ","0",0,"P"," ","0",0,"P"," ","0",0,"P"," ","0",0,"P"," ","0",0,"P"," ","0",0,"P"," ","0",0,"P"," ","0",0,"P"," ","0",0,"P"," ","0",0,"P"," ","0",0,"P"," ","0",0,"P"," ","0",0,"P"," ","0",0,"P"," ","0",0,"P"," ","0",0,"P"," ","0",0,"P"," ","0",0,"P"," ","0",0,"P"," ","0",0,"P"," ","0",0,"P"," ","0",0,"P"," ","0",0,"P"," ","0",0,"P"," ","0",0,"P"," ","0",0,"P"," ","0",0,"P"," ","0",0,"P"," ","0",0,"P"," ","0"
"2740","USC00413787",1984,7,"SNWD",0," "," ","0",0,"P"," ","0",0,"P"," ","0",0,"P"," ","0",0,"P"," ","0",0,"P"," ","0",0,"P"," ","0",0,"P"," ","0",0,"P"," ","0",0,"P"," ","0",0,"P"," ","0",0,"P"," ","0",0,"P"," ","0",0,"P"," ","0",0,"P"," ","0",0,"P"," ","0",0,"P"," ","0",0,"P"," ","0",0,"P"," ","0",0,"P"," ","0",0,"P"," ","0",0,"P"," ","0",0,"P"," ","0",0,"P"," ","0",0,"P"," ","0",0,"P"," ","0",0,"P"," ","0",0,"P"," ","0",0,"P"," ","0",0,"P"," ","0",0,"P"," ","0"
"2741","USC00413787",1984,7,"WT03",NA," "," "," ",NA," "," "," ",NA," "," "," ",NA," "," "," ",NA," "," "," ",NA," "," "," ",NA," "," "," ",NA," "," "," ",NA," "," "," ",1," "," ","0",NA," "," "," ",NA," "," "," ",NA," "," "," ",NA," "," "," ",NA," "," "," ",NA," "," "," ",NA," "," "," ",NA," "," "," ",NA," "," "," ",NA," "," "," ",NA," "," "," ",NA," "," "," ",NA," "," "," ",NA," "," "," ",NA," "," "," ",NA," "," "," ",NA," "," "," ",NA," "," "," ",NA," "," "," ",NA," "," "," ",NA," "," "," "
"2742","USC00413787",1984,8,"TMAX",339," "," ","0",339," "," ","0",361," "," ","0",367," "," ","0",350," "," ","0",361," "," ","0",339," "," ","0",250," "," ","0",272," "," ","0",239," "," ","0",306," "," ","0",317," "," ","0",328," "," ","0",328," "," ","0",344," "," ","0",339," "," ","0",339," "," ","0",344," "," ","0",339," "," ","0",372," "," ","0",367," "," ","0",322," "," ","0",306," "," ","0",322," "," ","0",328," "," ","0",339," "," ","0",367," "," ","0",378," "," ","0",394," "," ","0",378," "," ","0",NA," "," "," "
"2743","USC00413787",1984,8,"TMIN",167," "," ","0",172," "," ","0",178," "," ","0",183," "," ","0",194," "," ","0",183," "," ","0",183," "," ","0",189," "," ","0",183," "," ","0",178," "," ","0",167," "," ","0",161," "," ","0",161," "," ","0",167," "," ","0",178," "," ","0",167," "," ","0",167," "," ","0",161," "," ","0",178," "," ","0",194," "," ","0",194," "," ","0",206," "," ","0",172," "," ","0",172," "," ","0",194," "," ","0",194," "," ","0",183," "," ","0",172," "," ","0",178," "," ","0",183," "," ","0",NA," "," "," "
"2744","USC00413787",1984,8,"TOBS",328," "," ","0",294," "," ","0",344," "," ","0",306," "," ","0",294," "," ","0",328," "," ","0",211," "," ","0",250," "," ","0",239," "," ","0",211," "," ","0",256," "," ","0",300," "," ","0",317," "," ","0",311," "," ","0",333," "," ","0",328," "," ","0",333," "," ","0",333," "," ","0",328," "," ","0",367," "," ","0",317," "," ","0",289," "," ","0",294," "," ","0",306," "," ","0",317," "," ","0",328," "," ","0",356," "," ","0",361," "," ","0",378," "," ","0",367," "," ","0",NA," "," "," "
"2745","USC00413787",1984,8,"PRCP",43," "," ","0",0,"P"," ","0",0,"P"," ","0",0,"P"," ","0",10," "," ","0",0,"T"," ","0",30," "," ","0",66," "," ","0",0,"T"," ","0",229," "," ","0",3," "," ","0",0,"P"," ","0",0,"P"," ","0",0,"P"," ","0",0,"P"," ","0",0,"P"," ","0",0,"P"," ","0",0,"P"," ","0",0,"P"," ","0",0,"P"," ","0",0,"P"," ","0",5," "," ","0",318," "," ","0",0,"P"," ","0",0,"P"," ","0",0,"P"," ","0",0,"P"," ","0",0,"P"," ","0",0,"P"," ","0",0,"P"," ","0",NA," "," "," "
"2746","USC00413787",1984,8,"SNOW",0,"P"," ","0",0,"P"," ","0",0,"P"," ","0",0,"P"," ","0",0,"P"," ","0",0,"P"," ","0",0,"P"," ","0",0,"P"," ","0",0,"P"," ","0",0,"P"," ","0",0,"P"," ","0",0,"P"," ","0",0,"P"," ","0",0,"P"," ","0",0,"P"," ","0",0,"P"," ","0",0,"P"," ","0",0,"P"," ","0",0,"P"," ","0",0,"P"," ","0",0,"P"," ","0",0,"P"," ","0",0,"P"," ","0",0,"P"," ","0",0,"P"," ","0",0,"P"," ","0",0,"P"," ","0",0,"P"," ","0",0,"P"," ","0",0,"P"," ","0",0,"P"," ","0"
"2747","USC00413787",1984,8,"SNWD",0," "," ","0",0,"P"," ","0",0,"P"," ","0",0,"P"," ","0",0,"P"," ","0",0,"P"," ","0",0,"P"," ","0",0,"P"," ","0",0,"P"," ","0",0,"P"," ","0",0,"P"," ","0",0,"P"," ","0",0,"P"," ","0",0,"P"," ","0",0,"P"," ","0",0,"P"," ","0",0,"P"," ","0",0,"P"," ","0",0,"P"," ","0",0,"P"," ","0",0,"P"," ","0",0,"P"," ","0",0,"P"," ","0",0,"P"," ","0",0,"P"," ","0",0,"P"," ","0",0,"P"," ","0",0,"P"," ","0",0,"P"," ","0",0,"P"," ","0",0,"P"," ","0"
"2748","USC00413787",1984,8,"WT03",NA," "," "," ",NA," "," "," ",NA," "," "," ",NA," "," "," ",1," "," ","0",NA," "," "," ",NA," "," "," ",NA," "," "," ",NA," "," "," ",NA," "," "," ",NA," "," "," ",NA," "," "," ",NA," "," "," ",NA," "," "," ",NA," "," "," ",NA," "," "," ",NA," "," "," ",NA," "," "," ",NA," "," "," ",NA," "," "," ",NA," "," "," ",NA," "," "," ",1," "," ","0",NA," "," "," ",NA," "," "," ",NA," "," "," ",NA," "," "," ",NA," "," "," ",NA," "," "," ",NA," "," "," ",NA," "," "," "
"2749","USC00413787",1984,9,"TMAX",367," "," ","0",311," ","I","0",289," "," ","0",300," "," ","0",322," "," ","0",328," "," ","0",350," "," ","0",339," "," ","0",333," "," ","0",378," "," ","0",361," "," ","0",356," "," ","0",350," "," ","0",333," "," ","0",211," "," ","0",272," "," ","0",317," "," ","0",317," "," ","0",322," "," ","0",317," "," ","0",294," "," ","0",317," "," ","0",344," "," ","0",350," "," ","0",333," "," ","0",150," "," ","0",111," "," ","0",83," "," ","0",83," "," ","0",206," "," ","0",NA," "," "," "
"2750","USC00413787",1984,9,"TMIN",167," "," ","0",156," "," ","0",106," "," ","0",100," "," ","0",122," "," ","0",122," "," ","0",167," "," ","0",139," "," ","0",117," "," ","0",139," "," ","0",189," "," ","0",194," "," ","0",189," "," ","0",172," "," ","0",100," "," ","0",139," "," ","0",156," "," ","0",100," "," ","0",117," "," ","0",111," "," ","0",133," "," ","0",139," "," ","0",167," "," ","0",189," "," ","0",44," "," ","0",61," "," ","0",56," "," ","0",28," "," ","0",0," "," ","0",0," "," ","0",NA," "," "," "
"2751","USC00413787",1984,9,"TOBS",350," ","I","0",250," "," ","0",283," "," ","0",289," "," ","0",306," "," ","0",306," "," ","0",339," "," ","0",283," "," ","0",317," "," ","0",361," "," ","0",322," "," ","0",333," "," ","0",333," "," ","0",183," "," ","0",200," "," ","0",267," "," ","0",300," "," ","0",300," "," ","0",306," "," ","0",294," "," ","0",267," "," ","0",300," "," ","0",317," "," ","0",339," "," ","0",150," "," ","0",117," "," ","0",83," "," ","0",61," "," ","0",78," "," ","0",194," "," ","0",NA," "," "," "
"2752","USC00413787",1984,9,"PRCP",0,"P"," ","0",206," "," ","0",0,"P"," ","0",0,"P"," ","0",0,"P"," ","0",0,"P"," ","0",0,"P"," ","0",0,"P"," ","0",0,"P"," ","0",0,"P"," ","0",0,"P"," ","0",0,"P"," ","0",0,"P"," ","0",0,"T"," ","0",0,"P"," ","0",0,"P"," ","0",0,"P"," ","0",0,"P"," ","0",0,"P"," ","0",0,"P"," ","0",0,"P"," ","0",0,"P"," ","0",0,"P"," ","0",0,"P"," ","0",0,"P"," ","0",25," "," ","0",25," "," ","0",13," "," ","0",25," "," ","0",0,"P"," ","0",NA," "," "," "
"2753","USC00413787",1984,9,"SNOW",0,"P"," ","0",0,"P"," ","0",0,"P"," ","0",0,"P"," ","0",0,"P"," ","0",0,"P"," ","0",0,"P"," ","0",0,"P"," ","0",0,"P"," ","0",0,"P"," ","0",0,"P"," ","0",0,"P"," ","0",0,"P"," ","0",0,"P"," ","0",0,"P"," ","0",0,"P"," ","0",0,"P"," ","0",0,"P"," ","0",0,"P"," ","0",0,"P"," ","0",0,"P"," ","0",0,"P"," ","0",0,"P"," ","0",0,"P"," ","0",0,"P"," ","0",0,"P"," ","0",0,"P"," ","0",0,"P"," ","0",0,"P"," ","0",0,"P"," ","0",NA," "," "," "
"2754","USC00413787",1984,9,"SNWD",0," "," ","0",0,"P"," ","0",0,"P"," ","0",0,"P"," ","0",0,"P"," ","0",0,"P"," ","0",0,"P"," ","0",0,"P"," ","0",0,"P"," ","0",0,"P"," ","0",0,"P"," ","0",0,"P"," ","0",0,"P"," ","0",0,"P"," ","0",0,"P"," ","0",0,"P"," ","0",0,"P"," ","0",0,"P"," ","0",0,"P"," ","0",0,"P"," ","0",0,"P"," ","0",0,"P"," ","0",0,"P"," ","0",0,"P"," ","0",0,"P"," ","0",0,"P"," ","0",0,"P"," ","0",0,"P"," ","0",0,"P"," ","0",0,"P"," ","0",NA," "," "," "
"2755","USC00413787",1984,10,"TMAX",244," "," ","0",317," "," ","0",289," "," ","0",222," "," ","0",261," "," ","0",256," "," ","0",267," "," ","0",250," "," ","0",228," "," ","0",244," "," ","0",250," "," ","0",250," "," ","0",250," "," ","0",250," "," ","0",183," "," ","0",106," "," ","0",183," "," ","0",178," "," ","0",172," "," ","0",139," "," ","0",89," "," ","0",94," "," ","0",111," "," ","0",100," "," ","0",156," "," ","0",200," "," ","0",244," "," ","0",194," "," ","0",244," "," ","0",178," "," ","0",206," "," ","0"
"2756","USC00413787",1984,10,"TMIN",67," "," ","0",111," "," ","0",139," "," ","0",128," "," ","0",72," "," ","0",117," "," ","0",78," "," ","0",67," "," ","0",117," "," ","0",122," "," ","0",139," "," ","0",128," "," ","0",106," "," ","0",78," "," ","0",39," "," ","0",39," "," ","0",-11," "," ","0",94," "," ","0",-28," "," ","0",44," "," ","0",39," "," ","0",39," "," ","0",28," "," ","0",44," "," ","0",50," "," ","0",61," "," ","0",83," "," ","0",39," "," ","0",33," "," ","0",33," "," ","0",39," "," ","0"
"2757","USC00413787",1984,10,"TOBS",239," "," ","0",289," "," ","0",211," "," ","0",200," "," ","0",244," "," ","0",156," "," ","0",239," "," ","0",228," "," ","0",172," "," ","0",217," "," ","0",233," "," ","0",239," "," ","0",228," "," ","0",183," "," ","0",78," "," ","0",72," "," ","0",172," "," ","0",144," "," ","0",139," "," ","0",67," "," ","0",72," "," ","0",89," "," ","0",100," "," ","0",61," "," ","0",133," "," ","0",172," "," ","0",194," "," ","0",122," "," ","0",178," "," ","0",44," "," ","0",161," "," ","0"
"2758","USC00413787",1984,10,"PRCP",0,"P"," ","0",0,"P"," ","0",0,"P"," ","0",160," "," ","0",0,"P"," ","0",0,"P"," ","0",0,"P"," ","0",0,"P"," ","0",208," "," ","0",46," "," ","0",3," "," ","0",0,"P"," ","0",0,"P"," ","0",0,"P"," ","0",46," "," ","0",231," "," ","0",0,"P"," ","0",0,"P"," ","0",0,"P"," ","0",8," "," ","0",30," "," ","0",5," "," ","0",0,"T"," ","0",71," "," ","0",53," "," ","0",0,"T"," ","0",0,"P"," ","0",0,"P"," ","0",0,"P"," ","0",0,"P"," ","0",30," "," ","0"
"2759","USC00413787",1984,10,"SNOW",0,"P"," ","0",0,"P"," ","0",0,"P"," ","0",0,"P"," ","0",0,"P"," ","0",0,"P"," ","0",0,"P"," ","0",0,"P"," ","0",0,"P"," ","0",0,"P"," ","0",0,"P"," ","0",0,"P"," ","0",0,"P"," ","0",0,"P"," ","0",0,"P"," ","0",0,"P"," ","0",0,"P"," ","0",0,"P"," ","0",0,"P"," ","0",0,"P"," ","0",0,"P"," ","0",0,"P"," ","0",0,"P"," ","0",0,"P"," ","0",0,"P"," ","0",0,"P"," ","0",0,"P"," ","0",0,"P"," ","0",0,"P"," ","0",0,"P"," ","0",0,"P"," ","0"
"2760","USC00413787",1984,10,"SNWD",0," "," ","0",0,"P"," ","0",0,"P"," ","0",0,"P"," ","0",0,"P"," ","0",0,"P"," ","0",0,"P"," ","0",0,"P"," ","0",0,"P"," ","0",0,"P"," ","0",0,"P"," ","0",0,"P"," ","0",0,"P"," ","0",0,"P"," ","0",0,"P"," ","0",0,"P"," ","0",0,"P"," ","0",0,"P"," ","0",0,"P"," ","0",0,"P"," ","0",0,"P"," ","0",0,"P"," ","0",0,"P"," ","0",0,"P"," ","0",0,"P"," ","0",0,"P"," ","0",0,"P"," ","0",0,"P"," ","0",0,"P"," ","0",0,"P"," ","0",0,"P"," ","0"
"2761","USC00413787",1984,10,"WT01",NA," "," "," ",NA," "," "," ",NA," "," "," ",NA," "," "," ",NA," "," "," ",NA," "," "," ",NA," "," "," ",NA," "," "," ",NA," "," "," ",NA," "," "," ",NA," "," "," ",NA," "," "," ",NA," "," "," ",NA," "," "," ",NA," "," "," ",NA," "," "," ",NA," "," "," ",NA," "," "," ",NA," "," "," ",NA," "," "," ",NA," "," "," ",NA," "," "," ",NA," "," "," ",NA," "," "," ",NA," "," "," ",NA," "," "," ",NA," "," "," ",NA," "," "," ",NA," "," "," ",NA," "," "," ",1," "," ","0"
"2762","USC00413787",1984,11,"TMAX",161," "," ","0",178," "," ","0",267," "," ","0",189," "," ","0",183," "," ","0",189," "," ","0",239," "," ","0",250," "," ","0",206," "," ","0",144," "," ","0",144," "," ","0",211," "," ","0",256," "," ","0",244," "," ","0",156," "," ","0",128," "," ","0",89," "," ","0",89," "," ","0",67," "," ","0",83," "," ","0",106," "," ","0",117," "," ","0",172," "," ","0",94," "," ","0",178," "," ","0",128," "," ","0",78," "," ","0",206," "," ","0",128," "," ","0",117," "," ","0",NA," "," "," "
"2763","USC00413787",1984,11,"TMIN",-6," "," ","0",-22," "," ","0",56," ","I","0",28," "," ","0",-11," "," ","0",28," "," ","0",39," "," ","0",11," "," ","0",33," "," ","0",11," "," ","0",-17," "," ","0",-28," "," ","0",39," "," ","0",83," "," ","0",17," "," ","0",-33," "," ","0",44," "," ","0",6," "," ","0",-28," "," ","0",-28," "," ","0",-28," "," ","0",-11," "," ","0",11," "," ","0",33," "," ","0",11," "," ","0",6," "," ","0",-39," "," ","0",-44," "," ","0",-17," "," ","0",-50," "," ","0",NA," "," "," "
"2764","USC00413787",1984,11,"TOBS",61," "," ","0",17," ","I","0",167," "," ","0",133," "," ","0",128," "," ","0",150," "," ","0",150," "," ","0",172," "," ","0",144," "," ","0",61," "," ","0",106," "," ","0",139," "," ","0",200," "," ","0",156," "," ","0",67," "," ","0",83," "," ","0",89," "," ","0",33," "," ","0",22," "," ","0",28," "," ","0",28," "," ","0",72," "," ","0",94," "," ","0",61," "," ","0",133," "," ","0",11," "," ","0",28," "," ","0",122," "," ","0",67," "," ","0",61," "," ","0",NA," "," "," "
"2765","USC00413787",1984,11,"PRCP",0,"P"," ","0",0,"P"," ","0",0,"P"," ","0",0,"P"," ","0",0,"P"," ","0",0,"P"," ","0",0,"P"," ","0",0,"P"," ","0",0,"P"," ","0",0,"P"," ","0",0,"P"," ","0",0,"P"," ","0",0,"P"," ","0",0,"P"," ","0",0,"P"," ","0",0,"P"," ","0",46," "," ","0",137," "," ","0",0,"P"," ","0",0,"P"," ","0",0,"P"," ","0",0,"P"," ","0",0,"P"," ","0",15," "," ","0",0,"P"," ","0",0,"P"," ","0",0,"P"," ","0",0,"P"," ","0",0,"P"," ","0",0,"P"," ","0",NA," "," "," "
"2766","USC00413787",1984,11,"SNOW",0,"P"," ","0",0,"P"," ","0",0,"P"," ","0",0,"P"," ","0",0,"P"," ","0",0,"P"," ","0",0,"P"," ","0",0,"P"," ","0",0,"P"," ","0",0,"P"," ","0",0,"P"," ","0",0,"P"," ","0",0,"P"," ","0",0,"P"," ","0",0,"P"," ","0",0,"P"," ","0",0,"P"," ","0",0,"P"," ","0",0,"P"," ","0",0,"P"," ","0",0,"P"," ","0",0,"P"," ","0",0,"P"," ","0",0,"P"," ","0",0,"P"," ","0",0,"P"," ","0",0,"P"," ","0",0,"P"," ","0",0,"P"," ","0",0,"P"," ","0",NA," "," "," "
"2767","USC00413787",1984,11,"SNWD",0," "," ","0",0,"P"," ","0",0,"P"," ","0",0,"P"," ","0",0,"P"," ","0",0,"P"," ","0",0,"P"," ","0",0,"P"," ","0",0,"P"," ","0",0,"P"," ","0",0,"P"," ","0",0,"P"," ","0",0,"P"," ","0",0,"P"," ","0",0,"P"," ","0",0,"P"," ","0",0,"P"," ","0",0,"P"," ","0",0,"P"," ","0",0,"P"," ","0",0,"P"," ","0",0,"P"," ","0",0,"P"," ","0",0,"P"," ","0",0,"P"," ","0",0,"P"," ","0",0,"P"," ","0",0,"P"," ","0",0,"P"," ","0",0,"P"," ","0",NA," "," "," "
"2768","USC00413787",1984,12,"TMAX",128," "," ","0",56," "," ","0",61," "," ","0",17," "," ","0",17," "," ","0",111," "," ","0",189," "," ","0",217," "," ","0",189," "," ","0",194," "," ","0",178," "," ","0",139," "," ","0",11," "," ","0",-33," "," ","0",11," "," ","0",106," "," ","0",78," "," ","0",28," "," ","0",61," "," ","0",133," "," ","0",122," "," ","0",89," "," ","0",178," "," ","0",106," "," ","0",72," "," ","0",117," "," ","0",150," "," ","0",183," "," ","0",183," "," ","0",83," "," ","0",44," "," ","0"
"2769","USC00413787",1984,12,"TMIN",-61," "," ","0",-56," "," ","0",-83," "," ","0",-17," "," ","0",-33," "," ","0",-100," "," ","0",-44," "," ","0",-11," "," ","0",17," "," ","0",-33," "," ","0",50," "," ","0",-11," "," ","0",-61," "," ","0",-67," "," ","0",-39," "," ","0",-22," "," ","0",-50," "," ","0",-61," "," ","0",-28," "," ","0",39," "," ","0",6," "," ","0",-67," "," ","0",-39," "," ","0",-83," "," ","0",-111," "," ","0",11," "," ","0",44," "," ","0",117," "," ","0",-17," "," ","0",-22," "," ","0",-50," "," ","0"
"2770","USC00413787",1984,12,"TOBS",56," "," ","0",11," "," ","0",17," "," ","0",-11," "," ","0",0," "," ","0",39," "," ","0",128," "," ","0",156," "," ","0",156," "," ","0",133," "," ","0",139," "," ","0",17," "," ","0",-56," "," ","0",-33," "," ","0",11," "," ","0",78," "," ","0",-39," "," ","0",28," "," ","0",61," "," ","0",117," "," ","0",44," "," ","0",28," "," ","0",111," "," ","0",-67," "," ","0",39," "," ","0",83," "," ","0",133," "," ","0",178," "," ","0",-6," "," ","0",44," "," ","0",-39," "," ","0"
"2771","USC00413787",1984,12,"PRCP",0,"P"," ","0",0,"P"," ","0",0,"P"," ","0",13," "," ","0",23," "," ","0",0,"P"," ","0",0,"P"," ","0",0,"P"," ","0",0,"P"," ","0",0,"P"," ","0",0,"P"," ","0",0,"P"," ","0",48," "," ","0",0,"P"," ","0",246," "," ","0",0,"P"," ","0",0,"P"," ","0",0,"P"," ","0",0,"P"," ","0",0,"T"," ","0",0,"P"," ","0",0,"P"," ","0",0,"P"," ","0",0,"P"," ","0",0,"P"," ","0",0,"P"," ","0",0,"P"," ","0",0,"P"," ","0",0,"P"," ","0",0,"P"," ","0",0,"P"," ","0"
"2772","USC00413787",1984,12,"SNOW",0,"P"," ","0",0,"P"," ","0",0,"P"," ","0",51," "," ","0",76," "," ","0",0,"P"," ","0",0,"P"," ","0",0,"P"," ","0",0,"P"," ","0",0,"P"," ","0",0,"P"," ","0",0,"P"," ","0",25," "," ","0",0,"P"," ","0",0,"P"," ","0",0,"P"," ","0",0,"P"," ","0",0,"P"," ","0",0,"P"," ","0",0,"P"," ","0",0,"P"," ","0",0,"P"," ","0",0,"P"," ","0",0,"P"," ","0",0,"P"," ","0",0,"P"," ","0",0,"P"," ","0",0,"P"," ","0",0,"P"," ","0",0,"P"," ","0",0,"P"," ","0"
"2773","USC00413787",1984,12,"SNWD",0," "," ","0",0,"P"," ","0",0,"P"," ","0",NA," "," "," ",NA," "," "," ",NA," "," "," ",0," "," ","0",0,"P"," ","0",0,"P"," ","0",0,"P"," ","0",0,"P"," ","0",0,"P"," ","0",NA," "," "," ",NA," "," "," ",0," "," ","0",0,"P"," ","0",0,"P"," ","0",0,"P"," ","0",0,"P"," ","0",0,"P"," ","0",0,"P"," ","0",0,"P"," ","0",0,"P"," ","0",0,"P"," ","0",0,"P"," ","0",0,"P"," ","0",0,"P"," ","0",0,"P"," ","0",0,"P"," ","0",0,"P"," ","0",0,"P"," ","0"
"2774","USC00413787",1984,12,"WT03",NA," "," "," ",NA," "," "," ",NA," "," "," ",NA," "," "," ",NA," "," "," ",NA," "," "," ",NA," "," "," ",NA," "," "," ",NA," "," "," ",NA," "," "," ",NA," "," "," ",NA," "," "," ",NA," "," "," ",NA," "," "," ",1," "," ","0",NA," "," "," ",NA," "," "," ",NA," "," "," ",NA," "," "," ",NA," "," "," ",NA," "," "," ",NA," "," "," ",NA," "," "," ",NA," "," "," ",NA," "," "," ",NA," "," "," ",NA," "," "," ",NA," "," "," ",NA," "," "," ",NA," "," "," ",NA," "," "," "
"2775","USC00413787",1984,12,"WT04",NA," "," "," ",NA," "," "," ",NA," "," "," ",NA," "," "," ",NA," "," "," ",NA," "," "," ",NA," "," "," ",NA," "," "," ",NA," "," "," ",NA," "," "," ",NA," "," "," ",NA," "," "," ",1," "," ","0",NA," "," "," ",NA," "," "," ",NA," "," "," ",NA," "," "," ",NA," "," "," ",NA," "," "," ",NA," "," "," ",NA," "," "," ",NA," "," "," ",NA," "," "," ",NA," "," "," ",NA," "," "," ",NA," "," "," ",NA," "," "," ",NA," "," "," ",NA," "," "," ",NA," "," "," ",NA," "," "," "
"2776","USC00413787",1985,1,"TMAX",-39," "," ","0",28," "," ","0",67," "," ","0",128," "," ","0",167," "," ","0",128," "," ","0",139," "," ","0",83," "," ","0",89," "," ","0",28," "," ","0",-17," "," ","0",17," "," ","0",117," "," ","0",78," "," ","0",172," "," ","0",133," "," ","0",156," "," ","0",150," "," ","0",94," "," ","0",-22," "," ","0",-6," "," ","0",61," "," ","0",94," "," ","0",128," "," ","0",100," "," ","0",144," "," ","0",100," "," ","0",56," "," ","0",133," "," ","0",50," "," ","0",-94," "," ","0"
"2777","USC00413787",1985,1,"TMIN",-89," "," ","0",-150," "," ","0",-72," "," ","0",0," "," ","0",-50," "," ","0",-44," "," ","0",-50," "," ","0",22," "," ","0",-67," "," ","0",-100," "," ","0",-106," "," ","0",-144," "," ","0",-83," "," ","0",-44," "," ","0",-56," "," ","0",-33," "," ","0",-67," "," ","0",-39," "," ","0",-78," "," ","0",-144," "," ","0",-128," "," ","0",-61," "," ","0",-94," "," ","0",-56," "," ","0",-56," "," ","0",-39," "," ","0",-17," "," ","0",-17," "," ","0",-33," "," ","0",-150," "," ","0",-178," "," ","0"
"2778","USC00413787",1985,1,"TOBS",-67," "," ","0",-6," "," ","0",44," "," ","0",44," "," ","0",83," "," ","0",89," "," ","0",61," "," ","0",50," "," ","0",-61," "," ","0",-17," "," ","0",-100," "," ","0",-28," "," ","0",78," "," ","0",33," "," ","0",133," "," ","0",28," "," ","0",100," "," ","0",94," "," ","0",-67," "," ","0",-39," "," ","0",-17," "," ","0",22," "," ","0",67," "," ","0",78," "," ","0",0," "," ","0",100," "," ","0",56," "," ","0",17," "," ","0",50," "," ","0",-150," "," ","0",-111," "," ","0"
"2779","USC00413787",1985,1,"PRCP",18," "," ","0",0,"P"," ","0",0,"P"," ","0",0,"P"," ","0",0,"P"," ","0",0,"P"," ","0",0,"P"," ","0",0,"P"," ","0",20," "," ","0",0,"P"," ","0",0,"P"," ","0",0,"P"," ","0",0,"P"," ","0",0,"P"," ","0",0,"P"," ","0",0,"P"," ","0",0,"P"," ","0",0,"P"," ","0",0,"P"," ","0",0,"P"," ","0",0,"P"," ","0",0,"P"," ","0",0,"P"," ","0",0,"P"," ","0",0,"P"," ","0",0,"P"," ","0",64," "," ","0",0,"P"," ","0",0,"P"," ","0",0,"T"," ","0",0,"P"," ","0"
"2780","USC00413787",1985,1,"SNOW",25," "," ","0",0,"P"," ","0",0,"P"," ","0",0,"P"," ","0",0,"P"," ","0",0,"P"," ","0",0,"P"," ","0",0,"P"," ","0",NA," "," "," ",0,"P"," ","0",0,"P"," ","0",0,"P"," ","0",0,"P"," ","0",0,"P"," ","0",0,"P"," ","0",0,"P"," ","0",0,"P"," ","0",0,"P"," ","0",0,"P"," ","0",0,"P"," ","0",0,"P"," ","0",0,"P"," ","0",0,"P"," ","0",0,"P"," ","0",0,"P"," ","0",0,"P"," ","0",NA," "," "," ",0," "," ","0",0,"P"," ","0",0,"T"," ","0",0,"P"," ","0"
"2781","USC00413787",1985,1,"SNWD",NA," "," "," ",NA," "," "," ",NA," "," "," ",0," "," ","0",NA," "," "," ",NA," "," "," ",NA," "," "," ",NA," "," "," ",0," "," ","0",NA," "," "," ",NA," "," "," ",NA," "," "," ",NA," "," "," ",NA," "," "," ",NA," "," "," ",NA," "," "," ",NA," "," "," ",NA," "," "," ",NA," "," "," ",NA," "," "," ",NA," "," "," ",NA," "," "," ",NA," "," "," ",NA," "," "," ",NA," "," "," ",NA," "," "," ",NA," "," "," ",0," "," ","0",NA," "," "," ",NA," "," "," ",NA," "," "," "
"2782","USC00413787",1985,2,"TMAX",-78," "," ","0",-28," "," ","0",44," "," ","0",-6," "," ","0",44," "," ","0",33," "," ","0",44," "," ","0",156," "," ","0",178," "," ","0",11," "," ","0",89," "," ","0",167," "," ","0",111," "," ","0",133," "," ","0",228," "," ","0",183," "," ","0",133," "," ","0",128," "," ","0",183," "," ","0",200," "," ","0",161," "," ","0",172," "," ","0",144," "," ","0",128," "," ","0",194," "," ","0",139," "," ","0",128," "," ","0",183," "," ","0",NA," "," "," ",NA," "," "," ",NA," "," "," "
"2783","USC00413787",1985,2,"TMIN",-178," "," ","0",-189," "," ","0",-128," "," ","0",-89," "," ","0",-122," "," ","0",-61," "," ","0",-111," "," ","0",-56," "," ","0",0," "," ","0",-67," "," ","0",-94," "," ","0",-83," "," ","0",-28," "," ","0",-22," "," ","0",-72," "," ","0",6," "," ","0",-78," "," ","0",0," "," ","0",-28," "," ","0",39," "," ","0",67," "," ","0",44," "," ","0",0," "," ","0",-28," "," ","0",-6," "," ","0",0," "," ","0",-50," "," ","0",0," "," ","0",NA," "," "," ",NA," "," "," ",NA," "," "," "
"2784","USC00413787",1985,2,"TOBS",-94," "," ","0",-67," "," ","0",-11," "," ","0",-67," "," ","0",11," "," ","0",-11," "," ","0",0," "," ","0",106," "," ","0",6," "," ","0",-44," "," ","0",50," "," ","0",89," "," ","0",56," "," ","0",94," "," ","0",183," "," ","0",94," "," ","0",106," "," ","0",89," "," ","0",133," "," ","0",128," "," ","0",94," "," ","0",144," "," ","0",28," "," ","0",106," "," ","0",144," "," ","0",44," "," ","0",106," "," ","0",161," "," ","0",NA," "," "," ",NA," "," "," ",NA," "," "," "
"2785","USC00413787",1985,2,"PRCP",0,"P"," ","0",0,"P"," ","0",0,"P"," ","0",13," "," ","0",0,"P"," ","0",0,"T"," ","0",0,"P"," ","0",0,"P"," ","0",0,"P"," ","0",0,"T"," ","0",0,"P"," ","0",0,"P"," ","0",0,"P"," ","0",0,"P"," ","0",0,"P"," ","0",0,"P"," ","0",0,"P"," ","0",0,"P"," ","0",0,"P"," ","0",84," "," ","0",569," "," ","0",53," "," ","0",79," "," ","0",0,"P"," ","0",0,"P"," ","0",0,"P"," ","0",0,"P"," ","0",0,"P"," ","0",NA," "," "," ",NA," "," "," ",NA," "," "," "
"2786","USC00413787",1985,2,"SNOW",0,"P"," ","0",0,"P"," ","0",0,"P"," ","0",25," "," ","0",0,"P"," ","0",0,"T"," ","0",0,"P"," ","0",0,"P"," ","0",0,"P"," ","0",0,"T"," ","0",0,"P"," ","0",0,"P"," ","0",0,"P"," ","0",0,"P"," ","0",0,"P"," ","0",0,"P"," ","0",0,"P"," ","0",0,"P"," ","0",0,"P"," ","0",0,"P"," ","0",0,"P"," ","0",0,"P"," ","0",0,"T"," ","0",0,"P"," ","0",0,"P"," ","0",0,"P"," ","0",0,"P"," ","0",0,"P"," ","0",NA," "," "," ",NA," "," "," ",NA," "," "," "
"2787","USC00413787",1985,2,"SNWD",0," "," ","0",NA," "," "," ",NA," "," "," ",NA," "," "," ",NA," "," "," ",NA," "," "," ",NA," "," "," ",NA," "," "," ",NA," "," "," ",NA," "," "," ",NA," "," "," ",NA," "," "," ",NA," "," "," ",NA," "," "," ",NA," "," "," ",NA," "," "," ",NA," "," "," ",NA," "," "," ",NA," "," "," ",NA," "," "," ",NA," "," "," ",NA," "," "," ",NA," "," "," ",NA," "," "," ",NA," "," "," ",NA," "," "," ",NA," "," "," ",NA," "," "," ",NA," "," "," ",NA," "," "," ",NA," "," "," "
"2788","USC00413787",1985,2,"WT04",NA," "," "," ",NA," "," "," ",NA," "," "," ",NA," "," "," ",NA," "," "," ",NA," "," "," ",NA," "," "," ",NA," "," "," ",NA," "," "," ",NA," "," "," ",NA," "," "," ",NA," "," "," ",NA," "," "," ",NA," "," "," ",NA," "," "," ",NA," "," "," ",NA," "," "," ",NA," "," "," ",NA," "," "," ",1," "," ","0",NA," "," "," ",NA," "," "," ",NA," "," "," ",NA," "," "," ",NA," "," "," ",NA," "," "," ",NA," "," "," ",NA," "," "," ",NA," "," "," ",NA," "," "," ",NA," "," "," "
"2789","USC00413787",1985,2,"WT05",NA," "," "," ",NA," "," "," ",NA," "," "," ",NA," "," "," ",NA," "," "," ",NA," "," "," ",NA," "," "," ",NA," "," "," ",NA," "," "," ",NA," "," "," ",NA," "," "," ",NA," "," "," ",NA," "," "," ",NA," "," "," ",NA," "," "," ",NA," "," "," ",NA," "," "," ",NA," "," "," ",NA," "," "," ",1," "," ","0",NA," "," "," ",NA," "," "," ",NA," "," "," ",NA," "," "," ",NA," "," "," ",NA," "," "," ",NA," "," "," ",NA," "," "," ",NA," "," "," ",NA," "," "," ",NA," "," "," "
"2790","USC00413787",1985,3,"TMAX",178," "," ","0",194," "," ","0",217," "," ","0",172," "," ","0",183," "," ","0",172," "," ","0",228," "," ","0",194," "," ","0",122," "," ","0",244," "," ","0",222," "," ","0",100," "," ","0",117," "," ","0",156," "," ","0",117," "," ","0",83," "," ","0",183," "," ","0",217," "," ","0",194," "," ","0",139," "," ","0",117," "," ","0",156," "," ","0",189," "," ","0",228," "," ","0",256," "," ","0",272," "," ","0",239," "," ","0",256," "," ","0",228," "," ","0",39," "," ","0",156," "," ","0"
"2791","USC00413787",1985,3,"TMIN",0," "," ","0",22," "," ","0",94," "," ","0",-72," "," ","0",-44," "," ","0",17," "," ","0",67," "," ","0",17," "," ","0",50," "," ","0",72," "," ","0",89," "," ","0",17," "," ","0",17," "," ","0",-39," "," ","0",-22," "," ","0",33," "," ","0",-22," "," ","0",6," "," ","0",22," "," ","0",67," "," ","0",50," "," ","0",33," "," ","0",-17," "," ","0",-6," "," ","0",44," "," ","0",150," "," ","0",56," "," ","0",94," "," ","0",33," "," ","0",-33," "," ","0",-44," "," ","0"
"2792","USC00413787",1985,3,"TOBS",150," "," ","0",150," "," ","0",172," "," ","0",61," "," ","0",111," "," ","0",128," "," ","0",194," "," ","0",117," "," ","0",106," "," ","0",228," "," ","0",100," "," ","0",83," "," ","0",94," "," ","0",67," "," ","0",83," "," ","0",72," "," ","0",156," "," ","0",189," "," ","0",139," "," ","0",89," "," ","0",100," "," ","0",78," "," ","0",172," "," ","0",200," "," ","0",217," "," ","0",222," "," ","0",217," "," ","0",228," "," ","0",39," "," ","0",-11," "," ","0",144," "," ","0"
"2793","USC00413787",1985,3,"PRCP",0,"P"," ","0",0,"P"," ","0",0,"P"," ","0",0,"P"," ","0",0,"P"," ","0",0,"P"," ","0",0,"P"," ","0",0,"P"," ","0",30," "," ","0",8," "," ","0",0,"P"," ","0",69," "," ","0",0,"P"," ","0",0,"P"," ","0",0,"P"," ","0",38," "," ","0",0,"P"," ","0",0,"P"," ","0",0,"P"," ","0",399," "," ","0",0,"P"," ","0",0,"P"," ","0",0,"P"," ","0",0,"P"," ","0",0,"P"," ","0",0,"P"," ","0",0,"P"," ","0",0,"P"," ","0",0,"P"," ","0",28," "," ","0",0,"P"," ","0"
"2794","USC00413787",1985,3,"SNOW",0,"P"," ","0",0,"P"," ","0",0,"P"," ","0",0,"P"," ","0",0,"P"," ","0",0,"P"," ","0",0,"P"," ","0",0,"P"," ","0",0,"P"," ","0",0,"P"," ","0",0,"P"," ","0",0,"P"," ","0",0,"P"," ","0",0,"P"," ","0",0,"P"," ","0",0,"P"," ","0",0,"P"," ","0",0,"P"," ","0",0,"P"," ","0",0,"P"," ","0",0,"P"," ","0",0,"P"," ","0",0,"P"," ","0",0,"P"," ","0",0,"P"," ","0",0,"P"," ","0",0,"P"," ","0",0,"P"," ","0",0,"P"," ","0",25," "," ","0",0,"P"," ","0"
"2795","USC00413787",1985,3,"SNWD",0," "," ","0",0,"P"," ","0",0,"P"," ","0",0,"P"," ","0",0,"P"," ","0",0,"P"," ","0",0,"P"," ","0",0,"P"," ","0",0,"P"," ","0",0,"P"," ","0",0,"P"," ","0",0,"P"," ","0",0,"P"," ","0",0,"P"," ","0",0,"P"," ","0",0,"P"," ","0",0,"P"," ","0",0,"P"," ","0",0,"P"," ","0",0,"P"," ","0",0,"P"," ","0",0,"P"," ","0",0,"P"," ","0",0,"P"," ","0",0,"P"," ","0",0,"P"," ","0",0,"P"," ","0",0,"P"," ","0",0,"P"," ","0",NA," "," "," ",0,"P"," ","0"
"2796","USC00413787",1985,4,"TMAX",161," "," ","0",261," "," ","0",278," "," ","0",267," "," ","0",194," "," ","0",211," "," ","0",183," "," ","0",150," "," ","0",228," "," ","0",233," "," ","0",278," "," ","0",267," "," ","0",228," "," ","0",272," "," ","0",294," "," ","0",289," "," ","0",294," "," ","0",294," "," ","0",256," "," ","0",294," "," ","0",289," "," ","0",261," "," ","0",211," "," ","0",267," "," ","0",256," "," ","0",211," "," ","0",172," "," ","0",156," "," ","0",211," "," ","0",217," "," ","0",NA," "," "," "
"2797","USC00413787",1985,4,"TMIN",11," "," ","0",17," "," ","0",39," "," ","0",61," "," ","0",-11," "," ","0",17," "," ","0",28," "," ","0",33," "," ","0",44," "," ","0",56," "," ","0",56," "," ","0",106," "," ","0",89," "," ","0",50," "," ","0",50," "," ","0",83," "," ","0",100," "," ","0",117," "," ","0",128," "," ","0",56," "," ","0",128," "," ","0",50," "," ","0",67," "," ","0",33," "," ","0",133," "," ","0",94," "," ","0",50," "," ","0",78," "," ","0",111," "," ","0",78," "," ","0",NA," "," "," "
"2798","USC00413787",1985,4,"TOBS",61," "," ","0",222," "," ","0",239," "," ","0",139," "," ","0",172," "," ","0",183," "," ","0",144," "," ","0",78," "," ","0",211," "," ","0",211," "," ","0",222," "," ","0",233," "," ","0",206," "," ","0",267," "," ","0",256," "," ","0",244," "," ","0",256," "," ","0",261," "," ","0",217," "," ","0",278," "," ","0",261," "," ","0",89," "," ","0",200," "," ","0",256," "," ","0",211," "," ","0",128," "," ","0",156," "," ","0",144," "," ","0",194," "," ","0",211," "," ","0",NA," "," "," "
"2799","USC00413787",1985,4,"PRCP",0,"P"," ","0",0,"P"," ","0",0,"P"," ","0",0,"P"," ","0",0,"P"," ","0",0,"P"," ","0",0,"P"," ","0",0,"P"," ","0",0,"P"," ","0",0,"T"," ","0",0,"P"," ","0",58," "," ","0",0,"P"," ","0",0,"P"," ","0",0,"P"," ","0",0,"P"," ","0",0,"P"," ","0",0,"P"," ","0",0,"T"," ","0",0,"P"," ","0",0,"P"," ","0",112," "," ","0",20," "," ","0",0,"P"," ","0",0,"T"," ","0",0,"T"," ","0",46," "," ","0",107," "," ","0",439," "," ","0",0,"P"," ","0",NA," "," "," "
"2800","USC00413787",1985,4,"SNOW",0,"P"," ","0",0,"P"," ","0",0,"P"," ","0",0,"P"," ","0",0,"P"," ","0",0,"P"," ","0",0,"P"," ","0",0,"P"," ","0",0,"P"," ","0",0,"P"," ","0",0,"P"," ","0",0,"P"," ","0",0,"P"," ","0",0,"P"," ","0",0,"P"," ","0",0,"P"," ","0",0,"P"," ","0",0,"P"," ","0",0,"P"," ","0",0,"P"," ","0",0,"P"," ","0",0,"P"," ","0",0,"P"," ","0",0,"P"," ","0",0,"P"," ","0",0,"P"," ","0",0,"P"," ","0",0,"P"," ","0",0,"P"," ","0",0,"P"," ","0",NA," "," "," "
"2801","USC00413787",1985,4,"SNWD",0," "," ","0",0,"P"," ","0",0,"P"," ","0",0,"P"," ","0",0,"P"," ","0",0,"P"," ","0",0,"P"," ","0",0,"P"," ","0",0,"P"," ","0",0,"P"," ","0",0,"P"," ","0",0,"P"," ","0",0,"P"," ","0",0,"P"," ","0",0,"P"," ","0",0,"P"," ","0",0,"P"," ","0",0,"P"," ","0",0,"P"," ","0",0,"P"," ","0",0,"P"," ","0",0,"P"," ","0",0,"P"," ","0",0,"P"," ","0",0,"P"," ","0",0,"P"," ","0",0,"P"," ","0",0,"P"," ","0",0,"P"," ","0",0,"P"," ","0",NA," "," "," "
"2802","USC00413787",1985,4,"WT05",NA," "," "," ",NA," "," "," ",NA," "," "," ",NA," "," "," ",NA," "," "," ",NA," "," "," ",NA," "," "," ",NA," "," "," ",NA," "," "," ",NA," "," "," ",NA," "," "," ",NA," "," "," ",NA," "," "," ",NA," "," "," ",NA," "," "," ",NA," "," "," ",NA," "," "," ",NA," "," "," ",NA," "," "," ",NA," "," "," ",NA," "," "," ",NA," "," "," ",NA," "," "," ",NA," "," "," ",NA," "," "," ",1," "," ","0",NA," "," "," ",NA," "," "," ",NA," "," "," ",NA," "," "," ",NA," "," "," "
"2803","USC00413787",1985,5,"TMAX",217," "," ","0",261," "," ","0",283," "," ","0",317," "," ","0",311," "," ","0",261," "," ","0",256," "," ","0",267," "," ","0",300," "," ","0",294," "," ","0",278," "," ","0",261," "," ","0",244," "," ","0",222," "," ","0",294," "," ","0",267," "," ","0",239," "," ","0",244," "," ","0",278," "," ","0",272," "," ","0",228," "," ","0",206," "," ","0",267," "," ","0",300," "," ","0",317," "," ","0",333," "," ","0",322," "," ","0",333," "," ","0",372," "," ","0",356," "," ","0",300," ","I","0"
"2804","USC00413787",1985,5,"TMIN",100," "," ","0",72," "," ","0",117," "," ","0",133," "," ","0",156," "," ","0",128," "," ","0",128," "," ","0",156," "," ","0",139," "," ","0",172," "," ","0",111," "," ","0",94," "," ","0",89," "," ","0",56," "," ","0",50," "," ","0",94," "," ","0",128," "," ","0",100," "," ","0",100," "," ","0",94," "," ","0",128," "," ","0",106," "," ","0",50," "," ","0",89," "," ","0",128," "," ","0",133," "," ","0",133," "," ","0",178," "," ","0",150," "," ","0",117," "," ","0",139," "," ","0"
"2805","USC00413787",1985,5,"TOBS",211," "," ","0",244," "," ","0",256," "," ","0",311," "," ","0",261," "," ","0",250," "," ","0",222," "," ","0",256," "," ","0",278," "," ","0",272," "," ","0",194," "," ","0",244," "," ","0",100," "," ","0",217," "," ","0",267," "," ","0",239," "," ","0",150," "," ","0",222," "," ","0",272," "," ","0",228," "," ","0",133," "," ","0",183," "," ","0",261," "," ","0",294," "," ","0",239," "," ","0",322," "," ","0",311," "," ","0",333," "," ","0",350," "," ","0",322," ","I","0",283," "," ","0"
"2806","USC00413787",1985,5,"PRCP",0,"P"," ","0",0,"P"," ","0",0,"P"," ","0",0,"P"," ","0",0,"P"," ","0",0,"P"," ","0",152," "," ","0",0,"P"," ","0",0,"P"," ","0",15," "," ","0",0,"P"," ","0",0,"P"," ","0",0,"P"," ","0",0,"P"," ","0",0,"P"," ","0",0,"P"," ","0",8," "," ","0",0,"P"," ","0",0,"P"," ","0",23," "," ","0",193," "," ","0",36," "," ","0",0,"P"," ","0",0,"P"," ","0",13," "," ","0",0,"P"," ","0",0,"P"," ","0",0,"P"," ","0",0,"P"," ","0",0,"P"," ","0",0,"P"," ","0"
"2807","USC00413787",1985,5,"SNOW",0,"P"," ","0",0,"P"," ","0",0,"P"," ","0",0,"P"," ","0",0,"P"," ","0",0,"P"," ","0",0,"P"," ","0",0,"P"," ","0",0,"P"," ","0",0,"P"," ","0",0,"P"," ","0",0,"P"," ","0",0,"P"," ","0",0,"P"," ","0",0,"P"," ","0",0,"P"," ","0",0,"P"," ","0",0,"P"," ","0",0,"P"," ","0",0,"P"," ","0",0,"P"," ","0",0,"P"," ","0",0,"P"," ","0",0,"P"," ","0",0,"P"," ","0",0,"P"," ","0",0,"P"," ","0",0,"P"," ","0",0,"P"," ","0",0,"P"," ","0",0,"P"," ","0"
"2808","USC00413787",1985,5,"SNWD",0," "," ","0",0,"P"," ","0",0,"P"," ","0",0,"P"," ","0",0,"P"," ","0",0,"P"," ","0",0,"P"," ","0",0,"P"," ","0",0,"P"," ","0",0,"P"," ","0",0,"P"," ","0",0,"P"," ","0",0,"P"," ","0",0,"P"," ","0",0,"P"," ","0",0,"P"," ","0",0,"P"," ","0",0,"P"," ","0",0,"P"," ","0",0,"P"," ","0",0,"P"," ","0",0,"P"," ","0",0,"P"," ","0",0,"P"," ","0",0,"P"," ","0",0,"P"," ","0",0,"P"," ","0",0,"P"," ","0",0,"P"," ","0",0,"P"," ","0",0,"P"," ","0"
"2809","USC00413787",1985,6,"TMAX",339," "," ","0",283," ","I","0",278," "," ","0",228," "," ","0",172," "," ","0",283," "," ","0",361," "," ","0",378," "," ","0",372," "," ","0",372," "," ","0",344," "," ","0",244," "," ","0",306," "," ","0",367," "," ","0",361," "," ","0",372," "," ","0",350," "," ","0",278," "," ","0",300," "," ","0",344," "," ","0",356," "," ","0",344," "," ","0",361," "," ","0",350," "," ","0",317," "," ","0",272," "," ","0",278," "," ","0",NA," "," "," ",367," "," ","0",367," "," ","0",NA," "," "," "
"2810","USC00413787",1985,6,"TMIN",167," "," ","0",150," "," ","0",156," "," ","0",94," "," ","0",128," "," ","0",144," "," ","0",150," "," ","0",167," "," ","0",178," "," ","0",156," "," ","0",128," "," ","0",111," "," ","0",122," "," ","0",156," "," ","0",183," "," ","0",189," "," ","0",200," "," ","0",150," "," ","0",128," "," ","0",183," "," ","0",194," "," ","0",150," "," ","0",194," "," ","0",178," "," ","0",189," "," ","0",178," "," ","0",111," "," ","0",NA," "," "," ",111," "," ","0",183," "," ","0",NA," "," "," "
"2811","USC00413787",1985,6,"TOBS",317," ","I","0",250," "," ","0",228," "," ","0",167," "," ","0",172," "," ","0",283," "," ","0",356," "," ","0",372," "," ","0",278," "," ","0",344," "," ","0",244," "," ","0",244," "," ","0",278," "," ","0",361," "," ","0",322," "," ","0",350," "," ","0",278," "," ","0",261," "," ","0",289," "," ","0",333," "," ","0",333," "," ","0",322," "," ","0",350," "," ","0",311," "," ","0",272," "," ","0",250," "," ","0",272," "," ","0",NA," "," "," ",361," "," ","0",356," "," ","0",NA," "," "," "
"2812","USC00413787",1985,6,"PRCP",NA," "," "," ",NA," "," "," ",15," "," ","0",627," "," ","0",46," "," ","0",NA," "," "," ",NA," "," "," ",NA," "," "," ",NA," "," "," ",NA," "," "," ",36," "," ","0",NA," "," "," ",NA," "," "," ",NA," "," "," ",28," "," ","0",NA," "," "," ",NA," "," "," ",NA," "," "," ",NA," "," "," ",NA," "," "," ",NA," "," "," ",NA," "," "," ",NA," "," "," ",NA," "," "," ",30," "," ","0",NA," "," "," ",NA," "," "," ",0," "," ","0",NA," "," "," ",NA," "," "," ",NA," "," "," "
"2813","USC00413787",1985,6,"SNWD",0," "," ","0",NA," "," "," ",NA," "," "," ",NA," "," "," ",NA," "," "," ",NA," "," "," ",NA," "," "," ",NA," "," "," ",NA," "," "," ",NA," "," "," ",NA," "," "," ",NA," "," "," ",NA," "," "," ",NA," "," "," ",NA," "," "," ",NA," "," "," ",NA," "," "," ",NA," "," "," ",NA," "," "," ",NA," "," "," ",NA," "," "," ",NA," "," "," ",NA," "," "," ",NA," "," "," ",NA," "," "," ",NA," "," "," ",NA," "," "," ",NA," "," "," ",NA," "," "," ",NA," "," "," ",NA," "," "," "
"2814","USC00413787",1985,6,"WT03",NA," "," "," ",NA," "," "," ",NA," "," "," ",1," "," ","0",NA," "," "," ",NA," "," "," ",NA," "," "," ",NA," "," "," ",NA," "," "," ",NA," "," "," ",NA," "," "," ",NA," "," "," ",NA," "," "," ",NA," "," "," ",NA," "," "," ",NA," "," "," ",NA," "," "," ",NA," "," "," ",NA," "," "," ",NA," "," "," ",NA," "," "," ",NA," "," "," ",NA," "," "," ",NA," "," "," ",1," "," ","0",NA," "," "," ",NA," "," "," ",NA," "," "," ",NA," "," "," ",NA," "," "," ",NA," "," "," "
"2815","USC00413787",1985,7,"TMAX",356," "," ","0",311," "," ","0",333," "," ","0",378," "," ","0",356," "," ","0",361," "," ","0",378," "," ","0",378," "," ","0",367," "," ","0",372," "," ","0",383," "," ","0",389," "," ","0",394," "," ","0",383," "," ","0",378," "," ","0",356," "," ","0",378," "," ","0",389," "," ","0",378," "," ","0",356," "," ","0",356," "," ","0",350," "," ","0",356," "," ","0",339," "," ","0",300," "," ","0",322," "," ","0",328," "," ","0",372," "," ","0",367," "," ","0",361," "," ","0",361," "," ","0"
"2816","USC00413787",1985,7,"TMIN",183," "," ","0",150," "," ","0",133," "," ","0",156," "," ","0",172," "," ","0",144," "," ","0",161," "," ","0",156," "," ","0",172," "," ","0",194," "," ","0",172," "," ","0",183," "," ","0",194," "," ","0",183," "," ","0",189," "," ","0",161," "," ","0",200," "," ","0",206," "," ","0",206," "," ","0",178," "," ","0",178," "," ","0",211," "," ","0",178," "," ","0",189," "," ","0",172," "," ","0",167," "," ","0",172," "," ","0",189," "," ","0",183," "," ","0",200," "," ","0",228," "," ","0"
"2817","USC00413787",1985,7,"TOBS",289," "," ","0",300," "," ","0",322," "," ","0",333," "," ","0",333," "," ","0",356," "," ","0",372," "," ","0",361," "," ","0",350," "," ","0",344," "," ","0",367," "," ","0",361," "," ","0",383," "," ","0",333," "," ","0",294," "," ","0",333," "," ","0",372," "," ","0",378," "," ","0",317," "," ","0",350," "," ","0",339," "," ","0",333," "," ","0",333," "," ","0",200," "," ","0",294," "," ","0",300," "," ","0",317," "," ","0",367," "," ","0",339," "," ","0",356," "," ","0",300," "," ","0"
"2818","USC00413787",1985,7,"PRCP",0,"P"," ","0",56," "," ","0",0,"P"," ","0",0,"P"," ","0",0,"P"," ","0",0,"P"," ","0",0,"P"," ","0",0,"P"," ","0",0,"P"," ","0",0,"P"," ","0",0,"P"," ","0",0,"P"," ","0",0,"P"," ","0",0,"P"," ","0",0,"P"," ","0",0,"P"," ","0",0,"P"," ","0",0,"P"," ","0",0,"P"," ","0",0,"P"," ","0",0,"P"," ","0",0,"P"," ","0",0,"P"," ","0",152," "," ","0",0,"P"," ","0",0,"P"," ","0",0,"P"," ","0",0,"P"," ","0",117," "," ","0",0,"P"," ","0",0,"P"," ","0"
"2819","USC00413787",1985,7,"SNOW",0,"P"," ","0",0,"P"," ","0",0,"P"," ","0",0,"P"," ","0",0,"P"," ","0",0,"P"," ","0",0,"P"," ","0",0,"P"," ","0",0,"P"," ","0",0,"P"," ","0",0,"P"," ","0",0,"P"," ","0",0,"P"," ","0",0,"P"," ","0",0,"P"," ","0",0,"P"," ","0",0,"P"," ","0",0,"P"," ","0",0,"P"," ","0",0,"P"," ","0",0,"P"," ","0",0,"P"," ","0",0,"P"," ","0",0,"P"," ","0",0,"P"," ","0",0,"P"," ","0",0,"P"," ","0",0,"P"," ","0",0,"P"," ","0",0,"P"," ","0",0,"P"," ","0"
"2820","USC00413787",1985,7,"SNWD",0," "," ","0",0,"P"," ","0",0,"P"," ","0",0,"P"," ","0",0,"P"," ","0",0,"P"," ","0",0,"P"," ","0",0,"P"," ","0",0,"P"," ","0",0,"P"," ","0",0,"P"," ","0",0,"P"," ","0",0,"P"," ","0",0,"P"," ","0",0,"P"," ","0",0,"P"," ","0",0,"P"," ","0",0,"P"," ","0",0,"P"," ","0",0,"P"," ","0",0,"P"," ","0",0,"P"," ","0",0,"P"," ","0",0,"P"," ","0",0,"P"," ","0",0,"P"," ","0",0,"P"," ","0",0,"P"," ","0",0,"P"," ","0",0,"P"," ","0",0,"P"," ","0"
"2821","USC00413787",1985,8,"TMAX",317," "," ","0",344," "," ","0",372," "," ","0",333," "," ","0",344," "," ","0",394," "," ","0",378," "," ","0",389," "," ","0",400," "," ","0",350," "," ","0",350," "," ","0",344," "," ","0",339," "," ","0",322," "," ","0",300," "," ","0",344," "," ","0",339," "," ","0",344," "," ","0",294," "," ","0",367," "," ","0",356," "," ","0",350," "," ","0",350," "," ","0",306," "," ","0",339," "," ","0",339," "," ","0",361," "," ","0",367," "," ","0",389," "," ","0",400," "," ","0",383," "," ","0"
"2822","USC00413787",1985,8,"TMIN",194," "," ","0",172," "," ","0",206," "," ","0",178," "," ","0",189," "," ","0",178," "," ","0",178," "," ","0",183," "," ","0",228," "," ","0",144," "," ","0",200," "," ","0",211," "," ","0",183," "," ","0",156," "," ","0",172," "," ","0",150," "," ","0",189," "," ","0",172," "," ","0",167," "," ","0",178," "," ","0",189," "," ","0",183," "," ","0",183," "," ","0",167," "," ","0",139," "," ","0",156," "," ","0",156," "," ","0",189," "," ","0",189," "," ","0",178," "," ","0",150," "," ","0"
"2823","USC00413787",1985,8,"TOBS",294," "," ","0",339," "," ","0",328," "," ","0",317," "," ","0",328," "," ","0",361," "," ","0",367," "," ","0",378," "," ","0",350," "," ","0",283," "," ","0",339," "," ","0",333," "," ","0",322," "," ","0",233," "," ","0",289," "," ","0",339," "," ","0",311," "," ","0",278," "," ","0",289," "," ","0",350," "," ","0",344," "," ","0",350," "," ","0",306," "," ","0",283," "," ","0",322," "," ","0",333," "," ","0",350," "," ","0",339," "," ","0",367," "," ","0",378," "," ","0",361," "," ","0"
"2824","USC00413787",1985,8,"PRCP",0,"P"," ","0",135," "," ","0",0,"P"," ","0",38," "," ","0",0,"P"," ","0",0,"P"," ","0",0,"P"," ","0",0,"P"," ","0",0,"P"," ","0",20," "," ","0",0,"P"," ","0",0,"P"," ","0",0,"P"," ","0",15," "," ","0",0,"P"," ","0",114," "," ","0",0,"P"," ","0",0,"P"," ","0",8," "," ","0",0,"P"," ","0",0,"P"," ","0",0,"P"," ","0",0,"P"," ","0",20," "," ","0",0,"P"," ","0",0,"P"," ","0",0,"P"," ","0",0,"P"," ","0",0,"P"," ","0",0,"P"," ","0",0,"P"," ","0"
"2825","USC00413787",1985,8,"SNOW",0,"P"," ","0",0,"P"," ","0",0,"P"," ","0",0,"P"," ","0",0,"P"," ","0",0,"P"," ","0",0,"P"," ","0",0,"P"," ","0",0,"P"," ","0",0,"P"," ","0",0,"P"," ","0",0,"P"," ","0",0,"P"," ","0",0,"P"," ","0",0,"P"," ","0",0,"P"," ","0",0,"P"," ","0",0,"P"," ","0",0,"P"," ","0",0,"P"," ","0",0,"P"," ","0",0,"P"," ","0",0,"P"," ","0",0,"P"," ","0",0,"P"," ","0",0,"P"," ","0",0,"P"," ","0",0,"P"," ","0",0,"P"," ","0",0,"P"," ","0",0,"P"," ","0"
"2826","USC00413787",1985,8,"SNWD",0," "," ","0",0,"P"," ","0",0,"P"," ","0",0,"P"," ","0",0,"P"," ","0",0,"P"," ","0",0,"P"," ","0",0,"P"," ","0",0,"P"," ","0",0,"P"," ","0",0,"P"," ","0",0,"P"," ","0",0,"P"," ","0",0,"P"," ","0",0,"P"," ","0",0,"P"," ","0",0,"P"," ","0",0,"P"," ","0",0,"P"," ","0",0,"P"," ","0",0,"P"," ","0",0,"P"," ","0",0,"P"," ","0",0,"P"," ","0",0,"P"," ","0",0,"P"," ","0",0,"P"," ","0",0,"P"," ","0",0,"P"," ","0",0,"P"," ","0",0,"P"," ","0"
"2827","USC00413787",1985,9,"TMAX",367," "," ","0",361," "," ","0",378," "," ","0",361," "," ","0",367," "," ","0",367," "," ","0",361," "," ","0",356," "," ","0",350," "," ","0",356," "," ","0",333," "," ","0",278," "," ","0",289," "," ","0",256," "," ","0",267," "," ","0",311," "," ","0",339," "," ","0",328," "," ","0",256," "," ","0",244," "," ","0",206," "," ","0",250," "," ","0",178," "," ","0",217," "," ","0",211," "," ","0",NA," "," "," ",294," "," ","0",283," "," ","0",111," "," ","0",100," "," ","0",NA," "," "," "
"2828","USC00413787",1985,9,"TMIN",200," "," ","0",178," "," ","0",178," "," ","0",178," "," ","0",161," "," ","0",167," "," ","0",167," "," ","0",172," "," ","0",183," "," ","0",178," "," ","0",167," "," ","0",161," "," ","0",156," "," ","0",161," "," ","0",161," "," ","0",172," "," ","0",167," "," ","0",194," "," ","0",167," "," ","0",89," "," ","0",72," "," ","0",122," "," ","0",39," "," ","0",67," "," ","0",89," "," ","0",NA," "," "," ",67," "," ","0",61," "," ","0",-6," "," ","0",-28," "," ","0",NA," "," "," "
"2829","USC00413787",1985,9,"TOBS",328," "," ","0",339," "," ","0",361," "," ","0",328," "," ","0",344," "," ","0",339," "," ","0",344," "," ","0",333," "," ","0",272," "," ","0",333," "," ","0",183," "," ","0",267," "," ","0",256," "," ","0",200," "," ","0",239," "," ","0",294," "," ","0",328," "," ","0",256," "," ","0",244," "," ","0",100," "," ","0",200," "," ","0",139," "," ","0",167," "," ","0",211," "," ","0",167," "," ","0",NA," "," "," ",283," "," ","0",111," "," ","0",44," "," ","0",83," "," ","0",NA," "," "," "
"2830","USC00413787",1985,9,"PRCP",0,"P"," ","0",0,"P"," ","0",0,"P"," ","0",0,"P"," ","0",0,"P"," ","0",0,"P"," ","0",0,"P"," ","0",0,"P"," ","0",0,"P"," ","0",0,"P"," ","0",185," "," ","0",462," "," ","0",0,"P"," ","0",0,"P"," ","0",0,"P"," ","0",3," "," ","0",0,"P"," ","0",0,"P"," ","0",165," "," ","0",137," "," ","0",28," "," ","0",152," "," ","0",5," "," ","0",0,"P"," ","0",0,"P"," ","0",0," "," ","0",0,"P"," ","0",0,"P"," ","0",328," "," ","0",0,"P"," ","0",NA," "," "," "
"2831","USC00413787",1985,9,"SNOW",0,"P"," ","0",0,"P"," ","0",0,"P"," ","0",0,"P"," ","0",0,"P"," ","0",0,"P"," ","0",0,"P"," ","0",0,"P"," ","0",0,"P"," ","0",0,"P"," ","0",0,"P"," ","0",0,"P"," ","0",0,"P"," ","0",0,"P"," ","0",0,"P"," ","0",0,"P"," ","0",0,"P"," ","0",0,"P"," ","0",0,"P"," ","0",0,"P"," ","0",0,"P"," ","0",0,"P"," ","0",0,"P"," ","0",0,"P"," ","0",0,"P"," ","0",0,"P"," ","0",0,"P"," ","0",0,"P"," ","0",0,"P"," ","0",0,"P"," ","0",NA," "," "," "
"2832","USC00413787",1985,9,"SNWD",0," "," ","0",0,"P"," ","0",0,"P"," ","0",0,"P"," ","0",0,"P"," ","0",0,"P"," ","0",0,"P"," ","0",0,"P"," ","0",0,"P"," ","0",0,"P"," ","0",0,"P"," ","0",0,"P"," ","0",0,"P"," ","0",0,"P"," ","0",0,"P"," ","0",0,"P"," ","0",0,"P"," ","0",0,"P"," ","0",0,"P"," ","0",0,"P"," ","0",0,"P"," ","0",0,"P"," ","0",0,"P"," ","0",0,"P"," ","0",0,"P"," ","0",0,"P"," ","0",0,"P"," ","0",0,"P"," ","0",0,"P"," ","0",0,"P"," ","0",NA," "," "," "
"2833","USC00413787",1985,9,"WT05",NA," "," "," ",NA," "," "," ",NA," "," "," ",NA," "," "," ",NA," "," "," ",NA," "," "," ",NA," "," "," ",NA," "," "," ",NA," "," "," ",NA," "," "," ",NA," "," "," ",NA," "," "," ",NA," "," "," ",NA," "," "," ",NA," "," "," ",NA," "," "," ",NA," "," "," ",NA," "," "," ",NA," "," "," ",NA," "," "," ",NA," "," "," ",1," "," ","0",NA," "," "," ",NA," "," "," ",NA," "," "," ",NA," "," "," ",NA," "," "," ",NA," "," "," ",NA," "," "," ",NA," "," "," ",NA," "," "," "
"2834","USC00413787",1985,10,"TMAX",144," "," ","0",228," "," ","0",283," "," ","0",267," "," ","0",211," "," ","0",283," "," ","0",300," "," ","0",278," "," ","0",200," "," ","0",111," "," ","0",228," "," ","0",217," "," ","0",211," "," ","0",161," "," ","0",228," "," ","0",211," "," ","0",222," "," ","0",217," "," ","0",194," "," ","0",233," "," ","0",244," "," ","0",256," "," ","0",239," "," ","0",267," "," ","0",233," "," ","0",244," "," ","0",239," "," ","0",217," "," ","0",183," "," ","0",144," "," ","0",200," "," ","0"
"2835","USC00413787",1985,10,"TMIN",11," "," ","0",44," "," ","0",72," "," ","0",56," "," ","0",0," "," ","0",39," "," ","0",150," "," ","0",144," "," ","0",28," "," ","0",22," "," ","0",72," "," ","0",67," "," ","0",78," "," ","0",67," "," ","0",17," "," ","0",78," "," ","0",122," "," ","0",94," "," ","0",94," "," ","0",44," "," ","0",106," "," ","0",128," "," ","0",50," "," ","0",122," "," ","0",50," "," ","0",56," "," ","0",72," "," ","0",72," "," ","0",56," "," ","0",22," "," ","0",0," "," ","0"
"2836","USC00413787",1985,10,"TOBS",128," "," ","0",211," "," ","0",267," "," ","0",150," "," ","0",200," "," ","0",261," "," ","0",278," "," ","0",200," "," ","0",39," "," ","0",100," "," ","0",211," "," ","0",200," "," ","0",161," "," ","0",139," "," ","0",206," "," ","0",167," "," ","0",206," "," ","0",194," "," ","0",144," "," ","0",217," "," ","0",211," "," ","0",239," "," ","0",206," "," ","0",239," "," ","0",211," "," ","0",211," "," ","0",172," "," ","0",156," "," ","0",111," "," ","0",100," "," ","0",139," "," ","0"
"2837","USC00413787",1985,10,"PRCP",0,"P"," ","0",0,"P"," ","0",0,"P"," ","0",0,"P"," ","0",0,"P"," ","0",0,"P"," ","0",0,"P"," ","0",66," "," ","0",480," "," ","0",170," "," ","0",33," "," ","0",0,"P"," ","0",0,"P"," ","0",0,"P"," ","0",0,"P"," ","0",0,"P"," ","0",0,"P"," ","0",0,"P"," ","0",0,"P"," ","0",0,"P"," ","0",0,"P"," ","0",0,"P"," ","0",0,"P"," ","0",0,"P"," ","0",0,"P"," ","0",0,"P"," ","0",0,"P"," ","0",0,"P"," ","0",0,"P"," ","0",0,"P"," ","0",0,"P"," ","0"
"2838","USC00413787",1985,10,"SNOW",0,"P"," ","0",0,"P"," ","0",0,"P"," ","0",0,"P"," ","0",0,"P"," ","0",0,"P"," ","0",0,"P"," ","0",0,"P"," ","0",0,"P"," ","0",0,"P"," ","0",0,"P"," ","0",0,"P"," ","0",0,"P"," ","0",0,"P"," ","0",0,"P"," ","0",0,"P"," ","0",0,"P"," ","0",0,"P"," ","0",0,"P"," ","0",0,"P"," ","0",0,"P"," ","0",0,"P"," ","0",0,"P"," ","0",0,"P"," ","0",0,"P"," ","0",0,"P"," ","0",0,"P"," ","0",0,"P"," ","0",0,"P"," ","0",0,"P"," ","0",0,"P"," ","0"
"2839","USC00413787",1985,10,"SNWD",0," "," ","0",0,"P"," ","0",0,"P"," ","0",0,"P"," ","0",0,"P"," ","0",0,"P"," ","0",0,"P"," ","0",0,"P"," ","0",0,"P"," ","0",0,"P"," ","0",0,"P"," ","0",0,"P"," ","0",0,"P"," ","0",0,"P"," ","0",0,"P"," ","0",0,"P"," ","0",0,"P"," ","0",0,"P"," ","0",0,"P"," ","0",0,"P"," ","0",0,"P"," ","0",0,"P"," ","0",0,"P"," ","0",0,"P"," ","0",0,"P"," ","0",0,"P"," ","0",0,"P"," ","0",0,"P"," ","0",0,"P"," ","0",0,"P"," ","0",0,"P"," ","0"
"2840","USC00413787",1985,10,"WT03",NA," "," "," ",NA," "," "," ",NA," "," "," ",NA," "," "," ",NA," "," "," ",NA," "," "," ",NA," "," "," ",1," "," ","0",NA," "," "," ",NA," "," "," ",NA," "," "," ",NA," "," "," ",NA," "," "," ",NA," "," "," ",NA," "," "," ",NA," "," "," ",NA," "," "," ",NA," "," "," ",NA," "," "," ",NA," "," "," ",NA," "," "," ",NA," "," "," ",NA," "," "," ",NA," "," "," ",NA," "," "," ",NA," "," "," ",NA," "," "," ",NA," "," "," ",NA," "," "," ",NA," "," "," ",NA," "," "," "
"2841","USC00413787",1985,11,"TMAX",139," "," ","0",189," "," ","0",189," "," ","0",250," "," ","0",256," "," ","0",189," "," ","0",183," "," ","0",217," "," ","0",172," "," ","0",17," "," ","0",72," "," ","0",183," "," ","0",139," "," ","0",100," "," ","0",100," "," ","0",189," "," ","0",217," "," ","0",167," "," ","0",94," "," ","0",72," "," ","0",144," "," ","0",106," "," ","0",44," "," ","0",194," "," ","0",233," "," ","0",172," "," ","0",-6," "," ","0",0," "," ","0",-6," "," ","0",-6," "," ","0",NA," "," "," "
"2842","USC00413787",1985,11,"TMIN",67," "," ","0",-39," "," ","0",22," "," ","0",11," "," ","0",72," "," ","0",22," "," ","0",-22," "," ","0",56," "," ","0",6," "," ","0",-33," "," ","0",-22," "," ","0",39," "," ","0",33," "," ","0",0," "," ","0",-22," "," ","0",-33," "," ","0",6," "," ","0",11," "," ","0",-39," "," ","0",-89," "," ","0",-72," "," ","0",-28," "," ","0",-78," "," ","0",-44," "," ","0",0," "," ","0",-39," "," ","0",-56," "," ","0",-33," "," ","0",-28," "," ","0",-106," "," ","0",NA," "," "," "
"2843","USC00413787",1985,11,"TOBS",83," "," ","0",117," "," ","0",139," "," ","0",150," "," ","0",189," "," ","0",61," "," ","0",122," "," ","0",172," "," ","0",17," "," ","0",-11," "," ","0",44," "," ","0",122," "," ","0",100," "," ","0",6," "," ","0",56," "," ","0",100," "," ","0",144," "," ","0",94," "," ","0",-28," "," ","0",11," "," ","0",106," "," ","0",33," "," ","0",-6," "," ","0",56," "," ","0",172," "," ","0",-39," "," ","0",-11," "," ","0",-6," "," ","0",-11," "," ","0",-106," "," ","0",NA," "," "," "
"2844","USC00413787",1985,11,"PRCP",0,"P"," ","0",0,"P"," ","0",0,"P"," ","0",0,"P"," ","0",0,"P"," ","0",0,"P"," ","0",0,"P"," ","0",0,"P"," ","0",0,"P"," ","0",0,"P"," ","0",0,"P"," ","0",0,"P"," ","0",0,"P"," ","0",178," "," ","0",0,"P"," ","0",0,"P"," ","0",0,"P"," ","0",0,"P"," ","0",0,"P"," ","0",0,"P"," ","0",0,"P"," ","0",0,"P"," ","0",0,"P"," ","0",0,"P"," ","0",0,"P"," ","0",0,"P"," ","0",0,"P"," ","0",0,"P"," ","0",0,"P"," ","0",18," "," ","0",NA," "," "," "
"2845","USC00413787",1985,11,"SNOW",0,"P"," ","0",0,"P"," ","0",0,"P"," ","0",0,"P"," ","0",0,"P"," ","0",0,"P"," ","0",0,"P"," ","0",0,"P"," ","0",0,"P"," ","0",0,"P"," ","0",0,"P"," ","0",0,"P"," ","0",0,"P"," ","0",0,"P"," ","0",0,"P"," ","0",0,"P"," ","0",0,"P"," ","0",0,"P"," ","0",0,"P"," ","0",0,"P"," ","0",0,"P"," ","0",0,"P"," ","0",0,"P"," ","0",0,"P"," ","0",0,"P"," ","0",0,"P"," ","0",0,"P"," ","0",0,"P"," ","0",0,"P"," ","0",51," "," ","0",NA," "," "," "
"2846","USC00413787",1985,11,"SNWD",0," "," ","0",0,"P"," ","0",0,"P"," ","0",0,"P"," ","0",0,"P"," ","0",0,"P"," ","0",0,"P"," ","0",0,"P"," ","0",0,"P"," ","0",0,"P"," ","0",0,"P"," ","0",0,"P"," ","0",0,"P"," ","0",0,"P"," ","0",0,"P"," ","0",0,"P"," ","0",0,"P"," ","0",0,"P"," ","0",0,"P"," ","0",0,"P"," ","0",0,"P"," ","0",0,"P"," ","0",0,"P"," ","0",0,"P"," ","0",0,"P"," ","0",0,"P"," ","0",0,"P"," ","0",0,"P"," ","0",0,"P"," ","0",NA," "," "," ",NA," "," "," "
"2847","USC00413787",1985,11,"WT01",NA," "," "," ",NA," "," "," ",NA," "," "," ",NA," "," "," ",NA," "," "," ",NA," "," "," ",NA," "," "," ",NA," "," "," ",NA," "," "," ",NA," "," "," ",NA," "," "," ",NA," "," "," ",NA," "," "," ",NA," "," "," ",NA," "," "," ",NA," "," "," ",NA," "," "," ",NA," "," "," ",NA," "," "," ",NA," "," "," ",NA," "," "," ",NA," "," "," ",NA," "," "," ",NA," "," "," ",NA," "," "," ",NA," "," "," ",NA," "," "," ",NA," "," "," ",1," "," ","0",NA," "," "," ",NA," "," "," "
"2848","USC00413787",1985,11,"WT03",NA," "," "," ",NA," "," "," ",NA," "," "," ",NA," "," "," ",NA," "," "," ",NA," "," "," ",NA," "," "," ",NA," "," "," ",NA," "," "," ",NA," "," "," ",NA," "," "," ",NA," "," "," ",NA," "," "," ",1," "," ","0",NA," "," "," ",NA," "," "," ",NA," "," "," ",NA," "," "," ",NA," "," "," ",NA," "," "," ",NA," "," "," ",NA," "," "," ",NA," "," "," ",NA," "," "," ",NA," "," "," ",NA," "," "," ",NA," "," "," ",NA," "," "," ",NA," "," "," ",NA," "," "," ",NA," "," "," "
"2849","USC00413787",1985,11,"WT04",NA," "," "," ",NA," "," "," ",NA," "," "," ",NA," "," "," ",NA," "," "," ",NA," "," "," ",NA," "," "," ",NA," "," "," ",NA," "," "," ",NA," "," "," ",NA," "," "," ",NA," "," "," ",NA," "," "," ",1," "," ","0",NA," "," "," ",NA," "," "," ",NA," "," "," ",NA," "," "," ",NA," "," "," ",NA," "," "," ",NA," "," "," ",NA," "," "," ",NA," "," "," ",NA," "," "," ",NA," "," "," ",NA," "," "," ",NA," "," "," ",NA," "," "," ",NA," "," "," ",NA," "," "," ",NA," "," "," "
"2850","USC00413787",1985,12,"TMAX",-89," "," ","0",-72," "," ","0",28," "," ","0",89," "," ","0",156," "," ","0",156," "," ","0",133," "," ","0",128," "," ","0",78," "," ","0",-17," "," ","0",-67," "," ","0",-22," "," ","0",6," "," ","0",100," "," ","0",100," "," ","0",94," "," ","0",122," "," ","0",83," "," ","0",117," "," ","0",128," "," ","0",189," "," ","0",150," "," ","0",156," "," ","0",89," "," ","0",89," "," ","0",150," "," ","0",61," "," ","0",111," "," ","0",156," "," ","0",167," "," ","0",106," "," ","0"
"2851","USC00413787",1985,12,"TMIN",-161," "," ","0",-161," "," ","0",-83," "," ","0",-56," "," ","0",-44," "," ","0",-28," "," ","0",-6," "," ","0",-33," "," ","0",-17," "," ","0",-67," "," ","0",-100," "," ","0",-89," "," ","0",-117," "," ","0",-100," "," ","0",-56," "," ","0",-50," "," ","0",-56," "," ","0",-50," "," ","0",-72," "," ","0",-61," "," ","0",-44," "," ","0",6," "," ","0",-17," "," ","0",-22," "," ","0",-67," "," ","0",-11," "," ","0",-56," "," ","0",-56," "," ","0",-72," "," ","0",-39," "," ","0",-33," "," ","0"
"2852","USC00413787",1985,12,"TOBS",-111," "," ","0",-78," "," ","0",-22," "," ","0",33," "," ","0",67," "," ","0",111," "," ","0",83," "," ","0",78," "," ","0",-17," "," ","0",-67," "," ","0",-72," "," ","0",-44," "," ","0",-28," "," ","0",11," "," ","0",22," "," ","0",28," "," ","0",39," "," ","0",28," "," ","0",33," "," ","0",67," "," ","0",94," "," ","0",94," "," ","0",89," "," ","0",-17," "," ","0",56," "," ","0",61," "," ","0",11," "," ","0",56," "," ","0",78," "," ","0",78," "," ","0",39," "," ","0"
"2853","USC00413787",1985,12,"PRCP",0,"P"," ","0",0,"P"," ","0",0,"P"," ","0",0,"P"," ","0",0,"P"," ","0",0,"P"," ","0",0,"P"," ","0",0,"P"," ","0",0,"P"," ","0",0,"T"," ","0",0,"P"," ","0",0,"P"," ","0",0,"P"," ","0",0,"P"," ","0",0,"P"," ","0",0,"P"," ","0",0,"P"," ","0",0,"P"," ","0",0,"P"," ","0",0,"P"," ","0",0,"P"," ","0",0,"P"," ","0",0,"P"," ","0",0,"P"," ","0",0,"P"," ","0",0,"P"," ","0",0,"P"," ","0",0,"P"," ","0",0,"P"," ","0",0,"P"," ","0",0,"P"," ","0"
"2854","USC00413787",1985,12,"SNOW",0,"P"," ","0",0,"P"," ","0",0,"P"," ","0",0,"P"," ","0",0,"P"," ","0",0,"P"," ","0",0,"P"," ","0",0,"P"," ","0",0,"P"," ","0",0,"P"," ","0",0,"P"," ","0",0,"P"," ","0",0,"P"," ","0",0,"P"," ","0",0,"P"," ","0",0,"P"," ","0",0,"P"," ","0",0,"P"," ","0",0,"P"," ","0",0,"P"," ","0",0,"P"," ","0",0,"P"," ","0",0,"P"," ","0",0,"P"," ","0",0,"P"," ","0",0,"P"," ","0",0,"P"," ","0",0,"P"," ","0",0,"P"," ","0",0,"P"," ","0",0,"P"," ","0"
"2855","USC00413787",1985,12,"SNWD",0," "," ","0",0,"P"," ","0",0,"P"," ","0",0,"P"," ","0",0,"P"," ","0",0,"P"," ","0",0,"P"," ","0",0,"P"," ","0",0,"P"," ","0",0,"P"," ","0",0,"P"," ","0",0,"P"," ","0",0,"P"," ","0",0,"P"," ","0",0,"P"," ","0",0,"P"," ","0",0,"P"," ","0",0,"P"," ","0",0,"P"," ","0",0,"P"," ","0",0,"P"," ","0",0,"P"," ","0",0,"P"," ","0",0,"P"," ","0",0,"P"," ","0",0,"P"," ","0",0,"P"," ","0",0,"P"," ","0",0,"P"," ","0",0,"P"," ","0",0,"P"," ","0"
"2856","USC00413787",1985,12,"WT01",NA," "," "," ",NA," "," "," ",NA," "," "," ",NA," "," "," ",NA," "," "," ",NA," "," "," ",NA," "," "," ",NA," "," "," ",1," "," ","0",1," "," ","0",NA," "," "," ",NA," "," "," ",NA," "," "," ",NA," "," "," ",NA," "," "," ",NA," "," "," ",NA," "," "," ",NA," "," "," ",NA," "," "," ",NA," "," "," ",NA," "," "," ",NA," "," "," ",NA," "," "," ",NA," "," "," ",NA," "," "," ",NA," "," "," ",NA," "," "," ",NA," "," "," ",NA," "," "," ",NA," "," "," ",NA," "," "," "
"2857","USC00413787",1985,12,"WT06",NA," "," "," ",NA," "," "," ",NA," "," "," ",NA," "," "," ",NA," "," "," ",NA," "," "," ",NA," "," "," ",NA," "," "," ",NA," "," "," ",1," "," ","0",NA," "," "," ",NA," "," "," ",NA," "," "," ",NA," "," "," ",NA," "," "," ",NA," "," "," ",NA," "," "," ",NA," "," "," ",NA," "," "," ",NA," "," "," ",NA," "," "," ",NA," "," "," ",NA," "," "," ",NA," "," "," ",NA," "," "," ",NA," "," "," ",NA," "," "," ",NA," "," "," ",NA," "," "," ",NA," "," "," ",NA," "," "," "
"2858","USC00413787",1986,1,"TMAX",161," "," ","0",100," "," ","0",122," "," ","0",72," "," ","0",128," "," ","0",117," "," ","0",50," "," ","0",78," "," ","0",156," "," ","0",139," "," ","0",206," "," ","0",139," "," ","0",206," "," ","0",156," "," ","0",206," "," ","0",161," "," ","0",194," "," ","0",133," "," ","0",256," "," ","0",261," "," ","0",183," "," ","0",100," "," ","0",172," "," ","0",133," "," ","0",133," "," ","0",94," "," ","0",178," "," ","0",239," "," ","0",167," "," ","0",256," "," ","0",233," "," ","0"
"2859","USC00413787",1986,1,"TMIN",-39," "," ","0",-33," "," ","0",-56," "," ","0",-39," "," ","0",-106," "," ","0",-39," "," ","0",-94," "," ","0",-106," "," ","0",-78," "," ","0",-22," "," ","0",-44," "," ","0",-33," "," ","0",-44," "," ","0",-33," "," ","0",-33," "," ","0",0," "," ","0",-17," "," ","0",17," "," ","0",-6," "," ","0",-11," "," ","0",39," "," ","0",-89," "," ","0",-17," "," ","0",33," "," ","0",-28," "," ","0",-67," "," ","0",-94," "," ","0",-17," "," ","0",6," "," ","0",22," "," ","0",33," "," ","0"
"2860","USC00413787",1986,1,"TOBS",94," "," ","0",56," "," ","0",72," "," ","0",0," "," ","0",72," "," ","0",50," "," ","0",-44," "," ","0",17," "," ","0",72," "," ","0",78," "," ","0",128," "," ","0",100," "," ","0",128," "," ","0",106," "," ","0",144," "," ","0",100," "," ","0",128," "," ","0",94," "," ","0",183," "," ","0",183," "," ","0",67," "," ","0",50," "," ","0",128," "," ","0",89," "," ","0",50," "," ","0",44," "," ","0",106," "," ","0",167," "," ","0",83," "," ","0",206," "," ","0",178," "," ","0"
"2861","USC00413787",1986,1,"PRCP",0,"P"," ","0",0,"P"," ","0",0,"P"," ","0",0,"P"," ","0",0,"P"," ","0",0,"P"," ","0",0,"P"," ","0",0,"P"," ","0",0,"P"," ","0",0,"P"," ","0",0,"P"," ","0",0,"P"," ","0",0,"P"," ","0",0,"P"," ","0",0,"P"," ","0",0,"P"," ","0",0,"P"," ","0",0,"P"," ","0",0,"P"," ","0",0,"P"," ","0",0,"P"," ","0",0,"P"," ","0",0,"P"," ","0",0,"P"," ","0",0,"P"," ","0",0,"P"," ","0",0,"P"," ","0",0,"P"," ","0",0,"P"," ","0",0,"P"," ","0",0,"P"," ","0"
"2862","USC00413787",1986,1,"SNOW",0,"P"," ","0",0,"P"," ","0",0,"P"," ","0",0,"P"," ","0",0,"P"," ","0",0,"P"," ","0",0,"P"," ","0",0,"P"," ","0",0,"P"," ","0",0,"P"," ","0",0,"P"," ","0",0,"P"," ","0",0,"P"," ","0",0,"P"," ","0",0,"P"," ","0",0,"P"," ","0",0,"P"," ","0",0,"P"," ","0",0,"P"," ","0",0,"P"," ","0",0,"P"," ","0",0,"P"," ","0",0,"P"," ","0",0,"P"," ","0",0,"P"," ","0",0,"P"," ","0",0,"P"," ","0",0,"P"," ","0",0,"P"," ","0",0,"P"," ","0",0,"P"," ","0"
"2863","USC00413787",1986,1,"SNWD",0," "," ","0",0,"P"," ","0",0,"P"," ","0",0,"P"," ","0",0,"P"," ","0",0,"P"," ","0",0,"P"," ","0",0,"P"," ","0",0,"P"," ","0",0,"P"," ","0",0,"P"," ","0",0,"P"," ","0",0,"P"," ","0",0,"P"," ","0",0,"P"," ","0",0,"P"," ","0",0,"P"," ","0",0,"P"," ","0",0,"P"," ","0",0,"P"," ","0",0,"P"," ","0",0,"P"," ","0",0,"P"," ","0",0,"P"," ","0",0,"P"," ","0",0,"P"," ","0",0,"P"," ","0",0,"P"," ","0",0,"P"," ","0",0,"P"," ","0",0,"P"," ","0"
"2864","USC00413787",1986,2,"TMAX",233," "," ","0",233," "," ","0",144," "," ","0",133," "," ","0",100," "," ","0",56," "," ","0",22," "," ","0",22," "," ","0",-72," "," ","0",-67," "," ","0",-106," "," ","0",-61," "," ","0",61," "," ","0",67," "," ","0",200," "," ","0",228," "," ","0",233," "," ","0",267," "," ","0",261," "," ","0",217," "," ","0",83," "," ","0",183," "," ","0",189," "," ","0",250," "," ","0",256," "," ","0",256," "," ","0",222," "," ","0",144," "," ","0",NA," "," "," ",NA," "," "," ",NA," "," "," "
"2865","USC00413787",1986,2,"TMIN",6," "," ","0",6," "," ","0",17," "," ","0",6," "," ","0",-17," "," ","0",-17," "," ","0",-67," "," ","0",-100," "," ","0",-100," "," ","0",-139," "," ","0",-217," "," ","0",-222," "," ","0",-78," "," ","0",-61," "," ","0",6," "," ","0",67," "," ","0",17," "," ","0",44," "," ","0",56," "," ","0",-50," "," ","0",-78," "," ","0",-39," "," ","0",-6," "," ","0",-17," "," ","0",6," "," ","0",50," "," ","0",67," "," ","0",-50," "," ","0",NA," "," "," ",NA," "," "," ",NA," "," "," "
"2866","USC00413787",1986,2,"TOBS",139," "," ","0",144," "," ","0",89," "," ","0",100," "," ","0",39," "," ","0",22," "," ","0",-67," "," ","0",-72," "," ","0",-100," "," ","0",-106," "," ","0",-133," "," ","0",-78," "," ","0",56," "," ","0",28," "," ","0",156," "," ","0",194," "," ","0",172," "," ","0",217," "," ","0",217," "," ","0",-22," "," ","0",67," "," ","0",150," "," ","0",167," "," ","0",206," "," ","0",228," "," ","0",222," "," ","0",106," "," ","0",122," "," ","0",NA," "," "," ",NA," "," "," ",NA," "," "," "
"2867","USC00413787",1986,2,"PRCP",0,"P"," ","0",0,"T"," ","0",0,"P"," ","0",15," "," ","0",0,"P"," ","0",0,"P"," ","0",76," "," ","0",0,"T"," ","0",41," "," ","0",0,"P"," ","0",0,"P"," ","0",0,"P"," ","0",0,"P"," ","0",0,"P"," ","0",0,"P"," ","0",0,"P"," ","0",0,"P"," ","0",0,"P"," ","0",0,"P"," ","0",0,"P"," ","0",0,"P"," ","0",0,"P"," ","0",0,"P"," ","0",0,"P"," ","0",0,"P"," ","0",0,"P"," ","0",0,"P"," ","0",0,"P"," ","0",NA," "," "," ",NA," "," "," ",NA," "," "," "
"2868","USC00413787",1986,2,"SNOW",0,"P"," ","0",0,"P"," ","0",0,"P"," ","0",0,"P"," ","0",0,"P"," ","0",0,"P"," ","0",102," "," ","0",0,"T"," ","0",51," "," ","0",0,"P"," ","0",0,"P"," ","0",0,"P"," ","0",0,"P"," ","0",0,"P"," ","0",0,"P"," ","0",0,"P"," ","0",0,"P"," ","0",0,"P"," ","0",0,"P"," ","0",0,"P"," ","0",0,"P"," ","0",0,"P"," ","0",0,"P"," ","0",0,"P"," ","0",0,"P"," ","0",0,"P"," ","0",0,"P"," ","0",0,"P"," ","0",NA," "," "," ",NA," "," "," ",NA," "," "," "
"2869","USC00413787",1986,3,"TMAX",250," "," ","0",217," "," ","0",178," "," ","0",206," "," ","0",178," "," ","0",233," "," ","0",206," "," ","0",250," "," ","0",256," "," ","0",189," "," ","0",183," "," ","0",150," "," ","0",133," "," ","0",156," "," ","0",156," "," ","0",161," "," ","0",239," "," ","0",161," "," ","0",106," "," ","0",94," "," ","0",200," "," ","0",267," "," ","0",233," "," ","0",267," "," ","0",283," "," ","0",233," "," ","0",261," "," ","0",283," "," ","0",294," "," ","0",300," "," ","0",294," "," ","0"
"2870","USC00413787",1986,3,"TMIN",-17," "," ","0",28," "," ","0",39," "," ","0",-17," "," ","0",56," "," ","0",-22," "," ","0",-33," "," ","0",-44," "," ","0",133," "," ","0",22," "," ","0",78," "," ","0",44," "," ","0",-28," "," ","0",-22," "," ","0",-22," "," ","0",50," "," ","0",61," "," ","0",6," "," ","0",-28," "," ","0",-6," "," ","0",-6," "," ","0",39," "," ","0",22," "," ","0",67," "," ","0",106," "," ","0",61," "," ","0",39," "," ","0",100," "," ","0",106," "," ","0",72," "," ","0",89," "," ","0"
"2871","USC00413787",1986,3,"TOBS",217," "," ","0",167," "," ","0",156," "," ","0",156," "," ","0",144," "," ","0",206," "," ","0",50," "," ","0",228," "," ","0",144," "," ","0",156," "," ","0",150," "," ","0",117," "," ","0",100," "," ","0",106," "," ","0",100," "," ","0",139," "," ","0",161," "," ","0",56," "," ","0",78," "," ","0",72," "," ","0",178," "," ","0",217," "," ","0",217," "," ","0",217," "," ","0",233," "," ","0",172," "," ","0",233," "," ","0",250," "," ","0",256," "," ","0",278," "," ","0",267," "," ","0"
"2872","USC00413787",1986,3,"PRCP",0,"P"," ","0",0,"P"," ","0",0,"P"," ","0",0,"P"," ","0",0,"P"," ","0",0,"P"," ","0",0,"P"," ","0",0,"P"," ","0",0,"T"," ","0",51," "," ","0",0,"P"," ","0",0,"P"," ","0",0,"P"," ","0",13," "," ","0",10," "," ","0",0,"P"," ","0",0,"P"," ","0",71," "," ","0",0,"P"," ","0",0,"T"," ","0",0,"P"," ","0",0,"P"," ","0",0,"P"," ","0",0,"P"," ","0",0,"P"," ","0",0,"P"," ","0",0,"P"," ","0",0,"P"," ","0",0,"P"," ","0",0,"P"," ","0",0,"P"," ","0"
"2873","USC00413787",1986,3,"SNOW",0,"P"," ","0",0,"P"," ","0",0,"P"," ","0",0,"P"," ","0",0,"P"," ","0",0,"P"," ","0",0,"P"," ","0",0,"P"," ","0",0,"P"," ","0",0,"P"," ","0",0,"P"," ","0",0,"P"," ","0",0,"P"," ","0",0,"P"," ","0",0,"P"," ","0",0,"P"," ","0",0,"P"," ","0",0,"T"," ","0",0,"P"," ","0",0,"P"," ","0",0,"P"," ","0",0,"P"," ","0",0,"P"," ","0",0,"P"," ","0",0,"P"," ","0",0,"P"," ","0",0,"P"," ","0",0,"P"," ","0",0,"P"," ","0",0,"P"," ","0",0,"P"," ","0"
"2874","USC00413787",1986,3,"WT05",NA," "," "," ",NA," "," "," ",NA," "," "," ",NA," "," "," ",NA," "," "," ",NA," "," "," ",NA," "," "," ",NA," "," "," ",NA," "," "," ",NA," "," "," ",NA," "," "," ",NA," "," "," ",NA," "," "," ",1," "," ","0",1," "," ","0",NA," "," "," ",NA," "," "," ",NA," "," "," ",NA," "," "," ",NA," "," "," ",NA," "," "," ",NA," "," "," ",NA," "," "," ",NA," "," "," ",NA," "," "," ",NA," "," "," ",NA," "," "," ",NA," "," "," ",NA," "," "," ",NA," "," "," ",NA," "," "," "
"2875","USC00413787",1986,4,"TMAX",267," "," ","0",244," "," ","0",194," "," ","0",178," "," ","0",228," "," ","0",283," "," ","0",294," "," ","0",272," "," ","0",150," "," ","0",200," "," ","0",167," "," ","0",217," "," ","0",294," "," ","0",178," ","I","0",178," "," ","0",239," "," ","0",283," "," ","0",250," "," ","0",178," "," ","0",233," "," ","0",228," "," ","0",278," "," ","0",317," "," ","0",300," "," ","0",289," "," ","0",289," "," ","0",256," "," ","0",272," "," ","0",333," "," ","0",322," "," ","0",NA," "," "," "
"2876","USC00413787",1986,4,"TMIN",56," "," ","0",56," "," ","0",50," "," ","0",11," "," ","0",22," "," ","0",44," "," ","0",122," "," ","0",117," "," ","0",72," "," ","0",33," "," ","0",72," "," ","0",56," "," ","0",111," "," ","0",-11," "," ","0",0," "," ","0",28," "," ","0",106," "," ","0",33," "," ","0",67," "," ","0",56," "," ","0",78," "," ","0",94," "," ","0",128," "," ","0",111," "," ","0",144," "," ","0",122," "," ","0",61," "," ","0",39," "," ","0",122," "," ","0",156," "," ","0",NA," "," "," "
"2877","USC00413787",1986,4,"TOBS",133," "," ","0",189," "," ","0",106," "," ","0",161," "," ","0",200," "," ","0",250," "," ","0",272," "," ","0",150," "," ","0",106," "," ","0",167," "," ","0",144," "," ","0",200," "," ","0",267," ","I","0",150," "," ","0",161," "," ","0",206," "," ","0",250," "," ","0",172," "," ","0",150," "," ","0",222," "," ","0",206," "," ","0",256," "," ","0",289," "," ","0",278," "," ","0",261," "," ","0",261," "," ","0",150," "," ","0",267," "," ","0",322," "," ","0",228," "," ","0",NA," "," "," "
"2878","USC00413787",1986,4,"PRCP",0,"P"," ","0",0,"P"," ","0",79," "," ","0",0,"P"," ","0",0,"P"," ","0",0,"P"," ","0",0,"P"," ","0",0,"P"," ","0",30," "," ","0",0,"P"," ","0",0,"P"," ","0",0,"P"," ","0",0,"P"," ","0",0,"P"," ","0",0,"P"," ","0",0,"P"," ","0",8," "," ","0",0,"P"," ","0",0,"P"," ","0",0,"P"," ","0",0,"T"," ","0",0,"P"," ","0",0,"P"," ","0",0,"P"," ","0",0,"P"," ","0",0,"P"," ","0",71," "," ","0",0,"P"," ","0",0,"P"," ","0",0,"P"," ","0",NA," "," "," "
"2879","USC00413787",1986,4,"SNOW",0,"P"," ","0",0,"P"," ","0",0,"P"," ","0",0,"P"," ","0",0,"P"," ","0",0,"P"," ","0",0,"P"," ","0",0,"P"," ","0",0,"P"," ","0",0,"P"," ","0",0,"P"," ","0",0,"P"," ","0",0,"P"," ","0",0,"P"," ","0",0,"P"," ","0",0,"P"," ","0",0,"P"," ","0",0,"P"," ","0",0,"P"," ","0",0,"P"," ","0",0,"P"," ","0",0,"P"," ","0",0,"P"," ","0",0,"P"," ","0",0,"P"," ","0",0,"P"," ","0",0,"P"," ","0",0,"P"," ","0",0,"P"," ","0",0,"P"," ","0",NA," "," "," "
"2880","USC00413787",1986,4,"SNWD",0," "," ","0",0,"P"," ","0",0,"P"," ","0",0,"P"," ","0",0,"P"," ","0",0,"P"," ","0",0,"P"," ","0",0,"P"," ","0",0,"P"," ","0",0,"P"," ","0",0,"P"," ","0",0,"P"," ","0",0,"P"," ","0",0,"P"," ","0",0,"P"," ","0",0,"P"," ","0",0,"P"," ","0",0,"P"," ","0",0,"P"," ","0",0,"P"," ","0",0,"P"," ","0",0,"P"," ","0",0,"P"," ","0",0,"P"," ","0",0,"P"," ","0",0,"P"," ","0",0,"P"," ","0",0,"P"," ","0",0,"P"," ","0",0,"P"," ","0",NA," "," "," "
"2881","USC00413787",1986,4,"WT03",NA," "," "," ",1," "," ","0",NA," "," "," ",NA," "," "," ",NA," "," "," ",NA," "," "," ",NA," "," "," ",NA," "," "," ",NA," "," "," ",NA," "," "," ",NA," "," "," ",NA," "," "," ",NA," "," "," ",NA," "," "," ",NA," "," "," ",NA," "," "," ",NA," "," "," ",NA," "," "," ",NA," "," "," ",NA," "," "," ",NA," "," "," ",NA," "," "," ",NA," "," "," ",NA," "," "," ",NA," "," "," ",NA," "," "," ",NA," "," "," ",NA," "," "," ",NA," "," "," ",NA," "," "," ",NA," "," "," "
"2882","USC00413787",1986,5,"TMAX",244," "," ","0",267," "," ","0",283," "," ","0",311," "," ","0",306," "," ","0",322," "," ","0",333," "," ","0",317," "," ","0",267," "," ","0",272," "," ","0",333," "," ","0",328," "," ","0",322," "," ","0",278," "," ","0",272," "," ","0",267," "," ","0",217," "," ","0",217," "," ","0",289," "," ","0",328," "," ","0",333," "," ","0",333," "," ","0",289," "," ","0",256," "," ","0",244," "," ","0",183," "," ","0",194," "," ","0",211," "," ","0",211," "," ","0",244," "," ","0",222," "," ","0"
"2883","USC00413787",1986,5,"TMIN",100," "," ","0",100," "," ","0",144," "," ","0",156," "," ","0",156," "," ","0",83," "," ","0",144," "," ","0",178," "," ","0",33," "," ","0",128," "," ","0",89," "," ","0",122," "," ","0",111," "," ","0",100," "," ","0",72," "," ","0",167," "," ","0",61," "," ","0",28," "," ","0",83," "," ","0",111," "," ","0",111," "," ","0",144," "," ","0",133," "," ","0",144," "," ","0",144," "," ","0",83," "," ","0",89," "," ","0",94," "," ","0",106," "," ","0",122," "," ","0",128," "," ","0"
"2884","USC00413787",1986,5,"TOBS",228," "," ","0",256," "," ","0",250," "," ","0",294," "," ","0",294," "," ","0",317," "," ","0",317," "," ","0",239," "," ","0",256," "," ","0",267," "," ","0",322," "," ","0",317," "," ","0",278," "," ","0",133," "," ","0",267," "," ","0",217," "," ","0",94," "," ","0",211," "," ","0",272," "," ","0",311," "," ","0",317," "," ","0",289," "," ","0",244," "," ","0",244," "," ","0",183," "," ","0",128," "," ","0",183," "," ","0",206," "," ","0",189," "," ","0",222," "," ","0",194," "," ","0"
"2885","USC00413787",1986,5,"PRCP",0,"P"," ","0",0,"P"," ","0",0,"P"," ","0",0,"P"," ","0",0,"P"," ","0",0,"P"," ","0",0,"P"," ","0",0,"P"," ","0",0,"P"," ","0",18," "," ","0",0,"P"," ","0",0,"P"," ","0",0,"P"," ","0",170," "," ","0",30," "," ","0",0,"P"," ","0",23," "," ","0",0,"P"," ","0",0,"P"," ","0",0,"P"," ","0",0,"P"," ","0",0,"P"," ","0",0,"P"," ","0",0,"P"," ","0",28," "," ","0",267," "," ","0",5," "," ","0",15," "," ","0",38," "," ","0",0,"P"," ","0",0,"P"," ","0"
"2886","USC00413787",1986,5,"SNOW",0,"P"," ","0",0,"P"," ","0",0,"P"," ","0",0,"P"," ","0",0,"P"," ","0",0,"P"," ","0",0,"P"," ","0",0,"P"," ","0",0,"P"," ","0",0,"P"," ","0",0,"P"," ","0",0,"P"," ","0",0,"P"," ","0",0,"P"," ","0",0,"P"," ","0",0,"P"," ","0",0,"P"," ","0",0,"P"," ","0",0,"P"," ","0",0,"P"," ","0",0,"P"," ","0",0,"P"," ","0",0,"P"," ","0",0,"P"," ","0",0,"P"," ","0",0,"P"," ","0",0,"P"," ","0",0,"P"," ","0",0,"P"," ","0",0,"P"," ","0",0,"P"," ","0"
"2887","USC00413787",1986,5,"SNWD",0," "," ","0",0,"P"," ","0",0,"P"," ","0",0,"P"," ","0",0,"P"," ","0",0,"P"," ","0",0,"P"," ","0",0,"P"," ","0",0,"P"," ","0",0,"P"," ","0",0,"P"," ","0",0,"P"," ","0",0,"P"," ","0",0,"P"," ","0",0,"P"," ","0",0,"P"," ","0",0,"P"," ","0",0,"P"," ","0",0,"P"," ","0",0,"P"," ","0",0,"P"," ","0",0,"P"," ","0",0,"P"," ","0",0,"P"," ","0",0,"P"," ","0",0,"P"," ","0",0,"P"," ","0",0,"P"," ","0",0,"P"," ","0",0,"P"," ","0",0,"P"," ","0"
"2888","USC00413787",1986,6,"TMAX",222," "," ","0",239," "," ","0",283," "," ","0",278," "," ","0",283," "," ","0",333," "," ","0",328," "," ","0",311," "," ","0",300," "," ","0",300," "," ","0",272," "," ","0",333," "," ","0",333," "," ","0",333," "," ","0",333," "," ","0",328," "," ","0",311," "," ","0",294," "," ","0",306," "," ","0",300," "," ","0",322," "," ","0",328," "," ","0",317," "," ","0",306," "," ","0",300," "," ","0",317," "," ","0",333," "," ","0",356," "," ","0",356," "," ","0",378," "," ","0",NA," "," "," "
"2889","USC00413787",1986,6,"TMIN",144," "," ","0",161," "," ","0",150," "," ","0",172," "," ","0",150," "," ","0",167," "," ","0",172," "," ","0",167," "," ","0",161," "," ","0",122," "," ","0",128," "," ","0",117," "," ","0",156," "," ","0",161," "," ","0",161," "," ","0",172," "," ","0",150," "," ","0",178," "," ","0",183," "," ","0",211," "," ","0",189," "," ","0",183," "," ","0",172," "," ","0",178," "," ","0",183," "," ","0",178," "," ","0",189," "," ","0",189," "," ","0",194," "," ","0",233," "," ","0",NA," "," "," "
"2890","USC00413787",1986,6,"TOBS",211," "," ","0",233," "," ","0",278," "," ","0",267," "," ","0",267," "," ","0",328," "," ","0",311," "," ","0",300," "," ","0",250," "," ","0",228," "," ","0",267," "," ","0",322," "," ","0",322," "," ","0",306," "," ","0",300," "," ","0",311," "," ","0",294," "," ","0",211," "," ","0",289," "," ","0",278," "," ","0",311," "," ","0",206," "," ","0",294," "," ","0",272," "," ","0",294," "," ","0",294," "," ","0",328," "," ","0",344," "," ","0",322," "," ","0",356," "," ","0",NA," "," "," "
"2891","USC00413787",1986,6,"PRCP",137," "," ","0",79," "," ","0",0,"P"," ","0",0,"P"," ","0",0,"P"," ","0",0,"P"," ","0",0,"P"," ","0",0,"P"," ","0",363," "," ","0",0,"P"," ","0",0,"P"," ","0",0,"P"," ","0",10," "," ","0",0,"P"," ","0",0,"P"," ","0",0,"P"," ","0",0,"P"," ","0",86," "," ","0",0,"P"," ","0",0,"P"," ","0",0,"P"," ","0",259," "," ","0",0,"P"," ","0",0,"P"," ","0",0,"P"," ","0",0,"P"," ","0",25," "," ","0",0,"P"," ","0",0,"P"," ","0",0,"P"," ","0",NA," "," "," "
"2892","USC00413787",1986,6,"SNOW",0,"P"," ","0",0,"P"," ","0",0,"P"," ","0",0,"P"," ","0",0,"P"," ","0",0,"P"," ","0",0,"P"," ","0",0,"P"," ","0",0,"P"," ","0",0,"P"," ","0",0,"P"," ","0",0,"P"," ","0",0,"P"," ","0",0,"P"," ","0",0,"P"," ","0",0,"P"," ","0",0,"P"," ","0",0,"P"," ","0",0,"P"," ","0",0,"P"," ","0",0,"P"," ","0",0,"P"," ","0",0,"P"," ","0",0,"P"," ","0",0,"P"," ","0",0,"P"," ","0",0,"P"," ","0",0,"P"," ","0",0,"P"," ","0",0,"P"," ","0",NA," "," "," "
"2893","USC00413787",1986,6,"SNWD",0," "," ","0",0,"P"," ","0",0,"P"," ","0",0,"P"," ","0",0,"P"," ","0",0,"P"," ","0",0,"P"," ","0",0,"P"," ","0",0,"P"," ","0",0,"P"," ","0",0,"P"," ","0",0,"P"," ","0",0,"P"," ","0",0,"P"," ","0",0,"P"," ","0",0,"P"," ","0",0,"P"," ","0",0,"P"," ","0",0,"P"," ","0",0,"P"," ","0",0,"P"," ","0",0,"P"," ","0",0,"P"," ","0",0,"P"," ","0",0,"P"," ","0",0,"P"," ","0",0,"P"," ","0",0,"P"," ","0",0,"P"," ","0",0,"P"," ","0",NA," "," "," "
"2894","USC00413787",1986,7,"TMAX",356," "," ","0",311," "," ","0",328," "," ","0",372," "," ","0",372," "," ","0",367," "," ","0",317," "," ","0",333," "," ","0",339," "," ","0",339," "," ","0",344," "," ","0",344," "," ","0",350," "," ","0",339," "," ","0",328," "," ","0",344," "," ","0",361," "," ","0",361," "," ","0",383," "," ","0",361," "," ","0",300," "," ","0",317," "," ","0",339," "," ","0",372," "," ","0",372," "," ","0",378," "," ","0",394," "," ","0",400," "," ","0",411," "," ","0",400," "," ","0",389," "," ","0"
"2895","USC00413787",1986,7,"TMIN",189," "," ","0",183," "," ","0",189," "," ","0",200," "," ","0",239," "," ","0",172," "," ","0",178," "," ","0",172," "," ","0",183," "," ","0",206," "," ","0",178," "," ","0",206," "," ","0",200," "," ","0",211," "," ","0",183," "," ","0",217," "," ","0",211," "," ","0",217," "," ","0",194," "," ","0",194," "," ","0",167," "," ","0",178," "," ","0",178," "," ","0",194," "," ","0",200," "," ","0",167," "," ","0",217," "," ","0",189," "," ","0",211," "," ","0",217," "," ","0",200," "," ","0"
"2896","USC00413787",1986,7,"TOBS",294," "," ","0",306," "," ","0",317," "," ","0",367," "," ","0",367," "," ","0",228," "," ","0",200," "," ","0",328," "," ","0",333," "," ","0",261," "," ","0",344," "," ","0",339," "," ","0",339," "," ","0",322," "," ","0",317," "," ","0",333," "," ","0",339," "," ","0",356," "," ","0",356," "," ","0",289," "," ","0",283," "," ","0",289," "," ","0",328," "," ","0",367," "," ","0",339," "," ","0",378," "," ","0",394," "," ","0",394," "," ","0",400," "," ","0",383," "," ","0",361," "," ","0"
"2897","USC00413787",1986,7,"PRCP",272," "," ","0",0,"P"," ","0",0,"P"," ","0",0,"P"," ","0",0,"P"," ","0",10," "," ","0",455," "," ","0",30," "," ","0",0,"P"," ","0",0,"P"," ","0",0,"P"," ","0",0,"P"," ","0",0,"P"," ","0",0,"P"," ","0",0,"P"," ","0",0,"P"," ","0",0,"P"," ","0",0,"P"," ","0",0,"P"," ","0",0,"P"," ","0",102," "," ","0",0,"P"," ","0",0,"P"," ","0",0,"P"," ","0",0,"P"," ","0",25," "," ","0",0,"P"," ","0",0,"P"," ","0",0,"P"," ","0",0,"P"," ","0",0,"P"," ","0"
"2898","USC00413787",1986,7,"SNOW",0,"P"," ","0",0,"P"," ","0",0,"P"," ","0",0,"P"," ","0",0,"P"," ","0",0,"P"," ","0",0,"P"," ","0",0,"P"," ","0",0,"P"," ","0",0,"P"," ","0",0,"P"," ","0",0,"P"," ","0",0,"P"," ","0",0,"P"," ","0",0,"P"," ","0",0,"P"," ","0",0,"P"," ","0",0,"P"," ","0",0,"P"," ","0",0,"P"," ","0",0,"P"," ","0",0,"P"," ","0",0,"P"," ","0",0,"P"," ","0",0,"P"," ","0",0,"P"," ","0",0,"P"," ","0",0,"P"," ","0",0,"P"," ","0",0,"P"," ","0",0,"P"," ","0"
"2899","USC00413787",1986,7,"SNWD",0," "," ","0",0,"P"," ","0",0,"P"," ","0",0,"P"," ","0",0,"P"," ","0",0,"P"," ","0",0,"P"," ","0",0,"P"," ","0",0,"P"," ","0",0,"P"," ","0",0,"P"," ","0",0,"P"," ","0",0,"P"," ","0",0,"P"," ","0",0,"P"," ","0",0,"P"," ","0",0,"P"," ","0",0,"P"," ","0",0,"P"," ","0",0,"P"," ","0",0,"P"," ","0",0,"P"," ","0",0,"P"," ","0",0,"P"," ","0",0,"P"," ","0",0,"P"," ","0",0,"P"," ","0",0,"P"," ","0",0,"P"," ","0",0,"P"," ","0",0,"P"," ","0"
"2900","USC00413787",1986,7,"WT03",NA," "," "," ",NA," "," "," ",NA," "," "," ",NA," "," "," ",1," "," ","0",NA," "," "," ",NA," "," "," ",NA," "," "," ",NA," "," "," ",NA," "," "," ",NA," "," "," ",NA," "," "," ",NA," "," "," ",NA," "," "," ",NA," "," "," ",NA," "," "," ",NA," "," "," ",NA," "," "," ",NA," "," "," ",NA," "," "," ",NA," "," "," ",NA," "," "," ",NA," "," "," ",NA," "," "," ",NA," "," "," ",NA," "," "," ",NA," "," "," ",NA," "," "," ",NA," "," "," ",NA," "," "," ",NA," "," "," "
"2901","USC00413787",1986,8,"TMAX",383," "," ","0",361," "," ","0",311," "," ","0",328," "," ","0",339," "," ","0",339," "," ","0",NA," "," "," ",350," "," ","0",322," "," ","0",306," "," ","0",322," "," ","0",328," "," ","0",333," "," ","0",300," "," ","0",300," "," ","0",356," "," ","0",378," "," ","0",378," "," ","0",367," "," ","0",350," "," ","0",344," "," ","0",311," "," ","0",306," "," ","0",311," "," ","0",311," "," ","0",322," "," ","0",228," "," ","0",256," "," ","0",261," "," ","0",261," "," ","0",206," "," ","0"
"2902","USC00413787",1986,8,"TMIN",194," "," ","0",178," "," ","0",156," "," ","0",172," "," ","0",178," "," ","0",178," "," ","0",NA," "," "," ",172," "," ","0",194," "," ","0",167," "," ","0",172," "," ","0",178," "," ","0",217," "," ","0",194," "," ","0",189," "," ","0",167," "," ","0",178," "," ","0",161," "," ","0",189," "," ","0",183," "," ","0",183," "," ","0",183," "," ","0",194," "," ","0",178," "," ","0",172," "," ","0",178," "," ","0",178," "," ","0",122," "," ","0",144," "," ","0",189," "," ","0",156," "," ","0"
"2903","USC00413787",1986,8,"TOBS",361," "," ","0",294," "," ","0",294," "," ","0",306," "," ","0",339," "," ","0",322," "," ","0",NA," "," "," ",300," "," ","0",283," "," ","0",306," "," ","0",311," "," ","0",322," "," ","0",294," "," ","0",206," "," ","0",294," "," ","0",344," "," ","0",361," "," ","0",367," "," ","0",339," "," ","0",339," "," ","0",256," "," ","0",300," "," ","0",289," "," ","0",283," "," ","0",289," "," ","0",194," "," ","0",217," "," ","0",250," "," ","0",256," "," ","0",206," "," ","0",167," "," ","0"
"2904","USC00413787",1986,8,"PRCP",0,"P"," ","0",0,"P"," ","0",33," "," ","0",165," "," ","0",0,"P"," ","0",211," "," ","0",NA," "," "," ",NA," "," "," ",0,"P"," ","0",0,"P"," ","0",0,"P"," ","0",0,"P"," ","0",0,"P"," ","0",30," "," ","0",0,"P"," ","0",0,"P"," ","0",0,"P"," ","0",0,"P"," ","0",0,"P"," ","0",0,"P"," ","0",160," "," ","0",0,"P"," ","0",0,"P"," ","0",0,"P"," ","0",0,"P"," ","0",310," "," ","0",86," "," ","0",0,"P"," ","0",0,"P"," ","0",15," "," ","0",33," "," ","0"
"2905","USC00413787",1986,8,"SNOW",0,"P"," ","0",0,"P"," ","0",0,"P"," ","0",0,"P"," ","0",0,"P"," ","0",0,"P"," ","0",0,"P"," ","0",0,"P"," ","0",0,"P"," ","0",0,"P"," ","0",0,"P"," ","0",0,"P"," ","0",0,"P"," ","0",0,"P"," ","0",0,"P"," ","0",0,"P"," ","0",0,"P"," ","0",0,"P"," ","0",0,"P"," ","0",0,"P"," ","0",0,"P"," ","0",0,"P"," ","0",0,"P"," ","0",0,"P"," ","0",0,"P"," ","0",0,"P"," ","0",0,"P"," ","0",0,"P"," ","0",0,"P"," ","0",0,"P"," ","0",0,"P"," ","0"
"2906","USC00413787",1986,8,"SNWD",0," "," ","0",0,"P"," ","0",0,"P"," ","0",0,"P"," ","0",0,"P"," ","0",0,"P"," ","0",0,"P"," ","0",0,"P"," ","0",0,"P"," ","0",0,"P"," ","0",0,"P"," ","0",0,"P"," ","0",0,"P"," ","0",0,"P"," ","0",0,"P"," ","0",0,"P"," ","0",0,"P"," ","0",0,"P"," ","0",0,"P"," ","0",0,"P"," ","0",0,"P"," ","0",0,"P"," ","0",0,"P"," ","0",0,"P"," ","0",0,"P"," ","0",0,"P"," ","0",0,"P"," ","0",0,"P"," ","0",0,"P"," ","0",0,"P"," ","0",0,"P"," ","0"
"2907","USC00413787",1986,8,"DAPR",NA," "," "," ",NA," "," "," ",NA," "," "," ",NA," "," "," ",NA," "," "," ",NA," "," "," ",NA," "," "," ",2," "," ","0",NA," "," "," ",NA," "," "," ",NA," "," "," ",NA," "," "," ",NA," "," "," ",NA," "," "," ",NA," "," "," ",NA," "," "," ",NA," "," "," ",NA," "," "," ",NA," "," "," ",NA," "," "," ",NA," "," "," ",NA," "," "," ",NA," "," "," ",NA," "," "," ",NA," "," "," ",NA," "," "," ",NA," "," "," ",NA," "," "," ",NA," "," "," ",NA," "," "," ",NA," "," "," "
"2908","USC00413787",1986,8,"MDPR",NA," "," "," ",NA," "," "," ",NA," "," "," ",NA," "," "," ",NA," "," "," ",NA," "," "," ",NA," "," "," ",30," "," ","0",NA," "," "," ",NA," "," "," ",NA," "," "," ",NA," "," "," ",NA," "," "," ",NA," "," "," ",NA," "," "," ",NA," "," "," ",NA," "," "," ",NA," "," "," ",NA," "," "," ",NA," "," "," ",NA," "," "," ",NA," "," "," ",NA," "," "," ",NA," "," "," ",NA," "," "," ",NA," "," "," ",NA," "," "," ",NA," "," "," ",NA," "," "," ",NA," "," "," ",NA," "," "," "
"2909","USC00413787",1986,8,"WT03",NA," "," "," ",NA," "," "," ",NA," "," "," ",1," "," ","0",NA," "," "," ",NA," "," "," ",NA," "," "," ",NA," "," "," ",NA," "," "," ",NA," "," "," ",NA," "," "," ",NA," "," "," ",NA," "," "," ",NA," "," "," ",NA," "," "," ",NA," "," "," ",NA," "," "," ",NA," "," "," ",NA," "," "," ",NA," "," "," ",NA," "," "," ",NA," "," "," ",NA," "," "," ",NA," "," "," ",NA," "," "," ",1," "," ","0",NA," "," "," ",NA," "," "," ",NA," "," "," ",NA," "," "," ",NA," "," "," "
"2910","USC00413787",1986,9,"TMAX",217," "," ","0",283," "," ","0",283," "," ","0",267," "," ","0",267," "," ","0",256," "," ","0",222," "," ","0",256," "," ","0",311," "," ","0",322," "," ","0",300," "," ","0",289," "," ","0",306," "," ","0",289," "," ","0",333," "," ","0",306," "," ","0",333," "," ","0",339," "," ","0",333," "," ","0",328," "," ","0",317," "," ","0",328," "," ","0",306," "," ","0",278," "," ","0",278," "," ","0",294," "," ","0",300," "," ","0",289," "," ","0",233," "," ","0",200," "," ","0",NA," "," "," "
"2911","USC00413787",1986,9,"TMIN",156," "," ","0",156," "," ","0",161," "," ","0",167," "," ","0",128," "," ","0",150," "," ","0",83," "," ","0",100," "," ","0",161," "," ","0",194," "," ","0",111," "," ","0",100," "," ","0",156," "," ","0",172," "," ","0",161," "," ","0",156," "," ","0",150," "," ","0",161," "," ","0",189," "," ","0",183," "," ","0",167," "," ","0",189," "," ","0",183," "," ","0",161," "," ","0",106," "," ","0",122," "," ","0",78," "," ","0",183," "," ","0",156," "," ","0",100," "," ","0",NA," "," "," "
"2912","USC00413787",1986,9,"TOBS",211," "," ","0",278," "," ","0",267," "," ","0",244," "," ","0",256," "," ","0",222," "," ","0",117," "," ","0",239," "," ","0",294," "," ","0",300," "," ","0",256," "," ","0",233," "," ","0",278," "," ","0",289," "," ","0",294," "," ","0",294," "," ","0",311," "," ","0",328," "," ","0",317," "," ","0",300," "," ","0",300," "," ","0",300," "," ","0",278," "," ","0",244," "," ","0",261," "," ","0",272," "," ","0",283," "," ","0",228," "," ","0",194," "," ","0",167," "," ","0",NA," "," "," "
"2913","USC00413787",1986,9,"PRCP",13," "," ","0",56," "," ","0",160," "," ","0",0,"P"," ","0",0,"P"," ","0",0,"P"," ","0",10," "," ","0",0,"P"," ","0",0,"P"," ","0",0,"P"," ","0",0,"P"," ","0",0,"P"," ","0",0,"P"," ","0",0,"P"," ","0",0,"P"," ","0",0,"P"," ","0",0,"P"," ","0",0,"P"," ","0",0,"P"," ","0",0,"P"," ","0",0,"P"," ","0",0,"P"," ","0",0,"P"," ","0",28," "," ","0",0,"P"," ","0",0,"P"," ","0",0,"P"," ","0",25," "," ","0",439," "," ","0",0,"P"," ","0",NA," "," "," "
"2914","USC00413787",1986,9,"SNOW",0,"P"," ","0",0,"P"," ","0",0,"P"," ","0",0,"P"," ","0",0,"P"," ","0",0,"P"," ","0",0,"P"," ","0",0,"P"," ","0",0,"P"," ","0",0,"P"," ","0",0,"P"," ","0",0,"P"," ","0",0,"P"," ","0",0,"P"," ","0",0,"P"," ","0",0,"P"," ","0",0,"P"," ","0",0,"P"," ","0",0,"P"," ","0",0,"P"," ","0",0,"P"," ","0",0,"P"," ","0",0,"P"," ","0",0,"P"," ","0",0,"P"," ","0",0,"P"," ","0",0,"P"," ","0",0,"P"," ","0",0,"P"," ","0",0,"P"," ","0",NA," "," "," "
"2915","USC00413787",1986,9,"SNWD",0," "," ","0",0,"P"," ","0",0,"P"," ","0",0,"P"," ","0",0,"P"," ","0",0,"P"," ","0",0,"P"," ","0",0,"P"," ","0",0,"P"," ","0",0,"P"," ","0",0,"P"," ","0",0,"P"," ","0",0,"P"," ","0",0,"P"," ","0",0,"P"," ","0",0,"P"," ","0",0,"P"," ","0",0,"P"," ","0",0,"P"," ","0",0,"P"," ","0",0,"P"," ","0",0,"P"," ","0",0,"P"," ","0",0,"P"," ","0",0,"P"," ","0",0,"P"," ","0",0,"P"," ","0",0,"P"," ","0",0,"P"," ","0",0,"P"," ","0",NA," "," "," "
"2916","USC00413787",1986,9,"WT03",NA," "," "," ",NA," "," "," ",NA," "," "," ",NA," "," "," ",NA," "," "," ",NA," "," "," ",NA," "," "," ",NA," "," "," ",NA," "," "," ",NA," "," "," ",NA," "," "," ",NA," "," "," ",NA," "," "," ",NA," "," "," ",NA," "," "," ",NA," "," "," ",NA," "," "," ",NA," "," "," ",NA," "," "," ",NA," "," "," ",NA," "," "," ",NA," "," "," ",NA," "," "," ",NA," "," "," ",NA," "," "," ",NA," "," "," ",NA," "," "," ",1," "," ","0",NA," "," "," ",NA," "," "," ",NA," "," "," "
"2917","USC00413787",1986,10,"TMAX",272," "," ","0",250," "," ","0",228," "," ","0",222," "," ","0",178," "," ","0",222," "," ","0",250," "," ","0",272," "," ","0",250," "," ","0",156," "," ","0",156," "," ","0",44," "," ","0",189," "," ","0",217," "," ","0",200," "," ","0",256," "," ","0",250," "," ","0",239," "," ","0",211," "," ","0",183," "," ","0",139," "," ","0",206," "," ","0",183," "," ","0",167," "," ","0",178," "," ","0",189," "," ","0",244," "," ","0",239," "," ","0",206," "," ","0",233," "," ","0",183," "," ","0"
"2918","USC00413787",1986,10,"TMIN",117," "," ","0",167," "," ","0",167," "," ","0",83," "," ","0",94," "," ","0",67," "," ","0",94," "," ","0",94," "," ","0",106," "," ","0",100," "," ","0",39," "," ","0",-6," "," ","0",-33," "," ","0",6," "," ","0",28," "," ","0",44," "," ","0",39," "," ","0",72," "," ","0",111," "," ","0",94," "," ","0",111," "," ","0",56," "," ","0",72," "," ","0",61," "," ","0",33," "," ","0",28," "," ","0",33," "," ","0",28," "," ","0",44," "," ","0",44," "," ","0",100," "," ","0"
"2919","USC00413787",1986,10,"TOBS",250," "," ","0",200," "," ","0",222," "," ","0",172," "," ","0",167," "," ","0",194," "," ","0",228," "," ","0",250," "," ","0",106," "," ","0",150," "," ","0",44," "," ","0",33," "," ","0",178," "," ","0",200," "," ","0",183," "," ","0",211," "," ","0",222," "," ","0",211," "," ","0",183," "," ","0",133," "," ","0",117," "," ","0",183," "," ","0",167," "," ","0",133," "," ","0",150," "," ","0",144," "," ","0",150," "," ","0",133," "," ","0",133," "," ","0",183," "," ","0",128," "," ","0"
"2920","USC00413787",1986,10,"PRCP",0,"P"," ","0",180," "," ","0",0,"P"," ","0",0,"P"," ","0",13," "," ","0",0,"P"," ","0",0,"P"," ","0",0,"P"," ","0",0,"P"," ","0",15," "," ","0",0,"P"," ","0",0,"P"," ","0",0,"P"," ","0",0,"P"," ","0",0,"P"," ","0",0,"P"," ","0",0,"P"," ","0",0,"P"," ","0",0,"P"," ","0",0,"P"," ","0",140," "," ","0",13," "," ","0",0,"P"," ","0",0,"P"," ","0",0,"P"," ","0",0,"P"," ","0",0,"P"," ","0",0,"P"," ","0",0,"P"," ","0",0,"P"," ","0",0,"P"," ","0"
"2921","USC00413787",1986,10,"SNOW",0,"P"," ","0",0,"P"," ","0",0,"P"," ","0",0,"P"," ","0",0,"P"," ","0",0,"P"," ","0",0,"P"," ","0",0,"P"," ","0",0,"P"," ","0",0,"P"," ","0",0,"P"," ","0",0,"P"," ","0",0,"P"," ","0",0,"P"," ","0",0,"P"," ","0",0,"P"," ","0",0,"P"," ","0",0,"P"," ","0",0,"P"," ","0",0,"P"," ","0",0,"P"," ","0",0,"P"," ","0",0,"P"," ","0",0,"P"," ","0",0,"P"," ","0",0,"P"," ","0",0,"P"," ","0",0,"P"," ","0",0,"P"," ","0",0,"P"," ","0",0,"P"," ","0"
"2922","USC00413787",1986,10,"SNWD",0," "," ","0",0,"P"," ","0",0,"P"," ","0",0,"P"," ","0",0,"P"," ","0",0,"P"," ","0",0,"P"," ","0",0,"P"," ","0",0,"P"," ","0",0,"P"," ","0",0,"P"," ","0",0,"P"," ","0",0,"P"," ","0",0,"P"," ","0",0,"P"," ","0",0,"P"," ","0",0,"P"," ","0",0,"P"," ","0",0,"P"," ","0",0,"P"," ","0",0,"P"," ","0",0,"P"," ","0",0,"P"," ","0",0,"P"," ","0",0,"P"," ","0",0,"P"," ","0",0,"P"," ","0",0,"P"," ","0",0,"P"," ","0",0,"P"," ","0",0,"P"," ","0"
"2923","USC00413787",1986,11,"TMAX",128," "," ","0",33," "," ","0",100," "," ","0",83," "," ","0",172," "," ","0",194," "," ","0",172," "," ","0",156," "," ","0",106," "," ","0",61," "," ","0",106," "," ","0",56," "," ","0",11," "," ","0",189," "," ","0",217," "," ","0",183," "," ","0",233," "," ","0",144," "," ","0",244," "," ","0",161," "," ","0",194," "," ","0",133," "," ","0",94," "," ","0",133," "," ","0",161," "," ","0",111," "," ","0",161," "," ","0",211," "," ","0",228," "," ","0",144," "," ","0",NA," "," "," "
"2924","USC00413787",1986,11,"TMIN",6," "," ","0",0," "," ","0",33," "," ","0",33," "," ","0",-6," "," ","0",28," "," ","0",67," "," ","0",6," "," ","0",-33," "," ","0",-72," "," ","0",-106," "," ","0",-67," "," ","0",-128," "," ","0",-22," "," ","0",-28," "," ","0",33," "," ","0",0," "," ","0",22," "," ","0",17," "," ","0",-11," "," ","0",11," "," ","0",-17," "," ","0",33," "," ","0",-72," "," ","0",-50," "," ","0",-17," "," ","0",-56," "," ","0",-39," "," ","0",-22," "," ","0",6," "," ","0",NA," "," "," "
"2925","USC00413787",1986,11,"TOBS",6," "," ","0",33," "," ","0",83," "," ","0",39," "," ","0",106," "," ","0",133," "," ","0",89," "," ","0",89," "," ","0",61," "," ","0",-67," "," ","0",56," "," ","0",-67," "," ","0",-22," "," ","0",94," "," ","0",117," "," ","0",106," "," ","0",144," "," ","0",50," "," ","0",133," "," ","0",100," "," ","0",133," "," ","0",94," "," ","0",33," "," ","0",61," "," ","0",106," "," ","0",39," "," ","0",61," "," ","0",122," "," ","0",144," "," ","0",6," "," ","0",NA," "," "," "
"2926","USC00413787",1986,11,"PRCP",18," "," ","0",0,"P"," ","0",84," "," ","0",422," "," ","0",0,"P"," ","0",0,"P"," ","0",0,"P"," ","0",0,"P"," ","0",0,"P"," ","0",0,"P"," ","0",0,"P"," ","0",0,"P"," ","0",0,"P"," ","0",0,"P"," ","0",0,"P"," ","0",0,"P"," ","0",0,"P"," ","0",0,"P"," ","0",0,"P"," ","0",0,"P"," ","0",0,"P"," ","0",0,"P"," ","0",0,"P"," ","0",0,"P"," ","0",0,"P"," ","0",0,"P"," ","0",0,"P"," ","0",0,"P"," ","0",0,"P"," ","0",0,"P"," ","0",NA," "," "," "
"2927","USC00413787",1986,11,"SNOW",0,"P"," ","0",0,"P"," ","0",0,"P"," ","0",0,"P"," ","0",0,"P"," ","0",0,"P"," ","0",0,"P"," ","0",0,"P"," ","0",0,"P"," ","0",0,"P"," ","0",0,"P"," ","0",0,"P"," ","0",0,"P"," ","0",0,"P"," ","0",0,"P"," ","0",0,"P"," ","0",0,"P"," ","0",0,"P"," ","0",0,"P"," ","0",0,"P"," ","0",0,"P"," ","0",0,"P"," ","0",0,"P"," ","0",0,"P"," ","0",0,"P"," ","0",0,"P"," ","0",0,"P"," ","0",0,"P"," ","0",0,"P"," ","0",0,"P"," ","0",NA," "," "," "
"2928","USC00413787",1986,11,"SNWD",0," "," ","0",0,"P"," ","0",0,"P"," ","0",0,"P"," ","0",0,"P"," ","0",0,"P"," ","0",0,"P"," ","0",0,"P"," ","0",0,"P"," ","0",0,"P"," ","0",0,"P"," ","0",0,"P"," ","0",0,"P"," ","0",0,"P"," ","0",0,"P"," ","0",0,"P"," ","0",0,"P"," ","0",0,"P"," ","0",0,"P"," ","0",0,"P"," ","0",0,"P"," ","0",0,"P"," ","0",0,"P"," ","0",0,"P"," ","0",0,"P"," ","0",0,"P"," ","0",0,"P"," ","0",0,"P"," ","0",0,"P"," ","0",0,"P"," ","0",NA," "," "," "
"2929","USC00413787",1986,12,"TMAX",6," "," ","0",100," "," ","0",122," "," ","0",111," "," ","0",117," "," ","0",117," "," ","0",100," "," ","0",11," "," ","0",0," "," ","0",0," "," ","0",50," "," ","0",122," "," ","0",133," "," ","0",117," "," ","0",100," "," ","0",122," "," ","0",78," "," ","0",61," "," ","0",94," "," ","0",111," "," ","0",72," "," ","0",94," "," ","0",128," "," ","0",67," "," ","0",94," "," ","0",117," "," ","0",133," "," ","0",128," "," ","0",128," "," ","0",178," "," ","0",89," "," ","0"
"2930","USC00413787",1986,12,"TMIN",-28," "," ","0",-67," "," ","0",-67," "," ","0",-50," "," ","0",28," "," ","0",39," "," ","0",0," "," ","0",-22," "," ","0",-44," "," ","0",-133," "," ","0",-83," "," ","0",-50," "," ","0",-22," "," ","0",-56," "," ","0",-44," "," ","0",-33," "," ","0",6," "," ","0",6," "," ","0",-61," "," ","0",-61," "," ","0",-39," "," ","0",-50," "," ","0",-33," "," ","0",0," "," ","0",-22," "," ","0",-67," "," ","0",-50," "," ","0",-28," "," ","0",-39," "," ","0",-72," "," ","0",-28," "," ","0"
"2931","USC00413787",1986,12,"TOBS",-11," "," ","0",33," "," ","0",44," "," ","0",56," "," ","0",78," "," ","0",94," "," ","0",6," "," ","0",0," "," ","0",-44," "," ","0",-50," "," ","0",6," "," ","0",44," "," ","0",67," "," ","0",56," "," ","0",17," "," ","0",78," "," ","0",17," "," ","0",11," "," ","0",44," "," ","0",61," "," ","0",50," "," ","0",39," "," ","0",61," "," ","0",56," "," ","0",50," "," ","0",28," "," ","0",61," "," ","0",72," "," ","0",72," "," ","0",78," "," ","0",39," "," ","0"
"2932","USC00413787",1986,12,"PRCP",0,"P"," ","0",0,"P"," ","0",0,"P"," ","0",0,"P"," ","0",0,"P"," ","0",0,"T"," ","0",99," "," ","0",84," "," ","0",0,"T"," ","0",0,"P"," ","0",0,"P"," ","0",0,"P"," ","0",0,"P"," ","0",0,"P"," ","0",0,"P"," ","0",0,"P"," ","0",0,"P"," ","0",0,"P"," ","0",0,"P"," ","0",0,"P"," ","0",0,"P"," ","0",0,"P"," ","0",0,"P"," ","0",0,"P"," ","0",0,"P"," ","0",0,"P"," ","0",0,"P"," ","0",0,"P"," ","0",0,"P"," ","0",0,"P"," ","0",0,"P"," ","0"
"2933","USC00413787",1986,12,"SNOW",0,"P"," ","0",0,"P"," ","0",0,"P"," ","0",0,"P"," ","0",0,"P"," ","0",0,"P"," ","0",0,"P"," ","0",NA," "," "," ",0,"T"," ","0",0,"P"," ","0",0,"P"," ","0",0,"P"," ","0",0,"P"," ","0",0,"P"," ","0",0,"P"," ","0",0,"P"," ","0",0,"P"," ","0",0,"P"," ","0",0,"P"," ","0",0,"P"," ","0",0,"P"," ","0",0,"P"," ","0",0,"P"," ","0",0,"P"," ","0",0,"P"," ","0",0,"P"," ","0",0,"P"," ","0",0,"P"," ","0",0,"P"," ","0",0,"P"," ","0",0,"P"," ","0"
"2934","USC00413787",1986,12,"SNWD",0," "," ","0",0,"P"," ","0",0,"P"," ","0",0,"P"," ","0",0,"P"," ","0",0,"P"," ","0",0,"P"," ","0",102," "," ","0",NA," "," "," ",NA," "," "," ",0," "," ","0",0,"P"," ","0",0,"P"," ","0",0,"P"," ","0",0,"P"," ","0",0,"P"," ","0",0,"P"," ","0",0,"P"," ","0",0,"P"," ","0",0,"P"," ","0",0,"P"," ","0",0,"P"," ","0",0,"P"," ","0",0,"P"," ","0",0,"P"," ","0",0,"P"," ","0",0,"P"," ","0",0,"P"," ","0",0,"P"," ","0",0,"P"," ","0",0,"P"," ","0"
"2935","USC00413787",1987,1,"TMAX",78," "," ","0",122," "," ","0",94," "," ","0",178," "," ","0",167," "," ","0",106," "," ","0",61," "," ","0",17," "," ","0",50," "," ","0",50," "," ","0",167," "," ","0",211," "," ","0",211," "," ","0",111," "," ","0",44," "," ","0",44," "," ","0",-89," "," ","0",-28," "," ","0",17," "," ","0",-6," "," ","0",33," "," ","0",39," "," ","0",56," "," ","0",17," "," ","0",106," "," ","0",139," "," ","0",183," "," ","0",183," "," ","0",156," "," ","0",144," "," ","0",89," "," ","0"
"2936","USC00413787",1987,1,"TMIN",-78," "," ","0",-44," "," ","0",-22," "," ","0",-33," "," ","0",6," "," ","0",-6," "," ","0",-50," "," ","0",-17," "," ","0",-61," "," ","0",-56," "," ","0",-89," "," ","0",-11," "," ","0",-28," "," ","0",-33," "," ","0",-39," "," ","0",-111," "," ","0",-111," "," ","0",-94," "," ","0",-100," "," ","0",-67," "," ","0",-133," "," ","0",-83," "," ","0",-89," "," ","0",-72," "," ","0",-56," "," ","0",-33," "," ","0",-22," "," ","0",6," "," ","0",44," "," ","0",-17," "," ","0",22," "," ","0"
"2937","USC00413787",1987,1,"TOBS",22," "," ","0",33," "," ","0",50," "," ","0",117," "," ","0",72," "," ","0",61," "," ","0",17," "," ","0",-6," "," ","0",28," "," ","0",-6," "," ","0",122," "," ","0",133," "," ","0",111," "," ","0",44," "," ","0",-28," "," ","0",-111," "," ","0",-94," "," ","0",-44," "," ","0",-6," "," ","0",-44," "," ","0",11," "," ","0",-11," "," ","0",17," "," ","0",-11," "," ","0",61," "," ","0",78," "," ","0",111," "," ","0",156," "," ","0",78," "," ","0",89," "," ","0",78," "," ","0"
"2938","USC00413787",1987,1,"PRCP",0,"P"," ","0",0,"P"," ","0",0,"T"," ","0",0,"P"," ","0",0,"P"," ","0",0,"P"," ","0",0,"P"," ","0",30," "," ","0",0,"P"," ","0",0,"P"," ","0",0,"P"," ","0",0,"P"," ","0",0,"P"," ","0",0,"P"," ","0",0,"T"," ","0",51," "," ","0",0,"P"," ","0",38," "," ","0",0,"T"," ","0",0,"P"," ","0",0,"P"," ","0",0,"P"," ","0",0,"P"," ","0",0,"T"," ","0",0,"P"," ","0",0,"P"," ","0",0,"P"," ","0",0,"P"," ","0",0,"P"," ","0",0,"P"," ","0",0,"P"," ","0"
"2939","USC00413787",1987,1,"SNOW",0,"P"," ","0",0,"P"," ","0",0,"P"," ","0",0,"P"," ","0",0,"P"," ","0",0,"P"," ","0",0,"P"," ","0",51," "," ","0",0,"P"," ","0",0,"P"," ","0",0,"P"," ","0",0,"P"," ","0",0,"P"," ","0",0,"P"," ","0",0,"T"," ","0",76," "," ","0",0,"P"," ","0",152," "," ","0",25," "," ","0",0,"P"," ","0",0,"P"," ","0",0,"P"," ","0",0,"P"," ","0",0,"T"," ","0",0,"P"," ","0",0,"P"," ","0",0,"P"," ","0",0,"P"," ","0",0,"P"," ","0",0,"P"," ","0",0,"P"," ","0"
"2940","USC00413787",1987,1,"WT04",NA," "," "," ",NA," "," "," ",NA," "," "," ",NA," "," "," ",NA," "," "," ",NA," "," "," ",NA," "," "," ",NA," "," "," ",NA," "," "," ",NA," "," "," ",NA," "," "," ",NA," "," "," ",NA," "," "," ",NA," "," "," ",NA," "," "," ",NA," "," "," ",NA," "," "," ",NA," "," "," ",NA," "," "," ",NA," "," "," ",NA," "," "," ",NA," "," "," ",NA," "," "," ",1," "," ","0",NA," "," "," ",NA," "," "," ",NA," "," "," ",NA," "," "," ",NA," "," "," ",NA," "," "," ",NA," "," "," "
"2941","USC00413787",1987,2,"TMAX",167," "," ","0",189," "," ","0",172," "," ","0",117," "," ","0",94," "," ","0",122," "," ","0",211," "," ","0",161," "," ","0",172," "," ","0",194," "," ","0",206," "," ","0",172," "," ","0",172," "," ","0",161," "," ","0",117," "," ","0",44," "," ","0",44," "," ","0",67," "," ","0",44," "," ","0",33," "," ","0",83," "," ","0",111," "," ","0",122," "," ","0",111," "," ","0",78," "," ","0",89," "," ","0",111," "," ","0",78," "," ","0",NA," "," "," ",NA," "," "," ",NA," "," "," "
"2942","USC00413787",1987,2,"TMIN",11," "," ","0",17," "," ","0",0," "," ","0",-17," "," ","0",-17," "," ","0",-39," "," ","0",-22," "," ","0",6," "," ","0",-50," "," ","0",-28," "," ","0",-6," "," ","0",22," "," ","0",39," "," ","0",28," "," ","0",6," "," ","0",17," "," ","0",-11," "," ","0",-56," "," ","0",-33," "," ","0",-22," "," ","0",-56," "," ","0",-39," "," ","0",-33," "," ","0",28," "," ","0",39," "," ","0",50," "," ","0",28," "," ","0",-28," "," ","0",NA," "," "," ",NA," "," "," ",NA," "," "," "
"2943","USC00413787",1987,2,"TOBS",139," "," ","0",139," "," ","0",117," "," ","0",11," "," ","0",44," "," ","0",78," "," ","0",161," "," ","0",72," "," ","0",133," "," ","0",144," "," ","0",156," "," ","0",122," "," ","0",139," "," ","0",117," "," ","0",44," "," ","0",28," "," ","0",28," "," ","0",44," "," ","0",-11," "," ","0",17," "," ","0",50," "," ","0",78," "," ","0",78," "," ","0",72," "," ","0",56," "," ","0",72," "," ","0",28," "," ","0",56," "," ","0",NA," "," "," ",NA," "," "," ",NA," "," "," "
"2944","USC00413787",1987,2,"PRCP",0,"P"," ","0",0,"P"," ","0",0,"P"," ","0",0,"P"," ","0",0,"P"," ","0",0,"P"," ","0",0,"P"," ","0",0,"P"," ","0",0,"P"," ","0",0,"P"," ","0",0,"P"," ","0",0,"P"," ","0",10," "," ","0",0,"T"," ","0",147," "," ","0",0,"P"," ","0",5," "," ","0",0,"P"," ","0",30," "," ","0",0,"P"," ","0",0,"P"," ","0",0,"P"," ","0",0,"P"," ","0",0,"P"," ","0",0,"T"," ","0",48," "," ","0",18," "," ","0",0,"P"," ","0",NA," "," "," ",NA," "," "," ",NA," "," "," "
"2945","USC00413787",1987,2,"WT03",NA," "," "," ",NA," "," "," ",NA," "," "," ",NA," "," "," ",NA," "," "," ",NA," "," "," ",NA," "," "," ",NA," "," "," ",NA," "," "," ",NA," "," "," ",NA," "," "," ",1," "," ","0",NA," "," "," ",NA," "," "," ",NA," "," "," ",NA," "," "," ",NA," "," "," ",NA," "," "," ",NA," "," "," ",NA," "," "," ",NA," "," "," ",NA," "," "," ",NA," "," "," ",NA," "," "," ",NA," "," "," ",NA," "," "," ",NA," "," "," ",NA," "," "," ",NA," "," "," ",NA," "," "," ",NA," "," "," "
"2946","USC00413787",1987,3,"TMAX",150," "," ","0",189," "," ","0",200," "," ","0",211," "," ","0",239," "," ","0",256," "," ","0",211," "," ","0",200," "," ","0",117," "," ","0",0," "," ","0",167," "," ","0",172," "," ","0",244," "," ","0",228," "," ","0",228," "," ","0",167," "," ","0",150," "," ","0",83," "," ","0",189," "," ","0",200," "," ","0",172," "," ","0",228," "," ","0",183," "," ","0",44," "," ","0",94," "," ","0",128," "," ","0",167," "," ","0",111," "," ","0",-22," "," ","0",94," "," ","0",194," "," ","0"
"2947","USC00413787",1987,3,"TMIN",-50," "," ","0",-11," "," ","0",-11," "," ","0",11," "," ","0",44," "," ","0",-6," "," ","0",22," "," ","0",11," "," ","0",-39," "," ","0",-50," "," ","0",-56," "," ","0",28," "," ","0",22," "," ","0",61," "," ","0",17," "," ","0",56," "," ","0",0," "," ","0",-6," "," ","0",17," "," ","0",44," "," ","0",-22," "," ","0",56," "," ","0",-17," "," ","0",-28," "," ","0",-22," "," ","0",-28," "," ","0",-17," "," ","0",-61," "," ","0",-106," "," ","0",-106," "," ","0",-22," "," ","0"
"2948","USC00413787",1987,3,"TOBS",128," "," ","0",161," "," ","0",167," "," ","0",178," "," ","0",211," "," ","0",211," "," ","0",167," "," ","0",117," "," ","0",-17," "," ","0",-6," "," ","0",144," "," ","0",139," "," ","0",211," "," ","0",211," "," ","0",100," "," ","0",150," "," ","0",0," "," ","0",61," "," ","0",156," "," ","0",161," "," ","0",100," "," ","0",183," "," ","0",-11," "," ","0",44," "," ","0",72," "," ","0",100," "," ","0",111," "," ","0",-56," "," ","0",-50," "," ","0",83," "," ","0",178," "," ","0"
"2949","USC00413787",1987,3,"PRCP",0,"P"," ","0",0,"P"," ","0",0,"P"," ","0",0,"P"," ","0",0,"P"," ","0",0,"P"," ","0",0,"P"," ","0",0,"P"," ","0",51," "," ","0",0,"T"," ","0",0,"P"," ","0",0,"P"," ","0",0,"P"," ","0",0,"P"," ","0",0,"P"," ","0",8," "," ","0",599," "," ","0",0,"P"," ","0",0,"P"," ","0",0,"P"," ","0",0,"P"," ","0",0,"P"," ","0",216," "," ","0",0,"P"," ","0",0,"P"," ","0",0,"P"," ","0",0,"P"," ","0",0,"T"," ","0",0,"P"," ","0",0,"P"," ","0",0,"P"," ","0"
"2950","USC00413787",1987,3,"SNOW",0,"P"," ","0",0,"P"," ","0",0,"P"," ","0",0,"P"," ","0",0,"P"," ","0",0,"P"," ","0",0,"P"," ","0",0,"P"," ","0",102," "," ","0",0,"T"," ","0",0,"P"," ","0",0,"P"," ","0",0,"P"," ","0",0,"P"," ","0",0,"P"," ","0",0,"P"," ","0",254," "," ","0",0,"P"," ","0",0,"P"," ","0",0,"P"," ","0",0,"P"," ","0",0,"P"," ","0",127," "," ","0",0,"P"," ","0",0,"P"," ","0",0,"P"," ","0",0,"P"," ","0",0,"T"," ","0",0,"P"," ","0",0,"P"," ","0",0,"P"," ","0"
"2951","USC00413787",1987,4,"TMAX",211," "," ","0",94," "," ","0",183," "," ","0",167," "," ","0",100," "," ","0",133," "," ","0",128," "," ","0",200," "," ","0",217," "," ","0",194," "," ","0",250," "," ","0",228," "," ","0",133," "," ","0",167," "," ","0",256," "," ","0",283," "," ","0",317," "," ","0",339," "," ","0",317," "," ","0",306," "," ","0",161," "," ","0",261," "," ","0",256," "," ","0",267," "," ","0",272," "," ","0",283," "," ","0",283," "," ","0",283," "," ","0",278," "," ","0",289," "," ","0",NA," "," "," "
"2952","USC00413787",1987,4,"TMIN",-6," "," ","0",-6," "," ","0",-61," "," ","0",-22," "," ","0",6," "," ","0",-6," "," ","0",39," "," ","0",0," "," ","0",22," "," ","0",11," "," ","0",17," "," ","0",56," "," ","0",6," "," ","0",33," "," ","0",6," "," ","0",56," "," ","0",61," "," ","0",117," "," ","0",133," "," ","0",89," "," ","0",28," "," ","0",0," "," ","0",50," "," ","0",39," "," ","0",72," "," ","0",89," "," ","0",89," "," ","0",61," "," ","0",106," "," ","0",117," "," ","0",NA," "," "," "
"2953","USC00413787",1987,4,"TOBS",94," "," ","0",67," "," ","0",167," "," ","0",100," "," ","0",67," "," ","0",117," "," ","0",122," "," ","0",189," "," ","0",183," "," ","0",189," "," ","0",228," "," ","0",128," "," ","0",67," "," ","0",161," "," ","0",244," "," ","0",272," "," ","0",311," "," ","0",317," "," ","0",300," "," ","0",133," "," ","0",150," "," ","0",256," "," ","0",244," "," ","0",250," "," ","0",261," "," ","0",278," "," ","0",228," "," ","0",272," "," ","0",267," "," ","0",256," "," ","0",NA," "," "," "
"2954","USC00413787",1987,4,"PRCP",0,"P"," ","0",0,"P"," ","0",0,"P"," ","0",0,"P"," ","0",18," "," ","0",0,"P"," ","0",0,"P"," ","0",0,"P"," ","0",0,"P"," ","0",0,"P"," ","0",0,"P"," ","0",0,"P"," ","0",112," "," ","0",0,"P"," ","0",0,"P"," ","0",0,"P"," ","0",0,"P"," ","0",0,"P"," ","0",0,"P"," ","0",0,"P"," ","0",0,"P"," ","0",0,"P"," ","0",0,"P"," ","0",0,"P"," ","0",0,"P"," ","0",0,"P"," ","0",0,"P"," ","0",0,"P"," ","0",0,"P"," ","0",0,"P"," ","0",NA," "," "," "
"2955","USC00413787",1987,4,"SNOW",0,"P"," ","0",0,"P"," ","0",0,"P"," ","0",0,"P"," ","0",0,"T"," ","0",0,"P"," ","0",0,"P"," ","0",0,"P"," ","0",0,"P"," ","0",0,"P"," ","0",0,"P"," ","0",0,"P"," ","0",0,"T"," ","0",0,"P"," ","0",0,"P"," ","0",0,"P"," ","0",0,"P"," ","0",0,"P"," ","0",0,"P"," ","0",0,"P"," ","0",0,"P"," ","0",0,"P"," ","0",0,"P"," ","0",0,"P"," ","0",0,"P"," ","0",0,"P"," ","0",0,"P"," ","0",0,"P"," ","0",0,"P"," ","0",0,"P"," ","0",NA," "," "," "
"2956","USC00413787",1987,4,"SNWD",0," "," ","0",0,"P"," ","0",0,"P"," ","0",0,"P"," ","0",0,"P"," ","0",0,"P"," ","0",0,"P"," ","0",0,"P"," ","0",0,"P"," ","0",0,"P"," ","0",0,"P"," ","0",0,"P"," ","0",0,"P"," ","0",0,"P"," ","0",0,"P"," ","0",0,"P"," ","0",0,"P"," ","0",0,"P"," ","0",0,"P"," ","0",0,"P"," ","0",0,"P"," ","0",0,"P"," ","0",0,"P"," ","0",0,"P"," ","0",0,"P"," ","0",0,"P"," ","0",0,"P"," ","0",0,"P"," ","0",0,"P"," ","0",0,"P"," ","0",NA," "," "," "
"2957","USC00413787",1987,5,"TMAX",294," "," ","0",300," "," ","0",278," "," ","0",133," "," ","0",161," "," ","0",167," "," ","0",228," "," ","0",239," "," ","0",278," "," ","0",294," "," ","0",306," "," ","0",294," "," ","0",300," "," ","0",294," "," ","0",283," "," ","0",289," "," ","0",311," "," ","0",317," "," ","0",289," "," ","0",283," "," ","0",283," "," ","0",244," "," ","0",217," "," ","0",256," "," ","0",278," "," ","0",194," "," ","0",250," "," ","0",244," "," ","0",272," "," ","0",272," "," ","0",289," "," ","0"
"2958","USC00413787",1987,5,"TMIN",83," "," ","0",100," "," ","0",111," "," ","0",94," "," ","0",106," "," ","0",111," "," ","0",89," "," ","0",83," "," ","0",89," "," ","0",111," "," ","0",122," "," ","0",128," "," ","0",128," "," ","0",156," "," ","0",128," "," ","0",133," "," ","0",128," "," ","0",133," "," ","0",167," "," ","0",156," "," ","0",106," "," ","0",128," "," ","0",144," "," ","0",144," "," ","0",94," "," ","0",117," "," ","0",150," "," ","0",150," "," ","0",78," "," ","0",117," "," ","0",144," "," ","0"
"2959","USC00413787",1987,5,"TOBS",289," "," ","0",278," "," ","0",117," "," ","0",122," "," ","0",144," "," ","0",144," "," ","0",217," "," ","0",228," "," ","0",272," "," ","0",289," "," ","0",289," "," ","0",267," "," ","0",294," "," ","0",267," "," ","0",278," "," ","0",272," "," ","0",306," "," ","0",289," "," ","0",200," "," ","0",283," "," ","0",244," "," ","0",194," "," ","0",189," "," ","0",239," "," ","0",189," "," ","0",156," "," ","0",244," "," ","0",161," "," ","0",256," "," ","0",267," "," ","0",278," "," ","0"
"2960","USC00413787",1987,5,"PRCP",0,"P"," ","0",0,"P"," ","0",28," "," ","0",386," "," ","0",74," "," ","0",13," "," ","0",0,"P"," ","0",0,"P"," ","0",0,"P"," ","0",0,"P"," ","0",0,"P"," ","0",0,"P"," ","0",0,"P"," ","0",0,"T"," ","0",0,"P"," ","0",0,"P"," ","0",0,"P"," ","0",0,"P"," ","0",0,"P"," ","0",0,"T"," ","0",0,"P"," ","0",46," "," ","0",18," "," ","0",0,"P"," ","0",38," "," ","0",579," "," ","0",130," "," ","0",0,"P"," ","0",0,"P"," ","0",0,"P"," ","0",36," "," ","0"
"2961","USC00413787",1987,5,"SNOW",0,"P"," ","0",0,"P"," ","0",0,"P"," ","0",0,"P"," ","0",0,"P"," ","0",0,"P"," ","0",0,"P"," ","0",0,"P"," ","0",0,"P"," ","0",0,"P"," ","0",0,"P"," ","0",0,"P"," ","0",0,"P"," ","0",0,"P"," ","0",0,"P"," ","0",0,"P"," ","0",0,"P"," ","0",0,"P"," ","0",0,"P"," ","0",0,"P"," ","0",0,"P"," ","0",0,"P"," ","0",0,"P"," ","0",0,"P"," ","0",0,"P"," ","0",0,"P"," ","0",0,"P"," ","0",0,"P"," ","0",0,"P"," ","0",0,"P"," ","0",0,"P"," ","0"
"2962","USC00413787",1987,5,"SNWD",0," "," ","0",0,"P"," ","0",0,"P"," ","0",0,"P"," ","0",0,"P"," ","0",0,"P"," ","0",0,"P"," ","0",0,"P"," ","0",0,"P"," ","0",0,"P"," ","0",0,"P"," ","0",0,"P"," ","0",0,"P"," ","0",0,"P"," ","0",0,"P"," ","0",0,"P"," ","0",0,"P"," ","0",0,"P"," ","0",0,"P"," ","0",0,"P"," ","0",0,"P"," ","0",0,"P"," ","0",0,"P"," ","0",0,"P"," ","0",0,"P"," ","0",0,"P"," ","0",0,"P"," ","0",0,"P"," ","0",0,"P"," ","0",0,"P"," ","0",0,"P"," ","0"
"2963","USC00413787",1987,5,"WT03",NA," "," "," ",NA," "," "," ",NA," "," "," ",NA," "," "," ",NA," "," "," ",NA," "," "," ",NA," "," "," ",NA," "," "," ",NA," "," "," ",NA," "," "," ",NA," "," "," ",NA," "," "," ",NA," "," "," ",NA," "," "," ",NA," "," "," ",NA," "," "," ",NA," "," "," ",NA," "," "," ",NA," "," "," ",NA," "," "," ",NA," "," "," ",NA," "," "," ",NA," "," "," ",NA," "," "," ",1," "," ","0",NA," "," "," ",NA," "," "," ",NA," "," "," ",NA," "," "," ",NA," "," "," ",NA," "," "," "
"2964","USC00413787",1987,5,"WT05",NA," "," "," ",NA," "," "," ",NA," "," "," ",NA," "," "," ",NA," "," "," ",NA," "," "," ",NA," "," "," ",NA," "," "," ",NA," "," "," ",NA," "," "," ",NA," "," "," ",NA," "," "," ",NA," "," "," ",NA," "," "," ",NA," "," "," ",NA," "," "," ",NA," "," "," ",NA," "," "," ",NA," "," "," ",NA," "," "," ",NA," "," "," ",NA," "," "," ",NA," "," "," ",NA," "," "," ",1," "," ","0",NA," "," "," ",NA," "," "," ",NA," "," "," ",NA," "," "," ",NA," "," "," ",NA," "," "," "
"2965","USC00413787",1987,5,"WT11",NA," "," "," ",NA," "," "," ",NA," "," "," ",NA," "," "," ",NA," "," "," ",NA," "," "," ",NA," "," "," ",NA," "," "," ",NA," "," "," ",NA," "," "," ",NA," "," "," ",NA," "," "," ",NA," "," "," ",NA," "," "," ",NA," "," "," ",NA," "," "," ",NA," "," "," ",NA," "," "," ",NA," "," "," ",NA," "," "," ",NA," "," "," ",NA," "," "," ",NA," "," "," ",NA," "," "," ",1," "," ","0",NA," "," "," ",NA," "," "," ",NA," "," "," ",NA," "," "," ",NA," "," "," ",NA," "," "," "
"2966","USC00413787",1987,6,"TMAX",289," "," ","0",300," "," ","0",244," "," ","0",250," "," ","0",267," "," ","0",283," "," ","0",289," "," ","0",283," "," ","0",278," "," ","0",294," "," ","0",317," "," ","0",311," "," ","0",333," "," ","0",344," "," ","0",350," "," ","0",356," "," ","0",367," "," ","0",306," "," ","0",283," "," ","0",317," "," ","0",317," "," ","0",306," "," ","0",317," "," ","0",317," "," ","0",283," "," ","0",283," "," ","0",311," "," ","0",311," "," ","0",306," "," ","0",244," "," ","0",NA," "," "," "
"2967","USC00413787",1987,6,"TMIN",128," "," ","0",144," "," ","0",128," "," ","0",94," "," ","0",106," "," ","0",128," "," ","0",144," "," ","0",172," "," ","0",178," "," ","0",178," "," ","0",194," "," ","0",150," "," ","0",167," "," ","0",150," "," ","0",161," "," ","0",178," "," ","0",178," "," ","0",144," "," ","0",144," "," ","0",167," "," ","0",150," "," ","0",144," "," ","0",183," "," ","0",144," "," ","0",161," "," ","0",150," "," ","0",161," "," ","0",183," "," ","0",194," "," ","0",156," "," ","0",NA," "," "," "
"2968","USC00413787",1987,6,"TOBS",283," "," ","0",239," "," ","0",206," "," ","0",244," "," ","0",267," "," ","0",267," "," ","0",283," "," ","0",272," "," ","0",211," "," ","0",222," "," ","0",300," "," ","0",306," "," ","0",317," "," ","0",339," "," ","0",339," "," ","0",350," "," ","0",278," "," ","0",283," "," ","0",272," "," ","0",311," "," ","0",306," "," ","0",306," "," ","0",311," "," ","0",283," "," ","0",267," "," ","0",272," "," ","0",300," "," ","0",28," ","I","0",222," "," ","0",244," "," ","0",NA," "," "," "
"2969","USC00413787",1987,6,"PRCP",0,"P"," ","0",0,"P"," ","0",122," "," ","0",0,"P"," ","0",0,"P"," ","0",0,"P"," ","0",0,"P"," ","0",0,"P"," ","0",51," "," ","0",0,"P"," ","0",0,"P"," ","0",272," "," ","0",0,"P"," ","0",0,"P"," ","0",0,"P"," ","0",0,"P"," ","0",0,"P"," ","0",0,"P"," ","0",81," "," ","0",0,"P"," ","0",213," "," ","0",30," "," ","0",0,"P"," ","0",213," "," ","0",10," "," ","0",61," "," ","0",0,"P"," ","0",0,"P"," ","0",0,"P"," ","0",0,"P"," ","0",NA," "," "," "
"2970","USC00413787",1987,6,"SNOW",0,"P"," ","0",0,"P"," ","0",0,"P"," ","0",0,"P"," ","0",0,"P"," ","0",0,"P"," ","0",0,"P"," ","0",0,"P"," ","0",0,"P"," ","0",0,"P"," ","0",0,"P"," ","0",0,"P"," ","0",0,"P"," ","0",0,"P"," ","0",0,"P"," ","0",0,"P"," ","0",0,"P"," ","0",0,"P"," ","0",0,"P"," ","0",0,"P"," ","0",0,"P"," ","0",0,"P"," ","0",0,"P"," ","0",0,"P"," ","0",0,"P"," ","0",0,"P"," ","0",0,"P"," ","0",0,"P"," ","0",0,"P"," ","0",0,"P"," ","0",NA," "," "," "
"2971","USC00413787",1987,6,"SNWD",0," "," ","0",0,"P"," ","0",0,"P"," ","0",0,"P"," ","0",0,"P"," ","0",0,"P"," ","0",0,"P"," ","0",0,"P"," ","0",0,"P"," ","0",0,"P"," ","0",0,"P"," ","0",0,"P"," ","0",0,"P"," ","0",0,"P"," ","0",0,"P"," ","0",0,"P"," ","0",0,"P"," ","0",0,"P"," ","0",0,"P"," ","0",0,"P"," ","0",0,"P"," ","0",0,"P"," ","0",0,"P"," ","0",0,"P"," ","0",0,"P"," ","0",0,"P"," ","0",0,"P"," ","0",0,"P"," ","0",0,"P"," ","0",0,"P"," ","0",NA," "," "," "
"2972","USC00413787",1987,6,"WT03",NA," "," "," ",NA," "," "," ",NA," "," "," ",NA," "," "," ",NA," "," "," ",NA," "," "," ",NA," "," "," ",NA," "," "," ",NA," "," "," ",NA," "," "," ",1," "," ","0",NA," "," "," ",NA," "," "," ",NA," "," "," ",NA," "," "," ",NA," "," "," ",NA," "," "," ",NA," "," "," ",NA," "," "," ",NA," "," "," ",1," "," ","0",1," "," ","0",NA," "," "," ",NA," "," "," ",NA," "," "," ",NA," "," "," ",NA," "," "," ",NA," "," "," ",NA," "," "," ",NA," "," "," ",NA," "," "," "
"2973","USC00413787",1987,6,"WT11",NA," "," "," ",NA," "," "," ",NA," "," "," ",NA," "," "," ",NA," "," "," ",NA," "," "," ",NA," "," "," ",NA," "," "," ",NA," "," "," ",NA," "," "," ",1," "," ","0",NA," "," "," ",NA," "," "," ",NA," "," "," ",NA," "," "," ",NA," "," "," ",NA," "," "," ",NA," "," "," ",NA," "," "," ",NA," "," "," ",NA," "," "," ",NA," "," "," ",NA," "," "," ",NA," "," "," ",NA," "," "," ",NA," "," "," ",NA," "," "," ",NA," "," "," ",NA," "," "," ",NA," "," "," ",NA," "," "," "
"2974","USC00413787",1987,7,"TMAX",311," "," ","0",306," "," ","0",300," "," ","0",317," "," ","0",317," "," ","0",350," "," ","0",361," "," ","0",344," "," ","0",328," "," ","0",344," "," ","0",367," "," ","0",344," "," ","0",256," "," ","0",289," "," ","0",311," "," ","0",317," "," ","0",344," "," ","0",356," "," ","0",211," ","I","0",328," "," ","0",322," "," ","0",328," "," ","0",344," "," ","0",339," "," ","0",333," "," ","0",333," "," ","0",339," "," ","0",344," "," ","0",344," "," ","0",356," "," ","0",361," "," ","0"
"2975","USC00413787",1987,7,"TMIN",144," "," ","0",189," "," ","0",183," "," ","0",161," "," ","0",156," "," ","0",172," "," ","0",217," "," ","0",178," "," ","0",200," "," ","0",200," "," ","0",217," "," ","0",183," "," ","0",111," "," ","0",144," "," ","0",128," "," ","0",178," "," ","0",189," "," ","0",156," "," ","0",211," "," ","0",189," "," ","0",183," "," ","0",194," "," ","0",200," "," ","0",200," "," ","0",178," "," ","0",183," "," ","0",183," "," ","0",178," "," ","0",189," "," ","0",189," "," ","0",194," "," ","0"
"2976","USC00413787",1987,7,"TOBS",289," "," ","0",300," "," ","0",283," "," ","0",311," "," ","0",306," "," ","0",344," "," ","0",344," "," ","0",289," "," ","0",322," "," ","0",333," "," ","0",328," "," ","0",194," "," ","0",250," "," ","0",161," "," ","0",311," "," ","0",289," "," ","0",339," "," ","0",356," ","I","0",211," "," ","0",317," "," ","0",306," "," ","0",317," "," ","0",328," "," ","0",333," "," ","0",317," "," ","0",328," "," ","0",328," "," ","0",333," "," ","0",339," "," ","0",350," "," ","0",356," "," ","0"
"2977","USC00413787",1987,7,"PRCP",0,"P"," ","0",0,"P"," ","0",178," "," ","0",0,"P"," ","0",0,"P"," ","0",0,"P"," ","0",0,"P"," ","0",58," "," ","0",0,"P"," ","0",0,"P"," ","0",0,"T"," ","0",0,"P"," ","0",0,"P"," ","0",221," "," ","0",0,"P"," ","0",0,"P"," ","0",0,"T"," ","0",0,"P"," ","0",0,"T"," ","0",0,"P"," ","0",0,"P"," ","0",0,"P"," ","0",0,"P"," ","0",0,"P"," ","0",0,"P"," ","0",0,"P"," ","0",0,"P"," ","0",0,"P"," ","0",0,"P"," ","0",0,"P"," ","0",0,"P"," ","0"
"2978","USC00413787",1987,7,"SNOW",0,"P"," ","0",0,"P"," ","0",0,"P"," ","0",0,"P"," ","0",0,"P"," ","0",0,"P"," ","0",0,"P"," ","0",0,"P"," ","0",0,"P"," ","0",0,"P"," ","0",0,"P"," ","0",0,"P"," ","0",0,"P"," ","0",0,"P"," ","0",0,"P"," ","0",0,"P"," ","0",0,"P"," ","0",0,"P"," ","0",0,"P"," ","0",0,"P"," ","0",0,"P"," ","0",0,"P"," ","0",0,"P"," ","0",0,"P"," ","0",0,"P"," ","0",0,"P"," ","0",0,"P"," ","0",0,"P"," ","0",0,"P"," ","0",0,"P"," ","0",0,"P"," ","0"
"2979","USC00413787",1987,7,"SNWD",0," "," ","0",0,"P"," ","0",0,"P"," ","0",0,"P"," ","0",0,"P"," ","0",0,"P"," ","0",0,"P"," ","0",0,"P"," ","0",0,"P"," ","0",0,"P"," ","0",0,"P"," ","0",0,"P"," ","0",0,"P"," ","0",0,"P"," ","0",0,"P"," ","0",0,"P"," ","0",0,"P"," ","0",0,"P"," ","0",0,"P"," ","0",0,"P"," ","0",0,"P"," ","0",0,"P"," ","0",0,"P"," ","0",0,"P"," ","0",0,"P"," ","0",0,"P"," ","0",0,"P"," ","0",0,"P"," ","0",0,"P"," ","0",0,"P"," ","0",0,"P"," ","0"
"2980","USC00413787",1987,7,"WT03",NA," "," "," ",NA," "," "," ",1," "," ","0",NA," "," "," ",NA," "," "," ",NA," "," "," ",1," "," ","0",NA," "," "," ",NA," "," "," ",NA," "," "," ",NA," "," "," ",NA," "," "," ",NA," "," "," ",1," "," ","0",NA," "," "," ",NA," "," "," ",NA," "," "," ",NA," "," "," ",NA," "," "," ",NA," "," "," ",NA," "," "," ",NA," "," "," ",NA," "," "," ",NA," "," "," ",NA," "," "," ",NA," "," "," ",NA," "," "," ",NA," "," "," ",NA," "," "," ",NA," "," "," ",NA," "," "," "
"2981","USC00413787",1987,7,"WT11",NA," "," "," ",NA," "," "," ",NA," "," "," ",NA," "," "," ",NA," "," "," ",NA," "," "," ",NA," "," "," ",NA," "," "," ",NA," "," "," ",NA," "," "," ",NA," "," "," ",NA," "," "," ",NA," "," "," ",1," "," ","0",NA," "," "," ",NA," "," "," ",NA," "," "," ",NA," "," "," ",NA," "," "," ",NA," "," "," ",NA," "," "," ",NA," "," "," ",NA," "," "," ",NA," "," "," ",NA," "," "," ",NA," "," "," ",NA," "," "," ",NA," "," "," ",NA," "," "," ",NA," "," "," ",NA," "," "," "
"2982","USC00413787",1987,8,"TMAX",378," "," ","0",383," "," ","0",378," "," ","0",378," "," ","0",344," "," ","0",389," "," ","0",372," "," ","0",361," "," ","0",306," "," ","0",311," "," ","0",344," "," ","0",333," "," ","0",272," "," ","0",361," "," ","0",372," "," ","0",361," "," ","0",378," "," ","0",367," "," ","0",367," "," ","0",367," "," ","0",367," "," ","0",350," "," ","0",267," "," ","0",267," "," ","0",300," "," ","0",278," "," ","0",200," "," ","0",261," "," ","0",283," "," ","0",294," "," ","0",272," "," ","0"
"2983","USC00413787",1987,8,"TMIN",206," "," ","0",194," "," ","0",189," "," ","0",183," "," ","0",194," "," ","0",294," ","I","0",211," "," ","0",217," "," ","0",189," "," ","0",194," "," ","0",206," "," ","0",200," "," ","0",178," "," ","0",194," "," ","0",194," "," ","0",172," "," ","0",167," "," ","0",189," "," ","0",183," "," ","0",194," "," ","0",222," "," ","0",183," "," ","0",128," "," ","0",128," "," ","0",194," "," ","0",172," "," ","0",139," "," ","0",106," "," ","0",139," "," ","0",150," "," ","0",117," "," ","0"
"2984","USC00413787",1987,8,"TOBS",361," "," ","0",378," "," ","0",378," "," ","0",256," "," ","0",333," "," ","0",206," ","I","0",361," "," ","0",300," "," ","0",233," "," ","0",289," "," ","0",328," "," ","0",200," "," ","0",261," "," ","0",350," "," ","0",361," "," ","0",322," "," ","0",367," "," ","0",306," "," ","0",356," "," ","0",356," "," ","0",350," "," ","0",267," "," ","0",139," "," ","0",261," "," ","0",278," "," ","0",183," "," ","0",200," "," ","0",244," "," ","0",267," "," ","0",178," "," ","0",261," "," ","0"
"2985","USC00413787",1987,8,"PRCP",0,"P"," ","0",0,"P"," ","0",0,"P"," ","0",0,"P"," ","0",0,"P"," ","0",0,"P"," ","0",0,"P"," ","0",0,"P"," ","0",147," "," ","0",0,"P"," ","0",0,"P"," ","0",56," "," ","0",0,"P"," ","0",0,"P"," ","0",0,"P"," ","0",0,"P"," ","0",0,"P"," ","0",0,"P"," ","0",0,"P"," ","0",0,"P"," ","0",0,"P"," ","0",0,"P"," ","0",36," "," ","0",97," "," ","0",0,"P"," ","0",74," "," ","0",0,"P"," ","0",0,"P"," ","0",0,"P"," ","0",147," "," ","0",0,"P"," ","0"
"2986","USC00413787",1987,8,"SNOW",0,"P"," ","0",0,"P"," ","0",0,"P"," ","0",0,"P"," ","0",0,"P"," ","0",0,"P"," ","0",0,"P"," ","0",0,"P"," ","0",0,"P"," ","0",0,"P"," ","0",0,"P"," ","0",0,"P"," ","0",0,"P"," ","0",0,"P"," ","0",0,"P"," ","0",0,"P"," ","0",0,"P"," ","0",0,"P"," ","0",0,"P"," ","0",0,"P"," ","0",0,"P"," ","0",0,"P"," ","0",0,"P"," ","0",0,"P"," ","0",0,"P"," ","0",0,"P"," ","0",0,"P"," ","0",0,"P"," ","0",0,"P"," ","0",0,"P"," ","0",0,"P"," ","0"
"2987","USC00413787",1987,8,"SNWD",0," "," ","0",0,"P"," ","0",0,"P"," ","0",0,"P"," ","0",0,"P"," ","0",0,"P"," ","0",0,"P"," ","0",0,"P"," ","0",0,"P"," ","0",0,"P"," ","0",0,"P"," ","0",0,"P"," ","0",0,"P"," ","0",0,"P"," ","0",0,"P"," ","0",0,"P"," ","0",0,"P"," ","0",0,"P"," ","0",0,"P"," ","0",0,"P"," ","0",0,"P"," ","0",0,"P"," ","0",0,"P"," ","0",0,"P"," ","0",0,"P"," ","0",0,"P"," ","0",0,"P"," ","0",0,"P"," ","0",0,"P"," ","0",0,"P"," ","0",0,"P"," ","0"
"2988","USC00413787",1987,9,"TMAX",322," "," ","0",333," "," ","0",328," "," ","0",311," "," ","0",267," "," ","0",256," "," ","0",278," "," ","0",250," "," ","0",283," "," ","0",300," "," ","0",278," "," ","0",250," "," ","0",317," "," ","0",311," "," ","0",261," "," ","0",289," "," ","0",278," "," ","0",233," "," ","0",239," "," ","0",244," "," ","0",222," "," ","0",250," "," ","0",294," "," ","0",294," "," ","0",289," "," ","0",272," "," ","0",278," "," ","0",267," "," ","0",250," "," ","0",233," "," ","0",NA," "," "," "
"2989","USC00413787",1987,9,"TMIN",144," "," ","0",139," "," ","0",161," "," ","0",156," "," ","0",172," "," ","0",156," "," ","0",172," "," ","0",144," "," ","0",144," "," ","0",128," "," ","0",128," "," ","0",117," "," ","0",144," "," ","0",167," "," ","0",122," "," ","0",106," "," ","0",144," "," ","0",128," "," ","0",106," "," ","0",128," "," ","0",94," "," ","0",106," "," ","0",117," "," ","0",106," "," ","0",128," "," ","0",122," "," ","0",139," "," ","0",144," "," ","0",94," "," ","0",83," "," ","0",NA," "," "," "
"2990","USC00413787",1987,9,"TOBS",300," "," ","0",322," "," ","0",311," "," ","0",267," "," ","0",194," "," ","0",250," "," ","0",222," "," ","0",228," "," ","0",272," "," ","0",278," "," ","0",250," "," ","0",206," "," ","0",311," "," ","0",211," "," ","0",244," "," ","0",278," "," ","0",233," "," ","0",194," "," ","0",228," "," ","0",144," "," ","0",211," "," ","0",228," "," ","0",283," "," ","0",278," "," ","0",267," "," ","0",256," "," ","0",267," "," ","0",222," "," ","0",222," "," ","0",217," "," ","0",NA," "," "," "
"2991","USC00413787",1987,9,"PRCP",0,"P"," ","0",0,"P"," ","0",0,"P"," ","0",0,"P"," ","0",157," "," ","0",38," "," ","0",0,"P"," ","0",117," "," ","0",0,"P"," ","0",0,"P"," ","0",69," "," ","0",132," "," ","0",0,"P"," ","0",5," "," ","0",0,"P"," ","0",0,"P"," ","0",0,"P"," ","0",333," "," ","0",0,"P"," ","0",41," "," ","0",0,"P"," ","0",0,"P"," ","0",0,"P"," ","0",0,"P"," ","0",0,"P"," ","0",0,"P"," ","0",0,"P"," ","0",0,"P"," ","0",0,"P"," ","0",0,"P"," ","0",NA," "," "," "
"2992","USC00413787",1987,9,"SNOW",0,"P"," ","0",0,"P"," ","0",0,"P"," ","0",0,"P"," ","0",0,"P"," ","0",0,"P"," ","0",0,"P"," ","0",0,"P"," ","0",0,"P"," ","0",0,"P"," ","0",0,"P"," ","0",0,"P"," ","0",0,"P"," ","0",0,"P"," ","0",0,"P"," ","0",0,"P"," ","0",0,"P"," ","0",0,"P"," ","0",0,"P"," ","0",0,"P"," ","0",0,"P"," ","0",0,"P"," ","0",0,"P"," ","0",0,"P"," ","0",0,"P"," ","0",0,"P"," ","0",0,"P"," ","0",0,"P"," ","0",0,"P"," ","0",0,"P"," ","0",NA," "," "," "
"2993","USC00413787",1987,9,"SNWD",0," "," ","0",0,"P"," ","0",0,"P"," ","0",0,"P"," ","0",0,"P"," ","0",0,"P"," ","0",0,"P"," ","0",0,"P"," ","0",0,"P"," ","0",0,"P"," ","0",0,"P"," ","0",0,"P"," ","0",0,"P"," ","0",0,"P"," ","0",0,"P"," ","0",0,"P"," ","0",0,"P"," ","0",0,"P"," ","0",0,"P"," ","0",0,"P"," ","0",0,"P"," ","0",0,"P"," ","0",0,"P"," ","0",0,"P"," ","0",0,"P"," ","0",0,"P"," ","0",0,"P"," ","0",0,"P"," ","0",0,"P"," ","0",0,"P"," ","0",NA," "," "," "
"2994","USC00413787",1987,9,"WT03",NA," "," "," ",NA," "," "," ",NA," "," "," ",NA," "," "," ",NA," "," "," ",NA," "," "," ",NA," "," "," ",1," "," ","0",NA," "," "," ",NA," "," "," ",NA," "," "," ",1," "," ","0",NA," "," "," ",NA," "," "," ",NA," "," "," ",NA," "," "," ",1," "," ","0",NA," "," "," ",NA," "," "," ",1," "," ","0",NA," "," "," ",NA," "," "," ",NA," "," "," ",NA," "," "," ",NA," "," "," ",NA," "," "," ",NA," "," "," ",NA," "," "," ",NA," "," "," ",NA," "," "," ",NA," "," "," "
"2995","USC00413787",1987,10,"TMAX",317," "," ","0",194," "," ","0",250," "," ","0",306," "," ","0",306," "," ","0",244," "," ","0",244," "," ","0",328," "," ","0",256," "," ","0",178," "," ","0",150," "," ","0",261," "," ","0",283," "," ","0",261," "," ","0",217," "," ","0",194," "," ","0",217," "," ","0",200," "," ","0",183," "," ","0",144," "," ","0",211," "," ","0",183," "," ","0",200," "," ","0",178," "," ","0",250," "," ","0",233," "," ","0",178," "," ","0",256," "," ","0",278," "," ","0",267," "," ","0",244," "," ","0"
"2996","USC00413787",1987,10,"TMIN",94," "," ","0",111," "," ","0",39," "," ","0",83," "," ","0",111," "," ","0",39," "," ","0",56," "," ","0",83," "," ","0",83," "," ","0",39," "," ","0",39," "," ","0",11," "," ","0",117," "," ","0",117," "," ","0",89," "," ","0",72," "," ","0",22," "," ","0",44," "," ","0",22," "," ","0",17," "," ","0",17," "," ","0",78," "," ","0",28," "," ","0",94," "," ","0",94," "," ","0",78," "," ","0",28," "," ","0",44," "," ","0",44," "," ","0",94," "," ","0",61," "," ","0"
"2997","USC00413787",1987,10,"TOBS",194," "," ","0",183," "," ","0",161," "," ","0",306," "," ","0",194," "," ","0",228," "," ","0",222," "," ","0",256," "," ","0",178," "," ","0",50," "," ","0",150," "," ","0",233," "," ","0",261," "," ","0",139," "," ","0",194," "," ","0",144," "," ","0",194," "," ","0",183," "," ","0",117," "," ","0",128," "," ","0",183," "," ","0",156," "," ","0",178," "," ","0",100," "," ","0",183," "," ","0",172," "," ","0",117," "," ","0",194," "," ","0",189," "," ","0",211," "," ","0",167," "," ","0"
"2998","USC00413787",1987,10,"PRCP",0,"P"," ","0",0,"P"," ","0",0,"P"," ","0",0,"P"," ","0",0,"P"," ","0",0,"P"," ","0",0,"P"," ","0",0,"P"," ","0",0,"P"," ","0",0,"P"," ","0",0,"P"," ","0",0,"P"," ","0",0,"P"," ","0",0,"T"," ","0",173," "," ","0",0,"P"," ","0",0,"P"," ","0",0,"P"," ","0",0,"P"," ","0",0,"P"," ","0",0,"P"," ","0",0,"P"," ","0",0,"P"," ","0",0,"P"," ","0",0,"T"," ","0",18," "," ","0",0,"P"," ","0",0,"P"," ","0",0,"P"," ","0",0,"P"," ","0",0,"T"," ","0"
"2999","USC00413787",1987,10,"SNOW",0,"P"," ","0",0,"P"," ","0",0,"P"," ","0",0,"P"," ","0",0,"P"," ","0",0,"P"," ","0",0,"P"," ","0",0,"P"," ","0",0,"P"," ","0",0,"P"," ","0",0,"P"," ","0",0,"P"," ","0",0,"P"," ","0",0,"P"," ","0",0,"P"," ","0",0,"P"," ","0",0,"P"," ","0",0,"P"," ","0",0,"P"," ","0",0,"P"," ","0",0,"P"," ","0",0,"P"," ","0",0,"P"," ","0",0,"P"," ","0",0,"P"," ","0",0,"P"," ","0",0,"P"," ","0",0,"P"," ","0",0,"P"," ","0",0,"P"," ","0",0,"P"," ","0"
"3000","USC00413787",1987,10,"SNWD",0," "," ","0",0,"P"," ","0",0,"P"," ","0",0,"P"," ","0",0,"P"," ","0",0,"P"," ","0",0,"P"," ","0",0,"P"," ","0",0,"P"," ","0",0,"P"," ","0",0,"P"," ","0",0,"P"," ","0",0,"P"," ","0",0,"P"," ","0",0,"P"," ","0",0,"P"," ","0",0,"P"," ","0",0,"P"," ","0",0,"P"," ","0",0,"P"," ","0",0,"P"," ","0",0,"P"," ","0",0,"P"," ","0",0,"P"," ","0",0,"P"," ","0",0,"P"," ","0",0,"P"," ","0",0,"P"," ","0",0,"P"," ","0",0,"P"," ","0",0,"P"," ","0"
"3001","USC00413787",1987,11,"TMAX",272," "," ","0",250," "," ","0",250," "," ","0",239," "," ","0",194," "," ","0",167," "," ","0",194," "," ","0",144," "," ","0",67," "," ","0",111," "," ","0",194," "," ","0",206," "," ","0",178," "," ","0",189," "," ","0",178," "," ","0",78," "," ","0",139," "," ","0",61," "," ","0",150," "," ","0",200," "," ","0",228," "," ","0",172," "," ","0",144," "," ","0",122," "," ","0",56," "," ","0",17," "," ","0",6," "," ","0",83," "," ","0",83," "," ","0",83," "," ","0",NA," "," "," "
"3002","USC00413787",1987,11,"TMIN",128," "," ","0",106," "," ","0",83," "," ","0",50," "," ","0",39," "," ","0",78," "," ","0",56," "," ","0",61," "," ","0",-28," "," ","0",-61," "," ","0",-11," "," ","0",-28," "," ","0",-6," "," ","0",-11," "," ","0",44," "," ","0",6," "," ","0",-56," "," ","0",-22," "," ","0",-56," "," ","0",-44," "," ","0",6," "," ","0",39," "," ","0",-6," "," ","0",28," "," ","0",-67," "," ","0",-17," "," ","0",-33," "," ","0",-56," "," ","0",-61," "," ","0",-44," "," ","0",NA," "," "," "
"3003","USC00413787",1987,11,"TOBS",222," "," ","0",194," "," ","0",239," "," ","0",183," "," ","0",133," "," ","0",133," "," ","0",144," "," ","0",61," "," ","0",33," "," ","0",44," "," ","0",56," "," ","0",122," "," ","0",117," "," ","0",122," "," ","0",78," "," ","0",17," "," ","0",61," "," ","0",6," "," ","0",83," "," ","0",94," "," ","0",161," "," ","0",122," "," ","0",94," "," ","0",56," "," ","0",-6," "," ","0",0," "," ","0",-6," "," ","0",28," "," ","0",28," "," ","0",33," "," ","0",NA," "," "," "
"3004","USC00413787",1987,11,"PRCP",0,"P"," ","0",0,"P"," ","0",0,"P"," ","0",0,"P"," ","0",0,"P"," ","0",5," "," ","0",130," "," ","0",0,"P"," ","0",0,"P"," ","0",0,"P"," ","0",0,"P"," ","0",0,"P"," ","0",0,"P"," ","0",0,"P"," ","0",0,"P"," ","0",0,"P"," ","0",0,"P"," ","0",23," "," ","0",0,"P"," ","0",0,"P"," ","0",0,"P"," ","0",0,"P"," ","0",0,"P"," ","0",0,"P"," ","0",0,"P"," ","0",0,"P"," ","0",0,"T"," ","0",0,"P"," ","0",0,"P"," ","0",0,"P"," ","0",NA," "," "," "
"3005","USC00413787",1987,11,"SNOW",0,"P"," ","0",0,"P"," ","0",0,"P"," ","0",0,"P"," ","0",0,"P"," ","0",0,"P"," ","0",0,"P"," ","0",0,"P"," ","0",0,"P"," ","0",0,"P"," ","0",0,"P"," ","0",0,"P"," ","0",0,"P"," ","0",0,"P"," ","0",0,"P"," ","0",0,"P"," ","0",0,"P"," ","0",51," "," ","0",0,"P"," ","0",0,"P"," ","0",0,"P"," ","0",0,"P"," ","0",0,"P"," ","0",0,"P"," ","0",0,"P"," ","0",0,"P"," ","0",13," "," ","0",0,"P"," ","0",0,"P"," ","0",0,"P"," ","0",NA," "," "," "
"3006","USC00413787",1987,11,"SNWD",0," "," ","0",0,"P"," ","0",0,"P"," ","0",0,"P"," ","0",0,"P"," ","0",0,"P"," ","0",0,"P"," ","0",0,"P"," ","0",0,"P"," ","0",0,"P"," ","0",0,"P"," ","0",0,"P"," ","0",0,"P"," ","0",0,"P"," ","0",0,"P"," ","0",0,"P"," ","0",0,"P"," ","0",NA," "," "," ",0," "," ","0",0,"P"," ","0",0,"P"," ","0",0,"P"," ","0",0,"P"," ","0",0,"P"," ","0",0,"P"," ","0",0,"P"," ","0",NA," "," "," ",0," "," ","0",0,"P"," ","0",0,"P"," ","0",NA," "," "," "
"3007","USC00413787",1987,12,"TMAX",122," "," ","0",183," "," ","0",211," "," ","0",228," "," ","0",256," "," ","0",178," "," ","0",206," "," ","0",117," "," ","0",167," "," ","0",183," "," ","0",128," "," ","0",67," "," ","0",33," "," ","0",-33," "," ","0",-56," "," ","0",-44," "," ","0",11," "," ","0",28," "," ","0",56," "," ","0",28," "," ","0",94," "," ","0",111," "," ","0",183," "," ","0",44," "," ","0",-39," "," ","0",-56," "," ","0",-33," "," ","0",22," "," ","0",61," "," ","0",111," "," ","0",39," "," ","0"
"3008","USC00413787",1987,12,"TMIN",-78," "," ","0",-61," "," ","0",-6," "," ","0",-6," "," ","0",72," "," ","0",50," "," ","0",-17," "," ","0",44," "," ","0",-39," "," ","0",-39," "," ","0",22," "," ","0",-6," "," ","0",-33," "," ","0",-72," "," ","0",-178," "," ","0",-194," "," ","0",-106," "," ","0",-28," "," ","0",11," "," ","0",-28," "," ","0",-44," "," ","0",-44," "," ","0",17," "," ","0",-39," "," ","0",-83," "," ","0",-78," "," ","0",-189," "," ","0",-111," "," ","0",-106," "," ","0",-22," "," ","0",-94," "," ","0"
"3009","USC00413787",1987,12,"TOBS",61," "," ","0",100," "," ","0",133," "," ","0",128," "," ","0",144," "," ","0",128," "," ","0",117," "," ","0",78," "," ","0",67," "," ","0",111," "," ","0",67," "," ","0",33," "," ","0",-33," "," ","0",-72," "," ","0",-100," "," ","0",-78," "," ","0",-22," "," ","0",17," "," ","0",28," "," ","0",6," "," ","0",11," "," ","0",72," "," ","0",44," "," ","0",-39," "," ","0",-56," "," ","0",-78," "," ","0",-61," "," ","0",-6," "," ","0",6," "," ","0",44," "," ","0",-44," "," ","0"
"3010","USC00413787",1987,12,"PRCP",0,"P"," ","0",0,"P"," ","0",0,"P"," ","0",0,"P"," ","0",0,"P"," ","0",0,"P"," ","0",0,"P"," ","0",0,"P"," ","0",0,"P"," ","0",0,"P"," ","0",0,"P"," ","0",0,"P"," ","0",89," "," ","0",102," "," ","0",0,"P"," ","0",0,"P"," ","0",0,"P"," ","0",0,"P"," ","0",0,"P"," ","0",0,"P"," ","0",0,"P"," ","0",0,"P"," ","0",0,"P"," ","0",0,"P"," ","0",0,"T"," ","0",0,"T"," ","0",0,"P"," ","0",0,"P"," ","0",0,"P"," ","0",0,"P"," ","0",0,"P"," ","0"
"3011","USC00413787",1987,12,"SNOW",0,"P"," ","0",0,"P"," ","0",0,"P"," ","0",0,"P"," ","0",0,"P"," ","0",0,"P"," ","0",0,"P"," ","0",0,"P"," ","0",0,"P"," ","0",0,"P"," ","0",0,"P"," ","0",0,"P"," ","0",114," "," ","0",76," "," ","0",0,"P"," ","0",0,"P"," ","0",0,"P"," ","0",0,"P"," ","0",0,"P"," ","0",0,"P"," ","0",0,"P"," ","0",0,"P"," ","0",0,"P"," ","0",0,"P"," ","0",25," "," ","0",51," "," ","0",0,"P"," ","0",0,"P"," ","0",0,"P"," ","0",0,"P"," ","0",0,"P"," ","0"
"3012","USC00413787",1987,12,"SNWD",0," "," ","0",0,"P"," ","0",0,"P"," ","0",0,"P"," ","0",0,"P"," ","0",0,"P"," ","0",0,"P"," ","0",0,"P"," ","0",0,"P"," ","0",0,"P"," ","0",0,"P"," ","0",0,"P"," ","0",NA," "," "," ",NA," "," "," ",NA," "," "," ",NA," "," "," ",NA," "," "," ",NA," "," "," ",NA," "," "," ",NA," "," "," ",NA," "," "," ",NA," "," "," ",NA," "," "," ",NA," "," "," ",NA," "," "," ",NA," "," "," ",NA," "," "," ",NA," "," "," ",NA," "," "," ",NA," "," "," ",NA," "," "," "
"3013","USC00413787",1988,1,"TMAX",0," "," ","0",56," "," ","0",17," "," ","0",-6," "," ","0",-44," "," ","0",-100," "," ","0",-106," "," ","0",-72," "," ","0",-100," "," ","0",11," "," ","0",61," "," ","0",56," "," ","0",44," "," ","0",83," "," ","0",133," "," ","0",89," "," ","0",89," "," ","0",106," "," ","0",56," "," ","0",11," "," ","0",56," "," ","0",67," "," ","0",100," "," ","0",56," "," ","0",83," "," ","0",100," "," ","0",172," "," ","0",189," "," ","0",233," "," ","0",194," "," ","0",144," "," ","0"
"3014","USC00413787",1988,1,"TMIN",-94," "," ","0",-106," "," ","0",-94," "," ","0",-117," "," ","0",-100," "," ","0",-133," "," ","0",-222," "," ","0",-211," "," ","0",-156," "," ","0",-172," "," ","0",-61," "," ","0",-50," "," ","0",-111," "," ","0",-56," "," ","0",-33," "," ","0",17," "," ","0",-33," "," ","0",11," "," ","0",-28," "," ","0",-72," "," ","0",-128," "," ","0",-50," "," ","0",-28," "," ","0",-28," "," ","0",-78," "," ","0",-33," "," ","0",-56," "," ","0",-44," "," ","0",6," "," ","0",44," "," ","0",-11," "," ","0"
"3015","USC00413787",1988,1,"TOBS",-39," "," ","0",17," "," ","0",-22," "," ","0",-44," "," ","0",-100," "," ","0",-133," "," ","0",-139," "," ","0",-106," "," ","0",-100," "," ","0",-28," "," ","0",56," "," ","0",-50," "," ","0",11," "," ","0",22," "," ","0",89," "," ","0",28," "," ","0",78," "," ","0",56," "," ","0",-28," "," ","0",-22," "," ","0",-6," "," ","0",17," "," ","0",33," "," ","0",11," "," ","0",39," "," ","0",61," "," ","0",106," "," ","0",94," "," ","0",150," "," ","0",144," "," ","0",0," "," ","0"
"3016","USC00413787",1988,1,"PRCP",0,"P"," ","0",0,"P"," ","0",0,"P"," ","0",0,"P"," ","0",25," "," ","0",56," "," ","0",0,"P"," ","0",0,"P"," ","0",0,"P"," ","0",0,"P"," ","0",0,"P"," ","0",0,"P"," ","0",0,"P"," ","0",0,"P"," ","0",0,"P"," ","0",0,"P"," ","0",0,"P"," ","0",0,"P"," ","0",0,"P"," ","0",0,"P"," ","0",0,"P"," ","0",0,"P"," ","0",0,"P"," ","0",0,"P"," ","0",0,"P"," ","0",0,"P"," ","0",0,"P"," ","0",0,"P"," ","0",0,"P"," ","0",0,"P"," ","0",0,"P"," ","0"
"3017","USC00413787",1988,1,"SNOW",0,"P"," ","0",0,"P"," ","0",0,"P"," ","0",0,"P"," ","0",51," "," ","0",102," "," ","0",0,"P"," ","0",0,"P"," ","0",0,"P"," ","0",0,"P"," ","0",0,"P"," ","0",0,"P"," ","0",0,"P"," ","0",0,"P"," ","0",0,"P"," ","0",0,"P"," ","0",0,"P"," ","0",0,"P"," ","0",0,"P"," ","0",0,"P"," ","0",0,"P"," ","0",0,"P"," ","0",0,"P"," ","0",0,"P"," ","0",0,"P"," ","0",0,"P"," ","0",0,"P"," ","0",0,"P"," ","0",0,"P"," ","0",0,"P"," ","0",0,"P"," ","0"
"3018","USC00413787",1988,1,"SNWD",0," "," ","0",0,"P"," ","0",0,"P"," ","0",0,"P"," ","0",NA," "," "," ",NA," "," "," ",NA," "," "," ",NA," "," "," ",NA," "," "," ",NA," "," "," ",0," "," ","0",0,"P"," ","0",0,"P"," ","0",0,"P"," ","0",0,"P"," ","0",0,"P"," ","0",0,"P"," ","0",0,"P"," ","0",0,"P"," ","0",0,"P"," ","0",0,"P"," ","0",0,"P"," ","0",0,"P"," ","0",0,"P"," ","0",0,"P"," ","0",0,"P"," ","0",0,"P"," ","0",0,"P"," ","0",0,"P"," ","0",0,"P"," ","0",0,"P"," ","0"
"3019","USC00413787",1988,2,"TMAX",0," "," ","0",-17," "," ","0",-28," "," ","0",33," "," ","0",-11," "," ","0",44," "," ","0",83," "," ","0",144," "," ","0",150," "," ","0",117," "," ","0",106," "," ","0",183," "," ","0",233," "," ","0",156," "," ","0",172," "," ","0",150," "," ","0",106," "," ","0",78," "," ","0",117," "," ","0",139," "," ","0",206," "," ","0",178," "," ","0",83," "," ","0",156," "," ","0",189," "," ","0",217," "," ","0",206," "," ","0",206," "," ","0",167," "," ","0",NA," "," "," ",NA," "," "," "
"3020","USC00413787",1988,2,"TMIN",-83," "," ","0",-100," "," ","0",-56," "," ","0",-94," "," ","0",-111," "," ","0",-111," "," ","0",-61," "," ","0",-61," "," ","0",-61," "," ","0",-122," "," ","0",-167," "," ","0",-44," "," ","0",-39," "," ","0",22," "," ","0",-72," "," ","0",0," "," ","0",11," "," ","0",-61," "," ","0",-44," "," ","0",-44," "," ","0",-22," "," ","0",6," "," ","0",-56," "," ","0",-56," "," ","0",-44," "," ","0",17," "," ","0",-11," "," ","0",33," "," ","0",-33," "," ","0",NA," "," "," ",NA," "," "," "
"3021","USC00413787",1988,2,"TOBS",-83," "," ","0",-28," "," ","0",-33," "," ","0",-11," "," ","0",-111," "," ","0",28," "," ","0",39," "," ","0",78," "," ","0",117," "," ","0",-117," "," ","0",67," "," ","0",133," "," ","0",150," "," ","0",67," "," ","0",128," "," ","0",106," "," ","0",44," "," ","0",56," "," ","0",83," "," ","0",117," "," ","0",178," "," ","0",83," "," ","0",39," "," ","0",128," "," ","0",139," "," ","0",189," "," ","0",156," "," ","0",144," "," ","0",144," "," ","0",NA," "," "," ",NA," "," "," "
"3022","USC00413787",1988,2,"PRCP",0,"P"," ","0",0,"P"," ","0",0,"P"," ","0",0,"P"," ","0",0,"P"," ","0",0,"P"," ","0",0,"P"," ","0",0,"P"," ","0",0,"P"," ","0",0,"P"," ","0",0,"P"," ","0",0,"P"," ","0",0,"P"," ","0",0,"P"," ","0",0,"P"," ","0",0,"P"," ","0",0,"P"," ","0",0,"P"," ","0",0,"P"," ","0",0,"P"," ","0",0,"P"," ","0",0,"P"," ","0",0,"P"," ","0",0,"P"," ","0",0,"P"," ","0",0,"P"," ","0",0,"P"," ","0",0,"P"," ","0",0,"P"," ","0",NA," "," "," ",NA," "," "," "
"3023","USC00413787",1988,2,"SNOW",0,"P"," ","0",0,"P"," ","0",0,"P"," ","0",0,"P"," ","0",0,"P"," ","0",0,"P"," ","0",0,"P"," ","0",0,"P"," ","0",0,"P"," ","0",0,"P"," ","0",0,"P"," ","0",0,"P"," ","0",0,"P"," ","0",0,"P"," ","0",0,"P"," ","0",0,"P"," ","0",0,"P"," ","0",0,"P"," ","0",0,"P"," ","0",0,"P"," ","0",0,"P"," ","0",0,"P"," ","0",0,"P"," ","0",0,"P"," ","0",0,"P"," ","0",0,"P"," ","0",0,"P"," ","0",0,"P"," ","0",0,"P"," ","0",NA," "," "," ",NA," "," "," "
"3024","USC00413787",1988,2,"SNWD",0," "," ","0",0,"P"," ","0",0,"P"," ","0",0,"P"," ","0",0,"P"," ","0",0,"P"," ","0",0,"P"," ","0",0,"P"," ","0",0,"P"," ","0",0,"P"," ","0",0,"P"," ","0",0,"P"," ","0",0,"P"," ","0",0,"P"," ","0",0,"P"," ","0",0,"P"," ","0",0,"P"," ","0",0,"P"," ","0",0,"P"," ","0",0,"P"," ","0",0,"P"," ","0",0,"P"," ","0",0,"P"," ","0",0,"P"," ","0",0,"P"," ","0",0,"P"," ","0",0,"P"," ","0",0,"P"," ","0",0,"P"," ","0",NA," "," "," ",NA," "," "," "
"3025","USC00413787",1988,3,"TMAX",178," "," ","0",128," "," ","0",6," "," ","0",83," "," ","0",128," "," ","0",194," "," ","0",194," "," ","0",117," "," ","0",194," "," ","0",244," "," ","0",194," "," ","0",83," "," ","0",56," "," ","0",111," "," ","0",144," "," ","0",78," "," ","0",-11," "," ","0",56," "," ","0",172," "," ","0",256," "," ","0",278," "," ","0",283," "," ","0",228," "," ","0",189," "," ","0",239," "," ","0",217," "," ","0",267," "," ","0",256," "," ","0",128," "," ","0",172," "," ","0",133," "," ","0"
"3026","USC00413787",1988,3,"TMIN",50," "," ","0",-22," "," ","0",-39," "," ","0",-72," "," ","0",-17," "," ","0",-17," "," ","0",39," "," ","0",-17," "," ","0",-39," "," ","0",11," "," ","0",-33," "," ","0",-33," "," ","0",-72," "," ","0",-94," "," ","0",-67," "," ","0",-39," "," ","0",-72," "," ","0",-100," "," ","0",-28," "," ","0",-11," "," ","0",22," "," ","0",22," "," ","0",50," "," ","0",61," "," ","0",-22," "," ","0",28," "," ","0",67," "," ","0",67," "," ","0",-6," "," ","0",0," "," ","0",6," "," ","0"
"3027","USC00413787",1988,3,"TOBS",128," "," ","0",-22," "," ","0",-6," "," ","0",72," "," ","0",111," "," ","0",161," "," ","0",44," "," ","0",83," "," ","0",167," "," ","0",194," "," ","0",56," "," ","0",56," "," ","0",17," "," ","0",89," "," ","0",78," "," ","0",-33," "," ","0",-17," "," ","0",22," "," ","0",139," "," ","0",222," "," ","0",233," "," ","0",228," "," ","0",189," "," ","0",133," "," ","0",217," "," ","0",183," "," ","0",256," "," ","0",128," "," ","0",94," "," ","0",133," "," ","0",50," ","I","0"
"3028","USC00413787",1988,3,"PRCP",0,"P"," ","0",267," "," ","0",0,"P"," ","0",0,"P"," ","0",66," "," ","0",0,"P"," ","0",0,"P"," ","0",0,"P"," ","0",0,"P"," ","0",0,"P"," ","0",0,"P"," ","0",0,"P"," ","0",30," "," ","0",0,"P"," ","0",0,"P"," ","0",0,"T"," ","0",109," "," ","0",0,"P"," ","0",0,"P"," ","0",0,"P"," ","0",0,"P"," ","0",0,"P"," ","0",0,"P"," ","0",0,"P"," ","0",0,"P"," ","0",0,"P"," ","0",0,"P"," ","0",0,"P"," ","0",89," "," ","0",0,"P"," ","0",20," "," ","0"
"3029","USC00413787",1988,3,"SNOW",0,"P"," ","0",76," "," ","0",0,"P"," ","0",0,"P"," ","0",51," "," ","0",0,"P"," ","0",0,"P"," ","0",0,"P"," ","0",0,"P"," ","0",0,"P"," ","0",0,"P"," ","0",0,"P"," ","0",25," "," ","0",0,"P"," ","0",0,"P"," ","0",0,"T"," ","0",127," "," ","0",0,"P"," ","0",0,"P"," ","0",0,"P"," ","0",0,"P"," ","0",0,"P"," ","0",0,"P"," ","0",0,"P"," ","0",0,"P"," ","0",0,"P"," ","0",0,"P"," ","0",0,"P"," ","0",51," "," ","0",0,"P"," ","0",0,"P"," ","0"
"3030","USC00413787",1988,4,"TMAX",6," ","I","0",72," "," ","0",233," "," ","0",278," "," ","0",256," "," ","0",239," "," ","0",306," "," ","0",294," "," ","0",278," "," ","0",111," "," ","0",161," "," ","0",244," "," ","0",300," "," ","0",300," "," ","0",178," "," ","0",172," "," ","0",172," "," ","0",144," "," ","0",250," "," ","0",278," "," ","0",283," "," ","0",272," "," ","0",217," "," ","0",183," "," ","0",233," "," ","0",228," "," ","0",206," "," ","0",239," "," ","0",239," "," ","0",200," "," ","0",NA," "," "," "
"3031","USC00413787",1988,4,"TMIN",-139," ","S","0",0," "," ","0",6," "," ","0",39," "," ","0",72," "," ","0",6," "," ","0",56," "," ","0",117," "," ","0",33," "," ","0",-11," "," ","0",-33," "," ","0",-33," "," ","0",28," "," ","0",28," "," ","0",44," "," ","0",33," "," ","0",89," "," ","0",22," "," ","0",44," "," ","0",72," "," ","0",89," "," ","0",83," "," ","0",0," "," ","0",56," "," ","0",28," "," ","0",50," "," ","0",17," "," ","0",56," "," ","0",56," "," ","0",111," "," ","0",NA," "," "," "
"3032","USC00413787",1988,4,"TOBS",0," "," ","0",56," "," ","0",222," "," ","0",256," "," ","0",128," "," ","0",228," "," ","0",289," "," ","0",278," "," ","0",83," "," ","0",94," "," ","0",144," "," ","0",239," "," ","0",289," "," ","0",161," "," ","0",172," "," ","0",111," "," ","0",139," "," ","0",133," "," ","0",233," "," ","0",278," "," ","0",272," "," ","0",217," "," ","0",156," "," ","0",133," "," ","0",228," "," ","0",139," "," ","0",194," "," ","0",228," "," ","0",133," "," ","0",178," "," ","0",NA," "," "," "
"3033","USC00413787",1988,4,"PRCP",234," "," ","0",0,"P"," ","0",0,"P"," ","0",0,"P"," ","0",0,"P"," ","0",0,"P"," ","0",0,"P"," ","0",0,"P"," ","0",0,"P"," ","0",0,"P"," ","0",0,"P"," ","0",0,"P"," ","0",0,"P"," ","0",0,"P"," ","0",0,"P"," ","0",56," "," ","0",356," "," ","0",25," "," ","0",0,"P"," ","0",0,"P"," ","0",0,"P"," ","0",0,"P"," ","0",0,"P"," ","0",97," "," ","0",0,"T"," ","0",0,"P"," ","0",0,"P"," ","0",0,"P"," ","0",61," "," ","0",0,"P"," ","0",NA," "," "," "
"3034","USC00413787",1988,4,"SNOW",NA," "," "," ",0,"P"," ","0",0,"P"," ","0",0,"P"," ","0",0,"P"," ","0",0,"P"," ","0",0,"P"," ","0",0,"P"," ","0",0,"P"," ","0",0,"P"," ","0",0,"P"," ","0",0,"P"," ","0",0,"P"," ","0",0,"P"," ","0",0,"P"," ","0",0,"P"," ","0",0,"P"," ","0",0,"P"," ","0",0,"P"," ","0",0,"P"," ","0",0,"P"," ","0",0,"P"," ","0",0,"P"," ","0",0,"P"," ","0",0,"P"," ","0",0,"P"," ","0",0,"P"," ","0",0,"P"," ","0",0,"P"," ","0",0,"P"," ","0",NA," "," "," "
"3035","USC00413787",1988,4,"SNWD",76," "," ","0",0," "," ","0",0,"P"," ","0",0,"P"," ","0",0,"P"," ","0",0,"P"," ","0",0,"P"," ","0",0,"P"," ","0",0,"P"," ","0",0,"P"," ","0",0,"P"," ","0",0,"P"," ","0",0,"P"," ","0",0,"P"," ","0",0,"P"," ","0",0,"P"," ","0",0,"P"," ","0",0,"P"," ","0",0,"P"," ","0",0,"P"," ","0",0,"P"," ","0",0,"P"," ","0",0,"P"," ","0",0,"P"," ","0",0,"P"," ","0",0,"P"," ","0",0,"P"," ","0",0,"P"," ","0",0,"P"," ","0",0,"P"," ","0",NA," "," "," "
"3036","USC00413787",1988,5,"TMAX",211," "," ","0",194," "," ","0",172," "," ","0",211," "," ","0",267," "," ","0",300," "," ","0",289," "," ","0",256," "," ","0",239," "," ","0",267," "," ","0",261," "," ","0",278," "," ","0",294," "," ","0",317," "," ","0",317," "," ","0",300," "," ","0",322," "," ","0",294," "," ","0",278," "," ","0",278," "," ","0",156," "," ","0",161," "," ","0",183," "," ","0",272," "," ","0",256," "," ","0",289," "," ","0",311," "," ","0",289," "," ","0",278," "," ","0",261," "," ","0",267," "," ","0"
"3037","USC00413787",1988,5,"TMIN",117," "," ","0",61," "," ","0",50," "," ","0",17," "," ","0",67," "," ","0",106," "," ","0",44," "," ","0",83," "," ","0",50," "," ","0",78," "," ","0",50," "," ","0",94," "," ","0",122," "," ","0",156," "," ","0",111," "," ","0",111," "," ","0",161," "," ","0",156," "," ","0",111," "," ","0",83," "," ","0",83," "," ","0",83," "," ","0",100," "," ","0",94," "," ","0",122," "," ","0",117," "," ","0",167," "," ","0",150," "," ","0",128," "," ","0",183," "," ","0",128," "," ","0"
"3038","USC00413787",1988,5,"TOBS",189," "," ","0",83," "," ","0",156," "," ","0",206," "," ","0",250," "," ","0",289," "," ","0",256," "," ","0",233," "," ","0",233," "," ","0",256," "," ","0",200," "," ","0",272," "," ","0",289," "," ","0",317," "," ","0",283," "," ","0",294," "," ","0",233," "," ","0",278," "," ","0",167," "," ","0",150," "," ","0",133," "," ","0",144," "," ","0",144," "," ","0",256," "," ","0",244," "," ","0",278," "," ","0",283," "," ","0",244," "," ","0",261," "," ","0",244," "," ","0",233," "," ","0"
"3039","USC00413787",1988,5,"PRCP",0,"P"," ","0",0,"P"," ","0",0,"P"," ","0",0,"P"," ","0",0,"P"," ","0",0,"P"," ","0",0,"P"," ","0",0,"P"," ","0",0,"P"," ","0",0,"P"," ","0",147," "," ","0",0,"P"," ","0",0,"P"," ","0",0,"P"," ","0",0,"P"," ","0",0,"P"," ","0",0,"P"," ","0",0,"P"," ","0",15," "," ","0",13," "," ","0",10," "," ","0",0,"P"," ","0",13," "," ","0",0,"P"," ","0",0,"P"," ","0",0,"P"," ","0",0,"P"," ","0",38," "," ","0",0,"P"," ","0",0,"P"," ","0",589," "," ","0"
"3040","USC00413787",1988,5,"SNOW",0,"P"," ","0",0,"P"," ","0",0,"P"," ","0",0,"P"," ","0",0,"P"," ","0",0,"P"," ","0",0,"P"," ","0",0,"P"," ","0",0,"P"," ","0",0,"P"," ","0",0,"P"," ","0",0,"P"," ","0",0,"P"," ","0",0,"P"," ","0",0,"P"," ","0",0,"P"," ","0",0,"P"," ","0",0,"P"," ","0",0,"P"," ","0",0,"P"," ","0",0,"P"," ","0",0,"P"," ","0",0,"P"," ","0",0,"P"," ","0",0,"P"," ","0",0,"P"," ","0",0,"P"," ","0",0,"P"," ","0",0,"P"," ","0",0,"P"," ","0",0,"P"," ","0"
"3041","USC00413787",1988,5,"SNWD",0," "," ","0",0,"P"," ","0",0,"P"," ","0",0,"P"," ","0",0,"P"," ","0",0,"P"," ","0",0,"P"," ","0",0,"P"," ","0",0,"P"," ","0",0,"P"," ","0",0,"P"," ","0",0,"P"," ","0",0,"P"," ","0",0,"P"," ","0",0,"P"," ","0",0,"P"," ","0",0,"P"," ","0",0,"P"," ","0",0,"P"," ","0",0,"P"," ","0",0,"P"," ","0",0,"P"," ","0",0,"P"," ","0",0,"P"," ","0",0,"P"," ","0",0,"P"," ","0",0,"P"," ","0",0,"P"," ","0",0,"P"," ","0",0,"P"," ","0",0,"P"," ","0"
"3042","USC00413787",1988,5,"WT03",NA," "," "," ",NA," "," "," ",NA," "," "," ",NA," "," "," ",NA," "," "," ",NA," "," "," ",NA," "," "," ",NA," "," "," ",NA," "," "," ",NA," "," "," ",NA," "," "," ",NA," "," "," ",NA," "," "," ",NA," "," "," ",NA," "," "," ",NA," "," "," ",NA," "," "," ",NA," "," "," ",NA," "," "," ",NA," "," "," ",NA," "," "," ",NA," "," "," ",NA," "," "," ",NA," "," "," ",NA," "," "," ",NA," "," "," ",NA," "," "," ",NA," "," "," ",NA," "," "," ",NA," "," "," ",1," "," ","0"
"3043","USC00413787",1988,6,"TMAX",256," "," ","0",278," "," ","0",256," "," ","0",283," "," ","0",272," "," ","0",300," "," ","0",361," "," ","0",372," "," ","0",367," "," ","0",289," "," ","0",317," "," ","0",306," "," ","0",294," "," ","0",289," "," ","0",283," "," ","0",300," "," ","0",339," "," ","0",361," "," ","0",367," "," ","0",372," "," ","0",367," "," ","0",383," "," ","0",344," "," ","0",344," "," ","0",344," "," ","0",317," "," ","0",294," "," ","0",283," "," ","0",350," "," ","0",344," "," ","0",NA," "," "," "
"3044","USC00413787",1988,6,"TMIN",72," "," ","0",117," "," ","0",133," "," ","0",139," "," ","0",117," "," ","0",144," "," ","0",167," "," ","0",156," "," ","0",194," "," ","0",144," "," ","0",150," "," ","0",167," "," ","0",144," "," ","0",144," "," ","0",167," "," ","0",150," "," ","0",150," "," ","0",178," "," ","0",200," "," ","0",183," "," ","0",178," "," ","0",161," "," ","0",200," "," ","0",189," "," ","0",178," "," ","0",178," "," ","0",183," "," ","0",172," "," ","0",194," "," ","0",200," "," ","0",NA," "," "," "
"3045","USC00413787",1988,6,"TOBS",244," "," ","0",233," "," ","0",244," "," ","0",272," "," ","0",256," "," ","0",278," "," ","0",350," "," ","0",367," "," ","0",283," "," ","0",267," "," ","0",306," "," ","0",289," "," ","0",272," "," ","0",278," "," ","0",278," "," ","0",294," "," ","0",339," "," ","0",344," "," ","0",361," "," ","0",361," "," ","0",356," "," ","0",306," "," ","0",339," "," ","0",339," "," ","0",322," "," ","0",228," "," ","0",206," "," ","0",267," "," ","0",344," "," ","0",289," "," ","0",NA," "," "," "
"3046","USC00413787",1988,6,"PRCP",0,"P"," ","0",0,"P"," ","0",0,"P"," ","0",0,"P"," ","0",0,"P"," ","0",0,"P"," ","0",0,"P"," ","0",0,"P"," ","0",0,"P"," ","0",0,"P"," ","0",0,"P"," ","0",64," "," ","0",0,"P"," ","0",76," "," ","0",13," "," ","0",33," "," ","0",0,"P"," ","0",0,"P"," ","0",0,"P"," ","0",0,"P"," ","0",0,"P"," ","0",0,"P"," ","0",10," "," ","0",0,"P"," ","0",0,"P"," ","0",58," "," ","0",25," "," ","0",0,"P"," ","0",0,"P"," ","0",15," "," ","0",NA," "," "," "
"3047","USC00413787",1988,6,"SNOW",0,"P"," ","0",0,"P"," ","0",0,"P"," ","0",0,"P"," ","0",0,"P"," ","0",0,"P"," ","0",0,"P"," ","0",0,"P"," ","0",0,"P"," ","0",0,"P"," ","0",0,"P"," ","0",0,"P"," ","0",0,"P"," ","0",0,"P"," ","0",0,"P"," ","0",0,"P"," ","0",0,"P"," ","0",0,"P"," ","0",0,"P"," ","0",0,"P"," ","0",0,"P"," ","0",0,"P"," ","0",0,"P"," ","0",0,"P"," ","0",0,"P"," ","0",0,"P"," ","0",0,"P"," ","0",0,"P"," ","0",0,"P"," ","0",0,"P"," ","0",NA," "," "," "
"3048","USC00413787",1988,6,"SNWD",0," "," ","0",0,"P"," ","0",0,"P"," ","0",0,"P"," ","0",0,"P"," ","0",0,"P"," ","0",0,"P"," ","0",0,"P"," ","0",0,"P"," ","0",0,"P"," ","0",0,"P"," ","0",0,"P"," ","0",0,"P"," ","0",0,"P"," ","0",0,"P"," ","0",0,"P"," ","0",0,"P"," ","0",0,"P"," ","0",0,"P"," ","0",0,"P"," ","0",0,"P"," ","0",0,"P"," ","0",0,"P"," ","0",0,"P"," ","0",0,"P"," ","0",0,"P"," ","0",0,"P"," ","0",0,"P"," ","0",0,"P"," ","0",0,"P"," ","0",NA," "," "," "
"3049","USC00413787",1988,6,"WT03",NA," "," "," ",NA," "," "," ",NA," "," "," ",NA," "," "," ",NA," "," "," ",NA," "," "," ",NA," "," "," ",NA," "," "," ",NA," "," "," ",NA," "," "," ",NA," "," "," ",1," "," ","0",NA," "," "," ",NA," "," "," ",NA," "," "," ",NA," "," "," ",NA," "," "," ",NA," "," "," ",NA," "," "," ",NA," "," "," ",NA," "," "," ",NA," "," "," ",NA," "," "," ",NA," "," "," ",NA," "," "," ",NA," "," "," ",NA," "," "," ",NA," "," "," ",NA," "," "," ",NA," "," "," ",NA," "," "," "
"3050","USC00413787",1988,7,"TMAX",289," "," ","0",306," "," ","0",328," "," ","0",344," "," ","0",339," "," ","0",322," "," ","0",300," "," ","0",283," "," ","0",306," "," ","0",289," "," ","0",306," "," ","0",333," "," ","0",356," "," ","0",367," "," ","0",361," "," ","0",350," "," ","0",333," "," ","0",272," "," ","0",261," "," ","0",267," "," ","0",311," "," ","0",344," "," ","0",344," "," ","0",344," "," ","0",333," "," ","0",328," "," ","0",344," "," ","0",350," "," ","0",344," "," ","0",339," "," ","0",339," "," ","0"
"3051","USC00413787",1988,7,"TMIN",167," "," ","0",156," "," ","0",161," "," ","0",189," "," ","0",200," "," ","0",183," "," ","0",172," "," ","0",167," "," ","0",178," "," ","0",156," "," ","0",156," "," ","0",189," "," ","0",194," "," ","0",206," "," ","0",194," "," ","0",200," "," ","0",189," "," ","0",183," "," ","0",144," "," ","0",139," "," ","0",128," "," ","0",156," "," ","0",178," "," ","0",194," "," ","0",161," "," ","0",172," "," ","0",172," "," ","0",178," "," ","0",200," "," ","0",172," "," ","0",189," "," ","0"
"3052","USC00413787",1988,7,"TOBS",267," "," ","0",300," "," ","0",328," "," ","0",300," "," ","0",322," "," ","0",300," "," ","0",206," "," ","0",272," "," ","0",189," "," ","0",233," "," ","0",283," "," ","0",328," "," ","0",350," "," ","0",356," "," ","0",350," "," ","0",333," "," ","0",267," "," ","0",233," "," ","0",256," "," ","0",261," "," ","0",300," "," ","0",333," "," ","0",333," "," ","0",333," "," ","0",328," "," ","0",317," "," ","0",256," "," ","0",339," "," ","0",328," "," ","0",322," "," ","0",333," "," ","0"
"3053","USC00413787",1988,7,"PRCP",91," "," ","0",0,"P"," ","0",0,"P"," ","0",0,"P"," ","0",0,"P"," ","0",0,"P"," ","0",114," "," ","0",0,"P"," ","0",246," "," ","0",0,"P"," ","0",0,"P"," ","0",0,"P"," ","0",0,"P"," ","0",0,"P"," ","0",0,"P"," ","0",0,"P"," ","0",368," "," ","0",28," "," ","0",0,"P"," ","0",0,"P"," ","0",0,"P"," ","0",0,"P"," ","0",0,"P"," ","0",0,"P"," ","0",0,"P"," ","0",0,"P"," ","0",0,"P"," ","0",0,"P"," ","0",0,"P"," ","0",0,"P"," ","0",0,"P"," ","0"
"3054","USC00413787",1988,7,"SNOW",0,"P"," ","0",0,"P"," ","0",0,"P"," ","0",0,"P"," ","0",0,"P"," ","0",0,"P"," ","0",0,"P"," ","0",0,"P"," ","0",0,"P"," ","0",0,"P"," ","0",0,"P"," ","0",0,"P"," ","0",0,"P"," ","0",0,"P"," ","0",0,"P"," ","0",0,"P"," ","0",0,"P"," ","0",0,"P"," ","0",0,"P"," ","0",0,"P"," ","0",0,"P"," ","0",0,"P"," ","0",0,"P"," ","0",0,"P"," ","0",0,"P"," ","0",0,"P"," ","0",0,"P"," ","0",0,"P"," ","0",0,"P"," ","0",0,"P"," ","0",0,"P"," ","0"
"3055","USC00413787",1988,7,"SNWD",0," "," ","0",0,"P"," ","0",0,"P"," ","0",0,"P"," ","0",0,"P"," ","0",0,"P"," ","0",0,"P"," ","0",0,"P"," ","0",0,"P"," ","0",0,"P"," ","0",0,"P"," ","0",0,"P"," ","0",0,"P"," ","0",0,"P"," ","0",0,"P"," ","0",0,"P"," ","0",0,"P"," ","0",0,"P"," ","0",0,"P"," ","0",0,"P"," ","0",0,"P"," ","0",0,"P"," ","0",0,"P"," ","0",0,"P"," ","0",0,"P"," ","0",0,"P"," ","0",0,"P"," ","0",0,"P"," ","0",0,"P"," ","0",0,"P"," ","0",0,"P"," ","0"
"3056","USC00413787",1988,8,"TMAX",333," "," ","0",339," "," ","0",339," "," ","0",344," "," ","0",339," "," ","0",339," "," ","0",367," "," ","0",356," "," ","0",328," "," ","0",344," "," ","0",350," "," ","0",361," "," ","0",367," "," ","0",383," "," ","0",378," "," ","0",344," "," ","0",339," "," ","0",333," "," ","0",333," "," ","0",344," "," ","0",356," "," ","0",367," "," ","0",356," "," ","0",356," "," ","0",372," "," ","0",322," "," ","0",322," "," ","0",222," "," ","0",250," "," ","0",294," "," ","0",300," "," ","0"
"3057","USC00413787",1988,8,"TMIN",200," "," ","0",206," "," ","0",200," "," ","0",206," "," ","0",183," "," ","0",183," "," ","0",211," "," ","0",189," "," ","0",189," "," ","0",178," "," ","0",189," "," ","0",206," "," ","0",183," "," ","0",211," "," ","0",200," "," ","0",206," "," ","0",178," "," ","0",172," "," ","0",178," "," ","0",178," "," ","0",194," "," ","0",228," "," ","0",211," "," ","0",139," "," ","0",183," "," ","0",161," "," ","0",167," "," ","0",128," "," ","0",139," "," ","0",133," "," ","0",178," "," ","0"
"3058","USC00413787",1988,8,"TOBS",311," "," ","0",322," "," ","0",328," "," ","0",261," "," ","0",317," "," ","0",328," "," ","0",350," "," ","0",328," "," ","0",311," "," ","0",333," "," ","0",328," "," ","0",328," "," ","0",350," "," ","0",378," "," ","0",339," "," ","0",322," "," ","0",306," "," ","0",300," "," ","0",306," "," ","0",333," "," ","0",350," "," ","0",350," "," ","0",306," "," ","0",333," "," ","0",206," "," ","0",322," "," ","0",167," "," ","0",217," "," ","0",233," "," ","0",261," "," ","0",256," "," ","0"
"3059","USC00413787",1988,8,"PRCP",0,"P"," ","0",0,"P"," ","0",0,"P"," ","0",0,"P"," ","0",0,"P"," ","0",0,"P"," ","0",0,"P"," ","0",25," "," ","0",0,"P"," ","0",0,"P"," ","0",0,"P"," ","0",0,"P"," ","0",0,"P"," ","0",0,"P"," ","0",0,"P"," ","0",0,"P"," ","0",0,"P"," ","0",0,"P"," ","0",0,"P"," ","0",0,"P"," ","0",0,"P"," ","0",0,"P"," ","0",0,"P"," ","0",0,"P"," ","0",86," "," ","0",94," "," ","0",0,"T"," ","0",5," "," ","0",0,"P"," ","0",0,"P"," ","0",0,"P"," ","0"
"3060","USC00413787",1988,8,"SNOW",0,"P"," ","0",0,"P"," ","0",0,"P"," ","0",0,"P"," ","0",0,"P"," ","0",0,"P"," ","0",0,"P"," ","0",0,"P"," ","0",0,"P"," ","0",0,"P"," ","0",0,"P"," ","0",0,"P"," ","0",0,"P"," ","0",0,"P"," ","0",0,"P"," ","0",0,"P"," ","0",0,"P"," ","0",0,"P"," ","0",0,"P"," ","0",0,"P"," ","0",0,"P"," ","0",0,"P"," ","0",0,"P"," ","0",0,"P"," ","0",0,"P"," ","0",0,"P"," ","0",0,"P"," ","0",0,"P"," ","0",0,"P"," ","0",0,"P"," ","0",0,"P"," ","0"
"3061","USC00413787",1988,8,"SNWD",0," "," ","0",0,"P"," ","0",0,"P"," ","0",0,"P"," ","0",0,"P"," ","0",0,"P"," ","0",0,"P"," ","0",0,"P"," ","0",0,"P"," ","0",0,"P"," ","0",0,"P"," ","0",0,"P"," ","0",0,"P"," ","0",0,"P"," ","0",0,"P"," ","0",0,"P"," ","0",0,"P"," ","0",0,"P"," ","0",0,"P"," ","0",0,"P"," ","0",0,"P"," ","0",0,"P"," ","0",0,"P"," ","0",0,"P"," ","0",0,"P"," ","0",0,"P"," ","0",0,"P"," ","0",0,"P"," ","0",0,"P"," ","0",0,"P"," ","0",0,"P"," ","0"
"3062","USC00413787",1988,8,"WT03",NA," "," "," ",NA," "," "," ",NA," "," "," ",NA," "," "," ",NA," "," "," ",NA," "," "," ",NA," "," "," ",NA," "," "," ",NA," "," "," ",NA," "," "," ",NA," "," "," ",NA," "," "," ",NA," "," "," ",NA," "," "," ",NA," "," "," ",NA," "," "," ",NA," "," "," ",NA," "," "," ",NA," "," "," ",NA," "," "," ",NA," "," "," ",NA," "," "," ",NA," "," "," ",NA," "," "," ",1," "," ","0",NA," "," "," ",NA," "," "," ",NA," "," "," ",NA," "," "," ",NA," "," "," ",NA," "," "," "
"3063","USC00413787",1988,9,"TMAX",261," "," ","0",183," "," ","0",244," "," ","0",250," "," ","0",278," "," ","0",300," "," ","0",350," "," ","0",339," "," ","0",322," "," ","0",333," "," ","0",344," "," ","0",328," "," ","0",261," "," ","0",256," "," ","0",NA," "," "," ",NA," "," "," ",300," "," ","0",272," "," ","0",244," "," ","0",294," "," ","0",306," "," ","0",306," "," ","0",211," ","I","0",250," "," ","0",306," "," ","0",322," "," ","0",322," "," ","0",294," "," ","0",194," "," ","0",222," "," ","0",NA," "," "," "
"3064","USC00413787",1988,9,"TMIN",161," "," ","0",144," "," ","0",133," "," ","0",106," "," ","0",106," "," ","0",111," "," ","0",150," "," ","0",133," "," ","0",122," "," ","0",122," "," ","0",161," "," ","0",133," "," ","0",111," "," ","0",156," "," ","0",NA," "," "," ",NA," "," "," ",122," "," ","0",183," "," ","0",83," "," ","0",106," "," ","0",178," "," ","0",167," "," ","0",111," "," ","0",44," "," ","0",72," "," ","0",128," "," ","0",128," "," ","0",117," "," ","0",56," "," ","0",50," "," ","0",NA," "," "," "
"3065","USC00413787",1988,9,"TOBS",183," "," ","0",156," "," ","0",239," "," ","0",244," "," ","0",156," "," ","0",278," "," ","0",339," "," ","0",294," "," ","0",306," "," ","0",311," "," ","0",328," "," ","0",200," "," ","0",250," "," ","0",239," "," ","0",NA," "," "," ",NA," "," "," ",211," "," ","0",244," "," ","0",228," "," ","0",267," "," ","0",283," "," ","0",267," ","I","0",111," "," ","0",189," "," ","0",289," "," ","0",289," "," ","0",294," "," ","0",194," "," ","0",128," "," ","0",189," "," ","0",NA," "," "," "
"3066","USC00413787",1988,9,"PRCP",66," "," ","0",264," "," ","0",0,"P"," ","0",0,"P"," ","0",0,"P"," ","0",0,"P"," ","0",0,"P"," ","0",0,"P"," ","0",0,"P"," ","0",0,"P"," ","0",0,"P"," ","0",0,"P"," ","0",0,"P"," ","0",64," "," ","0",84," "," ","0",0," "," ","0",0,"P"," ","0",0,"P"," ","0",0,"P"," ","0",0,"P"," ","0",0,"P"," ","0",84," "," ","0",33," "," ","0",0,"P"," ","0",0,"P"," ","0",0,"P"," ","0",0,"P"," ","0",0,"P"," ","0",15," "," ","0",0,"P"," ","0",NA," "," "," "
"3067","USC00413787",1988,9,"SNOW",0,"P"," ","0",0,"P"," ","0",0,"P"," ","0",0,"P"," ","0",0,"P"," ","0",0,"P"," ","0",0,"P"," ","0",0,"P"," ","0",0,"P"," ","0",0,"P"," ","0",0,"P"," ","0",0,"P"," ","0",0,"P"," ","0",0,"P"," ","0",0,"P"," ","0",0,"P"," ","0",0,"P"," ","0",0,"P"," ","0",0,"P"," ","0",0,"P"," ","0",0,"P"," ","0",0,"P"," ","0",0,"P"," ","0",0,"P"," ","0",0,"P"," ","0",0,"P"," ","0",0,"P"," ","0",0,"P"," ","0",0,"P"," ","0",0,"P"," ","0",NA," "," "," "
"3068","USC00413787",1988,9,"SNWD",0," "," ","0",0,"P"," ","0",0,"P"," ","0",0,"P"," ","0",0,"P"," ","0",0,"P"," ","0",0,"P"," ","0",0,"P"," ","0",0,"P"," ","0",0,"P"," ","0",0,"P"," ","0",0,"P"," ","0",0,"P"," ","0",0,"P"," ","0",0,"P"," ","0",0,"P"," ","0",0,"P"," ","0",0,"P"," ","0",0,"P"," ","0",0,"P"," ","0",0,"P"," ","0",0,"P"," ","0",0,"P"," ","0",0,"P"," ","0",0,"P"," ","0",0,"P"," ","0",0,"P"," ","0",0,"P"," ","0",0,"P"," ","0",0,"P"," ","0",NA," "," "," "
"3069","USC00413787",1988,9,"WT03",1," "," ","0",NA," "," "," ",NA," "," "," ",NA," "," "," ",NA," "," "," ",NA," "," "," ",NA," "," "," ",NA," "," "," ",NA," "," "," ",NA," "," "," ",NA," "," "," ",NA," "," "," ",NA," "," "," ",NA," "," "," ",NA," "," "," ",NA," "," "," ",NA," "," "," ",NA," "," "," ",NA," "," "," ",NA," "," "," ",1," "," ","0",NA," "," "," ",NA," "," "," ",NA," "," "," ",NA," "," "," ",NA," "," "," ",NA," "," "," ",NA," "," "," ",NA," "," "," ",NA," "," "," ",NA," "," "," "
"3070","USC00413787",1988,10,"TMAX",200," "," ","0",211," "," ","0",256," "," ","0",233," "," ","0",117," "," ","0",117," "," ","0",106," "," ","0",250," "," ","0",239," "," ","0",244," "," ","0",228," "," ","0",272," "," ","0",283," "," ","0",306," "," ","0",278," "," ","0",306," "," ","0",300," "," ","0",278," "," ","0",228," "," ","0",239," "," ","0",250," "," ","0",294," "," ","0",272," "," ","0",256," "," ","0",228," "," ","0",206," "," ","0",200," "," ","0",139," "," ","0",167," "," ","0",122," "," ","0",233," "," ","0"
"3071","USC00413787",1988,10,"TMIN",72," "," ","0",56," "," ","0",44," "," ","0",44," "," ","0",50," "," ","0",50," "," ","0",67," "," ","0",78," "," ","0",33," "," ","0",44," "," ","0",56," "," ","0",56," "," ","0",94," "," ","0",122," "," ","0",94," "," ","0",83," "," ","0",78," "," ","0",44," "," ","0",39," "," ","0",106," "," ","0",56," "," ","0",117," "," ","0",56," "," ","0",50," "," ","0",56," "," ","0",11," "," ","0",67," "," ","0",-11," "," ","0",22," "," ","0",44," "," ","0",33," "," ","0"
"3072","USC00413787",1988,10,"TOBS",183," "," ","0",206," "," ","0",228," "," ","0",72," "," ","0",100," "," ","0",100," "," ","0",106," "," ","0",228," "," ","0",222," "," ","0",222," "," ","0",206," "," ","0",250," "," ","0",267," "," ","0",267," "," ","0",256," "," ","0",294," "," ","0",278," "," ","0",167," "," ","0",206," "," ","0",217," "," ","0",217," "," ","0",272," "," ","0",178," "," ","0",228," "," ","0",178," "," ","0",183," "," ","0",133," "," ","0",111," "," ","0",122," "," ","0",83," "," ","0",156," "," ","0"
"3073","USC00413787",1988,10,"PRCP",0,"P"," ","0",0,"P"," ","0",0,"P"," ","0",0,"P"," ","0",0,"P"," ","0",38," "," ","0",0,"P"," ","0",0,"P"," ","0",0,"P"," ","0",0,"P"," ","0",0,"P"," ","0",0,"P"," ","0",0,"P"," ","0",0,"P"," ","0",0,"P"," ","0",0,"P"," ","0",0,"P"," ","0",0,"P"," ","0",0,"P"," ","0",0,"P"," ","0",0,"P"," ","0",0,"P"," ","0",0,"P"," ","0",0,"P"," ","0",0,"P"," ","0",0,"P"," ","0",0,"P"," ","0",0,"P"," ","0",0,"P"," ","0",8," "," ","0",0,"P"," ","0"
"3074","USC00413787",1988,10,"SNOW",0,"P"," ","0",0,"P"," ","0",0,"P"," ","0",0,"P"," ","0",0,"P"," ","0",0,"P"," ","0",0,"P"," ","0",0,"P"," ","0",0,"P"," ","0",0,"P"," ","0",0,"P"," ","0",0,"P"," ","0",0,"P"," ","0",0,"P"," ","0",0,"P"," ","0",0,"P"," ","0",0,"P"," ","0",0,"P"," ","0",0,"P"," ","0",0,"P"," ","0",0,"P"," ","0",0,"P"," ","0",0,"P"," ","0",0,"P"," ","0",0,"P"," ","0",0,"P"," ","0",0,"P"," ","0",0,"P"," ","0",0,"P"," ","0",0,"P"," ","0",0,"P"," ","0"
"3075","USC00413787",1988,10,"SNWD",0,"P"," ","0",0,"P"," ","0",0,"P"," ","0",0,"P"," ","0",0,"P"," ","0",0,"P"," ","0",0,"P"," ","0",0,"P"," ","0",0,"P"," ","0",0,"P"," ","0",0,"P"," ","0",0,"P"," ","0",0,"P"," ","0",0,"P"," ","0",0,"P"," ","0",0,"P"," ","0",0,"P"," ","0",0,"P"," ","0",0,"P"," ","0",0,"P"," ","0",0,"P"," ","0",0,"P"," ","0",0,"P"," ","0",0,"P"," ","0",0,"P"," ","0",0,"P"," ","0",0,"P"," ","0",0,"P"," ","0",0,"P"," ","0",0,"P"," ","0",0,"P"," ","0"
"3076","USC00413787",1988,11,"TMAX",272," "," ","0",267," "," ","0",278," "," ","0",206," "," ","0",211," "," ","0",228," "," ","0",183," "," ","0",261," "," ","0",211," "," ","0",150," "," ","0",161," "," ","0",167," "," ","0",222," "," ","0",272," "," ","0",200," "," ","0",139," "," ","0",161," "," ","0",122," "," ","0",56," "," ","0",100," "," ","0",139," "," ","0",183," "," ","0",222," "," ","0",239," "," ","0",167," "," ","0",44," "," ","0",44," "," ","0",172," "," ","0",122," "," ","0",117," "," ","0",NA," "," "," "
"3077","USC00413787",1988,11,"TMIN",28," "," ","0",67," "," ","0",39," "," ","0",67," "," ","0",-17," "," ","0",11," "," ","0",78," "," ","0",6," "," ","0",67," "," ","0",-11," "," ","0",33," "," ","0",22," "," ","0",11," "," ","0",50," "," ","0",17," "," ","0",-61," "," ","0",-22," "," ","0",-6," "," ","0",-22," "," ","0",-89," "," ","0",-83," "," ","0",-50," "," ","0",-44," "," ","0",44," "," ","0",11," "," ","0",-22," "," ","0",-50," "," ","0",-94," "," ","0",17," "," ","0",-72," "," ","0",NA," "," "," "
"3078","USC00413787",1988,11,"TOBS",200," "," ","0",178," "," ","0",200," "," ","0",139," "," ","0",94," "," ","0",111," "," ","0",117," "," ","0",211," "," ","0",117," "," ","0",100," "," ","0",117," "," ","0",117," "," ","0",161," "," ","0",200," "," ","0",22," "," ","0",83," "," ","0",122," "," ","0",56," "," ","0",0," "," ","0",22," "," ","0",83," "," ","0",89," "," ","0",117," "," ","0",167," "," ","0",33," "," ","0",17," "," ","0",0," "," ","0",122," "," ","0",39," "," ","0",0," "," ","0",NA," "," "," "
"3079","USC00413787",1988,11,"PRCP",0,"P"," ","0",0,"P"," ","0",0,"P"," ","0",0,"P"," ","0",0,"P"," ","0",0,"P"," ","0",0,"P"," ","0",0,"P"," ","0",0,"P"," ","0",0,"P"," ","0",0,"P"," ","0",0,"P"," ","0",0,"P"," ","0",0,"P"," ","0",0,"T"," ","0",0,"P"," ","0",0,"P"," ","0",0,"P"," ","0",0,"T"," ","0",0,"P"," ","0",0,"P"," ","0",0,"P"," ","0",0,"P"," ","0",0,"P"," ","0",0,"P"," ","0",13," "," ","0",0,"P"," ","0",0,"P"," ","0",0,"P"," ","0",0,"P"," ","0",NA," "," "," "
"3080","USC00413787",1988,11,"SNOW",0,"P"," ","0",0,"P"," ","0",0,"P"," ","0",0,"P"," ","0",0,"P"," ","0",0,"P"," ","0",0,"P"," ","0",0,"P"," ","0",0,"P"," ","0",0,"P"," ","0",0,"P"," ","0",0,"P"," ","0",0,"P"," ","0",0,"P"," ","0",0,"P"," ","0",0,"P"," ","0",0,"P"," ","0",0,"P"," ","0",0,"P"," ","0",0,"P"," ","0",0,"P"," ","0",0,"P"," ","0",0,"P"," ","0",0,"P"," ","0",0,"P"," ","0",13," "," ","0",0,"P"," ","0",0,"P"," ","0",0,"P"," ","0",0,"P"," ","0",NA," "," "," "
"3081","USC00413787",1988,11,"SNWD",0," "," ","0",0,"P"," ","0",0,"P"," ","0",0,"P"," ","0",0,"P"," ","0",0,"P"," ","0",0,"P"," ","0",0,"P"," ","0",0,"P"," ","0",0,"P"," ","0",0,"P"," ","0",0,"P"," ","0",0,"P"," ","0",0,"P"," ","0",0,"P"," ","0",0,"P"," ","0",0,"P"," ","0",0,"P"," ","0",0,"P"," ","0",0,"P"," ","0",0,"P"," ","0",0,"P"," ","0",0,"P"," ","0",0,"P"," ","0",0,"P"," ","0",25," "," ","0",0," "," ","0",0,"P"," ","0",0,"P"," ","0",0,"P"," ","0",NA," "," "," "
"3082","USC00413787",1988,12,"TMAX",183," "," ","0",211," "," ","0",144," "," ","0",117," "," ","0",194," "," ","0",133," "," ","0",78," "," ","0",22," "," ","0",117," "," ","0",61," "," ","0",83," "," ","0",183," "," ","0",211," "," ","0",144," "," ","0",33," "," ","0",94," "," ","0",150," "," ","0",194," "," ","0",133," "," ","0",111," "," ","0",156," "," ","0",117," "," ","0",144," "," ","0",106," "," ","0",144," "," ","0",200," "," ","0",83," "," ","0",61," "," ","0",94," "," ","0",89," "," ","0",117," "," ","0"
"3083","USC00413787",1988,12,"TMIN",-39," "," ","0",-17," "," ","0",-50," "," ","0",-44," "," ","0",-33," "," ","0",-28," "," ","0",-28," "," ","0",-50," "," ","0",-111," "," ","0",-39," "," ","0",-22," "," ","0",-67," "," ","0",-33," "," ","0",17," "," ","0",-22," "," ","0",-94," "," ","0",-72," "," ","0",-39," "," ","0",67," "," ","0",-50," "," ","0",-56," "," ","0",17," "," ","0",-28," "," ","0",-78," "," ","0",-11," "," ","0",67," "," ","0",-83," "," ","0",-150," "," ","0",-111," "," ","0",-100," "," ","0",-106," "," ","0"
"3084","USC00413787",1988,12,"TOBS",94," "," ","0",111," "," ","0",94," "," ","0",56," "," ","0",106," "," ","0",78," "," ","0",22," "," ","0",-33," "," ","0",44," "," ","0",22," "," ","0",33," "," ","0",128," "," ","0",144," "," ","0",33," "," ","0",-22," "," ","0",33," "," ","0",72," "," ","0",133," "," ","0",78," "," ","0",56," "," ","0",100," "," ","0",39," "," ","0",106," "," ","0",44," "," ","0",83," "," ","0",83," "," ","0",-22," "," ","0",0," "," ","0",17," "," ","0",28," "," ","0",39," "," ","0"
"3085","USC00413787",1988,12,"PRCP",NA," "," "," ",NA," "," "," ",NA," "," "," ",NA," "," "," ",NA," "," "," ",NA," "," "," ",NA," "," "," ",NA," "," "," ",NA," "," "," ",NA," "," "," ",NA," "," "," ",NA," "," "," ",NA," "," "," ",NA," "," "," ",NA," "," "," ",NA," "," "," ",NA," "," "," ",NA," "," "," ",23," "," ","0",NA," "," "," ",NA," "," "," ",NA," "," "," ",NA," "," "," ",NA," "," "," ",NA," "," "," ",NA," "," "," ",NA," "," "," ",NA," "," "," ",NA," "," "," ",NA," "," "," ",NA," "," "," "
"3086","USC00413787",1988,12,"SNWD",0," "," ","0",NA," "," "," ",NA," "," "," ",NA," "," "," ",NA," "," "," ",NA," "," "," ",NA," "," "," ",NA," "," "," ",NA," "," "," ",NA," "," "," ",NA," "," "," ",NA," "," "," ",NA," "," "," ",NA," "," "," ",NA," "," "," ",NA," "," "," ",NA," "," "," ",NA," "," "," ",NA," "," "," ",NA," "," "," ",NA," "," "," ",NA," "," "," ",NA," "," "," ",NA," "," "," ",NA," "," "," ",NA," "," "," ",NA," "," "," ",NA," "," "," ",NA," "," "," ",NA," "," "," ",NA," "," "," "
"3087","USC00413787",1989,1,"TMAX",128," "," ","0",161," "," ","0",139," "," ","0",228," "," ","0",172," "," ","0",183," "," ","0",122," "," ","0",17," "," ","0",117," "," ","0",167," "," ","0",100," "," ","0",44," "," ","0",44," "," ","0",133," "," ","0",78," "," ","0",144," "," ","0",206," "," ","0",172," "," ","0",144," "," ","0",117," "," ","0",189," "," ","0",167," "," ","0",200," "," ","0",150," "," ","0",67," "," ","0",78," "," ","0",100," "," ","0",111," "," ","0",122," "," ","0",206," "," ","0",261," "," ","0"
"3088","USC00413787",1989,1,"TMIN",-39," "," ","0",-89," "," ","0",-22," "," ","0",11," "," ","0",78," "," ","0",-33," "," ","0",-22," "," ","0",-94," "," ","0",-122," "," ","0",-78," "," ","0",-50," "," ","0",-56," "," ","0",-139," "," ","0",-111," "," ","0",-67," "," ","0",-94," "," ","0",-72," "," ","0",6," "," ","0",-44," "," ","0",-72," "," ","0",-72," "," ","0",-22," "," ","0",-33," "," ","0",-61," "," ","0",-17," "," ","0",-72," "," ","0",-72," "," ","0",-6," "," ","0",-50," "," ","0",-22," "," ","0",6," "," ","0"
"3089","USC00413787",1989,1,"TOBS",56," "," ","0",111," "," ","0",67," "," ","0",167," "," ","0",117," "," ","0",122," "," ","0",-17," "," ","0",-22," "," ","0",56," "," ","0",100," "," ","0",44," "," ","0",-6," "," ","0",-33," "," ","0",78," "," ","0",33," "," ","0",33," "," ","0",128," "," ","0",89," "," ","0",94," "," ","0",61," "," ","0",133," "," ","0",139," "," ","0",150," "," ","0",67," "," ","0",-11," "," ","0",44," "," ","0",6," "," ","0",50," "," ","0",94," "," ","0",156," "," ","0",194," "," ","0"
"3090","USC00413787",1989,1,"PRCP",0,"P"," ","0",0,"P"," ","0",0,"P"," ","0",0,"P"," ","0",0,"P"," ","0",0,"P"," ","0",0,"P"," ","0",0,"P"," ","0",0,"P"," ","0",0,"P"," ","0",0,"P"," ","0",0,"P"," ","0",0,"T"," ","0",0,"P"," ","0",0,"P"," ","0",0,"P"," ","0",0,"P"," ","0",0,"P"," ","0",0,"P"," ","0",0,"P"," ","0",0,"P"," ","0",0,"P"," ","0",0,"P"," ","0",0,"P"," ","0",15," "," ","0",0,"P"," ","0",25," "," ","0",23," "," ","0",0,"P"," ","0",0,"P"," ","0",0,"P"," ","0"
"3091","USC00413787",1989,1,"SNOW",0,"P"," ","0",0,"P"," ","0",0,"P"," ","0",0,"P"," ","0",0,"P"," ","0",0,"P"," ","0",0,"P"," ","0",0,"P"," ","0",0,"P"," ","0",0,"P"," ","0",0,"P"," ","0",0,"P"," ","0",0,"T"," ","0",0,"P"," ","0",0,"P"," ","0",0,"P"," ","0",0,"P"," ","0",0,"P"," ","0",0,"P"," ","0",0,"P"," ","0",0,"P"," ","0",0,"P"," ","0",0,"P"," ","0",0,"P"," ","0",0,"T"," ","0",0,"P"," ","0",0,"P"," ","0",0,"P"," ","0",0,"P"," ","0",0,"P"," ","0",0,"P"," ","0"
"3092","USC00413787",1989,1,"SNWD",0," "," ","0",0,"P"," ","0",0,"P"," ","0",0,"P"," ","0",0,"P"," ","0",0,"P"," ","0",0,"P"," ","0",0,"P"," ","0",0,"P"," ","0",0,"P"," ","0",0,"P"," ","0",0,"P"," ","0",0,"P"," ","0",0,"P"," ","0",0,"P"," ","0",0,"P"," ","0",0,"P"," ","0",0,"P"," ","0",0,"P"," ","0",0,"P"," ","0",0,"P"," ","0",0,"P"," ","0",0,"P"," ","0",0,"P"," ","0",0,"P"," ","0",0,"P"," ","0",0,"P"," ","0",0,"P"," ","0",0,"P"," ","0",0,"P"," ","0",0,"P"," ","0"
"3093","USC00413787",1989,1,"WT03",NA," "," "," ",NA," "," "," ",NA," "," "," ",NA," "," "," ",NA," "," "," ",NA," "," "," ",NA," "," "," ",NA," "," "," ",NA," "," "," ",NA," "," "," ",NA," "," "," ",NA," "," "," ",NA," "," "," ",NA," "," "," ",NA," "," "," ",NA," "," "," ",NA," "," "," ",NA," "," "," ",NA," "," "," ",NA," "," "," ",NA," "," "," ",NA," "," "," ",NA," "," "," ",NA," "," "," ",1," "," ","0",NA," "," "," ",NA," "," "," ",NA," "," "," ",NA," "," "," ",NA," "," "," ",NA," "," "," "
"3094","USC00413787",1989,2,"TMAX",194," "," ","0",-56," "," ","0",-139," "," ","0",-133," "," ","0",-156," "," ","0",-83," "," ","0",-6," "," ","0",-22," "," ","0",61," "," ","0",161," "," ","0",117," "," ","0",72," "," ","0",78," "," ","0",56," "," ","0",44," "," ","0",28," "," ","0",22," "," ","0",56," "," ","0",144," "," ","0",89," "," ","0",106," "," ","0",94," "," ","0",133," "," ","0",211," "," ","0",256," "," ","0",222," "," ","0",100," "," ","0",39," "," ","0",NA," "," "," ",NA," "," "," ",NA," "," "," "
"3095","USC00413787",1989,2,"TMIN",-67," "," ","0",-139," "," ","0",-222," "," ","0",-211," "," ","0",-217," "," ","0",-172," "," ","0",-161," "," ","0",-94," "," ","0",-122," "," ","0",-89," "," ","0",-44," "," ","0",-50," "," ","0",-33," "," ","0",-89," "," ","0",-28," "," ","0",-72," "," ","0",-11," "," ","0",-39," "," ","0",33," "," ","0",6," "," ","0",-17," "," ","0",-44," "," ","0",-72," "," ","0",-50," "," ","0",22," "," ","0",11," "," ","0",-11," "," ","0",-22," "," ","0",NA," "," "," ",NA," "," "," ",NA," "," "," "
"3096","USC00413787",1989,2,"TOBS",-56," "," ","0",-139," "," ","0",-167," "," ","0",-156," "," ","0",-167," "," ","0",-100," "," ","0",-22," "," ","0",-67," "," ","0",33," "," ","0",117," "," ","0",72," "," ","0",39," "," ","0",56," "," ","0",22," "," ","0",22," "," ","0",17," "," ","0",-6," "," ","0",44," "," ","0",89," "," ","0",17," "," ","0",72," "," ","0",50," "," ","0",106," "," ","0",167," "," ","0",222," "," ","0",100," "," ","0",39," "," ","0",-22," "," ","0",NA," "," "," ",NA," "," "," ",NA," "," "," "
"3097","USC00413787",1989,2,"PRCP",0,"P"," ","0",0,"P"," ","0",0,"P"," ","0",0,"P"," ","0",0,"P"," ","0",0,"T"," ","0",0,"P"," ","0",0,"P"," ","0",0,"P"," ","0",0,"P"," ","0",0,"P"," ","0",0,"P"," ","0",0,"P"," ","0",0,"P"," ","0",0,"P"," ","0",0,"P"," ","0",79," "," ","0",0,"P"," ","0",0,"P"," ","0",13," "," ","0",0,"P"," ","0",0,"P"," ","0",0,"P"," ","0",0,"P"," ","0",0,"P"," ","0",0,"P"," ","0",0,"T"," ","0",0,"T"," ","0",NA," "," "," ",NA," "," "," ",NA," "," "," "
"3098","USC00413787",1989,2,"SNOW",0,"P"," ","0",0,"P"," ","0",0,"P"," ","0",0,"P"," ","0",0,"P"," ","0",NA," "," "," ",0,"P"," ","0",0,"P"," ","0",0,"P"," ","0",0,"P"," ","0",0,"P"," ","0",0,"P"," ","0",0,"P"," ","0",0,"P"," ","0",0,"P"," ","0",0,"P"," ","0",0,"P"," ","0",0,"P"," ","0",0,"P"," ","0",0,"P"," ","0",0,"P"," ","0",0,"P"," ","0",0,"P"," ","0",0,"P"," ","0",0,"P"," ","0",0," "," ","0",0,"T"," ","0",0,"T"," ","0",NA," "," "," ",NA," "," "," ",NA," "," "," "
"3099","USC00413787",1989,2,"SNWD",0," "," ","0",0,"P"," ","0",0,"P"," ","0",0,"P"," ","0",0,"P"," ","0",25," "," ","0",NA," "," "," ",NA," "," "," ",0," "," ","0",0,"P"," ","0",0,"P"," ","0",0,"P"," ","0",0,"P"," ","0",0,"P"," ","0",0,"P"," ","0",0,"P"," ","0",0,"P"," ","0",0,"P"," ","0",0,"P"," ","0",0,"P"," ","0",0,"P"," ","0",0,"P"," ","0",0,"P"," ","0",0,"P"," ","0",0,"P"," ","0",0,"P"," ","0",0,"P"," ","0",0,"P"," ","0",NA," "," "," ",NA," "," "," ",NA," "," "," "
"3100","USC00413787",1989,2,"WT04",NA," "," "," ",NA," "," "," ",NA," "," "," ",NA," "," "," ",NA," "," "," ",NA," "," "," ",NA," "," "," ",NA," "," "," ",NA," "," "," ",NA," "," "," ",NA," "," "," ",NA," "," "," ",NA," "," "," ",NA," "," "," ",NA," "," "," ",NA," "," "," ",NA," "," "," ",NA," "," "," ",NA," "," "," ",NA," "," "," ",NA," "," "," ",NA," "," "," ",NA," "," "," ",NA," "," "," ",NA," "," "," ",NA," "," "," ",1," "," ","0",NA," "," "," ",NA," "," "," ",NA," "," "," ",NA," "," "," "
"3101","USC00413787",1989,3,"TMAX",67," "," ","0",228," "," ","0",211," "," ","0",-39," "," ","0",-11," "," ","0",67," "," ","0",189," "," ","0",233," "," ","0",306," "," ","0",339," "," ","0",322," "," ","0",283," "," ","0",239," "," ","0",222," "," ","0",156," "," ","0",256," "," ","0",278," "," ","0",144," "," ","0",289," "," ","0",256," "," ","0",111," "," ","0",211," "," ","0",289," "," ","0",289," "," ","0",294," "," ","0",300," "," ","0",256," "," ","0",217," "," ","0",283," "," ","0",250," "," ","0",194," "," ","0"
"3102","USC00413787",1989,3,"TMIN",-22," "," ","0",11," "," ","0",-44," "," ","0",-128," "," ","0",-156," "," ","0",-144," "," ","0",-72," "," ","0",6," "," ","0",17," "," ","0",72," "," ","0",61," "," ","0",78," "," ","0",28," "," ","0",44," "," ","0",-56," "," ","0",28," "," ","0",67," "," ","0",-33," "," ","0",-17," "," ","0",-39," "," ","0",-106," "," ","0",-44," "," ","0",6," "," ","0",39," "," ","0",28," "," ","0",83," "," ","0",72," "," ","0",50," "," ","0",56," "," ","0",39," "," ","0",-22," "," ","0"
"3103","USC00413787",1989,3,"TOBS",50," "," ","0",189," "," ","0",-44," "," ","0",-61," "," ","0",-33," "," ","0",44," "," ","0",128," "," ","0",206," "," ","0",267," "," ","0",294," "," ","0",283," "," ","0",200," "," ","0",211," "," ","0",111," "," ","0",122," "," ","0",244," "," ","0",100," "," ","0",128," "," ","0",256," "," ","0",-39," "," ","0",83," "," ","0",172," "," ","0",261," "," ","0",261," "," ","0",267," "," ","0",256," "," ","0",172," "," ","0",206," "," ","0",250," "," ","0",128," "," ","0",183," "," ","0"
"3104","USC00413787",1989,3,"PRCP",0,"P"," ","0",0,"P"," ","0",0,"P"," ","0",0,"P"," ","0",0,"P"," ","0",0,"P"," ","0",0,"P"," ","0",0,"P"," ","0",0,"P"," ","0",0,"P"," ","0",0,"P"," ","0",0,"P"," ","0",0,"P"," ","0",0,"P"," ","0",0,"P"," ","0",0,"P"," ","0",0,"P"," ","0",0,"P"," ","0",0,"P"," ","0",0,"P"," ","0",0,"T"," ","0",0,"P"," ","0",0,"P"," ","0",0,"P"," ","0",0,"P"," ","0",0,"P"," ","0",56," "," ","0",0,"P"," ","0",0,"P"," ","0",0,"T"," ","0",0,"P"," ","0"
"3105","USC00413787",1989,3,"SNOW",0,"P"," ","0",0,"P"," ","0",0,"P"," ","0",0,"P"," ","0",0,"P"," ","0",0,"P"," ","0",0,"P"," ","0",0,"P"," ","0",0,"P"," ","0",0,"P"," ","0",0,"P"," ","0",0,"P"," ","0",0,"P"," ","0",0,"P"," ","0",0,"P"," ","0",0,"P"," ","0",0,"P"," ","0",0,"P"," ","0",0,"P"," ","0",0,"P"," ","0",0,"T"," ","0",0,"P"," ","0",0,"P"," ","0",0,"P"," ","0",0,"P"," ","0",0,"P"," ","0",0,"P"," ","0",0,"P"," ","0",0,"P"," ","0",0,"P"," ","0",0,"P"," ","0"
"3106","USC00413787",1989,3,"SNWD",0," "," ","0",0,"P"," ","0",0,"P"," ","0",0,"P"," ","0",0,"P"," ","0",0,"P"," ","0",0,"P"," ","0",0,"P"," ","0",0,"P"," ","0",0,"P"," ","0",0,"P"," ","0",0,"P"," ","0",0,"P"," ","0",0,"P"," ","0",0,"P"," ","0",0,"P"," ","0",0,"P"," ","0",0,"P"," ","0",0,"P"," ","0",0,"P"," ","0",0,"P"," ","0",0,"P"," ","0",0,"P"," ","0",0,"P"," ","0",0,"P"," ","0",0,"P"," ","0",0,"P"," ","0",0,"P"," ","0",0,"P"," ","0",0,"P"," ","0",0,"P"," ","0"
"3107","USC00413787",1989,3,"WT03",NA," "," "," ",NA," "," "," ",NA," "," "," ",NA," "," "," ",NA," "," "," ",NA," "," "," ",NA," "," "," ",NA," "," "," ",NA," "," "," ",NA," "," "," ",NA," "," "," ",NA," "," "," ",NA," "," "," ",NA," "," "," ",NA," "," "," ",NA," "," "," ",NA," "," "," ",NA," "," "," ",NA," "," "," ",NA," "," "," ",NA," "," "," ",NA," "," "," ",NA," "," "," ",NA," "," "," ",NA," "," "," ",NA," "," "," ",1," "," ","0",NA," "," "," ",NA," "," "," ",NA," "," "," ",NA," "," "," "
"3108","USC00413787",1989,4,"TMAX",228," "," ","0",272," "," ","0",267," "," ","0",189," "," ","0",217," "," ","0",250," "," ","0",300," "," ","0",294," "," ","0",128," "," ","0",78," "," ","0",133," "," ","0",150," "," ","0",156," "," ","0",261," "," ","0",267," "," ","0",306," "," ","0",294," "," ","0",222," "," ","0",289," "," ","0",344," "," ","0",333," "," ","0",378," "," ","0",356," "," ","0",339," "," ","0",328," "," ","0",333," "," ","0",328," "," ","0",278," "," ","0",222," "," ","0",194," ","I","0",NA," "," "," "
"3109","USC00413787",1989,4,"TMIN",78," "," ","0",33," "," ","0",78," "," ","0",44," "," ","0",11," "," ","0",56," "," ","0",44," "," ","0",56," "," ","0",-6," "," ","0",-44," "," ","0",-11," "," ","0",22," "," ","0",44," "," ","0",17," "," ","0",56," "," ","0",128," "," ","0",100," "," ","0",72," "," ","0",56," "," ","0",128," "," ","0",100," "," ","0",133," "," ","0",133," "," ","0",178," "," ","0",139," "," ","0",72," "," ","0",122," "," ","0",56," "," ","0",33," "," ","0",67," "," ","0",NA," "," "," "
"3110","USC00413787",1989,4,"TOBS",194," "," ","0",267," "," ","0",189," "," ","0",144," "," ","0",211," "," ","0",239," "," ","0",294," "," ","0",117," "," ","0",28," "," ","0",72," "," ","0",122," "," ","0",83," "," ","0",150," "," ","0",244," "," ","0",256," "," ","0",300," "," ","0",200," "," ","0",211," "," ","0",283," "," ","0",328," "," ","0",311," "," ","0",356," "," ","0",317," "," ","0",328," "," ","0",289," "," ","0",322," "," ","0",272," "," ","0",222," "," ","0",206," ","I","0",161," "," ","0",NA," "," "," "
"3111","USC00413787",1989,4,"PRCP",0,"P"," ","0",0,"P"," ","0",0,"P"," ","0",0,"P"," ","0",0,"P"," ","0",0,"P"," ","0",0,"P"," ","0",0,"P"," ","0",0,"P"," ","0",30," "," ","0",0,"P"," ","0",0,"T"," ","0",0,"P"," ","0",0,"P"," ","0",0,"P"," ","0",0,"P"," ","0",0,"P"," ","0",0,"P"," ","0",0,"P"," ","0",0,"P"," ","0",0,"P"," ","0",0,"P"," ","0",0,"P"," ","0",0,"P"," ","0",0,"P"," ","0",0,"P"," ","0",0,"P"," ","0",0,"P"," ","0",0,"P"," ","0",0,"P"," ","0",NA," "," "," "
"3112","USC00413787",1989,4,"SNOW",0,"P"," ","0",0,"P"," ","0",0,"P"," ","0",0,"P"," ","0",0,"P"," ","0",0,"P"," ","0",0,"P"," ","0",0,"P"," ","0",0,"P"," ","0",51," "," ","0",0,"P"," ","0",0,"P"," ","0",0,"P"," ","0",0,"P"," ","0",0,"P"," ","0",0,"P"," ","0",0,"P"," ","0",0,"P"," ","0",0,"P"," ","0",0,"P"," ","0",0,"P"," ","0",0,"P"," ","0",0,"P"," ","0",0,"P"," ","0",0,"P"," ","0",0,"P"," ","0",0,"P"," ","0",0,"P"," ","0",0,"P"," ","0",0,"P"," ","0",NA," "," "," "
"3113","USC00413787",1989,4,"SNWD",0," "," ","0",0,"P"," ","0",0,"P"," ","0",0,"P"," ","0",0,"P"," ","0",0,"P"," ","0",0,"P"," ","0",0,"P"," ","0",0,"P"," ","0",NA," "," "," ",0," "," ","0",0,"P"," ","0",0,"P"," ","0",0,"P"," ","0",0,"P"," ","0",0,"P"," ","0",0,"P"," ","0",0,"P"," ","0",0,"P"," ","0",0,"P"," ","0",0,"P"," ","0",0,"P"," ","0",0,"P"," ","0",0,"P"," ","0",0,"P"," ","0",0,"P"," ","0",0,"P"," ","0",0,"P"," ","0",0,"P"," ","0",0,"P"," ","0",NA," "," "," "
"3114","USC00413787",1989,5,"TMAX",194," "," ","0",272," "," ","0",250," "," ","0",256," "," ","0",244," "," ","0",244," "," ","0",322," "," ","0",339," "," ","0",328," "," ","0",228," "," ","0",233," "," ","0",222," "," ","0",228," "," ","0",222," "," ","0",244," "," ","0",244," "," ","0",244," "," ","0",228," "," ","0",283," "," ","0",256," "," ","0",339," "," ","0",339," "," ","0",356," "," ","0",367," "," ","0",350," "," ","0",250," "," ","0",NA," "," "," ",339," "," ","0",NA," "," "," ",NA," "," "," ",NA," "," "," "
"3115","USC00413787",1989,5,"TMIN",39," "," ","0",106," "," ","0",89," "," ","0",83," "," ","0",56," "," ","0",61," "," ","0",89," "," ","0",128," "," ","0",122," "," ","0",83," "," ","0",117," "," ","0",117," "," ","0",128," "," ","0",111," "," ","0",128," "," ","0",106," "," ","0",106," "," ","0",106," "," ","0",106," "," ","0",133," "," ","0",167," "," ","0",144," "," ","0",178," "," ","0",150," "," ","0",150," "," ","0",117," "," ","0",NA," "," "," ",89," "," ","0",NA," "," "," ",NA," "," "," ",NA," "," "," "
"3116","USC00413787",1989,5,"TOBS",183," "," ","0",250," "," ","0",206," "," ","0",128," "," ","0",244," "," ","0",228," "," ","0",322," "," ","0",322," "," ","0",200," "," ","0",217," "," ","0",144," "," ","0",189," "," ","0",189," "," ","0",189," "," ","0",150," "," ","0",144," "," ","0",122," "," ","0",144," "," ","0",256," "," ","0",244," "," ","0",339," "," ","0",206," "," ","0",356," "," ","0",350," "," ","0",250," "," ","0",206," "," ","0",-178," ","O","0",328," "," ","0",NA," "," "," ",NA," "," "," ",NA," "," "," "
"3117","USC00413787",1989,5,"PRCP",38," "," ","0",0,"P"," ","0",0,"P"," ","0",74," "," ","0",0,"P"," ","0",0,"P"," ","0",0,"P"," ","0",0,"T"," ","0",0,"P"," ","0",0,"P"," ","0",0,"P"," ","0",71," "," ","0",0,"P"," ","0",112," "," ","0",257," "," ","0",559," "," ","0",114," "," ","0",254," "," ","0",0,"P"," ","0",0,"P"," ","0",0,"P"," ","0",0,"P"," ","0",0,"P"," ","0",0,"P"," ","0",0,"P"," ","0",0,"P"," ","0",NA," "," "," ",0,"P"," ","0",0," "," ","0",0," "," ","0",0," "," ","0"
"3118","USC00413787",1989,5,"SNOW",0,"P"," ","0",0,"P"," ","0",0,"P"," ","0",0,"P"," ","0",0,"P"," ","0",0,"P"," ","0",0,"P"," ","0",0,"P"," ","0",0,"P"," ","0",0,"P"," ","0",0,"P"," ","0",0,"P"," ","0",0,"P"," ","0",0,"P"," ","0",0,"P"," ","0",0,"P"," ","0",0,"P"," ","0",0,"P"," ","0",0,"P"," ","0",0,"P"," ","0",0,"P"," ","0",0,"P"," ","0",0,"P"," ","0",0,"P"," ","0",0,"P"," ","0",0,"P"," ","0",0,"P"," ","0",0,"P"," ","0",0,"P"," ","0",0,"P"," ","0",0,"P"," ","0"
"3119","USC00413787",1989,5,"SNWD",0," "," ","0",0,"P"," ","0",0,"P"," ","0",0,"P"," ","0",0,"P"," ","0",0,"P"," ","0",0,"P"," ","0",0,"P"," ","0",0,"P"," ","0",0,"P"," ","0",0,"P"," ","0",0,"P"," ","0",0,"P"," ","0",0,"P"," ","0",0,"P"," ","0",0,"P"," ","0",0," "," ","0",0,"P"," ","0",0,"P"," ","0",0,"P"," ","0",0,"P"," ","0",0,"P"," ","0",0,"P"," ","0",0,"P"," ","0",0,"P"," ","0",0,"P"," ","0",0,"P"," ","0",0,"P"," ","0",0,"P"," ","0",0,"P"," ","0",0,"P"," ","0"
"3120","USC00413787",1989,5,"WT03",NA," "," "," ",NA," "," "," ",NA," "," "," ",1," "," ","0",NA," "," "," ",NA," "," "," ",NA," "," "," ",NA," "," "," ",NA," "," "," ",NA," "," "," ",NA," "," "," ",NA," "," "," ",NA," "," "," ",NA," "," "," ",1," "," ","0",1," "," ","0",1," "," ","0",NA," "," "," ",NA," "," "," ",NA," "," "," ",NA," "," "," ",NA," "," "," ",NA," "," "," ",NA," "," "," ",NA," "," "," ",NA," "," "," ",NA," "," "," ",NA," "," "," ",NA," "," "," ",NA," "," "," ",NA," "," "," "
"3121","USC00413787",1989,5,"WT05",NA," "," "," ",NA," "," "," ",NA," "," "," ",NA," "," "," ",NA," "," "," ",NA," "," "," ",NA," "," "," ",NA," "," "," ",NA," "," "," ",NA," "," "," ",NA," "," "," ",NA," "," "," ",1," "," ","0",NA," "," "," ",NA," "," "," ",1," "," ","0",NA," "," "," ",NA," "," "," ",NA," "," "," ",NA," "," "," ",NA," "," "," ",NA," "," "," ",NA," "," "," ",NA," "," "," ",NA," "," "," ",NA," "," "," ",NA," "," "," ",NA," "," "," ",NA," "," "," ",NA," "," "," ",NA," "," "," "
"3122","USC00413787",1989,6,"TMAX",311," "," ","0",NA," "," "," ",NA," "," "," ",239," "," ","0",NA," "," "," ",306," "," ","0",261," "," ","0",267," "," ","0",250," "," ","0",283," "," ","0",289," "," ","0",289," "," ","0",211," "," ","0",244," "," ","0",239," "," ","0",311," "," ","0",317," "," ","0",NA," "," "," ",328," "," ","0",333," "," ","0",344," "," ","0",256," "," ","0",NA," "," "," ",289," "," ","0",283," "," ","0",289," "," ","0",306," "," ","0",317," "," ","0",NA," "," "," ",NA," "," "," ",NA," "," "," "
"3123","USC00413787",1989,6,"TMIN",117," "," ","0",NA," "," "," ",NA," "," "," ",128," "," ","0",NA," "," "," ",83," "," ","0",183," "," ","0",128," "," ","0",128," "," ","0",139," "," ","0",139," "," ","0",144," "," ","0",133," "," ","0",100," "," ","0",72," "," ","0",128," "," ","0",172," "," ","0",NA," "," "," ",144," "," ","0",211," "," ","0",211," "," ","0",106," "," ","0",NA," "," "," ",167," "," ","0",178," "," ","0",167," "," ","0",144," "," ","0",167," "," ","0",NA," "," "," ",NA," "," "," ",NA," "," "," "
"3124","USC00413787",1989,6,"TOBS",178," "," ","0",NA," "," "," ",NA," "," "," ",139," "," ","0",NA," "," "," ",200," "," ","0",200," "," ","0",244," "," ","0",172," "," ","0",200," "," ","0",239," "," ","0",211," "," ","0",150," "," ","0",167," "," ","0",211," "," ","0",233," "," ","0",239," "," ","0",NA," "," "," ",289," "," ","0",267," "," ","0",256," "," ","0",144," "," ","0",NA," "," "," ",222," "," ","0",267," "," ","0",222," "," ","0",211," "," ","0",256," "," ","0",NA," "," "," ",NA," "," "," ",NA," "," "," "
"3125","USC00413787",1989,6,"PRCP",36," "," ","0",NA," "," "," ",NA," "," "," ",NA," "," "," ",0," "," ","0",0,"P"," ","0",0,"P"," ","0",0,"P"," ","0",246," "," ","0",0,"P"," ","0",0,"P"," ","0",0,"P"," ","0",721," "," ","0",0,"P"," ","0",0,"P"," ","0",0,"P"," ","0",0,"P"," ","0",0," "," ","0",0,"P"," ","0",0,"P"," ","0",0,"P"," ","0",406," "," ","0",NA," "," "," ",NA," "," "," ",0,"P"," ","0",71," "," ","0",259," "," ","0",0,"P"," ","0",0," "," ","0",0," "," ","0",NA," "," "," "
"3126","USC00413787",1989,6,"SNOW",0,"P"," ","0",0,"P"," ","0",0,"P"," ","0",0,"P"," ","0",0,"P"," ","0",0,"P"," ","0",0,"P"," ","0",0,"P"," ","0",0,"P"," ","0",0,"P"," ","0",0,"P"," ","0",0,"P"," ","0",0,"P"," ","0",0,"P"," ","0",0,"P"," ","0",0,"P"," ","0",0,"P"," ","0",0,"P"," ","0",0,"P"," ","0",0,"P"," ","0",0,"P"," ","0",0,"P"," ","0",0,"P"," ","0",0,"P"," ","0",0,"P"," ","0",0,"P"," ","0",0,"P"," ","0",0,"P"," ","0",0,"P"," ","0",0,"P"," ","0",NA," "," "," "
"3127","USC00413787",1989,6,"SNWD",0," "," ","0",0,"P"," ","0",0,"P"," ","0",0,"P"," ","0",0,"P"," ","0",0,"P"," ","0",0,"P"," ","0",0,"P"," ","0",0,"P"," ","0",0,"P"," ","0",0,"P"," ","0",0,"P"," ","0",0,"P"," ","0",0,"P"," ","0",0,"P"," ","0",0,"P"," ","0",0,"P"," ","0",0,"P"," ","0",0,"P"," ","0",0,"P"," ","0",0,"P"," ","0",0,"P"," ","0",0,"P"," ","0",0,"P"," ","0",0,"P"," ","0",0,"P"," ","0",0,"P"," ","0",0,"P"," ","0",0,"P"," ","0",0,"P"," ","0",NA," "," "," "
"3128","USC00413787",1989,6,"DAPR",NA," "," "," ",NA," "," "," ",NA," "," "," ",3," "," ","0",NA," "," "," ",NA," "," "," ",NA," "," "," ",NA," "," "," ",NA," "," "," ",NA," "," "," ",NA," "," "," ",NA," "," "," ",NA," "," "," ",NA," "," "," ",NA," "," "," ",NA," "," "," ",NA," "," "," ",NA," "," "," ",NA," "," "," ",NA," "," "," ",NA," "," "," ",NA," "," "," ",NA," "," "," ",2," "," ","0",NA," "," "," ",NA," "," "," ",NA," "," "," ",NA," "," "," ",NA," "," "," ",NA," "," "," ",NA," "," "," "
"3129","USC00413787",1989,6,"MDPR",NA," "," "," ",NA," "," "," ",NA," "," "," ",198," "," ","0",NA," "," "," ",NA," "," "," ",NA," "," "," ",NA," "," "," ",NA," "," "," ",NA," "," "," ",NA," "," "," ",NA," "," "," ",NA," "," "," ",NA," "," "," ",NA," "," "," ",NA," "," "," ",NA," "," "," ",NA," "," "," ",NA," "," "," ",NA," "," "," ",NA," "," "," ",NA," "," "," ",NA," "," "," ",71," "," ","0",NA," "," "," ",NA," "," "," ",NA," "," "," ",NA," "," "," ",NA," "," "," ",NA," "," "," ",NA," "," "," "
"3130","USC00413787",1989,9,"TMAX",333," "," ","0",272," "," ","0",317," "," ","0",350," "," ","0",344," "," ","0",356," "," ","0",356," "," ","0",344," "," ","0",350," "," ","0",189," "," ","0",250," "," ","0",139," "," ","0",106," "," ","0",83," "," ","0",217," "," ","0",272," "," ","0",306," "," ","0",289," "," ","0",289," "," ","0",294," "," ","0",283," "," ","0",244," "," ","0",244," "," ","0",144," "," ","0",228," "," ","0",261," "," ","0",244," "," ","0",250," "," ","0",289," "," ","0",289," "," ","0",NA," "," "," "
"3131","USC00413787",1989,9,"TMIN",189," "," ","0",194," "," ","0",194," "," ","0",200," "," ","0",172," "," ","0",178," "," ","0",200," "," ","0",200," "," ","0",111," "," ","0",111," "," ","0",106," "," ","0",100," "," ","0",50," "," ","0",39," "," ","0",50," "," ","0",67," "," ","0",94," "," ","0",144," "," ","0",150," "," ","0",133," "," ","0",139," "," ","0",94," "," ","0",33," "," ","0",22," "," ","0",56," "," ","0",61," "," ","0",67," "," ","0",72," "," ","0",78," "," ","0",100," "," ","0",NA," "," "," "
"3132","USC00413787",1989,9,"TOBS",194," "," ","0",194," "," ","0",211," "," ","0",233," "," ","0",178," "," ","0",206," "," ","0",200," "," ","0",217," "," ","0",111," "," ","0",122," "," ","0",139," "," ","0",106," "," ","0",50," "," ","0",50," "," ","0",67," "," ","0",94," "," ","0",144," "," ","0",150," "," ","0",150," "," ","0",139," "," ","0",139," "," ","0",94," "," ","0",33," "," ","0",56," "," ","0",61," "," ","0",67," "," ","0",72," "," ","0",78," "," ","0",111," "," ","0",100," "," ","0",NA," "," "," "
"3133","USC00413787",1989,9,"PRCP",0,"P"," ","0",0,"P"," ","0",0,"P"," ","0",0,"P"," ","0",0,"P"," ","0",0,"P"," ","0",0,"P"," ","0",0,"P"," ","0",5," "," ","0",0,"P"," ","0",234," "," ","0",178," "," ","0",163," "," ","0",5," "," ","0",0,"P"," ","0",0,"P"," ","0",0,"P"," ","0",0,"P"," ","0",0,"P"," ","0",0,"P"," ","0",0,"P"," ","0",0,"P"," ","0",0,"P"," ","0",0,"P"," ","0",0,"P"," ","0",0,"P"," ","0",0,"P"," ","0",0,"P"," ","0",0,"P"," ","0",0,"P"," ","0",NA," "," "," "
"3134","USC00413787",1989,9,"SNOW",0,"P"," ","0",0,"P"," ","0",0,"P"," ","0",0,"P"," ","0",0,"P"," ","0",0,"P"," ","0",0,"P"," ","0",0,"P"," ","0",0,"P"," ","0",0,"P"," ","0",0,"P"," ","0",0,"P"," ","0",0,"P"," ","0",0,"P"," ","0",0,"P"," ","0",0,"P"," ","0",0,"P"," ","0",0,"P"," ","0",0,"P"," ","0",0,"P"," ","0",0,"P"," ","0",0,"P"," ","0",0,"P"," ","0",0,"P"," ","0",0,"P"," ","0",0,"P"," ","0",0,"P"," ","0",0,"P"," ","0",0,"P"," ","0",0,"P"," ","0",NA," "," "," "
"3135","USC00413787",1989,9,"SNWD",0," "," ","0",0,"P"," ","0",0,"P"," ","0",0,"P"," ","0",0,"P"," ","0",0,"P"," ","0",0,"P"," ","0",0,"P"," ","0",0,"P"," ","0",0,"P"," ","0",0,"P"," ","0",0,"P"," ","0",0,"P"," ","0",0,"P"," ","0",0,"P"," ","0",0,"P"," ","0",0,"P"," ","0",0,"P"," ","0",0,"P"," ","0",0,"P"," ","0",0,"P"," ","0",0,"P"," ","0",0,"P"," ","0",0,"P"," ","0",0,"P"," ","0",0,"P"," ","0",0,"P"," ","0",0,"P"," ","0",0,"P"," ","0",0,"P"," ","0",NA," "," "," "
"3136","USC00413787",1989,10,"TMAX",317," "," ","0",350," "," ","0",211," "," ","0",244," "," ","0",228," "," ","0",267," "," ","0",228," "," ","0",217," "," ","0",261," "," ","0",272," "," ","0",294," "," ","0",328," "," ","0",328," "," ","0",333," "," ","0",344," "," ","0",317," "," ","0",78," "," ","0",106," "," ","0",106," "," ","0",144," "," ","0",256," "," ","0",261," "," ","0",261," "," ","0",267," "," ","0",278," "," ","0",278," "," ","0",250," "," ","0",233," "," ","0",256," "," ","0",156," "," ","0",122," "," ","0"
"3137","USC00413787",1989,10,"TMIN",100," "," ","0",78," "," ","0",67," "," ","0",67," "," ","0",89," "," ","0",94," "," ","0",61," "," ","0",61," "," ","0",72," "," ","0",67," "," ","0",67," "," ","0",72," "," ","0",72," "," ","0",72," "," ","0",94," "," ","0",56," "," ","0",22," "," ","0",-17," "," ","0",-39," "," ","0",-44," "," ","0",-22," "," ","0",44," "," ","0",50," "," ","0",72," "," ","0",78," "," ","0",128," "," ","0",28," "," ","0",33," "," ","0",28," "," ","0",-28," "," ","0",-22," "," ","0"
"3138","USC00413787",1989,10,"TOBS",128," "," ","0",78," "," ","0",67," "," ","0",89," "," ","0",117," "," ","0",111," "," ","0",61," "," ","0",72," "," ","0",94," "," ","0",67," "," ","0",117," "," ","0",72," "," ","0",72," "," ","0",94," "," ","0",117," "," ","0",56," "," ","0",28," "," ","0",-11," "," ","0",-39," "," ","0",-22," "," ","0",100," "," ","0",50," "," ","0",78," "," ","0",78," "," ","0",133," "," ","0",144," "," ","0",39," "," ","0",117," "," ","0",33," "," ","0",-17," "," ","0",-6," "," ","0"
"3139","USC00413787",1989,10,"PRCP",0,"P"," ","0",0,"P"," ","0",0,"P"," ","0",0,"P"," ","0",0,"P"," ","0",33," "," ","0",0,"P"," ","0",0,"P"," ","0",0,"P"," ","0",0,"P"," ","0",0,"P"," ","0",0,"P"," ","0",0,"P"," ","0",0,"P"," ","0",0,"P"," ","0",0,"P"," ","0",0,"P"," ","0",0,"P"," ","0",0,"P"," ","0",0,"P"," ","0",0,"P"," ","0",0,"P"," ","0",0,"P"," ","0",0,"P"," ","0",0,"P"," ","0",0,"P"," ","0",0,"P"," ","0",0,"P"," ","0",0,"P"," ","0",0,"P"," ","0",0,"P"," ","0"
"3140","USC00413787",1989,10,"SNOW",0,"P"," ","0",0,"P"," ","0",0,"P"," ","0",0,"P"," ","0",0,"P"," ","0",0,"P"," ","0",0,"P"," ","0",0,"P"," ","0",0,"P"," ","0",0,"P"," ","0",0,"P"," ","0",0,"P"," ","0",0,"P"," ","0",0,"P"," ","0",0,"P"," ","0",0,"P"," ","0",0,"P"," ","0",0,"P"," ","0",0,"P"," ","0",0,"P"," ","0",0,"P"," ","0",0,"P"," ","0",0,"P"," ","0",0,"P"," ","0",0,"P"," ","0",0,"P"," ","0",0,"P"," ","0",0,"P"," ","0",0,"P"," ","0",0,"P"," ","0",0,"P"," ","0"
"3141","USC00413787",1989,10,"SNWD",0," "," ","0",0,"P"," ","0",0,"P"," ","0",0,"P"," ","0",0,"P"," ","0",0,"P"," ","0",0,"P"," ","0",0,"P"," ","0",0,"P"," ","0",0,"P"," ","0",0,"P"," ","0",0,"P"," ","0",0,"P"," ","0",0,"P"," ","0",0,"P"," ","0",0,"P"," ","0",0,"P"," ","0",0,"P"," ","0",0,"P"," ","0",0,"P"," ","0",0,"P"," ","0",0,"P"," ","0",0,"P"," ","0",0,"P"," ","0",0,"P"," ","0",0,"P"," ","0",0,"P"," ","0",0,"P"," ","0",0,"P"," ","0",0,"P"," ","0",0,"P"," ","0"
"3142","USC00413787",1989,11,"TMAX",200," "," ","0",28," "," ","0",139," "," ","0",194," "," ","0",228," "," ","0",189," "," ","0",250," "," ","0",206," "," ","0",133," "," ","0",211," "," ","0",233," "," ","0",272," "," ","0",278," "," ","0",233," "," ","0",244," "," ","0",106," "," ","0",72," "," ","0",156," "," ","0",183," "," ","0",233," "," ","0",228," "," ","0",228," "," ","0",72," "," ","0",172," "," ","0",211," "," ","0",111," "," ","0",217," "," ","0",122," "," ","0",78," "," ","0",122," "," ","0",NA," "," "," "
"3143","USC00413787",1989,11,"TMIN",-6," "," ","0",-83," "," ","0",-67," "," ","0",-6," "," ","0",17," "," ","0",39," "," ","0",-11," "," ","0",11," "," ","0",17," "," ","0",28," "," ","0",33," "," ","0",17," "," ","0",33," "," ","0",-17," "," ","0",-6," "," ","0",-83," "," ","0",-83," "," ","0",-56," "," ","0",-33," "," ","0",6," "," ","0",6," "," ","0",6," "," ","0",-61," "," ","0",-28," "," ","0",6," "," ","0",-44," "," ","0",-17," "," ","0",-61," "," ","0",-78," "," ","0",-72," "," ","0",NA," "," "," "
"3144","USC00413787",1989,11,"TOBS",17," "," ","0",-67," "," ","0",0," "," ","0",17," "," ","0",72," "," ","0",67," "," ","0",11," "," ","0",17," "," ","0",44," "," ","0",33," "," ","0",44," "," ","0",33," "," ","0",56," "," ","0",-6," "," ","0",6," "," ","0",-83," "," ","0",-56," "," ","0",-33," "," ","0",6," "," ","0",39," "," ","0",6," "," ","0",39," "," ","0",-28," "," ","0",6," "," ","0",72," "," ","0",-17," "," ","0",61," "," ","0",-61," "," ","0",-72," "," ","0",-22," "," ","0",NA," "," "," "
"3145","USC00413787",1989,11,"PRCP",0,"P"," ","0",0,"P"," ","0",0,"P"," ","0",0,"P"," ","0",0,"P"," ","0",0,"P"," ","0",0,"P"," ","0",0,"P"," ","0",0,"P"," ","0",0,"P"," ","0",0,"P"," ","0",0,"P"," ","0",0,"P"," ","0",0,"P"," ","0",0,"P"," ","0",0,"P"," ","0",0,"P"," ","0",0,"P"," ","0",0,"P"," ","0",0,"P"," ","0",0,"P"," ","0",0,"P"," ","0",0,"P"," ","0",0,"P"," ","0",0,"P"," ","0",0,"P"," ","0",0,"P"," ","0",0,"P"," ","0",0,"P"," ","0",0,"P"," ","0",NA," "," "," "
"3146","USC00413787",1989,11,"SNOW",0,"P"," ","0",0,"P"," ","0",0,"P"," ","0",0,"P"," ","0",0,"P"," ","0",0,"P"," ","0",0,"P"," ","0",0,"P"," ","0",0,"P"," ","0",0,"P"," ","0",0,"P"," ","0",0,"P"," ","0",0,"P"," ","0",0,"P"," ","0",0,"P"," ","0",0,"P"," ","0",0,"P"," ","0",0,"P"," ","0",0,"P"," ","0",0,"P"," ","0",0,"P"," ","0",0,"P"," ","0",0,"P"," ","0",0,"P"," ","0",0,"P"," ","0",0,"P"," ","0",0,"P"," ","0",0,"P"," ","0",0,"P"," ","0",0,"P"," ","0",NA," "," "," "
"3147","USC00413787",1989,11,"SNWD",0," "," ","0",0,"P"," ","0",0,"P"," ","0",0,"P"," ","0",0,"P"," ","0",0,"P"," ","0",0,"P"," ","0",0,"P"," ","0",0,"P"," ","0",0,"P"," ","0",0,"P"," ","0",0,"P"," ","0",0,"P"," ","0",0,"P"," ","0",0,"P"," ","0",0,"P"," ","0",0,"P"," ","0",0,"P"," ","0",0,"P"," ","0",0,"P"," ","0",0,"P"," ","0",0,"P"," ","0",0,"P"," ","0",0,"P"," ","0",0,"P"," ","0",0,"P"," ","0",0,"P"," ","0",0,"P"," ","0",0,"P"," ","0",0,"P"," ","0",NA," "," "," "
"3148","USC00413787",1989,12,"TMAX",139," "," ","0",67," "," ","0",100," "," ","0",139," "," ","0",206," "," ","0",211," "," ","0",50," "," ","0",0," "," ","0",78," "," ","0",178," "," ","0",61," "," ","0",-61," "," ","0",67," "," ","0",89," "," ","0",106," "," ","0",-100," "," ","0",-33," "," ","0",-6," "," ","0",-50," "," ","0",-17," "," ","0",78," "," ","0",-128," "," ","0",-128," "," ","0",67," "," ","0",117," "," ","0",144," "," ","0",178," "," ","0",167," "," ","0",167," "," ","0",17," "," ","0",17," "," ","0"
"3149","USC00413787",1989,12,"TMIN",-44," "," ","0",-50," "," ","0",-72," "," ","0",-50," "," ","0",-17," "," ","0",-17," "," ","0",-22," "," ","0",-44," "," ","0",-39," "," ","0",-28," "," ","0",-106," "," ","0",-144," "," ","0",-156," "," ","0",-94," "," ","0",-167," "," ","0",-167," "," ","0",-144," "," ","0",-133," "," ","0",-133," "," ","0",-133," "," ","0",-178," "," ","0",-233," "," ","0",-233," "," ","0",-178," "," ","0",-50," "," ","0",-83," "," ","0",-72," "," ","0",-44," "," ","0",-33," "," ","0",-28," "," ","0",-100," "," ","0"
"3150","USC00413787",1989,12,"TOBS",-28," "," ","0",-33," "," ","0",-50," "," ","0",-17," "," ","0",44," "," ","0",50," "," ","0",-22," "," ","0",-33," "," ","0",-28," "," ","0",6," "," ","0",-106," "," ","0",-128," "," ","0",-94," "," ","0",-94," "," ","0",-167," "," ","0",-106," "," ","0",-133," "," ","0",-72," "," ","0",-128," "," ","0",-128," "," ","0",-178," "," ","0",-228," "," ","0",-178," "," ","0",17," "," ","0",-33," "," ","0",-72," "," ","0",-39," "," ","0",11," "," ","0",-22," "," ","0",-17," "," ","0",-83," "," ","0"
"3151","USC00413787",1989,12,"PRCP",23," "," ","0",0,"P"," ","0",0,"P"," ","0",0,"P"," ","0",0,"P"," ","0",0,"P"," ","0",5," "," ","0",13," "," ","0",0,"P"," ","0",0,"P"," ","0",0,"P"," ","0",0,"P"," ","0",0,"P"," ","0",0,"P"," ","0",0,"P"," ","0",0,"P"," ","0",0,"T"," ","0",0,"P"," ","0",0,"P"," ","0",0,"P"," ","0",0,"T"," ","0",0,"P"," ","0",0,"P"," ","0",0,"P"," ","0",0,"P"," ","0",0,"P"," ","0",0,"P"," ","0",0,"P"," ","0",0,"P"," ","0",0,"P"," ","0",0,"T"," ","0"
"3152","USC00413787",1989,12,"SNOW",0,"P"," ","0",0,"P"," ","0",0,"P"," ","0",0,"P"," ","0",0,"P"," ","0",0,"P"," ","0",0,"P"," ","0",0,"P"," ","0",0,"P"," ","0",0,"P"," ","0",0,"P"," ","0",0,"P"," ","0",0,"P"," ","0",0,"P"," ","0",0,"P"," ","0",0,"P"," ","0",0,"T"," ","0",0,"P"," ","0",0,"P"," ","0",0,"P"," ","0",0,"T"," ","0",0,"P"," ","0",0,"P"," ","0",0,"P"," ","0",0,"P"," ","0",0,"P"," ","0",0,"P"," ","0",0,"P"," ","0",0,"P"," ","0",0,"P"," ","0",0,"T"," ","0"
"3153","USC00413787",1989,12,"SNWD",0," "," ","0",0,"P"," ","0",0,"P"," ","0",0,"P"," ","0",0,"P"," ","0",0,"P"," ","0",0,"P"," ","0",0,"P"," ","0",0,"P"," ","0",0,"P"," ","0",0,"P"," ","0",0,"P"," ","0",0,"P"," ","0",0,"P"," ","0",0,"P"," ","0",0,"P"," ","0",0," "," ","0",0,"P"," ","0",0,"P"," ","0",0,"P"," ","0",0," "," ","0",0,"P"," ","0",0,"P"," ","0",0,"P"," ","0",0,"P"," ","0",0,"P"," ","0",0,"P"," ","0",0,"P"," ","0",0,"P"," ","0",0,"P"," ","0",0," "," ","0"
"3154","USC00413787",1990,1,"TMAX",94," "," ","0",139," "," ","0",167," "," ","0",111," "," ","0",61," "," ","0",78," "," ","0",94," "," ","0",150," "," ","0",178," "," ","0",161," "," ","0",256," "," ","0",94," "," ","0",72," "," ","0",183," "," ","0",161," "," ","0",200," "," ","0",183," "," ","0",122," "," ","0",0," "," ","0",-6," "," ","0",17," "," ","0",39," "," ","0",44," "," ","0",94," "," ","0",22," "," ","0",44," "," ","0",78," "," ","0",17," "," ","0",28," "," ","0",83," "," ","0",117," "," ","0"
"3155","USC00413787",1990,1,"TMIN",-100," "," ","0",-67," "," ","0",-33," "," ","0",-72," "," ","0",-106," "," ","0",-106," "," ","0",-78," "," ","0",-50," "," ","0",-33," "," ","0",-6," "," ","0",11," "," ","0",-61," "," ","0",-50," "," ","0",0," "," ","0",-11," "," ","0",-11," "," ","0",-28," "," ","0",-39," "," ","0",-44," "," ","0",-106," "," ","0",-117," "," ","0",-117," "," ","0",-100," "," ","0",-33," "," ","0",-100," "," ","0",-94," "," ","0",-56," "," ","0",-111," "," ","0",-89," "," ","0",-50," "," ","0",-39," "," ","0"
"3156","USC00413787",1990,1,"TOBS",-67," "," ","0",-33," "," ","0",-17," "," ","0",-61," "," ","0",-106," "," ","0",-78," "," ","0",-11," "," ","0",-33," "," ","0",33," "," ","0",17," "," ","0",39," "," ","0",-44," "," ","0",17," "," ","0",22," "," ","0",6," "," ","0",-6," "," ","0",-28," "," ","0",0," "," ","0",-39," "," ","0",-44," "," ","0",-117," "," ","0",-100," "," ","0",11," "," ","0",-22," "," ","0",-94," "," ","0",-56," "," ","0",-22," "," ","0",-89," "," ","0",-44," "," ","0",-39," "," ","0",33," "," ","0"
"3157","USC00413787",1990,1,"PRCP",0,"P"," ","0",0,"P"," ","0",0,"P"," ","0",0,"P"," ","0",0,"P"," ","0",0,"P"," ","0",0,"P"," ","0",0,"P"," ","0",0,"P"," ","0",0,"P"," ","0",0,"P"," ","0",0,"P"," ","0",0,"P"," ","0",0,"P"," ","0",0,"P"," ","0",0,"P"," ","0",0,"P"," ","0",0,"P"," ","0",320," "," ","0",0,"P"," ","0",0,"P"," ","0",0,"P"," ","0",0,"P"," ","0",0,"P"," ","0",0,"P"," ","0",0,"P"," ","0",0,"P"," ","0",0,"P"," ","0",0,"P"," ","0",0,"P"," ","0",0,"P"," ","0"
"3158","USC00413787",1990,1,"SNOW",0,"P"," ","0",0,"P"," ","0",0,"P"," ","0",0,"P"," ","0",0,"P"," ","0",0,"P"," ","0",0,"P"," ","0",0,"P"," ","0",0,"P"," ","0",0,"P"," ","0",0,"P"," ","0",0,"P"," ","0",0,"P"," ","0",0,"P"," ","0",0,"P"," ","0",0,"P"," ","0",0,"P"," ","0",0,"P"," ","0",155," "," ","0",0,"P"," ","0",0,"P"," ","0",0,"P"," ","0",0,"P"," ","0",0,"P"," ","0",0,"P"," ","0",0,"P"," ","0",0,"P"," ","0",0,"P"," ","0",0,"P"," ","0",0,"P"," ","0",0,"P"," ","0"
"3159","USC00413787",1990,1,"SNWD",0," "," ","0",0,"P"," ","0",0,"P"," ","0",0,"P"," ","0",0,"P"," ","0",0,"P"," ","0",0,"P"," ","0",0,"P"," ","0",0,"P"," ","0",0,"P"," ","0",0,"P"," ","0",0,"P"," ","0",0,"P"," ","0",0,"P"," ","0",0,"P"," ","0",0,"P"," ","0",0,"P"," ","0",0,"P"," ","0",NA," "," "," ",NA," "," "," ",NA," "," "," ",NA," "," "," ",NA," "," "," ",0," "," ","0",0,"P"," ","0",0,"P"," ","0",0,"P"," ","0",0,"P"," ","0",0,"P"," ","0",0,"P"," ","0",0,"P"," ","0"
"3160","USC00413787",1990,2,"TMAX",178," "," ","0",-11," "," ","0",-11," "," ","0",67," "," ","0",144," "," ","0",144," "," ","0",139," "," ","0",200," "," ","0",122," "," ","0",117," "," ","0",156," "," ","0",211," "," ","0",233," "," ","0",44," "," ","0",-61," "," ","0",-33," "," ","0",56," "," ","0",156," "," ","0",189," "," ","0",44," "," ","0",0," "," ","0",11," "," ","0",61," "," ","0",139," "," ","0",189," "," ","0",56," "," ","0",183," "," ","0",28," "," ","0",NA," "," "," ",NA," "," "," ",NA," "," "," "
"3161","USC00413787",1990,2,"TMIN",-11," "," ","0",-61," "," ","0",-56," "," ","0",-44," "," ","0",-33," "," ","0",-22," "," ","0",-22," "," ","0",-17," "," ","0",-33," "," ","0",-33," "," ","0",-33," "," ","0",-17," "," ","0",22," "," ","0",-94," "," ","0",-94," "," ","0",-122," "," ","0",-122," "," ","0",-39," "," ","0",-61," "," ","0",-61," "," ","0",-33," "," ","0",-22," "," ","0",-11," "," ","0",-17," "," ","0",-6," "," ","0",-44," "," ","0",-28," "," ","0",-28," "," ","0",NA," "," "," ",NA," "," "," ",NA," "," "," "
"3162","USC00413787",1990,2,"TOBS",-11," "," ","0",-50," "," ","0",-44," "," ","0",-33," "," ","0",-22," "," ","0",122," "," ","0",-17," "," ","0",28," "," ","0",-33," "," ","0",-33," "," ","0",-17," "," ","0",72," "," ","0",22," "," ","0",-94," "," ","0",-94," "," ","0",-111," "," ","0",-39," "," ","0",22," "," ","0",-61," "," ","0",-6," "," ","0",-17," "," ","0",0," "," ","0",6," "," ","0",6," "," ","0",33," "," ","0",-28," "," ","0",11," "," ","0",-22," "," ","0",NA," "," "," ",NA," "," "," ",NA," "," "," "
"3163","USC00413787",1990,2,"PRCP",0,"P"," ","0",3," "," ","0",0,"T"," ","0",0,"P"," ","0",0,"P"," ","0",0,"P"," ","0",0,"P"," ","0",0,"P"," ","0",0,"P"," ","0",0,"P"," ","0",0,"P"," ","0",0,"P"," ","0",0,"P"," ","0",0,"P"," ","0",0,"P"," ","0",0,"P"," ","0",0,"P"," ","0",0,"P"," ","0",0,"P"," ","0",0,"T"," ","0",206," "," ","0",0,"T"," ","0",0,"P"," ","0",0,"P"," ","0",0,"P"," ","0",0,"P"," ","0",0,"P"," ","0",43," "," ","0",NA," "," "," ",NA," "," "," ",NA," "," "," "
"3164","USC00413787",1990,2,"SNOW",0,"P"," ","0",NA," "," "," ",0,"T"," ","0",0,"P"," ","0",0,"P"," ","0",0,"P"," ","0",0,"P"," ","0",0,"P"," ","0",0,"P"," ","0",0,"P"," ","0",0,"P"," ","0",0,"P"," ","0",0,"P"," ","0",0,"P"," ","0",0,"P"," ","0",0,"P"," ","0",0,"P"," ","0",0,"P"," ","0",0," "," ","0",0,"T"," ","0",NA," "," "," ",0,"T"," ","0",0,"P"," ","0",0,"P"," ","0",0,"P"," ","0",0,"P"," ","0",0,"P"," ","0",NA," "," "," ",NA," "," "," ",NA," "," "," ",NA," "," "," "
"3165","USC00413787",1990,2,"SNWD",0," "," ","0",NA," "," "," ",NA," "," "," ",0," "," ","0",0,"P"," ","0",0,"P"," ","0",0,"P"," ","0",0,"P"," ","0",0,"P"," ","0",0,"P"," ","0",0,"P"," ","0",0,"P"," ","0",0,"P"," ","0",0,"P"," ","0",0,"P"," ","0",0,"P"," ","0",0,"P"," ","0",0,"P"," ","0",0,"P"," ","0",0,"P"," ","0",152," "," ","0",NA," "," "," ",NA," "," "," ",0," "," ","0",0,"P"," ","0",0,"P"," ","0",0,"P"," ","0",0,"T"," ","0",NA," "," "," ",NA," "," "," ",NA," "," "," "
"3166","USC00413787",1990,3,"TMAX",-6," "," ","0",89," "," ","0",144," "," ","0",167," "," ","0",206," "," ","0",156," "," ","0",178," "," ","0",139," "," ","0",228," "," ","0",250," "," ","0",200," "," ","0",178," "," ","0",239," "," ","0",172," "," ","0",72," "," ","0",133," "," ","0",144," "," ","0",200," "," ","0",111," "," ","0",161," "," ","0",244," "," ","0",244," "," ","0",211," "," ","0",-11," "," ","0",-33," "," ","0",17," "," ","0",117," "," ","0",117," "," ","0",117," "," ","0",28," "," ","0",83," "," ","0"
"3167","USC00413787",1990,3,"TMIN",-67," "," ","0",-61," "," ","0",-28," "," ","0",0," "," ","0",33," "," ","0",56," "," ","0",-6," "," ","0",-39," "," ","0",-6," "," ","0",44," "," ","0",78," "," ","0",50," "," ","0",72," "," ","0",-6," "," ","0",-33," "," ","0",-33," "," ","0",-33," "," ","0",39," "," ","0",-44," "," ","0",-6," "," ","0",56," "," ","0",56," "," ","0",-11," "," ","0",-72," "," ","0",-72," "," ","0",-39," "," ","0",-17," "," ","0",22," "," ","0",28," "," ","0",0," "," ","0",6," "," ","0"
"3168","USC00413787",1990,3,"TOBS",-61," "," ","0",-28," "," ","0",17," "," ","0",33," "," ","0",56," "," ","0",117," "," ","0",11," "," ","0",-6," "," ","0",44," "," ","0",133," "," ","0",117," "," ","0",72," "," ","0",128," "," ","0",11," "," ","0",0," "," ","0",28," "," ","0",39," "," ","0",61," "," ","0",-6," "," ","0",56," "," ","0",83," "," ","0",72," "," ","0",-11," "," ","0",-72," "," ","0",-33," "," ","0",-17," "," ","0",22," "," ","0",67," "," ","0",28," "," ","0",11," "," ","0",33," "," ","0"
"3169","USC00413787",1990,3,"PRCP",0,"P"," ","0",0,"P"," ","0",0,"P"," ","0",0,"P"," ","0",0,"T"," ","0",0,"P"," ","0",0,"P"," ","0",0,"P"," ","0",0,"P"," ","0",38," "," ","0",48," "," ","0",0,"P"," ","0",0,"P"," ","0",0,"P"," ","0",0,"P"," ","0",0,"P"," ","0",0,"P"," ","0",0,"P"," ","0",0,"P"," ","0",0,"P"," ","0",0,"P"," ","0",0,"P"," ","0",0,"T"," ","0",3," "," ","0",0,"P"," ","0",0,"P"," ","0",0,"P"," ","0",0,"P"," ","0",5," "," ","0",132," "," ","0",0,"P"," ","0"
"3170","USC00413787",1990,3,"SNOW",0,"P"," ","0",0,"P"," ","0",0,"P"," ","0",0,"P"," ","0",0,"P"," ","0",0,"P"," ","0",0,"P"," ","0",0,"P"," ","0",0,"P"," ","0",0,"P"," ","0",0,"P"," ","0",0,"P"," ","0",0,"P"," ","0",0,"P"," ","0",0,"P"," ","0",0,"P"," ","0",0,"P"," ","0",0,"P"," ","0",0,"P"," ","0",0,"P"," ","0",0,"P"," ","0",0,"P"," ","0",0,"P"," ","0",0,"P"," ","0",0,"P"," ","0",0,"P"," ","0",0,"P"," ","0",0,"P"," ","0",0,"P"," ","0",0,"P"," ","0",0,"P"," ","0"
"3171","USC00413787",1990,3,"SNWD",0," "," ","0",0,"P"," ","0",0,"P"," ","0",0,"P"," ","0",0,"P"," ","0",0,"P"," ","0",0,"P"," ","0",0,"P"," ","0",0,"P"," ","0",0,"P"," ","0",0,"P"," ","0",0,"P"," ","0",0,"P"," ","0",0,"P"," ","0",0,"P"," ","0",0,"P"," ","0",0,"P"," ","0",0,"P"," ","0",0,"P"," ","0",0,"P"," ","0",0,"P"," ","0",0,"P"," ","0",0,"P"," ","0",0,"P"," ","0",0,"P"," ","0",0,"P"," ","0",0,"P"," ","0",0,"P"," ","0",0,"P"," ","0",0,"P"," ","0",0,"P"," ","0"
"3172","USC00413787",1990,4,"TMAX",200," "," ","0",233," "," ","0",172," "," ","0",228," "," ","0",222," "," ","0",106," "," ","0",117," "," ","0",194," "," ","0",228," "," ","0",261," "," ","0",161," "," ","0",156," "," ","0",211," "," ","0",183," "," ","0",256," "," ","0",228," "," ","0",283," "," ","0",56," "," ","0",150," "," ","0",222," "," ","0",256," "," ","0",283," "," ","0",278," "," ","0",289," "," ","0",278," "," ","0",228," "," ","0",239," "," ","0",178," "," ","0",278," "," ","0",133," "," ","0",NA," "," "," "
"3173","USC00413787",1990,4,"TMIN",22," "," ","0",17," "," ","0",17," "," ","0",44," "," ","0",39," "," ","0",-22," "," ","0",-22," "," ","0",-6," "," ","0",94," "," ","0",33," "," ","0",11," "," ","0",11," "," ","0",28," "," ","0",22," "," ","0",39," "," ","0",100," "," ","0",17," "," ","0",17," "," ","0",11," "," ","0",83," "," ","0",56," "," ","0",106," "," ","0",100," "," ","0",117," "," ","0",83," "," ","0",78," "," ","0",61," "," ","0",39," "," ","0",78," "," ","0",11," "," ","0",NA," "," "," "
"3174","USC00413787",1990,4,"TOBS",128," "," ","0",17," "," ","0",50," "," ","0",67," "," ","0",50," "," ","0",-22," "," ","0",33," "," ","0",94," "," ","0",100," "," ","0",39," "," ","0",28," "," ","0",28," "," ","0",78," "," ","0",44," "," ","0",100," "," ","0",117," "," ","0",22," "," ","0",39," "," ","0",89," "," ","0",111," "," ","0",106," "," ","0",139," "," ","0",133," "," ","0",128," "," ","0",111," "," ","0",83," "," ","0",61," "," ","0",78," "," ","0",94," "," ","0",22," "," ","0",NA," "," "," "
"3175","USC00413787",1990,4,"PRCP",0,"P"," ","0",0,"P"," ","0",0,"P"," ","0",0,"P"," ","0",0,"P"," ","0",5," "," ","0",0,"P"," ","0",0,"P"," ","0",0,"P"," ","0",10," "," ","0",0,"P"," ","0",0,"P"," ","0",0,"P"," ","0",5," "," ","0",0,"P"," ","0",0,"P"," ","0",8," "," ","0",0,"T"," ","0",8," "," ","0",0,"P"," ","0",0,"P"," ","0",0,"P"," ","0",0,"P"," ","0",8," "," ","0",246," "," ","0",0,"P"," ","0",30," "," ","0",0,"P"," ","0",0,"P"," ","0",0,"P"," ","0",NA," "," "," "
"3176","USC00413787",1990,4,"SNOW",0,"P"," ","0",0,"P"," ","0",0,"P"," ","0",0,"P"," ","0",0,"P"," ","0",0,"P"," ","0",0,"P"," ","0",0,"P"," ","0",0,"P"," ","0",0,"P"," ","0",0,"P"," ","0",0,"P"," ","0",0,"P"," ","0",0,"P"," ","0",0,"P"," ","0",0,"P"," ","0",0,"P"," ","0",0,"P"," ","0",0,"P"," ","0",0,"P"," ","0",0,"P"," ","0",0,"P"," ","0",0,"P"," ","0",0,"P"," ","0",0,"P"," ","0",0,"P"," ","0",0,"P"," ","0",0,"P"," ","0",0,"P"," ","0",0,"P"," ","0",NA," "," "," "
"3177","USC00413787",1990,4,"SNWD",0," "," ","0",0,"P"," ","0",0,"P"," ","0",0,"P"," ","0",0,"P"," ","0",0,"P"," ","0",0,"P"," ","0",0,"P"," ","0",0,"P"," ","0",0,"P"," ","0",0,"P"," ","0",0,"P"," ","0",0,"P"," ","0",0,"P"," ","0",0,"P"," ","0",0,"P"," ","0",0,"P"," ","0",0,"P"," ","0",0,"P"," ","0",0,"P"," ","0",0,"P"," ","0",0,"P"," ","0",0,"P"," ","0",0,"P"," ","0",0,"P"," ","0",0,"P"," ","0",0,"P"," ","0",0,"P"," ","0",0,"P"," ","0",0,"P"," ","0",NA," "," "," "
"3178","USC00413787",1990,5,"TMAX",122," "," ","0",133," "," ","0",67," "," ","0",61," "," ","0",178," "," ","0",194," "," ","0",NA," "," "," ",278," "," ","0",300," "," ","0",167," "," ","0",200," "," ","0",283," "," ","0",222," "," ","0",317," "," ","0",256," "," ","0",311," "," ","0",244," "," ","0",NA," "," "," ",300," "," ","0",294," "," ","0",294," "," ","0",278," "," ","0",306," "," ","0",367," "," ","0",367," "," ","0",311," "," ","0",256," "," ","0",261," "," ","0",250," "," ","0",250," "," ","0",289," "," ","0"
"3179","USC00413787",1990,5,"TMIN",22," "," ","0",50," "," ","0",44," "," ","0",28," "," ","0",28," "," ","0",39," "," ","0",NA," "," "," ",78," "," ","0",89," "," ","0",17," "," ","0",22," "," ","0",78," "," ","0",72," "," ","0",100," "," ","0",128," "," ","0",106," "," ","0",56," "," ","0",NA," "," "," ",89," "," ","0",133," "," ","0",100," "," ","0",106," "," ","0",106," "," ","0",172," "," ","0",156," "," ","0",156," "," ","0",144," "," ","0",117," "," ","0",128," "," ","0",106," "," ","0",117," "," ","0"
"3180","USC00413787",1990,5,"TOBS",50," "," ","0",61," "," ","0",44," "," ","0",39," "," ","0",67," "," ","0",78," "," ","0",NA," "," "," ",111," "," ","0",89," "," ","0",22," "," ","0",106," "," ","0",111," "," ","0",100," "," ","0",133," "," ","0",172," "," ","0",122," "," ","0",78," "," ","0",167," "," ","0",133," "," ","0",156," "," ","0",111," "," ","0",144," "," ","0",172," "," ","0",189," "," ","0",189," "," ","0",183," "," ","0",161," "," ","0",128," "," ","0",144," "," ","0",128," "," ","0",178," "," ","0"
"3181","USC00413787",1990,5,"PRCP",0,"P"," ","0",0,"T"," ","0",287," "," ","0",5," "," ","0",0,"P"," ","0",0,"P"," ","0",0," "," ","0",0,"P"," ","0",0,"P"," ","0",0,"P"," ","0",0,"P"," ","0",0,"P"," ","0",0,"P"," ","0",0,"P"," ","0",0,"P"," ","0",0,"P"," ","0",0,"P"," ","0",NA," "," "," ",0,"P"," ","0",0,"P"," ","0",0,"P"," ","0",0,"P"," ","0",0,"P"," ","0",0,"P"," ","0",0,"P"," ","0",0,"P"," ","0",0,"T"," ","0",0,"P"," ","0",147," "," ","0",368," "," ","0",0,"P"," ","0"
"3182","USC00413787",1990,5,"SNOW",0,"P"," ","0",0,"P"," ","0",0,"P"," ","0",0,"P"," ","0",0,"P"," ","0",0,"P"," ","0",0,"P"," ","0",0,"P"," ","0",0,"P"," ","0",0,"P"," ","0",0,"P"," ","0",0,"P"," ","0",0,"P"," ","0",0,"P"," ","0",0,"P"," ","0",0,"P"," ","0",0,"P"," ","0",0,"P"," ","0",0,"P"," ","0",0,"P"," ","0",0,"P"," ","0",0,"P"," ","0",0,"P"," ","0",0,"P"," ","0",0,"P"," ","0",0,"P"," ","0",0,"P"," ","0",0,"P"," ","0",0,"P"," ","0",0,"P"," ","0",0,"P"," ","0"
"3183","USC00413787",1990,5,"SNWD",0," "," ","0",0,"P"," ","0",0,"P"," ","0",0,"P"," ","0",0,"P"," ","0",0,"P"," ","0",0,"P"," ","0",0,"P"," ","0",0,"P"," ","0",0,"P"," ","0",0,"P"," ","0",0,"P"," ","0",0,"P"," ","0",0,"P"," ","0",0,"P"," ","0",0,"P"," ","0",0,"P"," ","0",0,"P"," ","0",0,"P"," ","0",0,"P"," ","0",0,"P"," ","0",0,"P"," ","0",0,"P"," ","0",0,"P"," ","0",0,"P"," ","0",0,"P"," ","0",0,"P"," ","0",0,"P"," ","0",0,"P"," ","0",0,"P"," ","0",0,"P"," ","0"
"3184","USC00413787",1990,6,"TMAX",278," "," ","0",267," "," ","0",267," "," ","0",328," "," ","0",356," "," ","0",322," "," ","0",344," "," ","0",344," "," ","0",328," "," ","0",339," "," ","0",344," "," ","0",372," "," ","0",NA," "," "," ",394," "," ","0",378," "," ","0",378," "," ","0",344," "," ","0",389," "," ","0",406," "," ","0",306," "," ","0",361," "," ","0",361," "," ","0",356," "," ","0",389," "," ","0",372," "," ","0",411," "," ","0",383," "," ","0",394," "," ","0",389," "," ","0",378," "," ","0",NA," "," "," "
"3185","USC00413787",1990,6,"TMIN",94," "," ","0",117," "," ","0",100," "," ","0",128," "," ","0",156," "," ","0",172," "," ","0",144," "," ","0",144," "," ","0",167," "," ","0",206," "," ","0",206," "," ","0",189," "," ","0",NA," "," "," ",189," "," ","0",194," "," ","0",167," "," ","0",194," "," ","0",233," "," ","0",150," "," ","0",178," "," ","0",117," "," ","0",117," "," ","0",183," "," ","0",178," "," ","0",200," "," ","0",222," "," ","0",228," "," ","0",217," "," ","0",189," "," ","0",172," "," ","0",NA," "," "," "
"3186","USC00413787",1990,6,"TOBS",144," "," ","0",161," "," ","0",128," "," ","0",217," "," ","0",178," "," ","0",183," "," ","0",172," "," ","0",222," "," ","0",250," "," ","0",222," "," ","0",244," "," ","0",189," "," ","0",NA," "," "," ",261," "," ","0",217," "," ","0",200," "," ","0",233," "," ","0",256," "," ","0",178," "," ","0",194," "," ","0",156," "," ","0",183," "," ","0",233," "," ","0",233," "," ","0",228," "," ","0",228," "," ","0",250," "," ","0",239," "," ","0",233," "," ","0",211," "," ","0",NA," "," "," "
"3187","USC00413787",1990,6,"PRCP",0,"P"," ","0",0,"P"," ","0",0,"P"," ","0",0,"P"," ","0",0,"P"," ","0",0,"P"," ","0",0,"P"," ","0",0,"P"," ","0",0,"P"," ","0",0,"P"," ","0",0,"P"," ","0",0,"P"," ","0",0," "," ","0",0,"P"," ","0",56," "," ","0",0,"P"," ","0",0,"P"," ","0",0,"P"," ","0",0,"P"," ","0",0,"T"," ","0",76," "," ","0",0,"P"," ","0",0,"P"," ","0",0,"P"," ","0",0,"P"," ","0",0,"P"," ","0",0,"P"," ","0",0,"P"," ","0",0,"P"," ","0",0,"P"," ","0",NA," "," "," "
"3188","USC00413787",1990,6,"SNOW",0,"P"," ","0",0,"P"," ","0",0,"P"," ","0",0,"P"," ","0",0,"P"," ","0",0,"P"," ","0",0,"P"," ","0",0,"P"," ","0",0,"P"," ","0",0,"P"," ","0",0,"P"," ","0",0,"P"," ","0",0,"P"," ","0",0,"P"," ","0",0,"P"," ","0",0,"P"," ","0",0,"P"," ","0",0,"P"," ","0",0,"P"," ","0",0,"P"," ","0",0,"P"," ","0",0,"P"," ","0",0,"P"," ","0",0,"P"," ","0",0,"P"," ","0",0,"P"," ","0",0,"P"," ","0",0,"P"," ","0",0,"P"," ","0",0,"P"," ","0",NA," "," "," "
"3189","USC00413787",1990,6,"SNWD",0," "," ","0",0,"P"," ","0",0,"P"," ","0",0,"P"," ","0",0,"P"," ","0",0,"P"," ","0",0,"P"," ","0",0,"P"," ","0",0,"P"," ","0",0,"P"," ","0",0,"P"," ","0",0,"P"," ","0",0,"P"," ","0",0,"P"," ","0",0,"P"," ","0",0,"P"," ","0",0,"P"," ","0",0,"P"," ","0",0,"P"," ","0",0,"P"," ","0",0,"P"," ","0",0,"P"," ","0",0,"P"," ","0",0,"P"," ","0",0,"P"," ","0",0,"P"," ","0",0,"P"," ","0",0,"P"," ","0",0,"P"," ","0",0,"P"," ","0",NA," "," "," "
"3190","USC00413787",1990,7,"TMAX",378," "," ","0",356," "," ","0",372," "," ","0",NA," "," "," ",367," "," ","0",356," "," ","0",367," "," ","0",361," "," ","0",344," "," ","0",350," "," ","0",372," "," ","0",278," "," ","0",256," "," ","0",250," "," ","0",289," "," ","0",322," "," ","0",322," "," ","0",333," "," ","0",328," "," ","0",333," "," ","0",317," "," ","0",283," "," ","0",228," "," ","0",278," "," ","0",322," "," ","0",344," "," ","0",356," "," ","0",339," "," ","0",328," "," ","0",283," "," ","0",289," "," ","0"
"3191","USC00413787",1990,7,"TMIN",183," "," ","0",233," "," ","0",206," "," ","0",NA," "," "," ",189," "," ","0",194," "," ","0",217," "," ","0",217," "," ","0",228," "," ","0",222," "," ","0",194," "," ","0",156," "," ","0",94," "," ","0",89," "," ","0",156," "," ","0",167," "," ","0",167," "," ","0",183," "," ","0",189," "," ","0",178," "," ","0",178," "," ","0",150," "," ","0",139," "," ","0",167," "," ","0",189," "," ","0",200," "," ","0",194," "," ","0",189," "," ","0",183," "," ","0",156," "," ","0",167," "," ","0"
"3192","USC00413787",1990,7,"TOBS",233," "," ","0",239," "," ","0",283," "," ","0",NA," "," "," ",211," "," ","0",222," "," ","0",250," "," ","0",244," "," ","0",233," "," ","0",228," "," ","0",200," "," ","0",178," "," ","0",117," "," ","0",156," "," ","0",200," "," ","0",178," "," ","0",183," "," ","0",200," "," ","0",206," "," ","0",189," "," ","0",194," "," ","0",156," "," ","0",167," "," ","0",189," "," ","0",206," "," ","0",217," "," ","0",211," "," ","0",200," "," ","0",189," "," ","0",178," "," ","0",172," "," ","0"
"3193","USC00413787",1990,7,"PRCP",0,"P"," ","0",0,"P"," ","0",0,"P"," ","0",0," "," ","0",0,"P"," ","0",0,"P"," ","0",0,"P"," ","0",0,"P"," ","0",0,"P"," ","0",0,"P"," ","0",0,"T"," ","0",0,"P"," ","0",0,"P"," ","0",0,"P"," ","0",0,"P"," ","0",0,"P"," ","0",0,"P"," ","0",0,"P"," ","0",0,"P"," ","0",114," "," ","0",168," "," ","0",8," "," ","0",0,"P"," ","0",0,"P"," ","0",0,"P"," ","0",0,"P"," ","0",36," "," ","0",0,"P"," ","0",0,"P"," ","0",0,"P"," ","0",546," "," ","0"
"3194","USC00413787",1990,7,"SNOW",0,"P"," ","0",0,"P"," ","0",0,"P"," ","0",0,"P"," ","0",0,"P"," ","0",0,"P"," ","0",0,"P"," ","0",0,"P"," ","0",0,"P"," ","0",0,"P"," ","0",0,"P"," ","0",0,"P"," ","0",0,"P"," ","0",0,"P"," ","0",0,"P"," ","0",0,"P"," ","0",0,"P"," ","0",0,"P"," ","0",0,"P"," ","0",0,"P"," ","0",0,"P"," ","0",0,"P"," ","0",0,"P"," ","0",0,"P"," ","0",0,"P"," ","0",0,"P"," ","0",0,"P"," ","0",0,"P"," ","0",0,"P"," ","0",0,"P"," ","0",0,"P"," ","0"
"3195","USC00413787",1990,7,"SNWD",0," "," ","0",0,"P"," ","0",0,"P"," ","0",0,"P"," ","0",0,"P"," ","0",0,"P"," ","0",0,"P"," ","0",0,"P"," ","0",0,"P"," ","0",0,"P"," ","0",0,"P"," ","0",0,"P"," ","0",0,"P"," ","0",0,"P"," ","0",0,"P"," ","0",0,"P"," ","0",0,"P"," ","0",0,"P"," ","0",0,"P"," ","0",0,"P"," ","0",0,"P"," ","0",0,"P"," ","0",0,"P"," ","0",0,"P"," ","0",0,"P"," ","0",0,"P"," ","0",0,"P"," ","0",0,"P"," ","0",0,"P"," ","0",0,"P"," ","0",0,"P"," ","0"
"3196","USC00413787",1990,8,"TMAX",283," "," ","0",306," "," ","0",322," "," ","0",311," "," ","0",294," "," ","0",272," "," ","0",256," "," ","0",294," "," ","0",350," "," ","0",328," "," ","0",356," "," ","0",350," "," ","0",278," "," ","0",267," "," ","0",272," "," ","0",300," "," ","0",306," "," ","0",317," "," ","0",300," "," ","0",317," "," ","0",333," "," ","0",317," "," ","0",333," "," ","0",322," "," ","0",350," "," ","0",367," "," ","0",367," "," ","0",367," "," ","0",378," "," ","0",383," "," ","0",367," "," ","0"
"3197","USC00413787",1990,8,"TMIN",161," "," ","0",172," "," ","0",172," "," ","0",167," "," ","0",161," "," ","0",139," "," ","0",144," "," ","0",150," "," ","0",150," "," ","0",167," "," ","0",178," "," ","0",172," "," ","0",167," "," ","0",167," "," ","0",172," "," ","0",172," "," ","0",189," "," ","0",189," "," ","0",156," "," ","0",183," "," ","0",194," "," ","0",183," "," ","0",172," "," ","0",172," "," ","0",172," "," ","0",200," "," ","0",189," "," ","0",183," "," ","0",178," "," ","0",183," "," ","0",183," "," ","0"
"3198","USC00413787",1990,8,"TOBS",172," "," ","0",194," "," ","0",178," "," ","0",206," "," ","0",183," "," ","0",144," "," ","0",150," "," ","0",161," "," ","0",167," "," ","0",178," "," ","0",200," "," ","0",206," "," ","0",167," "," ","0",189," "," ","0",183," "," ","0",189," "," ","0",200," "," ","0",189," "," ","0",189," "," ","0",200," "," ","0",194," "," ","0",183," "," ","0",183," "," ","0",172," "," ","0",200," "," ","0",228," "," ","0",200," "," ","0",206," "," ","0",183," "," ","0",189," "," ","0",189," "," ","0"
"3199","USC00413787",1990,8,"PRCP",0,"P"," ","0",0,"P"," ","0",13," "," ","0",0,"P"," ","0",0,"P"," ","0",0,"P"," ","0",0,"P"," ","0",0,"P"," ","0",0,"P"," ","0",0,"P"," ","0",0,"P"," ","0",0,"P"," ","0",170," "," ","0",8," "," ","0",25," "," ","0",15," "," ","0",0,"P"," ","0",0,"P"," ","0",25," "," ","0",28," "," ","0",0,"P"," ","0",0,"P"," ","0",0,"P"," ","0",0,"P"," ","0",0,"P"," ","0",0,"P"," ","0",0,"P"," ","0",0,"P"," ","0",0,"P"," ","0",0,"P"," ","0",0,"P"," ","0"
"3200","USC00413787",1990,8,"SNOW",0,"P"," ","0",0,"P"," ","0",0,"P"," ","0",0,"P"," ","0",0,"P"," ","0",0,"P"," ","0",0,"P"," ","0",0,"P"," ","0",0,"P"," ","0",0,"P"," ","0",0,"P"," ","0",0,"P"," ","0",0,"P"," ","0",0,"P"," ","0",0,"P"," ","0",0,"P"," ","0",0,"P"," ","0",0,"P"," ","0",0,"P"," ","0",0,"P"," ","0",0,"P"," ","0",0,"P"," ","0",0,"P"," ","0",0,"P"," ","0",0,"P"," ","0",0,"P"," ","0",0,"P"," ","0",0,"P"," ","0",0,"P"," ","0",0,"P"," ","0",0,"P"," ","0"
"3201","USC00413787",1990,8,"SNWD",0," "," ","0",0,"P"," ","0",0,"P"," ","0",0,"P"," ","0",0,"P"," ","0",0,"P"," ","0",0,"P"," ","0",0,"P"," ","0",0,"P"," ","0",0,"P"," ","0",0,"P"," ","0",0,"P"," ","0",0,"P"," ","0",0,"P"," ","0",0,"P"," ","0",0,"P"," ","0",0,"P"," ","0",0,"P"," ","0",0,"P"," ","0",0,"P"," ","0",0,"P"," ","0",0,"P"," ","0",0,"P"," ","0",0,"P"," ","0",0,"P"," ","0",0,"P"," ","0",0,"P"," ","0",0,"P"," ","0",0,"P"," ","0",0,"P"," ","0",0,"P"," ","0"
"3202","USC00413787",1990,9,"TMAX",361," "," ","0",361," "," ","0",333," "," ","0",317," "," ","0",278," "," ","0",322," "," ","0",NA," "," "," ",306," "," ","0",306," "," ","0",328," "," ","0",322," "," ","0",283," "," ","0",306," "," ","0",306," "," ","0",272," "," ","0",333," "," ","0",272," "," ","0",267," "," ","0",300," "," ","0",256," "," ","0",278," "," ","0",167," "," ","0",239," "," ","0",211," "," ","0",267," "," ","0",328," "," ","0",333," "," ","0",328," "," ","0",228," "," ","0",183," "," ","0",NA," "," "," "
"3203","USC00413787",1990,9,"TMIN",178," "," ","0",172," "," ","0",150," "," ","0",167," "," ","0",167," "," ","0",172," "," ","0",NA," "," "," ",167," "," ","0",161," "," ","0",161," "," ","0",161," "," ","0",144," "," ","0",139," "," ","0",139," "," ","0",133," "," ","0",139," "," ","0",172," "," ","0",144," "," ","0",144," "," ","0",167," "," ","0",167," "," ","0",139," "," ","0",61," "," ","0",78," "," ","0",111," "," ","0",128," "," ","0",133," "," ","0",128," "," ","0",133," "," ","0",128," "," ","0",NA," "," "," "
"3204","USC00413787",1990,9,"TOBS",183," "," ","0",211," "," ","0",183," "," ","0",172," "," ","0",172," "," ","0",222," "," ","0",183," "," ","0",178," "," ","0",194," "," ","0",178," "," ","0",167," "," ","0",144," "," ","0",144," "," ","0",144," "," ","0",139," "," ","0",228," "," ","0",172," "," ","0",144," "," ","0",172," "," ","0",172," "," ","0",167," "," ","0",150," "," ","0",78," "," ","0",111," "," ","0",128," "," ","0",139," "," ","0",144," "," ","0",133," "," ","0",139," "," ","0",128," "," ","0",NA," "," "," "
"3205","USC00413787",1990,9,"PRCP",0,"P"," ","0",0,"P"," ","0",0,"P"," ","0",0,"P"," ","0",0,"P"," ","0",0,"P"," ","0",231," "," ","0",0,"P"," ","0",0,"P"," ","0",0,"P"," ","0",30," "," ","0",0,"P"," ","0",0,"P"," ","0",0,"P"," ","0",0,"P"," ","0",0,"P"," ","0",0,"P"," ","0",48," "," ","0",10," "," ","0",0,"P"," ","0",305," "," ","0",0,"P"," ","0",0,"P"," ","0",0,"P"," ","0",0,"P"," ","0",0,"P"," ","0",0,"P"," ","0",10," "," ","0",272," "," ","0",0,"P"," ","0",NA," "," "," "
"3206","USC00413787",1990,9,"SNOW",0,"P"," ","0",0,"P"," ","0",0,"P"," ","0",0,"P"," ","0",0,"P"," ","0",0,"P"," ","0",0,"P"," ","0",0,"P"," ","0",0,"P"," ","0",0,"P"," ","0",0,"P"," ","0",0,"P"," ","0",0,"P"," ","0",0,"P"," ","0",0,"P"," ","0",0,"P"," ","0",0,"P"," ","0",0,"P"," ","0",0,"P"," ","0",0,"P"," ","0",0,"P"," ","0",0,"P"," ","0",0,"P"," ","0",0,"P"," ","0",0,"P"," ","0",0,"P"," ","0",0,"P"," ","0",0,"P"," ","0",0,"P"," ","0",0,"P"," ","0",NA," "," "," "
"3207","USC00413787",1990,9,"SNWD",0," "," ","0",0,"P"," ","0",0,"P"," ","0",0,"P"," ","0",0,"P"," ","0",0,"P"," ","0",0,"P"," ","0",0,"P"," ","0",0,"P"," ","0",0,"P"," ","0",0,"P"," ","0",0,"P"," ","0",0,"P"," ","0",0,"P"," ","0",0,"P"," ","0",0,"P"," ","0",0,"P"," ","0",0,"P"," ","0",0,"P"," ","0",0,"P"," ","0",0,"P"," ","0",0,"P"," ","0",0,"P"," ","0",0,"P"," ","0",0,"P"," ","0",0,"P"," ","0",0,"P"," ","0",0,"P"," ","0",0,"P"," ","0",0,"P"," ","0",NA," "," "," "
"3208","USC00413787",1990,10,"TMAX",211," "," ","0",256," "," ","0",183," "," ","0",194," "," ","0",267," "," ","0",294," "," ","0",272," "," ","0",156," "," ","0",50," ","I","0",133," "," ","0",206," "," ","0",256," "," ","0",161," "," ","0",244," "," ","0",194," "," ","0",250," "," ","0",306," "," ","0",167," "," ","0",200," "," ","0",283," "," ","0",94," "," ","0",122," "," ","0",206," "," ","0",211," "," ","0",178," "," ","0",250," "," ","0",283," "," ","0",200," "," ","0",233," "," ","0",256," "," ","0",272," "," ","0"
"3209","USC00413787",1990,10,"TMIN",128," "," ","0",139," "," ","0",111," "," ","0",94," "," ","0",94," "," ","0",94," "," ","0",61," "," ","0",61," "," ","0",28," "," ","0",6," "," ","0",17," "," ","0",33," "," ","0",33," "," ","0",72," "," ","0",39," "," ","0",39," "," ","0",72," "," ","0",-11," "," ","0",-11," "," ","0",83," "," ","0",-17," "," ","0",0," "," ","0",0," "," ","0",44," "," ","0",39," "," ","0",39," "," ","0",44," "," ","0",17," "," ","0",56," "," ","0",50," "," ","0",50," "," ","0"
"3210","USC00413787",1990,10,"TOBS",139," "," ","0",172," "," ","0",111," "," ","0",94," "," ","0",144," "," ","0",144," "," ","0",61," "," ","0",67," "," ","0",28," "," ","0",17," "," ","0",61," "," ","0",33," "," ","0",72," "," ","0",78," "," ","0",39," "," ","0",194," "," ","0",78," "," ","0",-11," "," ","0",94," "," ","0",83," "," ","0",17," "," ","0",0," "," ","0",44," "," ","0",61," "," ","0",44," "," ","0",44," "," ","0",122," "," ","0",56," "," ","0",100," "," ","0",56," "," ","0",61," "," ","0"
"3211","USC00413787",1990,10,"PRCP",0,"P"," ","0",0,"P"," ","0",13," "," ","0",3," "," ","0",0,"P"," ","0",0,"P"," ","0",0,"P"," ","0",64," "," ","0",36," "," ","0",0,"P"," ","0",0,"P"," ","0",0,"P"," ","0",0,"P"," ","0",0,"P"," ","0",0,"P"," ","0",0,"P"," ","0",0,"P"," ","0",0,"P"," ","0",0,"P"," ","0",0,"P"," ","0",0,"P"," ","0",0,"P"," ","0",0,"P"," ","0",0,"P"," ","0",0,"P"," ","0",0,"P"," ","0",0,"P"," ","0",0,"P"," ","0",0,"P"," ","0",0,"P"," ","0",0,"P"," ","0"
"3212","USC00413787",1990,10,"SNOW",0,"P"," ","0",0,"P"," ","0",0,"P"," ","0",0,"P"," ","0",0,"P"," ","0",0,"P"," ","0",0,"P"," ","0",0,"P"," ","0",0,"P"," ","0",0,"P"," ","0",0,"P"," ","0",0,"P"," ","0",0,"P"," ","0",0,"P"," ","0",0,"P"," ","0",0,"P"," ","0",0,"P"," ","0",0,"P"," ","0",0,"P"," ","0",0,"P"," ","0",0,"P"," ","0",0,"P"," ","0",0,"P"," ","0",0,"P"," ","0",0,"P"," ","0",0,"P"," ","0",0,"P"," ","0",0,"P"," ","0",0,"P"," ","0",0,"P"," ","0",0,"P"," ","0"
"3213","USC00413787",1990,10,"SNWD",0," "," ","0",0,"P"," ","0",0,"P"," ","0",0,"P"," ","0",0,"P"," ","0",0,"P"," ","0",0,"P"," ","0",0,"P"," ","0",0,"P"," ","0",0,"P"," ","0",0,"P"," ","0",0,"P"," ","0",0,"P"," ","0",0,"P"," ","0",0,"P"," ","0",0,"P"," ","0",0,"P"," ","0",0,"P"," ","0",0,"P"," ","0",0,"P"," ","0",0,"P"," ","0",0,"P"," ","0",0,"P"," ","0",0,"P"," ","0",0,"P"," ","0",0,"P"," ","0",0,"P"," ","0",0,"P"," ","0",0,"P"," ","0",0,"P"," ","0",0,"P"," ","0"
"3214","USC00413787",1990,11,"TMAX",278," "," ","0",278," "," ","0",233," "," ","0",28," "," ","0",56," "," ","0",183," "," ","0",-39," ","I","0",0," "," ","0",94," "," ","0",156," "," ","0",211," "," ","0",239," "," ","0",239," "," ","0",228," "," ","0",239," "," ","0",239," "," ","0",122," "," ","0",150," "," ","0",211," "," ","0",228," "," ","0",200," "," ","0",172," "," ","0",172," "," ","0",200," "," ","0",278," "," ","0",261," "," ","0",228," "," ","0",56," "," ","0",94," "," ","0",128," "," ","0",NA," "," "," "
"3215","USC00413787",1990,11,"TMIN",61," "," ","0",72," "," ","0",22," "," ","0",-28," "," ","0",-22," "," ","0",-11," "," ","0",33," ","I","0",-28," "," ","0",-17," "," ","0",-11," "," ","0",6," "," ","0",17," "," ","0",22," "," ","0",28," "," ","0",56," "," ","0",33," "," ","0",17," "," ","0",11," "," ","0",22," "," ","0",33," "," ","0",78," "," ","0",-11," "," ","0",-6," "," ","0",6," "," ","0",11," "," ","0",72," "," ","0",-56," "," ","0",-78," "," ","0",-83," "," ","0",-78," "," ","0",NA," "," "," "
"3216","USC00413787",1990,11,"TOBS",83," "," ","0",139," "," ","0",22," "," ","0",-22," "," ","0",-11," "," ","0",33," "," ","0",-28," "," ","0",-6," "," ","0",-6," "," ","0",6," "," ","0",39," "," ","0",28," "," ","0",28," "," ","0",56," "," ","0",72," "," ","0",33," "," ","0",33," "," ","0",28," "," ","0",33," "," ","0",78," "," ","0",89," "," ","0",6," "," ","0",39," "," ","0",50," "," ","0",72," "," ","0",133," "," ","0",-50," "," ","0",-72," "," ","0",-78," "," ","0",6," "," ","0",NA," "," "," "
"3217","USC00413787",1990,11,"PRCP",0,"P"," ","0",0,"P"," ","0",89," "," ","0",107," "," ","0",5," "," ","0",0,"P"," ","0",0,"P"," ","0",0,"P"," ","0",0,"P"," ","0",0,"P"," ","0",0,"P"," ","0",0,"P"," ","0",0,"P"," ","0",0,"P"," ","0",0,"P"," ","0",0,"P"," ","0",0,"P"," ","0",0,"P"," ","0",0,"P"," ","0",0,"P"," ","0",0,"P"," ","0",0,"P"," ","0",0,"P"," ","0",0,"P"," ","0",0,"P"," ","0",0,"P"," ","0",0,"P"," ","0",0,"P"," ","0",0,"P"," ","0",0,"P"," ","0",NA," "," "," "
"3218","USC00413787",1990,11,"SNOW",0,"P"," ","0",0,"P"," ","0",0,"P"," ","0",NA," "," "," ",0,"P"," ","0",0,"P"," ","0",0,"P"," ","0",0,"P"," ","0",0,"P"," ","0",0,"P"," ","0",0,"P"," ","0",0,"P"," ","0",0,"P"," ","0",0,"P"," ","0",0,"P"," ","0",0,"P"," ","0",0,"P"," ","0",0,"P"," ","0",0,"P"," ","0",0,"P"," ","0",0,"P"," ","0",0,"P"," ","0",0,"P"," ","0",0,"P"," ","0",0,"P"," ","0",0,"P"," ","0",0,"P"," ","0",0,"P"," ","0",0,"P"," ","0",0,"P"," ","0",NA," "," "," "
"3219","USC00413787",1990,11,"SNWD",0," "," ","0",0,"P"," ","0",0,"P"," ","0",25," "," ","0",0," "," ","0",0,"P"," ","0",0,"P"," ","0",0,"P"," ","0",0,"P"," ","0",0,"P"," ","0",0,"P"," ","0",0,"P"," ","0",0,"P"," ","0",0,"P"," ","0",0,"P"," ","0",0,"P"," ","0",0,"P"," ","0",0,"P"," ","0",0,"P"," ","0",0,"P"," ","0",0,"P"," ","0",0,"P"," ","0",0,"P"," ","0",0,"P"," ","0",0,"P"," ","0",0,"P"," ","0",0,"P"," ","0",0,"P"," ","0",0,"P"," ","0",0,"P"," ","0",NA," "," "," "
"3220","USC00413787",1990,12,"TMAX",183," "," ","0",100," "," ","0",156," "," ","0",67," "," ","0",139," "," ","0",178," "," ","0",67," "," ","0",139," "," ","0",194," "," ","0",178," "," ","0",194," "," ","0",200," "," ","0",133," "," ","0",56," "," ","0",194," "," ","0",78," "," ","0",67," "," ","0",44," "," ","0",106," "," ","0",117," "," ","0",-117," "," ","0",-161," "," ","0",-167," "," ","0",-83," "," ","0",-11," "," ","0",-11," "," ","0",11," "," ","0",94," "," ","0",167," "," ","0",-139," "," ","0",-17," "," ","0"
"3221","USC00413787",1990,12,"TMIN",0," "," ","0",-67," "," ","0",-39," "," ","0",-78," "," ","0",-67," "," ","0",-17," "," ","0",-89," "," ","0",-78," "," ","0",-50," "," ","0",-22," "," ","0",-50," "," ","0",-44," "," ","0",6," "," ","0",-22," "," ","0",-61," "," ","0",-61," "," ","0",11," "," ","0",-44," "," ","0",-50," "," ","0",-133," "," ","0",-200," "," ","0",-211," "," ","0",-211," "," ","0",-189," "," ","0",-144," "," ","0",-94," "," ","0",-100," "," ","0",-94," "," ","0",-156," "," ","0",-189," "," ","0",-183," "," ","0"
"3222","USC00413787",1990,12,"TOBS",0," "," ","0",-33," "," ","0",-33," "," ","0",-67," "," ","0",-6," "," ","0",0," "," ","0",-78," "," ","0",-33," "," ","0",-6," "," ","0",-22," "," ","0",-44," "," ","0",67," "," ","0",17," "," ","0",0," "," ","0",-61," "," ","0",11," "," ","0",28," "," ","0",-28," "," ","0",-50," "," ","0",-133," "," ","0",-189," "," ","0",-211," "," ","0",-189," "," ","0",-111," "," ","0",-94," "," ","0",-83," "," ","0",-94," "," ","0",61," "," ","0",-150," "," ","0",-183," "," ","0",-150," "," ","0"
"3223","USC00413787",1990,12,"PRCP",0,"P"," ","0",0,"P"," ","0",0,"P"," ","0",0,"P"," ","0",0,"P"," ","0",0,"P"," ","0",0,"P"," ","0",0,"P"," ","0",0,"P"," ","0",0,"P"," ","0",0,"P"," ","0",0,"P"," ","0",0,"P"," ","0",0,"P"," ","0",0,"P"," ","0",15," "," ","0",76," "," ","0",0,"P"," ","0",0,"P"," ","0",0,"T"," ","0",5," "," ","0",5," "," ","0",0,"T"," ","0",0,"P"," ","0",0,"P"," ","0",0,"P"," ","0",0,"P"," ","0",0,"P"," ","0",0,"T"," ","0",3," "," ","0",0,"P"," ","0"
"3224","USC00413787",1990,12,"SNOW",0,"P"," ","0",0,"P"," ","0",0,"P"," ","0",0,"P"," ","0",0,"P"," ","0",0,"P"," ","0",0,"P"," ","0",0,"P"," ","0",0,"P"," ","0",0,"P"," ","0",0,"P"," ","0",0,"P"," ","0",0,"P"," ","0",0,"P"," ","0",0,"P"," ","0",0,"P"," ","0",0,"P"," ","0",0,"P"," ","0",0,"P"," ","0",0,"P"," ","0",NA," "," "," ",NA," "," "," ",NA," "," "," ",0,"P"," ","0",0,"P"," ","0",0,"P"," ","0",0,"P"," ","0",0,"P"," ","0",0,"P"," ","0",NA," "," "," ",0,"P"," ","0"
"3225","USC00413787",1990,12,"SNWD",0," "," ","0",0,"P"," ","0",0,"P"," ","0",0,"P"," ","0",0,"P"," ","0",0,"P"," ","0",0,"P"," ","0",0,"P"," ","0",0,"P"," ","0",0,"P"," ","0",0,"P"," ","0",0,"P"," ","0",0,"P"," ","0",0,"P"," ","0",0,"P"," ","0",0,"P"," ","0",0,"P"," ","0",0,"P"," ","0",0,"P"," ","0",0,"P"," ","0",NA," "," "," ",NA," "," "," ",NA," "," "," ",NA," "," "," ",NA," "," "," ",NA," "," "," ",NA," "," "," ",NA," "," "," ",NA," "," "," ",NA," "," "," ",NA," "," "," "
"3226","USC00413787",1990,12,"WT11",NA," "," "," ",NA," "," "," ",1," "," ","0",NA," "," "," ",NA," "," "," ",NA," "," "," ",NA," "," "," ",NA," "," "," ",NA," "," "," ",NA," "," "," ",NA," "," "," ",NA," "," "," ",NA," "," "," ",NA," "," "," ",NA," "," "," ",NA," "," "," ",NA," "," "," ",NA," "," "," ",NA," "," "," ",NA," "," "," ",NA," "," "," ",NA," "," "," ",NA," "," "," ",NA," "," "," ",NA," "," "," ",NA," "," "," ",NA," "," "," ",NA," "," "," ",NA," "," "," ",NA," "," "," ",NA," "," "," "
"3227","USC00413787",1991,1,"TMAX",89," "," ","0",156," "," ","0",-56," "," ","0",-78," "," ","0",6," "," ","0",11," "," ","0",11," "," ","0",11," "," ","0",6," "," ","0",-22," "," ","0",0," "," ","0",28," "," ","0",39," "," ","0",111," "," ","0",61," "," ","0",100," "," ","0",94," "," ","0",100," "," ","0",156," "," ","0",17," "," ","0",-6," "," ","0",28," "," ","0",83," "," ","0",72," "," ","0",72," "," ","0",-17," "," ","0",50," "," ","0",72," "," ","0",139," "," ","0",-67," "," ","0",89," "," ","0"
"3228","USC00413787",1991,1,"TMIN",-150," "," ","0",-67," "," ","0",-117," "," ","0",-111," "," ","0",-83," "," ","0",-67," "," ","0",-78," "," ","0",-78," "," ","0",-61," "," ","0",-56," "," ","0",-56," "," ","0",-72," "," ","0",-72," "," ","0",-11," "," ","0",-22," "," ","0",-33," "," ","0",-44," "," ","0",-33," "," ","0",-67," "," ","0",-72," "," ","0",-78," "," ","0",-67," "," ","0",-67," "," ","0",-61," "," ","0",-39," "," ","0",-106," "," ","0",-78," "," ","0",-83," "," ","0",-106," "," ","0",-133," "," ","0",-128," "," ","0"
"3229","USC00413787",1991,1,"TOBS",-67," "," ","0",-61," "," ","0",-111," "," ","0",-83," "," ","0",-56," "," ","0",-67," "," ","0",-78," "," ","0",-44," "," ","0",-33," "," ","0",-50," "," ","0",-44," "," ","0",-67," "," ","0",-6," "," ","0",17," "," ","0",-22," "," ","0",-28," "," ","0",-33," "," ","0",-28," "," ","0",-67," "," ","0",-67," "," ","0",-61," "," ","0",-67," "," ","0",-56," "," ","0",-39," "," ","0",-28," "," ","0",-78," "," ","0",-17," "," ","0",-83," "," ","0",-106," "," ","0",-128," "," ","0",-67," "," ","0"
"3230","USC00413787",1991,1,"PRCP",0,"P"," ","0",0,"P"," ","0",0,"T"," ","0",0,"P"," ","0",0,"T"," ","0",0,"P"," ","0",0,"P"," ","0",0,"P"," ","0",0,"P"," ","0",150," "," ","0",0,"P"," ","0",0,"P"," ","0",0,"P"," ","0",0,"P"," ","0",0,"P"," ","0",0,"P"," ","0",0,"P"," ","0",0,"P"," ","0",0,"T"," ","0",0,"P"," ","0",0,"P"," ","0",0,"P"," ","0",0,"P"," ","0",0,"P"," ","0",0,"P"," ","0",0,"P"," ","0",0,"P"," ","0",0,"P"," ","0",0,"T"," ","0",0,"P"," ","0",0,"P"," ","0"
"3231","USC00413787",1991,1,"SNOW",0,"P"," ","0",0,"P"," ","0",0,"T"," ","0",0,"P"," ","0",0,"T"," ","0",0,"P"," ","0",0,"P"," ","0",0,"P"," ","0",0,"P"," ","0",NA," "," "," ",0,"P"," ","0",0,"P"," ","0",0,"P"," ","0",0,"P"," ","0",0,"P"," ","0",0,"P"," ","0",0,"P"," ","0",0," "," ","0",0,"T"," ","0",0,"P"," ","0",0,"P"," ","0",0,"P"," ","0",0,"P"," ","0",0,"P"," ","0",0,"P"," ","0",0,"P"," ","0",0,"P"," ","0",0," "," ","0",0,"T"," ","0",0,"P"," ","0",0,"P"," ","0"
"3232","USC00413787",1991,1,"SNWD",0," "," ","0",0,"P"," ","0",0,"T"," ","0",0,"P"," ","0",0,"P"," ","0",0,"P"," ","0",0,"P"," ","0",0,"P"," ","0",0,"P"," ","0",NA," "," "," ",0,"P"," ","0",0,"P"," ","0",0,"P"," ","0",0,"P"," ","0",0,"P"," ","0",0,"P"," ","0",0,"P"," ","0",0,"P"," ","0",0,"P"," ","0",0,"P"," ","0",0,"P"," ","0",0,"P"," ","0",0,"P"," ","0",0,"P"," ","0",0,"P"," ","0",0,"P"," ","0",0,"P"," ","0",0,"P"," ","0",0,"P"," ","0",0,"P"," ","0",0,"P"," ","0"
"3233","USC00413787",1991,1,"WT01",NA," "," "," ",1," "," ","0",NA," "," "," ",NA," "," "," ",NA," "," "," ",NA," "," "," ",NA," "," "," ",NA," "," "," ",NA," "," "," ",NA," "," "," ",NA," "," "," ",NA," "," "," ",NA," "," "," ",NA," "," "," ",NA," "," "," ",NA," "," "," ",NA," "," "," ",NA," "," "," ",NA," "," "," ",NA," "," "," ",NA," "," "," ",NA," "," "," ",NA," "," "," ",NA," "," "," ",NA," "," "," ",NA," "," "," ",NA," "," "," ",NA," "," "," ",NA," "," "," ",NA," "," "," ",NA," "," "," "
"3234","USC00413787",1991,2,"TMAX",167," "," ","0",194," "," ","0",172," "," ","0",189," "," ","0",150," "," ","0",144," "," ","0",167," "," ","0",144," "," ","0",178," "," ","0",167," "," ","0",156," "," ","0",211," "," ","0",217," "," ","0",156," "," ","0",150," "," ","0",100," "," ","0",239," "," ","0",222," "," ","0",106," "," ","0",100," "," ","0",189," "," ","0",200," "," ","0",167," "," ","0",183," "," ","0",94," "," ","0",100," "," ","0",117," "," ","0",194," "," ","0",NA," "," "," ",NA," "," "," ",NA," "," "," "
"3235","USC00413787",1991,2,"TMIN",-67," "," ","0",-33," "," ","0",-22," "," ","0",6," "," ","0",-33," "," ","0",-44," "," ","0",-44," "," ","0",-33," "," ","0",-22," "," ","0",-44," "," ","0",-11," "," ","0",-11," "," ","0",-6," "," ","0",-33," "," ","0",-83," "," ","0",-83," "," ","0",17," "," ","0",6," "," ","0",-56," "," ","0",-50," "," ","0",-28," "," ","0",0," "," ","0",6," "," ","0",-6," "," ","0",-83," "," ","0",-67," "," ","0",-50," "," ","0",-17," "," ","0",NA," "," "," ",NA," "," "," ",NA," "," "," "
"3236","USC00413787",1991,2,"TOBS",-33," "," ","0",-22," "," ","0",17," "," ","0",17," "," ","0",-22," "," ","0",-44," "," ","0",-22," "," ","0",-22," "," ","0",-6," "," ","0",-11," "," ","0",-6," "," ","0",-6," "," ","0",39," "," ","0",6," "," ","0",-83," "," ","0",28," "," ","0",100," "," ","0",11," "," ","0",-50," "," ","0",-28," "," ","0",0," "," ","0",11," "," ","0",83," "," ","0",11," "," ","0",-67," "," ","0",-50," "," ","0",-17," "," ","0",17," "," ","0",NA," "," "," ",NA," "," "," ",NA," "," "," "
"3237","USC00413787",1991,2,"PRCP",0,"P"," ","0",0,"P"," ","0",0,"P"," ","0",0,"P"," ","0",0,"P"," ","0",0,"P"," ","0",0,"P"," ","0",0,"P"," ","0",0,"P"," ","0",0,"P"," ","0",0,"P"," ","0",0,"P"," ","0",0,"P"," ","0",0,"P"," ","0",0,"P"," ","0",0,"P"," ","0",0,"P"," ","0",0,"P"," ","0",0,"P"," ","0",0,"P"," ","0",0,"P"," ","0",0,"P"," ","0",0,"P"," ","0",0,"P"," ","0",0,"P"," ","0",0,"P"," ","0",0,"P"," ","0",0,"P"," ","0",NA," "," "," ",NA," "," "," ",NA," "," "," "
"3238","USC00413787",1991,2,"SNOW",0,"P"," ","0",0,"P"," ","0",0,"P"," ","0",0,"P"," ","0",0,"P"," ","0",0,"P"," ","0",0,"P"," ","0",0,"P"," ","0",0,"P"," ","0",0,"P"," ","0",0,"P"," ","0",0,"P"," ","0",0,"P"," ","0",0,"P"," ","0",0,"P"," ","0",0,"P"," ","0",0,"P"," ","0",0,"P"," ","0",0,"P"," ","0",0,"P"," ","0",0,"P"," ","0",0,"P"," ","0",0,"P"," ","0",0,"P"," ","0",0,"P"," ","0",0,"P"," ","0",0,"P"," ","0",0,"P"," ","0",NA," "," "," ",NA," "," "," ",NA," "," "," "
"3239","USC00413787",1991,2,"SNWD",0," "," ","0",0,"P"," ","0",0,"P"," ","0",0,"P"," ","0",0,"P"," ","0",0,"P"," ","0",0,"P"," ","0",0,"P"," ","0",0,"P"," ","0",0,"P"," ","0",0,"P"," ","0",0,"P"," ","0",0,"P"," ","0",0,"P"," ","0",0,"P"," ","0",0,"P"," ","0",0,"P"," ","0",0,"P"," ","0",0,"P"," ","0",0,"P"," ","0",0,"P"," ","0",0,"P"," ","0",0,"P"," ","0",0,"P"," ","0",0,"P"," ","0",0,"P"," ","0",0,"P"," ","0",0,"P"," ","0",NA," "," "," ",NA," "," "," ",NA," "," "," "
"3240","USC00413787",1991,3,"TMAX",194," "," ","0",222," "," ","0",11," "," ","0",211," "," ","0",250," "," ","0",283," "," ","0",NA," "," "," ",111," "," ","0",150," "," ","0",150," "," ","0",217," "," ","0",239," "," ","0",139," "," ","0",144," "," ","0",78," "," ","0",117," "," ","0",117," "," ","0",139," "," ","0",228," "," ","0",183," "," ","0",211," "," ","0",200," "," ","0",161," "," ","0",200," "," ","0",261," "," ","0",267," "," ","0",289," "," ","0",167," "," ","0",72," "," ","0",128," "," ","0",67," "," ","0"
"3241","USC00413787",1991,3,"TMIN",17," "," ","0",-50," "," ","0",-67," "," ","0",-33," "," ","0",44," "," ","0",22," "," ","0",NA," "," "," ",-44," "," ","0",-22," "," ","0",-28," "," ","0",50," "," ","0",50," "," ","0",-28," "," ","0",-72," "," ","0",-56," "," ","0",0," "," ","0",-6," "," ","0",-17," "," ","0",11," "," ","0",44," "," ","0",11," "," ","0",22," "," ","0",-17," "," ","0",22," "," ","0",50," "," ","0",56," "," ","0",72," "," ","0",61," "," ","0",-6," "," ","0",-22," "," ","0",-22," "," ","0"
"3242","USC00413787",1991,3,"TOBS",72," "," ","0",-50," "," ","0",-33," "," ","0",44," "," ","0",117," "," ","0",28," "," ","0",NA," "," "," ",6," "," ","0",0," "," ","0",72," "," ","0",56," "," ","0",56," "," ","0",6," "," ","0",-56," "," ","0",6," "," ","0",28," "," ","0",28," "," ","0",11," "," ","0",44," "," ","0",78," "," ","0",56," "," ","0",50," "," ","0",50," "," ","0",50," "," ","0",100," "," ","0",83," "," ","0",72," "," ","0",67," "," ","0",11," "," ","0",-22," "," ","0",67," "," ","0"
"3243","USC00413787",1991,3,"PRCP",0,"P"," ","0",0,"P"," ","0",0,"P"," ","0",0,"P"," ","0",0,"P"," ","0",0,"P"," ","0",0," "," ","0",0,"P"," ","0",0,"P"," ","0",0,"P"," ","0",0,"P"," ","0",0,"P"," ","0",0,"P"," ","0",0,"P"," ","0",3," "," ","0",0,"T"," ","0",25," "," ","0",0,"P"," ","0",0,"P"," ","0",0,"P"," ","0",0,"P"," ","0",0,"P"," ","0",0,"P"," ","0",0,"P"," ","0",0,"P"," ","0",0,"P"," ","0",0,"P"," ","0",155," "," ","0",0,"P"," ","0",3," "," ","0",3," "," ","0"
"3244","USC00413787",1991,3,"SNOW",0,"P"," ","0",0,"P"," ","0",0,"P"," ","0",0,"P"," ","0",0,"P"," ","0",0,"P"," ","0",0,"P"," ","0",0,"P"," ","0",0,"P"," ","0",0,"P"," ","0",0,"P"," ","0",0,"P"," ","0",0,"P"," ","0",0,"P"," ","0",0,"P"," ","0",0,"P"," ","0",0,"P"," ","0",0,"P"," ","0",0,"P"," ","0",0,"P"," ","0",0,"P"," ","0",0,"P"," ","0",0,"P"," ","0",0,"P"," ","0",0,"P"," ","0",0,"P"," ","0",0,"P"," ","0",0,"P"," ","0",0,"P"," ","0",0,"P"," ","0",0,"P"," ","0"
"3245","USC00413787",1991,3,"SNWD",0," "," ","0",0,"P"," ","0",0,"P"," ","0",0,"P"," ","0",0,"P"," ","0",0,"P"," ","0",0,"P"," ","0",0,"P"," ","0",0,"P"," ","0",0,"P"," ","0",0,"P"," ","0",0,"P"," ","0",0,"P"," ","0",0,"P"," ","0",0,"P"," ","0",0,"P"," ","0",0,"P"," ","0",0,"P"," ","0",0,"P"," ","0",0,"P"," ","0",0,"P"," ","0",0,"P"," ","0",0,"P"," ","0",0,"P"," ","0",0,"P"," ","0",0,"P"," ","0",0,"P"," ","0",0,"P"," ","0",0,"P"," ","0",0,"P"," ","0",0,"P"," ","0"
"3246","USC00413787",1991,3,"WT11",NA," "," "," ",NA," "," "," ",NA," "," "," ",NA," "," "," ",1," "," ","0",NA," "," "," ",NA," "," "," ",NA," "," "," ",NA," "," "," ",NA," "," "," ",1," "," ","0",NA," "," "," ",NA," "," "," ",NA," "," "," ",NA," "," "," ",NA," "," "," ",NA," "," "," ",NA," "," "," ",NA," "," "," ",NA," "," "," ",NA," "," "," ",NA," "," "," ",NA," "," "," ",NA," "," "," ",NA," "," "," ",NA," "," "," ",1," "," ","0",NA," "," "," ",NA," "," "," ",NA," "," "," ",NA," "," "," "
"3247","USC00413787",1991,4,"TMAX",194," "," ","0",228," "," ","0",200," "," ","0",183," "," ","0",211," "," ","0",272," "," ","0",267," "," ","0",300," "," ","0",NA," "," "," ",222," "," ","0",233," "," ","0",294," "," ","0",267," "," ","0",178," "," ","0",172," "," ","0",267," "," ","0",267," "," ","0",189," "," ","0",183," "," ","0",183," "," ","0",156," "," ","0",250," "," ","0",194," "," ","0",206," "," ","0",211," "," ","0",289," "," ","0",239," "," ","0",228," "," ","0",178," "," ","0",194," "," ","0",NA," "," "," "
"3248","USC00413787",1991,4,"TMIN",17," "," ","0",67," "," ","0",50," "," ","0",56," "," ","0",56," "," ","0",78," "," ","0",100," "," ","0",78," "," ","0",50," "," ","0",11," "," ","0",67," "," ","0",50," "," ","0",28," "," ","0",28," "," ","0",44," "," ","0",94," "," ","0",56," "," ","0",50," "," ","0",78," "," ","0",39," "," ","0",39," "," ","0",56," "," ","0",50," "," ","0",78," "," ","0",89," "," ","0",89," "," ","0",11," "," ","0",39," "," ","0",39," "," ","0",28," "," ","0",NA," "," "," "
"3249","USC00413787",1991,4,"TOBS",67," "," ","0",111," "," ","0",89," "," ","0",133," "," ","0",NA," "," "," ",117," "," ","0",161," "," ","0",78," "," ","0",61," "," ","0",67," "," ","0",128," "," ","0",56," "," ","0",28," "," ","0",67," "," ","0",94," "," ","0",111," "," ","0",56," "," ","0",78," "," ","0",83," "," ","0",44," "," ","0",94," "," ","0",56," "," ","0",83," "," ","0",94," "," ","0",100," "," ","0",100," "," ","0",39," "," ","0",106," "," ","0",106," "," ","0",50," "," ","0",NA," "," "," "
"3250","USC00413787",1991,4,"PRCP",0,"P"," ","0",0,"P"," ","0",0,"P"," ","0",0,"P"," ","0",0,"P"," ","0",0,"P"," ","0",0,"P"," ","0",0,"P"," ","0",0," "," ","0",0,"P"," ","0",0,"P"," ","0",0,"P"," ","0",0,"P"," ","0",0,"P"," ","0",0,"P"," ","0",0,"P"," ","0",0,"P"," ","0",0,"P"," ","0",8," "," ","0",0,"T"," ","0",0,"P"," ","0",0,"P"," ","0",0,"P"," ","0",20," "," ","0",0,"P"," ","0",0,"P"," ","0",0,"P"," ","0",0,"P"," ","0",0,"P"," ","0",0,"P"," ","0",NA," "," "," "
"3251","USC00413787",1991,4,"SNOW",0,"P"," ","0",0,"P"," ","0",0,"P"," ","0",0,"P"," ","0",0,"P"," ","0",0,"P"," ","0",0,"P"," ","0",0,"P"," ","0",0,"P"," ","0",0,"P"," ","0",0,"P"," ","0",0,"P"," ","0",0,"P"," ","0",0,"P"," ","0",0,"P"," ","0",0,"P"," ","0",0,"P"," ","0",0,"P"," ","0",0,"P"," ","0",0,"P"," ","0",0,"P"," ","0",0,"P"," ","0",0,"P"," ","0",0,"P"," ","0",0,"P"," ","0",0,"P"," ","0",0,"P"," ","0",0,"P"," ","0",0,"P"," ","0",0,"P"," ","0",NA," "," "," "
"3252","USC00413787",1991,4,"SNWD",0," "," ","0",0,"P"," ","0",0,"P"," ","0",0,"P"," ","0",0,"P"," ","0",0,"P"," ","0",0,"P"," ","0",0,"P"," ","0",0,"P"," ","0",0,"P"," ","0",0,"P"," ","0",0,"P"," ","0",0,"P"," ","0",0,"P"," ","0",0,"P"," ","0",0,"P"," ","0",0,"P"," ","0",0,"P"," ","0",0,"P"," ","0",0,"P"," ","0",0,"P"," ","0",0,"P"," ","0",0,"P"," ","0",0,"P"," ","0",0,"P"," ","0",0,"P"," ","0",0,"P"," ","0",0,"P"," ","0",0,"P"," ","0",0,"P"," ","0",NA," "," "," "
"3253","USC00413787",1991,5,"TMAX",178," "," ","0",233," "," ","0",244," "," ","0",267," "," ","0",117," "," ","0",172," "," ","0",272," "," ","0",200," "," ","0",244," "," ","0",283," "," ","0",244," "," ","0",278," "," ","0",328," "," ","0",322," "," ","0",300," "," ","0",300," "," ","0",267," "," ","0",278," "," ","0",317," "," ","0",300," "," ","0",278," "," ","0",239," "," ","0",256," "," ","0",261," "," ","0",256," "," ","0",289," "," ","0",333," "," ","0",344," "," ","0",311," "," ","0",294," "," ","0",322," "," ","0"
"3254","USC00413787",1991,5,"TMIN",-17," "," ","0",17," "," ","0",89," "," ","0",72," "," ","0",22," "," ","0",50," "," ","0",94," "," ","0",56," "," ","0",72," "," ","0",133," "," ","0",144," "," ","0",178," "," ","0",106," "," ","0",139," "," ","0",150," "," ","0",106," "," ","0",111," "," ","0",128," "," ","0",156," "," ","0",156," "," ","0",167," "," ","0",133," "," ","0",144," "," ","0",117," "," ","0",117," "," ","0",156," "," ","0",156," "," ","0",156," "," ","0",144," "," ","0",156," "," ","0",150," "," ","0"
"3255","USC00413787",1991,5,"TOBS",17," "," ","0",122," "," ","0",89," "," ","0",100," "," ","0",67," "," ","0",94," "," ","0",122," "," ","0",72," "," ","0",133," "," ","0",172," "," ","0",194," "," ","0",194," "," ","0",139," "," ","0",150," "," ","0",172," "," ","0",228," "," ","0",133," "," ","0",189," "," ","0",189," "," ","0",172," "," ","0",183," "," ","0",144," "," ","0",178," "," ","0",128," "," ","0",156," "," ","0",239," "," ","0",222," "," ","0",194," "," ","0",156," "," ","0",194," "," ","0",178," "," ","0"
"3256","USC00413787",1991,5,"PRCP",0,"P"," ","0",173," "," ","0",0,"P"," ","0",0,"T"," ","0",0,"P"," ","0",0,"P"," ","0",0,"P"," ","0",0,"T"," ","0",0,"P"," ","0",0,"P"," ","0",0,"P"," ","0",0,"P"," ","0",0,"P"," ","0",0,"P"," ","0",0,"P"," ","0",0,"P"," ","0",0,"P"," ","0",0,"P"," ","0",0,"P"," ","0",0,"P"," ","0",0,"P"," ","0",790," "," ","0",38," "," ","0",109," "," ","0",79," "," ","0",0,"P"," ","0",0,"P"," ","0",0,"P"," ","0",142," "," ","0",64," "," ","0",0,"P"," ","0"
"3257","USC00413787",1991,5,"SNOW",0,"P"," ","0",0,"P"," ","0",0,"P"," ","0",0,"P"," ","0",0,"P"," ","0",0,"P"," ","0",0,"P"," ","0",0,"P"," ","0",0,"P"," ","0",0,"P"," ","0",0,"P"," ","0",0,"P"," ","0",0,"P"," ","0",0,"P"," ","0",0,"P"," ","0",0,"P"," ","0",0,"P"," ","0",0,"P"," ","0",0,"P"," ","0",0,"P"," ","0",0,"P"," ","0",0,"P"," ","0",0,"P"," ","0",0,"P"," ","0",0,"P"," ","0",0,"P"," ","0",0,"P"," ","0",0,"P"," ","0",0,"P"," ","0",0,"P"," ","0",0,"P"," ","0"
"3258","USC00413787",1991,5,"SNWD",0," "," ","0",0,"P"," ","0",0,"P"," ","0",0,"P"," ","0",0,"P"," ","0",0,"P"," ","0",0,"P"," ","0",0,"P"," ","0",0,"P"," ","0",0,"P"," ","0",0,"P"," ","0",0,"P"," ","0",0,"P"," ","0",0,"P"," ","0",0,"P"," ","0",0,"P"," ","0",0,"P"," ","0",0,"P"," ","0",0,"P"," ","0",0,"P"," ","0",0,"P"," ","0",0,"P"," ","0",0,"P"," ","0",0,"P"," ","0",0,"P"," ","0",0,"P"," ","0",0,"P"," ","0",0,"P"," ","0",0,"P"," ","0",0,"P"," ","0",0,"P"," ","0"
"3259","USC00413787",1991,6,"TMAX",322," "," ","0",194," "," ","0",217," "," ","0",278," "," ","0",306," "," ","0",317," "," ","0",317," "," ","0",317," "," ","0",289," "," ","0",283," "," ","0",278," "," ","0",278," "," ","0",306," "," ","0",328," "," ","0",333," "," ","0",289," "," ","0",311," "," ","0",339," "," ","0",339," "," ","0",NA," "," "," ",172," ","I","0",311," "," ","0",283," "," ","0",272," "," ","0",311," "," ","0",350," "," ","0",333," "," ","0",333," "," ","0",333," "," ","0",333," "," ","0",NA," "," "," "
"3260","USC00413787",1991,6,"TMIN",150," "," ","0",133," "," ","0",128," "," ","0",139," "," ","0",156," "," ","0",156," "," ","0",128," "," ","0",128," "," ","0",167," "," ","0",167," "," ","0",150," "," ","0",150," "," ","0",183," "," ","0",156," "," ","0",161," "," ","0",133," "," ","0",161," "," ","0",161," "," ","0",167," "," ","0",NA," "," "," ",306," ","I","0",150," "," ","0",172," "," ","0",156," "," ","0",156," "," ","0",189," "," ","0",194," "," ","0",189," "," ","0",206," "," ","0",206," "," ","0",NA," "," "," "
"3261","USC00413787",1991,6,"TOBS",150," "," ","0",161," "," ","0",156," "," ","0",156," "," ","0",194," "," ","0",161," "," ","0",144," "," ","0",189," "," ","0",189," "," ","0",167," "," ","0",167," "," ","0",194," "," ","0",194," "," ","0",194," "," ","0",189," "," ","0",189," "," ","0",189," "," ","0",206," "," ","0",167," "," ","0",NA," "," "," ",222," ","I","0",178," "," ","0",194," "," ","0",194," "," ","0",217," "," ","0",206," "," ","0",211," "," ","0",206," "," ","0",228," "," ","0",222," "," ","0",NA," "," "," "
"3262","USC00413787",1991,6,"PRCP",46," "," ","0",145," "," ","0",0,"P"," ","0",0,"P"," ","0",0,"P"," ","0",53," "," ","0",140," "," ","0",0,"P"," ","0",0,"P"," ","0",0,"P"," ","0",56," "," ","0",0,"P"," ","0",0,"P"," ","0",0,"P"," ","0",0,"P"," ","0",0,"P"," ","0",86," "," ","0",0,"P"," ","0",28," "," ","0",168," "," ","0",0,"P"," ","0",320," "," ","0",0,"P"," ","0",0,"P"," ","0",0,"P"," ","0",0,"P"," ","0",0,"P"," ","0",0,"P"," ","0",0,"P"," ","0",0,"P"," ","0",NA," "," "," "
"3263","USC00413787",1991,6,"SNOW",0,"P"," ","0",0,"P"," ","0",0,"P"," ","0",0,"P"," ","0",0,"P"," ","0",0,"P"," ","0",0,"P"," ","0",0,"P"," ","0",0,"P"," ","0",0,"P"," ","0",0,"P"," ","0",0,"P"," ","0",0,"P"," ","0",0,"P"," ","0",0,"P"," ","0",0,"P"," ","0",0,"P"," ","0",0,"P"," ","0",0,"P"," ","0",0,"P"," ","0",0,"P"," ","0",0,"P"," ","0",0,"P"," ","0",0,"P"," ","0",0,"P"," ","0",0,"P"," ","0",0,"P"," ","0",0,"P"," ","0",0,"P"," ","0",0,"P"," ","0",NA," "," "," "
"3264","USC00413787",1991,6,"SNWD",0," "," ","0",0,"P"," ","0",0,"P"," ","0",0,"P"," ","0",0,"P"," ","0",0,"P"," ","0",0,"P"," ","0",0,"P"," ","0",0,"P"," ","0",0,"P"," ","0",0,"P"," ","0",0,"P"," ","0",0,"P"," ","0",0,"P"," ","0",0,"P"," ","0",0,"P"," ","0",0,"P"," ","0",0,"P"," ","0",0,"P"," ","0",0,"P"," ","0",0,"P"," ","0",0,"P"," ","0",0,"P"," ","0",0,"P"," ","0",0,"P"," ","0",0,"P"," ","0",0,"P"," ","0",0,"P"," ","0",0,"P"," ","0",0,"P"," ","0",NA," "," "," "
"3265","USC00413787",1991,7,"TMAX",328," "," ","0",339," "," ","0",322," "," ","0",300," "," ","0",350," "," ","0",361," "," ","0",367," "," ","0",372," "," ","0",372," "," ","0",361," "," ","0",372," "," ","0",339," "," ","0",289," "," ","0",217," "," ","0",228," "," ","0",300," "," ","0",322," "," ","0",333," "," ","0",350," "," ","0",350," "," ","0",339," "," ","0",NA," "," "," ",339," "," ","0",322," "," ","0",183," "," ","0",261," "," ","0",317," "," ","0",333," "," ","0",333," "," ","0",NA," "," "," ",344," "," ","0"
"3266","USC00413787",1991,7,"TMIN",194," "," ","0",194," "," ","0",178," "," ","0",156," "," ","0",178," "," ","0",183," "," ","0",183," "," ","0",178," "," ","0",178," "," ","0",206," "," ","0",200," "," ","0",172," "," ","0",178," "," ","0",178," "," ","0",172," "," ","0",172," "," ","0",172," "," ","0",189," "," ","0",189," "," ","0",194," "," ","0",194," "," ","0",NA," "," "," ",178," "," ","0",156," "," ","0",150," "," ","0",150," "," ","0",167," "," ","0",167," "," ","0",167," "," ","0",NA," "," "," ",178," "," ","0"
"3267","USC00413787",1991,7,"TOBS",222," "," ","0",228," "," ","0",189," "," ","0",183," "," ","0",183," "," ","0",183," "," ","0",306," "," ","0",200," "," ","0",217," "," ","0",228," "," ","0",211," "," ","0",194," "," ","0",178," "," ","0",183," "," ","0",183," "," ","0",200," "," ","0",200," "," ","0",206," "," ","0",200," "," ","0",233," "," ","0",233," "," ","0",NA," "," "," ",183," "," ","0",156," "," ","0",167," "," ","0",189," "," ","0",211," "," ","0",167," "," ","0",206," "," ","0",NA," "," "," ",189," "," ","0"
"3268","USC00413787",1991,7,"PRCP",0,"P"," ","0",0,"T"," ","0",10," "," ","0",0,"P"," ","0",0,"P"," ","0",0,"P"," ","0",0,"P"," ","0",0,"P"," ","0",0,"P"," ","0",0,"P"," ","0",5," "," ","0",394," "," ","0",18," "," ","0",69," "," ","0",119," "," ","0",0,"P"," ","0",0,"P"," ","0",0,"P"," ","0",0,"P"," ","0",0,"P"," ","0",0,"P"," ","0",0," "," ","0",0,"P"," ","0",10," "," ","0",0,"T"," ","0",79," "," ","0",0,"P"," ","0",0,"P"," ","0",0,"P"," ","0",0," "," ","0",0,"P"," ","0"
"3269","USC00413787",1991,7,"SNOW",0,"P"," ","0",0,"P"," ","0",0,"P"," ","0",0,"P"," ","0",0,"P"," ","0",0,"P"," ","0",0,"P"," ","0",0,"P"," ","0",0,"P"," ","0",0,"P"," ","0",0,"P"," ","0",0,"P"," ","0",0,"P"," ","0",0,"P"," ","0",0,"P"," ","0",0,"P"," ","0",0,"P"," ","0",0,"P"," ","0",0,"P"," ","0",0,"P"," ","0",0,"P"," ","0",0,"P"," ","0",0,"P"," ","0",0,"P"," ","0",0,"P"," ","0",0,"P"," ","0",0,"P"," ","0",0,"P"," ","0",0,"P"," ","0",0,"P"," ","0",0,"P"," ","0"
"3270","USC00413787",1991,7,"SNWD",0," "," ","0",0,"P"," ","0",0,"P"," ","0",0,"P"," ","0",0,"P"," ","0",0,"P"," ","0",0,"P"," ","0",0,"P"," ","0",0,"P"," ","0",0,"P"," ","0",0,"P"," ","0",0,"P"," ","0",0,"P"," ","0",0,"P"," ","0",0,"P"," ","0",0,"P"," ","0",0,"P"," ","0",0,"P"," ","0",0,"P"," ","0",0,"P"," ","0",0,"P"," ","0",0,"P"," ","0",0,"P"," ","0",0,"P"," ","0",0,"P"," ","0",0,"P"," ","0",0,"P"," ","0",0,"P"," ","0",0,"P"," ","0",0,"P"," ","0",0,"P"," ","0"
"3271","USC00413787",1991,8,"TMAX",356," "," ","0",356," "," ","0",356," "," ","0",300," "," ","0",300," "," ","0",339," "," ","0",328," "," ","0",328," "," ","0",344," "," ","0",289," "," ","0",283," "," ","0",278," "," ","0",294," "," ","0",200," "," ","0",278," "," ","0",317," "," ","0",361," "," ","0",328," "," ","0",300," "," ","0",NA," "," "," ",NA," "," "," ",NA," "," "," ",344," "," ","0",328," "," ","0",322," "," ","0",322," "," ","0",322," "," ","0",339," "," ","0",339," "," ","0",322," "," ","0",322," "," ","0"
"3272","USC00413787",1991,8,"TMIN",189," "," ","0",189," "," ","0",194," "," ","0",172," "," ","0",178," "," ","0",183," "," ","0",194," "," ","0",183," "," ","0",167," "," ","0",156," "," ","0",156," "," ","0",178," "," ","0",167," "," ","0",106," "," ","0",128," "," ","0",178," "," ","0",183," "," ","0",178," "," ","0",161," "," ","0",NA," "," "," ",NA," "," "," ",NA," "," "," ",156," "," ","0",189," "," ","0",183," "," ","0",183," "," ","0",189," "," ","0",189," "," ","0",194," "," ","0",183," "," ","0",161," "," ","0"
"3273","USC00413787",1991,8,"TOBS",206," "," ","0",217," "," ","0",222," "," ","0",178," "," ","0",200," "," ","0",194," "," ","0",206," "," ","0",183," "," ","0",172," "," ","0",167," "," ","0",206," "," ","0",189," "," ","0",167," "," ","0",128," "," ","0",178," "," ","0",200," "," ","0",206," "," ","0",194," "," ","0",161," "," ","0",NA," "," "," ",NA," "," "," ",NA," "," "," ",189," "," ","0",211," "," ","0",228," "," ","0",189," "," ","0",189," "," ","0",200," "," ","0",194," "," ","0",183," "," ","0",172," "," ","0"
"3274","USC00413787",1991,8,"PRCP",0,"P"," ","0",0,"P"," ","0",0,"P"," ","0",38," "," ","0",0,"T"," ","0",0,"P"," ","0",0,"P"," ","0",0,"P"," ","0",74," "," ","0",0,"P"," ","0",0,"P"," ","0",0,"P"," ","0",8," "," ","0",0,"P"," ","0",0,"P"," ","0",0,"P"," ","0",0,"T"," ","0",0,"P"," ","0",23," "," ","0",0," "," ","0",0," "," ","0",0," "," ","0",0,"P"," ","0",0,"P"," ","0",0,"P"," ","0",0,"P"," ","0",0,"P"," ","0",0,"P"," ","0",0,"P"," ","0",0,"P"," ","0",5," "," ","0"
"3275","USC00413787",1991,8,"SNOW",0,"P"," ","0",0,"P"," ","0",0,"P"," ","0",0,"P"," ","0",0,"P"," ","0",0,"P"," ","0",0,"P"," ","0",0,"P"," ","0",0,"P"," ","0",0,"P"," ","0",0,"P"," ","0",0,"P"," ","0",0,"P"," ","0",0,"P"," ","0",0,"P"," ","0",0,"P"," ","0",0,"P"," ","0",0,"P"," ","0",0,"P"," ","0",0,"P"," ","0",0,"P"," ","0",0,"P"," ","0",0,"P"," ","0",0,"P"," ","0",0,"P"," ","0",0,"P"," ","0",0,"P"," ","0",0,"P"," ","0",0,"P"," ","0",0,"P"," ","0",0,"P"," ","0"
"3276","USC00413787",1991,8,"SNWD",0," "," ","0",0,"P"," ","0",0,"P"," ","0",0,"P"," ","0",0,"P"," ","0",0,"P"," ","0",0,"P"," ","0",0,"P"," ","0",0,"P"," ","0",0,"P"," ","0",0,"P"," ","0",0,"P"," ","0",0,"P"," ","0",0,"P"," ","0",0,"P"," ","0",0,"P"," ","0",0,"P"," ","0",0,"P"," ","0",0,"P"," ","0",0,"P"," ","0",0,"P"," ","0",0,"P"," ","0",0,"P"," ","0",0,"P"," ","0",0,"P"," ","0",0,"P"," ","0",0,"P"," ","0",0,"P"," ","0",0,"P"," ","0",0,"P"," ","0",0,"P"," ","0"
"3277","USC00413787",1991,9,"TMAX",267," "," ","0",261," "," ","0",306," "," ","0",322," "," ","0",322," "," ","0",256," "," ","0",278," "," ","0",NA," "," "," ",328," "," ","0",328," "," ","0",294," "," ","0",300," "," ","0",311," "," ","0",289," "," ","0",300," "," ","0",256," "," ","0",250," "," ","0",278," "," ","0",150," "," ","0",150," "," ","0",161," "," ","0",267," "," ","0",200," "," ","0",239," "," ","0",217," "," ","0",294," "," ","0",278," "," ","0",300," "," ","0",294," "," ","0",267," "," ","0",NA," "," "," "
"3278","USC00413787",1991,9,"TMIN",167," "," ","0",178," "," ","0",172," "," ","0",172," "," ","0",128," "," ","0",133," "," ","0",189," "," ","0",NA," "," "," ",172," "," ","0",172," "," ","0",178," "," ","0",178," "," ","0",167," "," ","0",167," "," ","0",117," "," ","0",128," "," ","0",128," "," ","0",128," "," ","0",78," "," ","0",56," "," ","0",56," "," ","0",100," "," ","0",33," "," ","0",39," "," ","0",50," "," ","0",56," "," ","0",72," "," ","0",122," "," ","0",111," "," ","0",106," "," ","0",NA," "," "," "
"3279","USC00413787",1991,9,"TOBS",178," "," ","0",178," "," ","0",172," "," ","0",183," "," ","0",133," "," ","0",200," "," ","0",217," "," ","0",178," "," ","0",178," "," ","0",189," "," ","0",178," "," ","0",189," "," ","0",172," "," ","0",183," "," ","0",144," "," ","0",139," "," ","0",144," "," ","0",128," "," ","0",94," "," ","0",56," "," ","0",94," "," ","0",117," "," ","0",39," "," ","0",111," "," ","0",56," "," ","0",72," "," ","0",122," "," ","0",144," "," ","0",128," "," ","0",111," "," ","0",NA," "," "," "
"3280","USC00413787",1991,9,"PRCP",119," "," ","0",97," "," ","0",0,"P"," ","0",30," "," ","0",8," "," ","0",89," "," ","0",0,"P"," ","0",0," "," ","0",0,"P"," ","0",25," "," ","0",61," "," ","0",0,"P"," ","0",0,"P"," ","0",0,"P"," ","0",0,"P"," ","0",0,"P"," ","0",0,"P"," ","0",0,"P"," ","0",0,"P"," ","0",5," "," ","0",0,"P"," ","0",0,"P"," ","0",0,"P"," ","0",0,"P"," ","0",0,"P"," ","0",0,"P"," ","0",0,"P"," ","0",0,"P"," ","0",0,"P"," ","0",0,"P"," ","0",NA," "," "," "
"3281","USC00413787",1991,9,"SNOW",0,"P"," ","0",0,"P"," ","0",0,"P"," ","0",0,"P"," ","0",0,"P"," ","0",0,"P"," ","0",0,"P"," ","0",0,"P"," ","0",0,"P"," ","0",0,"P"," ","0",0,"P"," ","0",0,"P"," ","0",0,"P"," ","0",0,"P"," ","0",0,"P"," ","0",0,"P"," ","0",0,"P"," ","0",0,"P"," ","0",0,"P"," ","0",0,"P"," ","0",0,"P"," ","0",0,"P"," ","0",0,"P"," ","0",0,"P"," ","0",0,"P"," ","0",0,"P"," ","0",0,"P"," ","0",0,"P"," ","0",0,"P"," ","0",0,"P"," ","0",NA," "," "," "
"3282","USC00413787",1991,9,"SNWD",0," "," ","0",0,"P"," ","0",0,"P"," ","0",0,"P"," ","0",0,"P"," ","0",0,"P"," ","0",0,"P"," ","0",0,"P"," ","0",0,"P"," ","0",0,"P"," ","0",0,"P"," ","0",0,"P"," ","0",0,"P"," ","0",0,"P"," ","0",0,"P"," ","0",0,"P"," ","0",0,"P"," ","0",0,"P"," ","0",0,"P"," ","0",0,"P"," ","0",0,"P"," ","0",0,"P"," ","0",0,"P"," ","0",0,"P"," ","0",0,"P"," ","0",0,"P"," ","0",0,"P"," ","0",0,"P"," ","0",0,"P"," ","0",0,"P"," ","0",NA," "," "," "
"3283","USC00413787",1991,10,"TMAX",256," "," ","0",283," "," ","0",317," "," ","0",333," "," ","0",161," "," ","0",183," "," ","0",228," "," ","0",272," "," ","0",306," "," ","0",294," "," ","0",306," "," ","0",294," "," ","0",294," "," ","0",211," "," ","0",256," "," ","0",333," "," ","0",317," "," ","0",339," "," ","0",156," "," ","0",161," "," ","0",183," "," ","0",283," "," ","0",294," "," ","0",272," "," ","0",167," "," ","0",167," "," ","0",233," "," ","0",211," "," ","0",183," "," ","0",NA," "," "," ",39," "," ","0"
"3284","USC00413787",1991,10,"TMIN",89," "," ","0",89," "," ","0",100," "," ","0",94," "," ","0",17," "," ","0",39," "," ","0",56," "," ","0",89," "," ","0",94," "," ","0",94," "," ","0",78," "," ","0",78," "," ","0",117," ","I","0",83," "," ","0",89," "," ","0",83," "," ","0",94," "," ","0",78," "," ","0",-22," "," ","0",-11," "," ","0",28," "," ","0",111," "," ","0",100," "," ","0",50," "," ","0",11," "," ","0",6," "," ","0",6," "," ","0",94," "," ","0",-67," "," ","0",NA," "," "," ",-100," "," ","0"
"3285","USC00413787",1991,10,"TOBS",94," "," ","0",100," "," ","0",100," "," ","0",100," "," ","0",50," "," ","0",56," "," ","0",89," "," ","0",94," "," ","0",94," "," ","0",106," "," ","0",83," "," ","0",150," "," ","0",83," ","I","0",89," "," ","0",94," "," ","0",111," "," ","0",94," "," ","0",78," "," ","0",-11," "," ","0",28," "," ","0",111," "," ","0",122," "," ","0",106," "," ","0",50," "," ","0",11," "," ","0",11," "," ","0",133," "," ","0",94," "," ","0",-56," "," ","0",NA," "," "," ",-89," "," ","0"
"3286","USC00413787",1991,10,"PRCP",0,"P"," ","0",0,"P"," ","0",0,"P"," ","0",0,"P"," ","0",0,"P"," ","0",0,"P"," ","0",0,"P"," ","0",0,"P"," ","0",0,"P"," ","0",0,"P"," ","0",0,"P"," ","0",0,"P"," ","0",0,"P"," ","0",0,"P"," ","0",0,"P"," ","0",0,"P"," ","0",0,"P"," ","0",0,"P"," ","0",0,"P"," ","0",0,"P"," ","0",0,"P"," ","0",0,"P"," ","0",0,"P"," ","0",0,"P"," ","0",0,"P"," ","0",0,"P"," ","0",0,"P"," ","0",224," "," ","0",0,"P"," ","0",0," "," ","0",117," "," ","0"
"3287","USC00413787",1991,10,"SNOW",0,"P"," ","0",0,"P"," ","0",0,"P"," ","0",0,"P"," ","0",0,"P"," ","0",0,"P"," ","0",0,"P"," ","0",0,"P"," ","0",0,"P"," ","0",0,"P"," ","0",0,"P"," ","0",0,"P"," ","0",0,"P"," ","0",0,"P"," ","0",0,"P"," ","0",0,"P"," ","0",0,"P"," ","0",0,"P"," ","0",0,"P"," ","0",0,"P"," ","0",0,"P"," ","0",0,"P"," ","0",0,"P"," ","0",0,"P"," ","0",0,"P"," ","0",0,"P"," ","0",0,"P"," ","0",0,"P"," ","0",0,"P"," ","0",0," "," ","0",84," "," ","0"
"3288","USC00413787",1991,10,"SNWD",0," "," ","0",0,"P"," ","0",0,"P"," ","0",0,"P"," ","0",0,"P"," ","0",0,"P"," ","0",0,"P"," ","0",0,"P"," ","0",0,"P"," ","0",0,"P"," ","0",0,"P"," ","0",0,"P"," ","0",0,"P"," ","0",0,"P"," ","0",0,"P"," ","0",0,"P"," ","0",0,"P"," ","0",0,"P"," ","0",0,"P"," ","0",0,"P"," ","0",0,"P"," ","0",0,"P"," ","0",0,"P"," ","0",0,"P"," ","0",0,"P"," ","0",0,"P"," ","0",0,"P"," ","0",0,"P"," ","0",0,"P"," ","0",0," "," ","0",0," "," ","0"
"3289","USC00413787",1991,10,"WT03",NA," "," "," ",NA," "," "," ",NA," "," "," ",NA," "," "," ",NA," "," "," ",NA," "," "," ",NA," "," "," ",NA," "," "," ",NA," "," "," ",NA," "," "," ",NA," "," "," ",NA," "," "," ",NA," "," "," ",NA," "," "," ",NA," "," "," ",NA," "," "," ",NA," "," "," ",NA," "," "," ",NA," "," "," ",NA," "," "," ",NA," "," "," ",NA," "," "," ",NA," "," "," ",NA," "," "," ",NA," "," "," ",NA," "," "," ",NA," "," "," ",1," "," ","0",NA," "," "," ",1," "," ","0",NA," "," "," "
"3290","USC00413787",1991,11,"TMAX",-33," "," ","0",17," "," ","0",-94," "," ","0",17," "," ","0",89," "," ","0",122," "," ","0",194," "," ","0",122," "," ","0",156," "," ","0",211," "," ","0",39," "," ","0",61," "," ","0",156," "," ","0",178," "," ","0",211," "," ","0",67," "," ","0",56," "," ","0",156," "," ","0",183," "," ","0",94," "," ","0",122," "," ","0",161," "," ","0",167," "," ","0",56," "," ","0",89," "," ","0",100," "," ","0",189," "," ","0",167," "," ","0",133," "," ","0",128," "," ","0",NA," "," "," "
"3291","USC00413787",1991,11,"TMIN",-94," "," ","0",-106," "," ","0",-167," "," ","0",-156," "," ","0",-78," "," ","0",0," "," ","0",-56," "," ","0",-56," "," ","0",-56," "," ","0",22," "," ","0",22," "," ","0",-17," "," ","0",-11," "," ","0",61," "," ","0",39," "," ","0",17," "," ","0",-6," "," ","0",11," "," ","0",39," "," ","0",-22," "," ","0",-17," "," ","0",-11," "," ","0",-50," "," ","0",-89," "," ","0",-89," "," ","0",-33," "," ","0",-22," "," ","0",33," "," ","0",-6," "," ","0",-33," "," ","0",NA," "," "," "
"3292","USC00413787",1991,11,"TOBS",-39," "," ","0",-100," "," ","0",-156," "," ","0",-78," "," ","0",0," "," ","0",28," "," ","0",-56," "," ","0",-56," "," ","0",33," "," ","0",22," "," ","0",28," "," ","0",-11," "," ","0",67," "," ","0",117," "," ","0",39," "," ","0",17," "," ","0",11," "," ","0",39," "," ","0",44," "," ","0",-6," "," ","0",-11," "," ","0",-11," "," ","0",-22," "," ","0",-50," "," ","0",-11," "," ","0",-22," "," ","0",33," "," ","0",50," "," ","0",-6," "," ","0",-33," "," ","0",NA," "," "," "
"3293","USC00413787",1991,11,"PRCP",18," "," ","0",0,"P"," ","0",13," "," ","0",0,"P"," ","0",0,"P"," ","0",0,"P"," ","0",0,"P"," ","0",0,"P"," ","0",0,"P"," ","0",0,"P"," ","0",0,"P"," ","0",33," "," ","0",0,"P"," ","0",0,"P"," ","0",0,"P"," ","0",206," "," ","0",81," "," ","0",0,"P"," ","0",0,"P"," ","0",0,"P"," ","0",0,"P"," ","0",0,"P"," ","0",0,"P"," ","0",0,"P"," ","0",0,"P"," ","0",0,"P"," ","0",0,"P"," ","0",0,"P"," ","0",0,"T"," ","0",0,"P"," ","0",NA," "," "," "
"3294","USC00413787",1991,11,"SNOW",NA," "," "," ",0,"P"," ","0",NA," "," "," ",0,"P"," ","0",0,"P"," ","0",0,"P"," ","0",0,"P"," ","0",0,"P"," ","0",0,"P"," ","0",0,"P"," ","0",0,"P"," ","0",0,"P"," ","0",0,"P"," ","0",0,"P"," ","0",0,"P"," ","0",0,"P"," ","0",0,"P"," ","0",0,"P"," ","0",0,"P"," ","0",0,"P"," ","0",0,"P"," ","0",0,"P"," ","0",0,"P"," ","0",0,"P"," ","0",0,"P"," ","0",0,"P"," ","0",0,"P"," ","0",0,"P"," ","0",0,"P"," ","0",0,"P"," ","0",NA," "," "," "
"3295","USC00413787",1991,11,"SNWD",51," "," ","0",0,"T"," ","0",0,"T"," ","0",0," "," ","0",0,"P"," ","0",0,"P"," ","0",0,"P"," ","0",0,"P"," ","0",0,"P"," ","0",0,"P"," ","0",0,"P"," ","0",0,"P"," ","0",0,"P"," ","0",0,"P"," ","0",0,"P"," ","0",0,"P"," ","0",0,"P"," ","0",0,"P"," ","0",0,"P"," ","0",0,"P"," ","0",0,"P"," ","0",0,"P"," ","0",0,"P"," ","0",0,"P"," ","0",0,"P"," ","0",0,"P"," ","0",0,"P"," ","0",0,"P"," ","0",0,"P"," ","0",0,"P"," ","0",NA," "," "," "
"3296","USC00413787",1991,11,"WT01",NA," "," "," ",NA," "," "," ",NA," "," "," ",NA," "," "," ",NA," "," "," ",NA," "," "," ",NA," "," "," ",NA," "," "," ",NA," "," "," ",NA," "," "," ",NA," "," "," ",NA," "," "," ",NA," "," "," ",NA," "," "," ",NA," "," "," ",NA," "," "," ",NA," "," "," ",NA," "," "," ",NA," "," "," ",NA," "," "," ",NA," "," "," ",NA," "," "," ",NA," "," "," ",NA," "," "," ",NA," "," "," ",NA," "," "," ",NA," "," "," ",NA," "," "," ",1," "," ","0",NA," "," "," ",NA," "," "," "
"3297","USC00413787",1991,12,"TMAX",-17," "," ","0",-28," "," ","0",56," "," ","0",83," "," ","0",133," "," ","0",156," "," ","0",183," "," ","0",211," "," ","0",133," "," ","0",122," "," ","0",172," "," ","0",33," "," ","0",100," "," ","0",128," "," ","0",78," "," ","0",94," "," ","0",167," "," ","0",56," "," ","0",28," "," ","0",33," "," ","0",44," "," ","0",78," "," ","0",72," "," ","0",78," "," ","0",100," "," ","0",100," "," ","0",100," "," ","0",22," "," ","0",44," "," ","0",28," "," ","0",17," "," ","0"
"3298","USC00413787",1991,12,"TMIN",-72," "," ","0",-89," "," ","0",-89," "," ","0",-72," "," ","0",-61," "," ","0",-33," "," ","0",-22," "," ","0",-17," "," ","0",-33," "," ","0",-17," "," ","0",-22," "," ","0",-22," "," ","0",-33," "," ","0",-72," "," ","0",-67," "," ","0",-56," "," ","0",-28," "," ","0",-33," "," ","0",-33," "," ","0",0," "," ","0",-22," "," ","0",-22," "," ","0",0," "," ","0",-44," "," ","0",-44," "," ","0",11," "," ","0",0," "," ","0",0," "," ","0",-17," "," ","0",-33," "," ","0",-33," "," ","0"
"3299","USC00413787",1991,12,"TOBS",-61," "," ","0",-89," "," ","0",-61," "," ","0",-61," "," ","0",6," "," ","0",-22," "," ","0",-17," "," ","0",61," "," ","0",-17," "," ","0",6," "," ","0",-22," "," ","0",6," "," ","0",-22," "," ","0",-67," "," ","0",-56," "," ","0",-28," "," ","0",-22," "," ","0",-33," "," ","0",0," "," ","0",17," "," ","0",-22," "," ","0",56," "," ","0",0," "," ","0",-44," "," ","0",22," "," ","0",17," "," ","0",0," "," ","0",0," "," ","0",-11," "," ","0",-33," "," ","0",0," "," ","0"
"3300","USC00413787",1991,12,"PRCP",0,"P"," ","0",0,"P"," ","0",0,"P"," ","0",0,"P"," ","0",0,"P"," ","0",0,"P"," ","0",0,"P"," ","0",0,"P"," ","0",0,"P"," ","0",0,"P"," ","0",0,"P"," ","0",71," "," ","0",0,"P"," ","0",0,"P"," ","0",0,"P"," ","0",0,"P"," ","0",0,"P"," ","0",0,"P"," ","0",102," "," ","0",79," "," ","0",5," "," ","0",102," "," ","0",0,"P"," ","0",0,"P"," ","0",0,"P"," ","0",69," "," ","0",137," "," ","0",8," "," ","0",0,"P"," ","0",0,"P"," ","0",130," "," ","0"
"3301","USC00413787",1991,12,"SNOW",0,"P"," ","0",0,"P"," ","0",0,"P"," ","0",0,"P"," ","0",0,"P"," ","0",0,"P"," ","0",0,"P"," ","0",0,"P"," ","0",0,"P"," ","0",0,"P"," ","0",0,"P"," ","0",0,"P"," ","0",0,"P"," ","0",0,"P"," ","0",0,"P"," ","0",0,"P"," ","0",0,"P"," ","0",0,"P"," ","0",0,"P"," ","0",0,"P"," ","0",0,"P"," ","0",0,"P"," ","0",0,"P"," ","0",0,"P"," ","0",0,"P"," ","0",0,"P"," ","0",NA," "," "," ",NA," "," "," ",0,"P"," ","0",0,"P"," ","0",0,"P"," ","0"
"3302","USC00413787",1991,12,"SNWD",0," "," ","0",0,"P"," ","0",0,"P"," ","0",0,"P"," ","0",0,"P"," ","0",0,"P"," ","0",0,"P"," ","0",0,"P"," ","0",0,"P"," ","0",0,"P"," ","0",0,"P"," ","0",0,"P"," ","0",0,"P"," ","0",0,"P"," ","0",0,"P"," ","0",0,"P"," ","0",0,"P"," ","0",0,"P"," ","0",0,"P"," ","0",0,"P"," ","0",0,"P"," ","0",0,"P"," ","0",0,"P"," ","0",0,"P"," ","0",0,"P"," ","0",0,"P"," ","0",NA," "," "," ",NA," "," "," ",0," "," ","0",0,"P"," ","0",0,"P"," ","0"
"3303","USC00413787",1992,1,"TMAX",67," "," ","0",50," "," ","0",122," "," ","0",122," "," ","0",100," "," ","0",128," "," ","0",128," "," ","0",106," "," ","0",50," "," ","0",78," "," ","0",111," "," ","0",78," "," ","0",50," "," ","0",44," "," ","0",56," "," ","0",150," "," ","0",33," "," ","0",NA," "," "," ",NA," "," "," ",100," "," ","0",144," "," ","0",139," "," ","0",94," "," ","0",111," "," ","0",189," "," ","0",128," "," ","0",94," "," ","0",61," "," ","0",122," "," ","0",161," "," ","0",178," "," ","0"
"3304","USC00413787",1992,1,"TMIN",-22," "," ","0",-39," "," ","0",-39," "," ","0",-39," "," ","0",0," "," ","0",-22," "," ","0",0," "," ","0",-28," "," ","0",-61," "," ","0",-50," "," ","0",-39," "," ","0",17," "," ","0",-22," "," ","0",-67," "," ","0",-117," "," ","0",-122," "," ","0",-56," "," ","0",NA," "," "," ",NA," "," "," ",-89," "," ","0",-61," "," ","0",-22," "," ","0",-72," "," ","0",-67," "," ","0",-67," "," ","0",-11," "," ","0",6," "," ","0",6," "," ","0",-17," "," ","0",-28," "," ","0",-28," "," ","0"
"3305","USC00413787",1992,1,"TOBS",-11," "," ","0",-39," "," ","0",0," "," ","0",0," "," ","0",22," "," ","0",0," "," ","0",28," "," ","0",-28," "," ","0",-44," "," ","0",-39," "," ","0",17," "," ","0",17," "," ","0",-11," "," ","0",-50," "," ","0",-117," "," ","0",-17," "," ","0",-44," "," ","0",NA," "," "," ",NA," "," "," ",-61," "," ","0",-17," "," ","0",22," "," ","0",-67," "," ","0",-67," "," ","0",11," "," ","0",28," "," ","0",6," "," ","0",50," "," ","0",-17," "," ","0",-28," "," ","0",-22," "," ","0"
"3306","USC00413787",1992,1,"PRCP",30," "," ","0",0,"P"," ","0",0,"P"," ","0",0,"P"," ","0",0,"P"," ","0",0,"P"," ","0",104," "," ","0",0,"P"," ","0",0,"P"," ","0",0,"P"," ","0",0,"P"," ","0",0,"P"," ","0",0,"P"," ","0",0,"P"," ","0",0,"P"," ","0",0,"P"," ","0",0,"P"," ","0",0," "," ","0",0," "," ","0",0,"P"," ","0",0,"P"," ","0",0,"P"," ","0",0,"P"," ","0",0,"P"," ","0",0,"P"," ","0",0,"P"," ","0",0,"P"," ","0",13," "," ","0",0,"P"," ","0",0,"P"," ","0",0,"P"," ","0"
"3307","USC00413787",1992,1,"SNOW",0,"P"," ","0",0,"P"," ","0",0,"P"," ","0",0,"P"," ","0",0,"P"," ","0",0,"P"," ","0",0,"P"," ","0",0,"P"," ","0",0,"P"," ","0",0,"P"," ","0",0,"P"," ","0",0,"P"," ","0",0,"P"," ","0",0,"P"," ","0",0,"P"," ","0",0,"P"," ","0",0,"P"," ","0",0,"P"," ","0",0,"P"," ","0",0,"P"," ","0",0,"P"," ","0",0,"P"," ","0",0,"P"," ","0",0,"P"," ","0",0,"P"," ","0",0,"P"," ","0",0,"P"," ","0",0,"P"," ","0",0,"P"," ","0",0,"P"," ","0",0,"P"," ","0"
"3308","USC00413787",1992,1,"SNWD",0," "," ","0",0,"P"," ","0",0,"P"," ","0",0,"P"," ","0",0,"P"," ","0",0,"P"," ","0",0,"P"," ","0",0,"P"," ","0",0,"P"," ","0",0,"P"," ","0",0,"P"," ","0",0,"P"," ","0",0,"P"," ","0",0,"P"," ","0",0,"P"," ","0",0,"P"," ","0",0,"P"," ","0",0,"P"," ","0",0,"P"," ","0",0,"P"," ","0",0,"P"," ","0",0,"P"," ","0",0,"P"," ","0",0,"P"," ","0",0,"P"," ","0",0,"P"," ","0",0,"P"," ","0",0,"P"," ","0",0,"P"," ","0",0,"P"," ","0",0,"P"," ","0"
"3309","USC00413787",1992,2,"TMAX",222," "," ","0",167," "," ","0",111," "," ","0",72," "," ","0",72," "," ","0",111," "," ","0",100," "," ","0",106," "," ","0",83," "," ","0",128," "," ","0",111," "," ","0",117," "," ","0",56," "," ","0",150," "," ","0",161," "," ","0",161," "," ","0",194," "," ","0",144," "," ","0",128," "," ","0",161," "," ","0",200," "," ","0",122," "," ","0",172," "," ","0",94," "," ","0",233," ","S","0",111," "," ","0",156," "," ","0",183," "," ","0",239," "," ","0",NA," "," "," ",NA," "," "," "
"3310","USC00413787",1992,2,"TMIN",-22," "," ","0",-11," "," ","0",56," "," ","0",17," "," ","0",-39," "," ","0",-39," "," ","0",-67," "," ","0",-61," "," ","0",-6," "," ","0",-39," "," ","0",-17," "," ","0",-17," "," ","0",-28," "," ","0",-11," "," ","0",-33," "," ","0",-11," "," ","0",11," "," ","0",-33," "," ","0",-72," "," ","0",-72," "," ","0",-6," "," ","0",-28," "," ","0",6," "," ","0",17," "," ","0",-17," "," ","0",-22," "," ","0",-11," "," ","0",22," "," ","0",-11," "," ","0",NA," "," "," ",NA," "," "," "
"3311","USC00413787",1992,2,"TOBS",-11," "," ","0",78," "," ","0",61," "," ","0",17," "," ","0",-39," "," ","0",0," "," ","0",-61," "," ","0",-6," "," ","0",22," "," ","0",-17," "," ","0",44," "," ","0",-17," "," ","0",-11," "," ","0",67," "," ","0",-6," "," ","0",78," "," ","0",39," "," ","0",-11," "," ","0",-72," "," ","0",6," "," ","0",0," "," ","0",11," "," ","0",33," "," ","0",17," "," ","0",111," "," ","0",-11," "," ","0",28," "," ","0",33," "," ","0",11," "," ","0",NA," "," "," ",NA," "," "," "
"3312","USC00413787",1992,2,"PRCP",0,"P"," ","0",0,"T"," ","0",38," "," ","0",18," "," ","0",8," "," ","0",0,"P"," ","0",0,"P"," ","0",0,"P"," ","0",0,"P"," ","0",0,"P"," ","0",0,"P"," ","0",0,"T"," ","0",0,"P"," ","0",0,"P"," ","0",0,"P"," ","0",0,"P"," ","0",0,"P"," ","0",0,"P"," ","0",0,"P"," ","0",0,"P"," ","0",0,"P"," ","0",0,"P"," ","0",0,"P"," ","0",28," "," ","0",0,"P"," ","0",0,"P"," ","0",0,"P"," ","0",0,"P"," ","0",0,"P"," ","0",NA," "," "," ",NA," "," "," "
"3313","USC00413787",1992,2,"SNOW",0,"P"," ","0",0,"P"," ","0",0,"P"," ","0",0,"P"," ","0",0,"P"," ","0",0,"P"," ","0",0,"P"," ","0",0,"P"," ","0",0,"P"," ","0",0,"P"," ","0",0,"P"," ","0",0,"P"," ","0",0,"P"," ","0",0,"P"," ","0",0,"P"," ","0",0,"P"," ","0",0,"P"," ","0",0,"P"," ","0",0,"P"," ","0",0,"P"," ","0",0,"P"," ","0",0,"P"," ","0",0,"P"," ","0",0,"P"," ","0",0,"P"," ","0",0,"P"," ","0",0,"P"," ","0",0,"P"," ","0",0,"P"," ","0",NA," "," "," ",NA," "," "," "
"3314","USC00413787",1992,2,"SNWD",0," "," ","0",0,"P"," ","0",0,"P"," ","0",0,"P"," ","0",0,"P"," ","0",0,"P"," ","0",0,"P"," ","0",0,"P"," ","0",0,"P"," ","0",0,"P"," ","0",0,"P"," ","0",0,"P"," ","0",0,"P"," ","0",0,"P"," ","0",0,"P"," ","0",0,"P"," ","0",0,"P"," ","0",0,"P"," ","0",0,"P"," ","0",0,"P"," ","0",0,"P"," ","0",0,"P"," ","0",0,"P"," ","0",0,"P"," ","0",0,"P"," ","0",0,"P"," ","0",0,"P"," ","0",0,"P"," ","0",0,"P"," ","0",NA," "," "," ",NA," "," "," "
"3315","USC00413787",1992,3,"TMAX",239," "," ","0",233," "," ","0",250," "," ","0",217," "," ","0",167," "," ","0",50," ","S","0",217," "," ","0",250," "," ","0",222," "," ","0",44," "," ","0",94," "," ","0",167," "," ","0",183," "," ","0",233," "," ","0",211," "," ","0",206," "," ","0",228," "," ","0",172," "," ","0",117," "," ","0",117," "," ","0",178," "," ","0",156," "," ","0",83," "," ","0",178," "," ","0",194," "," ","0",167," "," ","0",211," "," ","0",144," "," ","0",228," "," ","0",150," "," ","0",161," "," ","0"
"3316","USC00413787",1992,3,"TMIN",17," "," ","0",50," "," ","0",56," "," ","0",39," "," ","0",6," "," ","0",17," "," ","0",0," "," ","0",28," "," ","0",17," "," ","0",-100," "," ","0",-67," "," ","0",-28," "," ","0",11," "," ","0",-6," "," ","0",0," ","I","0",-11," "," ","0",44," "," ","0",33," "," ","0",-17," "," ","0",-33," "," ","0",0," "," ","0",-22," "," ","0",-33," "," ","0",33," "," ","0",11," "," ","0",6," "," ","0",50," "," ","0",61," "," ","0",78," "," ","0",-22," "," ","0",17," "," ","0"
"3317","USC00413787",1992,3,"TOBS",89," "," ","0",67," "," ","0",72," "," ","0",44," "," ","0",17," "," ","0",50," "," ","0",28," "," ","0",106," "," ","0",17," "," ","0",-67," "," ","0",-28," "," ","0",6," "," ","0",44," "," ","0",0," "," ","0",-11," ","I","0",50," "," ","0",72," "," ","0",39," "," ","0",-11," "," ","0",0," "," ","0",67," "," ","0",-17," "," ","0",39," "," ","0",50," "," ","0",33," "," ","0",139," "," ","0",67," "," ","0",128," "," ","0",83," "," ","0",17," "," ","0",94," "," ","0"
"3318","USC00413787",1992,3,"PRCP",0,"P"," ","0",0,"P"," ","0",0,"P"," ","0",112," "," ","0",0,"P"," ","0",0,"P"," ","0",0,"P"," ","0",0,"T"," ","0",0,"T"," ","0",0,"P"," ","0",0,"P"," ","0",0,"P"," ","0",0,"P"," ","0",0,"P"," ","0",0,"P"," ","0",0,"P"," ","0",0,"P"," ","0",0,"P"," ","0",0,"P"," ","0",0,"P"," ","0",0,"P"," ","0",0,"P"," ","0",0,"P"," ","0",0,"T"," ","0",0,"P"," ","0",0,"P"," ","0",0,"P"," ","0",114," "," ","0",0,"T"," ","0",0,"P"," ","0",0,"P"," ","0"
"3319","USC00413787",1992,3,"SNOW",0,"P"," ","0",0,"P"," ","0",0,"P"," ","0",0,"P"," ","0",0,"P"," ","0",0,"P"," ","0",0,"P"," ","0",0,"P"," ","0",0,"P"," ","0",0,"P"," ","0",0,"P"," ","0",0,"P"," ","0",0,"P"," ","0",0,"P"," ","0",0,"P"," ","0",0,"P"," ","0",0,"P"," ","0",0,"P"," ","0",0,"P"," ","0",0,"P"," ","0",0,"P"," ","0",0,"P"," ","0",0,"P"," ","0",0,"P"," ","0",0,"P"," ","0",0,"P"," ","0",0,"P"," ","0",0,"P"," ","0",0,"P"," ","0",0,"P"," ","0",0,"P"," ","0"
"3320","USC00413787",1992,3,"SNWD",0," "," ","0",0,"P"," ","0",0,"P"," ","0",0,"P"," ","0",0,"P"," ","0",0,"P"," ","0",0,"P"," ","0",0,"P"," ","0",0,"P"," ","0",0,"P"," ","0",0,"P"," ","0",0,"P"," ","0",0,"P"," ","0",0,"P"," ","0",0,"P"," ","0",0,"P"," ","0",0,"P"," ","0",0,"P"," ","0",0,"P"," ","0",0,"P"," ","0",0,"P"," ","0",0,"P"," ","0",0,"P"," ","0",0,"P"," ","0",0,"P"," ","0",0,"P"," ","0",0,"P"," ","0",0,"P"," ","0",0,"P"," ","0",0,"P"," ","0",0,"P"," ","0"
"3321","USC00413787",1992,4,"TMAX",150," "," ","0",150," "," ","0",144," "," ","0",233," "," ","0",261," "," ","0",217," "," ","0",217," "," ","0",211," "," ","0",267," "," ","0",217," "," ","0",300," "," ","0",161," "," ","0",106," "," ","0",283," "," ","0",267," "," ","0",244," "," ","0",172," "," ","0",194," "," ","0",172," "," ","0",156," "," ","0",133," "," ","0",217," "," ","0",NA," "," "," ",278," "," ","0",183," "," ","0",194," "," ","0",189," "," ","0",250," "," ","0",306," "," ","0",294," "," ","0",NA," "," "," "
"3322","USC00413787",1992,4,"TMIN",-17," "," ","0",-11," "," ","0",-17," "," ","0",39," "," ","0",44," "," ","0",44," "," ","0",72," "," ","0",72," "," ","0",78," "," ","0",72," "," ","0",89," "," ","0",56," "," ","0",44," "," ","0",100," "," ","0",122," "," ","0",100," "," ","0",78," "," ","0",94," "," ","0",61," "," ","0",44," "," ","0",11," "," ","0",67," "," ","0",NA," "," "," ",50," "," ","0",39," "," ","0",61," "," ","0",56," "," ","0",67," "," ","0",89," "," ","0",106," "," ","0",NA," "," "," "
"3323","USC00413787",1992,4,"TOBS",-11," "," ","0",39," "," ","0",39," "," ","0",78," "," ","0",67," "," ","0",72," "," ","0",100," "," ","0",133," "," ","0",94," "," ","0",122," "," ","0",94," "," ","0",56," "," ","0",100," "," ","0",144," "," ","0",122," "," ","0",117," "," ","0",94," "," ","0",122," "," ","0",72," "," ","0",50," "," ","0",67," "," ","0",94," "," ","0",NA," "," "," ",100," "," ","0",61," "," ","0",117," "," ","0",67," "," ","0",117," "," ","0",111," "," ","0",167," "," ","0",NA," "," "," "
"3324","USC00413787",1992,4,"PRCP",71," "," ","0",0,"P"," ","0",0,"P"," ","0",0,"P"," ","0",0,"P"," ","0",0,"P"," ","0",0,"P"," ","0",0,"P"," ","0",0,"P"," ","0",0,"P"," ","0",0,"P"," ","0",0,"P"," ","0",0,"P"," ","0",0,"P"," ","0",160," "," ","0",79," "," ","0",229," "," ","0",13," "," ","0",0,"P"," ","0",30," "," ","0",0,"T"," ","0",0,"P"," ","0",0," "," ","0",0,"P"," ","0",0,"P"," ","0",0,"P"," ","0",0,"P"," ","0",0,"P"," ","0",0,"P"," ","0",0,"P"," ","0",NA," "," "," "
"3325","USC00413787",1992,4,"SNOW",0,"P"," ","0",0,"P"," ","0",0,"P"," ","0",0,"P"," ","0",0,"P"," ","0",0,"P"," ","0",0,"P"," ","0",0,"P"," ","0",0,"P"," ","0",0,"P"," ","0",0,"P"," ","0",0,"P"," ","0",0,"P"," ","0",0,"P"," ","0",0,"P"," ","0",0,"P"," ","0",0,"P"," ","0",0,"P"," ","0",0,"P"," ","0",0,"P"," ","0",0,"P"," ","0",0,"P"," ","0",0,"P"," ","0",0,"P"," ","0",0,"P"," ","0",0,"P"," ","0",0,"P"," ","0",0,"P"," ","0",0,"P"," ","0",0,"P"," ","0",NA," "," "," "
"3326","USC00413787",1992,4,"SNWD",0," "," ","0",0,"P"," ","0",0,"P"," ","0",0,"P"," ","0",0,"P"," ","0",0,"P"," ","0",0,"P"," ","0",0,"P"," ","0",0,"P"," ","0",0,"P"," ","0",0,"P"," ","0",0,"P"," ","0",0,"P"," ","0",0,"P"," ","0",0,"P"," ","0",0,"P"," ","0",0,"P"," ","0",0,"P"," ","0",0,"P"," ","0",0,"P"," ","0",0,"P"," ","0",0,"P"," ","0",0,"P"," ","0",0,"P"," ","0",0,"P"," ","0",0,"P"," ","0",0,"P"," ","0",0,"P"," ","0",0,"P"," ","0",0,"P"," ","0",NA," "," "," "
"3327","USC00413787",1992,5,"TMAX",317," "," ","0",350," "," ","0",217," "," ","0",233," "," ","0",NA," "," "," ",272," "," ","0",228," "," ","0",278," "," ","0",272," "," ","0",256," "," ","0",261," "," ","0",NA," "," "," ",283," "," ","0",283," "," ","0",283," "," ","0",300," "," ","0",267," "," ","0",244," "," ","0",256," "," ","0",272," "," ","0",278," "," ","0",233," "," ","0",267," "," ","0",172," "," ","0",189," "," ","0",222," "," ","0",172," "," ","0",106," "," ","0",83," "," ","0",178," "," ","0",161," "," ","0"
"3328","USC00413787",1992,5,"TMIN",161," "," ","0",117," "," ","0",56," "," ","0",83," "," ","0",NA," "," "," ",72," "," ","0",111," "," ","0",122," "," ","0",128," "," ","0",133," "," ","0",72," "," ","0",NA," "," "," ",89," "," ","0",128," "," ","0",133," "," ","0",139," "," ","0",128," "," ","0",133," "," ","0",111," "," ","0",139," "," ","0",144," "," ","0",150," "," ","0",106," "," ","0",100," "," ","0",122," "," ","0",56," "," ","0",94," ","I","0",39," "," ","0",39," "," ","0",72," "," ","0",106," "," ","0"
"3329","USC00413787",1992,5,"TOBS",167," "," ","0",128," "," ","0",94," "," ","0",194," "," ","0",NA," "," "," ",194," "," ","0",228," "," ","0",139," "," ","0",156," "," ","0",189," "," ","0",94," "," ","0",NA," "," "," ",144," "," ","0",133," "," ","0",144," "," ","0",189," "," ","0",156," "," ","0",156," "," ","0",139," "," ","0",167," "," ","0",161," "," ","0",167," "," ","0",111," "," ","0",122," "," ","0",139," "," ","0",56," ","I","0",94," "," ","0",44," "," ","0",83," "," ","0",106," "," ","0",122," "," ","0"
"3330","USC00413787",1992,5,"PRCP",0,"P"," ","0",0,"P"," ","0",0,"P"," ","0",0,"P"," ","0",NA," "," "," ",NA," "," "," ",0,"P"," ","0",0,"P"," ","0",0,"P"," ","0",0,"P"," ","0",114," "," ","0",0," "," ","0",0,"P"," ","0",168," "," ","0",0,"P"," ","0",0,"P"," ","0",0,"P"," ","0",0,"P"," ","0",0,"P"," ","0",0,"P"," ","0",107," "," ","0",13," "," ","0",0,"T"," ","0",0,"T"," ","0",3," "," ","0",38," "," ","0",0,"P"," ","0",188," "," ","0",30," "," ","0",0,"P"," ","0",61," "," ","0"
"3331","USC00413787",1992,5,"SNOW",0,"P"," ","0",0,"P"," ","0",0,"P"," ","0",0,"P"," ","0",0,"P"," ","0",0,"P"," ","0",0,"P"," ","0",0,"P"," ","0",0,"P"," ","0",0,"P"," ","0",0,"P"," ","0",0,"P"," ","0",0,"P"," ","0",0,"P"," ","0",0,"P"," ","0",0,"P"," ","0",0,"P"," ","0",0,"P"," ","0",0,"P"," ","0",0,"P"," ","0",0,"P"," ","0",0,"P"," ","0",0,"P"," ","0",0,"P"," ","0",0,"P"," ","0",0,"P"," ","0",0,"P"," ","0",0,"P"," ","0",0,"P"," ","0",0,"P"," ","0",0,"P"," ","0"
"3332","USC00413787",1992,5,"SNWD",0," "," ","0",0,"P"," ","0",0,"P"," ","0",0,"P"," ","0",0,"P"," ","0",0,"P"," ","0",0,"P"," ","0",0,"P"," ","0",0,"P"," ","0",0,"P"," ","0",0,"P"," ","0",0,"P"," ","0",0,"P"," ","0",0,"P"," ","0",0,"P"," ","0",0,"P"," ","0",0,"P"," ","0",0,"P"," ","0",0,"P"," ","0",0,"P"," ","0",0,"P"," ","0",0,"P"," ","0",0,"P"," ","0",0,"P"," ","0",0,"P"," ","0",0,"P"," ","0",0,"P"," ","0",0,"P"," ","0",0,"P"," ","0",0,"P"," ","0",0,"P"," ","0"
"3333","USC00413787",1992,5,"DAPR",NA," "," "," ",NA," "," "," ",NA," "," "," ",NA," "," "," ",NA," "," "," ",2," "," ","0",NA," "," "," ",NA," "," "," ",NA," "," "," ",NA," "," "," ",NA," "," "," ",NA," "," "," ",NA," "," "," ",NA," "," "," ",NA," "," "," ",NA," "," "," ",NA," "," "," ",NA," "," "," ",NA," "," "," ",NA," "," "," ",NA," "," "," ",NA," "," "," ",NA," "," "," ",NA," "," "," ",NA," "," "," ",NA," "," "," ",NA," "," "," ",NA," "," "," ",NA," "," "," ",NA," "," "," ",NA," "," "," "
"3334","USC00413787",1992,5,"MDPR",NA," "," "," ",NA," "," "," ",NA," "," "," ",NA," "," "," ",NA," "," "," ",15," "," ","0",NA," "," "," ",NA," "," "," ",NA," "," "," ",NA," "," "," ",NA," "," "," ",NA," "," "," ",NA," "," "," ",NA," "," "," ",NA," "," "," ",NA," "," "," ",NA," "," "," ",NA," "," "," ",NA," "," "," ",NA," "," "," ",NA," "," "," ",NA," "," "," ",NA," "," "," ",NA," "," "," ",NA," "," "," ",NA," "," "," ",NA," "," "," ",NA," "," "," ",NA," "," "," ",NA," "," "," ",NA," "," "," "
"3335","USC00413787",1992,6,"TMAX",239," "," ","0",206," "," ","0",194," "," ","0",239," "," ","0",272," "," ","0",272," "," ","0",244," "," ","0",228," "," ","0",256," "," ","0",244," "," ","0",261," "," ","0",239," "," ","0",244," "," ","0",283," "," ","0",333," "," ","0",333," "," ","0",350," "," ","0",322," "," ","0",328," "," ","0",322," "," ","0",244," "," ","0",239," "," ","0",328," "," ","0",311," "," ","0",350," "," ","0",278," "," ","0",278," "," ","0",283," "," ","0",261," "," ","0",344," "," ","0",NA," "," "," "
"3336","USC00413787",1992,6,"TMIN",117," "," ","0",94," "," ","0",111," "," ","0",111," "," ","0",150," ","I","0",106," "," ","0",122," "," ","0",144," "," ","0",111," "," ","0",128," "," ","0",128," "," ","0",150," "," ","0",156," "," ","0",167," "," ","0",183," "," ","0",128," "," ","0",100," "," ","0",133," "," ","0",167," "," ","0",150," "," ","0",150," "," ","0",133," "," ","0",161," "," ","0",178," "," ","0",178," "," ","0",161," "," ","0",144," "," ","0",144," "," ","0",133," "," ","0",139," "," ","0",NA," "," "," "
"3337","USC00413787",1992,6,"TOBS",128," "," ","0",111," "," ","0",300," ","I","0",106," ","I","0",161," "," ","0",122," "," ","0",144," "," ","0",156," "," ","0",133," "," ","0",144," "," ","0",150," "," ","0",161," "," ","0",167," "," ","0",206," "," ","0",194," "," ","0",178," "," ","0",139," "," ","0",172," "," ","0",206," "," ","0",156," "," ","0",161," "," ","0",161," "," ","0",178," "," ","0",194," "," ","0",189," "," ","0",172," "," ","0",172," "," ","0",150," "," ","0",161," "," ","0",206," "," ","0",NA," "," "," "
"3338","USC00413787",1992,6,"PRCP",163," "," ","0",20," "," ","0",3," "," ","0",0,"P"," ","0",48," "," ","0",46," "," ","0",188," "," ","0",104," "," ","0",229," "," ","0",0,"T"," ","0",0,"P"," ","0",0,"P"," ","0",8," "," ","0",0,"P"," ","0",0,"P"," ","0",0,"P"," ","0",0,"P"," ","0",0,"P"," ","0",0,"P"," ","0",8," "," ","0",10," "," ","0",0,"T"," ","0",3," "," ","0",0,"P"," ","0",0,"P"," ","0",28," "," ","0",178," "," ","0",119," "," ","0",0,"P"," ","0",0,"P"," ","0",NA," "," "," "
"3339","USC00413787",1992,6,"SNOW",0,"P"," ","0",0,"P"," ","0",0,"P"," ","0",0,"P"," ","0",0,"P"," ","0",0,"P"," ","0",0,"P"," ","0",0,"P"," ","0",0,"P"," ","0",0,"P"," ","0",0,"P"," ","0",0,"P"," ","0",0,"P"," ","0",0,"P"," ","0",0,"P"," ","0",0,"P"," ","0",0,"P"," ","0",0,"P"," ","0",0,"P"," ","0",0,"P"," ","0",0,"P"," ","0",0,"P"," ","0",0,"P"," ","0",0,"P"," ","0",0,"P"," ","0",0,"P"," ","0",0,"P"," ","0",0,"P"," ","0",0,"P"," ","0",0,"P"," ","0",NA," "," "," "
"3340","USC00413787",1992,6,"SNWD",0," "," ","0",0,"P"," ","0",0,"P"," ","0",0,"P"," ","0",0,"P"," ","0",0,"P"," ","0",0,"P"," ","0",0,"P"," ","0",0,"P"," ","0",0,"P"," ","0",0,"P"," ","0",0,"P"," ","0",0,"P"," ","0",0,"P"," ","0",0,"P"," ","0",0,"P"," ","0",0,"P"," ","0",0,"P"," ","0",0,"P"," ","0",0,"P"," ","0",0,"P"," ","0",0,"P"," ","0",0,"P"," ","0",0,"P"," ","0",0,"P"," ","0",0,"P"," ","0",0,"P"," ","0",0,"P"," ","0",0,"P"," ","0",0,"P"," ","0",NA," "," "," "
"3341","USC00413787",1992,6,"WT03",1," "," ","0",NA," "," "," ",NA," "," "," ",NA," "," "," ",NA," "," "," ",1," "," ","0",1," "," ","0",NA," "," "," ",1," "," ","0",NA," "," "," ",NA," "," "," ",NA," "," "," ",NA," "," "," ",NA," "," "," ",NA," "," "," ",NA," "," "," ",NA," "," "," ",NA," "," "," ",NA," "," "," ",NA," "," "," ",NA," "," "," ",NA," "," "," ",NA," "," "," ",NA," "," "," ",NA," "," "," ",NA," "," "," ",NA," "," "," ",1," "," ","0",NA," "," "," ",NA," "," "," ",NA," "," "," "
"3342","USC00413787",1992,7,"TMAX",NA," "," "," ",367," "," ","0",289," "," ","0",256," "," ","0",333," "," ","0",372," "," ","0",378," "," ","0",394," "," ","0",344," "," ","0",339," "," ","0",333," "," ","0",333," "," ","0",339," "," ","0",322," "," ","0",322," "," ","0",344," "," ","0",239," "," ","0",283," "," ","0",300," "," ","0",317," "," ","0",233," "," ","0",300," "," ","0",328," "," ","0",317," "," ","0",328," "," ","0",350," "," ","0",267," "," ","0",300," "," ","0",328," "," ","0",344," "," ","0",300," "," ","0"
"3343","USC00413787",1992,7,"TMIN",NA," "," "," ",156," "," ","0",133," "," ","0",144," "," ","0",172," "," ","0",183," "," ","0",228," ","I","0",167," "," ","0",183," "," ","0",194," "," ","0",178," "," ","0",178," "," ","0",178," "," ","0",178," "," ","0",178," "," ","0",128," "," ","0",144," "," ","0",139," "," ","0",178," "," ","0",172," "," ","0",167," "," ","0",178," "," ","0",194," "," ","0",200," "," ","0",206," "," ","0",183," "," ","0",178," "," ","0",167," "," ","0",161," "," ","0",161," "," ","0",161," "," ","0"
"3344","USC00413787",1992,7,"TOBS",NA," "," "," ",172," "," ","0",144," "," ","0",200," "," ","0",217," "," ","0",217," ","I","0",244," "," ","0",194," "," ","0",211," "," ","0",200," "," ","0",200," "," ","0",256," "," ","0",200," "," ","0",156," ","I","0",200," "," ","0",167," "," ","0",167," "," ","0",211," "," ","0",211," "," ","0",172," "," ","0",183," "," ","0",200," "," ","0",267," "," ","0",217," "," ","0",211," "," ","0",194," "," ","0",189," "," ","0",178," "," ","0",172," "," ","0",183," "," ","0",178," "," ","0"
"3345","USC00413787",1992,7,"PRCP",0," "," ","0",0,"P"," ","0",0,"P"," ","0",0,"P"," ","0",13," "," ","0",0,"P"," ","0",0,"P"," ","0",0,"P"," ","0",0,"P"," ","0",36," "," ","0",38," "," ","0",0,"P"," ","0",0,"P"," ","0",5," "," ","0",0,"P"," ","0",353," "," ","0",0,"P"," ","0",284," "," ","0",0,"P"," ","0",5," "," ","0",137," "," ","0",0,"P"," ","0",0,"P"," ","0",0,"P"," ","0",0,"P"," ","0",25," "," ","0",0,"P"," ","0",0,"P"," ","0",0,"P"," ","0",0,"P"," ","0",0,"P"," ","0"
"3346","USC00413787",1992,7,"SNOW",0,"P"," ","0",0,"P"," ","0",0,"P"," ","0",0,"P"," ","0",0,"P"," ","0",0,"P"," ","0",0,"P"," ","0",0,"P"," ","0",0,"P"," ","0",0,"P"," ","0",0,"P"," ","0",0,"P"," ","0",0,"P"," ","0",0,"P"," ","0",0,"P"," ","0",0,"P"," ","0",0,"P"," ","0",0,"P"," ","0",0,"P"," ","0",0,"P"," ","0",0,"P"," ","0",0,"P"," ","0",0,"P"," ","0",0,"P"," ","0",0,"P"," ","0",0,"P"," ","0",0,"P"," ","0",0,"P"," ","0",0,"P"," ","0",0,"P"," ","0",0,"P"," ","0"
"3347","USC00413787",1992,7,"SNWD",0," "," ","0",0,"P"," ","0",0,"P"," ","0",0,"P"," ","0",0,"P"," ","0",0,"P"," ","0",0,"P"," ","0",0,"P"," ","0",0,"P"," ","0",0,"P"," ","0",0,"P"," ","0",0,"P"," ","0",0,"P"," ","0",0,"P"," ","0",0,"P"," ","0",0,"P"," ","0",0,"P"," ","0",0,"P"," ","0",0,"P"," ","0",0,"P"," ","0",0,"P"," ","0",0,"P"," ","0",0,"P"," ","0",0,"P"," ","0",0,"P"," ","0",0,"P"," ","0",0,"P"," ","0",0,"P"," ","0",0,"P"," ","0",0,"P"," ","0",0,"P"," ","0"
"3348","USC00413787",1992,8,"TMAX",294," "," ","0",339," "," ","0",361," "," ","0",328," "," ","0",322," "," ","0",322," "," ","0",356," "," ","0",378," "," ","0",367," "," ","0",356," "," ","0",NA," "," "," ",256," "," ","0",289," "," ","0",233," "," ","0",244," "," ","0",NA," "," "," ",283," "," ","0",217," "," ","0",194," "," ","0",239," "," ","0",256," "," ","0",289," "," ","0",306," "," ","0",300," "," ","0",289," "," ","0",172," "," ","0",194," "," ","0",NA," "," "," ",306," "," ","0",328," "," ","0",233," "," ","0"
"3349","USC00413787",1992,8,"TMIN",161," "," ","0",150," "," ","0",144," "," ","0",178," "," ","0",178," "," ","0",183," "," ","0",200," "," ","0",200," "," ","0",200," "," ","0",172," "," ","0",NA," "," "," ",150," "," ","0",133," "," ","0",133," "," ","0",133," "," ","0",NA," "," "," ",150," "," ","0",139," "," ","0",144," "," ","0",133," "," ","0",144," "," ","0",167," "," ","0",172," "," ","0",167," "," ","0",133," "," ","0",122," "," ","0",111," "," ","0",NA," "," "," ",111," "," ","0",128," "," ","0",133," "," ","0"
"3350","USC00413787",1992,8,"TOBS",183," "," ","0",150," "," ","0",183," "," ","0",178," "," ","0",194," "," ","0",200," "," ","0",278," "," ","0",267," "," ","0",211," "," ","0",178," "," ","0",NA," "," "," ",222," "," ","0",139," "," ","0",144," "," ","0",156," "," ","0",NA," "," "," ",167," "," ","0",150," "," ","0",150," "," ","0",144," "," ","0",206," "," ","0",178," "," ","0",211," "," ","0",178," "," ","0",133," "," ","0",128," "," ","0",6," ","O","0",NA," "," "," ",144," "," ","0",133," "," ","0",161," "," ","0"
"3351","USC00413787",1992,8,"PRCP",61," "," ","0",0,"P"," ","0",0,"P"," ","0",0,"P"," ","0",130," "," ","0",0,"P"," ","0",0,"P"," ","0",0,"P"," ","0",0,"P"," ","0",483," "," ","0",0," "," ","0",0,"P"," ","0",229," "," ","0",229," "," ","0",0,"P"," ","0",NA," "," "," ",NA," "," "," ",3," "," ","0",3," "," ","0",0,"P"," ","0",0,"P"," ","0",0,"P"," ","0",0,"P"," ","0",0,"P"," ","0",282," "," ","0",0,"P"," ","0",13," "," ","0",0," "," ","0",0,"P"," ","0",13," "," ","0",0,"P"," ","0"
"3352","USC00413787",1992,8,"SNOW",0,"P"," ","0",0,"P"," ","0",0,"P"," ","0",0,"P"," ","0",0,"P"," ","0",0,"P"," ","0",0,"P"," ","0",0,"P"," ","0",0,"P"," ","0",0,"P"," ","0",0,"P"," ","0",0,"P"," ","0",0,"P"," ","0",0,"P"," ","0",0,"P"," ","0",0," "," ","0",0,"P"," ","0",0,"P"," ","0",0,"P"," ","0",0,"P"," ","0",0,"P"," ","0",0,"P"," ","0",0,"P"," ","0",0,"P"," ","0",0,"P"," ","0",0,"P"," ","0",0,"P"," ","0",0,"P"," ","0",0,"P"," ","0",0,"P"," ","0",0,"P"," ","0"
"3353","USC00413787",1992,8,"SNWD",0," "," ","0",0,"P"," ","0",0,"P"," ","0",0,"P"," ","0",0,"P"," ","0",0,"P"," ","0",0,"P"," ","0",0,"P"," ","0",0,"P"," ","0",0,"P"," ","0",0,"P"," ","0",0,"P"," ","0",0,"P"," ","0",0,"P"," ","0",0,"P"," ","0",0," "," ","0",0,"P"," ","0",0,"P"," ","0",0,"P"," ","0",0,"P"," ","0",0,"P"," ","0",0,"P"," ","0",0,"P"," ","0",0,"P"," ","0",0,"P"," ","0",0,"P"," ","0",0,"P"," ","0",0,"P"," ","0",0,"P"," ","0",0,"P"," ","0",0,"P"," ","0"
"3354","USC00413787",1992,8,"DAPR",NA," "," "," ",NA," "," "," ",NA," "," "," ",NA," "," "," ",NA," "," "," ",NA," "," "," ",NA," "," "," ",NA," "," "," ",NA," "," "," ",NA," "," "," ",NA," "," "," ",NA," "," "," ",NA," "," "," ",NA," "," "," ",NA," "," "," ",NA," "," "," ",2," "," ","0",NA," "," "," ",NA," "," "," ",NA," "," "," ",NA," "," "," ",NA," "," "," ",NA," "," "," ",NA," "," "," ",NA," "," "," ",NA," "," "," ",NA," "," "," ",NA," "," "," ",NA," "," "," ",NA," "," "," ",NA," "," "," "
"3355","USC00413787",1992,8,"MDPR",NA," "," "," ",NA," "," "," ",NA," "," "," ",NA," "," "," ",NA," "," "," ",NA," "," "," ",NA," "," "," ",NA," "," "," ",NA," "," "," ",NA," "," "," ",NA," "," "," ",NA," "," "," ",NA," "," "," ",NA," "," "," ",NA," "," "," ",NA," "," "," ",409," "," ","0",NA," "," "," ",NA," "," "," ",NA," "," "," ",NA," "," "," ",NA," "," "," ",NA," "," "," ",NA," "," "," ",NA," "," "," ",NA," "," "," ",NA," "," "," ",NA," "," "," ",NA," "," "," ",NA," "," "," ",NA," "," "," "
"3356","USC00413787",1992,9,"TMAX",211," "," ","0",306," "," ","0",306," "," ","0",317," "," ","0",300," "," ","0",294," "," ","0",311," "," ","0",300," "," ","0",300," "," ","0",317," "," ","0",239," "," ","0",244," "," ","0",311," "," ","0",317," "," ","0",317," "," ","0",300," "," ","0",306," "," ","0",328," "," ","0",194," "," ","0",250," "," ","0",294," "," ","0",244," "," ","0",250," "," ","0",278," "," ","0",317," "," ","0",250," "," ","0",283," "," ","0",211," "," ","0",283," "," ","0",NA," "," "," ",NA," "," "," "
"3357","USC00413787",1992,9,"TMIN",144," "," ","0",122," "," ","0",133," "," ","0",144," "," ","0",183," "," ","0",156," "," ","0",161," "," ","0",117," "," ","0",117," "," ","0",139," "," ","0",144," "," ","0",139," "," ","0",161," "," ","0",189," "," ","0",183," "," ","0",178," "," ","0",161," "," ","0",150," "," ","0",122," "," ","0",111," "," ","0",100," "," ","0",72," "," ","0",78," "," ","0",106," "," ","0",78," "," ","0",78," "," ","0",83," "," ","0",72," "," ","0",72," "," ","0",NA," "," "," ",NA," "," "," "
"3358","USC00413787",1992,9,"TOBS",150," "," ","0",139," "," ","0",144," "," ","0",189," "," ","0",200," "," ","0",183," "," ","0",211," "," ","0",122," "," ","0",183," "," ","0",150," "," ","0",161," "," ","0",161," "," ","0",200," "," ","0",189," "," ","0",189," "," ","0",183," "," ","0",167," "," ","0",150," "," ","0",128," "," ","0",156," "," ","0",100," "," ","0",78," "," ","0",100," "," ","0",128," "," ","0",83," "," ","0",133," "," ","0",83," "," ","0",72," "," ","0",83," "," ","0",NA," "," "," ",NA," "," "," "
"3359","USC00413787",1992,9,"PRCP",0,"P"," ","0",0,"P"," ","0",0,"P"," ","0",5," "," ","0",0,"P"," ","0",0,"P"," ","0",0,"P"," ","0",3," "," ","0",0,"P"," ","0",0,"P"," ","0",0,"P"," ","0",0,"P"," ","0",0,"P"," ","0",0,"P"," ","0",0,"P"," ","0",13," "," ","0",0,"P"," ","0",0,"P"," ","0",0,"P"," ","0",0,"P"," ","0",0,"P"," ","0",0,"P"," ","0",0,"P"," ","0",0,"P"," ","0",0,"P"," ","0",0,"P"," ","0",0,"P"," ","0",0,"P"," ","0",0,"P"," ","0",0," "," ","0",NA," "," "," "
"3360","USC00413787",1992,9,"SNOW",0,"P"," ","0",0,"P"," ","0",0,"P"," ","0",0,"P"," ","0",0,"P"," ","0",0,"P"," ","0",0,"P"," ","0",0,"P"," ","0",0,"P"," ","0",0,"P"," ","0",0,"P"," ","0",0,"P"," ","0",0,"P"," ","0",0,"P"," ","0",0,"P"," ","0",0,"P"," ","0",0,"P"," ","0",0,"P"," ","0",0,"P"," ","0",0,"P"," ","0",0,"P"," ","0",0,"P"," ","0",0,"P"," ","0",0,"P"," ","0",0,"P"," ","0",0,"P"," ","0",0,"P"," ","0",0,"P"," ","0",0,"P"," ","0",0,"P"," ","0",NA," "," "," "
"3361","USC00413787",1992,9,"SNWD",0," "," ","0",0,"P"," ","0",0,"P"," ","0",0,"P"," ","0",0,"P"," ","0",0,"P"," ","0",0,"P"," ","0",0,"P"," ","0",0,"P"," ","0",0,"P"," ","0",0,"P"," ","0",0,"P"," ","0",0,"P"," ","0",0,"P"," ","0",0,"P"," ","0",0,"P"," ","0",0,"P"," ","0",0,"P"," ","0",0,"P"," ","0",0,"P"," ","0",0,"P"," ","0",0,"P"," ","0",0,"P"," ","0",0,"P"," ","0",0,"P"," ","0",0,"P"," ","0",0,"P"," ","0",0,"P"," ","0",0,"P"," ","0",0,"P"," ","0",NA," "," "," "
"3362","USC00413787",1992,10,"TMAX",300," "," ","0",306," "," ","0",306," "," ","0",306," "," ","0",311," "," ","0",294," "," ","0",267," "," ","0",144," "," ","0",194," "," ","0",239," "," ","0",261," "," ","0",272," "," ","0",289," "," ","0",322," "," ","0",194," "," ","0",206," "," ","0",106," "," ","0",200," "," ","0",194," "," ","0",256," "," ","0",278," "," ","0",250," "," ","0",250," "," ","0",272," "," ","0",233," "," ","0",272," "," ","0",272," "," ","0",222," "," ","0",150," "," ","0",106," "," ","0",150," "," ","0"
"3363","USC00413787",1992,10,"TMIN",72," "," ","0",72," "," ","0",72," "," ","0",78," "," ","0",100," ","I","0",111," "," ","0",111," "," ","0",-11," "," ","0",-11," "," ","0",33," "," ","0",56," "," ","0",67," "," ","0",61," "," ","0",83," "," ","0",17," "," ","0",6," "," ","0",-6," "," ","0",0," "," ","0",11," "," ","0",61," "," ","0",72," "," ","0",106," "," ","0",106," "," ","0",106," "," ","0",106," "," ","0",100," "," ","0",28," "," ","0",44," "," ","0",39," "," ","0",39," "," ","0",44," "," ","0"
"3364","USC00413787",1992,10,"TOBS",72," "," ","0",72," "," ","0",78," "," ","0",78," ","I","0",178," "," ","0",111," "," ","0",139," "," ","0",-11," "," ","0",33," "," ","0",56," "," ","0",100," "," ","0",67," "," ","0",89," "," ","0",83," "," ","0",17," "," ","0",6," "," ","0",0," "," ","0",17," "," ","0",128," "," ","0",78," "," ","0",111," "," ","0",133," "," ","0",117," "," ","0",100," "," ","0",156," "," ","0",106," "," ","0",44," "," ","0",78," "," ","0",44," "," ","0",44," "," ","0",94," "," ","0"
"3365","USC00413787",1992,10,"PRCP",0,"P"," ","0",0,"P"," ","0",0,"P"," ","0",0,"P"," ","0",0,"P"," ","0",0,"P"," ","0",0,"P"," ","0",33," "," ","0",0,"P"," ","0",0,"P"," ","0",0,"P"," ","0",0,"P"," ","0",0,"P"," ","0",0,"P"," ","0",0,"P"," ","0",0,"P"," ","0",0,"P"," ","0",0,"P"," ","0",0,"P"," ","0",0,"P"," ","0",0,"P"," ","0",0,"P"," ","0",0,"P"," ","0",0,"P"," ","0",0,"P"," ","0",5," "," ","0",0,"P"," ","0",0,"P"," ","0",0,"P"," ","0",0,"P"," ","0",0,"P"," ","0"
"3366","USC00413787",1992,10,"SNOW",0,"P"," ","0",0,"P"," ","0",0,"P"," ","0",0,"P"," ","0",0,"P"," ","0",0,"P"," ","0",0,"P"," ","0",0,"P"," ","0",0,"P"," ","0",0,"P"," ","0",0,"P"," ","0",0,"P"," ","0",0,"P"," ","0",0,"P"," ","0",0,"P"," ","0",0,"P"," ","0",0,"P"," ","0",0,"P"," ","0",0,"P"," ","0",0,"P"," ","0",0,"P"," ","0",0,"P"," ","0",0,"P"," ","0",0,"P"," ","0",0,"P"," ","0",0,"P"," ","0",0,"P"," ","0",0,"P"," ","0",0,"P"," ","0",0,"P"," ","0",0,"P"," ","0"
"3367","USC00413787",1992,10,"SNWD",0," "," ","0",0,"P"," ","0",0,"P"," ","0",0,"P"," ","0",0,"P"," ","0",0,"P"," ","0",0,"P"," ","0",0,"P"," ","0",0,"P"," ","0",0,"P"," ","0",0,"P"," ","0",0,"P"," ","0",0,"P"," ","0",0,"P"," ","0",0,"P"," ","0",0,"P"," ","0",0,"P"," ","0",0,"P"," ","0",0,"P"," ","0",0,"P"," ","0",0,"P"," ","0",0,"P"," ","0",0,"P"," ","0",0,"P"," ","0",0,"P"," ","0",0,"P"," ","0",0,"P"," ","0",0,"P"," ","0",0,"P"," ","0",0,"P"," ","0",0,"P"," ","0"
"3368","USC00413787",1992,11,"TMAX",222," "," ","0",150," "," ","0",178," "," ","0",83," "," ","0",72," "," ","0",89," "," ","0",111," "," ","0",167," "," ","0",228," "," ","0",239," "," ","0",128," "," ","0",28," "," ","0",106," "," ","0",117," "," ","0",194," "," ","0",211," "," ","0",206," "," ","0",144," "," ","0",50," "," ","0",78," "," ","0",56," "," ","0",0," "," ","0",78," "," ","0",17," "," ","0",-39," "," ","0",-28," "," ","0",6," "," ","0",44," "," ","0",44," "," ","0",89," "," ","0",NA," "," "," "
"3369","USC00413787",1992,11,"TMIN",61," "," ","0",-6," "," ","0",0," "," ","0",-28," "," ","0",-44," "," ","0",-61," "," ","0",-50," "," ","0",-22," "," ","0",-11," "," ","0",-6," "," ","0",11," "," ","0",-11," "," ","0",-61," "," ","0",-44," "," ","0",-11," "," ","0",-11," "," ","0",11," "," ","0",28," "," ","0",28," "," ","0",33," "," ","0",-6," "," ","0",-61," "," ","0",-61," "," ","0",-39," "," ","0",-72," "," ","0",-156," "," ","0",-128," "," ","0",-117," "," ","0",-106," "," ","0",-78," "," ","0",NA," "," "," "
"3370","USC00413787",1992,11,"TOBS",67," "," ","0",28," "," ","0",11," "," ","0",-17," "," ","0",-39," "," ","0",-50," "," ","0",-22," "," ","0",56," "," ","0",-6," "," ","0",44," "," ","0",11," "," ","0",6," "," ","0",-39," "," ","0",22," "," ","0",56," "," ","0",11," "," ","0",33," "," ","0",33," "," ","0",33," "," ","0",44," "," ","0",-6," "," ","0",-33," "," ","0",-33," "," ","0",-39," "," ","0",-67," "," ","0",-128," "," ","0",-39," "," ","0",-106," "," ","0",-28," "," ","0",-17," "," ","0",NA," "," "," "
"3371","USC00413787",1992,11,"PRCP",18," "," ","0",0,"P"," ","0",76," "," ","0",0,"P"," ","0",0,"P"," ","0",0,"P"," ","0",0,"P"," ","0",0,"P"," ","0",0,"P"," ","0",0,"P"," ","0",23," "," ","0",3," "," ","0",0,"P"," ","0",0,"P"," ","0",0,"P"," ","0",0,"P"," ","0",0,"P"," ","0",0,"T"," ","0",15," "," ","0",0,"P"," ","0",18," "," ","0",58," "," ","0",0,"P"," ","0",53," "," ","0",272," "," ","0",0,"P"," ","0",0,"P"," ","0",0,"P"," ","0",0,"P"," ","0",0,"P"," ","0",NA," "," "," "
"3372","USC00413787",1992,11,"SNOW",0,"P"," ","0",0,"P"," ","0",0,"P"," ","0",0,"P"," ","0",0,"P"," ","0",0,"P"," ","0",0,"P"," ","0",0,"P"," ","0",0,"P"," ","0",0,"P"," ","0",0,"P"," ","0",0,"P"," ","0",0,"P"," ","0",0,"P"," ","0",0,"P"," ","0",0,"P"," ","0",0,"P"," ","0",0,"P"," ","0",0,"P"," ","0",0,"P"," ","0",0,"P"," ","0",0,"P"," ","0",0,"P"," ","0",0,"P"," ","0",127," "," ","0",0,"P"," ","0",0,"P"," ","0",0,"P"," ","0",0,"P"," ","0",0,"P"," ","0",NA," "," "," "
"3373","USC00413787",1992,11,"SNWD",0," "," ","0",0,"P"," ","0",0,"P"," ","0",0,"P"," ","0",0,"P"," ","0",0,"P"," ","0",0,"P"," ","0",0,"P"," ","0",0,"P"," ","0",0,"P"," ","0",0,"P"," ","0",0,"P"," ","0",0,"P"," ","0",0,"P"," ","0",0,"P"," ","0",0,"P"," ","0",0,"P"," ","0",0,"P"," ","0",0,"P"," ","0",0,"P"," ","0",0,"P"," ","0",0,"P"," ","0",0,"P"," ","0",0,"P"," ","0",NA," "," "," ",NA," "," "," ",NA," "," "," ",0," "," ","0",0,"P"," ","0",0,"P"," ","0",NA," "," "," "
"3374","USC00413787",1992,12,"TMAX",89," "," ","0",83," "," ","0",61," "," ","0",89," "," ","0",-33," "," ","0",-33," "," ","0",56," "," ","0",33," "," ","0",56," "," ","0",106," "," ","0",100," "," ","0",150," "," ","0",72," "," ","0",-22," "," ","0",-44," "," ","0",17," "," ","0",-11," "," ","0",17," "," ","0",100," "," ","0",-22," "," ","0",61," "," ","0",17," "," ","0",72," "," ","0",78," "," ","0",83," "," ","0",39," "," ","0",94," "," ","0",144," "," ","0",167," "," ","0",200," "," ","0",206," "," ","0"
"3375","USC00413787",1992,12,"TMIN",-78," "," ","0",-56," "," ","0",-50," "," ","0",-50," "," ","0",-78," "," ","0",-78," "," ","0",-106," "," ","0",-100," "," ","0",-39," "," ","0",-11," "," ","0",-11," "," ","0",22," "," ","0",-28," "," ","0",-67," "," ","0",-161," "," ","0",-100," "," ","0",-150," "," ","0",-144," "," ","0",-72," "," ","0",-83," "," ","0",-44," "," ","0",-39," "," ","0",-56," "," ","0",-89," "," ","0",-50," "," ","0",-50," "," ","0",-67," "," ","0",-28," "," ","0",44," "," ","0",56," "," ","0",-106," "," ","0"
"3376","USC00413787",1992,12,"TOBS",-17," "," ","0",-44," "," ","0",28," "," ","0",-50," "," ","0",-72," "," ","0",-33," "," ","0",-100," "," ","0",-33," "," ","0",-11," "," ","0",-6," "," ","0",28," "," ","0",44," "," ","0",-22," "," ","0",-67," "," ","0",-100," "," ","0",-22," "," ","0",-144," "," ","0",-17," "," ","0",-56," "," ","0",-28," "," ","0",-39," "," ","0",-22," "," ","0",-33," "," ","0",-44," "," ","0",-11," "," ","0",-44," "," ","0",-28," "," ","0",44," "," ","0",67," "," ","0",72," "," ","0",-106," "," ","0"
"3377","USC00413787",1992,12,"PRCP",0,"P"," ","0",0,"P"," ","0",0,"P"," ","0",0,"P"," ","0",107," "," ","0",20," "," ","0",0,"P"," ","0",0,"P"," ","0",0,"P"," ","0",0,"P"," ","0",0,"P"," ","0",0,"P"," ","0",0,"P"," ","0",147," "," ","0",0,"P"," ","0",0,"P"," ","0",0,"P"," ","0",0,"P"," ","0",0,"P"," ","0",0,"P"," ","0",0,"P"," ","0",0,"P"," ","0",0,"P"," ","0",0,"P"," ","0",0,"P"," ","0",0,"P"," ","0",0,"P"," ","0",0,"P"," ","0",0,"P"," ","0",0,"P"," ","0",0,"P"," ","0"
"3378","USC00413787",1992,12,"SNOW",0,"P"," ","0",0,"P"," ","0",0,"P"," ","0",0,"P"," ","0",NA," "," "," ",NA," "," "," ",0,"P"," ","0",0,"P"," ","0",0,"P"," ","0",0,"P"," ","0",0,"P"," ","0",0,"P"," ","0",0,"P"," ","0",203," "," ","0",0,"P"," ","0",0,"P"," ","0",0,"P"," ","0",0,"P"," ","0",0,"P"," ","0",0,"P"," ","0",0,"P"," ","0",0,"P"," ","0",0,"P"," ","0",0,"P"," ","0",0,"P"," ","0",0,"P"," ","0",0,"P"," ","0",0,"P"," ","0",0,"P"," ","0",0,"P"," ","0",0,"P"," ","0"
"3379","USC00413787",1992,12,"SNWD",0," "," ","0",0,"P"," ","0",0,"P"," ","0",0,"P"," ","0",NA," "," "," ",NA," "," "," ",NA," "," "," ",NA," "," "," ",0," "," ","0",0,"P"," ","0",0,"P"," ","0",0,"P"," ","0",0,"P"," ","0",NA," "," "," ",NA," "," "," ",NA," "," "," ",NA," "," "," ",NA," "," "," ",NA," "," "," ",0," "," ","0",0,"P"," ","0",0,"P"," ","0",0,"P"," ","0",0,"P"," ","0",0,"P"," ","0",0,"P"," ","0",0,"P"," ","0",0,"P"," ","0",0,"P"," ","0",0,"P"," ","0",0,"P"," ","0"
"3380","USC00413787",1993,1,"TMAX",-33," "," ","0",56," "," ","0",156," "," ","0",133," "," ","0",33," "," ","0",67," "," ","0",22," "," ","0",39," "," ","0",-11," "," ","0",-83," "," ","0",-56," "," ","0",0," "," ","0",-28," "," ","0",-78," "," ","0",-6," "," ","0",-11," "," ","0",67," "," ","0",-39," "," ","0",-50," "," ","0",-11," "," ","0",39," "," ","0",117," "," ","0",111," "," ","0",39," "," ","0",39," "," ","0",83," "," ","0",144," "," ","0",167," "," ","0",106," "," ","0",-17," "," ","0",100," "," ","0"
"3381","USC00413787",1993,1,"TMIN",-111," "," ","0",-50," ","I","0",33," "," ","0",-72," "," ","0",-72," "," ","0",-44," "," ","0",-44," "," ","0",-44," "," ","0",-94," "," ","0",-161," "," ","0",-133," "," ","0",-89," "," ","0",-156," "," ","0",-144," "," ","0",-78," "," ","0",-72," "," ","0",-56," "," ","0",-72," "," ","0",-72," "," ","0",-72," "," ","0",-78," "," ","0",-50," "," ","0",-33," "," ","0",-89," "," ","0",-67," "," ","0",-67," "," ","0",-22," "," ","0",-22," "," ","0",-89," "," ","0",-83," "," ","0",-56," "," ","0"
"3382","USC00413787",1993,1,"TOBS",-111," ","I","0",56," "," ","0",44," "," ","0",-72," "," ","0",-6," "," ","0",-44," "," ","0",22," "," ","0",-39," "," ","0",-94," "," ","0",-128," "," ","0",-56," "," ","0",-89," "," ","0",-139," "," ","0",-78," "," ","0",-67," "," ","0",-50," "," ","0",-44," "," ","0",-72," "," ","0",-72," "," ","0",-17," "," ","0",-33," "," ","0",-33," "," ","0",28," "," ","0",-67," "," ","0",-61," "," ","0",-22," "," ","0",-6," "," ","0",6," "," ","0",-83," "," ","0",-56," "," ","0",6," "," ","0"
"3383","USC00413787",1993,1,"PRCP",36," "," ","0",0,"P"," ","0",0,"P"," ","0",0,"P"," ","0",0,"P"," ","0",0,"P"," ","0",0,"P"," ","0",0,"P"," ","0",107," "," ","0",53," "," ","0",0,"P"," ","0",0,"P"," ","0",0,"P"," ","0",0,"P"," ","0",0,"P"," ","0",0,"P"," ","0",0,"P"," ","0",0,"P"," ","0",0,"P"," ","0",81," "," ","0",0,"P"," ","0",0,"P"," ","0",8," "," ","0",0,"P"," ","0",0,"P"," ","0",0,"P"," ","0",0,"P"," ","0",0,"P"," ","0",0,"P"," ","0",0,"P"," ","0",0,"P"," ","0"
"3384","USC00413787",1993,1,"SNOW",NA," "," "," ",0,"P"," ","0",0,"P"," ","0",0,"P"," ","0",0,"P"," ","0",0,"P"," ","0",0,"P"," ","0",0,"P"," ","0",0,"P"," ","0",NA," "," "," ",0,"P"," ","0",0,"P"," ","0",0,"P"," ","0",0,"P"," ","0",0,"P"," ","0",0,"P"," ","0",0,"P"," ","0",0,"P"," ","0",0,"P"," ","0",NA," "," "," ",0,"P"," ","0",0,"P"," ","0",0,"P"," ","0",0,"P"," ","0",0,"P"," ","0",0,"P"," ","0",0,"P"," ","0",0,"P"," ","0",0,"P"," ","0",0,"P"," ","0",0,"P"," ","0"
"3385","USC00413787",1993,1,"SNWD",NA," "," "," ",0," "," ","0",0,"P"," ","0",0,"P"," ","0",0,"P"," ","0",0,"P"," ","0",0,"P"," ","0",0,"P"," ","0",0,"P"," ","0",102," "," ","0",NA," "," "," ",NA," "," "," ",NA," "," "," ",NA," "," "," ",NA," "," "," ",NA," "," "," ",NA," "," "," ",NA," "," "," ",NA," "," "," ",127," "," ","0",NA," "," "," ",NA," "," "," ",0," "," ","0",0,"P"," ","0",0,"P"," ","0",0,"P"," ","0",0,"P"," ","0",0,"P"," ","0",0,"P"," ","0",0,"P"," ","0",0,"P"," ","0"
"3386","USC00413787",1993,2,"TMAX",150," "," ","0",172," "," ","0",139," "," ","0",83," "," ","0",39," "," ","0",67," "," ","0",161," "," ","0",194," "," ","0",133," "," ","0",178," "," ","0",89," "," ","0",-28," "," ","0",117," "," ","0",94," "," ","0",33," "," ","0",-11," "," ","0",-117," "," ","0",-111," "," ","0",33," "," ","0",206," "," ","0",206," "," ","0",89," "," ","0",128," "," ","0",33," "," ","0",67," "," ","0",28," "," ","0",56," "," ","0",78," "," ","0",NA," "," "," ",NA," "," "," ",NA," "," "," "
"3387","USC00413787",1993,2,"TMIN",-17," "," ","0",-17," "," ","0",-17," "," ","0",-22," "," ","0",-33," "," ","0",-61," "," ","0",-44," "," ","0",-22," "," ","0",-17," "," ","0",0," "," ","0",-89," "," ","0",-100," "," ","0",-89," "," ","0",-22," "," ","0",-28," "," ","0",-139," "," ","0",-161," "," ","0",-161," "," ","0",-111," "," ","0",-6," "," ","0",-22," "," ","0",-72," "," ","0",-72," "," ","0",-78," "," ","0",-56," "," ","0",-94," "," ","0",-89," "," ","0",-39," "," ","0",NA," "," "," ",NA," "," "," ",NA," "," "," "
"3388","USC00413787",1993,2,"TOBS",-17," "," ","0",0," "," ","0",0," "," ","0",-11," "," ","0",-17," "," ","0",-39," "," ","0",22," "," ","0",-17," "," ","0",0," "," ","0",67," "," ","0",-89," "," ","0",-89," "," ","0",-22," "," ","0",6," "," ","0",-28," "," ","0",-139," "," ","0",-156," "," ","0",-111," "," ","0",28," "," ","0",50," "," ","0",-22," "," ","0",-67," "," ","0",-67," "," ","0",-56," "," ","0",-39," "," ","0",-89," "," ","0",-33," "," ","0",39," "," ","0",NA," "," "," ",NA," "," "," ",NA," "," "," "
"3389","USC00413787",1993,2,"PRCP",0,"P"," ","0",0,"P"," ","0",0,"P"," ","0",0,"P"," ","0",0,"P"," ","0",0,"P"," ","0",0,"P"," ","0",0,"P"," ","0",0,"T"," ","0",0,"P"," ","0",109," "," ","0",0,"P"," ","0",0,"P"," ","0",0,"P"," ","0",NA," "," "," ",NA," "," "," ",10," "," ","0",0,"P"," ","0",0,"P"," ","0",0,"P"," ","0",0,"P"," ","0",0,"P"," ","0",0,"P"," ","0",0,"P"," ","0",0,"P"," ","0",0,"P"," ","0",0,"P"," ","0",0,"P"," ","0",NA," "," "," ",NA," "," "," ",NA," "," "," "
"3390","USC00413787",1993,2,"SNOW",0,"P"," ","0",0,"P"," ","0",0,"P"," ","0",0,"P"," ","0",0,"P"," ","0",0,"P"," ","0",0,"P"," ","0",0,"P"," ","0",0,"P"," ","0",0,"P"," ","0",NA," "," "," ",0,"P"," ","0",0,"P"," ","0",0,"P"," ","0",NA," "," "," ",NA," "," "," ",NA," "," "," ",0,"P"," ","0",0,"P"," ","0",0,"P"," ","0",0,"P"," ","0",0,"P"," ","0",0,"P"," ","0",0,"P"," ","0",0,"P"," ","0",0,"P"," ","0",0,"P"," ","0",0,"P"," ","0",NA," "," "," ",NA," "," "," ",NA," "," "," "
"3391","USC00413787",1993,2,"SNWD",0," "," ","0",0,"P"," ","0",0,"P"," ","0",0,"P"," ","0",0,"P"," ","0",0,"P"," ","0",0,"P"," ","0",0,"P"," ","0",0,"P"," ","0",0,"P"," ","0",76," "," ","0",NA," "," "," ",0," "," ","0",0,"P"," ","0",0,"P"," ","0",127," "," ","0",NA," "," "," ",NA," "," "," ",NA," "," "," ",0," "," ","0",0,"P"," ","0",0,"P"," ","0",0,"P"," ","0",0,"P"," ","0",0,"P"," ","0",0,"P"," ","0",0,"P"," ","0",0,"P"," ","0",NA," "," "," ",NA," "," "," ",NA," "," "," "
"3392","USC00413787",1993,2,"DAPR",NA," "," "," ",NA," "," "," ",NA," "," "," ",NA," "," "," ",NA," "," "," ",NA," "," "," ",NA," "," "," ",NA," "," "," ",NA," "," "," ",NA," "," "," ",NA," "," "," ",NA," "," "," ",NA," "," "," ",NA," "," "," ",NA," "," "," ",2," "," ","0",NA," "," "," ",NA," "," "," ",NA," "," "," ",NA," "," "," ",NA," "," "," ",NA," "," "," ",NA," "," "," ",NA," "," "," ",NA," "," "," ",NA," "," "," ",NA," "," "," ",NA," "," "," ",NA," "," "," ",NA," "," "," ",NA," "," "," "
"3393","USC00413787",1993,2,"MDPR",NA," "," "," ",NA," "," "," ",NA," "," "," ",NA," "," "," ",NA," "," "," ",NA," "," "," ",NA," "," "," ",NA," "," "," ",NA," "," "," ",NA," "," "," ",NA," "," "," ",NA," "," "," ",NA," "," "," ",NA," "," "," ",NA," "," "," ",130," "," ","0",NA," "," "," ",NA," "," "," ",NA," "," "," ",NA," "," "," ",NA," "," "," ",NA," "," "," ",NA," "," "," ",NA," "," "," ",NA," "," "," ",NA," "," "," ",NA," "," "," ",NA," "," "," ",NA," "," "," ",NA," "," "," ",NA," "," "," "
"3394","USC00413787",1993,3,"TMAX",128," "," ","0",50," "," ","0",111," "," ","0",NA," "," "," ",50," "," ","0",144," "," ","0",122," "," ","0",206," "," ","0",222," "," ","0",222," "," ","0",100," "," ","0",22," "," ","0",22," "," ","0",61," "," ","0",156," "," ","0",206," "," ","0",194," "," ","0",28," "," ","0",17," "," ","0",206," "," ","0",167," "," ","0",228," "," ","0",161," "," ","0",239," "," ","0",250," "," ","0",228," "," ","0",222," "," ","0",167," "," ","0",217," "," ","0",178," "," ","0",117," "," ","0"
"3395","USC00413787",1993,3,"TMIN",17," "," ","0",0," "," ","0",-11," "," ","0",NA," "," "," ",-67," "," ","0",-33," "," ","0",-6," "," ","0",0," "," ","0",-22," "," ","0",-6," "," ","0",-6," "," ","0",-50," "," ","0",-133," "," ","0",-56," "," ","0",6," "," ","0",6," "," ","0",-44," "," ","0",-44," "," ","0",-17," "," ","0",-6," "," ","0",50," "," ","0",33," "," ","0",6," "," ","0",11," "," ","0",17," "," ","0",22," "," ","0",50," "," ","0",33," "," ","0",33," "," ","0",56," "," ","0",33," "," ","0"
"3396","USC00413787",1993,3,"TOBS",17," "," ","0",6," "," ","0",0," "," ","0",NA," "," "," ",-39," "," ","0",39," "," ","0",100," "," ","0",33," "," ","0",17," "," ","0",6," "," ","0",6," "," ","0",-44," "," ","0",-56," "," ","0",6," "," ","0",22," "," ","0",28," "," ","0",-44," "," ","0",-11," "," ","0",-6," "," ","0",50," "," ","0",78," "," ","0",44," "," ","0",33," "," ","0",44," "," ","0",67," "," ","0",50," "," ","0",78," "," ","0",72," "," ","0",61," "," ","0",61," "," ","0",50," "," ","0"
"3397","USC00413787",1993,3,"PRCP",36," "," ","0",76," "," ","0",0,"P"," ","0",0," "," ","0",0,"P"," ","0",0,"P"," ","0",0,"P"," ","0",0,"P"," ","0",0,"P"," ","0",0,"P"," ","0",0,"P"," ","0",48," "," ","0",0,"T"," ","0",0,"P"," ","0",0,"P"," ","0",0,"P"," ","0",0,"P"," ","0",0,"P"," ","0",15," "," ","0",0,"P"," ","0",0,"P"," ","0",20," "," ","0",0,"P"," ","0",0,"P"," ","0",0,"P"," ","0",0,"P"," ","0",0,"P"," ","0",10," "," ","0",20," "," ","0",0,"P"," ","0",10," "," ","0"
"3398","USC00413787",1993,3,"SNOW",0,"P"," ","0",0,"P"," ","0",0,"P"," ","0",0,"P"," ","0",0,"P"," ","0",0,"P"," ","0",0,"P"," ","0",0,"P"," ","0",0,"P"," ","0",0,"P"," ","0",0,"P"," ","0",NA," "," "," ",0,"P"," ","0",0,"P"," ","0",0,"P"," ","0",0,"P"," ","0",0,"P"," ","0",0,"P"," ","0",0,"P"," ","0",0,"P"," ","0",0,"P"," ","0",0,"P"," ","0",0,"P"," ","0",0,"P"," ","0",0,"P"," ","0",0,"P"," ","0",0,"P"," ","0",0,"P"," ","0",0,"P"," ","0",0,"P"," ","0",0,"P"," ","0"
"3399","USC00413787",1993,3,"SNWD",0," "," ","0",0,"P"," ","0",0,"P"," ","0",0,"P"," ","0",0,"P"," ","0",0,"P"," ","0",0,"P"," ","0",0,"P"," ","0",0,"P"," ","0",0,"P"," ","0",0,"P"," ","0",76," "," ","0",NA," "," "," ",0," "," ","0",0,"P"," ","0",0,"P"," ","0",0,"P"," ","0",0,"P"," ","0",0,"P"," ","0",0,"P"," ","0",0,"P"," ","0",0,"P"," ","0",0,"P"," ","0",0,"P"," ","0",0,"P"," ","0",0,"P"," ","0",0,"P"," ","0",0,"P"," ","0",0,"P"," ","0",0,"P"," ","0",0,"P"," ","0"
"3400","USC00413787",1993,4,"TMAX",144," "," ","0",128," "," ","0",211," "," ","0",139," "," ","0",50," "," ","0",172," "," ","0",194," "," ","0",117," "," ","0",150," "," ","0",239," "," ","0",233," "," ","0",239," "," ","0",200," "," ","0",178," "," ","0",94," "," ","0",144," "," ","0",178," "," ","0",206," "," ","0",289," "," ","0",206," "," ","0",144," "," ","0",194," "," ","0",272," "," ","0",300," "," ","0",200," "," ","0",211," "," ","0",261," "," ","0",267," "," ","0",244," "," ","0",211," "," ","0",NA," "," "," "
"3401","USC00413787",1993,4,"TMIN",-6," "," ","0",-11," "," ","0",33," "," ","0",-6," "," ","0",6," "," ","0",28," "," ","0",33," "," ","0",0," "," ","0",0," "," ","0",17," "," ","0",28," "," ","0",17," "," ","0",39," "," ","0",17," "," ","0",-22," "," ","0",-11," "," ","0",22," "," ","0",56," "," ","0",72," "," ","0",6," "," ","0",17," "," ","0",33," "," ","0",83," "," ","0",72," "," ","0",44," "," ","0",67," "," ","0",78," "," ","0",106," "," ","0",83," "," ","0",83," "," ","0",NA," "," "," "
"3402","USC00413787",1993,4,"TOBS",11," "," ","0",33," "," ","0",106," "," ","0",6," "," ","0",22," "," ","0",56," "," ","0",39," "," ","0",11," "," ","0",17," "," ","0",122," "," ","0",67," "," ","0",78," "," ","0",44," "," ","0",17," "," ","0",-11," "," ","0",22," "," ","0",56," "," ","0",128," "," ","0",111," "," ","0",17," "," ","0",33," "," ","0",83," "," ","0",133," "," ","0",100," "," ","0",106," "," ","0",78," "," ","0",133," "," ","0",117," "," ","0",83," "," ","0",111," "," ","0",NA," "," "," "
"3403","USC00413787",1993,4,"PRCP",0,"P"," ","0",0,"P"," ","0",0,"T"," ","0",394," "," ","0",0,"P"," ","0",0,"P"," ","0",10," "," ","0",0,"P"," ","0",0,"P"," ","0",0,"P"," ","0",0,"P"," ","0",0,"P"," ","0",3," "," ","0",0,"P"," ","0",0,"P"," ","0",0,"P"," ","0",91," "," ","0",0,"P"," ","0",0,"P"," ","0",0,"P"," ","0",0,"P"," ","0",0,"P"," ","0",0,"P"," ","0",0,"P"," ","0",0,"T"," ","0",0,"P"," ","0",0,"P"," ","0",5," "," ","0",0,"P"," ","0",0,"P"," ","0",NA," "," "," "
"3404","USC00413787",1993,4,"SNOW",0,"P"," ","0",0,"P"," ","0",0,"P"," ","0",76," "," ","0",0,"P"," ","0",0,"P"," ","0",0,"P"," ","0",0,"P"," ","0",0,"P"," ","0",0,"P"," ","0",0,"P"," ","0",0,"P"," ","0",0,"P"," ","0",0,"P"," ","0",0,"P"," ","0",0,"P"," ","0",0,"P"," ","0",0,"P"," ","0",0,"P"," ","0",0,"P"," ","0",0,"P"," ","0",0,"P"," ","0",0,"P"," ","0",0,"P"," ","0",0,"P"," ","0",0,"P"," ","0",0,"P"," ","0",0,"P"," ","0",0,"P"," ","0",0,"P"," ","0",NA," "," "," "
"3405","USC00413787",1993,4,"SNWD",0," "," ","0",0,"P"," ","0",0,"P"," ","0",NA," "," "," ",NA," "," "," ",0," "," ","0",0,"P"," ","0",0,"P"," ","0",0,"P"," ","0",0,"P"," ","0",0,"P"," ","0",0,"P"," ","0",0,"P"," ","0",0,"P"," ","0",0,"P"," ","0",0,"P"," ","0",0,"P"," ","0",0,"P"," ","0",0,"P"," ","0",0,"P"," ","0",0,"P"," ","0",0,"P"," ","0",0,"P"," ","0",0,"P"," ","0",0,"P"," ","0",0,"P"," ","0",0,"P"," ","0",0,"P"," ","0",0,"P"," ","0",0,"P"," ","0",NA," "," "," "
"3406","USC00413787",1993,5,"TMAX",272," "," ","0",56," ","I","0",172," "," ","0",244," "," ","0",294," "," ","0",294," "," ","0",250," "," ","0",294," "," ","0",211," "," ","0",NA," "," "," ",211," "," ","0",150," "," ","0",211," "," ","0",250," "," ","0",317," "," ","0",289," "," ","0",144," "," ","0",300," "," ","0",261," "," ","0",272," "," ","0",200," "," ","0",278," "," ","0",294," "," ","0",261," "," ","0",250," "," ","0",217," "," ","0",NA," "," "," ",317," "," ","0",306," "," ","0",300," "," ","0",306," "," ","0"
"3407","USC00413787",1993,5,"TMIN",72," "," ","0",44," "," ","0",22," "," ","0",44," "," ","0",128," "," ","0",144," "," ","0",94," "," ","0",122," "," ","0",78," "," ","0",44," "," ","0",39," "," ","0",100," "," ","0",83," "," ","0",78," "," ","0",111," "," ","0",144," "," ","0",111," "," ","0",122," "," ","0",89," "," ","0",100," "," ","0",94," "," ","0",94," "," ","0",122," "," ","0",133," "," ","0",122," "," ","0",117," "," ","0",NA," "," "," ",128," "," ","0",144," "," ","0",106," "," ","0",133," "," ","0"
"3408","USC00413787",1993,5,"TOBS",72," "," ","0",61," "," ","0",44," "," ","0",122," "," ","0",172," "," ","0",144," "," ","0",122," "," ","0",133," "," ","0",78," "," ","0",NA," "," "," ",106," "," ","0",122," "," ","0",117," "," ","0",111," "," ","0",167," "," ","0",144," "," ","0",128," "," ","0",133," "," ","0",NA," "," "," ",106," "," ","0",122," "," ","0",206," "," ","0",172," "," ","0",150," "," ","0",122," "," ","0",144," "," ","0",NA," "," "," ",167," "," ","0",200," "," ","0",217," "," ","0",133," "," ","0"
"3409","USC00413787",1993,5,"PRCP",33," "," ","0",185," "," ","0",0,"P"," ","0",0,"P"," ","0",0,"P"," ","0",53," "," ","0",0,"P"," ","0",0,"P"," ","0",28," "," ","0",0," "," ","0",0,"P"," ","0",38," "," ","0",43," "," ","0",0,"P"," ","0",0,"P"," ","0",71," "," ","0",3," "," ","0",0,"P"," ","0",0,"P"," ","0",38," "," ","0",25," "," ","0",23," "," ","0",0,"P"," ","0",0,"P"," ","0",79," "," ","0",0,"P"," ","0",0," "," ","0",0,"P"," ","0",0,"P"," ","0",5," "," ","0",5," "," ","0"
"3410","USC00413787",1993,5,"SNOW",0,"P"," ","0",0,"P"," ","0",0,"P"," ","0",0,"P"," ","0",0,"P"," ","0",0,"P"," ","0",0,"P"," ","0",0,"P"," ","0",0,"P"," ","0",0,"P"," ","0",0,"P"," ","0",0,"P"," ","0",0,"P"," ","0",0,"P"," ","0",0,"P"," ","0",0,"P"," ","0",0,"P"," ","0",0,"P"," ","0",0,"P"," ","0",0,"P"," ","0",0,"P"," ","0",0,"P"," ","0",0,"P"," ","0",0,"P"," ","0",0,"P"," ","0",0,"P"," ","0",0,"P"," ","0",0,"P"," ","0",0,"P"," ","0",0,"P"," ","0",0,"P"," ","0"
"3411","USC00413787",1993,5,"SNWD",0," "," ","0",0,"P"," ","0",0,"P"," ","0",0,"P"," ","0",0,"P"," ","0",0,"P"," ","0",0,"P"," ","0",0,"P"," ","0",0,"P"," ","0",0,"P"," ","0",0,"P"," ","0",0,"P"," ","0",0,"P"," ","0",0,"P"," ","0",0,"P"," ","0",0,"P"," ","0",0,"P"," ","0",0,"P"," ","0",0,"P"," ","0",0,"P"," ","0",0,"P"," ","0",0,"P"," ","0",0,"P"," ","0",0,"P"," ","0",0,"P"," ","0",0,"P"," ","0",0,"P"," ","0",0,"P"," ","0",0,"P"," ","0",0,"P"," ","0",0,"P"," ","0"
"3412","USC00413787",1993,6,"TMAX",306," "," ","0",333," "," ","0",289," "," ","0",283," "," ","0",200," "," ","0",217," "," ","0",356," "," ","0",294," "," ","0",272," "," ","0",306," "," ","0",272," "," ","0",317," "," ","0",344," "," ","0",333," "," ","0",283," "," ","0",333," "," ","0",311," "," ","0",267," "," ","0",272," "," ","0",228," "," ","0",294," "," ","0",306," "," ","0",328," "," ","0",356," "," ","0",267," "," ","0",256," "," ","0",289," "," ","0",350," "," ","0",372," "," ","0",361," "," ","0",NA," "," "," "
"3413","USC00413787",1993,6,"TMIN",133," "," ","0",133," "," ","0",144," "," ","0",83," "," ","0",100," "," ","0",106," "," ","0",211," "," ","0",89," "," ","0",117," "," ","0",117," "," ","0",94," "," ","0",128," "," ","0",172," "," ","0",183," "," ","0",178," "," ","0",183," "," ","0",189," "," ","0",150," "," ","0",144," "," ","0",133," "," ","0",167," "," ","0",156," "," ","0",172," "," ","0",167," "," ","0",172," "," ","0",139," "," ","0",156," "," ","0",189," "," ","0",217," "," ","0",228," "," ","0",NA," "," "," "
"3414","USC00413787",1993,6,"TOBS",161," "," ","0",178," "," ","0",150," "," ","0",106," "," ","0",106," "," ","0",217," "," ","0",217," "," ","0",133," "," ","0",144," "," ","0",133," "," ","0",128," "," ","0",189," "," ","0",233," "," ","0",183," "," ","0",211," "," ","0",211," "," ","0",194," "," ","0",150," "," ","0",167," "," ","0",206," "," ","0",183," "," ","0",172," "," ","0",-117," ","O","0",172," "," ","0",178," "," ","0",167," "," ","0",189," "," ","0",211," "," ","0",228," "," ","0",233," "," ","0",NA," "," "," "
"3415","USC00413787",1993,6,"PRCP",0,"T"," ","0",0,"P"," ","0",0,"P"," ","0",8," "," ","0",0,"P"," ","0",0,"P"," ","0",0,"P"," ","0",0,"P"," ","0",0,"P"," ","0",0,"P"," ","0",43," "," ","0",0,"P"," ","0",0,"P"," ","0",0,"P"," ","0",0,"P"," ","0",0,"P"," ","0",0,"P"," ","0",216," "," ","0",427," "," ","0",0,"P"," ","0",0,"P"," ","0",145," "," ","0",0,"P"," ","0",0,"P"," ","0",0,"P"," ","0",419," "," ","0",0,"P"," ","0",0,"P"," ","0",0,"P"," ","0",0,"P"," ","0",NA," "," "," "
"3416","USC00413787",1993,6,"SNOW",0,"P"," ","0",0,"P"," ","0",0,"P"," ","0",0,"P"," ","0",0,"P"," ","0",0,"P"," ","0",0,"P"," ","0",0,"P"," ","0",0,"P"," ","0",0,"P"," ","0",0,"P"," ","0",0,"P"," ","0",0,"P"," ","0",0,"P"," ","0",0,"P"," ","0",0,"P"," ","0",0,"P"," ","0",0,"P"," ","0",0,"P"," ","0",0,"P"," ","0",0,"P"," ","0",0,"P"," ","0",0,"P"," ","0",0,"P"," ","0",0,"P"," ","0",0,"P"," ","0",0,"P"," ","0",0,"P"," ","0",0,"P"," ","0",0,"P"," ","0",NA," "," "," "
"3417","USC00413787",1993,6,"SNWD",0," "," ","0",0,"P"," ","0",0,"P"," ","0",0,"P"," ","0",0,"P"," ","0",0,"P"," ","0",0,"P"," ","0",0,"P"," ","0",0,"P"," ","0",0,"P"," ","0",0,"P"," ","0",0,"P"," ","0",0,"P"," ","0",0,"P"," ","0",0,"P"," ","0",0,"P"," ","0",0,"P"," ","0",0,"P"," ","0",0,"P"," ","0",0,"P"," ","0",0,"P"," ","0",0,"P"," ","0",0,"P"," ","0",0,"P"," ","0",0,"P"," ","0",0,"P"," ","0",0,"P"," ","0",0,"P"," ","0",0,"P"," ","0",0,"P"," ","0",NA," "," "," "
"3418","USC00413787",1993,7,"TMAX",306," "," ","0",222," ","S","0",333," "," ","0",333," "," ","0",344," "," ","0",306," "," ","0",339," "," ","0",361," "," ","0",372," "," ","0",322," "," ","0",328," "," ","0",NA," "," "," ",300," "," ","0",344," "," ","0",244," "," ","0",250," "," ","0",317," "," ","0",333," "," ","0",317," "," ","0",300," "," ","0",300," "," ","0",311," "," ","0",344," "," ","0",350," "," ","0",367," "," ","0",339," "," ","0",356," "," ","0",317," "," ","0",344," "," ","0",344," "," ","0",367," "," ","0"
"3419","USC00413787",1993,7,"TMIN",178," "," ","0",183," "," ","0",200," "," ","0",161," "," ","0",167," "," ","0",178," "," ","0",194," "," ","0",206," "," ","0",183," "," ","0",167," "," ","0",178," "," ","0",NA," "," "," ",178," "," ","0",178," "," ","0",178," "," ","0",189," "," ","0",194," "," ","0",183," "," ","0",172," "," ","0",178," "," ","0",178," "," ","0",189," "," ","0",200," "," ","0",206," "," ","0",183," "," ","0",206," "," ","0",194," "," ","0",183," "," ","0",178," "," ","0",194," "," ","0",211," "," ","0"
"3420","USC00413787",1993,7,"TOBS",194," "," ","0",206," "," ","0",228," "," ","0",200," "," ","0",200," "," ","0",194," "," ","0",206," "," ","0",233," "," ","0",194," "," ","0",183," "," ","0",178," "," ","0",NA," "," "," ",211," "," ","0",178," "," ","0",189," "," ","0",206," "," ","0",200," "," ","0",194," "," ","0",178," "," ","0",194," "," ","0",189," "," ","0",211," "," ","0",206," "," ","0",244," "," ","0",206," "," ","0",228," "," ","0",211," "," ","0",194," "," ","0",200," "," ","0",217," "," ","0",244," "," ","0"
"3421","USC00413787",1993,7,"PRCP",0,"P"," ","0",0,"P"," ","0",0,"P"," ","0",0,"P"," ","0",0,"P"," ","0",0,"P"," ","0",0,"P"," ","0",0,"P"," ","0",0,"P"," ","0",348," "," ","0",43," "," ","0",0," "," ","0",0,"P"," ","0",8," "," ","0",94," "," ","0",58," "," ","0",0,"P"," ","0",10," "," ","0",0,"P"," ","0",246," "," ","0",56," "," ","0",0,"P"," ","0",0,"P"," ","0",0,"P"," ","0",0,"P"," ","0",0,"P"," ","0",0,"P"," ","0",0,"P"," ","0",0,"P"," ","0",0,"P"," ","0",0,"P"," ","0"
"3422","USC00413787",1993,7,"SNOW",0,"P"," ","0",0,"P"," ","0",0,"P"," ","0",0,"P"," ","0",0,"P"," ","0",0,"P"," ","0",0,"P"," ","0",0,"P"," ","0",0,"P"," ","0",0,"P"," ","0",0,"P"," ","0",0,"P"," ","0",0,"P"," ","0",0,"P"," ","0",0,"P"," ","0",0,"P"," ","0",0,"P"," ","0",0,"P"," ","0",0,"P"," ","0",0,"P"," ","0",0,"P"," ","0",0,"P"," ","0",0,"P"," ","0",0,"P"," ","0",0,"P"," ","0",0,"P"," ","0",0,"P"," ","0",0,"P"," ","0",0,"P"," ","0",0,"P"," ","0",0,"P"," ","0"
"3423","USC00413787",1993,7,"SNWD",0," "," ","0",0,"P"," ","0",0,"P"," ","0",0,"P"," ","0",0,"P"," ","0",0,"P"," ","0",0,"P"," ","0",0,"P"," ","0",0,"P"," ","0",0,"P"," ","0",0,"P"," ","0",0,"P"," ","0",0,"P"," ","0",0,"P"," ","0",0,"P"," ","0",0,"P"," ","0",0,"P"," ","0",0,"P"," ","0",0,"P"," ","0",0,"P"," ","0",0,"P"," ","0",0,"P"," ","0",0,"P"," ","0",0,"P"," ","0",0,"P"," ","0",0,"P"," ","0",0,"P"," ","0",0,"P"," ","0",0,"P"," ","0",0,"P"," ","0",0,"P"," ","0"
"3424","USC00413787",1993,8,"TMAX",383," "," ","0",306," "," ","0",289," "," ","0",250," "," ","0",244," "," ","0",278," "," ","0",256," "," ","0",289," "," ","0",361," "," ","0",361," "," ","0",344," "," ","0",367," "," ","0",NA," "," "," ",344," "," ","0",333," "," ","0",350," "," ","0",361," "," ","0",344," "," ","0",344," "," ","0",344," "," ","0",350," "," ","0",344," "," ","0",350," "," ","0",317," "," ","0",333," "," ","0",317," "," ","0",322," "," ","0",322," "," ","0",300," "," ","0",333," "," ","0",222," "," ","0"
"3425","USC00413787",1993,8,"TMIN",194," "," ","0",194," "," ","0",144," "," ","0",144," "," ","0",133," "," ","0",156," "," ","0",144," "," ","0",172," "," ","0",194," "," ","0",172," "," ","0",178," "," ","0",167," "," ","0",NA," "," "," ",172," "," ","0",183," "," ","0",189," "," ","0",183," "," ","0",178," "," ","0",178," "," ","0",189," "," ","0",172," "," ","0",183," "," ","0",167," "," ","0",167," "," ","0",167," "," ","0",178," "," ","0",172," "," ","0",178," "," ","0",178," "," ","0",194," "," ","0",106," "," ","0"
"3426","USC00413787",1993,8,"TOBS",278," "," ","0",200," "," ","0",161," "," ","0",156," "," ","0",156," "," ","0",167," "," ","0",172," "," ","0",217," "," ","0",217," "," ","0",178," "," ","0",206," "," ","0",172," "," ","0",NA," "," "," ",189," "," ","0",200," "," ","0",206," "," ","0",189," "," ","0",178," "," ","0",189," "," ","0",200," "," ","0",189," "," ","0",206," "," ","0",167," "," ","0",183," "," ","0",183," "," ","0",200," "," ","0",178," "," ","0",189," "," ","0",217," "," ","0",194," "," ","0",106," "," ","0"
"3427","USC00413787",1993,8,"PRCP",15," "," ","0",0,"P"," ","0",124," "," ","0",0,"P"," ","0",8," "," ","0",0,"P"," ","0",0,"P"," ","0",0,"P"," ","0",0,"P"," ","0",3," "," ","0",43," "," ","0",8," "," ","0",0," "," ","0",0,"P"," ","0",0,"P"," ","0",0,"P"," ","0",10," "," ","0",0,"P"," ","0",0,"P"," ","0",0,"P"," ","0",0,"P"," ","0",0,"P"," ","0",69," "," ","0",0,"P"," ","0",0,"P"," ","0",0,"P"," ","0",0,"P"," ","0",5," "," ","0",0,"P"," ","0",0,"P"," ","0",3," "," ","0"
"3428","USC00413787",1993,8,"SNOW",0,"P"," ","0",0,"P"," ","0",0,"P"," ","0",0,"P"," ","0",0,"P"," ","0",0,"P"," ","0",0,"P"," ","0",0,"P"," ","0",0,"P"," ","0",0,"P"," ","0",0,"P"," ","0",0,"P"," ","0",0,"P"," ","0",0,"P"," ","0",0,"P"," ","0",0,"P"," ","0",0,"P"," ","0",0,"P"," ","0",0,"P"," ","0",0,"P"," ","0",0,"P"," ","0",0,"P"," ","0",0,"P"," ","0",0,"P"," ","0",0,"P"," ","0",0,"P"," ","0",0,"P"," ","0",0,"P"," ","0",0,"P"," ","0",0,"P"," ","0",0,"P"," ","0"
"3429","USC00413787",1993,8,"SNWD",0," "," ","0",0,"P"," ","0",0,"P"," ","0",0,"P"," ","0",0,"P"," ","0",0,"P"," ","0",0,"P"," ","0",0,"P"," ","0",0,"P"," ","0",0,"P"," ","0",0,"P"," ","0",0,"P"," ","0",0,"P"," ","0",0,"P"," ","0",0,"P"," ","0",0,"P"," ","0",0,"P"," ","0",0,"P"," ","0",0,"P"," ","0",0,"P"," ","0",0,"P"," ","0",0,"P"," ","0",0,"P"," ","0",0,"P"," ","0",0,"P"," ","0",0,"P"," ","0",0,"P"," ","0",0,"P"," ","0",0,"P"," ","0",0,"P"," ","0",0,"P"," ","0"
"3430","USC00413787",1993,9,"TMAX",233," "," ","0",300," "," ","0",306," "," ","0",283," "," ","0",333," "," ","0",333," "," ","0",178," "," ","0",283," "," ","0",206," "," ","0",306," "," ","0",278," "," ","0",333," "," ","0",333," "," ","0",194," "," ","0",189," "," ","0",250," "," ","0",306," "," ","0",311," "," ","0",267," "," ","0",256," "," ","0",289," "," ","0",333," "," ","0",294," "," ","0",150," "," ","0",278," "," ","0",261," "," ","0",211," "," ","0",294," "," ","0",272," "," ","0",239," "," ","0",NA," "," "," "
"3431","USC00413787",1993,9,"TMIN",94," "," ","0",106," "," ","0",100," "," ","0",106," "," ","0",122," "," ","0",128," "," ","0",117," "," ","0",122," "," ","0",106," "," ","0",117," "," ","0",128," "," ","0",161," "," ","0",144," "," ","0",39," "," ","0",33," "," ","0",50," "," ","0",106," "," ","0",150," "," ","0",117," "," ","0",89," "," ","0",94," "," ","0",183," "," ","0",106," "," ","0",100," "," ","0",83," "," ","0",83," "," ","0",61," "," ","0",89," "," ","0",72," "," ","0",78," "," ","0",NA," "," "," "
"3432","USC00413787",1993,9,"TOBS",106," "," ","0",167," "," ","0",106," "," ","0",122," "," ","0",189," "," ","0",128," "," ","0",122," "," ","0",133," "," ","0",117," "," ","0",128," "," ","0",167," "," ","0",189," "," ","0",144," "," ","0",44," "," ","0",50," "," ","0",106," "," ","0",161," "," ","0",150," "," ","0",150," "," ","0",100," "," ","0",178," "," ","0",189," "," ","0",106," "," ","0",111," "," ","0",89," "," ","0",133," "," ","0",89," "," ","0",89," "," ","0",78," "," ","0",150," "," ","0",NA," "," "," "
"3433","USC00413787",1993,9,"PRCP",0,"P"," ","0",0,"P"," ","0",0,"P"," ","0",0,"P"," ","0",0,"P"," ","0",130," "," ","0",0,"P"," ","0",117," "," ","0",0,"P"," ","0",0,"P"," ","0",0,"P"," ","0",0,"P"," ","0",0,"P"," ","0",0,"P"," ","0",0,"P"," ","0",0,"P"," ","0",0,"P"," ","0",74," "," ","0",56," "," ","0",0,"P"," ","0",0,"P"," ","0",0,"P"," ","0",191," "," ","0",0,"T"," ","0",84," "," ","0",0,"P"," ","0",0,"P"," ","0",0,"P"," ","0",0,"P"," ","0",0,"P"," ","0",NA," "," "," "
"3434","USC00413787",1993,9,"SNOW",0,"P"," ","0",0,"P"," ","0",0,"P"," ","0",0,"P"," ","0",0,"P"," ","0",0,"P"," ","0",0,"P"," ","0",0,"P"," ","0",0,"P"," ","0",0,"P"," ","0",0,"P"," ","0",0,"P"," ","0",0,"P"," ","0",0,"P"," ","0",0,"P"," ","0",0,"P"," ","0",0,"P"," ","0",0,"P"," ","0",0,"P"," ","0",0,"P"," ","0",0,"P"," ","0",0,"P"," ","0",0,"P"," ","0",0,"P"," ","0",0,"P"," ","0",0,"P"," ","0",0,"P"," ","0",0,"P"," ","0",0,"P"," ","0",0,"P"," ","0",NA," "," "," "
"3435","USC00413787",1993,9,"SNWD",0," "," ","0",0,"P"," ","0",0,"P"," ","0",0,"P"," ","0",0,"P"," ","0",0,"P"," ","0",0,"P"," ","0",0,"P"," ","0",0,"P"," ","0",0,"P"," ","0",0,"P"," ","0",0,"P"," ","0",0,"P"," ","0",0,"P"," ","0",0,"P"," ","0",0,"P"," ","0",0,"P"," ","0",0,"P"," ","0",0,"P"," ","0",0,"P"," ","0",0,"P"," ","0",0,"P"," ","0",0,"P"," ","0",0,"P"," ","0",0,"P"," ","0",0,"P"," ","0",0,"P"," ","0",0,"P"," ","0",0,"P"," ","0",0,"P"," ","0",NA," "," "," "
"3436","USC00413787",1993,10,"TMAX",333," "," ","0",217," "," ","0",189," "," ","0",228," ","I","0",300," "," ","0",300," "," ","0",311," "," ","0",306," "," ","0",200," "," ","0",111," "," ","0",206," "," ","0",239," "," ","0",261," "," ","0",244," "," ","0",256," "," ","0",222," "," ","0",206," "," ","0",161," "," ","0",178," "," ","0",111," "," ","0",117," "," ","0",183," "," ","0",211," "," ","0",217," "," ","0",244," "," ","0",217," "," ","0",83," "," ","0",144," "," ","0",206," "," ","0",-17," "," ","0",22," "," ","0"
"3437","USC00413787",1993,10,"TMIN",117," "," ","0",67," "," ","0",39," "," ","0",83," "," ","0",122," "," ","0",117," "," ","0",111," "," ","0",61," "," ","0",0," "," ","0",6," "," ","0",33," "," ","0",33," "," ","0",61," "," ","0",50," "," ","0",78," ","I","0",83," "," ","0",100," "," ","0",67," "," ","0",83," "," ","0",78," "," ","0",-6," "," ","0",22," "," ","0",28," "," ","0",11," "," ","0",6," "," ","0",28," "," ","0",-44," "," ","0",6," "," ","0",-33," "," ","0",-122," "," ","0",-94," "," ","0"
"3438","USC00413787",1993,10,"TOBS",139," "," ","0",72," "," ","0",100," "," ","0",250," ","I","0",128," "," ","0",133," "," ","0",122," "," ","0",61," "," ","0",6," "," ","0",50," "," ","0",33," "," ","0",111," "," ","0",78," "," ","0",50," ","I","0",106," "," ","0",111," "," ","0",100," "," ","0",94," "," ","0",83," "," ","0",83," "," ","0",28," "," ","0",33," "," ","0",56," "," ","0",50," "," ","0",28," "," ","0",44," "," ","0",28," "," ","0",6," "," ","0",-33," "," ","0",-94," "," ","0",-6," "," ","0"
"3439","USC00413787",1993,10,"PRCP",0,"P"," ","0",0,"P"," ","0",0,"P"," ","0",0,"P"," ","0",0,"P"," ","0",0,"P"," ","0",0,"P"," ","0",0,"P"," ","0",0,"P"," ","0",0,"P"," ","0",0,"P"," ","0",0,"P"," ","0",0,"P"," ","0",0,"P"," ","0",0,"P"," ","0",0,"P"," ","0",74," "," ","0",18," "," ","0",0,"P"," ","0",0,"P"," ","0",0,"P"," ","0",0,"P"," ","0",0,"P"," ","0",0,"P"," ","0",0,"P"," ","0",0,"P"," ","0",0,"P"," ","0",0,"P"," ","0",23," "," ","0",0,"P"," ","0",0,"P"," ","0"
"3440","USC00413787",1993,10,"SNOW",0,"P"," ","0",0,"P"," ","0",0,"P"," ","0",0,"P"," ","0",0,"P"," ","0",0,"P"," ","0",0,"P"," ","0",0,"P"," ","0",0,"P"," ","0",0,"P"," ","0",0,"P"," ","0",0,"P"," ","0",0,"P"," ","0",0,"P"," ","0",0,"P"," ","0",0,"P"," ","0",0,"P"," ","0",0,"P"," ","0",0,"P"," ","0",0,"P"," ","0",0,"P"," ","0",0,"P"," ","0",0,"P"," ","0",0,"P"," ","0",0,"P"," ","0",0,"P"," ","0",0,"P"," ","0",0,"P"," ","0",0,"P"," ","0",0,"P"," ","0",0,"P"," ","0"
"3441","USC00413787",1993,10,"SNWD",0," "," ","0",0,"P"," ","0",0,"P"," ","0",0,"P"," ","0",0,"P"," ","0",0,"P"," ","0",0,"P"," ","0",0,"P"," ","0",0,"P"," ","0",0,"P"," ","0",0,"P"," ","0",0,"P"," ","0",0,"P"," ","0",0,"P"," ","0",0,"P"," ","0",0,"P"," ","0",0,"P"," ","0",0,"P"," ","0",0,"P"," ","0",0,"P"," ","0",0,"P"," ","0",0,"P"," ","0",0,"P"," ","0",0,"P"," ","0",0,"P"," ","0",0,"P"," ","0",0,"P"," ","0",0,"P"," ","0",0,"P"," ","0",0,"P"," ","0",0,"P"," ","0"
"3442","USC00413787",1993,11,"TMAX",172," "," ","0",178," "," ","0",111," "," ","0",206," "," ","0",189," "," ","0",28," "," ","0",111," "," ","0",144," "," ","0",128," "," ","0",150," "," ","0",172," "," ","0",222," "," ","0",194," "," ","0",33," "," ","0",94," "," ","0",50," "," ","0",94," "," ","0",94," "," ","0",172," "," ","0",67," "," ","0",128," "," ","0",194," "," ","0",211," "," ","0",122," "," ","0",-50," "," ","0",-28," "," ","0",61," "," ","0",133," "," ","0",172," "," ","0",156," "," ","0",NA," "," "," "
"3443","USC00413787",1993,11,"TMIN",-6," "," ","0",39," "," ","0",-22," "," ","0",-17," "," ","0",-28," "," ","0",-94," "," ","0",-89," "," ","0",-50," "," ","0",-44," "," ","0",-33," "," ","0",-33," "," ","0",67," "," ","0",0," "," ","0",11," "," ","0",-11," "," ","0",-11," "," ","0",-17," "," ","0",-6," "," ","0",0," "," ","0",-61," "," ","0",-50," "," ","0",-11," "," ","0",61," "," ","0",-89," "," ","0",-144," "," ","0",-144," "," ","0",-117," "," ","0",-67," "," ","0",-56," "," ","0",-56," "," ","0",NA," "," "," "
"3444","USC00413787",1993,11,"TOBS",44," "," ","0",50," "," ","0",-17," "," ","0",61," "," ","0",-28," "," ","0",-89," "," ","0",-33," "," ","0",-44," "," ","0",-22," "," ","0",-33," "," ","0",83," "," ","0",72," "," ","0",11," "," ","0",17," "," ","0",-11," "," ","0",22," "," ","0",6," "," ","0",11," "," ","0",6," "," ","0",-50," "," ","0",11," "," ","0",183," "," ","0",61," "," ","0",-89," "," ","0",-144," "," ","0",-117," "," ","0",-67," "," ","0",-33," "," ","0",-50," "," ","0",-50," "," ","0",NA," "," "," "
"3445","USC00413787",1993,11,"PRCP",0,"P"," ","0",0,"P"," ","0",0,"P"," ","0",0,"P"," ","0",0,"P"," ","0",0,"P"," ","0",0,"P"," ","0",0,"P"," ","0",0,"P"," ","0",0,"P"," ","0",0,"P"," ","0",36," "," ","0",0,"P"," ","0",86," "," ","0",0,"P"," ","0",58," "," ","0",0,"P"," ","0",0,"P"," ","0",0,"P"," ","0",0,"P"," ","0",0,"P"," ","0",0,"P"," ","0",0,"P"," ","0",0,"P"," ","0",0,"P"," ","0",0,"P"," ","0",0,"P"," ","0",0,"P"," ","0",0,"P"," ","0",0,"P"," ","0",NA," "," "," "
"3446","USC00413787",1993,11,"SNOW",0,"P"," ","0",0,"P"," ","0",0,"P"," ","0",0,"P"," ","0",0,"P"," ","0",0,"P"," ","0",0,"P"," ","0",0,"P"," ","0",0,"P"," ","0",0,"P"," ","0",0,"P"," ","0",0,"P"," ","0",0,"P"," ","0",0,"P"," ","0",0,"P"," ","0",0,"P"," ","0",0,"P"," ","0",0,"P"," ","0",0,"P"," ","0",0,"P"," ","0",0,"P"," ","0",0,"P"," ","0",0,"P"," ","0",0,"P"," ","0",0,"P"," ","0",0,"P"," ","0",0,"P"," ","0",0,"P"," ","0",0,"P"," ","0",0,"P"," ","0",NA," "," "," "
"3447","USC00413787",1993,11,"SNWD",0," "," ","0",0,"P"," ","0",0,"P"," ","0",0,"P"," ","0",0,"P"," ","0",0,"P"," ","0",0,"P"," ","0",0,"P"," ","0",0,"P"," ","0",0,"P"," ","0",0,"P"," ","0",0,"P"," ","0",0,"P"," ","0",0,"P"," ","0",0,"P"," ","0",0,"P"," ","0",0,"P"," ","0",0,"P"," ","0",0,"P"," ","0",0,"P"," ","0",0,"P"," ","0",0,"P"," ","0",0,"P"," ","0",0,"P"," ","0",0,"P"," ","0",0,"P"," ","0",0,"P"," ","0",0,"P"," ","0",0,"P"," ","0",0,"P"," ","0",NA," "," "," "
"3448","USC00413787",1993,12,"TMAX",200," "," ","0",200," "," ","0",167," "," ","0",83," "," ","0",167," "," ","0",122," "," ","0",89," "," ","0",128," "," ","0",194," "," ","0",233," "," ","0",161," "," ","0",144," "," ","0",178," "," ","0",78," "," ","0",100," "," ","0",-6," "," ","0",94," "," ","0",67," "," ","0",78," "," ","0",61," "," ","0",56," "," ","0",61," "," ","0",28," "," ","0",39," "," ","0",106," "," ","0",117," "," ","0",200," "," ","0",17," "," ","0",28," "," ","0",78," "," ","0",139," "," ","0"
"3449","USC00413787",1993,12,"TMIN",-50," "," ","0",-56," "," ","0",-50," "," ","0",-72," "," ","0",-67," "," ","0",-89," "," ","0",-83," "," ","0",-22," "," ","0",-17," "," ","0",6," "," ","0",-22," "," ","0",6," "," ","0",6," "," ","0",-33," "," ","0",-67," "," ","0",-44," "," ","0",-61," "," ","0",-72," "," ","0",-56," "," ","0",-56," "," ","0",-67," "," ","0",-78," "," ","0",-89," "," ","0",-122," "," ","0",-94," "," ","0",-33," "," ","0",-33," "," ","0",-72," "," ","0",-72," "," ","0",-56," "," ","0",-44," "," ","0"
"3450","USC00413787",1993,12,"TOBS",0," "," ","0",-50," "," ","0",6," "," ","0",-67," "," ","0",33," "," ","0",-83," "," ","0",-11," "," ","0",-17," "," ","0",6," "," ","0",17," "," ","0",6," "," ","0",61," "," ","0",6," "," ","0",-28," "," ","0",-44," "," ","0",-6," "," ","0",-56," "," ","0",-50," "," ","0",-33," "," ","0",-56," "," ","0",-61," "," ","0",-72," "," ","0",-72," "," ","0",-94," "," ","0",-17," "," ","0",-39," "," ","0",6," "," ","0",-72," "," ","0",-44," "," ","0",-44," "," ","0",0," "," ","0"
"3451","USC00413787",1993,12,"PRCP",0,"P"," ","0",0,"P"," ","0",0,"P"," ","0",0,"P"," ","0",0,"P"," ","0",0,"P"," ","0",0,"P"," ","0",0,"P"," ","0",0,"P"," ","0",0,"P"," ","0",0,"P"," ","0",0,"P"," ","0",173," "," ","0",0,"P"," ","0",0,"P"," ","0",0,"P"," ","0",0,"P"," ","0",0,"P"," ","0",0,"P"," ","0",0,"P"," ","0",0,"P"," ","0",0,"P"," ","0",0,"P"," ","0",10," "," ","0",0,"P"," ","0",0,"P"," ","0",0,"P"," ","0",0,"P"," ","0",0,"P"," ","0",0,"P"," ","0",0,"P"," ","0"
"3452","USC00413787",1993,12,"SNOW",0,"P"," ","0",0,"P"," ","0",0,"P"," ","0",0,"P"," ","0",0,"P"," ","0",0,"P"," ","0",0,"P"," ","0",0,"P"," ","0",0,"P"," ","0",0,"P"," ","0",0,"P"," ","0",0,"P"," ","0",0,"P"," ","0",0,"P"," ","0",0,"P"," ","0",0,"P"," ","0",0,"P"," ","0",0,"P"," ","0",0,"P"," ","0",0,"P"," ","0",0,"P"," ","0",0,"P"," ","0",0,"P"," ","0",0,"P"," ","0",0,"P"," ","0",0,"P"," ","0",0,"P"," ","0",0,"P"," ","0",0,"P"," ","0",0,"P"," ","0",0,"P"," ","0"
"3453","USC00413787",1993,12,"SNWD",0," "," ","0",0,"P"," ","0",0,"P"," ","0",0,"P"," ","0",0,"P"," ","0",0,"P"," ","0",0,"P"," ","0",0,"P"," ","0",0,"P"," ","0",0,"P"," ","0",0,"P"," ","0",0,"P"," ","0",0,"P"," ","0",0,"P"," ","0",0,"P"," ","0",0,"P"," ","0",0,"P"," ","0",0,"P"," ","0",0,"P"," ","0",0,"P"," ","0",0,"P"," ","0",0,"P"," ","0",0,"P"," ","0",0,"P"," ","0",0,"P"," ","0",0,"P"," ","0",0,"P"," ","0",0,"P"," ","0",0,"P"," ","0",0,"P"," ","0",0,"P"," ","0"
"3454","USC00413787",1994,1,"TMAX",150," "," ","0",128," "," ","0",117," "," ","0",144," "," ","0",106," "," ","0",-50," ","I","0",28," "," ","0",56," "," ","0",83," "," ","0",133," "," ","0",111," "," ","0",122," "," ","0",100," "," ","0",133," "," ","0",133," "," ","0",-6," "," ","0",78," "," ","0",89," "," ","0",-11," "," ","0",189," "," ","0",-22," "," ","0",117," "," ","0",139," "," ","0",178," "," ","0",183," "," ","0",172," "," ","0",67," "," ","0",28," "," ","0",39," "," ","0",67," "," ","0",-33," "," ","0"
"3455","USC00413787",1994,1,"TMIN",-56," "," ","0",-22," "," ","0",-72," "," ","0",-61," "," ","0",-33," "," ","0",-33," "," ","0",-89," "," ","0",-83," "," ","0",-83," "," ","0",-72," "," ","0",-78," "," ","0",-78," "," ","0",-61," "," ","0",-44," "," ","0",-89," "," ","0",-83," "," ","0",-83," "," ","0",-144," "," ","0",-139," "," ","0",-117," "," ","0",-117," "," ","0",-44," "," ","0",-61," "," ","0",-33," "," ","0",-50," "," ","0",-44," "," ","0",-94," "," ","0",-78," "," ","0",-83," "," ","0",-44," "," ","0",-194," "," ","0"
"3456","USC00413787",1994,1,"TOBS",-22," "," ","0",56," "," ","0",-61," "," ","0",-28," "," ","0",72," "," ","0",-33," "," ","0",-83," "," ","0",-39," "," ","0",-72," "," ","0",-39," "," ","0",-72," "," ","0",-33," "," ","0",-44," "," ","0",-28," "," ","0",-83," "," ","0",-28," "," ","0",-72," "," ","0",-139," "," ","0",-61," "," ","0",-117," "," ","0",-44," "," ","0",0," "," ","0",61," "," ","0",-6," "," ","0",-39," "," ","0",0," "," ","0",-78," "," ","0",-56," "," ","0",11," "," ","0",-39," "," ","0",-189," "," ","0"
"3457","USC00413787",1994,1,"PRCP",0,"P"," ","0",0,"P"," ","0",0,"P"," ","0",0,"P"," ","0",0,"P"," ","0",0,"P"," ","0",23," "," ","0",0,"P"," ","0",0,"P"," ","0",0,"P"," ","0",0,"P"," ","0",0,"P"," ","0",0,"P"," ","0",0,"P"," ","0",0,"P"," ","0",0,"P"," ","0",0,"P"," ","0",0,"P"," ","0",0,"P"," ","0",0,"P"," ","0",0,"P"," ","0",0,"P"," ","0",0,"P"," ","0",0,"P"," ","0",0,"P"," ","0",76," "," ","0",0,"P"," ","0",0,"P"," ","0",0,"P"," ","0",58," "," ","0",0,"P"," ","0"
"3458","USC00413787",1994,1,"SNOW",0,"P"," ","0",0,"P"," ","0",0,"P"," ","0",0,"P"," ","0",0,"P"," ","0",0,"P"," ","0",NA," "," "," ",0,"P"," ","0",0,"P"," ","0",0,"P"," ","0",0,"P"," ","0",0,"P"," ","0",0,"P"," ","0",0,"P"," ","0",0,"P"," ","0",0,"P"," ","0",0,"P"," ","0",0,"P"," ","0",0,"P"," ","0",0,"P"," ","0",0,"P"," ","0",0,"P"," ","0",0,"P"," ","0",0,"P"," ","0",0,"P"," ","0",0,"P"," ","0",0,"P"," ","0",0,"P"," ","0",0,"P"," ","0",NA," "," "," ",0,"P"," ","0"
"3459","USC00413787",1994,1,"SNWD",0," "," ","0",0,"P"," ","0",0,"P"," ","0",0,"P"," ","0",0,"P"," ","0",0,"P"," ","0",NA," "," "," ",0," "," ","0",0,"P"," ","0",0,"P"," ","0",0,"P"," ","0",0,"P"," ","0",0,"P"," ","0",0,"P"," ","0",0,"P"," ","0",0,"P"," ","0",0,"P"," ","0",0,"P"," ","0",0,"P"," ","0",0,"P"," ","0",0,"P"," ","0",0,"P"," ","0",0,"P"," ","0",0,"P"," ","0",0,"P"," ","0",0,"P"," ","0",0,"P"," ","0",0,"P"," ","0",0,"P"," ","0",NA," "," "," ",NA," "," "," "
"3460","USC00413787",1994,2,"TMAX",-44," "," ","0",22," "," ","0",50," "," ","0",111," "," ","0",56," "," ","0",83," "," ","0",139," "," ","0",-28," "," ","0",200," ","S","0",-33," "," ","0",83," "," ","0",122," "," ","0",56," "," ","0",144," "," ","0",144," "," ","0",128," "," ","0",211," "," ","0",244," "," ","0",239," "," ","0",156," "," ","0",128," "," ","0",0," "," ","0",-22," "," ","0",72," "," ","0",200," "," ","0",17," "," ","0",78," "," ","0",194," "," ","0",NA," "," "," ",NA," "," "," ",NA," "," "," "
"3461","USC00413787",1994,2,"TMIN",-189," "," ","0",-133," "," ","0",-133," "," ","0",-94," "," ","0",-67," "," ","0",-39," "," ","0",-28," "," ","0",-94," "," ","0",-150," "," ","0",-150," "," ","0",-100," "," ","0",-44," "," ","0",-106," "," ","0",-39," "," ","0",-50," "," ","0",-39," "," ","0",-17," "," ","0",33," "," ","0",6," "," ","0",-33," "," ","0",-67," "," ","0",-56," "," ","0",-106," "," ","0",-94," "," ","0",-94," "," ","0",-122," "," ","0",-122," "," ","0",-33," "," ","0",NA," "," "," ",NA," "," "," ",NA," "," "," "
"3462","USC00413787",1994,2,"TOBS",-111," "," ","0",-133," "," ","0",-94," "," ","0",-61," "," ","0",-39," "," ","0",28," "," ","0",-28," "," ","0",-67," "," ","0",-150," "," ","0",-100," "," ","0",-44," "," ","0",-22," "," ","0",-28," "," ","0",-33," "," ","0",-39," "," ","0",-17," "," ","0",28," "," ","0",100," "," ","0",11," "," ","0",-22," "," ","0",-56," "," ","0",-33," "," ","0",-94," "," ","0",-61," "," ","0",-89," "," ","0",-122," "," ","0",-33," "," ","0",-17," "," ","0",NA," "," "," ",NA," "," "," ",NA," "," "," "
"3463","USC00413787",1994,2,"PRCP",0,"P"," ","0",0,"P"," ","0",0,"P"," ","0",0,"P"," ","0",0,"P"," ","0",0,"P"," ","0",0,"P"," ","0",0,"P"," ","0",0,"P"," ","0",0,"P"," ","0",0,"P"," ","0",0,"P"," ","0",0,"P"," ","0",0,"P"," ","0",0,"P"," ","0",0,"P"," ","0",0,"P"," ","0",0,"P"," ","0",0,"P"," ","0",0,"P"," ","0",0,"P"," ","0",8," "," ","0",0,"P"," ","0",0,"P"," ","0",0,"P"," ","0",0,"P"," ","0",0,"P"," ","0",0,"P"," ","0",NA," "," "," ",NA," "," "," ",NA," "," "," "
"3464","USC00413787",1994,2,"SNOW",0,"P"," ","0",0,"P"," ","0",0,"P"," ","0",0,"P"," ","0",0,"P"," ","0",0,"P"," ","0",0,"P"," ","0",0,"P"," ","0",0,"P"," ","0",0,"P"," ","0",0,"P"," ","0",0,"P"," ","0",0,"P"," ","0",0,"P"," ","0",0,"P"," ","0",0,"P"," ","0",0,"P"," ","0",0,"P"," ","0",0,"P"," ","0",0,"P"," ","0",0,"P"," ","0",NA," "," "," ",0,"P"," ","0",0,"P"," ","0",0,"P"," ","0",0,"P"," ","0",0,"P"," ","0",0,"P"," ","0",NA," "," "," ",NA," "," "," ",NA," "," "," "
"3465","USC00413787",1994,2,"SNWD",0," "," ","0",0,"P"," ","0",0,"P"," ","0",0,"P"," ","0",0,"P"," ","0",0,"P"," ","0",0,"P"," ","0",0,"P"," ","0",0,"P"," ","0",0,"P"," ","0",0,"P"," ","0",0,"P"," ","0",0,"P"," ","0",0,"P"," ","0",0,"P"," ","0",0,"P"," ","0",0,"P"," ","0",0,"P"," ","0",0,"P"," ","0",0,"P"," ","0",0,"P"," ","0",NA," "," "," ",NA," "," "," ",0," "," ","0",0,"P"," ","0",0,"P"," ","0",0,"P"," ","0",0,"P"," ","0",NA," "," "," ",NA," "," "," ",NA," "," "," "
"3466","USC00413787",1994,3,"TMAX",50," "," ","0",128," "," ","0",200," "," ","0",244," "," ","0",222," "," ","0",244," "," ","0",144," "," ","0",122," "," ","0",-39," "," ","0",-17," "," ","0",56," "," ","0",156," "," ","0",67," "," ","0",172," "," ","0",233," "," ","0",172," "," ","0",261," "," ","0",289," "," ","0",233," "," ","0",256," "," ","0",172," "," ","0",206," "," ","0",250," "," ","0",261," "," ","0",111," "," ","0",111," "," ","0",122," "," ","0",78," "," ","0",144," "," ","0",106," "," ","0",144," "," ","0"
"3467","USC00413787",1994,3,"TMIN",-17," "," ","0",-11," "," ","0",-6," "," ","0",6," "," ","0",0," "," ","0",6," "," ","0",39," "," ","0",-44," "," ","0",-94," "," ","0",-94," "," ","0",-67," "," ","0",17," "," ","0",-17," "," ","0",11," "," ","0",28," "," ","0",17," "," ","0",33," "," ","0",33," "," ","0",50," "," ","0",106," "," ","0",-17," "," ","0",6," "," ","0",44," "," ","0",22," "," ","0",-28," "," ","0",-11," "," ","0",0," "," ","0",-100," "," ","0",-56," "," ","0",-67," "," ","0",-22," "," ","0"
"3468","USC00413787",1994,3,"TOBS",6," "," ","0",11," "," ","0",6," "," ","0",56," "," ","0",83," "," ","0",39," "," ","0",50," "," ","0",-44," "," ","0",-78," "," ","0",-67," "," ","0",11," "," ","0",33," "," ","0",17," "," ","0",33," "," ","0",39," "," ","0",33," "," ","0",128," "," ","0",50," "," ","0",111," "," ","0",144," "," ","0",6," "," ","0",94," "," ","0",111," "," ","0",39," "," ","0",-11," "," ","0",50," "," ","0",28," "," ","0",-56," "," ","0",11," "," ","0",-17," "," ","0",39," "," ","0"
"3469","USC00413787",1994,3,"PRCP",0,"P"," ","0",0,"P"," ","0",0,"P"," ","0",0,"P"," ","0",0,"P"," ","0",0,"P"," ","0",0,"P"," ","0",69," "," ","0",226," "," ","0",0,"P"," ","0",0,"P"," ","0",0,"P"," ","0",38," "," ","0",0,"P"," ","0",0,"P"," ","0",0,"P"," ","0",0,"P"," ","0",0,"P"," ","0",0,"P"," ","0",0,"P"," ","0",0,"P"," ","0",0,"P"," ","0",0,"P"," ","0",0,"P"," ","0",0,"P"," ","0",0,"P"," ","0",3," "," ","0",0,"P"," ","0",0,"P"," ","0",0,"P"," ","0",0,"P"," ","0"
"3470","USC00413787",1994,4,"TMAX",228," "," ","0",272," "," ","0",150," "," ","0",211," "," ","0",256," "," ","0",-6," "," ","0",156," "," ","0",294," "," ","0",217," "," ","0",239," "," ","0",56," "," ","0",67," "," ","0",178," "," ","0",267," "," ","0",294," "," ","0",189," "," ","0",272," "," ","0",306," "," ","0",317," "," ","0",294," "," ","0",283," "," ","0",283," "," ","0",239," "," ","0",283," "," ","0",289," "," ","0",222," "," ","0",233," "," ","0",11," "," ","0",133," "," ","0",11," "," ","0",NA," "," "," "
"3471","USC00413787",1994,4,"TMIN",17," "," ","0",17," "," ","0",-22," "," ","0",-17," "," ","0",-22," "," ","0",-89," "," ","0",-83," "," ","0",44," "," ","0",50," "," ","0",39," "," ","0",39," "," ","0",-6," "," ","0",6," "," ","0",28," "," ","0",56," "," ","0",44," "," ","0",72," "," ","0",94," "," ","0",117," "," ","0",111," "," ","0",106," "," ","0",106," "," ","0",111," "," ","0",133," "," ","0",144," "," ","0",56," "," ","0",-17," "," ","0",-22," "," ","0",6," "," ","0",-22," "," ","0",NA," "," "," "
"3472","USC00413787",1994,4,"TOBS",67," "," ","0",100," "," ","0",-17," "," ","0",94," "," ","0",-28," "," ","0",-83," "," ","0",44," "," ","0",50," "," ","0",100," "," ","0",44," "," ","0",39," "," ","0",6," "," ","0",28," "," ","0",56," "," ","0",56," "," ","0",117," "," ","0",94," "," ","0",117," "," ","0",156," "," ","0",111," "," ","0",122," "," ","0",111," "," ","0",133," "," ","0",156," "," ","0",167," "," ","0",67," "," ","0",-17," "," ","0",6," "," ","0",6," "," ","0",11," "," ","0",NA," "," "," "
"3473","USC00413787",1994,4,"PRCP",0,"P"," ","0",0,"P"," ","0",23," "," ","0",0,"P"," ","0",0,"P"," ","0",0,"P"," ","0",0,"P"," ","0",0,"P"," ","0",18," "," ","0",0,"P"," ","0",99," "," ","0",13," "," ","0",0,"P"," ","0",0,"P"," ","0",0,"P"," ","0",0,"P"," ","0",0,"P"," ","0",0,"P"," ","0",0,"P"," ","0",0,"P"," ","0",0,"P"," ","0",206," "," ","0",0,"P"," ","0",0,"P"," ","0",0,"P"," ","0",0,"P"," ","0",30," "," ","0",64," "," ","0",0,"P"," ","0",84," "," ","0",NA," "," "," "
"3474","USC00413787",1994,4,"SNOW",0,"P"," ","0",0,"P"," ","0",0,"P"," ","0",0,"P"," ","0",0,"P"," ","0",0,"P"," ","0",0,"P"," ","0",0,"P"," ","0",0,"P"," ","0",0,"P"," ","0",0,"P"," ","0",0,"P"," ","0",0,"P"," ","0",0,"P"," ","0",0,"P"," ","0",0,"P"," ","0",0,"P"," ","0",0,"P"," ","0",0,"P"," ","0",0,"P"," ","0",0,"P"," ","0",0,"P"," ","0",0,"P"," ","0",0,"P"," ","0",0,"P"," ","0",0,"P"," ","0",0,"P"," ","0",0,"P"," ","0",0,"P"," ","0",0,"P"," ","0",NA," "," "," "
"3475","USC00413787",1994,4,"SNWD",0," "," ","0",0,"P"," ","0",0,"P"," ","0",0,"P"," ","0",0,"P"," ","0",0,"P"," ","0",0,"P"," ","0",0,"P"," ","0",0,"P"," ","0",0,"P"," ","0",0,"P"," ","0",0,"P"," ","0",0,"P"," ","0",0,"P"," ","0",0,"P"," ","0",0,"P"," ","0",0,"P"," ","0",0,"P"," ","0",0,"P"," ","0",0,"P"," ","0",0,"P"," ","0",0,"P"," ","0",0,"P"," ","0",0,"P"," ","0",0,"P"," ","0",0,"P"," ","0",0,"P"," ","0",0,"P"," ","0",0,"P"," ","0",0,"P"," ","0",NA," "," "," "
"3476","USC00413787",1994,5,"TMAX",94," "," ","0",133," "," ","0",139," "," ","0",194," "," ","0",228," "," ","0",278," "," ","0",228," "," ","0",228," "," ","0",294," "," ","0",200," "," ","0",239," "," ","0",244," "," ","0",244," "," ","0",261," "," ","0",228," "," ","0",267," "," ","0",289," "," ","0",283," "," ","0",256," "," ","0",272," "," ","0",283," "," ","0",306," "," ","0",294," "," ","0",300," "," ","0",278," "," ","0",250," "," ","0",206," "," ","0",222," "," ","0",311," "," ","0",306," "," ","0",339," "," ","0"
"3477","USC00413787",1994,5,"TMIN",-22," "," ","0",39," "," ","0",72," "," ","0",78," "," ","0",78," "," ","0",106," "," ","0",94," "," ","0",94," "," ","0",111," "," ","0",128," "," ","0",111," "," ","0",117," "," ","0",89," "," ","0",117," ","I","0",72," "," ","0",122," "," ","0",133," "," ","0",161," "," ","0",139," "," ","0",128," "," ","0",128," "," ","0",133," "," ","0",150," "," ","0",133," "," ","0",139," "," ","0",117," "," ","0",111," "," ","0",122," "," ","0",122," "," ","0",144," "," ","0",178," "," ","0"
"3478","USC00413787",1994,5,"TOBS",39," "," ","0",72," "," ","0",78," "," ","0",94," "," ","0",106," "," ","0",156," "," ","0",94," "," ","0",111," "," ","0",139," "," ","0",133," "," ","0",150," "," ","0",128," "," ","0",94," ","I","0",144," "," ","0",156," "," ","0",133," "," ","0",161," "," ","0",183," "," ","0",178," "," ","0",150," "," ","0",133," "," ","0",239," "," ","0",150," "," ","0",139," "," ","0",150," "," ","0",139," "," ","0",122," "," ","0",161," "," ","0",161," "," ","0",194," "," ","0",211," "," ","0"
"3479","USC00413787",1994,5,"PRCP",0,"P"," ","0",8," "," ","0",3," "," ","0",0,"P"," ","0",0,"P"," ","0",0,"P"," ","0",0,"P"," ","0",0,"P"," ","0",18," "," ","0",0,"P"," ","0",0,"P"," ","0",0,"P"," ","0",5," "," ","0",0,"P"," ","0",0,"P"," ","0",0,"P"," ","0",0,"P"," ","0",0,"P"," ","0",0,"P"," ","0",0,"P"," ","0",0,"P"," ","0",0,"P"," ","0",0,"P"," ","0",0,"P"," ","0",0,"P"," ","0",310," "," ","0",0,"P"," ","0",0,"P"," ","0",0,"P"," ","0",0,"P"," ","0",0,"P"," ","0"
"3480","USC00413787",1994,5,"SNOW",0,"P"," ","0",0,"P"," ","0",0,"P"," ","0",0,"P"," ","0",0,"P"," ","0",0,"P"," ","0",0,"P"," ","0",0,"P"," ","0",0,"P"," ","0",0,"P"," ","0",0,"P"," ","0",0,"P"," ","0",0,"P"," ","0",0,"P"," ","0",0,"P"," ","0",0,"P"," ","0",0,"P"," ","0",0,"P"," ","0",0,"P"," ","0",0,"P"," ","0",0,"P"," ","0",0,"P"," ","0",0,"P"," ","0",0,"P"," ","0",0,"P"," ","0",0,"P"," ","0",0,"P"," ","0",0,"P"," ","0",0,"P"," ","0",0,"P"," ","0",0,"P"," ","0"
"3481","USC00413787",1994,5,"SNWD",0," "," ","0",0,"P"," ","0",0,"P"," ","0",0,"P"," ","0",0,"P"," ","0",0,"P"," ","0",0,"P"," ","0",0,"P"," ","0",0,"P"," ","0",0,"P"," ","0",0,"P"," ","0",0,"P"," ","0",0,"P"," ","0",0,"P"," ","0",0,"P"," ","0",0,"P"," ","0",0,"P"," ","0",0,"P"," ","0",0,"P"," ","0",0,"P"," ","0",0,"P"," ","0",0,"P"," ","0",0,"P"," ","0",0,"P"," ","0",0,"P"," ","0",0,"P"," ","0",0,"P"," ","0",0,"P"," ","0",0,"P"," ","0",0,"P"," ","0",0,"P"," ","0"
"3482","USC00413787",1994,6,"TMAX",344," "," ","0",328," "," ","0",311," "," ","0",267," "," ","0",333," "," ","0",367," "," ","0",339," "," ","0",378," "," ","0",311," "," ","0",283," "," ","0",278," "," ","0",306," "," ","0",333," "," ","0",372," "," ","0",339," "," ","0",356," "," ","0",378," "," ","0",367," "," ","0",339," "," ","0",322," "," ","0",339," "," ","0",322," "," ","0",367," "," ","0",300," "," ","0",372," "," ","0",417," "," ","0",361," "," ","0",367," "," ","0",361," "," ","0",372," "," ","0",NA," "," "," "
"3483","USC00413787",1994,6,"TMIN",172," "," ","0",178," "," ","0",144," "," ","0",172," "," ","0",189," "," ","0",178," "," ","0",183," "," ","0",128," "," ","0",133," "," ","0",122," "," ","0",144," "," ","0",156," "," ","0",189," ","I","0",194," "," ","0",194," "," ","0",206," "," ","0",217," "," ","0",200," "," ","0",172," "," ","0",189," "," ","0",189," "," ","0",189," "," ","0",161," "," ","0",167," "," ","0",156," "," ","0",189," "," ","0",183," "," ","0",183," "," ","0",172," "," ","0",178," "," ","0",NA," "," "," "
"3484","USC00413787",1994,6,"TOBS",194," "," ","0",178," "," ","0",178," "," ","0",194," "," ","0",211," "," ","0",183," "," ","0",200," "," ","0",133," "," ","0",156," "," ","0",150," "," ","0",172," "," ","0",178," ","I","0",194," "," ","0",222," "," ","0",206," "," ","0",217," "," ","0",239," "," ","0",228," "," ","0",211," "," ","0",194," "," ","0",189," "," ","0",222," "," ","0",167," "," ","0",189," "," ","0",189," "," ","0",200," "," ","0",183," "," ","0",211," "," ","0",200," "," ","0",183," "," ","0",NA," "," "," "
"3485","USC00413787",1994,6,"PRCP",0,"P"," ","0",15," "," ","0",107," "," ","0",0,"P"," ","0",0,"P"," ","0",0,"P"," ","0",0,"P"," ","0",0,"P"," ","0",5," "," ","0",356," "," ","0",0,"P"," ","0",41," "," ","0",0,"P"," ","0",0,"P"," ","0",0,"P"," ","0",0,"P"," ","0",0,"P"," ","0",0,"P"," ","0",0,"P"," ","0",0,"P"," ","0",0,"P"," ","0",0,"P"," ","0",20," "," ","0",0,"P"," ","0",0,"P"," ","0",0,"P"," ","0",0,"P"," ","0",0,"P"," ","0",0,"T"," ","0",196," "," ","0",NA," "," "," "
"3486","USC00413787",1994,6,"SNOW",0,"P"," ","0",0,"P"," ","0",0,"P"," ","0",0,"P"," ","0",0,"P"," ","0",0,"P"," ","0",0,"P"," ","0",0,"P"," ","0",0,"P"," ","0",0,"P"," ","0",0,"P"," ","0",0,"P"," ","0",0,"P"," ","0",0,"P"," ","0",0,"P"," ","0",0,"P"," ","0",0,"P"," ","0",0,"P"," ","0",0,"P"," ","0",0,"P"," ","0",0,"P"," ","0",0,"P"," ","0",0,"P"," ","0",0,"P"," ","0",0,"P"," ","0",0,"P"," ","0",0,"P"," ","0",0,"P"," ","0",0,"P"," ","0",0,"P"," ","0",NA," "," "," "
"3487","USC00413787",1994,6,"SNWD",0," "," ","0",0,"P"," ","0",0,"P"," ","0",0,"P"," ","0",0,"P"," ","0",0,"P"," ","0",0,"P"," ","0",0,"P"," ","0",0,"P"," ","0",0,"P"," ","0",0,"P"," ","0",0,"P"," ","0",0,"P"," ","0",0,"P"," ","0",0,"P"," ","0",0,"P"," ","0",0,"P"," ","0",0,"P"," ","0",0,"P"," ","0",0,"P"," ","0",0,"P"," ","0",0,"P"," ","0",0,"P"," ","0",0,"P"," ","0",0,"P"," ","0",0,"P"," ","0",0,"P"," ","0",0,"P"," ","0",0,"P"," ","0",0,"P"," ","0",NA," "," "," "
"3488","USC00413787",1994,7,"TMAX",372," "," ","0",400," "," ","0",389," "," ","0",389," "," ","0",367," "," ","0",361," "," ","0",339," "," ","0",278," "," ","0",294," "," ","0",317," "," ","0",328," "," ","0",344," "," ","0",317," "," ","0",317," "," ","0",311," "," ","0",339," "," ","0",322," "," ","0",328," "," ","0",356," "," ","0",378," "," ","0",294," "," ","0",306," "," ","0",394," "," ","0",372," "," ","0",383," "," ","0",322," "," ","0",244," "," ","0",278," "," ","0",311," "," ","0",306," "," ","0",317," "," ","0"
"3489","USC00413787",1994,7,"TMIN",178," "," ","0",194," "," ","0",206," "," ","0",211," "," ","0",217," "," ","0",178," "," ","0",183," "," ","0",117," "," ","0",128," "," ","0",139," "," ","0",172," "," ","0",172," "," ","0",161," "," ","0",156," "," ","0",167," "," ","0",156," "," ","0",172," "," ","0",194," "," ","0",206," "," ","0",189," "," ","0",189," "," ","0",178," "," ","0",172," "," ","0",172," "," ","0",172," "," ","0",167," "," ","0",122," "," ","0",139," "," ","0",150," "," ","0",144," "," ","0",172," "," ","0"
"3490","USC00413787",1994,7,"TOBS",189," "," ","0",272," "," ","0",328," "," ","0",228," "," ","0",228," "," ","0",200," "," ","0",189," "," ","0",128," "," ","0",211," "," ","0",172," "," ","0",183," "," ","0",178," "," ","0",172," "," ","0",167," "," ","0",200," "," ","0",178," "," ","0",200," "," ","0",206," "," ","0",233," "," ","0",194," "," ","0",194," "," ","0",194," "," ","0",178," "," ","0",222," "," ","0",183," "," ","0",206," "," ","0",139," "," ","0",150," "," ","0",167," "," ","0",206," "," ","0",194," "," ","0"
"3491","USC00413787",1994,7,"PRCP",0,"P"," ","0",8," "," ","0",13," "," ","0",0,"P"," ","0",0,"P"," ","0",0,"P"," ","0",0,"P"," ","0",0,"P"," ","0",0,"P"," ","0",0,"P"," ","0",0,"P"," ","0",152," "," ","0",76," "," ","0",0,"P"," ","0",0,"P"," ","0",94," "," ","0",0,"P"," ","0",0,"P"," ","0",0,"P"," ","0",0,"P"," ","0",8," "," ","0",0,"P"," ","0",0,"P"," ","0",0,"P"," ","0",25," "," ","0",150," "," ","0",0,"P"," ","0",0,"P"," ","0",43," "," ","0",0,"P"," ","0",0,"P"," ","0"
"3492","USC00413787",1994,7,"SNOW",0,"P"," ","0",0,"P"," ","0",0,"P"," ","0",0,"P"," ","0",0,"P"," ","0",0,"P"," ","0",0,"P"," ","0",0,"P"," ","0",0,"P"," ","0",0,"P"," ","0",0,"P"," ","0",0,"P"," ","0",0,"P"," ","0",0,"P"," ","0",0,"P"," ","0",0,"P"," ","0",0,"P"," ","0",0,"P"," ","0",0,"P"," ","0",0,"P"," ","0",0,"P"," ","0",0,"P"," ","0",0,"P"," ","0",0,"P"," ","0",0,"P"," ","0",0,"P"," ","0",0,"P"," ","0",0,"P"," ","0",0,"P"," ","0",0,"P"," ","0",0,"P"," ","0"
"3493","USC00413787",1994,7,"SNWD",0," "," ","0",0,"P"," ","0",0,"P"," ","0",0,"P"," ","0",0,"P"," ","0",0,"P"," ","0",0,"P"," ","0",0,"P"," ","0",0,"P"," ","0",0,"P"," ","0",0,"P"," ","0",0,"P"," ","0",0,"P"," ","0",0,"P"," ","0",0,"P"," ","0",0,"P"," ","0",0,"P"," ","0",0,"P"," ","0",0,"P"," ","0",0,"P"," ","0",0,"P"," ","0",0,"P"," ","0",0,"P"," ","0",0,"P"," ","0",0,"P"," ","0",0,"P"," ","0",0,"P"," ","0",0,"P"," ","0",0,"P"," ","0",0,"P"," ","0",0,"P"," ","0"
"3494","USC00413787",1994,8,"TMAX",333," "," ","0",333," "," ","0",256," "," ","0",311," "," ","0",300," "," ","0",294," "," ","0",344," "," ","0",378," "," ","0",339," "," ","0",322," "," ","0",333," "," ","0",333," "," ","0",NA," "," "," ",361," "," ","0",194," "," ","0",267," "," ","0",333," "," ","0",383," "," ","0",378," "," ","0",361," "," ","0",244," "," ","0",294," "," ","0",311," "," ","0",350," "," ","0",317," "," ","0",350," "," ","0",356," "," ","0",361," "," ","0",350," "," ","0",333," "," ","0",306," "," ","0"
"3495","USC00413787",1994,8,"TMIN",194," "," ","0",178," "," ","0",178," "," ","0",167," "," ","0",156," "," ","0",156," "," ","0",172," "," ","0",178," "," ","0",189," "," ","0",172," "," ","0",178," "," ","0",172," "," ","0",NA," "," "," ",161," "," ","0",122," "," ","0",111," "," ","0",117," "," ","0",161," "," ","0",161," "," ","0",144," "," ","0",133," "," ","0",156," "," ","0",167," "," ","0",156," "," ","0",183," "," ","0",183," "," ","0",183," "," ","0",183," "," ","0",167," "," ","0",167," "," ","0",167," "," ","0"
"3496","USC00413787",1994,8,"TOBS",194," "," ","0",183," "," ","0",183," "," ","0",178," "," ","0",156," "," ","0",194," "," ","0",178," "," ","0",206," "," ","0",189," "," ","0",178," "," ","0",200," "," ","0",178," "," ","0",NA," "," "," ",178," "," ","0",128," "," ","0",117," "," ","0",183," "," ","0",217," "," ","0",217," "," ","0",161," "," ","0",156," "," ","0",167," "," ","0",189," "," ","0",189," "," ","0",206," "," ","0",183," "," ","0",183," "," ","0",194," "," ","0",167," "," ","0",206," "," ","0",172," "," ","0"
"3497","USC00413787",1994,8,"PRCP",0,"P"," ","0",193," "," ","0",0,"P"," ","0",41," "," ","0",0,"P"," ","0",0,"P"," ","0",0,"P"," ","0",0,"P"," ","0",0,"P"," ","0",0,"P"," ","0",0,"P"," ","0",0,"P"," ","0",NA," "," "," ",NA," "," "," ",48," "," ","0",0,"P"," ","0",0,"P"," ","0",0,"P"," ","0",8," "," ","0",112," "," ","0",0,"P"," ","0",0,"P"," ","0",0,"P"," ","0",490," "," ","0",5," "," ","0",0,"P"," ","0",0,"P"," ","0",0,"P"," ","0",0,"P"," ","0",0,"P"," ","0",0,"P"," ","0"
"3498","USC00413787",1994,8,"SNOW",0,"P"," ","0",0,"P"," ","0",0,"P"," ","0",0,"P"," ","0",0,"P"," ","0",0,"P"," ","0",0,"P"," ","0",0,"P"," ","0",0,"P"," ","0",0,"P"," ","0",0,"P"," ","0",0,"P"," ","0",0,"P"," ","0",0,"P"," ","0",0,"P"," ","0",0,"P"," ","0",0,"P"," ","0",0,"P"," ","0",0,"P"," ","0",0,"P"," ","0",0,"P"," ","0",0,"P"," ","0",0,"P"," ","0",0,"P"," ","0",0,"P"," ","0",0,"P"," ","0",0,"P"," ","0",0,"P"," ","0",0,"P"," ","0",0,"P"," ","0",0,"P"," ","0"
"3499","USC00413787",1994,8,"SNWD",0," "," ","0",0,"P"," ","0",0,"P"," ","0",0,"P"," ","0",0,"P"," ","0",0,"P"," ","0",0,"P"," ","0",0,"P"," ","0",0,"P"," ","0",0,"P"," ","0",0,"P"," ","0",0,"P"," ","0",0,"P"," ","0",0,"P"," ","0",0,"P"," ","0",0,"P"," ","0",0,"P"," ","0",0,"P"," ","0",0,"P"," ","0",0,"P"," ","0",0,"P"," ","0",0,"P"," ","0",0,"P"," ","0",0,"P"," ","0",0,"P"," ","0",0,"P"," ","0",0,"P"," ","0",0,"P"," ","0",0,"P"," ","0",0,"P"," ","0",0,"P"," ","0"
"3500","USC00413787",1994,8,"DAPR",NA," "," "," ",NA," "," "," ",NA," "," "," ",NA," "," "," ",NA," "," "," ",NA," "," "," ",NA," "," "," ",NA," "," "," ",NA," "," "," ",NA," "," "," ",NA," "," "," ",NA," "," "," ",NA," "," "," ",2," "," ","0",NA," "," "," ",NA," "," "," ",NA," "," "," ",NA," "," "," ",NA," "," "," ",NA," "," "," ",NA," "," "," ",NA," "," "," ",NA," "," "," ",NA," "," "," ",NA," "," "," ",NA," "," "," ",NA," "," "," ",NA," "," "," ",NA," "," "," ",NA," "," "," ",NA," "," "," "
"3501","USC00413787",1994,8,"MDPR",NA," "," "," ",NA," "," "," ",NA," "," "," ",NA," "," "," ",NA," "," "," ",NA," "," "," ",NA," "," "," ",NA," "," "," ",NA," "," "," ",NA," "," "," ",NA," "," "," ",NA," "," "," ",NA," "," "," ",66," "," ","0",NA," "," "," ",NA," "," "," ",NA," "," "," ",NA," "," "," ",NA," "," "," ",NA," "," "," ",NA," "," "," ",NA," "," "," ",NA," "," "," ",NA," "," "," ",NA," "," "," ",NA," "," "," ",NA," "," "," ",NA," "," "," ",NA," "," "," ",NA," "," "," ",NA," "," "," "
"3502","USC00413787",1994,9,"TMAX",189," "," ","0",189," "," ","0",289," "," ","0",317," "," ","0",317," "," ","0",300," "," ","0",272," "," ","0",NA," "," "," ",272," "," ","0",289," "," ","0",294," "," ","0",306," "," ","0",306," "," ","0",311," "," ","0",311," "," ","0",311," "," ","0",267," "," ","0",300," "," ","0",317," "," ","0",300," "," ","0",300," "," ","0",172," "," ","0",222," "," ","0",222," "," ","0",244," "," ","0",244," "," ","0",317," "," ","0",322," "," ","0",344," "," ","0",361," "," ","0",NA," "," "," "
"3503","USC00413787",1994,9,"TMIN",133," "," ","0",133," "," ","0",156," "," ","0",150," "," ","0",161," "," ","0",156," "," ","0",167," "," ","0",122," "," ","0",117," "," ","0",117," "," ","0",172," "," ","0",167," "," ","0",167," "," ","0",178," "," ","0",139," "," ","0",100," "," ","0",100," "," ","0",100," "," ","0",133," "," ","0",133," "," ","0",44," "," ","0",44," "," ","0",11," "," ","0",11," "," ","0",89," "," ","0",94," "," ","0",94," "," ","0",94," "," ","0",89," "," ","0",139," "," ","0",NA," "," "," "
"3504","USC00413787",1994,9,"TOBS",133," "," ","0",156," "," ","0",178," "," ","0",217," "," ","0",161," "," ","0",167," "," ","0",167," "," ","0",139," "," ","0",117," "," ","0",178," "," ","0",183," "," ","0",167," "," ","0",178," "," ","0",194," "," ","0",139," "," ","0",222," "," ","0",100," "," ","0",128," "," ","0",139," "," ","0",133," "," ","0",44," "," ","0",67," "," ","0",11," "," ","0",144," "," ","0",89," "," ","0",100," "," ","0",94," "," ","0",94," "," ","0",139," "," ","0",183," "," ","0",NA," "," "," "
"3505","USC00413787",1994,9,"PRCP",13," "," ","0",5," "," ","0",0,"P"," ","0",0,"P"," ","0",0,"P"," ","0",0,"P"," ","0",0,"P"," ","0",112," "," ","0",0,"P"," ","0",0,"P"," ","0",0,"P"," ","0",0,"P"," ","0",0,"P"," ","0",0,"P"," ","0",8," "," ","0",0,"P"," ","0",0,"P"," ","0",0,"P"," ","0",0,"T"," ","0",0,"P"," ","0",0,"T"," ","0",0,"P"," ","0",0,"P"," ","0",0,"P"," ","0",0,"P"," ","0",0,"P"," ","0",0,"P"," ","0",0,"P"," ","0",0,"P"," ","0",0,"P"," ","0",NA," "," "," "
"3506","USC00413787",1994,9,"SNOW",0,"P"," ","0",0,"P"," ","0",0,"P"," ","0",0,"P"," ","0",0,"P"," ","0",0,"P"," ","0",0,"P"," ","0",0,"P"," ","0",0,"P"," ","0",0,"P"," ","0",0,"P"," ","0",0,"P"," ","0",0,"P"," ","0",0,"P"," ","0",0,"P"," ","0",0,"P"," ","0",0,"P"," ","0",0,"P"," ","0",0,"P"," ","0",0,"P"," ","0",0,"P"," ","0",0,"P"," ","0",0,"P"," ","0",0,"P"," ","0",0,"P"," ","0",0,"P"," ","0",0,"P"," ","0",0,"P"," ","0",0,"P"," ","0",0,"P"," ","0",NA," "," "," "
"3507","USC00413787",1994,9,"SNWD",0," "," ","0",0,"P"," ","0",0,"P"," ","0",0,"P"," ","0",0,"P"," ","0",0,"P"," ","0",0,"P"," ","0",0,"P"," ","0",0,"P"," ","0",0,"P"," ","0",0,"P"," ","0",0,"P"," ","0",0,"P"," ","0",0,"P"," ","0",0,"P"," ","0",0,"P"," ","0",0,"P"," ","0",0,"P"," ","0",0,"P"," ","0",0,"P"," ","0",0,"P"," ","0",0,"P"," ","0",0,"P"," ","0",0,"P"," ","0",0,"P"," ","0",0,"P"," ","0",0,"P"," ","0",0,"P"," ","0",0,"P"," ","0",0,"P"," ","0",NA," "," "," "
"3508","USC00413787",1994,10,"TMAX",333," "," ","0",272," "," ","0",272," "," ","0",272," "," ","0",250," "," ","0",261," "," ","0",256," "," ","0",156," "," ","0",183," "," ","0",206," "," ","0",228," "," ","0",239," "," ","0",261," "," ","0",233," "," ","0",156," "," ","0",200," "," ","0",239," "," ","0",239," "," ","0",217," "," ","0",222," "," ","0",250," "," ","0",222," "," ","0",222," "," ","0",228," "," ","0",150," "," ","0",133," "," ","0",172," "," ","0",211," "," ","0",261," "," ","0",122," "," ","0",128," "," ","0"
"3509","USC00413787",1994,10,"TMIN",133," "," ","0",133," "," ","0",100," "," ","0",117," "," ","0",133," "," ","0",128," "," ","0",89," "," ","0",44," "," ","0",11," "," ","0",17," "," ","0",17," "," ","0",72," "," ","0",56," "," ","0",56," "," ","0",94," "," ","0",100," "," ","0",144," "," ","0",61," "," ","0",33," "," ","0",33," "," ","0",67," "," ","0",39," "," ","0",39," "," ","0",50," "," ","0",39," "," ","0",6," "," ","0",0," "," ","0",33," "," ","0",61," "," ","0",78," "," ","0",28," "," ","0"
"3510","USC00413787",1994,10,"TOBS",133," "," ","0",139," "," ","0",122," "," ","0",133," "," ","0",150," "," ","0",139," "," ","0",89," "," ","0",50," "," ","0",17," "," ","0",50," "," ","0",78," "," ","0",72," "," ","0",56," "," ","0",100," "," ","0",100," "," ","0",189," "," ","0",167," "," ","0",61," "," ","0",33," "," ","0",89," "," ","0",67," "," ","0",39," "," ","0",50," "," ","0",78," "," ","0",44," "," ","0",6," "," ","0",39," "," ","0",83," "," ","0",78," "," ","0",89," "," ","0",33," "," ","0"
"3511","USC00413787",1994,10,"PRCP",0,"P"," ","0",89," "," ","0",0,"P"," ","0",0,"P"," ","0",114," "," ","0",0,"T"," ","0",0,"P"," ","0",0,"P"," ","0",0,"P"," ","0",0,"P"," ","0",0,"P"," ","0",0,"P"," ","0",0,"P"," ","0",0,"P"," ","0",15," "," ","0",109," "," ","0",36," "," ","0",0,"P"," ","0",0,"P"," ","0",0,"P"," ","0",0,"P"," ","0",0,"P"," ","0",0,"P"," ","0",0,"P"," ","0",10," "," ","0",0,"P"," ","0",0,"P"," ","0",0,"P"," ","0",0,"P"," ","0",0,"P"," ","0",183," "," ","0"
"3512","USC00413787",1994,10,"SNOW",0,"P"," ","0",0,"P"," ","0",0,"P"," ","0",0,"P"," ","0",0,"P"," ","0",0,"P"," ","0",0,"P"," ","0",0,"P"," ","0",0,"P"," ","0",0,"P"," ","0",0,"P"," ","0",0,"P"," ","0",0,"P"," ","0",0,"P"," ","0",0,"P"," ","0",0,"P"," ","0",0,"P"," ","0",0,"P"," ","0",0,"P"," ","0",0,"P"," ","0",0,"P"," ","0",0,"P"," ","0",0,"P"," ","0",0,"P"," ","0",0,"P"," ","0",0,"P"," ","0",0,"P"," ","0",0,"P"," ","0",0,"P"," ","0",0,"P"," ","0",0,"P"," ","0"
"3513","USC00413787",1994,10,"SNWD",0," "," ","0",0,"P"," ","0",0,"P"," ","0",0,"P"," ","0",0,"P"," ","0",0,"P"," ","0",0,"P"," ","0",0,"P"," ","0",0,"P"," ","0",0,"P"," ","0",0,"P"," ","0",0,"P"," ","0",0,"P"," ","0",0,"P"," ","0",0,"P"," ","0",0,"P"," ","0",0,"P"," ","0",0,"P"," ","0",0,"P"," ","0",0,"P"," ","0",0,"P"," ","0",0,"P"," ","0",0,"P"," ","0",0,"P"," ","0",0,"P"," ","0",0,"P"," ","0",0,"P"," ","0",0,"P"," ","0",0,"P"," ","0",0,"P"," ","0",0,"P"," ","0"
"3514","USC00413787",1994,11,"TMAX",150," "," ","0",250," "," ","0",267," "," ","0",144," "," ","0",50," "," ","0",183," "," ","0",211," "," ","0",233," "," ","0",150," "," ","0",94," "," ","0",150," "," ","0",206," "," ","0",133," "," ","0",183," "," ","0",89," "," ","0",106," "," ","0",139," "," ","0",156," "," ","0",156," "," ","0",89," "," ","0",61," "," ","0",94," "," ","0",11," "," ","0",100," "," ","0",167," "," ","0",167," "," ","0",200," "," ","0",83," "," ","0",100," "," ","0",61," "," ","0",NA," "," "," "
"3515","USC00413787",1994,11,"TMIN",28," "," ","0",39," "," ","0",22," "," ","0",17," "," ","0",-33," "," ","0",-17," "," ","0",72," "," ","0",83," "," ","0",-11," "," ","0",-39," "," ","0",-17," "," ","0",50," "," ","0",83," "," ","0",0," "," ","0",-44," "," ","0",-44," "," ","0",-6," "," ","0",-56," "," ","0",-28," "," ","0",-11," "," ","0",-6," "," ","0",-28," "," ","0",-50," "," ","0",-44," "," ","0",-33," "," ","0",17," ","I","0",6," "," ","0",-72," "," ","0",-61," "," ","0",-56," "," ","0",NA," "," "," "
"3516","USC00413787",1994,11,"TOBS",39," "," ","0",139," "," ","0",22," "," ","0",28," "," ","0",-22," "," ","0",122," "," ","0",83," "," ","0",122," "," ","0",-6," "," ","0",-17," "," ","0",50," "," ","0",89," "," ","0",106," "," ","0",6," "," ","0",-44," "," ","0",-6," "," ","0",78," "," ","0",-28," "," ","0",56," "," ","0",0," "," ","0",17," "," ","0",-22," "," ","0",-44," "," ","0",56," "," ","0",-17," ","I","0",22," "," ","0",39," "," ","0",-61," "," ","0",-33," "," ","0",-56," "," ","0",NA," "," "," "
"3517","USC00413787",1994,11,"PRCP",0,"P"," ","0",0,"P"," ","0",0,"P"," ","0",0,"P"," ","0",0,"P"," ","0",0,"P"," ","0",0,"P"," ","0",0,"P"," ","0",0,"T"," ","0",0,"P"," ","0",0,"P"," ","0",0,"P"," ","0",20," "," ","0",0,"P"," ","0",0,"P"," ","0",0,"P"," ","0",0,"P"," ","0",0,"P"," ","0",0,"P"," ","0",246," "," ","0",13," "," ","0",0,"P"," ","0",0,"P"," ","0",0,"P"," ","0",0,"P"," ","0",0,"P"," ","0",0,"P"," ","0",0,"P"," ","0",0,"P"," ","0",0,"P"," ","0",NA," "," "," "
"3518","USC00413787",1994,11,"SNOW",0,"P"," ","0",0,"P"," ","0",0,"P"," ","0",0,"P"," ","0",0,"P"," ","0",0,"P"," ","0",0,"P"," ","0",0,"P"," ","0",0,"P"," ","0",0,"P"," ","0",0,"P"," ","0",0,"P"," ","0",0,"P"," ","0",0,"P"," ","0",0,"P"," ","0",0,"P"," ","0",0,"P"," ","0",0,"P"," ","0",0,"P"," ","0",0,"P"," ","0",0,"P"," ","0",0,"P"," ","0",0,"P"," ","0",0,"P"," ","0",0,"P"," ","0",0,"P"," ","0",0,"P"," ","0",0,"P"," ","0",0,"P"," ","0",0,"P"," ","0",NA," "," "," "
"3519","USC00413787",1994,11,"SNWD",0," "," ","0",0,"P"," ","0",0,"P"," ","0",0,"P"," ","0",0,"P"," ","0",0,"P"," ","0",0,"P"," ","0",0,"P"," ","0",0,"P"," ","0",0,"P"," ","0",0,"P"," ","0",0,"P"," ","0",0,"P"," ","0",0,"P"," ","0",0,"P"," ","0",0,"P"," ","0",0,"P"," ","0",0,"P"," ","0",0,"P"," ","0",0,"P"," ","0",0,"P"," ","0",0,"P"," ","0",0,"P"," ","0",0,"P"," ","0",0,"P"," ","0",0,"P"," ","0",0,"P"," ","0",0,"P"," ","0",0,"P"," ","0",0,"P"," ","0",NA," "," "," "
"3520","USC00413787",1994,12,"TMAX",144," "," ","0",228," "," ","0",217," "," ","0",172," "," ","0",222," "," ","0",78," "," ","0",106," "," ","0",83," "," ","0",-6," "," ","0",33," "," ","0",33," "," ","0",72," "," ","0",83," "," ","0",122," "," ","0",128," "," ","0",100," "," ","0",111," "," ","0",133," "," ","0",156," "," ","0",167," "," ","0",144," "," ","0",150," "," ","0",172," "," ","0",117," "," ","0",167," "," ","0",139," "," ","0",150," "," ","0",161," "," ","0",100," "," ","0",111," "," ","0",56," "," ","0"
"3521","USC00413787",1994,12,"TMIN",-56," "," ","0",-22," "," ","0",-17," "," ","0",-6," "," ","0",-11," "," ","0",-11," "," ","0",-28," "," ","0",-28," "," ","0",-72," "," ","0",-72," "," ","0",-56," "," ","0",-44," "," ","0",-33," "," ","0",-17," "," ","0",-72," "," ","0",-56," "," ","0",-50," "," ","0",-56," "," ","0",17," "," ","0",-44," "," ","0",-33," "," ","0",-61," "," ","0",-61," "," ","0",-28," "," ","0",-28," "," ","0",-22," "," ","0",-22," "," ","0",-11," "," ","0",-28," "," ","0",-22," "," ","0",-50," "," ","0"
"3522","USC00413787",1994,12,"TOBS",-22," "," ","0",6," "," ","0",-6," "," ","0",22," "," ","0",-11," "," ","0",33," "," ","0",-22," "," ","0",-17," "," ","0",-67," "," ","0",-56," "," ","0",-22," "," ","0",-33," "," ","0",33," "," ","0",-11," "," ","0",-33," "," ","0",-44," "," ","0",-17," "," ","0",22," "," ","0",17," "," ","0",-33," "," ","0",-33," "," ","0",-56," "," ","0",-28," "," ","0",-6," "," ","0",-22," "," ","0",28," "," ","0",-17," "," ","0",22," "," ","0",-22," "," ","0",44," "," ","0",-50," "," ","0"
"3523","USC00413787",1994,12,"PRCP",0,"P"," ","0",0,"P"," ","0",0,"P"," ","0",0,"P"," ","0",0,"P"," ","0",46," "," ","0",86," "," ","0",0,"P"," ","0",0,"P"," ","0",0,"P"," ","0",0,"P"," ","0",0,"P"," ","0",0,"P"," ","0",0,"P"," ","0",0,"P"," ","0",0,"P"," ","0",0,"P"," ","0",0,"P"," ","0",0,"P"," ","0",0,"P"," ","0",0,"P"," ","0",0,"P"," ","0",0,"P"," ","0",0,"P"," ","0",0,"P"," ","0",0,"P"," ","0",0,"P"," ","0",0,"P"," ","0",0,"P"," ","0",0,"P"," ","0",30," "," ","0"
"3524","USC00413787",1994,12,"SNOW",0,"P"," ","0",0,"P"," ","0",0,"P"," ","0",0,"P"," ","0",0,"P"," ","0",0,"P"," ","0",0,"P"," ","0",0,"P"," ","0",0,"P"," ","0",0,"P"," ","0",0,"P"," ","0",0,"P"," ","0",0,"P"," ","0",0,"P"," ","0",0,"P"," ","0",0,"P"," ","0",0,"P"," ","0",0,"P"," ","0",0,"P"," ","0",0,"P"," ","0",0,"P"," ","0",0,"P"," ","0",0,"P"," ","0",0,"P"," ","0",0,"P"," ","0",0,"P"," ","0",0,"P"," ","0",0,"P"," ","0",0,"P"," ","0",0,"P"," ","0",0,"P"," ","0"
"3525","USC00413787",1994,12,"SNWD",0," "," ","0",0,"P"," ","0",0,"P"," ","0",0,"P"," ","0",0,"P"," ","0",0,"P"," ","0",0,"P"," ","0",0,"P"," ","0",0,"P"," ","0",0,"P"," ","0",0,"P"," ","0",0,"P"," ","0",0,"P"," ","0",0,"P"," ","0",0,"P"," ","0",0,"P"," ","0",0,"P"," ","0",0,"P"," ","0",0,"P"," ","0",0,"P"," ","0",0,"P"," ","0",0,"P"," ","0",0,"P"," ","0",0,"P"," ","0",0,"P"," ","0",0,"P"," ","0",0,"P"," ","0",0,"P"," ","0",0,"P"," ","0",0,"P"," ","0",0,"P"," ","0"
"3526","USC00413787",1995,1,"TMAX",-39," "," ","0",28," "," ","0",61," "," ","0",-61," "," ","0",-28," "," ","0",11," "," ","0",28," "," ","0",128," "," ","0",167," "," ","0",189," "," ","0",217," "," ","0",233," "," ","0",106," "," ","0",133," "," ","0",156," "," ","0",228," "," ","0",172," "," ","0",72," "," ","0",83," "," ","0",117," "," ","0",117," "," ","0",11," "," ","0",11," "," ","0",94," "," ","0",122," "," ","0",133," "," ","0",100," "," ","0",89," "," ","0",50," "," ","0",33," "," ","0",133," "," ","0"
"3527","USC00413787",1995,1,"TMIN",-100," "," ","0",-100," "," ","0",-83," "," ","0",-83," "," ","0",-72," "," ","0",-61," "," ","0",-106," "," ","0",-106," "," ","0",-28," "," ","0",-28," "," ","0",-11," "," ","0",33," "," ","0",-56," "," ","0",-50," "," ","0",-44," "," ","0",17," "," ","0",-83," "," ","0",-83," "," ","0",-83," "," ","0",-72," "," ","0",-50," "," ","0",-22," "," ","0",-89," "," ","0",-89," "," ","0",-44," "," ","0",-44," "," ","0",33," "," ","0",22," "," ","0",-28," "," ","0",-83," "," ","0",-78," "," ","0"
"3528","USC00413787",1995,1,"TOBS",-100," "," ","0",-67," "," ","0",-83," "," ","0",-72," "," ","0",-61," "," ","0",-22," "," ","0",-106," "," ","0",94," "," ","0",-28," "," ","0",-6," "," ","0",72," "," ","0",50," "," ","0",-50," "," ","0",-44," "," ","0",17," "," ","0",78," "," ","0",-83," "," ","0",-28," "," ","0",-72," "," ","0",-50," "," ","0",-22," "," ","0",-17," "," ","0",-89," "," ","0",-44," "," ","0",-22," "," ","0",39," "," ","0",39," "," ","0",28," "," ","0",-17," "," ","0",-78," "," ","0",-67," "," ","0"
"3529","USC00413787",1995,1,"PRCP",3," "," ","0",0,"P"," ","0",5," "," ","0",0,"P"," ","0",0,"P"," ","0",23," "," ","0",0,"P"," ","0",0,"P"," ","0",0,"P"," ","0",0,"P"," ","0",0,"P"," ","0",0,"P"," ","0",0,"P"," ","0",0,"P"," ","0",0,"P"," ","0",0,"P"," ","0",0,"P"," ","0",0,"P"," ","0",0,"P"," ","0",0,"P"," ","0",0,"P"," ","0",8," "," ","0",0,"T"," ","0",0,"P"," ","0",0,"P"," ","0",0,"P"," ","0",0,"T"," ","0",0,"T"," ","0",8," "," ","0",0,"P"," ","0",0,"P"," ","0"
"3530","USC00413787",1995,1,"SNOW",NA," "," "," ",0,"P"," ","0",0,"P"," ","0",0,"P"," ","0",0,"P"," ","0",51," "," ","0",0,"P"," ","0",0,"P"," ","0",0,"P"," ","0",0,"P"," ","0",0,"P"," ","0",0,"P"," ","0",0,"P"," ","0",0,"P"," ","0",0,"P"," ","0",0,"P"," ","0",0,"P"," ","0",0,"P"," ","0",0,"P"," ","0",0,"P"," ","0",0,"P"," ","0",0,"P"," ","0",0,"P"," ","0",0,"P"," ","0",0,"P"," ","0",0,"P"," ","0",0,"P"," ","0",0,"P"," ","0",0,"P"," ","0",0,"P"," ","0",0,"P"," ","0"
"3531","USC00413787",1995,1,"SNWD",0," "," ","0",0,"P"," ","0",0,"P"," ","0",0,"P"," ","0",0,"P"," ","0",NA," "," "," ",0," "," ","0",0,"P"," ","0",0,"P"," ","0",0,"P"," ","0",0,"P"," ","0",0,"P"," ","0",0,"P"," ","0",0,"P"," ","0",0,"P"," ","0",0,"P"," ","0",0,"P"," ","0",0,"P"," ","0",0,"P"," ","0",0,"P"," ","0",0,"P"," ","0",0,"P"," ","0",0,"P"," ","0",0,"P"," ","0",0,"P"," ","0",0,"P"," ","0",0,"P"," ","0",0,"P"," ","0",0,"P"," ","0",0,"P"," ","0",0,"P"," ","0"
"3532","USC00413787",1995,2,"TMAX",172," "," ","0",222," "," ","0",228," "," ","0",128," "," ","0",222," "," ","0",128," "," ","0",150," "," ","0",67," "," ","0",122," "," ","0",133," "," ","0",94," "," ","0",-56," "," ","0",-56," "," ","0",-6," "," ","0",206," "," ","0",33," "," ","0",94," "," ","0",172," "," ","0",194," "," ","0",172," "," ","0",206," "," ","0",211," "," ","0",233," "," ","0",172," "," ","0",183," "," ","0",222," "," ","0",228," "," ","0",78," "," ","0",NA," "," "," ",NA," "," "," ",NA," "," "," "
"3533","USC00413787",1995,2,"TMIN",-67," "," ","0",-6," "," ","0",6," "," ","0",-50," "," ","0",-50," "," ","0",-44," "," ","0",-22," "," ","0",-78," "," ","0",-50," "," ","0",-33," "," ","0",-61," "," ","0",-94," "," ","0",-94," "," ","0",-83," "," ","0",-44," "," ","0",-72," "," ","0",-78," "," ","0",-72," "," ","0",-39," "," ","0",22," "," ","0",17," "," ","0",17," "," ","0",17," "," ","0",-17," "," ","0",-17," "," ","0",56," "," ","0",33," "," ","0",-50," "," ","0",NA," "," "," ",NA," "," "," ",NA," "," "," "
"3534","USC00413787",1995,2,"TOBS",28," "," ","0",6," "," ","0",11," "," ","0",0," "," ","0",-44," "," ","0",-22," "," ","0",-6," "," ","0",-50," "," ","0",-33," "," ","0",-11," "," ","0",-61," "," ","0",-94," "," ","0",-83," "," ","0",-6," "," ","0",-44," "," ","0",-72," "," ","0",-72," "," ","0",-33," "," ","0",50," "," ","0",28," "," ","0",17," "," ","0",44," "," ","0",17," "," ","0",-11," "," ","0",56," "," ","0",78," "," ","0",56," "," ","0",-50," "," ","0",NA," "," "," ",NA," "," "," ",NA," "," "," "
"3535","USC00413787",1995,2,"PRCP",0,"P"," ","0",0,"P"," ","0",0,"P"," ","0",0,"P"," ","0",0,"P"," ","0",0,"P"," ","0",0,"P"," ","0",0,"P"," ","0",0,"P"," ","0",0,"P"," ","0",0,"P"," ","0",13," "," ","0",0,"T"," ","0",0,"T"," ","0",0,"P"," ","0",0,"P"," ","0",0,"P"," ","0",0,"P"," ","0",0,"P"," ","0",0,"P"," ","0",0,"P"," ","0",0,"P"," ","0",0,"P"," ","0",0,"P"," ","0",0,"P"," ","0",0,"P"," ","0",0,"P"," ","0",0,"P"," ","0",NA," "," "," ",NA," "," "," ",NA," "," "," "
"3536","USC00413787",1995,2,"SNOW",0,"P"," ","0",0,"P"," ","0",0,"P"," ","0",0,"P"," ","0",0,"P"," ","0",0,"P"," ","0",0,"P"," ","0",0,"P"," ","0",0,"P"," ","0",0,"P"," ","0",0,"P"," ","0",NA," "," "," ",0,"T"," ","0",0,"T"," ","0",0,"P"," ","0",0,"P"," ","0",0,"P"," ","0",0,"P"," ","0",0,"P"," ","0",0,"P"," ","0",0,"P"," ","0",0,"P"," ","0",0,"P"," ","0",0,"P"," ","0",0,"P"," ","0",0,"P"," ","0",0,"P"," ","0",0,"P"," ","0",NA," "," "," ",NA," "," "," ",NA," "," "," "
"3537","USC00413787",1995,2,"SNWD",0," "," ","0",0,"P"," ","0",0,"P"," ","0",0,"P"," ","0",0,"P"," ","0",0,"P"," ","0",0,"P"," ","0",0,"P"," ","0",0,"P"," ","0",0,"P"," ","0",0,"P"," ","0",NA," "," "," ",NA," "," "," ",NA," "," "," ",0," "," ","0",0,"P"," ","0",0,"P"," ","0",0,"P"," ","0",0,"P"," ","0",0,"P"," ","0",0,"P"," ","0",0,"P"," ","0",0,"P"," ","0",0,"P"," ","0",0,"P"," ","0",0,"P"," ","0",0,"P"," ","0",0,"P"," ","0",NA," "," "," ",NA," "," "," ",NA," "," "," "
"3538","USC00413787",1995,3,"TMAX",-44," "," ","0",-83," "," ","0",-61," "," ","0",6," "," ","0",200," "," ","0",111," "," ","0",117," "," ","0",-6," "," ","0",144," "," ","0",194," "," ","0",222," "," ","0",278," "," ","0",194," "," ","0",167," "," ","0",100," "," ","0",150," "," ","0",200," "," ","0",217," "," ","0",233," "," ","0",283," "," ","0",206," "," ","0",317," "," ","0",278," "," ","0",206," "," ","0",283," "," ","0",239," "," ","0",111," "," ","0",139," "," ","0",39," "," ","0",22," "," ","0",28," "," ","0"
"3539","USC00413787",1995,3,"TMIN",-94," "," ","0",-117," "," ","0",-117," "," ","0",-117," "," ","0",-11," "," ","0",-11," "," ","0",-111," "," ","0",-100," "," ","0",-67," "," ","0",0," "," ","0",11," "," ","0",50," "," ","0",44," "," ","0",28," "," ","0",56," "," ","0",11," "," ","0",22," "," ","0",33," "," ","0",39," "," ","0",11," "," ","0",50," "," ","0",111," "," ","0",6," "," ","0",44," "," ","0",89," "," ","0",11," "," ","0",-44," "," ","0",-22," "," ","0",-11," "," ","0",-6," "," ","0",-6," "," ","0"
"3540","USC00413787",1995,3,"TOBS",-94," "," ","0",-117," "," ","0",-67," "," ","0",6," "," ","0",-6," "," ","0",56," "," ","0",-100," "," ","0",-67," "," ","0",17," "," ","0",11," "," ","0",50," "," ","0",133," "," ","0",56," "," ","0",56," "," ","0",78," "," ","0",28," "," ","0",61," "," ","0",39," "," ","0",83," "," ","0",50," "," ","0",111," "," ","0",144," "," ","0",39," "," ","0",89," "," ","0",144," "," ","0",56," "," ","0",6," "," ","0",0," "," ","0",-6," "," ","0",22," "," ","0",6," "," ","0"
"3541","USC00413787",1995,3,"PRCP",23," "," ","0",38," "," ","0",0,"P"," ","0",0,"P"," ","0",8," "," ","0",0,"P"," ","0",84," "," ","0",0,"P"," ","0",0,"P"," ","0",0,"P"," ","0",0,"P"," ","0",0,"P"," ","0",0,"P"," ","0",0,"P"," ","0",18," "," ","0",0,"P"," ","0",0,"P"," ","0",0,"P"," ","0",0,"P"," ","0",0,"P"," ","0",0,"P"," ","0",0,"P"," ","0",0,"P"," ","0",0,"P"," ","0",0,"P"," ","0",0,"P"," ","0",0,"P"," ","0",0,"P"," ","0",41," "," ","0",5," "," ","0",15," "," ","0"
"3542","USC00413787",1995,3,"SNOW",NA," "," "," ",76," "," ","0",0,"P"," ","0",0,"P"," ","0",0,"P"," ","0",0,"P"," ","0",20," "," ","0",0,"P"," ","0",0,"P"," ","0",0,"P"," ","0",0,"P"," ","0",0,"P"," ","0",0,"P"," ","0",0,"P"," ","0",0,"P"," ","0",0,"P"," ","0",0,"P"," ","0",0,"P"," ","0",0,"P"," ","0",0,"P"," ","0",0,"P"," ","0",0,"P"," ","0",0,"P"," ","0",0,"P"," ","0",0,"P"," ","0",0,"P"," ","0",0,"P"," ","0",0,"P"," ","0",25," "," ","0",0,"P"," ","0",0,"P"," ","0"
"3543","USC00413787",1995,3,"SNWD",NA," "," "," ",NA," "," "," ",NA," "," "," ",NA," "," "," ",0," "," ","0",0,"P"," ","0",NA," "," "," ",NA," "," "," ",NA," "," "," ",NA," "," "," ",NA," "," "," ",NA," "," "," ",NA," "," "," ",NA," "," "," ",NA," "," "," ",NA," "," "," ",NA," "," "," ",NA," "," "," ",NA," "," "," ",NA," "," "," ",NA," "," "," ",NA," "," "," ",NA," "," "," ",NA," "," "," ",NA," "," "," ",NA," "," "," ",NA," "," "," ",NA," "," "," ",NA," "," "," ",0," "," ","0",0,"P"," ","0"
"3544","USC00413787",1995,4,"TMAX",156," "," ","0",194," "," ","0",228," "," ","0",194," "," ","0",200," "," ","0",233," "," ","0",272," "," ","0",300," "," ","0",294," "," ","0",144," "," ","0",22," "," ","0",122," "," ","0",206," "," ","0",272," "," ","0",306," "," ","0",206," "," ","0",211," "," ","0",156," "," ","0",178," "," ","0",83," "," ","0",183," "," ","0",122," "," ","0",61," "," ","0",139," "," ","0",139," "," ","0",250," "," ","0",94," "," ","0",167," "," ","0",267," "," ","0",200," "," ","0",NA," "," "," "
"3545","USC00413787",1995,4,"TMIN",-6," "," ","0",-11," "," ","0",39," "," ","0",17," "," ","0",22," "," ","0",33," "," ","0",33," "," ","0",67," "," ","0",67," "," ","0",-11," "," ","0",-72," "," ","0",-72," "," ","0",-11," "," ","0",17," "," ","0",67," "," ","0",67," "," ","0",39," "," ","0",17," "," ","0",17," "," ","0",0," "," ","0",6," "," ","0",11," "," ","0",0," "," ","0",0," "," ","0",22," "," ","0",22," "," ","0",-22," "," ","0",-17," "," ","0",72," "," ","0",100," "," ","0",NA," "," "," "
"3546","USC00413787",1995,4,"TOBS",28," "," ","0",72," "," ","0",39," "," ","0",22," "," ","0",33," "," ","0",33," "," ","0",78," "," ","0",111," "," ","0",67," "," ","0",-11," "," ","0",-72," "," ","0",-11," "," ","0",17," "," ","0",117," "," ","0",89," "," ","0",89," "," ","0",39," "," ","0",33," "," ","0",17," "," ","0",6," "," ","0",39," "," ","0",28," "," ","0",56," "," ","0",56," "," ","0",44," "," ","0",78," "," ","0",-17," "," ","0",72," "," ","0",100," "," ","0",106," "," ","0",NA," "," "," "
"3547","USC00413787",1995,4,"PRCP",0,"P"," ","0",0,"P"," ","0",8," "," ","0",0,"P"," ","0",0,"P"," ","0",0,"P"," ","0",0,"P"," ","0",0,"P"," ","0",0,"P"," ","0",0,"P"," ","0",0,"P"," ","0",0,"P"," ","0",0,"P"," ","0",0,"P"," ","0",0,"P"," ","0",0,"P"," ","0",0,"P"," ","0",53," "," ","0",0,"P"," ","0",56," "," ","0",0,"P"," ","0",0,"P"," ","0",91," "," ","0",0,"P"," ","0",8," "," ","0",0,"P"," ","0",0,"P"," ","0",0,"P"," ","0",0,"P"," ","0",0,"P"," ","0",NA," "," "," "
"3548","USC00413787",1995,4,"SNOW",0,"P"," ","0",0,"P"," ","0",0,"P"," ","0",0,"P"," ","0",0,"P"," ","0",0,"P"," ","0",0,"P"," ","0",0,"P"," ","0",0,"P"," ","0",0,"P"," ","0",0,"P"," ","0",0,"P"," ","0",0,"P"," ","0",0,"P"," ","0",0,"P"," ","0",0,"P"," ","0",0,"P"," ","0",0,"P"," ","0",0,"P"," ","0",0,"P"," ","0",0,"P"," ","0",0,"P"," ","0",0,"P"," ","0",0,"P"," ","0",0,"P"," ","0",0,"P"," ","0",0,"P"," ","0",0,"P"," ","0",0,"P"," ","0",0,"P"," ","0",NA," "," "," "
"3549","USC00413787",1995,4,"SNWD",0,"P"," ","0",0,"P"," ","0",0,"P"," ","0",0,"P"," ","0",0,"P"," ","0",0,"P"," ","0",0,"P"," ","0",0,"P"," ","0",0,"P"," ","0",0,"P"," ","0",0,"P"," ","0",0,"P"," ","0",0,"P"," ","0",0,"P"," ","0",0,"P"," ","0",0,"P"," ","0",0,"P"," ","0",0,"P"," ","0",0,"P"," ","0",0,"P"," ","0",0,"P"," ","0",0,"P"," ","0",0,"P"," ","0",0,"P"," ","0",0,"P"," ","0",0,"P"," ","0",0,"P"," ","0",0,"P"," ","0",0,"P"," ","0",0,"P"," ","0",NA," "," "," "
"3550","USC00413787",1995,5,"TMAX",178," "," ","0",167," "," ","0",200," "," ","0",206," "," ","0",211," "," ","0",128," "," ","0",256," "," ","0",256," "," ","0",211," "," ","0",239," "," ","0",239," "," ","0",NA," "," "," ",300," "," ","0",294," "," ","0",217," "," ","0",300," "," ","0",233," "," ","0",NA," "," "," ",211," "," ","0",283," "," ","0",250," "," ","0",211," "," ","0",294," "," ","0",111," "," ","0",100," "," ","0",144," "," ","0",183," "," ","0",239," "," ","0",206," "," ","0",189," "," ","0",211," "," ","0"
"3551","USC00413787",1995,5,"TMIN",50," "," ","0",56," "," ","0",56," "," ","0",33," "," ","0",44," "," ","0",72," "," ","0",111," "," ","0",67," "," ","0",78," "," ","0",72," "," ","0",100," ","I","0",NA," "," "," ",78," "," ","0",61," "," ","0",83," "," ","0",106," "," ","0",39," "," ","0",NA," "," "," ",56," "," ","0",100," "," ","0",122," "," ","0",128," "," ","0",83," "," ","0",67," "," ","0",67," "," ","0",94," "," ","0",83," "," ","0",83," "," ","0",106," "," ","0",89," "," ","0",89," "," ","0"
"3552","USC00413787",1995,5,"TOBS",56," "," ","0",61," "," ","0",61," "," ","0",44," "," ","0",78," "," ","0",122," "," ","0",133," "," ","0",83," "," ","0",94," "," ","0",83," ","I","0",156," "," ","0",NA," "," "," ",144," "," ","0",89," "," ","0",106," "," ","0",117," "," ","0",56," "," ","0",NA," "," "," ",100," "," ","0",139," "," ","0",128," "," ","0",156," "," ","0",83," "," ","0",72," "," ","0",94," "," ","0",122," "," ","0",139," "," ","0",111," "," ","0",111," "," ","0",106," "," ","0",117," "," ","0"
"3553","USC00413787",1995,5,"PRCP",36," "," ","0",0,"P"," ","0",0,"P"," ","0",0,"P"," ","0",0,"P"," ","0",168," "," ","0",478," "," ","0",3," "," ","0",0,"P"," ","0",0,"T"," ","0",0,"P"," ","0",0,"P"," ","0",0,"P"," ","0",0,"P"," ","0",0,"P"," ","0",10," "," ","0",10," "," ","0",0,"P"," ","0",0,"P"," ","0",0,"P"," ","0",56," "," ","0",0,"P"," ","0",0,"P"," ","0",15," "," ","0",0,"P"," ","0",224," "," ","0",23," "," ","0",0,"T"," ","0",0,"P"," ","0",86," "," ","0",33," "," ","0"
"3554","USC00413787",1995,5,"SNOW",0,"P"," ","0",0,"P"," ","0",0,"P"," ","0",0,"P"," ","0",0,"P"," ","0",0,"P"," ","0",0,"P"," ","0",0,"P"," ","0",0,"P"," ","0",0,"P"," ","0",0,"P"," ","0",0,"P"," ","0",0,"P"," ","0",0,"P"," ","0",0,"P"," ","0",0,"P"," ","0",0,"P"," ","0",0,"P"," ","0",0,"P"," ","0",0,"P"," ","0",0,"P"," ","0",0,"P"," ","0",0,"P"," ","0",0,"P"," ","0",0,"P"," ","0",0,"P"," ","0",0,"P"," ","0",0,"P"," ","0",0,"P"," ","0",0,"P"," ","0",0,"P"," ","0"
"3555","USC00413787",1995,5,"SNWD",0,"P"," ","0",0,"P"," ","0",0,"P"," ","0",0,"P"," ","0",0,"P"," ","0",0,"P"," ","0",0,"P"," ","0",0,"P"," ","0",0,"P"," ","0",0,"P"," ","0",0,"P"," ","0",0,"P"," ","0",0,"P"," ","0",0,"P"," ","0",0,"P"," ","0",0,"P"," ","0",0,"P"," ","0",0,"P"," ","0",0,"P"," ","0",0,"P"," ","0",0,"P"," ","0",0,"P"," ","0",0,"P"," ","0",0,"P"," ","0",0,"P"," ","0",0,"P"," ","0",0,"P"," ","0",0,"P"," ","0",0,"P"," ","0",0,"P"," ","0",0,"P"," ","0"
"3556","USC00413787",1995,6,"TMAX",217," "," ","0",283," "," ","0",261," "," ","0",261," "," ","0",178," "," ","0",261," "," ","0",328," "," ","0",283," "," ","0",294," "," ","0",261," "," ","0",178," "," ","0",239," "," ","0",306," "," ","0",356," "," ","0",367," "," ","0",344," "," ","0",311," "," ","0",267," "," ","0",278," "," ","0",294," "," ","0",322," "," ","0",328," "," ","0",322," "," ","0",294," "," ","0",294," "," ","0",289," "," ","0",300," "," ","0",300," "," ","0",344," "," ","0",183," "," ","0",NA," "," "," "
"3557","USC00413787",1995,6,"TMIN",100," "," ","0",122," "," ","0",139," "," ","0",128," "," ","0",128," "," ","0",133," "," ","0",133," "," ","0",167," "," ","0",128," "," ","0",122," "," ","0",72," "," ","0",106," "," ","0",139," "," ","0",161," "," ","0",172," "," ","0",156," "," ","0",150," "," ","0",156," "," ","0",161," "," ","0",167," "," ","0",178," "," ","0",133," "," ","0",161," "," ","0",139," "," ","0",111," "," ","0",133," "," ","0",122," "," ","0",150," "," ","0",150," "," ","0",122," "," ","0",NA," "," "," "
"3558","USC00413787",1995,6,"TOBS",128," "," ","0",172," "," ","0",144," "," ","0",150," "," ","0",144," "," ","0",144," "," ","0",217," "," ","0",172," "," ","0",128," "," ","0",139," "," ","0",106," "," ","0",139," "," ","0",178," "," ","0",172," "," ","0",194," "," ","0",183," "," ","0",178," "," ","0",178," "," ","0",178," "," ","0",189," "," ","0",200," "," ","0",167," "," ","0",178," "," ","0",150," "," ","0",211," "," ","0",161," "," ","0",150," "," ","0",189," "," ","0",150," "," ","0",133," "," ","0",NA," "," "," "
"3559","USC00413787",1995,6,"PRCP",0,"P"," ","0",0,"P"," ","0",236," "," ","0",99," "," ","0",36," "," ","0",0,"P"," ","0",0,"P"," ","0",33," "," ","0",0,"P"," ","0",0,"P"," ","0",0,"T"," ","0",0,"P"," ","0",0,"P"," ","0",0,"P"," ","0",0,"P"," ","0",0,"P"," ","0",0,"P"," ","0",0,"P"," ","0",0,"P"," ","0",0,"P"," ","0",0,"P"," ","0",8," "," ","0",0,"P"," ","0",0,"P"," ","0",0,"P"," ","0",0,"P"," ","0",109," "," ","0",0,"P"," ","0",89," "," ","0",0,"P"," ","0",NA," "," "," "
"3560","USC00413787",1995,6,"SNOW",0,"P"," ","0",0,"P"," ","0",0,"P"," ","0",0,"P"," ","0",0,"P"," ","0",0,"P"," ","0",0,"P"," ","0",0,"P"," ","0",0,"P"," ","0",0,"P"," ","0",0,"P"," ","0",0,"P"," ","0",0,"P"," ","0",0,"P"," ","0",0,"P"," ","0",0,"P"," ","0",0,"P"," ","0",0,"P"," ","0",0,"P"," ","0",0,"P"," ","0",0,"P"," ","0",0,"P"," ","0",0,"P"," ","0",0,"P"," ","0",0,"P"," ","0",0,"P"," ","0",0,"P"," ","0",0,"P"," ","0",0,"P"," ","0",0,"P"," ","0",NA," "," "," "
"3561","USC00413787",1995,6,"SNWD",0,"P"," ","0",0,"P"," ","0",0,"P"," ","0",0,"P"," ","0",0,"P"," ","0",0,"P"," ","0",0,"P"," ","0",0,"P"," ","0",0,"P"," ","0",0,"P"," ","0",0,"P"," ","0",0,"P"," ","0",0,"P"," ","0",0,"P"," ","0",0,"P"," ","0",0,"P"," ","0",0,"P"," ","0",0,"P"," ","0",0,"P"," ","0",0,"P"," ","0",0,"P"," ","0",0,"P"," ","0",0,"P"," ","0",0,"P"," ","0",0,"P"," ","0",0,"P"," ","0",0,"P"," ","0",0,"P"," ","0",0,"P"," ","0",0,"P"," ","0",NA," "," "," "
"3562","USC00413787",1995,7,"TMAX",222," "," ","0",256," "," ","0",267," "," ","0",344," "," ","0",278," "," ","0",300," "," ","0",333," "," ","0",344," "," ","0",378," "," ","0",356," "," ","0",367," "," ","0",378," "," ","0",372," "," ","0",344," "," ","0",344," "," ","0",278," "," ","0",317," "," ","0",289," "," ","0",317," "," ","0",317," "," ","0",317," "," ","0",339," "," ","0",344," "," ","0",311," "," ","0",317," "," ","0",367," "," ","0",372," "," ","0",367," "," ","0",361," "," ","0",350," "," ","0",306," "," ","0"
"3563","USC00413787",1995,7,"TMIN",133," "," ","0",139," "," ","0",150," "," ","0",133," "," ","0",106," "," ","0",144," "," ","0",167," "," ","0",178," "," ","0",200," "," ","0",172," "," ","0",200," "," ","0",178," "," ","0",189," "," ","0",206," "," ","0",183," ","I","0",161," "," ","0",178," "," ","0",172," "," ","0",172," "," ","0",178," "," ","0",172," "," ","0",172," "," ","0",178," "," ","0",128," "," ","0",156," "," ","0",172," "," ","0",167," "," ","0",183," "," ","0",172," "," ","0",183," "," ","0",183," "," ","0"
"3564","USC00413787",1995,7,"TOBS",144," "," ","0",156," "," ","0",172," "," ","0",178," "," ","0",144," "," ","0",178," "," ","0",189," "," ","0",250," "," ","0",250," "," ","0",200," "," ","0",233," "," ","0",200," "," ","0",217," "," ","0",206," "," ","0",161," ","I","0",244," "," ","0",189," "," ","0",178," "," ","0",189," "," ","0",194," "," ","0",172," "," ","0",200," "," ","0",183," "," ","0",156," "," ","0",189," "," ","0",172," "," ","0",183," "," ","0",206," "," ","0",189," "," ","0",183," "," ","0",183," "," ","0"
"3565","USC00413787",1995,7,"PRCP",0,"P"," ","0",127," "," ","0",0,"P"," ","0",0,"P"," ","0",0,"P"," ","0",0,"P"," ","0",0,"P"," ","0",0,"P"," ","0",0,"P"," ","0",0,"P"," ","0",0,"P"," ","0",0,"P"," ","0",0,"P"," ","0",0,"P"," ","0",305," "," ","0",25," "," ","0",0,"P"," ","0",351," "," ","0",297," "," ","0",0,"P"," ","0",15," "," ","0",0,"P"," ","0",13," "," ","0",173," "," ","0",5," "," ","0",0,"P"," ","0",0,"P"," ","0",0,"P"," ","0",0,"P"," ","0",0,"P"," ","0",0,"P"," ","0"
"3566","USC00413787",1995,7,"SNOW",0,"P"," ","0",0,"P"," ","0",0,"P"," ","0",0,"P"," ","0",0,"P"," ","0",0,"P"," ","0",0,"P"," ","0",0,"P"," ","0",0,"P"," ","0",0,"P"," ","0",0,"P"," ","0",0,"P"," ","0",0,"P"," ","0",0,"P"," ","0",0,"P"," ","0",0,"P"," ","0",0,"P"," ","0",0,"P"," ","0",0,"P"," ","0",0,"P"," ","0",0,"P"," ","0",0,"P"," ","0",0,"P"," ","0",0,"P"," ","0",0,"P"," ","0",0,"P"," ","0",0,"P"," ","0",0,"P"," ","0",0,"P"," ","0",0,"P"," ","0",0,"P"," ","0"
"3567","USC00413787",1995,7,"SNWD",0,"P"," ","0",0,"P"," ","0",0,"P"," ","0",0,"P"," ","0",0,"P"," ","0",0,"P"," ","0",0,"P"," ","0",0,"P"," ","0",0,"P"," ","0",0,"P"," ","0",0,"P"," ","0",0,"P"," ","0",0,"P"," ","0",0,"P"," ","0",0,"P"," ","0",0,"P"," ","0",0,"P"," ","0",0,"P"," ","0",0,"P"," ","0",0,"P"," ","0",0,"P"," ","0",0,"P"," ","0",0,"P"," ","0",0,"P"," ","0",0,"P"," ","0",0,"P"," ","0",0,"P"," ","0",0,"P"," ","0",0,"P"," ","0",0,"P"," ","0",0,"P"," ","0"
"3568","USC00413787",1995,8,"TMAX",306," "," ","0",211," "," ","0",244," "," ","0",294," "," ","0",306," "," ","0",333," "," ","0",361," "," ","0",367," "," ","0",356," "," ","0",356," "," ","0",350," "," ","0",356," "," ","0",367," "," ","0",356," "," ","0",311," "," ","0",300," "," ","0",322," "," ","0",333," "," ","0",344," "," ","0",311," "," ","0",339," "," ","0",344," "," ","0",339," "," ","0",339," "," ","0",339," "," ","0",344," "," ","0",344," "," ","0",350," "," ","0",350," "," ","0",361," "," ","0",367," "," ","0"
"3569","USC00413787",1995,8,"TMIN",133," "," ","0",139," "," ","0",172," "," ","0",183," "," ","0",194," "," ","0",161," "," ","0",200," "," ","0",194," "," ","0",200," "," ","0",211," "," ","0",194," "," ","0",194," "," ","0",194," "," ","0",222," "," ","0",183," "," ","0",189," "," ","0",200," "," ","0",200," "," ","0",178," "," ","0",172," "," ","0",183," "," ","0",194," "," ","0",183," "," ","0",183," "," ","0",178," "," ","0",178," "," ","0",178," "," ","0",200," "," ","0",206," "," ","0",200," "," ","0",200," "," ","0"
"3570","USC00413787",1995,8,"TOBS",139," "," ","0",172," "," ","0",183," "," ","0",194," "," ","0",200," "," ","0",256," "," ","0",217," "," ","0",200," "," ","0",228," "," ","0",211," "," ","0",206," "," ","0",200," "," ","0",222," "," ","0",244," "," ","0",189," "," ","0",206," "," ","0",211," "," ","0",211," "," ","0",194," "," ","0",183," "," ","0",206," "," ","0",200," "," ","0",189," "," ","0",189," "," ","0",183," "," ","0",178," "," ","0",278," "," ","0",211," "," ","0",206," "," ","0",206," "," ","0",211," "," ","0"
"3571","USC00413787",1995,8,"PRCP",56," "," ","0",0,"P"," ","0",5," "," ","0",0,"P"," ","0",0,"P"," ","0",0,"P"," ","0",0,"P"," ","0",0,"P"," ","0",0,"P"," ","0",0,"P"," ","0",0,"P"," ","0",0,"P"," ","0",0,"P"," ","0",0,"P"," ","0",196," "," ","0",0,"P"," ","0",0,"P"," ","0",0,"P"," ","0",0,"P"," ","0",0,"P"," ","0",0,"P"," ","0",0,"P"," ","0",0,"P"," ","0",0,"P"," ","0",0,"P"," ","0",0,"P"," ","0",0,"P"," ","0",0,"P"," ","0",0,"P"," ","0",0,"P"," ","0",18," "," ","0"
"3572","USC00413787",1995,8,"SNOW",0,"P"," ","0",0,"P"," ","0",0,"P"," ","0",0,"P"," ","0",0,"P"," ","0",0,"P"," ","0",0,"P"," ","0",0,"P"," ","0",0,"P"," ","0",0,"P"," ","0",0,"P"," ","0",0,"P"," ","0",0,"P"," ","0",0,"P"," ","0",0,"P"," ","0",0,"P"," ","0",0,"P"," ","0",0,"P"," ","0",0,"P"," ","0",0,"P"," ","0",0,"P"," ","0",0,"P"," ","0",0,"P"," ","0",0,"P"," ","0",0,"P"," ","0",0,"P"," ","0",0,"P"," ","0",0,"P"," ","0",0,"P"," ","0",0,"P"," ","0",0,"P"," ","0"
"3573","USC00413787",1995,8,"SNWD",0,"P"," ","0",0,"P"," ","0",0,"P"," ","0",0,"P"," ","0",0,"P"," ","0",0,"P"," ","0",0,"P"," ","0",0,"P"," ","0",0,"P"," ","0",0,"P"," ","0",0,"P"," ","0",0,"P"," ","0",0,"P"," ","0",0,"P"," ","0",0,"P"," ","0",0,"P"," ","0",0,"P"," ","0",0,"P"," ","0",0,"P"," ","0",0,"P"," ","0",0,"P"," ","0",0,"P"," ","0",0,"P"," ","0",0,"P"," ","0",0,"P"," ","0",0,"P"," ","0",0,"P"," ","0",0,"P"," ","0",0,"P"," ","0",0,"P"," ","0",0,"P"," ","0"
"3574","USC00413787",1995,9,"TMAX",350," "," ","0",356," "," ","0",361," "," ","0",378," "," ","0",372," "," ","0",400," "," ","0",344," "," ","0",217," "," ","0",222," "," ","0",189," "," ","0",178," "," ","0",311," "," ","0",306," "," ","0",317," "," ","0",283," "," ","0",217," "," ","0",317," "," ","0",283," "," ","0",283," "," ","0",194," "," ","0",228," "," ","0",44," "," ","0",133," "," ","0",233," "," ","0",133," "," ","0",200," "," ","0",233," "," ","0",289," "," ","0",317," "," ","0",294," "," ","0",NA," "," "," "
"3575","USC00413787",1995,9,"TMIN",178," "," ","0",167," "," ","0",178," "," ","0",200," "," ","0",183," "," ","0",200," "," ","0",161," "," ","0",144," "," ","0",139," "," ","0",128," "," ","0",139," "," ","0",139," "," ","0",122," "," ","0",133," "," ","0",133," "," ","0",144," "," ","0",144," "," ","0",172," "," ","0",144," "," ","0",83," "," ","0",11," "," ","0",11," "," ","0",33," "," ","0",50," "," ","0",89," "," ","0",89," "," ","0",106," "," ","0",117," "," ","0",117," "," ","0",106," "," ","0",NA," "," "," "
"3576","USC00413787",1995,9,"TOBS",183," "," ","0",178," "," ","0",200," "," ","0",222," "," ","0",200," "," ","0",211," "," ","0",161," "," ","0",150," "," ","0",144," "," ","0",144," "," ","0",178," "," ","0",139," "," ","0",139," "," ","0",133," "," ","0",172," "," ","0",144," "," ","0",189," "," ","0",228," "," ","0",144," "," ","0",89," "," ","0",11," "," ","0",39," "," ","0",50," "," ","0",106," "," ","0",89," "," ","0",106," "," ","0",117," "," ","0",117," "," ","0",139," "," ","0",106," "," ","0",NA," "," "," "
"3577","USC00413787",1995,9,"PRCP",3," "," ","0",0,"P"," ","0",0,"P"," ","0",0,"P"," ","0",0,"P"," ","0",0,"P"," ","0",5," "," ","0",0,"P"," ","0",0,"P"," ","0",0,"P"," ","0",0,"P"," ","0",0,"P"," ","0",0,"P"," ","0",0,"P"," ","0",0,"P"," ","0",23," "," ","0",5," "," ","0",0,"P"," ","0",419," "," ","0",0,"P"," ","0",203," "," ","0",0,"P"," ","0",0,"P"," ","0",0,"P"," ","0",58," "," ","0",0,"P"," ","0",0,"P"," ","0",0,"P"," ","0",15," "," ","0",8," "," ","0",NA," "," "," "
"3578","USC00413787",1995,9,"SNOW",0,"P"," ","0",0,"P"," ","0",0,"P"," ","0",0,"P"," ","0",0,"P"," ","0",0,"P"," ","0",0,"P"," ","0",0,"P"," ","0",0,"P"," ","0",0,"P"," ","0",0,"P"," ","0",0,"P"," ","0",0,"P"," ","0",0,"P"," ","0",0,"P"," ","0",0,"P"," ","0",0,"P"," ","0",0,"P"," ","0",0,"P"," ","0",0,"P"," ","0",0,"P"," ","0",0,"P"," ","0",0,"P"," ","0",0,"P"," ","0",0,"P"," ","0",0,"P"," ","0",0,"P"," ","0",0,"P"," ","0",0,"P"," ","0",0,"P"," ","0",NA," "," "," "
"3579","USC00413787",1995,9,"SNWD",0,"P"," ","0",0,"P"," ","0",0,"P"," ","0",0,"P"," ","0",0,"P"," ","0",0,"P"," ","0",0,"P"," ","0",0,"P"," ","0",0,"P"," ","0",0,"P"," ","0",0,"P"," ","0",0,"P"," ","0",0,"P"," ","0",0,"P"," ","0",0,"P"," ","0",0,"P"," ","0",0,"P"," ","0",0,"P"," ","0",0,"P"," ","0",0,"P"," ","0",0,"P"," ","0",0,"P"," ","0",0,"P"," ","0",0,"P"," ","0",0,"P"," ","0",0,"P"," ","0",0,"P"," ","0",0,"P"," ","0",0,"P"," ","0",0,"P"," ","0",NA," "," "," "
"3580","USC00413787",1995,10,"TMAX",261," "," ","0",239," "," ","0",239," "," ","0",222," "," ","0",300," "," ","0",189," "," ","0",178," "," ","0",244," "," ","0",NA," "," "," ",239," "," ","0",239," "," ","0",272," "," ","0",294," "," ","0",178," "," ","0",239," "," ","0",283," "," ","0",289," "," ","0",256," "," ","0",283," "," ","0",167," "," ","0",206," "," ","0",250," "," ","0",289," "," ","0",128," "," ","0",194," "," ","0",189," "," ","0",272," "," ","0",200," "," ","0",178," "," ","0",244," "," ","0",128," "," ","0"
"3581","USC00413787",1995,10,"TMIN",89," "," ","0",94," "," ","0",78," "," ","0",89," "," ","0",50," "," ","0",22," "," ","0",22," "," ","0",61," "," ","0",NA," "," "," ",56," "," ","0",83," "," ","0",83," "," ","0",117," "," ","0",6," "," ","0",6," "," ","0",50," "," ","0",72," "," ","0",44," "," ","0",44," "," ","0",-17," "," ","0",-17," "," ","0",11," "," ","0",39," "," ","0",-39," "," ","0",-33," "," ","0",6," "," ","0",6," "," ","0",-17," "," ","0",-11," "," ","0",-11," "," ","0",28," "," ","0"
"3582","USC00413787",1995,10,"TOBS",94," "," ","0",111," "," ","0",89," "," ","0",117," "," ","0",61," "," ","0",28," "," ","0",61," "," ","0",139," "," ","0",NA," "," "," ",89," "," ","0",89," "," ","0",122," "," ","0",128," "," ","0",6," "," ","0",50," "," ","0",72," "," ","0",122," "," ","0",44," "," ","0",106," "," ","0",-17," "," ","0",11," "," ","0",117," "," ","0",44," "," ","0",-33," "," ","0",22," "," ","0",6," "," ","0",22," "," ","0",-11," "," ","0",122," "," ","0",28," "," ","0",128," "," ","0"
"3583","USC00413787",1995,10,"PRCP",0,"P"," ","0",124," "," ","0",0,"P"," ","0",0,"P"," ","0",0,"P"," ","0",0,"P"," ","0",0,"P"," ","0",0,"P"," ","0",0,"P"," ","0",0,"P"," ","0",0,"P"," ","0",0,"P"," ","0",0,"P"," ","0",0,"P"," ","0",0,"P"," ","0",0,"P"," ","0",0,"P"," ","0",0,"P"," ","0",0,"P"," ","0",0,"P"," ","0",0,"P"," ","0",0,"P"," ","0",0,"P"," ","0",0,"P"," ","0",0,"P"," ","0",0,"P"," ","0",0,"P"," ","0",0,"P"," ","0",0,"P"," ","0",0,"P"," ","0",0,"P"," ","0"
"3584","USC00413787",1995,10,"SNOW",0,"P"," ","0",0,"P"," ","0",0,"P"," ","0",0,"P"," ","0",0,"P"," ","0",0,"P"," ","0",0,"P"," ","0",0,"P"," ","0",0,"P"," ","0",0,"P"," ","0",0,"P"," ","0",0,"P"," ","0",0,"P"," ","0",0,"P"," ","0",0,"P"," ","0",0,"P"," ","0",0,"P"," ","0",0,"P"," ","0",0,"P"," ","0",0,"P"," ","0",0,"P"," ","0",0,"P"," ","0",0,"P"," ","0",0,"P"," ","0",0,"P"," ","0",0,"P"," ","0",0,"P"," ","0",0,"P"," ","0",0,"P"," ","0",0,"P"," ","0",0,"P"," ","0"
"3585","USC00413787",1995,10,"SNWD",0,"P"," ","0",0,"P"," ","0",0,"P"," ","0",0,"P"," ","0",0,"P"," ","0",0,"P"," ","0",0,"P"," ","0",0,"P"," ","0",0,"P"," ","0",0,"P"," ","0",0,"P"," ","0",0,"P"," ","0",0,"P"," ","0",0,"P"," ","0",0,"P"," ","0",0,"P"," ","0",0,"P"," ","0",0,"P"," ","0",0,"P"," ","0",0,"P"," ","0",0,"P"," ","0",0,"P"," ","0",0,"P"," ","0",0,"P"," ","0",0,"P"," ","0",0,"P"," ","0",0,"P"," ","0",0,"P"," ","0",0,"P"," ","0",0,"P"," ","0",0,"P"," ","0"
"3586","USC00413787",1995,11,"TMAX",217," "," ","0",94," "," ","0",0," "," ","0",83," "," ","0",78," "," ","0",183," "," ","0",233," "," ","0",139," "," ","0",189," "," ","0",272," "," ","0",144," "," ","0",128," "," ","0",283," "," ","0",133," "," ","0",194," "," ","0",144," "," ","0",217," "," ","0",178," "," ","0",217," "," ","0",183," "," ","0",133," "," ","0",156," "," ","0",206," "," ","0",139," "," ","0",239," "," ","0",256," "," ","0",261," "," ","0",61," "," ","0",78," "," ","0",189," "," ","0",NA," "," "," "
"3587","USC00413787",1995,11,"TMIN",50," "," ","0",-39," "," ","0",-33," "," ","0",-61," "," ","0",-17," "," ","0",11," "," ","0",6," "," ","0",-22," "," ","0",-22," "," ","0",22," "," ","0",-89," "," ","0",-39," "," ","0",22," "," ","0",22," "," ","0",28," "," ","0",22," "," ","0",22," "," ","0",-6," "," ","0",-17," "," ","0",0," "," ","0",-33," "," ","0",-28," "," ","0",-17," "," ","0",-33," "," ","0",6," "," ","0",17," "," ","0",22," "," ","0",-117," "," ","0",-111," "," ","0",-17," "," ","0",NA," "," "," "
"3588","USC00413787",1995,11,"TOBS",56," "," ","0",-33," "," ","0",-11," "," ","0",-17," "," ","0",11," "," ","0",94," "," ","0",6," "," ","0",-22," "," ","0",44," "," ","0",22," "," ","0",-39," "," ","0",67," "," ","0",28," "," ","0",28," "," ","0",33," "," ","0",28," "," ","0",44," "," ","0",6," "," ","0",56," "," ","0",11," "," ","0",-28," "," ","0",17," "," ","0",-6," "," ","0",22," "," ","0",17," "," ","0",72," "," ","0",28," "," ","0",-111," "," ","0",-17," "," ","0",-6," "," ","0",NA," "," "," "
"3589","USC00413787",1995,11,"PRCP",0,"P"," ","0",3," "," ","0",0,"P"," ","0",0,"P"," ","0",0,"P"," ","0",0,"P"," ","0",0,"P"," ","0",0,"P"," ","0",0,"P"," ","0",0,"P"," ","0",0,"P"," ","0",0,"P"," ","0",0,"P"," ","0",0,"P"," ","0",0,"P"," ","0",0,"P"," ","0",0,"P"," ","0",0,"P"," ","0",0,"P"," ","0",0,"P"," ","0",0,"P"," ","0",0,"P"," ","0",0,"P"," ","0",0,"P"," ","0",0,"P"," ","0",0,"P"," ","0",0,"P"," ","0",0,"P"," ","0",0,"P"," ","0",0,"P"," ","0",NA," "," "," "
"3590","USC00413787",1995,11,"SNOW",0,"P"," ","0",0,"P"," ","0",0,"P"," ","0",0,"P"," ","0",0,"P"," ","0",0,"P"," ","0",0,"P"," ","0",0,"P"," ","0",0,"P"," ","0",0,"P"," ","0",0,"P"," ","0",0,"P"," ","0",0,"P"," ","0",0,"P"," ","0",0,"P"," ","0",0,"P"," ","0",0,"P"," ","0",0,"P"," ","0",0,"P"," ","0",0,"P"," ","0",0,"P"," ","0",0,"P"," ","0",0,"P"," ","0",0,"P"," ","0",0,"P"," ","0",0,"P"," ","0",0,"P"," ","0",0,"P"," ","0",0,"P"," ","0",0,"P"," ","0",NA," "," "," "
"3591","USC00413787",1995,11,"SNWD",0,"P"," ","0",0,"P"," ","0",0,"P"," ","0",0,"P"," ","0",0,"P"," ","0",0,"P"," ","0",0,"P"," ","0",0,"P"," ","0",0,"P"," ","0",0,"P"," ","0",0,"P"," ","0",0,"P"," ","0",0,"P"," ","0",0,"P"," ","0",0,"P"," ","0",0,"P"," ","0",0,"P"," ","0",0,"P"," ","0",0,"P"," ","0",0,"P"," ","0",0,"P"," ","0",0,"P"," ","0",0,"P"," ","0",0,"P"," ","0",0,"P"," ","0",0,"P"," ","0",0,"P"," ","0",0,"P"," ","0",0,"P"," ","0",0,"P"," ","0",NA," "," "," "
"3592","USC00413787",1995,12,"TMAX",211," "," ","0",233," "," ","0",233," "," ","0",139," "," ","0",183," "," ","0",67," "," ","0",128," "," ","0",50," "," ","0",6," "," ","0",22," "," ","0",111," "," ","0",178," "," ","0",178," "," ","0",222," "," ","0",144," "," ","0",139," "," ","0",128," "," ","0",61," "," ","0",-17," "," ","0",-6," "," ","0",0," "," ","0",-11," "," ","0",-33," "," ","0",-11," "," ","0",33," "," ","0",89," "," ","0",39," "," ","0",11," "," ","0",NA," "," "," ",0," "," ","0",39," "," ","0"
"3593","USC00413787",1995,12,"TMIN",-6," "," ","0",6," "," ","0",-6," "," ","0",11," "," ","0",22," "," ","0",-33," "," ","0",-72," "," ","0",-72," "," ","0",-156," "," ","0",-150," "," ","0",-67," "," ","0",-44," "," ","0",-11," "," ","0",-6," "," ","0",6," "," ","0",-22," "," ","0",-17," "," ","0",-44," "," ","0",-44," "," ","0",-111," "," ","0",-72," "," ","0",-67," "," ","0",-111," "," ","0",-111," "," ","0",-106," "," ","0",-100," "," ","0",-67," "," ","0",-56," "," ","0",NA," "," "," ",-100," "," ","0",-56," ","I","0"
"3594","USC00413787",1995,12,"TOBS",50," "," ","0",33," "," ","0",11," "," ","0",22," "," ","0",33," "," ","0",-17," "," ","0",-67," "," ","0",0," "," ","0",-150," "," ","0",22," "," ","0",-44," "," ","0",-11," "," ","0",78," "," ","0",11," "," ","0",44," "," ","0",-17," "," ","0",39," "," ","0",-44," "," ","0",-22," "," ","0",-72," "," ","0",-61," "," ","0",-56," "," ","0",-83," "," ","0",-106," "," ","0",-67," "," ","0",-67," "," ","0",-44," "," ","0",-22," "," ","0",NA," "," "," ",-72," ","I","0",-33," "," ","0"
"3595","USC00413787",1995,12,"PRCP",0,"P"," ","0",0,"P"," ","0",0,"P"," ","0",0,"P"," ","0",0,"P"," ","0",0,"P"," ","0",0,"P"," ","0",0,"P"," ","0",0,"P"," ","0",0,"P"," ","0",0,"P"," ","0",0,"P"," ","0",0,"P"," ","0",0,"P"," ","0",0,"P"," ","0",0,"P"," ","0",0,"P"," ","0",358," "," ","0",53," "," ","0",0,"P"," ","0",0,"P"," ","0",0,"P"," ","0",0,"P"," ","0",0,"P"," ","0",0,"P"," ","0",0,"P"," ","0",0,"P"," ","0",0,"P"," ","0",NA," "," "," ",NA," "," "," ",0,"P"," ","0"
"3596","USC00413787",1995,12,"SNOW",0,"P"," ","0",0,"P"," ","0",0,"P"," ","0",0,"P"," ","0",0,"P"," ","0",0,"P"," ","0",0,"P"," ","0",0,"P"," ","0",0,"P"," ","0",0,"P"," ","0",0,"P"," ","0",0,"P"," ","0",0,"P"," ","0",0,"P"," ","0",0,"P"," ","0",0,"P"," ","0",0,"P"," ","0",NA," "," "," ",NA," "," "," ",0,"P"," ","0",0,"P"," ","0",0,"P"," ","0",0,"P"," ","0",0,"P"," ","0",0,"P"," ","0",0,"P"," ","0",0,"P"," ","0",0,"P"," ","0",0,"P"," ","0",0,"P"," ","0",0,"P"," ","0"
"3597","USC00413787",1995,12,"SNWD",0,"P"," ","0",0,"P"," ","0",0,"P"," ","0",0,"P"," ","0",0,"P"," ","0",0,"P"," ","0",0,"P"," ","0",0,"P"," ","0",0,"P"," ","0",0,"P"," ","0",0,"P"," ","0",0,"P"," ","0",0,"P"," ","0",0,"P"," ","0",0,"P"," ","0",0,"P"," ","0",0,"P"," ","0",152," "," ","0",25," "," ","0",NA," "," "," ",NA," "," "," ",NA," "," "," ",NA," "," "," ",NA," "," "," ",NA," "," "," ",NA," "," "," ",NA," "," "," ",NA," "," "," ",NA," "," "," ",NA," "," "," ",NA," "," "," "
"3598","USC00413787",1995,12,"DAPR",NA," "," "," ",NA," "," "," ",NA," "," "," ",NA," "," "," ",NA," "," "," ",NA," "," "," ",NA," "," "," ",NA," "," "," ",NA," "," "," ",NA," "," "," ",NA," "," "," ",NA," "," "," ",NA," "," "," ",NA," "," "," ",NA," "," "," ",NA," "," "," ",NA," "," "," ",NA," "," "," ",NA," "," "," ",NA," "," "," ",NA," "," "," ",NA," "," "," ",NA," "," "," ",NA," "," "," ",NA," "," "," ",NA," "," "," ",NA," "," "," ",NA," "," "," ",NA," "," "," ",2," "," ","0",NA," "," "," "
"3599","USC00413787",1995,12,"MDPR",NA," "," "," ",NA," "," "," ",NA," "," "," ",NA," "," "," ",NA," "," "," ",NA," "," "," ",NA," "," "," ",NA," "," "," ",NA," "," "," ",NA," "," "," ",NA," "," "," ",NA," "," "," ",NA," "," "," ",NA," "," "," ",NA," "," "," ",NA," "," "," ",NA," "," "," ",NA," "," "," ",NA," "," "," ",NA," "," "," ",NA," "," "," ",NA," "," "," ",NA," "," "," ",NA," "," "," ",NA," "," "," ",NA," "," "," ",NA," "," "," ",NA," "," "," ",NA," "," "," ",30," "," ","0",NA," "," "," "
"3600","USC00413787",1996,1,"TMAX",72," "," ","0",22," "," ","0",-44," "," ","0",67," "," ","0",28," "," ","0",-78," "," ","0",-50," "," ","0",17," "," ","0",183," "," ","0",111," "," ","0",117," "," ","0",117," "," ","0",183," "," ","0",211," "," ","0",178," "," ","0",133," "," ","0",161," "," ","0",172," "," ","0",-39," "," ","0",106," "," ","0",106," "," ","0",144," "," ","0",178," "," ","0",44," "," ","0",100," "," ","0",167," "," ","0",-11," "," ","0",94," "," ","0",178," "," ","0",72," "," ","0",6," "," ","0"
"3601","USC00413787",1996,1,"TMIN",-33," "," ","0",-56," "," ","0",-117," "," ","0",-94," "," ","0",-83," "," ","0",-139," "," ","0",-139," "," ","0",-117," "," ","0",-50," "," ","0",-11," "," ","0",-22," "," ","0",-22," "," ","0",-11," "," ","0",-17," "," ","0",-44," "," ","0",-50," "," ","0",-6," "," ","0",-150," "," ","0",-150," "," ","0",-106," "," ","0",-83," "," ","0",-17," "," ","0",-111," "," ","0",-111," "," ","0",-89," "," ","0",-133," "," ","0",-139," "," ","0",-117," "," ","0",-106," "," ","0",-172," "," ","0",-172," "," ","0"
"3602","USC00413787",1996,1,"TOBS",-11," "," ","0",-56," "," ","0",-94," "," ","0",-17," "," ","0",-83," "," ","0",-133," "," ","0",-117," "," ","0",-50," "," ","0",0," "," ","0",0," "," ","0",-22," "," ","0",-11," "," ","0",-6," "," ","0",33," "," ","0",-44," "," ","0",0," "," ","0",78," "," ","0",-144," "," ","0",-106," "," ","0",-78," "," ","0",-17," "," ","0",17," "," ","0",-111," "," ","0",-83," "," ","0",6," "," ","0",-133," "," ","0",-117," "," ","0",-17," "," ","0",-94," "," ","0",-167," "," ","0",-172," "," ","0"
"3603","USC00413787",1996,1,"PRCP",0,"P"," ","0",0,"P"," ","0",0,"P"," ","0",0,"P"," ","0",0,"P"," ","0",0,"P"," ","0",0,"P"," ","0",0,"P"," ","0",0,"P"," ","0",0,"P"," ","0",0,"P"," ","0",0,"P"," ","0",0,"P"," ","0",0,"P"," ","0",0,"P"," ","0",0,"P"," ","0",0,"T"," ","0",102," "," ","0",0,"P"," ","0",0,"P"," ","0",0,"P"," ","0",0,"P"," ","0",0,"P"," ","0",0,"P"," ","0",0,"P"," ","0",0,"P"," ","0",0,"P"," ","0",0,"P"," ","0",0,"P"," ","0",0,"P"," ","0",0,"P"," ","0"
"3604","USC00413787",1996,1,"SNOW",0,"P"," ","0",0,"P"," ","0",0,"P"," ","0",0,"P"," ","0",0,"P"," ","0",0,"P"," ","0",0,"P"," ","0",0,"P"," ","0",0,"P"," ","0",0,"P"," ","0",0,"P"," ","0",0,"P"," ","0",0,"P"," ","0",0,"P"," ","0",0,"P"," ","0",0,"P"," ","0",0,"P"," ","0",0,"P"," ","0",0,"P"," ","0",0,"P"," ","0",0,"P"," ","0",0,"P"," ","0",0,"P"," ","0",0,"P"," ","0",0,"P"," ","0",0,"P"," ","0",0,"P"," ","0",0,"P"," ","0",0,"P"," ","0",0,"P"," ","0",0,"P"," ","0"
"3605","USC00413787",1996,1,"SNWD",0,"P"," ","0",0,"P"," ","0",0,"P"," ","0",0,"P"," ","0",0,"P"," ","0",0,"P"," ","0",0,"P"," ","0",0,"P"," ","0",0,"P"," ","0",0,"P"," ","0",0,"P"," ","0",0,"P"," ","0",0,"P"," ","0",0,"P"," ","0",0,"P"," ","0",0,"P"," ","0",0,"P"," ","0",0,"P"," ","0",0,"P"," ","0",0,"P"," ","0",0,"P"," ","0",0,"P"," ","0",0,"P"," ","0",0,"P"," ","0",0,"P"," ","0",0,"P"," ","0",0,"P"," ","0",0,"P"," ","0",0,"P"," ","0",0,"P"," ","0",0,"P"," ","0"
"3606","USC00413787",1996,2,"TMAX",-61," "," ","0",-78," "," ","0",-139," "," ","0",-128," "," ","0",22," "," ","0",117," "," ","0",200," "," ","0",189," "," ","0",156," "," ","0",244," "," ","0",133," "," ","0",117," "," ","0",167," "," ","0",217," "," ","0",228," "," ","0",133," "," ","0",128," "," ","0",167," "," ","0",206," "," ","0",222," "," ","0",233," "," ","0",261," "," ","0",267," "," ","0",133," "," ","0",172," "," ","0",200," "," ","0",183," "," ","0",33," "," ","0",-44," "," ","0",NA," "," "," ",NA," "," "," "
"3607","USC00413787",1996,2,"TMIN",-172," "," ","0",-183," "," ","0",-228," "," ","0",-222," "," ","0",-128," "," ","0",-39," "," ","0",-17," "," ","0",-6," "," ","0",-6," "," ","0",6," "," ","0",-67," "," ","0",-56," "," ","0",-56," "," ","0",-61," "," ","0",-44," "," ","0",-111," "," ","0",-106," "," ","0",17," "," ","0",6," "," ","0",0," "," ","0",22," "," ","0",67," "," ","0",17," "," ","0",17," "," ","0",28," "," ","0",-44," "," ","0",-83," "," ","0",-111," "," ","0",-117," "," ","0",NA," "," "," ",NA," "," "," "
"3608","USC00413787",1996,2,"TOBS",-122," "," ","0",-183," "," ","0",-200," "," ","0",-128," "," ","0",-11," "," ","0",-6," "," ","0",-6," "," ","0",50," "," ","0",6," "," ","0",94," "," ","0",-11," "," ","0",-56," "," ","0",-17," "," ","0",-6," "," ","0",-44," "," ","0",-106," "," ","0",44," "," ","0",44," "," ","0",6," "," ","0",22," "," ","0",67," "," ","0",111," "," ","0",33," "," ","0",33," "," ","0",122," "," ","0",-44," "," ","0",-78," "," ","0",-106," "," ","0",-89," "," ","0",NA," "," "," ",NA," "," "," "
"3609","USC00413787",1996,2,"PRCP",0,"P"," ","0",5," "," ","0",10," "," ","0",3," "," ","0",0,"P"," ","0",0,"P"," ","0",0,"P"," ","0",0,"P"," ","0",0,"P"," ","0",0,"P"," ","0",0,"P"," ","0",0,"P"," ","0",0,"P"," ","0",0,"P"," ","0",0,"P"," ","0",0,"P"," ","0",0,"P"," ","0",0,"P"," ","0",0,"P"," ","0",0,"P"," ","0",0,"P"," ","0",0,"P"," ","0",0,"P"," ","0",0,"P"," ","0",0,"P"," ","0",0,"P"," ","0",0,"P"," ","0",0,"P"," ","0",NA," "," "," ",NA," "," "," ",NA," "," "," "
"3610","USC00413787",1996,2,"SNOW",0,"P"," ","0",NA," "," "," ",NA," "," "," ",NA," "," "," ",0,"P"," ","0",0,"P"," ","0",0,"P"," ","0",0,"P"," ","0",0,"P"," ","0",0,"P"," ","0",0,"P"," ","0",0,"P"," ","0",0,"P"," ","0",0,"P"," ","0",0,"P"," ","0",0,"P"," ","0",0,"P"," ","0",0,"P"," ","0",0,"P"," ","0",0,"P"," ","0",0,"P"," ","0",0,"P"," ","0",0,"P"," ","0",0,"P"," ","0",0,"P"," ","0",0,"P"," ","0",0,"P"," ","0",0,"P"," ","0",3," "," ","0",NA," "," "," ",NA," "," "," "
"3611","USC00413787",1996,2,"SNWD",0,"P"," ","0",0,"P"," ","0",0,"P"," ","0",0,"P"," ","0",0,"P"," ","0",0,"P"," ","0",0,"P"," ","0",0,"P"," ","0",0,"P"," ","0",0,"P"," ","0",0,"P"," ","0",0,"P"," ","0",0,"P"," ","0",0,"P"," ","0",0,"P"," ","0",0,"P"," ","0",0,"P"," ","0",0,"P"," ","0",0,"P"," ","0",0,"P"," ","0",0,"P"," ","0",0,"P"," ","0",0,"P"," ","0",0,"P"," ","0",0,"P"," ","0",0,"P"," ","0",0,"P"," ","0",0,"P"," ","0",NA," "," "," ",NA," "," "," ",NA," "," "," "
"3612","USC00413787",1996,3,"TMAX",44," "," ","0",106," "," ","0",139," "," ","0",139," "," ","0",233," "," ","0",228," "," ","0",-67," "," ","0",11," "," ","0",39," "," ","0",122," "," ","0",233," "," ","0",228," "," ","0",256," "," ","0",256," "," ","0",106," "," ","0",133," "," ","0",156," "," ","0",106," "," ","0",106," "," ","0",89," "," ","0",128," "," ","0",200," "," ","0",178," "," ","0",261," "," ","0",67," "," ","0",-6," "," ","0",83," "," ","0",139," "," ","0",189," "," ","0",250," "," ","0",133," "," ","0"
"3613","USC00413787",1996,3,"TMIN",-100," "," ","0",-83," "," ","0",-50," "," ","0",-33," "," ","0",-22," "," ","0",-67," "," ","0",-178," "," ","0",-167," "," ","0",-111," "," ","0",-56," "," ","0",28," "," ","0",11," "," ","0",6," "," ","0",17," "," ","0",22," "," ","0",-33," "," ","0",-22," "," ","0",-28," "," ","0",-39," "," ","0",-94," "," ","0",-72," "," ","0",-17," "," ","0",11," "," ","0",33," "," ","0",-117," "," ","0",-100," "," ","0",-72," "," ","0",-33," "," ","0",-17," "," ","0",44," "," ","0",-44," "," ","0"
"3614","USC00413787",1996,3,"TOBS",-83," "," ","0",-50," "," ","0",-33," "," ","0",72," "," ","0",-17," "," ","0",-67," "," ","0",-167," "," ","0",-111," "," ","0",-56," "," ","0",28," "," ","0",56," "," ","0",22," "," ","0",17," "," ","0",72," "," ","0",28," "," ","0",-17," "," ","0",67," "," ","0",-17," "," ","0",-28," "," ","0",-72," "," ","0",-11," "," ","0",11," "," ","0",128," "," ","0",44," "," ","0",-100," "," ","0",-50," "," ","0",-28," "," ","0",-11," "," ","0",94," "," ","0",50," "," ","0",6," "," ","0"
"3615","USC00413787",1996,3,"PRCP",0,"P"," ","0",0,"P"," ","0",0,"P"," ","0",0,"P"," ","0",0,"P"," ","0",0,"P"," ","0",36," "," ","0",0,"P"," ","0",0,"P"," ","0",0,"P"," ","0",0,"P"," ","0",0,"P"," ","0",0,"P"," ","0",0,"P"," ","0",0,"P"," ","0",0,"P"," ","0",0,"P"," ","0",0,"P"," ","0",0,"P"," ","0",0,"P"," ","0",0,"P"," ","0",0,"P"," ","0",0,"P"," ","0",0,"P"," ","0",0,"P"," ","0",0,"P"," ","0",0,"P"," ","0",0,"P"," ","0",0,"P"," ","0",0,"P"," ","0",10," "," ","0"
"3616","USC00413787",1996,3,"SNOW",0,"P"," ","0",0,"P"," ","0",0,"P"," ","0",0,"P"," ","0",0,"P"," ","0",0,"P"," ","0",NA," "," "," ",0,"P"," ","0",0,"P"," ","0",0,"P"," ","0",0,"P"," ","0",0,"P"," ","0",0,"P"," ","0",0,"P"," ","0",0,"P"," ","0",0,"P"," ","0",0,"P"," ","0",0,"P"," ","0",0,"P"," ","0",0,"P"," ","0",0,"P"," ","0",0,"P"," ","0",0,"P"," ","0",0,"P"," ","0",0,"P"," ","0",0,"P"," ","0",0,"P"," ","0",0,"P"," ","0",0,"P"," ","0",0,"P"," ","0",0,"P"," ","0"
"3617","USC00413787",1996,3,"SNWD",0,"P"," ","0",0,"P"," ","0",0,"P"," ","0",0,"P"," ","0",0,"P"," ","0",0,"P"," ","0",NA," "," "," ",NA," "," "," ",NA," "," "," ",NA," "," "," ",NA," "," "," ",0,"P"," ","0",0,"P"," ","0",0,"P"," ","0",0,"P"," ","0",0,"P"," ","0",0,"P"," ","0",0,"P"," ","0",0,"P"," ","0",0,"P"," ","0",0,"P"," ","0",0,"P"," ","0",0,"P"," ","0",0,"P"," ","0",0,"P"," ","0",0,"P"," ","0",0,"P"," ","0",0,"P"," ","0",0,"P"," ","0",0,"P"," ","0",0,"P"," ","0"
"3618","USC00413787",1996,4,"TMAX",161," "," ","0",217," "," ","0",272," "," ","0",200," "," ","0",78," "," ","0",100," "," ","0",189," "," ","0",244," "," ","0",250," "," ","0",256," "," ","0",272," "," ","0",278," "," ","0",194," "," ","0",222," "," ","0",106," "," ","0",200," "," ","0",267," "," ","0",294," "," ","0",267," "," ","0",222," "," ","0",200," "," ","0",233," "," ","0",161," "," ","0",244," "," ","0",333," "," ","0",222," "," ","0",278," "," ","0",256," "," ","0",139," "," ","0",156," "," ","0",NA," "," "," "
"3619","USC00413787",1996,4,"TMIN",0," "," ","0",44," "," ","0",111," "," ","0",0," "," ","0",-11," "," ","0",-6," ","I","0",-17," "," ","0",44," "," ","0",44," "," ","0",83," "," ","0",111," "," ","0",17," "," ","0",22," "," ","0",22," "," ","0",-17," "," ","0",22," "," ","0",44," "," ","0",72," "," ","0",78," "," ","0",6," "," ","0",33," "," ","0",22," "," ","0",0," "," ","0",17," "," ","0",100," "," ","0",39," "," ","0",50," "," ","0",78," "," ","0",-6," "," ","0",17," "," ","0",NA," "," "," "
"3620","USC00413787",1996,4,"TOBS",44," "," ","0",117," "," ","0",133," "," ","0",0," "," ","0",-6," "," ","0",-17," ","I","0",139," "," ","0",44," "," ","0",83," "," ","0",122," "," ","0",150," "," ","0",22," "," ","0",83," "," ","0",22," "," ","0",100," "," ","0",44," "," ","0",89," "," ","0",89," "," ","0",78," "," ","0",33," "," ","0",89," "," ","0",39," "," ","0",17," "," ","0",100," "," ","0",133," "," ","0",56," "," ","0",100," "," ","0",94," "," ","0",17," "," ","0",22," "," ","0",NA," "," "," "
"3621","USC00413787",1996,4,"PRCP",0,"P"," ","0",0,"P"," ","0",0,"P"," ","0",0,"P"," ","0",0,"T"," ","0",0,"P"," ","0",0,"P"," ","0",0,"P"," ","0",0,"P"," ","0",0,"P"," ","0",0,"P"," ","0",0,"P"," ","0",0,"P"," ","0",0,"P"," ","0",0,"P"," ","0",0,"P"," ","0",0,"P"," ","0",0,"P"," ","0",0,"P"," ","0",0,"P"," ","0",0,"P"," ","0",0,"P"," ","0",0,"P"," ","0",0,"P"," ","0",0,"P"," ","0",0,"P"," ","0",0,"P"," ","0",0,"P"," ","0",0,"P"," ","0",0,"P"," ","0",NA," "," "," "
"3622","USC00413787",1996,4,"SNOW",0,"P"," ","0",0,"P"," ","0",0,"P"," ","0",0,"P"," ","0",0,"P"," ","0",0,"P"," ","0",0,"P"," ","0",0,"P"," ","0",0,"P"," ","0",0,"P"," ","0",0,"P"," ","0",0,"P"," ","0",0,"P"," ","0",0,"P"," ","0",0,"P"," ","0",0,"P"," ","0",0,"P"," ","0",0,"P"," ","0",0,"P"," ","0",0,"P"," ","0",0,"P"," ","0",0,"P"," ","0",0,"P"," ","0",0,"P"," ","0",0,"P"," ","0",0,"P"," ","0",0,"P"," ","0",0,"P"," ","0",0,"P"," ","0",0,"P"," ","0",NA," "," "," "
"3623","USC00413787",1996,4,"SNWD",0,"P"," ","0",0,"P"," ","0",0,"P"," ","0",0,"P"," ","0",0,"P"," ","0",0,"P"," ","0",0,"P"," ","0",0,"P"," ","0",0,"P"," ","0",0,"P"," ","0",0,"P"," ","0",0,"P"," ","0",0,"P"," ","0",0,"P"," ","0",0,"P"," ","0",0,"P"," ","0",0,"P"," ","0",0,"P"," ","0",0,"P"," ","0",0,"P"," ","0",0,"P"," ","0",0,"P"," ","0",0,"P"," ","0",0,"P"," ","0",0,"P"," ","0",0,"P"," ","0",0,"P"," ","0",0,"P"," ","0",0,"P"," ","0",0,"P"," ","0",NA," "," "," "
"3624","USC00413787",1996,5,"TMAX",239," "," ","0",222," "," ","0",283," "," ","0",350," "," ","0",283," "," ","0",167," "," ","0",317," "," ","0",317," "," ","0",367," "," ","0",344," "," ","0",183," "," ","0",244," "," ","0",306," "," ","0",222," "," ","0",367," "," ","0",378," "," ","0",383," "," ","0",367," "," ","0",383," "," ","0",317," "," ","0",256," "," ","0",272," "," ","0",378," "," ","0",NA," "," "," ",300," "," ","0",200," "," ","0",278," "," ","0",256," "," ","0",222," "," ","0",228," "," ","0",239," "," ","0"
"3625","USC00413787",1996,5,"TMIN",22," "," ","0",44," "," ","0",78," "," ","0",128," "," ","0",122," "," ","0",111," "," ","0",106," "," ","0",94," "," ","0",194," "," ","0",94," "," ","0",83," "," ","0",83," "," ","0",83," "," ","0",106," "," ","0",144," "," ","0",167," "," ","0",167," "," ","0",167," "," ","0",172," "," ","0",139," "," ","0",106," "," ","0",161," "," ","0",156," "," ","0",183," "," ","0",139," "," ","0",139," "," ","0",78," "," ","0",61," "," ","0",78," "," ","0",78," "," ","0",144," "," ","0"
"3626","USC00413787",1996,5,"TOBS",44," "," ","0",78," "," ","0",128," "," ","0",133," "," ","0",128," "," ","0",122," "," ","0",106," "," ","0",200," "," ","0",200," "," ","0",94," "," ","0",94," "," ","0",122," "," ","0",106," "," ","0",144," "," ","0",172," "," ","0",183," "," ","0",183," "," ","0",200," "," ","0",189," "," ","0",250," "," ","0",233," "," ","0",178," "," ","0",183," "," ","0",189," "," ","0",144," "," ","0",156," "," ","0",133," "," ","0",78," "," ","0",89," "," ","0",144," "," ","0",178," "," ","0"
"3627","USC00413787",1996,5,"PRCP",0,"P"," ","0",0,"P"," ","0",0,"P"," ","0",0,"P"," ","0",0,"P"," ","0",0,"P"," ","0",0,"P"," ","0",0,"P"," ","0",0,"P"," ","0",0,"P"," ","0",0,"P"," ","0",0,"P"," ","0",5," "," ","0",5," "," ","0",0,"P"," ","0",0,"P"," ","0",0,"P"," ","0",0,"P"," ","0",0,"P"," ","0",0,"P"," ","0",0,"P"," ","0",0,"P"," ","0",0,"P"," ","0",0,"P"," ","0",66," "," ","0",132," "," ","0",0,"P"," ","0",0,"P"," ","0",0,"P"," ","0",0,"T"," ","0",3," "," ","0"
"3628","USC00413787",1996,5,"SNOW",0,"P"," ","0",0,"P"," ","0",0,"P"," ","0",0,"P"," ","0",0,"P"," ","0",0,"P"," ","0",0,"P"," ","0",0,"P"," ","0",0,"P"," ","0",0,"P"," ","0",0,"P"," ","0",0,"P"," ","0",0,"P"," ","0",0,"P"," ","0",0,"P"," ","0",0,"P"," ","0",0,"P"," ","0",0,"P"," ","0",0,"P"," ","0",0,"P"," ","0",0,"P"," ","0",0,"P"," ","0",0,"P"," ","0",0,"P"," ","0",0,"P"," ","0",0,"P"," ","0",0,"P"," ","0",0,"P"," ","0",0,"P"," ","0",0,"P"," ","0",0,"P"," ","0"
"3629","USC00413787",1996,5,"SNWD",0,"P"," ","0",0,"P"," ","0",0,"P"," ","0",0,"P"," ","0",0,"P"," ","0",0,"P"," ","0",0,"P"," ","0",0,"P"," ","0",0,"P"," ","0",0,"P"," ","0",0,"P"," ","0",0,"P"," ","0",0,"P"," ","0",0,"P"," ","0",0,"P"," ","0",0,"P"," ","0",0,"P"," ","0",0,"P"," ","0",0,"P"," ","0",0,"P"," ","0",0,"P"," ","0",0,"P"," ","0",0,"P"," ","0",0,"P"," ","0",0,"P"," ","0",0,"P"," ","0",0,"P"," ","0",0,"P"," ","0",0,"P"," ","0",0,"P"," ","0",0,"P"," ","0"
"3630","USC00413787",1996,6,"TMAX",294," "," ","0",294," "," ","0",267," "," ","0",233," "," ","0",317," "," ","0",372," "," ","0",267," "," ","0",261," "," ","0",272," "," ","0",328," "," ","0",328," "," ","0",328," "," ","0",328," "," ","0",294," "," ","0",289," "," ","0",311," "," ","0",294," "," ","0",322," "," ","0",361," "," ","0",378," "," ","0",372," "," ","0",378," "," ","0",339," "," ","0",339," "," ","0",333," "," ","0",300," "," ","0",300," "," ","0",294," "," ","0",322," "," ","0",294," "," ","0",NA," "," "," "
"3631","USC00413787",1996,6,"TMIN",144," "," ","0",144," "," ","0",150," "," ","0",100," "," ","0",128," "," ","0",178," "," ","0",128," "," ","0",78," "," ","0",89," "," ","0",144," "," ","0",167," "," ","0",150," "," ","0",172," "," ","0",178," "," ","0",167," "," ","0",172," "," ","0",167," "," ","0",172," "," ","0",178," "," ","0",194," "," ","0",211," "," ","0",183," "," ","0",178," "," ","0",194," "," ","0",161," "," ","0",172," "," ","0",183," "," ","0",189," "," ","0",178," "," ","0",NA," "," "," ",NA," "," "," "
"3632","USC00413787",1996,6,"TOBS",150," "," ","0",183," "," ","0",156," "," ","0",128," "," ","0",194," "," ","0",189," "," ","0",144," "," ","0",89," "," ","0",206," "," ","0",172," "," ","0",194," "," ","0",172," "," ","0",178," "," ","0",183," "," ","0",183," "," ","0",200," "," ","0",189," "," ","0",189," "," ","0",194," "," ","0",217," "," ","0",228," "," ","0",222," "," ","0",222," "," ","0",306," "," ","0",200," "," ","0",183," "," ","0",211," "," ","0",206," "," ","0",194," "," ","0",239," "," ","0",NA," "," "," "
"3633","USC00413787",1996,6,"PRCP",0,"P"," ","0",0,"P"," ","0",216," "," ","0",10," "," ","0",0,"P"," ","0",0,"P"," ","0",0,"P"," ","0",0,"P"," ","0",0,"P"," ","0",33," "," ","0",0,"P"," ","0",61," "," ","0",76," "," ","0",0,"P"," ","0",30," "," ","0",130," "," ","0",0,"P"," ","0",28," "," ","0",0,"P"," ","0",0,"P"," ","0",0,"P"," ","0",0,"P"," ","0",76," "," ","0",0,"P"," ","0",262," "," ","0",28," "," ","0",0,"P"," ","0",30," "," ","0",0,"P"," ","0",13," "," ","0",NA," "," "," "
"3634","USC00413787",1996,6,"SNOW",0,"P"," ","0",0,"P"," ","0",0,"P"," ","0",0,"P"," ","0",0,"P"," ","0",0,"P"," ","0",0,"P"," ","0",0,"P"," ","0",0,"P"," ","0",0,"P"," ","0",0,"P"," ","0",0,"P"," ","0",0,"P"," ","0",0,"P"," ","0",0,"P"," ","0",0,"P"," ","0",0,"P"," ","0",0,"P"," ","0",0,"P"," ","0",0,"P"," ","0",0,"P"," ","0",0,"P"," ","0",0,"P"," ","0",0,"P"," ","0",0,"P"," ","0",0,"P"," ","0",0,"P"," ","0",0,"P"," ","0",0,"P"," ","0",0,"P"," ","0",NA," "," "," "
"3635","USC00413787",1996,6,"SNWD",0,"P"," ","0",0,"P"," ","0",0,"P"," ","0",0,"P"," ","0",0,"P"," ","0",0,"P"," ","0",0,"P"," ","0",0,"P"," ","0",0,"P"," ","0",0,"P"," ","0",0,"P"," ","0",0,"P"," ","0",0,"P"," ","0",0,"P"," ","0",0,"P"," ","0",0,"P"," ","0",0,"P"," ","0",0,"P"," ","0",0,"P"," ","0",0,"P"," ","0",0,"P"," ","0",0,"P"," ","0",0,"P"," ","0",0,"P"," ","0",0,"P"," ","0",0,"P"," ","0",0,"P"," ","0",0,"P"," ","0",0,"P"," ","0",0,"P"," ","0",NA," "," "," "
"3636","USC00413787",1996,7,"TMAX",322," "," ","0",333," "," ","0",367," "," ","0",361," "," ","0",367," "," ","0",383," "," ","0",383," "," ","0",372," "," ","0",339," "," ","0",183," "," ","0",183," "," ","0",283," "," ","0",306," "," ","0",272," "," ","0",267," "," ","0",300," "," ","0",322," "," ","0",344," "," ","0",344," "," ","0",328," "," ","0",344," "," ","0",356," "," ","0",356," "," ","0",300," "," ","0",272," "," ","0",289," "," ","0",283," "," ","0",283," "," ","0",317," "," ","0",300," "," ","0",278," "," ","0"
"3637","USC00413787",1996,7,"TMIN",167," "," ","0",167," "," ","0",189," "," ","0",206," "," ","0",206," "," ","0",228," "," ","0",217," "," ","0",222," "," ","0",178," "," ","0",128," "," ","0",128," "," ","0",128," "," ","0",122," "," ","0",156," "," ","0",156," "," ","0",178," "," ","0",200," "," ","0",206," "," ","0",194," "," ","0",183," "," ","0",194," "," ","0",217," "," ","0",156," "," ","0",139," "," ","0",150," "," ","0",172," "," ","0",167," "," ","0",167," "," ","0",189," "," ","0",183," "," ","0",189," "," ","0"
"3638","USC00413787",1996,7,"TOBS",183," "," ","0",194," "," ","0",222," "," ","0",217," "," ","0",228," "," ","0",239," "," ","0",222," "," ","0",233," "," ","0",178," "," ","0",139," "," ","0",161," "," ","0",206," "," ","0",178," "," ","0",161," "," ","0",178," "," ","0",200," "," ","0",267," "," ","0",211," "," ","0",200," "," ","0",206," "," ","0",228," "," ","0",228," "," ","0",172," "," ","0",150," "," ","0",178," "," ","0",178," "," ","0",183," "," ","0",194," "," ","0",200," "," ","0",189," "," ","0",194," "," ","0"
"3639","USC00413787",1996,7,"PRCP",0,"P"," ","0",0,"P"," ","0",0,"P"," ","0",0,"P"," ","0",0,"P"," ","0",0,"P"," ","0",0,"P"," ","0",0,"P"," ","0",254," "," ","0",447," "," ","0",61," "," ","0",0,"P"," ","0",89," "," ","0",15," "," ","0",0,"P"," ","0",0,"P"," ","0",0,"P"," ","0",5," "," ","0",107," "," ","0",0,"P"," ","0",0,"P"," ","0",0,"P"," ","0",185," "," ","0",292," "," ","0",0,"P"," ","0",25," "," ","0",30," "," ","0",0,"P"," ","0",0,"P"," ","0",84," "," ","0",0,"P"," ","0"
"3640","USC00413787",1996,7,"SNOW",0,"P"," ","0",0,"P"," ","0",0,"P"," ","0",0,"P"," ","0",0,"P"," ","0",0,"P"," ","0",0,"P"," ","0",0,"P"," ","0",0,"P"," ","0",0,"P"," ","0",0,"P"," ","0",0,"P"," ","0",0,"P"," ","0",0,"P"," ","0",0,"P"," ","0",0,"P"," ","0",0,"P"," ","0",0,"P"," ","0",0,"P"," ","0",0,"P"," ","0",0,"P"," ","0",0,"P"," ","0",0,"P"," ","0",0,"P"," ","0",0,"P"," ","0",0,"P"," ","0",0,"P"," ","0",0,"P"," ","0",0,"P"," ","0",0,"P"," ","0",0,"P"," ","0"
"3641","USC00413787",1996,7,"SNWD",0,"P"," ","0",0,"P"," ","0",0,"P"," ","0",0,"P"," ","0",0,"P"," ","0",0,"P"," ","0",0,"P"," ","0",0,"P"," ","0",0,"P"," ","0",0,"P"," ","0",0,"P"," ","0",0,"P"," ","0",0,"P"," ","0",0,"P"," ","0",0,"P"," ","0",0,"P"," ","0",0,"P"," ","0",0,"P"," ","0",0,"P"," ","0",0,"P"," ","0",0,"P"," ","0",0,"P"," ","0",0,"P"," ","0",0,"P"," ","0",0,"P"," ","0",0,"P"," ","0",0,"P"," ","0",0,"P"," ","0",0,"P"," ","0",0,"P"," ","0",0,"P"," ","0"
"3642","USC00413787",1996,8,"TMAX",283," "," ","0",306," "," ","0",350," "," ","0",350," "," ","0",339," "," ","0",339," "," ","0",333," "," ","0",267," "," ","0",NA," "," "," ",233," "," ","0",267," "," ","0",294," "," ","0",267," "," ","0",322," "," ","0",328," "," ","0",278," "," ","0",283," "," ","0",294," "," ","0",322," "," ","0",322," "," ","0",294," "," ","0",311," "," ","0",317," "," ","0",278," "," ","0",294," "," ","0",289," "," ","0",233," "," ","0",250," "," ","0",256," "," ","0",267," "," ","0",244," "," ","0"
"3643","USC00413787",1996,8,"TMIN",156," "," ","0",167," "," ","0",178," "," ","0",194," "," ","0",178," "," ","0",183," "," ","0",178," "," ","0",178," "," ","0",NA," "," "," ",167," "," ","0",161," "," ","0",128," "," ","0",139," "," ","0",161," "," ","0",167," "," ","0",167," "," ","0",172," "," ","0",178," "," ","0",183," "," ","0",172," "," ","0",172," "," ","0",178," "," ","0",167," "," ","0",167," "," ","0",172," "," ","0",172," "," ","0",150," "," ","0",150," "," ","0",178," "," ","0",161," "," ","0",150," "," ","0"
"3644","USC00413787",1996,8,"TOBS",167," "," ","0",200," "," ","0",194," "," ","0",217," "," ","0",183," "," ","0",217," "," ","0",183," "," ","0",183," "," ","0",NA," "," "," ",178," "," ","0",228," "," ","0",139," "," ","0",161," "," ","0",172," "," ","0",178," "," ","0",172," "," ","0",183," "," ","0",189," "," ","0",200," "," ","0",172," "," ","0",200," "," ","0",194," "," ","0",172," "," ","0",178," "," ","0",228," "," ","0",178," "," ","0",150," "," ","0",183," "," ","0",178," "," ","0",167," "," ","0",167," "," ","0"
"3645","USC00413787",1996,8,"PRCP",0,"P"," ","0",0,"P"," ","0",0,"P"," ","0",0,"P"," ","0",0,"P"," ","0",0,"P"," ","0",38," "," ","0",150," "," ","0",NA," "," "," ",NA," "," "," ",0,"P"," ","0",0,"P"," ","0",0,"P"," ","0",0,"P"," ","0",58," "," ","0",58," "," ","0",0,"P"," ","0",0,"P"," ","0",0,"P"," ","0",102," "," ","0",5," "," ","0",0,"P"," ","0",0,"P"," ","0",10," "," ","0",3," "," ","0",109," "," ","0",69," "," ","0",0,"P"," ","0",0,"P"," ","0",0,"P"," ","0",25," "," ","0"
"3646","USC00413787",1996,8,"SNOW",0,"P"," ","0",0,"P"," ","0",0,"P"," ","0",0,"P"," ","0",0,"P"," ","0",0,"P"," ","0",0,"P"," ","0",0,"P"," ","0",0,"P"," ","0",0,"P"," ","0",0,"P"," ","0",0,"P"," ","0",0,"P"," ","0",0,"P"," ","0",0,"P"," ","0",0,"P"," ","0",0,"P"," ","0",0,"P"," ","0",0,"P"," ","0",0,"P"," ","0",0,"P"," ","0",0,"P"," ","0",0,"P"," ","0",0,"P"," ","0",0,"P"," ","0",0,"P"," ","0",0,"P"," ","0",0,"P"," ","0",0,"P"," ","0",0,"P"," ","0",0,"P"," ","0"
"3647","USC00413787",1996,8,"SNWD",0,"P"," ","0",0,"P"," ","0",0,"P"," ","0",0,"P"," ","0",0,"P"," ","0",0,"P"," ","0",0,"P"," ","0",0,"P"," ","0",0,"P"," ","0",0,"P"," ","0",0,"P"," ","0",0,"P"," ","0",0,"P"," ","0",0,"P"," ","0",0,"P"," ","0",0,"P"," ","0",0,"P"," ","0",0,"P"," ","0",0,"P"," ","0",0,"P"," ","0",0,"P"," ","0",0,"P"," ","0",0,"P"," ","0",0,"P"," ","0",0,"P"," ","0",0,"P"," ","0",0,"P"," ","0",0,"P"," ","0",0,"P"," ","0",0,"P"," ","0",0,"P"," ","0"
"3648","USC00413787",1996,8,"DAPR",NA," "," "," ",NA," "," "," ",NA," "," "," ",NA," "," "," ",NA," "," "," ",NA," "," "," ",NA," "," "," ",NA," "," "," ",NA," "," "," ",2," "," ","0",NA," "," "," ",NA," "," "," ",NA," "," "," ",NA," "," "," ",NA," "," "," ",NA," "," "," ",NA," "," "," ",NA," "," "," ",NA," "," "," ",NA," "," "," ",NA," "," "," ",NA," "," "," ",NA," "," "," ",NA," "," "," ",NA," "," "," ",NA," "," "," ",NA," "," "," ",NA," "," "," ",NA," "," "," ",NA," "," "," ",NA," "," "," "
"3649","USC00413787",1996,8,"MDPR",NA," "," "," ",NA," "," "," ",NA," "," "," ",NA," "," "," ",NA," "," "," ",NA," "," "," ",NA," "," "," ",NA," "," "," ",NA," "," "," ",203," "," ","0",NA," "," "," ",NA," "," "," ",NA," "," "," ",NA," "," "," ",NA," "," "," ",NA," "," "," ",NA," "," "," ",NA," "," "," ",NA," "," "," ",NA," "," "," ",NA," "," "," ",NA," "," "," ",NA," "," "," ",NA," "," "," ",NA," "," "," ",NA," "," "," ",NA," "," "," ",NA," "," "," ",NA," "," "," ",NA," "," "," ",NA," "," "," "
"3650","USC00413787",1996,9,"TMAX",250," "," ","0",256," "," ","0",306," "," ","0",278," "," ","0",294," "," ","0",289," "," ","0",289," "," ","0",256," "," ","0",306," "," ","0",317," "," ","0",311," "," ","0",300," "," ","0",239," "," ","0",161," "," ","0",233," "," ","0",178," "," ","0",206," "," ","0",239," "," ","0",267," "," ","0",211," "," ","0",217," "," ","0",250," "," ","0",322," "," ","0",256," "," ","0",217," "," ","0",294," "," ","0",94," "," ","0",117," "," ","0",228," "," ","0",250," "," ","0",NA," "," "," "
"3651","USC00413787",1996,9,"TMIN",161," "," ","0",167," "," ","0",161," "," ","0",161," "," ","0",161," "," ","0",161," "," ","0",161," "," ","0",128," "," ","0",144," "," ","0",144," "," ","0",111," "," ","0",117," "," ","0",133," "," ","0",133," "," ","0",133," "," ","0",128," "," ","0",128," "," ","0",133," "," ","0",83," "," ","0",83," "," ","0",72," "," ","0",78," "," ","0",133," "," ","0",111," "," ","0",111," "," ","0",56," "," ","0",44," "," ","0",28," "," ","0",56," "," ","0",61," "," ","0",NA," "," "," "
"3652","USC00413787",1996,9,"TOBS",167," "," ","0",172," "," ","0",161," "," ","0",189," "," ","0",161," "," ","0",167," "," ","0",178," "," ","0",144," "," ","0",172," "," ","0",144," "," ","0",117," "," ","0",144," "," ","0",133," "," ","0",133," "," ","0",156," "," ","0",128," "," ","0",161," "," ","0",161," "," ","0",83," "," ","0",106," "," ","0",78," "," ","0",156," "," ","0",150," "," ","0",111," "," ","0",161," "," ","0",56," "," ","0",56," "," ","0",56," "," ","0",61," "," ","0",94," "," ","0",NA," "," "," "
"3653","USC00413787",1996,9,"PRCP",0,"P"," ","0",0,"P"," ","0",74," "," ","0",0,"P"," ","0",0,"P"," ","0",0,"P"," ","0",15," "," ","0",0,"P"," ","0",0,"P"," ","0",0,"P"," ","0",0,"P"," ","0",0,"P"," ","0",66," "," ","0",20," "," ","0",109," "," ","0",417," "," ","0",0,"P"," ","0",279," "," ","0",224," "," ","0",0,"P"," ","0",0,"P"," ","0",0,"P"," ","0",0,"P"," ","0",0,"T"," ","0",5," "," ","0",15," "," ","0",51," "," ","0",5," "," ","0",0,"P"," ","0",0,"P"," ","0",NA," "," "," "
"3654","USC00413787",1996,9,"SNOW",0,"P"," ","0",0,"P"," ","0",0,"P"," ","0",0,"P"," ","0",0,"P"," ","0",0,"P"," ","0",0,"P"," ","0",0,"P"," ","0",0,"P"," ","0",0,"P"," ","0",0,"P"," ","0",0,"P"," ","0",0,"P"," ","0",0,"P"," ","0",0,"P"," ","0",0,"P"," ","0",0,"P"," ","0",0,"P"," ","0",0,"P"," ","0",0,"P"," ","0",0,"P"," ","0",0,"P"," ","0",0,"P"," ","0",0,"P"," ","0",0,"P"," ","0",0,"P"," ","0",0,"P"," ","0",0,"P"," ","0",0,"P"," ","0",0,"P"," ","0",NA," "," "," "
"3655","USC00413787",1996,9,"SNWD",0,"P"," ","0",0,"P"," ","0",0,"P"," ","0",0,"P"," ","0",0,"P"," ","0",0,"P"," ","0",0,"P"," ","0",0,"P"," ","0",0,"P"," ","0",0,"P"," ","0",0,"P"," ","0",0,"P"," ","0",0,"P"," ","0",0,"P"," ","0",0,"P"," ","0",0,"P"," ","0",0,"P"," ","0",0,"P"," ","0",0,"P"," ","0",0,"P"," ","0",0,"P"," ","0",0,"P"," ","0",0,"P"," ","0",0,"P"," ","0",0,"P"," ","0",0,"P"," ","0",0,"P"," ","0",0,"P"," ","0",0,"P"," ","0",0,"P"," ","0",NA," "," "," "
"3656","USC00413787",1996,10,"TMAX",256," "," ","0",300," "," ","0",117," "," ","0",189," "," ","0",228," "," ","0",233," "," ","0",261," "," ","0",206," "," ","0",267," "," ","0",239," "," ","0",228," "," ","0",272," "," ","0",294," "," ","0",300," "," ","0",289," "," ","0",244," "," ","0",289," "," ","0",144," "," ","0",178," "," ","0",278," "," ","0",200," "," ","0",22," "," ","0",128," "," ","0",194," "," ","0",211," "," ","0",239," "," ","0",200," "," ","0",56," "," ","0",139," "," ","0",206," "," ","0",178," "," ","0"
"3657","USC00413787",1996,10,"TMIN",94," "," ","0",100," "," ","0",50," "," ","0",67," "," ","0",117," "," ","0",122," "," ","0",94," "," ","0",50," "," ","0",56," "," ","0",67," "," ","0",67," "," ","0",83," ","I","0",67," "," ","0",133," "," ","0",106," "," ","0",100," "," ","0",61," "," ","0",-22," "," ","0",-22," "," ","0",89," "," ","0",22," "," ","0",-22," "," ","0",-22," "," ","0",-6," "," ","0",0," "," ","0",44," "," ","0",22," "," ","0",22," "," ","0",56," "," ","0",11," "," ","0",-11," "," ","0"
"3658","USC00413787",1996,10,"TOBS",117," "," ","0",106," "," ","0",67," "," ","0",122," "," ","0",144," "," ","0",122," "," ","0",100," "," ","0",56," "," ","0",94," "," ","0",67," "," ","0",100," "," ","0",67," ","I","0",167," "," ","0",139," "," ","0",111," "," ","0",100," "," ","0",67," "," ","0",-22," "," ","0",89," "," ","0",122," "," ","0",22," "," ","0",-22," "," ","0",-6," "," ","0",17," "," ","0",44," "," ","0",67," "," ","0",22," "," ","0",56," "," ","0",56," "," ","0",28," "," ","0",-11," "," ","0"
"3659","USC00413787",1996,10,"PRCP",0,"P"," ","0",0,"P"," ","0",0,"P"," ","0",0,"P"," ","0",0,"P"," ","0",0,"P"," ","0",0,"P"," ","0",0,"P"," ","0",0,"P"," ","0",0,"P"," ","0",0,"P"," ","0",0,"P"," ","0",0,"P"," ","0",0,"P"," ","0",0,"P"," ","0",0,"P"," ","0",0,"P"," ","0",0,"P"," ","0",0,"P"," ","0",0,"P"," ","0",36," "," ","0",122," "," ","0",0,"P"," ","0",0,"P"," ","0",0,"P"," ","0",0,"P"," ","0",0,"P"," ","0",20," "," ","0",99," "," ","0",0,"P"," ","0",0,"P"," ","0"
"3660","USC00413787",1996,10,"SNOW",0,"P"," ","0",0,"P"," ","0",0,"P"," ","0",0,"P"," ","0",0,"P"," ","0",0,"P"," ","0",0,"P"," ","0",0,"P"," ","0",0,"P"," ","0",0,"P"," ","0",0,"P"," ","0",0,"P"," ","0",0,"P"," ","0",0,"P"," ","0",0,"P"," ","0",0,"P"," ","0",0,"P"," ","0",0,"P"," ","0",0,"P"," ","0",0,"P"," ","0",0,"P"," ","0",0,"P"," ","0",0,"P"," ","0",0,"P"," ","0",0,"P"," ","0",0,"P"," ","0",0,"P"," ","0",0,"P"," ","0",0,"P"," ","0",0,"P"," ","0",0,"P"," ","0"
"3661","USC00413787",1996,10,"SNWD",0,"P"," ","0",0,"P"," ","0",0,"P"," ","0",0,"P"," ","0",0,"P"," ","0",0,"P"," ","0",0,"P"," ","0",0,"P"," ","0",0,"P"," ","0",0,"P"," ","0",0,"P"," ","0",0,"P"," ","0",0,"P"," ","0",0,"P"," ","0",0,"P"," ","0",0,"P"," ","0",0,"P"," ","0",0,"P"," ","0",0,"P"," ","0",0,"P"," ","0",0,"P"," ","0",0,"P"," ","0",0,"P"," ","0",0,"P"," ","0",0,"P"," ","0",0,"P"," ","0",0,"P"," ","0",0,"P"," ","0",0,"P"," ","0",0,"P"," ","0",0,"P"," ","0"
"3662","USC00413787",1996,11,"TMAX",NA," "," "," ",106," "," ","0",156," "," ","0",167," "," ","0",217," "," ","0",228," "," ","0",117," "," ","0",139," "," ","0",106," "," ","0",200," "," ","0",156," "," ","0",144," "," ","0",61," "," ","0",194," "," ","0",161," "," ","0",206," "," ","0",139," "," ","0",144," "," ","0",194," "," ","0",267," "," ","0",11," "," ","0",172," "," ","0",NA," "," "," ",117," "," ","0",122," "," ","0",89," "," ","0",33," "," ","0",56," "," ","0",106," "," ","0",139," "," ","0",NA," "," "," "
"3663","USC00413787",1996,11,"TMIN",NA," "," "," ",-11," "," ","0",17," "," ","0",56," "," ","0",39," "," ","0",11," "," ","0",-17," "," ","0",-22," "," ","0",-22," "," ","0",-22," "," ","0",-17," "," ","0",-17," "," ","0",-17," "," ","0",33," "," ","0",39," "," ","0",89," "," ","0",-67," "," ","0",-56," "," ","0",0," "," ","0",6," "," ","0",-6," "," ","0",6," "," ","0",NA," "," "," ",-94," "," ","0",-111," "," ","0",-100," "," ","0",-78," "," ","0",-67," "," ","0",-33," "," ","0",-17," "," ","0",NA," "," "," "
"3664","USC00413787",1996,11,"TOBS",NA," "," "," ",17," "," ","0",89," "," ","0",67," "," ","0",50," "," ","0",22," "," ","0",117," "," ","0",-22," "," ","0",28," "," ","0",6," "," ","0",-6," "," ","0",-17," "," ","0",61," "," ","0",39," "," ","0",139," "," ","0",106," "," ","0",-56," "," ","0",0," "," ","0",28," "," ","0",6," "," ","0",6," "," ","0",50," "," ","0",NA," "," "," ",-83," "," ","0",-100," "," ","0",-56," "," ","0",-67," "," ","0",-33," "," ","0",28," "," ","0",-17," "," ","0",NA," "," "," "
"3665","USC00413787",1996,11,"PRCP",0,"P"," ","0",0,"P"," ","0",0,"P"," ","0",0,"P"," ","0",0,"P"," ","0",0,"P"," ","0",0,"P"," ","0",0,"P"," ","0",0,"P"," ","0",0,"P"," ","0",0,"P"," ","0",0,"P"," ","0",0,"P"," ","0",0,"T"," ","0",0,"P"," ","0",216," "," ","0",0,"P"," ","0",0,"P"," ","0",0,"P"," ","0",0,"P"," ","0",0,"P"," ","0",0,"P"," ","0",0,"P"," ","0",0,"T"," ","0",0,"P"," ","0",0,"P"," ","0",0,"P"," ","0",0,"P"," ","0",178," "," ","0",51," "," ","0",NA," "," "," "
"3666","USC00413787",1996,11,"SNOW",0,"P"," ","0",0,"P"," ","0",0,"P"," ","0",0,"P"," ","0",0,"P"," ","0",0,"P"," ","0",0,"P"," ","0",0,"P"," ","0",0,"P"," ","0",0,"P"," ","0",0,"P"," ","0",0,"P"," ","0",0,"P"," ","0",0,"P"," ","0",0,"P"," ","0",0,"P"," ","0",0,"P"," ","0",0,"P"," ","0",0,"P"," ","0",0,"P"," ","0",0,"P"," ","0",0,"P"," ","0",0,"P"," ","0",0,"P"," ","0",0,"P"," ","0",0,"P"," ","0",0,"P"," ","0",0,"P"," ","0",0,"P"," ","0",51," "," ","0",NA," "," "," "
"3667","USC00413787",1996,11,"SNWD",0,"P"," ","0",0,"P"," ","0",0,"P"," ","0",0,"P"," ","0",0,"P"," ","0",0,"P"," ","0",0,"P"," ","0",0,"P"," ","0",0,"P"," ","0",0,"P"," ","0",0,"P"," ","0",0,"P"," ","0",0,"P"," ","0",0,"P"," ","0",0,"P"," ","0",0,"P"," ","0",0,"P"," ","0",0,"P"," ","0",0,"P"," ","0",0,"P"," ","0",0,"P"," ","0",0,"P"," ","0",0,"P"," ","0",0,"P"," ","0",0,"P"," ","0",0,"P"," ","0",0,"P"," ","0",0,"P"," ","0",0,"P"," ","0",NA," "," "," ",NA," "," "," "
"3668","USC00413787",1996,12,"TMAX",-17," "," ","0",-11," "," ","0",72," "," ","0",39," "," ","0",72," "," ","0",67," "," ","0",72," "," ","0",111," "," ","0",150," "," ","0",222," "," ","0",206," "," ","0",200," "," ","0",156," "," ","0",156," "," ","0",111," "," ","0",39," "," ","0",89," "," ","0",-61," "," ","0",-61," "," ","0",-28," "," ","0",83," "," ","0",106," "," ","0",133," "," ","0",6," "," ","0",100," "," ","0",78," "," ","0",78," "," ","0",211," "," ","0",144," "," ","0",172," "," ","0",194," "," ","0"
"3669","USC00413787",1996,12,"TMIN",-122," "," ","0",-100," "," ","0",-106," "," ","0",-100," "," ","0",-61," "," ","0",-33," "," ","0",-44," "," ","0",-44," "," ","0",-6," "," ","0",11," "," ","0",11," "," ","0",-17," "," ","0",-22," "," ","0",-33," "," ","0",-56," "," ","0",-94," "," ","0",-106," "," ","0",-178," "," ","0",-178," "," ","0",-189," "," ","0",-100," "," ","0",11," "," ","0",-72," "," ","0",-128," "," ","0",-117," "," ","0",-133," "," ","0",-128," "," ","0",17," "," ","0",-44," "," ","0",-44," "," ","0",-39," "," ","0"
"3670","USC00413787",1996,12,"TOBS",-100," "," ","0",-28," "," ","0",-100," "," ","0",-22," "," ","0",-33," "," ","0",33," "," ","0",-44," "," ","0",22," "," ","0",11," "," ","0",94," "," ","0",17," "," ","0",-17," "," ","0",-17," "," ","0",-11," "," ","0",-44," "," ","0",-78," "," ","0",-100," "," ","0",-178," "," ","0",NA," "," "," ",-100," "," ","0",17," "," ","0",39," "," ","0",-72," "," ","0",-117," "," ","0",-11," "," ","0",-128," "," ","0",78," "," ","0",17," "," ","0",-22," "," ","0",-39," "," ","0",17," "," ","0"
"3671","USC00413787",1996,12,"PRCP",203," "," ","0",0,"P"," ","0",0,"P"," ","0",0,"P"," ","0",0,"P"," ","0",0,"P"," ","0",0,"P"," ","0",0,"P"," ","0",0,"P"," ","0",0,"P"," ","0",0,"P"," ","0",0,"P"," ","0",0,"P"," ","0",0,"P"," ","0",0,"P"," ","0",0,"P"," ","0",51," "," ","0",0,"P"," ","0",0,"P"," ","0",0,"P"," ","0",0,"P"," ","0",0,"P"," ","0",0,"P"," ","0",0,"P"," ","0",0,"P"," ","0",0,"P"," ","0",0,"P"," ","0",0,"P"," ","0",0,"P"," ","0",0,"P"," ","0",0,"P"," ","0"
"3672","USC00413787",1996,12,"SNOW",203," "," ","0",0,"P"," ","0",0,"P"," ","0",0,"P"," ","0",0,"P"," ","0",0,"P"," ","0",0,"P"," ","0",0,"P"," ","0",0,"P"," ","0",0,"P"," ","0",0,"P"," ","0",0,"P"," ","0",0,"P"," ","0",0,"P"," ","0",0,"P"," ","0",0,"P"," ","0",0,"P"," ","0",0,"P"," ","0",0,"P"," ","0",0,"P"," ","0",0,"P"," ","0",0,"P"," ","0",0,"P"," ","0",0,"P"," ","0",0,"P"," ","0",0,"P"," ","0",0,"P"," ","0",0,"P"," ","0",0,"P"," ","0",0,"P"," ","0",0,"P"," ","0"
"3673","USC00413787",1996,12,"SNWD",NA," "," "," ",NA," "," "," ",NA," "," "," ",NA," "," "," ",NA," "," "," ",NA," "," "," ",NA," "," "," ",NA," "," "," ",0,"P"," ","0",0,"P"," ","0",0,"P"," ","0",0,"P"," ","0",0,"P"," ","0",0,"P"," ","0",0,"P"," ","0",0,"P"," ","0",0,"P"," ","0",0,"P"," ","0",0,"P"," ","0",0,"P"," ","0",0,"P"," ","0",0,"P"," ","0",0,"P"," ","0",0,"P"," ","0",0,"P"," ","0",0,"P"," ","0",0,"P"," ","0",0,"P"," ","0",0,"P"," ","0",0,"P"," ","0",0,"P"," ","0"
"3674","USC00413787",1997,1,"TMAX",133," "," ","0",222," "," ","0",233," "," ","0",250," "," ","0",122," "," ","0",17," "," ","0",11," "," ","0",6," "," ","0",-39," "," ","0",89," "," ","0",-44," "," ","0",-128," "," ","0",-150," "," ","0",-100," "," ","0",-22," "," ","0",61," "," ","0",-50," "," ","0",44," "," ","0",144," "," ","0",144," "," ","0",183," "," ","0",172," "," ","0",122," "," ","0",161," "," ","0",100," "," ","0",100," "," ","0",44," "," ","0",-33," "," ","0",94," "," ","0",106," "," ","0",172," "," ","0"
"3675","USC00413787",1997,1,"TMIN",-122," ","S","0",-17," "," ","0",17," "," ","0",28," "," ","0",-33," "," ","0",-83," "," ","0",-89," "," ","0",-83," "," ","0",-156," "," ","0",-94," "," ","0",-133," "," ","0",-167," "," ","0",-172," "," ","0",-156," "," ","0",-156," "," ","0",-100," "," ","0",-128," "," ","0",-128," "," ","0",-28," "," ","0",-28," "," ","0",-17," "," ","0",-44," "," ","0",-44," "," ","0",-56," "," ","0",-111," "," ","0",-106," "," ","0",-106," "," ","0",-133," "," ","0",-117," "," ","0",-50," "," ","0",-33," "," ","0"
"3676","USC00413787",1997,1,"TOBS",-11," "," ","0",67," "," ","0",28," "," ","0",67," "," ","0",-17," "," ","0",-78," "," ","0",-83," "," ","0",-39," "," ","0",-94," "," ","0",-78," "," ","0",-133," "," ","0",-167," "," ","0",-156," "," ","0",-100," "," ","0",-22," "," ","0",-100," "," ","0",-122," "," ","0",-28," "," ","0",-22," "," ","0",-11," "," ","0",17," "," ","0",-44," "," ","0",39," "," ","0",-56," "," ","0",-106," "," ","0",-56," "," ","0",-106," "," ","0",-117," "," ","0",17," "," ","0",-11," "," ","0",11," "," ","0"
"3677","USC00413787",1997,1,"PRCP",0,"P"," ","0",0,"P"," ","0",0,"P"," ","0",0,"P"," ","0",0,"P"," ","0",0,"P"," ","0",0,"P"," ","0",0,"P"," ","0",41," "," ","0",0,"P"," ","0",10," "," ","0",46," "," ","0",5," "," ","0",0,"P"," ","0",0,"P"," ","0",0,"P"," ","0",0,"P"," ","0",0,"P"," ","0",0,"P"," ","0",0,"P"," ","0",0,"P"," ","0",0,"P"," ","0",0,"P"," ","0",0,"P"," ","0",0,"P"," ","0",0,"P"," ","0",0,"P"," ","0",0,"P"," ","0",0,"P"," ","0",0,"P"," ","0",0,"P"," ","0"
"3678","USC00413787",1997,1,"SNOW",0,"P"," ","0",0,"P"," ","0",0,"P"," ","0",0,"P"," ","0",0,"P"," ","0",0,"P"," ","0",0,"P"," ","0",0,"P"," ","0",NA," "," "," ",0,"P"," ","0",51," "," ","0",102," "," ","0",NA," "," "," ",0,"P"," ","0",0,"P"," ","0",0,"P"," ","0",0,"P"," ","0",0,"P"," ","0",0,"P"," ","0",0,"P"," ","0",0,"P"," ","0",0,"P"," ","0",0,"P"," ","0",0,"P"," ","0",0,"P"," ","0",0,"P"," ","0",0,"P"," ","0",0,"P"," ","0",0,"P"," ","0",0,"P"," ","0",0,"P"," ","0"
"3679","USC00413787",1997,1,"SNWD",0,"P"," ","0",0,"P"," ","0",0,"P"," ","0",0,"P"," ","0",0,"P"," ","0",0,"P"," ","0",0,"P"," ","0",0,"P"," ","0",NA," "," "," ",NA," "," "," ",NA," "," "," ",NA," "," "," ",NA," "," "," ",NA," "," "," ",NA," "," "," ",NA," "," "," ",NA," "," "," ",NA," "," "," ",NA," "," "," ",NA," "," "," ",0,"P"," ","0",0,"P"," ","0",0,"P"," ","0",0,"P"," ","0",0,"P"," ","0",0,"P"," ","0",0,"P"," ","0",0,"P"," ","0",0,"P"," ","0",0,"P"," ","0",0,"P"," ","0"
"3680","USC00413787",1997,2,"TMAX",206," "," ","0",178," "," ","0",139," "," ","0",139," "," ","0",78," "," ","0",72," "," ","0",111," "," ","0",-11," "," ","0",-6," "," ","0",67," "," ","0",78," "," ","0",139," "," ","0",-6," "," ","0",0," "," ","0",111," "," ","0",167," "," ","0",194," "," ","0",217," "," ","0",178," "," ","0",61," "," ","0",72," "," ","0",78," "," ","0",100," "," ","0",100," "," ","0",-33," "," ","0",-11," "," ","0",6," "," ","0",117," "," ","0",NA," "," "," ",NA," "," "," ",NA," "," "," "
"3681","USC00413787",1997,2,"TMIN",0," "," ","0",-39," "," ","0",-6," "," ","0",-44," "," ","0",-56," "," ","0",-56," "," ","0",-56," "," ","0",-94," "," ","0",-72," "," ","0",-83," "," ","0",-67," "," ","0",-67," "," ","0",-56," "," ","0",-67," "," ","0",-56," "," ","0",-56," "," ","0",44," "," ","0",44," "," ","0",22," "," ","0",28," "," ","0",0," "," ","0",-78," "," ","0",-67," "," ","0",-72," "," ","0",-72," "," ","0",-50," "," ","0",-100," "," ","0",-72," "," ","0",NA," "," "," ",NA," "," "," ",NA," "," "," "
"3682","USC00413787",1997,2,"TOBS",17," "," ","0",-6," "," ","0",44," "," ","0",-33," "," ","0",-56," "," ","0",-6," "," ","0",-56," "," ","0",-72," "," ","0",-33," "," ","0",-67," "," ","0",-11," "," ","0",-56," "," ","0",-33," "," ","0",-56," "," ","0",-33," "," ","0",44," "," ","0",50," "," ","0",50," "," ","0",28," "," ","0",33," "," ","0",6," "," ","0",-67," "," ","0",17," "," ","0",-72," "," ","0",-50," "," ","0",-17," "," ","0",-72," "," ","0",28," "," ","0",NA," "," "," ",NA," "," "," ",NA," "," "," "
"3683","USC00413787",1997,2,"PRCP",0,"P"," ","0",0,"P"," ","0",0,"P"," ","0",0,"P"," ","0",0,"P"," ","0",8," "," ","0",5," "," ","0",0,"P"," ","0",0,"P"," ","0",0,"P"," ","0",0,"P"," ","0",0,"P"," ","0",3," "," ","0",3," "," ","0",0,"P"," ","0",0,"P"," ","0",0,"P"," ","0",28," "," ","0",0,"P"," ","0",0,"P"," ","0",36," "," ","0",0,"P"," ","0",0,"P"," ","0",0,"P"," ","0",0,"P"," ","0",0,"T"," ","0",33," "," ","0",0,"P"," ","0",NA," "," "," ",NA," "," "," ",NA," "," "," "
"3684","USC00413787",1997,2,"SNOW",0,"P"," ","0",0,"P"," ","0",0,"P"," ","0",0,"P"," ","0",0,"P"," ","0",0,"P"," ","0",0,"P"," ","0",0,"P"," ","0",0,"P"," ","0",0,"P"," ","0",0,"P"," ","0",0,"P"," ","0",0,"P"," ","0",0,"P"," ","0",0,"P"," ","0",0,"P"," ","0",0,"P"," ","0",0,"P"," ","0",0,"P"," ","0",0,"P"," ","0",0,"P"," ","0",0,"P"," ","0",0,"P"," ","0",0,"P"," ","0",0,"P"," ","0",0,"P"," ","0",0,"P"," ","0",0,"P"," ","0",NA," "," "," ",NA," "," "," ",NA," "," "," "
"3685","USC00413787",1997,2,"SNWD",0,"P"," ","0",0,"P"," ","0",0,"P"," ","0",0,"P"," ","0",0,"P"," ","0",0,"P"," ","0",0,"P"," ","0",0,"P"," ","0",0,"P"," ","0",0,"P"," ","0",0,"P"," ","0",0,"P"," ","0",0,"P"," ","0",0,"P"," ","0",0,"P"," ","0",0,"P"," ","0",0,"P"," ","0",0,"P"," ","0",0,"P"," ","0",0,"P"," ","0",0,"P"," ","0",0,"P"," ","0",0,"P"," ","0",0,"P"," ","0",0,"P"," ","0",0,"P"," ","0",0,"P"," ","0",0,"P"," ","0",NA," "," "," ",NA," "," "," ",NA," "," "," "
"3686","USC00413787",1997,3,"TMAX",161," "," ","0",78," "," ","0",133," "," ","0",222," "," ","0",106," "," ","0",128," "," ","0",178," "," ","0",194," "," ","0",172," "," ","0",172," "," ","0",239," "," ","0",244," "," ","0",244," "," ","0",144," "," ","0",39," "," ","0",89," "," ","0",244," "," ","0",278," "," ","0",167," "," ","0",283," "," ","0",272," "," ","0",183," "," ","0",233," "," ","0",256," "," ","0",128," "," ","0",200," "," ","0",239," "," ","0",189," "," ","0",167," "," ","0",NA," "," "," ",167," "," ","0"
"3687","USC00413787",1997,3,"TMIN",-28," "," ","0",-83," "," ","0",-28," "," ","0",-28," "," ","0",-67," "," ","0",-67," "," ","0",-11," "," ","0",28," "," ","0",39," "," ","0",-17," "," ","0",-17," "," ","0",28," "," ","0",28," "," ","0",-78," "," ","0",-83," "," ","0",-28," "," ","0",22," "," ","0",94," ","I","0",-44," "," ","0",-17," "," ","0",6," "," ","0",44," "," ","0",44," "," ","0",11," "," ","0",-44," "," ","0",-6," "," ","0",22," "," ","0",39," "," ","0",-39," "," ","0",NA," "," "," ",17," "," ","0"
"3688","USC00413787",1997,3,"TOBS",-17," "," ","0",-22," "," ","0",-17," "," ","0",-28," "," ","0",-67," "," ","0",-6," "," ","0",28," "," ","0",56," "," ","0",61," "," ","0",0," "," ","0",28," "," ","0",61," "," ","0",94," "," ","0",-61," "," ","0",-28," "," ","0",22," "," ","0",72," "," ","0",72," "," ","0",-17," "," ","0",106," "," ","0",50," "," ","0",67," "," ","0",83," "," ","0",22," "," ","0",-6," "," ","0",78," "," ","0",39," "," ","0",78," "," ","0",89," "," ","0",NA," "," "," ",72," "," ","0"
"3689","USC00413787",1997,3,"PRCP",0,"P"," ","0",0,"P"," ","0",0,"P"," ","0",0,"P"," ","0",0,"P"," ","0",0,"P"," ","0",0,"P"," ","0",0,"P"," ","0",0,"P"," ","0",0,"P"," ","0",0,"P"," ","0",0,"P"," ","0",0,"P"," ","0",0,"P"," ","0",0,"P"," ","0",0,"P"," ","0",0,"P"," ","0",0,"P"," ","0",0,"P"," ","0",0,"P"," ","0",0,"P"," ","0",0,"P"," ","0",0,"P"," ","0",0,"P"," ","0",0,"P"," ","0",0,"P"," ","0",0,"P"," ","0",0,"P"," ","0",0,"P"," ","0",0,"P"," ","0",0,"P"," ","0"
"3690","USC00413787",1997,3,"SNOW",0,"P"," ","0",0,"P"," ","0",0,"P"," ","0",0,"P"," ","0",0,"P"," ","0",0,"P"," ","0",0,"P"," ","0",0,"P"," ","0",0,"P"," ","0",0,"P"," ","0",0,"P"," ","0",0,"P"," ","0",0,"P"," ","0",0,"P"," ","0",0,"P"," ","0",0,"P"," ","0",0,"P"," ","0",0,"P"," ","0",0,"P"," ","0",0,"P"," ","0",0,"P"," ","0",0,"P"," ","0",0,"P"," ","0",0,"P"," ","0",0,"P"," ","0",0,"P"," ","0",0,"P"," ","0",0,"P"," ","0",0,"P"," ","0",0,"P"," ","0",0,"P"," ","0"
"3691","USC00413787",1997,3,"SNWD",0,"P"," ","0",0,"P"," ","0",0,"P"," ","0",0,"P"," ","0",0,"P"," ","0",0,"P"," ","0",0,"P"," ","0",0,"P"," ","0",0,"P"," ","0",0,"P"," ","0",0,"P"," ","0",0,"P"," ","0",0,"P"," ","0",0,"P"," ","0",0,"P"," ","0",0,"P"," ","0",0,"P"," ","0",0,"P"," ","0",0,"P"," ","0",0,"P"," ","0",0,"P"," ","0",0,"P"," ","0",0,"P"," ","0",0,"P"," ","0",0,"P"," ","0",0,"P"," ","0",0,"P"," ","0",0,"P"," ","0",0,"P"," ","0",0,"P"," ","0",0,"P"," ","0"
"3692","USC00413787",1997,4,"TMAX",NA," "," "," ",244," "," ","0",89," ","I","0",106," "," ","0",183," "," ","0",194," "," ","0",117," "," ","0",200," "," ","0",33," "," ","0",28," "," ","0",44," "," ","0",11," "," ","0",39," "," ","0",83," "," ","0",206," "," ","0",233," "," ","0",233," "," ","0",233," "," ","0",250," "," ","0",272," "," ","0",256," "," ","0",228," "," ","0",228," "," ","0",167," "," ","0",50," "," ","0",39," "," ","0",72," "," ","0",172," "," ","0",217," "," ","0",283," "," ","0",NA," "," "," "
"3693","USC00413787",1997,4,"TMIN",NA," "," "," ",67," "," ","0",28," "," ","0",28," "," ","0",33," "," ","0",-33," "," ","0",-22," "," ","0",33," "," ","0",-56," "," ","0",-39," "," ","0",-61," "," ","0",-100," "," ","0",-78," "," ","0",-33," "," ","0",-11," "," ","0",28," "," ","0",28," "," ","0",39," "," ","0",50," "," ","0",50," "," ","0",78," "," ","0",50," "," ","0",44," "," ","0",44," "," ","0",28," "," ","0",28," "," ","0",-6," "," ","0",11," "," ","0",72," "," ","0",67," "," ","0",NA," "," "," "
"3694","USC00413787",1997,4,"TOBS",NA," "," "," ",128," ","I","0",33," "," ","0",100," "," ","0",67," "," ","0",-22," "," ","0",39," "," ","0",33," "," ","0",-39," "," ","0",28," "," ","0",-61," "," ","0",-78," "," ","0",-28," "," ","0",-11," "," ","0",28," "," ","0",44," "," ","0",39," "," ","0",89," "," ","0",50," "," ","0",172," "," ","0",89," "," ","0",56," "," ","0",61," "," ","0",44," "," ","0",39," "," ","0",33," "," ","0",11," "," ","0",72," "," ","0",94," "," ","0",94," "," ","0",NA," "," "," "
"3695","USC00413787",1997,4,"PRCP",0,"P"," ","0",0,"P"," ","0",368," "," ","0",244," "," ","0",0,"P"," ","0",0,"P"," ","0",0,"P"," ","0",0,"P"," ","0",15," "," ","0",0,"P"," ","0",15," "," ","0",0,"P"," ","0",0,"P"," ","0",0,"P"," ","0",0,"P"," ","0",0,"P"," ","0",0,"P"," ","0",0,"P"," ","0",0,"P"," ","0",0,"P"," ","0",0,"P"," ","0",124," "," ","0",8," "," ","0",201," "," ","0",269," "," ","0",157," "," ","0",0,"P"," ","0",0,"P"," ","0",0,"P"," ","0",0,"P"," ","0",NA," "," "," "
"3696","USC00413787",1997,4,"SNOW",0,"P"," ","0",0,"P"," ","0",0,"P"," ","0",0,"P"," ","0",0,"P"," ","0",0,"P"," ","0",0,"P"," ","0",0,"P"," ","0",0,"P"," ","0",0,"P"," ","0",0,"P"," ","0",0,"P"," ","0",0,"P"," ","0",0,"P"," ","0",0,"P"," ","0",0,"P"," ","0",0,"P"," ","0",0,"P"," ","0",0,"P"," ","0",0,"P"," ","0",0,"P"," ","0",0,"P"," ","0",0,"P"," ","0",0,"P"," ","0",0,"P"," ","0",0,"P"," ","0",0,"P"," ","0",0,"P"," ","0",0,"P"," ","0",0,"P"," ","0",NA," "," "," "
"3697","USC00413787",1997,4,"SNWD",0,"P"," ","0",0,"P"," ","0",0,"P"," ","0",0,"P"," ","0",0,"P"," ","0",0,"P"," ","0",0,"P"," ","0",0,"P"," ","0",0,"P"," ","0",0,"P"," ","0",0,"P"," ","0",0,"P"," ","0",0,"P"," ","0",0,"P"," ","0",0,"P"," ","0",0,"P"," ","0",0,"P"," ","0",0,"P"," ","0",0,"P"," ","0",0,"P"," ","0",0,"P"," ","0",0,"P"," ","0",0,"P"," ","0",0,"P"," ","0",0,"P"," ","0",0,"P"," ","0",0,"P"," ","0",0,"P"," ","0",0,"P"," ","0",0,"P"," ","0",NA," "," "," "
"3698","USC00413787",1997,5,"TMAX",189," "," ","0",233," "," ","0",172," "," ","0",200," "," ","0",NA," "," "," ",250," "," ","0",267," "," ","0",250," "," ","0",183," "," ","0",183," "," ","0",228," "," ","0",256," "," ","0",189," "," ","0",300," "," ","0",244," "," ","0",239," "," ","0",272," "," ","0",311," "," ","0",322," "," ","0",161," "," ","0",217," "," ","0",172," "," ","0",239," "," ","0",267," "," ","0",283," "," ","0",283," "," ","0",261," "," ","0",261," "," ","0",222," "," ","0",244," "," ","0",194," "," ","0"
"3699","USC00413787",1997,5,"TMIN",61," "," ","0",50," "," ","0",-6," "," ","0",61," "," ","0",NA," "," "," ",100," "," ","0",100," "," ","0",106," "," ","0",56," "," ","0",61," "," ","0",83," "," ","0",72," "," ","0",67," "," ","0",117," "," ","0",117," "," ","0",139," "," ","0",117," "," ","0",144," "," ","0",89," "," ","0",61," "," ","0",89," "," ","0",117," "," ","0",122," "," ","0",144," "," ","0",128," "," ","0",122," "," ","0",78," "," ","0",78," "," ","0",122," "," ","0",122," "," ","0",100," "," ","0"
"3700","USC00413787",1997,5,"TOBS",78," "," ","0",72," "," ","0",61," "," ","0",111," "," ","0",NA," "," "," ",111," "," ","0",139," "," ","0",117," "," ","0",67," "," ","0",89," "," ","0",189," "," ","0",72," "," ","0",122," "," ","0",139," "," ","0",133," "," ","0",133," "," ","0",144," "," ","0",200," "," ","0",89," "," ","0",89," "," ","0",133," "," ","0",122," "," ","0",156," "," ","0",156," "," ","0",144," "," ","0",133," "," ","0",122," "," ","0",122," "," ","0",144," "," ","0",128," "," ","0",106," "," ","0"
"3701","USC00413787",1997,5,"PRCP",0,"P"," ","0",0,"P"," ","0",0,"P"," ","0",0,"P"," ","0",0,"P"," ","0",0,"P"," ","0",241," "," ","0",0,"P"," ","0",0,"P"," ","0",0,"P"," ","0",0,"P"," ","0",0,"P"," ","0",15," "," ","0",0,"P"," ","0",28," "," ","0",0,"P"," ","0",0,"P"," ","0",0,"P"," ","0",15," "," ","0",0,"P"," ","0",0,"P"," ","0",48," "," ","0",74," "," ","0",0,"P"," ","0",25," "," ","0",0,"P"," ","0",0,"P"," ","0",0,"P"," ","0",135," "," ","0",15," "," ","0",0,"P"," ","0"
"3702","USC00413787",1997,5,"SNOW",0,"P"," ","0",0,"P"," ","0",0,"P"," ","0",0,"P"," ","0",0,"P"," ","0",0,"P"," ","0",0,"P"," ","0",0,"P"," ","0",0,"P"," ","0",0,"P"," ","0",0,"P"," ","0",0,"P"," ","0",0,"P"," ","0",0,"P"," ","0",0,"P"," ","0",0,"P"," ","0",0,"P"," ","0",0,"P"," ","0",0,"P"," ","0",0,"P"," ","0",0,"P"," ","0",0,"P"," ","0",0,"P"," ","0",0,"P"," ","0",0,"P"," ","0",0,"P"," ","0",0,"P"," ","0",0,"P"," ","0",0,"P"," ","0",0,"P"," ","0",0,"P"," ","0"
"3703","USC00413787",1997,5,"SNWD",0,"P"," ","0",0,"P"," ","0",0,"P"," ","0",0,"P"," ","0",0,"P"," ","0",0,"P"," ","0",0,"P"," ","0",0,"P"," ","0",0,"P"," ","0",0,"P"," ","0",0,"P"," ","0",0,"P"," ","0",0,"P"," ","0",0,"P"," ","0",0,"P"," ","0",0,"P"," ","0",0,"P"," ","0",0,"P"," ","0",0,"P"," ","0",0,"P"," ","0",0,"P"," ","0",0,"P"," ","0",0,"P"," ","0",0,"P"," ","0",0,"P"," ","0",0,"P"," ","0",0,"P"," ","0",0,"P"," ","0",0,"P"," ","0",0,"P"," ","0",0,"P"," ","0"
"3704","USC00413787",1997,6,"TMAX",250," "," ","0",300," "," ","0",300," "," ","0",244," "," ","0",228," "," ","0",256," "," ","0",256," "," ","0",256," "," ","0",228," "," ","0",211," "," ","0",222," "," ","0",333," "," ","0",283," "," ","0",267," "," ","0",278," "," ","0",306," "," ","0",244," "," ","0",289," "," ","0",322," "," ","0",356," "," ","0",367," "," ","0",344," "," ","0",289," "," ","0",300," "," ","0",356," "," ","0",311," "," ","0",306," "," ","0",306," "," ","0",344," "," ","0",367," "," ","0",NA," "," "," "
"3705","USC00413787",1997,6,"TMIN",106," "," ","0",106," "," ","0",106," "," ","0",122," "," ","0",117," "," ","0",117," "," ","0",144," "," ","0",128," "," ","0",128," "," ","0",128," "," ","0",133," "," ","0",156," "," ","0",122," "," ","0",139," "," ","0",139," "," ","0",128," "," ","0",111," "," ","0",139," "," ","0",172," "," ","0",161," "," ","0",178," "," ","0",156," "," ","0",156," "," ","0",178," "," ","0",156," "," ","0",106," "," ","0",144," "," ","0",167," "," ","0",172," "," ","0",189," "," ","0",NA," "," "," "
"3706","USC00413787",1997,6,"TOBS",217," "," ","0",161," "," ","0",161," "," ","0",122," "," ","0",133," "," ","0",144," "," ","0",172," "," ","0",161," "," ","0",133," "," ","0",133," "," ","0",178," "," ","0",189," "," ","0",139," "," ","0",156," "," ","0",156," "," ","0",150," "," ","0",139," "," ","0",172," "," ","0",206," "," ","0",206," "," ","0",194," "," ","0",189," "," ","0",172," "," ","0",200," "," ","0",156," "," ","0",150," "," ","0",167," "," ","0",172," "," ","0",222," "," ","0",211," "," ","0",NA," "," "," "
"3707","USC00413787",1997,6,"PRCP",0,"P"," ","0",0,"P"," ","0",0,"P"," ","0",0,"P"," ","0",0,"P"," ","0",0,"P"," ","0",0,"P"," ","0",0,"P"," ","0",58," "," ","0",229," "," ","0",15," "," ","0",3," "," ","0",0,"P"," ","0",0,"P"," ","0",18," "," ","0",5," "," ","0",170," "," ","0",0,"P"," ","0",0,"P"," ","0",0,"P"," ","0",0,"P"," ","0",0,"P"," ","0",0,"P"," ","0",8," "," ","0",0,"P"," ","0",0,"P"," ","0",0,"P"," ","0",0,"P"," ","0",0,"P"," ","0",15," "," ","0",NA," "," "," "
"3708","USC00413787",1997,6,"SNOW",0,"P"," ","0",0,"P"," ","0",0,"P"," ","0",0,"P"," ","0",0,"P"," ","0",0,"P"," ","0",0,"P"," ","0",0,"P"," ","0",0,"P"," ","0",0,"P"," ","0",0,"P"," ","0",0,"P"," ","0",0,"P"," ","0",0,"P"," ","0",0,"P"," ","0",0,"P"," ","0",0,"P"," ","0",0,"P"," ","0",0,"P"," ","0",0,"P"," ","0",0,"P"," ","0",0,"P"," ","0",0,"P"," ","0",0,"P"," ","0",0,"P"," ","0",0,"P"," ","0",0,"P"," ","0",0,"P"," ","0",0,"P"," ","0",0,"P"," ","0",NA," "," "," "
"3709","USC00413787",1997,6,"SNWD",0,"P"," ","0",0,"P"," ","0",0,"P"," ","0",0,"P"," ","0",0,"P"," ","0",0,"P"," ","0",0,"P"," ","0",0,"P"," ","0",0,"P"," ","0",0,"P"," ","0",0,"P"," ","0",0,"P"," ","0",0,"P"," ","0",0,"P"," ","0",0,"P"," ","0",0,"P"," ","0",0,"P"," ","0",0,"P"," ","0",0,"P"," ","0",0,"P"," ","0",0,"P"," ","0",0,"P"," ","0",0,"P"," ","0",0,"P"," ","0",0,"P"," ","0",0,"P"," ","0",0,"P"," ","0",0,"P"," ","0",0,"P"," ","0",0,"P"," ","0",NA," "," "," "
"3710","USC00413787",1997,7,"TMAX",389," "," ","0",394," "," ","0",317," "," ","0",317," "," ","0",317," "," ","0",278," "," ","0",294," "," ","0",339," "," ","0",350," "," ","0",339," "," ","0",333," "," ","0",339," "," ","0",367," "," ","0",356," "," ","0",361," "," ","0",367," "," ","0",389," "," ","0",394," "," ","0",367," "," ","0",356," "," ","0",333," "," ","0",306," "," ","0",328," "," ","0",328," "," ","0",350," "," ","0",350," "," ","0",356," "," ","0",361," "," ","0",361," "," ","0",294," "," ","0",283," "," ","0"
"3711","USC00413787",1997,7,"TMIN",211," "," ","0",156," "," ","0",194," "," ","0",133," "," ","0",133," "," ","0",111," "," ","0",111," "," ","0",172," "," ","0",167," "," ","0",189," "," ","0",194," "," ","0",194," "," ","0",200," "," ","0",211," "," ","0",183," "," ","0",194," "," ","0",178," "," ","0",178," "," ","0",200," "," ","0",183," "," ","0",183," "," ","0",189," "," ","0",183," "," ","0",183," "," ","0",206," "," ","0",194," "," ","0",211," "," ","0",200," "," ","0",183," "," ","0",178," "," ","0",183," "," ","0"
"3712","USC00413787",1997,7,"TOBS",244," "," ","0",206," "," ","0",222," "," ","0",172," "," ","0",189," "," ","0",167," "," ","0",189," "," ","0",194," "," ","0",189," "," ","0",206," "," ","0",200," "," ","0",194," "," ","0",272," "," ","0",222," "," ","0",194," "," ","0",217," "," ","0",206," "," ","0",211," "," ","0",244," "," ","0",194," "," ","0",189," "," ","0",206," "," ","0",194," "," ","0",206," "," ","0",211," "," ","0",211," "," ","0",244," "," ","0",217," "," ","0",189," "," ","0",189," "," ","0",189," "," ","0"
"3713","USC00413787",1997,7,"PRCP",0,"P"," ","0",0,"P"," ","0",0,"P"," ","0",0,"P"," ","0",0,"P"," ","0",5," "," ","0",0,"P"," ","0",0,"P"," ","0",0,"P"," ","0",0,"P"," ","0",0,"P"," ","0",0,"P"," ","0",0,"P"," ","0",0,"P"," ","0",0,"P"," ","0",0,"P"," ","0",0,"P"," ","0",0,"P"," ","0",0,"P"," ","0",38," "," ","0",287," "," ","0",0,"P"," ","0",0,"P"," ","0",0,"P"," ","0",0,"P"," ","0",0,"P"," ","0",0,"P"," ","0",0,"P"," ","0",30," "," ","0",246," "," ","0",23," "," ","0"
"3714","USC00413787",1997,7,"SNOW",0,"P"," ","0",0,"P"," ","0",0,"P"," ","0",0,"P"," ","0",0,"P"," ","0",0,"P"," ","0",0,"P"," ","0",0,"P"," ","0",0,"P"," ","0",0,"P"," ","0",0,"P"," ","0",0,"P"," ","0",0,"P"," ","0",0,"P"," ","0",0,"P"," ","0",0,"P"," ","0",0,"P"," ","0",0,"P"," ","0",0,"P"," ","0",0,"P"," ","0",0,"P"," ","0",0,"P"," ","0",0,"P"," ","0",0,"P"," ","0",0,"P"," ","0",0,"P"," ","0",0,"P"," ","0",0,"P"," ","0",0,"P"," ","0",0,"P"," ","0",0,"P"," ","0"
"3715","USC00413787",1997,7,"SNWD",0,"P"," ","0",0,"P"," ","0",0,"P"," ","0",0,"P"," ","0",0,"P"," ","0",0,"P"," ","0",0,"P"," ","0",0,"P"," ","0",0,"P"," ","0",0,"P"," ","0",0,"P"," ","0",0,"P"," ","0",0,"P"," ","0",0,"P"," ","0",0,"P"," ","0",0,"P"," ","0",0,"P"," ","0",0,"P"," ","0",0,"P"," ","0",0,"P"," ","0",0,"P"," ","0",0,"P"," ","0",0,"P"," ","0",0,"P"," ","0",0,"P"," ","0",0,"P"," ","0",0,"P"," ","0",0,"P"," ","0",0,"P"," ","0",0,"P"," ","0",0,"P"," ","0"
"3716","USC00413787",1997,8,"TMAX",306," "," ","0",333," "," ","0",344," "," ","0",328," "," ","0",333," "," ","0",294," "," ","0",294," "," ","0",194," "," ","0",278," "," ","0",344," "," ","0",228," "," ","0",294," "," ","0",283," "," ","0",317," "," ","0",339," "," ","0",350," "," ","0",261," "," ","0",272," "," ","0",317," "," ","0",328," "," ","0",NA," "," "," ",328," "," ","0",311," "," ","0",317," "," ","0",328," "," ","0",333," "," ","0",339," "," ","0",339," "," ","0",344," "," ","0",344," "," ","0",194," ","S","0"
"3717","USC00413787",1997,8,"TMIN",183," "," ","0",194," "," ","0",189," "," ","0",183," "," ","0",183," "," ","0",183," "," ","0",128," "," ","0",128," "," ","0",139," "," ","0",172," "," ","0",172," "," ","0",161," "," ","0",167," "," ","0",161," "," ","0",167," "," ","0",172," "," ","0",189," "," ","0",172," "," ","0",172," "," ","0",178," "," ","0",NA," "," "," ",189," "," ","0",183," "," ","0",172," "," ","0",183," "," ","0",183," "," ","0",161," "," ","0",161," "," ","0",172," "," ","0",178," "," ","0",78," ","S","0"
"3718","USC00413787",1997,8,"TOBS",194," "," ","0",200," "," ","0",244," "," ","0",194," "," ","0",206," "," ","0",183," "," ","0",133," "," ","0",139," "," ","0",183," "," ","0",178," "," ","0",178," "," ","0",167," "," ","0",183," "," ","0",161," "," ","0",172," "," ","0",200," "," ","0",194," "," ","0",172," "," ","0",194," "," ","0",183," "," ","0",NA," "," "," ",194," "," ","0",189," "," ","0",206," "," ","0",189," "," ","0",194," "," ","0",167," "," ","0",172," "," ","0",178," "," ","0",189," "," ","0",189," "," ","0"
"3719","USC00413787",1997,8,"PRCP",0,"P"," ","0",0,"P"," ","0",0,"P"," ","0",0,"P"," ","0",0,"T"," ","0",94," "," ","0",94," "," ","0",0,"P"," ","0",0,"P"," ","0",0,"P"," ","0",323," "," ","0",201," "," ","0",15," "," ","0",0,"P"," ","0",0,"P"," ","0",0,"P"," ","0",0,"T"," ","0",0,"P"," ","0",0,"P"," ","0",0,"P"," ","0",0,"P"," ","0",0,"P"," ","0",0,"P"," ","0",0,"P"," ","0",0,"P"," ","0",0,"P"," ","0",0,"P"," ","0",0,"P"," ","0",0,"P"," ","0",0,"P"," ","0",97," "," ","0"
"3720","USC00413787",1997,8,"SNOW",0,"P"," ","0",0,"P"," ","0",0,"P"," ","0",0,"P"," ","0",0,"P"," ","0",0,"P"," ","0",0,"P"," ","0",0,"P"," ","0",0,"P"," ","0",0,"P"," ","0",0,"P"," ","0",0,"P"," ","0",0,"P"," ","0",0,"P"," ","0",0,"P"," ","0",0,"P"," ","0",0,"P"," ","0",0,"P"," ","0",0,"P"," ","0",0,"P"," ","0",0,"P"," ","0",0,"P"," ","0",0,"P"," ","0",0,"P"," ","0",0,"P"," ","0",0,"P"," ","0",0,"P"," ","0",0,"P"," ","0",0,"P"," ","0",0,"P"," ","0",0,"P"," ","0"
"3721","USC00413787",1997,8,"SNWD",NA," "," "," ",0,"P"," ","0",0,"P"," ","0",0,"P"," ","0",0,"P"," ","0",0,"P"," ","0",0,"P"," ","0",0,"P"," ","0",0,"P"," ","0",0,"P"," ","0",0,"P"," ","0",0,"P"," ","0",0,"P"," ","0",0,"P"," ","0",0,"P"," ","0",0,"P"," ","0",0,"P"," ","0",0,"P"," ","0",0,"P"," ","0",0,"P"," ","0",0,"P"," ","0",0,"P"," ","0",0,"P"," ","0",0,"P"," ","0",0,"P"," ","0",0,"P"," ","0",0,"P"," ","0",0,"P"," ","0",0,"P"," ","0",0,"P"," ","0",0,"P"," ","0"
"3722","USC00413787",1997,9,"TMAX",306," "," ","0",333," "," ","0",278," "," ","0",244," "," ","0",272," "," ","0",317," "," ","0",344," "," ","0",333," "," ","0",344," "," ","0",233," "," ","0",283," "," ","0",NA," "," "," ",NA," "," "," ",NA," "," "," ",NA," "," "," ",NA," "," "," ",311," "," ","0",322," "," ","0",383," "," ","0",NA," "," "," ",NA," "," "," ",NA," "," "," ",NA," "," "," ",306," "," ","0",194," "," ","0",261," "," ","0",317," "," ","0",322," "," ","0",239," "," ","0",NA," "," "," ",NA," "," "," "
"3723","USC00413787",1997,9,"TMIN",83," "," ","0",167," "," ","0",183," "," ","0",178," "," ","0",167," "," ","0",167," "," ","0",167," "," ","0",167," "," ","0",161," "," ","0",156," "," ","0",156," "," ","0",NA," "," "," ",NA," "," "," ",NA," "," "," ",NA," "," "," ",NA," "," "," ",156," "," ","0",161," "," ","0",167," "," ","0",NA," "," "," ",NA," "," "," ",NA," "," "," ",NA," "," "," ",117," "," ","0",72," "," ","0",78," "," ","0",106," "," ","0",139," "," ","0",89," "," ","0",NA," "," "," ",NA," "," "," "
"3724","USC00413787",1997,9,"TOBS",183," "," ","0",189," "," ","0",183," "," ","0",183," "," ","0",178," "," ","0",217," "," ","0",178," "," ","0",172," "," ","0",161," "," ","0",167," "," ","0",161," "," ","0",183," "," ","0",NA," "," "," ",NA," "," "," ",NA," "," "," ",NA," "," "," ",161," "," ","0",167," "," ","0",228," "," ","0",NA," "," "," ",NA," "," "," ",NA," "," "," ",NA," "," "," ",117," "," ","0",78," "," ","0",106," "," ","0",194," "," ","0",144," "," ","0",89," "," ","0",NA," "," "," ",NA," "," "," "
"3725","USC00413787",1997,9,"PRCP",0,"P"," ","0",0,"P"," ","0",0,"P"," ","0",0,"P"," ","0",0,"P"," ","0",0,"P"," ","0",0,"P"," ","0",0,"P"," ","0",0,"P"," ","0",0,"P"," ","0",0,"P"," ","0",132," "," ","0",0,"P"," ","0",0,"P"," ","0",0,"P"," ","0",0,"P"," ","0",0,"P"," ","0",0,"P"," ","0",0,"P"," ","0",193," "," ","0",56," "," ","0",38," "," ","0",66," "," ","0",0,"P"," ","0",0,"P"," ","0",0,"P"," ","0",0,"P"," ","0",0,"P"," ","0",0,"P"," ","0",0,"P"," ","0",NA," "," "," "
"3726","USC00413787",1997,9,"SNOW",0,"P"," ","0",0,"P"," ","0",0,"P"," ","0",0,"P"," ","0",0,"P"," ","0",0,"P"," ","0",0,"P"," ","0",0,"P"," ","0",0,"P"," ","0",0,"P"," ","0",0,"P"," ","0",0,"P"," ","0",0,"P"," ","0",0,"P"," ","0",0,"P"," ","0",0,"P"," ","0",0,"P"," ","0",0,"P"," ","0",0,"P"," ","0",0,"P"," ","0",0,"P"," ","0",0,"P"," ","0",0,"P"," ","0",0,"P"," ","0",0,"P"," ","0",0,"P"," ","0",0,"P"," ","0",0,"P"," ","0",0,"P"," ","0",0,"P"," ","0",NA," "," "," "
"3727","USC00413787",1997,9,"SNWD",0,"P"," ","0",0,"P"," ","0",0,"P"," ","0",0,"P"," ","0",0,"P"," ","0",0,"P"," ","0",0,"P"," ","0",0,"P"," ","0",0,"P"," ","0",0,"P"," ","0",0,"P"," ","0",0,"P"," ","0",0,"P"," ","0",0,"P"," ","0",0,"P"," ","0",0,"P"," ","0",0,"P"," ","0",0,"P"," ","0",0,"P"," ","0",0,"P"," ","0",0,"P"," ","0",0,"P"," ","0",0,"P"," ","0",0,"P"," ","0",0,"P"," ","0",0,"P"," ","0",0,"P"," ","0",0,"P"," ","0",0,"P"," ","0",0,"P"," ","0",NA," "," "," "
"3728","USC00413787",1997,10,"TMAX",300," "," ","0",NA," "," "," ",317," "," ","0",328," "," ","0",294," "," ","0",267," "," ","0",272," "," ","0",256," "," ","0",250," "," ","0",250," "," ","0",256," "," ","0",228," "," ","0",194," "," ","0",178," "," ","0",228," "," ","0",239," "," ","0",189," "," ","0",206," "," ","0",256," "," ","0",167," "," ","0",144," "," ","0",128," "," ","0",206," "," ","0",189," "," ","0",206," "," ","0",6," "," ","0",33," "," ","0",178," "," ","0",167," "," ","0",211," "," ","0",200," "," ","0"
"3729","USC00413787",1997,10,"TMIN",89," "," ","0",NA," "," "," ",133," "," ","0",117," "," ","0",122," "," ","0",122," "," ","0",167," "," ","0",144," "," ","0",56," "," ","0",50," "," ","0",167," "," ","0",111," "," ","0",17," "," ","0",28," "," ","0",22," "," ","0",28," "," ","0",17," "," ","0",17," "," ","0",72," "," ","0",61," "," ","0",61," "," ","0",33," "," ","0",33," "," ","0",56," "," ","0",6," "," ","0",-100," "," ","0",-56," "," ","0",-44," "," ","0",-17," "," ","0",-6," "," ","0",6," "," ","0"
"3730","USC00413787",1997,10,"TOBS",133," "," ","0",NA," "," "," ",172," "," ","0",122," "," ","0",161," "," ","0",167," "," ","0",167," "," ","0",150," "," ","0",56," "," ","0",183," "," ","0",178," "," ","0",122," "," ","0",33," "," ","0",33," "," ","0",33," "," ","0",50," "," ","0",22," "," ","0",72," "," ","0",94," "," ","0",67," "," ","0",61," "," ","0",33," "," ","0",94," "," ","0",56," "," ","0",6," "," ","0",-11," "," ","0",-44," "," ","0",11," "," ","0",-6," "," ","0",11," "," ","0",61," "," ","0"
"3731","USC00413787",1997,10,"PRCP",0,"P"," ","0",0,"P"," ","0",0,"P"," ","0",0,"P"," ","0",0,"P"," ","0",0,"P"," ","0",0,"P"," ","0",23," "," ","0",0,"P"," ","0",0,"P"," ","0",0,"T"," ","0",18," "," ","0",0,"P"," ","0",0,"P"," ","0",0,"P"," ","0",0,"P"," ","0",0,"P"," ","0",0,"P"," ","0",0,"P"," ","0",0,"P"," ","0",0,"P"," ","0",5," "," ","0",0,"P"," ","0",0,"P"," ","0",48," "," ","0",132," "," ","0",0,"P"," ","0",0,"P"," ","0",0,"P"," ","0",0,"P"," ","0",0,"P"," ","0"
"3732","USC00413787",1997,10,"SNOW",0,"P"," ","0",0,"P"," ","0",0,"P"," ","0",0,"P"," ","0",0,"P"," ","0",0,"P"," ","0",0,"P"," ","0",0,"P"," ","0",0,"P"," ","0",0,"P"," ","0",0,"P"," ","0",0,"P"," ","0",0,"P"," ","0",0,"P"," ","0",0,"P"," ","0",0,"P"," ","0",0,"P"," ","0",0,"P"," ","0",0,"P"," ","0",0,"P"," ","0",0,"P"," ","0",0,"P"," ","0",0,"P"," ","0",0,"P"," ","0",0,"P"," ","0",0,"P"," ","0",0,"P"," ","0",0,"P"," ","0",0,"P"," ","0",0,"P"," ","0",0,"P"," ","0"
"3733","USC00413787",1997,10,"SNWD",0,"P"," ","0",0,"P"," ","0",0,"P"," ","0",0,"P"," ","0",0,"P"," ","0",0,"P"," ","0",0,"P"," ","0",0,"P"," ","0",0,"P"," ","0",0,"P"," ","0",0,"P"," ","0",0,"P"," ","0",0,"P"," ","0",0,"P"," ","0",0,"P"," ","0",0,"P"," ","0",0,"P"," ","0",0,"P"," ","0",0,"P"," ","0",0,"P"," ","0",0,"P"," ","0",0,"P"," ","0",0,"P"," ","0",0,"P"," ","0",0,"P"," ","0",0,"P"," ","0",0,"P"," ","0",0,"P"," ","0",0,"P"," ","0",0,"P"," ","0",0,"P"," ","0"
"3734","USC00413787",1997,11,"TMAX",278," "," ","0",161," "," ","0",133," "," ","0",183," "," ","0",233," "," ","0",161," "," ","0",178," "," ","0",211," "," ","0",161," "," ","0",161," "," ","0",6," "," ","0",44," "," ","0",22," "," ","0",50," "," ","0",-44," "," ","0",0," "," ","0",56," "," ","0",139," "," ","0",100," "," ","0",167," "," ","0",156," "," ","0",133," "," ","0",133," "," ","0",139," "," ","0",183," "," ","0",206," "," ","0",83," "," ","0",156," "," ","0",78," "," ","0",78," "," ","0",NA," "," "," "
"3735","USC00413787",1997,11,"TMIN",50," "," ","0",28," "," ","0",-28," "," ","0",-11," "," ","0",17," "," ","0",-33," "," ","0",-28," "," ","0",6," "," ","0",17," "," ","0",-56," "," ","0",-39," "," ","0",-28," "," ","0",-11," "," ","0",-56," "," ","0",-78," "," ","0",-100," "," ","0",-72," "," ","0",-67," "," ","0",-44," "," ","0",-6," "," ","0",-6," "," ","0",-33," "," ","0",-67," "," ","0",-33," "," ","0",-28," "," ","0",-17," "," ","0",22," "," ","0",-11," "," ","0",-6," "," ","0",-6," "," ","0",NA," "," "," "
"3736","USC00413787",1997,11,"TOBS",61," "," ","0",44," "," ","0",-11," "," ","0",28," "," ","0",39," "," ","0",-33," "," ","0",33," "," ","0",67," "," ","0",17," "," ","0",-39," "," ","0",-28," "," ","0",-11," "," ","0",22," "," ","0",-56," "," ","0",-72," "," ","0",-72," "," ","0",-67," "," ","0",-44," "," ","0",17," "," ","0",6," "," ","0",11," "," ","0",-17," "," ","0",0," "," ","0",-28," "," ","0",-22," "," ","0",33," "," ","0",61," "," ","0",-6," "," ","0",28," "," ","0",6," "," ","0",NA," "," "," "
"3737","USC00413787",1997,11,"PRCP",0,"P"," ","0",0,"P"," ","0",0,"P"," ","0",0,"P"," ","0",0,"P"," ","0",0,"P"," ","0",0,"P"," ","0",0,"P"," ","0",0,"P"," ","0",20," "," ","0",0,"P"," ","0",46," "," ","0",0,"P"," ","0",8," "," ","0",10," "," ","0",0,"P"," ","0",0,"P"," ","0",0,"P"," ","0",0,"P"," ","0",0,"P"," ","0",0,"P"," ","0",0,"P"," ","0",0,"P"," ","0",0,"P"," ","0",0,"P"," ","0",0,"P"," ","0",0,"P"," ","0",0,"P"," ","0",76," "," ","0",3," "," ","0",NA," "," "," "
"3738","USC00413787",1997,11,"SNOW",0,"P"," ","0",0,"P"," ","0",0,"P"," ","0",0,"P"," ","0",0,"P"," ","0",0,"P"," ","0",0,"P"," ","0",0,"P"," ","0",0,"P"," ","0",0,"P"," ","0",0,"P"," ","0",NA," "," "," ",0,"P"," ","0",0,"P"," ","0",NA," "," "," ",0,"P"," ","0",0,"P"," ","0",0,"P"," ","0",0,"P"," ","0",0,"P"," ","0",0,"P"," ","0",0,"P"," ","0",0,"P"," ","0",0,"P"," ","0",0,"P"," ","0",0,"P"," ","0",0,"P"," ","0",0,"P"," ","0",0,"P"," ","0",0,"P"," ","0",NA," "," "," "
"3739","USC00413787",1997,11,"SNWD",0,"P"," ","0",0,"P"," ","0",0,"P"," ","0",0,"P"," ","0",0,"P"," ","0",0,"P"," ","0",0,"P"," ","0",0,"P"," ","0",0,"P"," ","0",0,"P"," ","0",0,"P"," ","0",25," "," ","0",NA," "," "," ",NA," "," "," ",25," "," ","0",NA," "," "," ",NA," "," "," ",NA," "," "," ",0,"P"," ","0",0,"P"," ","0",0,"P"," ","0",0,"P"," ","0",0,"P"," ","0",0,"P"," ","0",0,"P"," ","0",0,"P"," ","0",0,"P"," ","0",0,"P"," ","0",0,"P"," ","0",0,"P"," ","0",NA," "," "," "
"3740","USC00413787",1997,12,"TMAX",117," "," ","0",117," "," ","0",44," "," ","0",44," "," ","0",72," "," ","0",0," "," ","0",44," "," ","0",44," "," ","0",94," "," ","0",11," "," ","0",-17," "," ","0",-11," "," ","0",33," "," ","0",94," "," ","0",156," "," ","0",206," "," ","0",122," "," ","0",144," "," ","0",167," "," ","0",106," "," ","0",-11," "," ","0",6," "," ","0",22," "," ","0",22," "," ","0",0," "," ","0",0," "," ","0",6," "," ","0",17," "," ","0",17," "," ","0",56," "," ","0",44," "," ","0"
"3741","USC00413787",1997,12,"TMIN",-22," "," ","0",-22," "," ","0",-28," "," ","0",-56," "," ","0",-78," "," ","0",-78," "," ","0",-44," "," ","0",-39," "," ","0",-39," "," ","0",-50," "," ","0",-44," "," ","0",-106," "," ","0",-100," "," ","0",-44," "," ","0",-44," "," ","0",-33," "," ","0",-50," "," ","0",-50," "," ","0",-28," "," ","0",-22," "," ","0",-33," "," ","0",-33," "," ","0",-17," "," ","0",-33," "," ","0",-44," "," ","0",-128," "," ","0",-133," "," ","0",-111," "," ","0",-111," "," ","0",-44," "," ","0",-61," "," ","0"
"3742","USC00413787",1997,12,"TOBS",-6," "," ","0",39," "," ","0",-28," "," ","0",-50," "," ","0",-78," "," ","0",-17," "," ","0",0," "," ","0",-17," "," ","0",6," "," ","0",-33," "," ","0",-44," "," ","0",-100," "," ","0",-33," "," ","0",-44," "," ","0",-28," "," ","0",6," "," ","0",-50," "," ","0",-28," "," ","0",0," "," ","0",-22," "," ","0",-22," "," ","0",6," "," ","0",-17," "," ","0",-22," "," ","0",-28," "," ","0",-67," "," ","0",-111," "," ","0",-17," "," ","0",-44," "," ","0",-33," "," ","0",-44," "," ","0"
"3743","USC00413787",1997,12,"PRCP",0,"P"," ","0",0,"P"," ","0",114," "," ","0",0,"P"," ","0",0,"P"," ","0",0,"P"," ","0",0,"P"," ","0",0,"P"," ","0",0,"P"," ","0",0,"P"," ","0",51," "," ","0",0,"P"," ","0",0,"P"," ","0",0,"P"," ","0",0,"P"," ","0",0,"P"," ","0",0,"P"," ","0",0,"P"," ","0",0,"P"," ","0",0,"P"," ","0",71," "," ","0",25," "," ","0",132," "," ","0",203," "," ","0",0,"P"," ","0",0,"P"," ","0",0,"P"," ","0",0,"P"," ","0",0,"P"," ","0",0,"P"," ","0",0,"P"," ","0"
"3744","USC00413787",1997,12,"SNOW",0,"P"," ","0",0,"P"," ","0",13," "," ","0",0,"P"," ","0",0,"P"," ","0",0,"P"," ","0",0,"P"," ","0",0,"P"," ","0",0,"P"," ","0",0,"P"," ","0",51," "," ","0",0,"P"," ","0",0,"P"," ","0",0,"P"," ","0",0,"P"," ","0",0,"P"," ","0",0,"P"," ","0",0,"P"," ","0",0,"P"," ","0",0,"P"," ","0",0,"P"," ","0",0,"P"," ","0",152," "," ","0",305," "," ","0",0,"P"," ","0",0,"P"," ","0",0,"P"," ","0",0,"P"," ","0",0,"P"," ","0",0,"P"," ","0",0,"P"," ","0"
"3745","USC00413787",1997,12,"SNWD",0,"P"," ","0",0,"P"," ","0",25," "," ","0",NA," "," "," ",NA," "," "," ",0,"P"," ","0",0,"P"," ","0",0,"P"," ","0",0,"P"," ","0",0,"P"," ","0",NA," "," "," ",NA," "," "," ",NA," "," "," ",NA," "," "," ",NA," "," "," ",0,"P"," ","0",0,"P"," ","0",0,"P"," ","0",0,"P"," ","0",0,"P"," ","0",0,"P"," ","0",0,"P"," ","0",NA," "," "," ",NA," "," "," ",NA," "," "," ",NA," "," "," ",NA," "," "," ",NA," "," "," ",NA," "," "," ",NA," "," "," ",NA," "," "," "
"3746","USC00413787",1998,1,"TMAX",50," "," ","0",89," "," ","0",111," "," ","0",128," "," ","0",22," "," ","0",139," "," ","0",61," "," ","0",100," "," ","0",17," "," ","0",17," "," ","0",-11," "," ","0",-11," "," ","0",0," "," ","0",89," "," ","0",133," "," ","0",NA," "," "," ",100," "," ","0",139," "," ","0",117," "," ","0",167," "," ","0",117," "," ","0",44," "," ","0",83," "," ","0",94," "," ","0",144," "," ","0",122," "," ","0",139," "," ","0",167," "," ","0",167," "," ","0",167," "," ","0",178," "," ","0"
"3747","USC00413787",1998,1,"TMIN",-50," "," ","0",-22," "," ","0",-6," "," ","0",-39," "," ","0",-39," "," ","0",-39," "," ","0",-83," "," ","0",-78," "," ","0",-89," "," ","0",-72," "," ","0",-78," "," ","0",-67," "," ","0",-72," "," ","0",-72," "," ","0",-67," "," ","0",NA," "," "," ",-39," "," ","0",-39," "," ","0",-44," "," ","0",-44," "," ","0",-44," "," ","0",-39," "," ","0",-56," "," ","0",-72," "," ","0",-22," "," ","0",-22," "," ","0",-44," "," ","0",-39," "," ","0",-50," "," ","0",-50," "," ","0",-6," "," ","0"
"3748","USC00413787",1998,1,"TOBS",-6," "," ","0",-6," "," ","0",67," "," ","0",-6," "," ","0",-6," "," ","0",-33," "," ","0",-78," "," ","0",-44," "," ","0",-72," "," ","0",-33," "," ","0",-67," "," ","0",-67," "," ","0",-39," "," ","0",-67," "," ","0",6," "," ","0",NA," "," "," ",-17," "," ","0",50," "," ","0",-39," "," ","0",56," "," ","0",-39," "," ","0",-33," "," ","0",-56," "," ","0",6," "," ","0",-6," "," ","0",-22," "," ","0",-39," "," ","0",33," "," ","0",-50," "," ","0",-6," "," ","0",50," "," ","0"
"3749","USC00413787",1998,1,"PRCP",0,"P"," ","0",0,"P"," ","0",0,"P"," ","0",0,"P"," ","0",0,"P"," ","0",0,"P"," ","0",0,"P"," ","0",0,"P"," ","0",0,"P"," ","0",0,"T"," ","0",0,"P"," ","0",0,"P"," ","0",0,"P"," ","0",0,"P"," ","0",0,"P"," ","0",0," "," ","0",0,"P"," ","0",0,"P"," ","0",0,"P"," ","0",0,"P"," ","0",0,"P"," ","0",0,"P"," ","0",0,"P"," ","0",0,"P"," ","0",0,"P"," ","0",0,"P"," ","0",0,"P"," ","0",0,"P"," ","0",0,"P"," ","0",0,"P"," ","0",0,"P"," ","0"
"3750","USC00413787",1998,1,"SNOW",0,"P"," ","0",0,"P"," ","0",0,"P"," ","0",0,"P"," ","0",0,"P"," ","0",0,"P"," ","0",0,"P"," ","0",0,"P"," ","0",0,"P"," ","0",0,"P"," ","0",0,"P"," ","0",0,"P"," ","0",0,"P"," ","0",0,"P"," ","0",0,"P"," ","0",0,"P"," ","0",0,"P"," ","0",0,"P"," ","0",0,"P"," ","0",0,"P"," ","0",0,"P"," ","0",0,"P"," ","0",0,"P"," ","0",0,"P"," ","0",0,"P"," ","0",0,"P"," ","0",0,"P"," ","0",0,"P"," ","0",0,"P"," ","0",0,"P"," ","0",0,"P"," ","0"
"3751","USC00413787",1998,1,"SNWD",NA," "," "," ",NA," "," "," ",NA," "," "," ",NA," "," "," ",NA," "," "," ",NA," "," "," ",NA," "," "," ",NA," "," "," ",NA," "," "," ",NA," "," "," ",NA," "," "," ",NA," "," "," ",NA," "," "," ",NA," "," "," ",0,"P"," ","0",0,"P"," ","0",0,"P"," ","0",0,"P"," ","0",0,"P"," ","0",0,"P"," ","0",0,"P"," ","0",0,"P"," ","0",0,"P"," ","0",0,"P"," ","0",0,"P"," ","0",0,"P"," ","0",0,"P"," ","0",0,"P"," ","0",0,"P"," ","0",0,"P"," ","0",0,"P"," ","0"
"3752","USC00413787",1998,2,"TMAX",100," "," ","0",128," "," ","0",150," "," ","0",33," "," ","0",22," "," ","0",-17," "," ","0",28," "," ","0",56," "," ","0",128," "," ","0",150," "," ","0",67," "," ","0",133," "," ","0",111," "," ","0",139," "," ","0",156," "," ","0",83," "," ","0",83," "," ","0",94," "," ","0",89," "," ","0",NA," "," "," ",NA," "," "," ",NA," "," "," ",106," "," ","0",200," "," ","0",239," "," ","0",167," "," ","0",106," "," ","0",83," "," ","0",NA," "," "," ",NA," "," "," ",NA," "," "," "
"3753","USC00413787",1998,2,"TMIN",-28," "," ","0",-28," "," ","0",-44," "," ","0",-39," "," ","0",-39," "," ","0",-33," "," ","0",-67," "," ","0",-33," "," ","0",6," "," ","0",-17," "," ","0",-39," "," ","0",-39," "," ","0",-33," "," ","0",-33," "," ","0",44," ","I","0",22," "," ","0",17," "," ","0",-6," "," ","0",0," "," ","0",NA," "," "," ",NA," "," "," ",NA," "," "," ",-6," "," ","0",-6," "," ","0",-6," "," ","0",0," "," ","0",-83," "," ","0",-50," "," ","0",NA," "," "," ",NA," "," "," ",NA," "," "," "
"3754","USC00413787",1998,2,"TOBS",72," "," ","0",-11," "," ","0",-22," "," ","0",-33," "," ","0",-28," "," ","0",-33," "," ","0",-6," "," ","0",6," "," ","0",33," "," ","0",28," "," ","0",-33," "," ","0",33," "," ","0",-6," "," ","0",28," ","I","0",78," "," ","0",22," "," ","0",17," "," ","0",6," "," ","0",0," "," ","0",NA," "," "," ",NA," "," "," ",NA," "," "," ",-6," "," ","0",11," "," ","0",56," "," ","0",17," "," ","0",-44," "," ","0",6," "," ","0",NA," "," "," ",NA," "," "," ",NA," "," "," "
"3755","USC00413787",1998,2,"PRCP",0,"P"," ","0",0,"P"," ","0",0,"P"," ","0",0,"P"," ","0",18," "," ","0",0,"T"," ","0",0,"P"," ","0",0,"P"," ","0",0,"P"," ","0",0,"P"," ","0",0,"P"," ","0",0,"T"," ","0",0,"P"," ","0",0,"P"," ","0",0,"P"," ","0",30," "," ","0",71," "," ","0",0,"P"," ","0",20," "," ","0",0,"P"," ","0",0,"P"," ","0",0,"P"," ","0",0,"P"," ","0",0,"P"," ","0",0,"P"," ","0",0,"P"," ","0",30," "," ","0",0,"P"," ","0",NA," "," "," ",NA," "," "," ",NA," "," "," "
"3756","USC00413787",1998,2,"SNOW",0,"P"," ","0",0,"P"," ","0",0,"P"," ","0",0,"P"," ","0",NA," "," "," ",0,"P"," ","0",0,"P"," ","0",0,"P"," ","0",0,"P"," ","0",0,"P"," ","0",0,"P"," ","0",0,"P"," ","0",0,"P"," ","0",0,"P"," ","0",0,"P"," ","0",0,"P"," ","0",0,"P"," ","0",0,"P"," ","0",0,"P"," ","0",0,"P"," ","0",0,"P"," ","0",0,"P"," ","0",0,"P"," ","0",0,"P"," ","0",0,"P"," ","0",0,"P"," ","0",38," "," ","0",0,"P"," ","0",NA," "," "," ",NA," "," "," ",NA," "," "," "
"3757","USC00413787",1998,2,"SNWD",0,"P"," ","0",0,"P"," ","0",0,"P"," ","0",0,"P"," ","0",25," "," ","0",NA," "," "," ",NA," "," "," ",NA," "," "," ",NA," "," "," ",0,"P"," ","0",0,"P"," ","0",0,"P"," ","0",0,"P"," ","0",0,"P"," ","0",0,"P"," ","0",0,"P"," ","0",0,"P"," ","0",0,"P"," ","0",0,"P"," ","0",0,"P"," ","0",0,"P"," ","0",0,"P"," ","0",0,"P"," ","0",0,"P"," ","0",0,"P"," ","0",0,"P"," ","0",51," "," ","0",NA," "," "," ",NA," "," "," ",NA," "," "," ",NA," "," "," "
"3758","USC00413787",1998,2,"WT01",NA," "," "," ",NA," "," "," ",1," "," ","0",1," "," ","0",NA," "," "," ",NA," "," "," ",NA," "," "," ",NA," "," "," ",NA," "," "," ",NA," "," "," ",NA," "," "," ",NA," "," "," ",NA," "," "," ",NA," "," "," ",NA," "," "," ",NA," "," "," ",NA," "," "," ",NA," "," "," ",NA," "," "," ",NA," "," "," ",NA," "," "," ",NA," "," "," ",NA," "," "," ",NA," "," "," ",NA," "," "," ",NA," "," "," ",NA," "," "," ",NA," "," "," ",NA," "," "," ",NA," "," "," ",NA," "," "," "
"3759","USC00413787",1998,3,"TMAX",89," "," ","0",94," "," ","0",94," "," ","0",183," "," ","0",111," "," ","0",50," "," ","0",78," "," ","0",17," "," ","0",-17," "," ","0",94," "," ","0",-39," "," ","0",122," "," ","0",NA," "," "," ",228," "," ","0",94," "," ","0",28," "," ","0",0," "," ","0",67," "," ","0",22," "," ","0",22," "," ","0",56," "," ","0",161," "," ","0",228," "," ","0",178," "," ","0",244," "," ","0",300," "," ","0",233," "," ","0",200," "," ","0",244," "," ","0",250," "," ","0",94," "," ","0"
"3760","USC00413787",1998,3,"TMIN",-83," "," ","0",-83," "," ","0",-67," "," ","0",-56," "," ","0",-39," "," ","0",-50," "," ","0",-44," "," ","0",-100," "," ","0",-117," "," ","0",-106," "," ","0",-106," "," ","0",-83," "," ","0",NA," "," "," ",-83," "," ","0",-6," "," ","0",-6," "," ","0",-17," "," ","0",-11," "," ","0",-33," "," ","0",-61," "," ","0",-33," "," ","0",-17," "," ","0",11," "," ","0",6," "," ","0",28," "," ","0",94," "," ","0",72," "," ","0",39," "," ","0",78," "," ","0",56," "," ","0",-11," "," ","0"
"3761","USC00413787",1998,3,"TOBS",6," "," ","0",-61," "," ","0",-50," "," ","0",-39," "," ","0",-28," "," ","0",-44," "," ","0",6," "," ","0",-89," "," ","0",-83," "," ","0",-106," "," ","0",-83," "," ","0",-22," "," ","0",NA," "," "," ",33," "," ","0",22," "," ","0",-6," "," ","0",-11," "," ","0",17," "," ","0",-28," "," ","0",-33," "," ","0",-17," "," ","0",100," "," ","0",17," "," ","0",28," "," ","0",94," "," ","0",133," "," ","0",83," "," ","0",78," "," ","0",117," "," ","0",56," "," ","0",0," "," ","0"
"3762","USC00413787",1998,3,"PRCP",0,"P"," ","0",0,"P"," ","0",0,"P"," ","0",0,"P"," ","0",0,"P"," ","0",0,"P"," ","0",119," "," ","0",0,"P"," ","0",0,"P"," ","0",0,"P"," ","0",0,"P"," ","0",0,"P"," ","0",0,"P"," ","0",0,"P"," ","0",3," "," ","0",272," "," ","0",140," "," ","0",0,"P"," ","0",191," "," ","0",0,"P"," ","0",0,"P"," ","0",0,"P"," ","0",0,"P"," ","0",0,"P"," ","0",0,"P"," ","0",0,"P"," ","0",0,"P"," ","0",0,"P"," ","0",0,"P"," ","0",0,"P"," ","0",81," "," ","0"
"3763","USC00413787",1998,3,"SNOW",0,"P"," ","0",0,"P"," ","0",0,"P"," ","0",0,"P"," ","0",0,"P"," ","0",0,"P"," ","0",51," "," ","0",0,"P"," ","0",0,"P"," ","0",0,"P"," ","0",0,"P"," ","0",0,"P"," ","0",0,"P"," ","0",0,"P"," ","0",0,"P"," ","0",0,"P"," ","0",38," "," ","0",0,"P"," ","0",203," "," ","0",0,"P"," ","0",0,"P"," ","0",0,"P"," ","0",0,"P"," ","0",0,"P"," ","0",0,"P"," ","0",0,"P"," ","0",0,"P"," ","0",0,"P"," ","0",0,"P"," ","0",0,"P"," ","0",0,"P"," ","0"
"3764","USC00413787",1998,3,"SNWD",0,"P"," ","0",0,"P"," ","0",0,"P"," ","0",0,"P"," ","0",0,"P"," ","0",0,"P"," ","0",51," "," ","0",NA," "," "," ",NA," "," "," ",NA," "," "," ",NA," "," "," ",NA," "," "," ",0,"P"," ","0",0,"P"," ","0",0,"P"," ","0",0,"P"," ","0",51," "," ","0",NA," "," "," ",203," "," ","0",NA," "," "," ",NA," "," "," ",NA," "," "," ",NA," "," "," ",NA," "," "," ",NA," "," "," ",0,"P"," ","0",0,"P"," ","0",0,"P"," ","0",0,"P"," ","0",0,"P"," ","0",0,"P"," ","0"
"3765","USC00413787",1998,4,"TMAX",122," "," ","0",206," "," ","0",172," "," ","0",172," "," ","0",183," "," ","0",256," "," ","0",233," "," ","0",172," "," ","0",150," "," ","0",172," "," ","0",228," "," ","0",261," "," ","0",250," "," ","0",228," "," ","0",250," "," ","0",167," "," ","0",106," "," ","0",133," "," ","0",150," "," ","0",194," "," ","0",156," "," ","0",183," "," ","0",222," "," ","0",283," "," ","0",317," "," ","0",322," "," ","0",106," "," ","0",78," "," ","0",89," "," ","0",189," "," ","0",NA," "," "," "
"3766","USC00413787",1998,4,"TMIN",-17," "," ","0",-17," "," ","0",44," "," ","0",-22," "," ","0",50," "," ","0",56," "," ","0",33," "," ","0",17," "," ","0",-11," "," ","0",0," "," ","0",22," "," ","0",22," "," ","0",22," "," ","0",39," "," ","0",33," "," ","0",6," "," ","0",-17," "," ","0",-11," "," ","0",-17," "," ","0",28," "," ","0",-6," "," ","0",6," "," ","0",6," "," ","0",56," "," ","0",78," "," ","0",78," "," ","0",67," "," ","0",28," "," ","0",33," "," ","0",17," "," ","0",NA," "," "," "
"3767","USC00413787",1998,4,"TOBS",39," "," ","0",89," "," ","0",44," "," ","0",44," "," ","0",56," "," ","0",78," "," ","0",44," "," ","0",22," "," ","0",0," "," ","0",22," "," ","0",83," "," ","0",189," "," ","0",61," "," ","0",61," "," ","0",39," "," ","0",11," "," ","0",6," "," ","0",89," "," ","0",139," "," ","0",33," "," ","0",6," "," ","0",39," "," ","0",56," "," ","0",111," "," ","0",106," "," ","0",106," "," ","0",67," "," ","0",44," "," ","0",50," "," ","0",33," "," ","0",NA," "," "," "
"3768","USC00413787",1998,4,"PRCP",0,"P"," ","0",0,"P"," ","0",0,"P"," ","0",0,"P"," ","0",0,"P"," ","0",0,"P"," ","0",0,"P"," ","0",5," "," ","0",0,"P"," ","0",0,"P"," ","0",0,"P"," ","0",0,"P"," ","0",0,"P"," ","0",0,"P"," ","0",0,"P"," ","0",66," "," ","0",0,"P"," ","0",0,"P"," ","0",5," "," ","0",0,"P"," ","0",10," "," ","0",0,"P"," ","0",0,"P"," ","0",0,"P"," ","0",0,"P"," ","0",0,"P"," ","0",79," "," ","0",89," "," ","0",0,"T"," ","0",0,"P"," ","0",NA," "," "," "
"3769","USC00413787",1998,4,"SNOW",0,"P"," ","0",0,"P"," ","0",0,"P"," ","0",0,"P"," ","0",0,"P"," ","0",0,"P"," ","0",0,"P"," ","0",0,"P"," ","0",0,"P"," ","0",0,"P"," ","0",0,"P"," ","0",0,"P"," ","0",0,"P"," ","0",0,"P"," ","0",0,"P"," ","0",0,"P"," ","0",0,"P"," ","0",0,"P"," ","0",0,"P"," ","0",0,"P"," ","0",0,"P"," ","0",0,"P"," ","0",0,"P"," ","0",0,"P"," ","0",0,"P"," ","0",0,"P"," ","0",0,"P"," ","0",0,"P"," ","0",0,"P"," ","0",0,"P"," ","0",NA," "," "," "
"3770","USC00413787",1998,4,"SNWD",0,"P"," ","0",0,"P"," ","0",0,"P"," ","0",0,"P"," ","0",0,"P"," ","0",0,"P"," ","0",0,"P"," ","0",0,"P"," ","0",0,"P"," ","0",0,"P"," ","0",0,"P"," ","0",0,"P"," ","0",0,"P"," ","0",0,"P"," ","0",0,"P"," ","0",0,"P"," ","0",0,"P"," ","0",0,"P"," ","0",0,"P"," ","0",0,"P"," ","0",0,"P"," ","0",0,"P"," ","0",0,"P"," ","0",0,"P"," ","0",0,"P"," ","0",0,"P"," ","0",0,"P"," ","0",0,"P"," ","0",0,"P"," ","0",0,"P"," ","0",NA," "," "," "
"3771","USC00413787",1998,5,"TMAX",239," "," ","0",272," "," ","0",217," "," ","0",211," "," ","0",283," "," ","0",239," "," ","0",244," "," ","0",239," "," ","0",239," "," ","0",178," "," ","0",233," "," ","0",294," "," ","0",256," "," ","0",328," "," ","0",300," "," ","0",300," "," ","0",311," "," ","0",333," "," ","0",328," "," ","0",339," "," ","0",361," "," ","0",328," "," ","0",322," "," ","0",250," "," ","0",328," "," ","0",NA," "," "," ",289," "," ","0",322," "," ","0",367," "," ","0",378," "," ","0",378," "," ","0"
"3772","USC00413787",1998,5,"TMIN",17," "," ","0",17," "," ","0",83," "," ","0",83," "," ","0",83," "," ","0",117," "," ","0",83," "," ","0",100," "," ","0",94," "," ","0",61," "," ","0",83," "," ","0",83," "," ","0",106," "," ","0",139," "," ","0",117," "," ","0",94," "," ","0",144," "," ","0",161," "," ","0",167," "," ","0",167," "," ","0",167," "," ","0",133," "," ","0",128," "," ","0",122," "," ","0",122," "," ","0",NA," "," "," ",122," "," ","0",122," "," ","0",161," "," ","0",189," "," ","0",150," "," ","0"
"3773","USC00413787",1998,5,"TOBS",56," "," ","0",100," "," ","0",128," "," ","0",100," "," ","0",128," "," ","0",122," "," ","0",100," "," ","0",111," "," ","0",106," "," ","0",89," "," ","0",139," "," ","0",106," "," ","0",139," "," ","0",178," "," ","0",128," "," ","0",144," "," ","0",178," "," ","0",167," "," ","0",189," "," ","0",183," "," ","0",167," "," ","0",150," "," ","0",172," "," ","0",178," "," ","0",139," "," ","0",NA," "," "," ",178," "," ","0",183," "," ","0",189," "," ","0",261," "," ","0",194," "," ","0"
"3774","USC00413787",1998,5,"PRCP",0,"P"," ","0",0,"P"," ","0",0,"P"," ","0",20," "," ","0",0,"P"," ","0",0,"P"," ","0",0,"P"," ","0",0,"P"," ","0",165," "," ","0",0,"P"," ","0",0,"P"," ","0",0,"P"," ","0",0,"P"," ","0",0,"P"," ","0",0,"P"," ","0",0,"P"," ","0",0,"P"," ","0",0,"P"," ","0",0,"P"," ","0",0,"P"," ","0",0,"P"," ","0",0,"P"," ","0",0,"P"," ","0",0,"P"," ","0",0,"P"," ","0",NA," "," "," ",NA," "," "," ",0,"P"," ","0",0,"P"," ","0",0,"P"," ","0",0,"P"," ","0"
"3775","USC00413787",1998,5,"SNOW",0,"P"," ","0",0,"P"," ","0",0,"P"," ","0",0,"P"," ","0",0,"P"," ","0",0,"P"," ","0",0,"P"," ","0",0,"P"," ","0",0,"P"," ","0",0,"P"," ","0",0,"P"," ","0",0,"P"," ","0",0,"P"," ","0",0,"P"," ","0",0,"P"," ","0",0,"P"," ","0",0,"P"," ","0",0,"P"," ","0",0,"P"," ","0",0,"P"," ","0",0,"P"," ","0",0,"P"," ","0",0,"P"," ","0",0,"P"," ","0",0,"P"," ","0",0,"P"," ","0",0,"P"," ","0",0,"P"," ","0",0,"P"," ","0",0,"P"," ","0",0,"P"," ","0"
"3776","USC00413787",1998,5,"SNWD",0,"P"," ","0",0,"P"," ","0",0,"P"," ","0",0,"P"," ","0",0,"P"," ","0",0,"P"," ","0",0,"P"," ","0",0,"P"," ","0",0,"P"," ","0",0,"P"," ","0",0,"P"," ","0",0,"P"," ","0",0,"P"," ","0",0,"P"," ","0",0,"P"," ","0",0,"P"," ","0",0,"P"," ","0",0,"P"," ","0",0,"P"," ","0",0,"P"," ","0",0,"P"," ","0",0,"P"," ","0",0,"P"," ","0",0,"P"," ","0",0,"P"," ","0",0,"P"," ","0",0,"P"," ","0",0,"P"," ","0",0,"P"," ","0",0,"P"," ","0",0,"P"," ","0"
"3777","USC00413787",1998,5,"DAPR",NA," "," "," ",NA," "," "," ",NA," "," "," ",NA," "," "," ",NA," "," "," ",NA," "," "," ",NA," "," "," ",NA," "," "," ",NA," "," "," ",NA," "," "," ",NA," "," "," ",NA," "," "," ",NA," "," "," ",NA," "," "," ",NA," "," "," ",NA," "," "," ",NA," "," "," ",NA," "," "," ",NA," "," "," ",NA," "," "," ",NA," "," "," ",NA," "," "," ",NA," "," "," ",NA," "," "," ",NA," "," "," ",NA," "," "," ",2," "," ","0",NA," "," "," ",NA," "," "," ",NA," "," "," ",NA," "," "," "
"3778","USC00413787",1998,5,"MDPR",NA," "," "," ",NA," "," "," ",NA," "," "," ",NA," "," "," ",NA," "," "," ",NA," "," "," ",NA," "," "," ",NA," "," "," ",NA," "," "," ",NA," "," "," ",NA," "," "," ",NA," "," "," ",NA," "," "," ",NA," "," "," ",NA," "," "," ",NA," "," "," ",NA," "," "," ",NA," "," "," ",NA," "," "," ",NA," "," "," ",NA," "," "," ",NA," "," "," ",NA," "," "," ",NA," "," "," ",NA," "," "," ",NA," "," "," ",33," "," ","0",NA," "," "," ",NA," "," "," ",NA," "," "," ",NA," "," "," "
"3779","USC00413787",1998,6,"TMAX",300," "," ","0",389," "," ","0",378," "," ","0",194," "," ","0",228," "," ","0",183," "," ","0",233," "," ","0",211," "," ","0",322," "," ","0",311," "," ","0",311," "," ","0",311," "," ","0",333," "," ","0",367," "," ","0",311," "," ","0",256," "," ","0",367," "," ","0",372," "," ","0",311," "," ","0",372," "," ","0",394," "," ","0",344," "," ","0",378," "," ","0",383," "," ","0",400," "," ","0",400," "," ","0",406," "," ","0",406," "," ","0",400," "," ","0",411," "," ","0",NA," "," "," "
"3780","USC00413787",1998,6,"TMIN",150," "," ","0",128," "," ","0",161," "," ","0",83," "," ","0",72," "," ","0",78," "," ","0",122," "," ","0",172," "," ","0",111," "," ","0",133," "," ","0",111," "," ","0",128," "," ","0",139," "," ","0",100," "," ","0",144," ","I","0",128," "," ","0",167," "," ","0",122," "," ","0",122," "," ","0",156," "," ","0",189," "," ","0",172," "," ","0",183," "," ","0",239," "," ","0",228," "," ","0",250," "," ","0",233," "," ","0",233," "," ","0",228," "," ","0",217," "," ","0",NA," "," "," "
"3781","USC00413787",1998,6,"TOBS",172," "," ","0",167," "," ","0",172," "," ","0",83," "," ","0",78," "," ","0",128," "," ","0",172," "," ","0",211," "," ","0",133," "," ","0",206," "," ","0",128," "," ","0",172," "," ","0",144," "," ","0",217," "," ","0",128," ","I","0",167," "," ","0",244," "," ","0",144," "," ","0",167," "," ","0",211," "," ","0",200," "," ","0",183," "," ","0",239," "," ","0",250," "," ","0",250," "," ","0",256," "," ","0",317," "," ","0",261," "," ","0",256," "," ","0",228," "," ","0",NA," "," "," "
"3782","USC00413787",1998,6,"PRCP",0,"P"," ","0",0,"P"," ","0",0,"P"," ","0",0,"P"," ","0",0,"P"," ","0",0,"P"," ","0",0,"P"," ","0",0,"P"," ","0",0,"P"," ","0",0,"P"," ","0",5," "," ","0",0,"P"," ","0",0,"P"," ","0",0,"P"," ","0",0,"P"," ","0",0,"P"," ","0",0,"P"," ","0",0,"P"," ","0",0,"P"," ","0",0,"P"," ","0",0,"P"," ","0",0,"P"," ","0",0,"P"," ","0",0,"P"," ","0",0,"P"," ","0",0,"P"," ","0",0,"P"," ","0",0,"P"," ","0",0,"P"," ","0",0,"P"," ","0",NA," "," "," "
"3783","USC00413787",1998,6,"SNOW",0,"P"," ","0",0,"P"," ","0",0,"P"," ","0",0,"P"," ","0",0,"P"," ","0",0,"P"," ","0",0,"P"," ","0",0,"P"," ","0",0,"P"," ","0",0,"P"," ","0",0,"P"," ","0",0,"P"," ","0",0,"P"," ","0",0,"P"," ","0",0,"P"," ","0",0,"P"," ","0",0,"P"," ","0",0,"P"," ","0",0,"P"," ","0",0,"P"," ","0",0,"P"," ","0",0,"P"," ","0",0,"P"," ","0",0,"P"," ","0",0,"P"," ","0",0,"P"," ","0",0,"P"," ","0",0,"P"," ","0",0,"P"," ","0",0,"P"," ","0",NA," "," "," "
"3784","USC00413787",1998,6,"SNWD",0,"P"," ","0",0,"P"," ","0",0,"P"," ","0",0,"P"," ","0",0,"P"," ","0",0,"P"," ","0",0,"P"," ","0",0,"P"," ","0",0,"P"," ","0",0,"P"," ","0",0,"P"," ","0",0,"P"," ","0",0,"P"," ","0",0,"P"," ","0",0,"P"," ","0",0,"P"," ","0",0,"P"," ","0",0,"P"," ","0",0,"P"," ","0",0,"P"," ","0",0,"P"," ","0",0,"P"," ","0",0,"P"," ","0",0,"P"," ","0",0,"P"," ","0",0,"P"," ","0",0,"P"," ","0",0,"P"," ","0",0,"P"," ","0",0,"P"," ","0",NA," "," "," "
"3785","USC00413787",1998,7,"TMAX",372," "," ","0",322," "," ","0",356," "," ","0",356," "," ","0",344," "," ","0",356," "," ","0",383," "," ","0",344," "," ","0",322," "," ","0",361," "," ","0",356," "," ","0",344," "," ","0",344," "," ","0",356," "," ","0",372," "," ","0",317," "," ","0",322," "," ","0",339," "," ","0",361," "," ","0",NA," "," "," ",383," "," ","0",383," "," ","0",356," "," ","0",356," "," ","0",367," "," ","0",367," "," ","0",356," "," ","0",289," "," ","0",333," "," ","0",367," "," ","0",306," "," ","0"
"3786","USC00413787",1998,7,"TMIN",172," "," ","0",189," "," ","0",211," "," ","0",200," "," ","0",200," "," ","0",228," "," ","0",206," "," ","0",194," "," ","0",183," "," ","0",189," "," ","0",183," "," ","0",211," "," ","0",172," "," ","0",183," "," ","0",206," "," ","0",172," "," ","0",194," "," ","0",167," "," ","0",211," "," ","0",NA," "," "," ",NA," "," "," ",194," "," ","0",194," "," ","0",194," "," ","0",183," "," ","0",183," "," ","0",183," "," ","0",189," "," ","0",194," "," ","0",194," "," ","0",172," "," ","0"
"3787","USC00413787",1998,7,"TOBS",189," "," ","0",211," "," ","0",222," "," ","0",211," "," ","0",239," "," ","0",233," "," ","0",217," "," ","0",200," "," ","0",200," "," ","0",217," "," ","0",256," "," ","0",289," "," ","0",194," "," ","0",211," "," ","0",206," "," ","0",194," "," ","0",206," "," ","0",250," "," ","0",283," "," ","0",NA," "," "," ",NA," "," "," ",211," "," ","0",200," "," ","0",194," "," ","0",189," "," ","0",239," "," ","0",200," "," ","0",194," "," ","0",206," "," ","0",200," "," ","0",178," "," ","0"
"3788","USC00413787",1998,7,"PRCP",0,"P"," ","0",0,"P"," ","0",0,"P"," ","0",0,"P"," ","0",0,"P"," ","0",0,"P"," ","0",0,"P"," ","0",33," "," ","0",28," "," ","0",0,"P"," ","0",33," "," ","0",0,"P"," ","0",165," "," ","0",0,"P"," ","0",10," "," ","0",0,"P"," ","0",0,"P"," ","0",0,"P"," ","0",0,"P"," ","0",0,"P"," ","0",0,"P"," ","0",0,"P"," ","0",0,"P"," ","0",84," "," ","0",0,"P"," ","0",0,"P"," ","0",46," "," ","0",69," "," ","0",3," "," ","0",0,"P"," ","0",386," "," ","0"
"3789","USC00413787",1998,7,"SNOW",0,"P"," ","0",0,"P"," ","0",0,"P"," ","0",0,"P"," ","0",0,"P"," ","0",0,"P"," ","0",0,"P"," ","0",0,"P"," ","0",0,"P"," ","0",0,"P"," ","0",0,"P"," ","0",0,"P"," ","0",0,"P"," ","0",0,"P"," ","0",0,"P"," ","0",0,"P"," ","0",0,"P"," ","0",0,"P"," ","0",0,"P"," ","0",0,"P"," ","0",0,"P"," ","0",0,"P"," ","0",0,"P"," ","0",0,"P"," ","0",0,"P"," ","0",0,"P"," ","0",0,"P"," ","0",0,"P"," ","0",0,"P"," ","0",0,"P"," ","0",0,"P"," ","0"
"3790","USC00413787",1998,7,"SNWD",0,"P"," ","0",0,"P"," ","0",0,"P"," ","0",0,"P"," ","0",0,"P"," ","0",0,"P"," ","0",0,"P"," ","0",0,"P"," ","0",0,"P"," ","0",0,"P"," ","0",0,"P"," ","0",0,"P"," ","0",0,"P"," ","0",0,"P"," ","0",0,"P"," ","0",0,"P"," ","0",0,"P"," ","0",0,"P"," ","0",0,"P"," ","0",0,"P"," ","0",0,"P"," ","0",0,"P"," ","0",0,"P"," ","0",0,"P"," ","0",0,"P"," ","0",0,"P"," ","0",0,"P"," ","0",0,"P"," ","0",0,"P"," ","0",0,"P"," ","0",0,"P"," ","0"
"3791","USC00413787",1998,8,"TMAX",278," "," ","0",317," "," ","0",333," "," ","0",289," "," ","0",261," "," ","0",256," "," ","0",283," "," ","0",317," "," ","0",367," "," ","0",361," "," ","0",322," "," ","0",294," "," ","0",294," "," ","0",300," "," ","0",322," "," ","0",356," "," ","0",350," "," ","0",322," "," ","0",317," "," ","0",322," "," ","0",333," "," ","0",350," "," ","0",356," "," ","0",361," "," ","0",350," "," ","0",NA," "," "," ",333," "," ","0",356," "," ","0",317," "," ","0",328," "," ","0",339," "," ","0"
"3792","USC00413787",1998,8,"TMIN",178," "," ","0",178," "," ","0",183," "," ","0",178," "," ","0",167," "," ","0",139," "," ","0",150," "," ","0",178," "," ","0",172," "," ","0",206," "," ","0",183," "," ","0",178," "," ","0",172," "," ","0",150," "," ","0",150," "," ","0",167," "," ","0",178," "," ","0",189," "," ","0",172," "," ","0",167," "," ","0",172," "," ","0",200," "," ","0",189," "," ","0",167," "," ","0",172," "," ","0",NA," "," "," ",211," "," ","0",172," "," ","0",139," "," ","0",128," "," ","0",139," "," ","0"
"3793","USC00413787",1998,8,"TOBS",239," "," ","0",217," "," ","0",194," "," ","0",178," "," ","0",178," "," ","0",150," "," ","0",178," "," ","0",189," "," ","0",211," "," ","0",206," "," ","0",194," "," ","0",183," "," ","0",178," "," ","0",150," "," ","0",206," "," ","0",178," "," ","0",189," "," ","0",194," "," ","0",178," "," ","0",172," "," ","0",211," "," ","0",217," "," ","0",194," "," ","0",172," "," ","0",217," "," ","0",NA," "," "," ",217," "," ","0",178," "," ","0",239," "," ","0",267," "," ","0",144," "," ","0"
"3794","USC00413787",1998,8,"PRCP",5," "," ","0",97," "," ","0",0,"P"," ","0",28," "," ","0",119," "," ","0",0,"P"," ","0",8," "," ","0",0,"P"," ","0",0,"P"," ","0",0,"P"," ","0",56," "," ","0",107," "," ","0",0,"P"," ","0",0,"P"," ","0",0,"P"," ","0",5," "," ","0",0,"P"," ","0",0,"P"," ","0",0,"P"," ","0",0,"P"," ","0",0,"P"," ","0",0,"P"," ","0",0,"P"," ","0",0,"P"," ","0",0,"P"," ","0",0,"P"," ","0",0,"P"," ","0",33," "," ","0",0,"P"," ","0",0,"P"," ","0",0,"P"," ","0"
"3795","USC00413787",1998,8,"SNOW",0,"P"," ","0",0,"P"," ","0",0,"P"," ","0",0,"P"," ","0",0,"P"," ","0",0,"P"," ","0",0,"P"," ","0",0,"P"," ","0",0,"P"," ","0",0,"P"," ","0",0,"P"," ","0",0,"P"," ","0",0,"P"," ","0",0,"P"," ","0",0,"P"," ","0",0,"P"," ","0",0,"P"," ","0",0,"P"," ","0",0,"P"," ","0",0,"P"," ","0",0,"P"," ","0",0,"P"," ","0",0,"P"," ","0",0,"P"," ","0",0,"P"," ","0",0,"P"," ","0",0,"P"," ","0",0,"P"," ","0",0,"P"," ","0",0,"P"," ","0",0,"P"," ","0"
"3796","USC00413787",1998,8,"SNWD",0,"P"," ","0",0,"P"," ","0",0,"P"," ","0",0,"P"," ","0",0,"P"," ","0",0,"P"," ","0",0,"P"," ","0",0,"P"," ","0",0,"P"," ","0",0,"P"," ","0",0,"P"," ","0",0,"P"," ","0",0,"P"," ","0",0,"P"," ","0",0,"P"," ","0",0,"P"," ","0",0,"P"," ","0",0,"P"," ","0",0,"P"," ","0",0,"P"," ","0",0,"P"," ","0",0,"P"," ","0",0,"P"," ","0",0,"P"," ","0",0,"P"," ","0",0,"P"," ","0",0,"P"," ","0",0,"P"," ","0",0,"P"," ","0",0,"P"," ","0",0,"P"," ","0"
"3797","USC00413787",1998,9,"TMAX",350," "," ","0",328," "," ","0",372," "," ","0",NA," "," "," ",372," "," ","0",367," "," ","0",361," "," ","0",361," "," ","0",361," "," ","0",361," "," ","0",328," "," ","0",306," "," ","0",311," "," ","0",311," "," ","0",306," "," ","0",272," "," ","0",289," "," ","0",306," "," ","0",328," "," ","0",356," "," ","0",322," "," ","0",267," "," ","0",78," ","I","0",294," "," ","0",367," "," ","0",339," "," ","0",344," "," ","0",344," "," ","0",344," "," ","0",NA," "," "," ",NA," "," "," "
"3798","USC00413787",1998,9,"TMIN",139," "," ","0",183," "," ","0",161," "," ","0",NA," "," "," ",167," "," ","0",167," "," ","0",183," "," ","0",178," "," ","0",178," "," ","0",172," "," ","0",111," "," ","0",117," "," ","0",133," "," ","0",172," "," ","0",139," "," ","0",139," "," ","0",139," "," ","0",139," "," ","0",172," "," ","0",150," "," ","0",161," "," ","0",78," "," ","0",111," ","I","0",111," "," ","0",189," "," ","0",189," "," ","0",139," "," ","0",139," "," ","0",167," "," ","0",NA," "," "," ",NA," "," "," "
"3799","USC00413787",1998,9,"TOBS",189," "," ","0",189," "," ","0",167," "," ","0",NA," "," "," ",172," "," ","0",222," "," ","0",194," "," ","0",183," "," ","0",200," "," ","0",178," "," ","0",117," "," ","0",189," "," ","0",178," "," ","0",178," "," ","0",139," "," ","0",139," "," ","0",144," "," ","0",172," "," ","0",250," "," ","0",183," "," ","0",167," "," ","0",78," ","I","0",111," "," ","0",189," "," ","0",189," "," ","0",200," "," ","0",144," "," ","0",167," "," ","0",217," "," ","0",NA," "," "," ",NA," "," "," "
"3800","USC00413787",1998,9,"PRCP",0,"P"," ","0",0,"P"," ","0",0,"P"," ","0",0,"P"," ","0",0,"P"," ","0",0,"P"," ","0",0,"P"," ","0",0,"P"," ","0",0,"P"," ","0",0,"P"," ","0",0,"P"," ","0",0,"P"," ","0",0,"P"," ","0",0,"P"," ","0",0,"P"," ","0",0,"P"," ","0",0,"P"," ","0",0,"P"," ","0",0,"P"," ","0",0,"P"," ","0",0,"P"," ","0",5," "," ","0",0,"P"," ","0",0,"P"," ","0",0,"P"," ","0",0,"P"," ","0",0,"P"," ","0",0,"P"," ","0",0,"P"," ","0",0,"P"," ","0",NA," "," "," "
"3801","USC00413787",1998,9,"SNOW",0,"P"," ","0",0,"P"," ","0",0,"P"," ","0",0,"P"," ","0",0,"P"," ","0",0,"P"," ","0",0,"P"," ","0",0,"P"," ","0",0,"P"," ","0",0,"P"," ","0",0,"P"," ","0",0,"P"," ","0",0,"P"," ","0",0,"P"," ","0",0,"P"," ","0",0,"P"," ","0",0,"P"," ","0",0,"P"," ","0",0,"P"," ","0",0,"P"," ","0",0,"P"," ","0",0,"P"," ","0",0,"P"," ","0",0,"P"," ","0",0,"P"," ","0",0,"P"," ","0",0,"P"," ","0",0,"P"," ","0",0,"P"," ","0",0,"P"," ","0",NA," "," "," "
"3802","USC00413787",1998,9,"SNWD",0,"P"," ","0",0,"P"," ","0",0,"P"," ","0",0,"P"," ","0",0,"P"," ","0",0,"P"," ","0",0,"P"," ","0",0,"P"," ","0",0,"P"," ","0",0,"P"," ","0",0,"P"," ","0",0,"P"," ","0",0,"P"," ","0",0,"P"," ","0",0,"P"," ","0",0,"P"," ","0",0,"P"," ","0",0,"P"," ","0",0,"P"," ","0",0,"P"," ","0",0,"P"," ","0",0,"P"," ","0",0,"P"," ","0",0,"P"," ","0",0,"P"," ","0",0,"P"," ","0",0,"P"," ","0",0,"P"," ","0",0,"P"," ","0",0,"P"," ","0",NA," "," "," "
"3803","USC00413787",1998,10,"TMAX",328," "," ","0",117," "," ","0",217," "," ","0",267," "," ","0",267," "," ","0",122," "," ","0",211," "," ","0",233," "," ","0",272," "," ","0",294," "," ","0",289," "," ","0",233," "," ","0",239," "," ","0",278," "," ","0",322," "," ","0",289," "," ","0",256," "," ","0",256," "," ","0",189," "," ","0",217," "," ","0",217," "," ","0",167," "," ","0",183," "," ","0",178," "," ","0",217," "," ","0",244," "," ","0",NA," "," "," ",233," "," ","0",233," "," ","0",211," "," ","0",122," "," ","0"
"3804","USC00413787",1998,10,"TMIN",111," "," ","0",78," "," ","0",78," "," ","0",161," "," ","0",100," "," ","0",33," "," ","0",33," "," ","0",56," "," ","0",94," "," ","0",106," "," ","0",94," "," ","0",44," "," ","0",56," "," ","0",128," "," ","0",144," "," ","0",156," "," ","0",61," "," ","0",11," "," ","0",28," "," ","0",28," "," ","0",83," "," ","0",44," "," ","0",56," "," ","0",78," "," ","0",100," "," ","0",117," "," ","0",NA," "," "," ",106," "," ","0",39," "," ","0",50," "," ","0",83," "," ","0"
"3805","USC00413787",1998,10,"TOBS",111," "," ","0",94," "," ","0",161," "," ","0",200," "," ","0",100," "," ","0",39," "," ","0",56," "," ","0",94," "," ","0",111," "," ","0",217," "," ","0",183," "," ","0",61," "," ","0",128," "," ","0",144," "," ","0",156," "," ","0",167," "," ","0",61," "," ","0",83," "," ","0",28," "," ","0",111," "," ","0",83," "," ","0",56," "," ","0",78," "," ","0",111," "," ","0",117," "," ","0",139," "," ","0",NA," "," "," ",122," "," ","0",50," "," ","0",100," "," ","0",83," "," ","0"
"3806","USC00413787",1998,10,"PRCP",516," "," ","0",691," "," ","0",0,"P"," ","0",0,"P"," ","0",0,"P"," ","0",0,"P"," ","0",0,"P"," ","0",0,"P"," ","0",0,"P"," ","0",0,"P"," ","0",0,"P"," ","0",0,"P"," ","0",0,"P"," ","0",0,"P"," ","0",0,"P"," ","0",58," "," ","0",0,"P"," ","0",0,"P"," ","0",0,"P"," ","0",0,"P"," ","0",0,"P"," ","0",0,"P"," ","0",0,"P"," ","0",0,"P"," ","0",0,"P"," ","0",0,"P"," ","0",NA," "," "," ",173," "," ","0",0,"P"," ","0",0,"P"," ","0",767," "," ","0"
"3807","USC00413787",1998,10,"SNOW",0,"P"," ","0",0,"P"," ","0",0,"P"," ","0",0,"P"," ","0",0,"P"," ","0",0,"P"," ","0",0,"P"," ","0",0,"P"," ","0",0,"P"," ","0",0,"P"," ","0",0,"P"," ","0",0,"P"," ","0",0,"P"," ","0",0,"P"," ","0",0,"P"," ","0",0,"P"," ","0",0,"P"," ","0",0,"P"," ","0",0,"P"," ","0",0,"P"," ","0",0,"P"," ","0",0,"P"," ","0",0,"P"," ","0",0,"P"," ","0",0,"P"," ","0",0,"P"," ","0",0,"P"," ","0",0,"P"," ","0",0,"P"," ","0",0,"P"," ","0",0,"P"," ","0"
"3808","USC00413787",1998,11,"TMAX",83," "," ","0",56," "," ","0",83," "," ","0",78," "," ","0",50," "," ","0",78," "," ","0",56," "," ","0",161," "," ","0",139," "," ","0",217," "," ","0",117," "," ","0",172," "," ","0",117," "," ","0",183," "," ","0",206," "," ","0",222," "," ","0",183," "," ","0",200," "," ","0",200," "," ","0",78," "," ","0",111," "," ","0",167," "," ","0",272," "," ","0",172," "," ","0",244," "," ","0",161," "," ","0",206," "," ","0",239," "," ","0",244," "," ","0",133," "," ","0",NA," "," "," "
"3809","USC00413787",1998,11,"TMIN",33," "," ","0",44," ","I","0",11," "," ","0",28," "," ","0",0," "," ","0",0," "," ","0",17," "," ","0",-11," "," ","0",6," "," ","0",-17," "," ","0",-33," "," ","0",-28," "," ","0",0," "," ","0",6," "," ","0",22," "," ","0",39," "," ","0",22," "," ","0",33," "," ","0",22," "," ","0",-33," "," ","0",-33," "," ","0",-11," "," ","0",39," "," ","0",11," "," ","0",6," "," ","0",11," "," ","0",11," "," ","0",11," "," ","0",44," "," ","0",33," "," ","0",NA," "," "," "
"3810","USC00413787",1998,11,"TOBS",44," "," ","0",11," ","I","0",28," "," ","0",33," "," ","0",6," "," ","0",22," "," ","0",56," "," ","0",6," "," ","0",89," "," ","0",6," "," ","0",-28," "," ","0",44," "," ","0",6," "," ","0",33," "," ","0",39," "," ","0",61," "," ","0",28," "," ","0",67," "," ","0",39," "," ","0",-33," "," ","0",-11," "," ","0",139," "," ","0",39," "," ","0",22," "," ","0",11," "," ","0",67," "," ","0",122," "," ","0",44," "," ","0",128," "," ","0",39," "," ","0",NA," "," "," "
"3811","USC00413787",1998,11,"PRCP",175," "," ","0",56," "," ","0",0,"P"," ","0",0,"P"," ","0",0,"P"," ","0",0,"P"," ","0",3," "," ","0",0,"P"," ","0",0,"P"," ","0",53," "," ","0",0,"P"," ","0",0,"P"," ","0",0,"P"," ","0",0,"P"," ","0",0,"P"," ","0",0,"P"," ","0",0,"P"," ","0",0,"P"," ","0",0,"P"," ","0",0,"P"," ","0",0,"P"," ","0",0,"P"," ","0",0,"P"," ","0",0,"P"," ","0",0,"P"," ","0",0,"P"," ","0",0,"P"," ","0",0,"P"," ","0",0,"P"," ","0",5," "," ","0",NA," "," "," "
"3812","USC00413787",1998,11,"SNOW",0,"P"," ","0",0,"P"," ","0",0,"P"," ","0",0,"P"," ","0",0,"P"," ","0",0,"P"," ","0",0,"P"," ","0",0,"P"," ","0",0,"P"," ","0",0,"P"," ","0",0,"P"," ","0",0,"P"," ","0",0,"P"," ","0",0,"P"," ","0",0,"P"," ","0",0,"P"," ","0",0,"P"," ","0",0,"P"," ","0",0,"P"," ","0",0,"P"," ","0",0,"P"," ","0",0,"P"," ","0",0,"P"," ","0",0,"P"," ","0",0,"P"," ","0",0,"P"," ","0",0,"P"," ","0",0,"P"," ","0",0,"P"," ","0",0,"P"," ","0",NA," "," "," "
"3813","USC00413787",1998,11,"SNWD",0,"P"," ","0",0,"P"," ","0",0,"P"," ","0",0,"P"," ","0",0,"P"," ","0",0,"P"," ","0",0,"P"," ","0",0,"P"," ","0",0,"P"," ","0",0,"P"," ","0",0,"P"," ","0",0,"P"," ","0",0,"P"," ","0",0,"P"," ","0",0,"P"," ","0",0,"P"," ","0",0,"P"," ","0",0,"P"," ","0",0,"P"," ","0",0,"P"," ","0",0,"P"," ","0",0,"P"," ","0",0,"P"," ","0",0,"P"," ","0",0,"P"," ","0",0,"P"," ","0",0,"P"," ","0",0,"P"," ","0",0,"P"," ","0",0,"P"," ","0",NA," "," "," "
"3814","USC00413787",1998,12,"TMAX",183," "," ","0",206," "," ","0",200," "," ","0",156," "," ","0",189," "," ","0",217," "," ","0",22," "," ","0",0," "," ","0",83," "," ","0",89," "," ","0",56," "," ","0",89," "," ","0",128," "," ","0",150," "," ","0",167," "," ","0",161," "," ","0",117," "," ","0",156," "," ","0",100," "," ","0",-28," "," ","0",-6," "," ","0",-117," "," ","0",-67," "," ","0",-89," "," ","0",-33," "," ","0",94," "," ","0",144," "," ","0",117," "," ","0",167," "," ","0",89," "," ","0",183," "," ","0"
"3815","USC00413787",1998,12,"TMIN",33," "," ","0",33," "," ","0",61," "," ","0",22," "," ","0",28," "," ","0",17," "," ","0",-17," "," ","0",-67," "," ","0",-61," "," ","0",-61," "," ","0",-67," "," ","0",-67," "," ","0",-11," "," ","0",-39," "," ","0",-39," "," ","0",-56," "," ","0",-44," "," ","0",-28," "," ","0",-50," "," ","0",-61," "," ","0",-150," "," ","0",-200," "," ","0",-200," "," ","0",-172," "," ","0",-150," "," ","0",-94," "," ","0",-67," "," ","0",-44," "," ","0",-17," "," ","0",-39," "," ","0",-78," "," ","0"
"3816","USC00413787",1998,12,"TOBS",44," "," ","0",94," "," ","0",89," "," ","0",28," "," ","0",44," "," ","0",17," "," ","0",-17," "," ","0",-61," "," ","0",-50," "," ","0",-11," "," ","0",-67," "," ","0",44," "," ","0",61," "," ","0",-39," "," ","0",-39," "," ","0",-44," "," ","0",-28," "," ","0",22," "," ","0",-50," "," ","0",-28," "," ","0",-144," "," ","0",-200," "," ","0",-139," "," ","0",-150," "," ","0",-94," "," ","0",-67," "," ","0",11," "," ","0",-17," "," ","0",22," "," ","0",-11," "," ","0",-78," "," ","0"
"3817","USC00413787",1998,12,"PRCP",0,"P"," ","0",0,"P"," ","0",0,"P"," ","0",51," "," ","0",0,"P"," ","0",15," "," ","0",18," "," ","0",56," "," ","0",0,"P"," ","0",0,"P"," ","0",0,"P"," ","0",0,"P"," ","0",0,"P"," ","0",0,"P"," ","0",0,"P"," ","0",0,"P"," ","0",0,"P"," ","0",0,"P"," ","0",0,"P"," ","0",0,"P"," ","0",0,"P"," ","0",0,"P"," ","0",0,"P"," ","0",0,"P"," ","0",0,"P"," ","0",0,"P"," ","0",0,"P"," ","0",0,"P"," ","0",0,"P"," ","0",0,"P"," ","0",0,"P"," ","0"
"3818","USC00413787",1998,12,"SNOW",0,"P"," ","0",0,"P"," ","0",0,"P"," ","0",0,"P"," ","0",0,"P"," ","0",0,"P"," ","0",0,"P"," ","0",0,"P"," ","0",0,"P"," ","0",0,"P"," ","0",0,"P"," ","0",0,"P"," ","0",0,"P"," ","0",0,"P"," ","0",0,"P"," ","0",0,"P"," ","0",0,"P"," ","0",0,"P"," ","0",0,"P"," ","0",0,"P"," ","0",0,"P"," ","0",0,"P"," ","0",0,"P"," ","0",0,"P"," ","0",0,"P"," ","0",0,"P"," ","0",0,"P"," ","0",0,"P"," ","0",0,"P"," ","0",0,"P"," ","0",0,"P"," ","0"
"3819","USC00413787",1998,12,"SNWD",0,"P"," ","0",0,"P"," ","0",0,"P"," ","0",0,"P"," ","0",0,"P"," ","0",0,"P"," ","0",0,"P"," ","0",0,"P"," ","0",0,"P"," ","0",0,"P"," ","0",0,"P"," ","0",0,"P"," ","0",0,"P"," ","0",0,"P"," ","0",0,"P"," ","0",0,"P"," ","0",0,"P"," ","0",0,"P"," ","0",0,"P"," ","0",0,"P"," ","0",0,"P"," ","0",0,"P"," ","0",0,"P"," ","0",0,"P"," ","0",0,"P"," ","0",0,"P"," ","0",0,"P"," ","0",0,"P"," ","0",0,"P"," ","0",0,"P"," ","0",0,"P"," ","0"
"3820","USC00413787",1999,1,"TMAX",56," "," ","0",61," "," ","0",33," "," ","0",-28," "," ","0",56," "," ","0",128," "," ","0",167," "," ","0",-39," "," ","0",17," "," ","0",89," "," ","0",111," "," ","0",211," "," ","0",144," "," ","0",117," "," ","0",139," "," ","0",233," "," ","0",139," "," ","0",117," "," ","0",172," "," ","0",172," "," ","0",183," "," ","0",128," "," ","0",50," "," ","0",139," "," ","0",206," "," ","0",0," "," ","0",211," "," ","0",133," "," ","0",-6," "," ","0",0," "," ","0",11," "," ","0"
"3821","USC00413787",1999,1,"TMIN",-100," "," ","0",-44," "," ","0",-111," "," ","0",-117," "," ","0",-117," "," ","0",-56," "," ","0",-72," "," ","0",-78," "," ","0",-128," "," ","0",-100," "," ","0",-100," "," ","0",-11," "," ","0",-72," "," ","0",-67," "," ","0",-33," "," ","0",-22," "," ","0",6," "," ","0",-67," "," ","0",-61," "," ","0",39," "," ","0",-6," "," ","0",-11," "," ","0",-72," "," ","0",22," "," ","0",-33," "," ","0",-67," "," ","0",-28," "," ","0",-17," "," ","0",-33," "," ","0",-28," "," ","0",-17," "," ","0"
"3822","USC00413787",1999,1,"TOBS",56," "," ","0",0," "," ","0",-67," "," ","0",-117," "," ","0",-56," "," ","0",-39," "," ","0",-72," "," ","0",-50," "," ","0",-100," "," ","0",-17," "," ","0",-6," "," ","0",39," "," ","0",-67," "," ","0",0," "," ","0",-22," "," ","0",33," "," ","0",50," "," ","0",-61," "," ","0",56," "," ","0",39," "," ","0",0," "," ","0",6," "," ","0",33," "," ","0",111," "," ","0",-33," "," ","0",-33," "," ","0",0," "," ","0",-17," "," ","0",-6," "," ","0",-17," "," ","0",11," "," ","0"
"3823","USC00413787",1999,1,"PRCP",0,"P"," ","0",0,"P"," ","0",0,"P"," ","0",0,"P"," ","0",0,"P"," ","0",0,"P"," ","0",0,"P"," ","0",0,"P"," ","0",0,"P"," ","0",0,"P"," ","0",0,"P"," ","0",0,"P"," ","0",0,"P"," ","0",0,"T"," ","0",0,"P"," ","0",0,"P"," ","0",0,"P"," ","0",0,"P"," ","0",0,"P"," ","0",0,"P"," ","0",0,"P"," ","0",0,"T"," ","0",0,"P"," ","0",0,"P"," ","0",0,"P"," ","0",0,"P"," ","0",0,"P"," ","0",0,"P"," ","0",99," "," ","0",208," "," ","0",0,"P"," ","0"
"3824","USC00413787",1999,1,"SNOW",0,"P"," ","0",0,"P"," ","0",0,"P"," ","0",0,"P"," ","0",0,"P"," ","0",0,"P"," ","0",0,"P"," ","0",0,"P"," ","0",0,"P"," ","0",0,"P"," ","0",0,"P"," ","0",0,"P"," ","0",0,"P"," ","0",0,"P"," ","0",0,"P"," ","0",0,"P"," ","0",0,"P"," ","0",0,"P"," ","0",0,"P"," ","0",0,"P"," ","0",0,"P"," ","0",0,"P"," ","0",0,"P"," ","0",0,"P"," ","0",0,"P"," ","0",0,"P"," ","0",0,"P"," ","0",0,"P"," ","0",25," "," ","0",127," "," ","0",0,"P"," ","0"
"3825","USC00413787",1999,1,"SNWD",0,"P"," ","0",0,"P"," ","0",0,"P"," ","0",0,"P"," ","0",0,"P"," ","0",0,"P"," ","0",0,"P"," ","0",0,"P"," ","0",0,"P"," ","0",0,"P"," ","0",0,"P"," ","0",0,"P"," ","0",0,"P"," ","0",0,"P"," ","0",0,"P"," ","0",0,"P"," ","0",0,"P"," ","0",0,"P"," ","0",0,"P"," ","0",0,"P"," ","0",0,"P"," ","0",0,"P"," ","0",0,"P"," ","0",0,"P"," ","0",0,"P"," ","0",0,"P"," ","0",0,"P"," ","0",0,"P"," ","0",0,"P"," ","0",NA," "," "," ",NA," "," "," "
"3826","USC00413787",1999,2,"TMAX",11," "," ","0",39," "," ","0",100," "," ","0",133," "," ","0",139," "," ","0",217," "," ","0",167," "," ","0",189," "," ","0",217," "," ","0",167," "," ","0",261," "," ","0",33," "," ","0",122," "," ","0",183," "," ","0",261," "," ","0",200," "," ","0",128," "," ","0",172," "," ","0",161," "," ","0",161," "," ","0",117," "," ","0",133," "," ","0",167," "," ","0",217," "," ","0",222," "," ","0",239," "," ","0",139," "," ","0",206," "," ","0",NA," "," "," ",NA," "," "," ",NA," "," "," "
"3827","USC00413787",1999,2,"TMIN",-17," "," ","0",-22," ","I","0",-33," "," ","0",-33," "," ","0",-33," "," ","0",28," "," ","0",-22," "," ","0",-22," "," ","0",6," "," ","0",6," "," ","0",-28," "," ","0",-94," "," ","0",-56," "," ","0",-50," "," ","0",11," "," ","0",-28," "," ","0",-22," "," ","0",-22," "," ","0",-11," "," ","0",-56," "," ","0",0," "," ","0",-72," "," ","0",-67," "," ","0",-33," "," ","0",-11," "," ","0",-11," "," ","0",-39," "," ","0",0," "," ","0",NA," "," "," ",NA," "," "," ",NA," "," "," "
"3828","USC00413787",1999,2,"TOBS",11," "," ","0",-33," ","I","0",22," "," ","0",-33," "," ","0",100," "," ","0",28," "," ","0",-17," "," ","0",33," "," ","0",6," "," ","0",44," "," ","0",-28," "," ","0",-56," "," ","0",-50," "," ","0",133," "," ","0",17," "," ","0",-22," "," ","0",-22," "," ","0",-11," "," ","0",44," "," ","0",28," "," ","0",0," "," ","0",-67," "," ","0",-33," "," ","0",-11," "," ","0",11," "," ","0",33," "," ","0",56," "," ","0",11," "," ","0",NA," "," "," ",NA," "," "," ",NA," "," "," "
"3829","USC00413787",1999,2,"PRCP",0,"P"," ","0",0,"P"," ","0",0,"P"," ","0",0,"P"," ","0",0,"P"," ","0",0,"P"," ","0",0,"P"," ","0",0,"P"," ","0",0,"P"," ","0",0,"P"," ","0",0,"T"," ","0",0,"P"," ","0",0,"P"," ","0",0,"P"," ","0",0,"P"," ","0",8," "," ","0",0,"P"," ","0",0,"P"," ","0",0,"P"," ","0",0,"P"," ","0",0,"P"," ","0",0,"P"," ","0",0,"P"," ","0",0,"P"," ","0",0,"P"," ","0",0,"P"," ","0",0,"P"," ","0",0,"P"," ","0",NA," "," "," ",NA," "," "," ",NA," "," "," "
"3830","USC00413787",1999,2,"SNOW",0,"P"," ","0",0,"P"," ","0",0,"P"," ","0",0,"P"," ","0",0,"P"," ","0",0,"P"," ","0",0,"P"," ","0",0,"P"," ","0",0,"P"," ","0",0,"P"," ","0",0,"P"," ","0",0,"P"," ","0",0,"P"," ","0",0,"P"," ","0",0,"P"," ","0",0,"P"," ","0",0,"P"," ","0",0,"P"," ","0",0,"P"," ","0",0,"P"," ","0",0,"P"," ","0",0,"P"," ","0",0,"P"," ","0",0,"P"," ","0",0,"P"," ","0",0,"P"," ","0",0,"P"," ","0",0,"P"," ","0",NA," "," "," ",NA," "," "," ",NA," "," "," "
"3831","USC00413787",1999,2,"SNWD",0,"P"," ","0",0,"P"," ","0",0,"P"," ","0",0,"P"," ","0",0,"P"," ","0",0,"P"," ","0",0,"P"," ","0",0,"P"," ","0",0,"P"," ","0",0,"P"," ","0",0,"P"," ","0",0,"P"," ","0",0,"P"," ","0",0,"P"," ","0",0,"P"," ","0",0,"P"," ","0",0,"P"," ","0",0,"P"," ","0",0,"P"," ","0",0,"P"," ","0",0,"P"," ","0",0,"P"," ","0",0,"P"," ","0",0,"P"," ","0",0,"P"," ","0",0,"P"," ","0",0,"P"," ","0",0,"P"," ","0",NA," "," "," ",NA," "," "," ",NA," "," "," "
"3832","USC00413787",1999,3,"TMAX",239," "," ","0",128," "," ","0",167," "," ","0",244," "," ","0",144," "," ","0",78," "," ","0",17," "," ","0",117," "," ","0",150," "," ","0",150," "," ","0",0," "," ","0",NA," "," "," ",0," "," ","0",-17," "," ","0",94," "," ","0",250," "," ","0",250," "," ","0",133," "," ","0",0," "," ","0",22," "," ","0",106," "," ","0",206," "," ","0",178," "," ","0",94," "," ","0",78," "," ","0",133," "," ","0",167," "," ","0",167," "," ","0",172," "," ","0",206," "," ","0",NA," "," "," "
"3833","USC00413787",1999,3,"TMIN",11," "," ","0",-67," "," ","0",-56," "," ","0",6," "," ","0",-44," "," ","0",-28," "," ","0",-17," "," ","0",-44," "," ","0",-28," "," ","0",-17," "," ","0",-17," "," ","0",NA," "," "," ",-56," "," ","0",-83," "," ","0",-78," "," ","0",22," "," ","0",22," "," ","0",0," "," ","0",-11," "," ","0",-56," "," ","0",-11," "," ","0",50," "," ","0",-6," "," ","0",0," "," ","0",-6," "," ","0",17," "," ","0",39," "," ","0",72," "," ","0",50," "," ","0",50," "," ","0",NA," "," "," "
"3834","USC00413787",1999,3,"TOBS",44," "," ","0",-61," "," ","0",22," "," ","0",6," "," ","0",-28," "," ","0",-17," "," ","0",6," "," ","0",-28," "," ","0",11," "," ","0",-17," "," ","0",-11," "," ","0",NA," "," "," ",-56," "," ","0",-17," "," ","0",22," "," ","0",72," "," ","0",56," "," ","0",0," "," ","0",-6," "," ","0",6," "," ","0",50," "," ","0",83," "," ","0",0," "," ","0",28," "," ","0",17," "," ","0",39," "," ","0",128," "," ","0",111," "," ","0",72," "," ","0",100," "," ","0",NA," "," "," "
"3835","USC00413787",1999,3,"PRCP",0,"P"," ","0",0,"P"," ","0",0,"P"," ","0",0,"P"," ","0",0,"P"," ","0",0,"P"," ","0",89," "," ","0",0,"P"," ","0",0,"P"," ","0",0,"P"," ","0",175," "," ","0",NA," "," "," ",64," "," ","0",0,"P"," ","0",0,"P"," ","0",0,"P"," ","0",0,"P"," ","0",30," "," ","0",323," "," ","0",0,"P"," ","0",0,"P"," ","0",0,"P"," ","0",0,"P"," ","0",0,"P"," ","0",0,"P"," ","0",0,"P"," ","0",0,"P"," ","0",0,"P"," ","0",0,"P"," ","0",0,"P"," ","0",0,"P"," ","0"
"3836","USC00413787",1999,3,"SNOW",0,"P"," ","0",0,"P"," ","0",0,"P"," ","0",0,"P"," ","0",0,"P"," ","0",0,"P"," ","0",0,"P"," ","0",0,"P"," ","0",0,"P"," ","0",0,"P"," ","0",NA," "," "," ",NA," "," "," ",NA," "," "," ",0,"P"," ","0",0,"P"," ","0",0,"P"," ","0",0,"P"," ","0",0,"P"," ","0",NA," "," "," ",0,"P"," ","0",0,"P"," ","0",0,"P"," ","0",0,"P"," ","0",0,"P"," ","0",0,"P"," ","0",0,"P"," ","0",0,"P"," ","0",0,"P"," ","0",0,"P"," ","0",0,"P"," ","0",0,"P"," ","0"
"3837","USC00413787",1999,3,"SNWD",0,"P"," ","0",0,"P"," ","0",0,"P"," ","0",0,"P"," ","0",0,"P"," ","0",0,"P"," ","0",0,"P"," ","0",0,"P"," ","0",0,"P"," ","0",0,"P"," ","0",25," "," ","0",NA," "," "," ",NA," "," "," ",NA," "," "," ",NA," "," "," ",NA," "," "," ",0,"P"," ","0",0,"P"," ","0",152," "," ","0",NA," "," "," ",NA," "," "," ",NA," "," "," ",NA," "," "," ",NA," "," "," ",0,"P"," ","0",0,"P"," ","0",0,"P"," ","0",0,"P"," ","0",0,"P"," ","0",0,"P"," ","0",0,"P"," ","0"
"3838","USC00413787",1999,4,"TMAX",272," "," ","0",272," "," ","0",128," "," ","0",167," "," ","0",200," "," ","0",156," "," ","0",244," "," ","0",228," "," ","0",244," "," ","0",267," "," ","0",206," "," ","0",172," "," ","0",211," "," ","0",144," "," ","0",106," "," ","0",83," "," ","0",100," "," ","0",172," "," ","0",272," "," ","0",267," "," ","0",306," "," ","0",244," "," ","0",244," "," ","0",61," "," ","0",83," "," ","0",217," "," ","0",217," "," ","0",256," "," ","0",244," "," ","0",117," "," ","0",NA," "," "," "
"3839","USC00413787",1999,4,"TMIN",83," "," ","0",6," "," ","0",-11," "," ","0",-6," "," ","0",28," "," ","0",28," "," ","0",44," "," ","0",67," "," ","0",28," "," ","0",17," "," ","0",-6," "," ","0",44," "," ","0",56," "," ","0",106," "," ","0",0," "," ","0",-22," "," ","0",-22," "," ","0",-22," "," ","0",44," "," ","0",72," "," ","0",100," "," ","0",106," "," ","0",44," "," ","0",33," "," ","0",39," "," ","0",33," "," ","0",33," "," ","0",78," "," ","0",94," "," ","0",100," "," ","0",NA," "," "," "
"3840","USC00413787",1999,4,"TOBS",122," "," ","0",17," "," ","0",-6," "," ","0",133," "," ","0",28," "," ","0",44," "," ","0",67," "," ","0",128," "," ","0",28," "," ","0",106," "," ","0",67," "," ","0",56," "," ","0",128," "," ","0",106," "," ","0",6," "," ","0",0," "," ","0",-22," "," ","0",172," "," ","0",72," "," ","0",100," "," ","0",122," "," ","0",111," "," ","0",44," "," ","0",39," "," ","0",83," "," ","0",39," "," ","0",78," "," ","0",94," "," ","0",106," "," ","0",111," "," ","0",NA," "," "," "
"3841","USC00413787",1999,4,"PRCP",0,"P"," ","0",0,"P"," ","0",0,"P"," ","0",0,"P"," ","0",170," "," ","0",0,"P"," ","0",0,"P"," ","0",0,"P"," ","0",0,"P"," ","0",0,"P"," ","0",0,"P"," ","0",0,"P"," ","0",0,"P"," ","0",361," "," ","0",384," "," ","0",0,"P"," ","0",0,"P"," ","0",0,"P"," ","0",0,"P"," ","0",0,"P"," ","0",0,"P"," ","0",0,"P"," ","0",13," "," ","0",5," "," ","0",104," "," ","0",48," "," ","0",0,"P"," ","0",0,"P"," ","0",208," "," ","0",0,"P"," ","0",NA," "," "," "
"3842","USC00413787",1999,4,"SNOW",0,"P"," ","0",0,"P"," ","0",0,"P"," ","0",0,"P"," ","0",0,"P"," ","0",0,"P"," ","0",0,"P"," ","0",0,"P"," ","0",0,"P"," ","0",0,"P"," ","0",0,"P"," ","0",0,"P"," ","0",0,"P"," ","0",0,"P"," ","0",0,"P"," ","0",0,"P"," ","0",0,"P"," ","0",0,"P"," ","0",0,"P"," ","0",0,"P"," ","0",0,"P"," ","0",0,"P"," ","0",0,"P"," ","0",0,"P"," ","0",0,"P"," ","0",0,"P"," ","0",0,"P"," ","0",0,"P"," ","0",0,"P"," ","0",0,"P"," ","0",NA," "," "," "
"3843","USC00413787",1999,4,"SNWD",0,"P"," ","0",0,"P"," ","0",0,"P"," ","0",0,"P"," ","0",0,"P"," ","0",0,"P"," ","0",0,"P"," ","0",0,"P"," ","0",0,"P"," ","0",0,"P"," ","0",0,"P"," ","0",0,"P"," ","0",0,"P"," ","0",0,"P"," ","0",0,"P"," ","0",0,"P"," ","0",0,"P"," ","0",0,"P"," ","0",0,"P"," ","0",0,"P"," ","0",0,"P"," ","0",0,"P"," ","0",0,"P"," ","0",0,"P"," ","0",0,"P"," ","0",0,"P"," ","0",0,"P"," ","0",0,"P"," ","0",0,"P"," ","0",0,"P"," ","0",NA," "," "," "
"3844","USC00413787",1999,5,"TMAX",150," "," ","0",117," "," ","0",228," "," ","0",244," "," ","0",172," "," ","0",161," "," ","0",172," "," ","0",250," "," ","0",294," "," ","0",272," "," ","0",250," "," ","0",156," "," ","0",206," "," ","0",NA," "," "," ",317," "," ","0",306," "," ","0",306," "," ","0",211," "," ","0",256," "," ","0",283," "," ","0",283," "," ","0",272," "," ","0",306," "," ","0",250," "," ","0",261," "," ","0",233," "," ","0",217," "," ","0",178," "," ","0",228," "," ","0",239," "," ","0",322," "," ","0"
"3845","USC00413787",1999,5,"TMIN",94," "," ","0",78," "," ","0",61," "," ","0",61," "," ","0",83," "," ","0",56," "," ","0",28," "," ","0",44," "," ","0",72," "," ","0",122," "," ","0",78," "," ","0",61," "," ","0",78," ","I","0",NA," "," "," ",94," "," ","0",106," "," ","0",106," "," ","0",61," "," ","0",89," "," ","0",133," "," ","0",100," "," ","0",122," "," ","0",139," "," ","0",122," "," ","0",144," "," ","0",111," "," ","0",122," "," ","0",89," "," ","0",106," "," ","0",128," "," ","0",117," "," ","0"
"3846","USC00413787",1999,5,"TOBS",100," "," ","0",117," "," ","0",83," "," ","0",106," "," ","0",83," "," ","0",56," "," ","0",44," "," ","0",72," "," ","0",161," "," ","0",128," "," ","0",89," "," ","0",78," "," ","0",50," ","I","0",NA," "," "," ",106," "," ","0",222," "," ","0",106," "," ","0",89," "," ","0",133," "," ","0",167," "," ","0",122," "," ","0",183," "," ","0",161," "," ","0",150," "," ","0",144," "," ","0",122," "," ","0",133," "," ","0",106," "," ","0",128," "," ","0",156," "," ","0",122," "," ","0"
"3847","USC00413787",1999,5,"PRCP",391," "," ","0",330," "," ","0",0,"P"," ","0",0,"P"," ","0",5," "," ","0",3," "," ","0",0,"P"," ","0",0,"P"," ","0",0,"P"," ","0",0,"P"," ","0",0,"P"," ","0",0,"P"," ","0",0,"P"," ","0",0,"P"," ","0",0,"P"," ","0",0,"P"," ","0",0,"P"," ","0",0,"P"," ","0",0,"P"," ","0",0,"P"," ","0",0,"P"," ","0",0,"P"," ","0",8," "," ","0",0,"P"," ","0",3," "," ","0",36," "," ","0",79," "," ","0",310," "," ","0",0,"P"," ","0",0,"P"," ","0",0,"P"," ","0"
"3848","USC00413787",1999,5,"SNOW",0,"P"," ","0",0,"P"," ","0",0,"P"," ","0",0,"P"," ","0",0,"P"," ","0",0,"P"," ","0",0,"P"," ","0",0,"P"," ","0",0,"P"," ","0",0,"P"," ","0",0,"P"," ","0",0,"P"," ","0",0,"P"," ","0",0,"P"," ","0",0,"P"," ","0",0,"P"," ","0",0,"P"," ","0",0,"P"," ","0",0,"P"," ","0",0,"P"," ","0",0,"P"," ","0",0,"P"," ","0",0,"P"," ","0",0,"P"," ","0",0,"P"," ","0",0,"P"," ","0",0,"P"," ","0",0,"P"," ","0",0,"P"," ","0",0,"P"," ","0",0,"P"," ","0"
"3849","USC00413787",1999,5,"SNWD",0,"P"," ","0",0,"P"," ","0",0,"P"," ","0",0,"P"," ","0",0,"P"," ","0",0,"P"," ","0",0,"P"," ","0",0,"P"," ","0",0,"P"," ","0",0,"P"," ","0",0,"P"," ","0",0,"P"," ","0",0,"P"," ","0",0,"P"," ","0",0,"P"," ","0",0,"P"," ","0",0,"P"," ","0",0,"P"," ","0",0,"P"," ","0",0,"P"," ","0",0,"P"," ","0",0,"P"," ","0",0,"P"," ","0",0,"P"," ","0",0,"P"," ","0",0,"P"," ","0",0,"P"," ","0",0,"P"," ","0",0,"P"," ","0",0,"P"," ","0",0,"P"," ","0"
"3850","USC00413787",1999,6,"TMAX",294," "," ","0",278," "," ","0",311," "," ","0",306," "," ","0",322," "," ","0",300," "," ","0",306," "," ","0",306," "," ","0",317," "," ","0",306," "," ","0",278," "," ","0",256," "," ","0",256," "," ","0",244," "," ","0",261," "," ","0",283," "," ","0",189," "," ","0",217," "," ","0",322," "," ","0",322," "," ","0",300," "," ","0",272," "," ","0",311," "," ","0",344," "," ","0",333," "," ","0",317," "," ","0",356," "," ","0",378," "," ","0",306," "," ","0",356," "," ","0",NA," "," "," "
"3851","USC00413787",1999,6,"TMIN",122," "," ","0",139," "," ","0",150," "," ","0",189," "," ","0",178," "," ","0",100," "," ","0",161," "," ","0",172," "," ","0",167," "," ","0",139," "," ","0",133," "," ","0",144," "," ","0",128," "," ","0",128," "," ","0",122," "," ","0",106," "," ","0",78," "," ","0",111," "," ","0",122," "," ","0",156," "," ","0",178," "," ","0",194," "," ","0",189," "," ","0",172," "," ","0",150," "," ","0",167," "," ","0",167," "," ","0",189," "," ","0",161," "," ","0",172," "," ","0",NA," "," "," "
"3852","USC00413787",1999,6,"TOBS",139," "," ","0",161," "," ","0",194," "," ","0",206," "," ","0",189," "," ","0",211," "," ","0",172," "," ","0",189," "," ","0",189," "," ","0",150," "," ","0",161," "," ","0",156," "," ","0",161," "," ","0",150," "," ","0",144," "," ","0",128," "," ","0",111," "," ","0",156," "," ","0",217," "," ","0",239," "," ","0",194," "," ","0",200," "," ","0",206," "," ","0",172," "," ","0",178," "," ","0",183," "," ","0",306," "," ","0",211," "," ","0",172," "," ","0",189," "," ","0",NA," "," "," "
"3853","USC00413787",1999,6,"PRCP",0,"P"," ","0",0,"P"," ","0",145," "," ","0",0,"P"," ","0",3," "," ","0",0,"P"," ","0",0,"P"," ","0",0,"P"," ","0",13," "," ","0",0,"P"," ","0",0,"P"," ","0",18," "," ","0",0,"P"," ","0",0,"P"," ","0",0,"P"," ","0",0,"P"," ","0",0,"P"," ","0",0,"P"," ","0",0,"P"," ","0",0,"P"," ","0",0,"P"," ","0",0,"P"," ","0",0,"P"," ","0",81," "," ","0",0,"P"," ","0",3," "," ","0",0,"P"," ","0",0,"P"," ","0",0,"P"," ","0",157," "," ","0",NA," "," "," "
"3854","USC00413787",1999,6,"SNOW",0,"P"," ","0",0,"P"," ","0",0,"P"," ","0",0,"P"," ","0",0,"P"," ","0",0,"P"," ","0",0,"P"," ","0",0,"P"," ","0",0,"P"," ","0",0,"P"," ","0",0,"P"," ","0",0,"P"," ","0",0,"P"," ","0",0,"P"," ","0",0,"P"," ","0",0,"P"," ","0",0,"P"," ","0",0,"P"," ","0",0,"P"," ","0",0,"P"," ","0",0,"P"," ","0",0,"P"," ","0",0,"P"," ","0",0,"P"," ","0",0,"P"," ","0",0,"P"," ","0",0,"P"," ","0",0,"P"," ","0",0,"P"," ","0",0,"P"," ","0",NA," "," "," "
"3855","USC00413787",1999,6,"SNWD",0,"P"," ","0",0,"P"," ","0",0,"P"," ","0",0,"P"," ","0",0,"P"," ","0",0,"P"," ","0",0,"P"," ","0",0,"P"," ","0",0,"P"," ","0",0,"P"," ","0",0,"P"," ","0",0,"P"," ","0",0,"P"," ","0",0,"P"," ","0",0,"P"," ","0",0,"P"," ","0",0,"P"," ","0",0,"P"," ","0",0,"P"," ","0",0,"P"," ","0",0,"P"," ","0",0,"P"," ","0",0,"P"," ","0",0,"P"," ","0",0,"P"," ","0",0,"P"," ","0",0,"P"," ","0",0,"P"," ","0",0,"P"," ","0",0,"P"," ","0",NA," "," "," "
"3856","USC00413787",1999,7,"TMAX",322," "," ","0",311," "," ","0",372," "," ","0",333," "," ","0",333," "," ","0",350," "," ","0",333," "," ","0",333," "," ","0",356," "," ","0",333," "," ","0",267," "," ","0",267," "," ","0",283," "," ","0",328," "," ","0",333," "," ","0",356," "," ","0",322," "," ","0",289," "," ","0",317," "," ","0",322," "," ","0",322," "," ","0",339," "," ","0",333," "," ","0",361," "," ","0",372," "," ","0",356," "," ","0",372," "," ","0",361," "," ","0",356," "," ","0",372," "," ","0",NA," "," "," "
"3857","USC00413787",1999,7,"TMIN",189," "," ","0",189," "," ","0",222," "," ","0",217," "," ","0",211," "," ","0",178," "," ","0",183," "," ","0",183," "," ","0",194," "," ","0",139," "," ","0",128," "," ","0",150," "," ","0",156," "," ","0",178," "," ","0",194," "," ","0",217," "," ","0",189," "," ","0",194," "," ","0",189," "," ","0",194," "," ","0",206," "," ","0",189," "," ","0",200," "," ","0",194," "," ","0",206," "," ","0",194," ","I","0",189," "," ","0",189," "," ","0",206," "," ","0",200," "," ","0",NA," "," "," "
"3858","USC00413787",1999,7,"TOBS",217," "," ","0",228," "," ","0",222," "," ","0",244," "," ","0",228," "," ","0",189," "," ","0",194," "," ","0",206," "," ","0",217," "," ","0",156," "," ","0",167," "," ","0",156," "," ","0",178," "," ","0",194," "," ","0",217," "," ","0",228," "," ","0",206," "," ","0",250," "," ","0",200," "," ","0",206," "," ","0",222," "," ","0",200," "," ","0",206," "," ","0",200," "," ","0",250," "," ","0",183," ","I","0",289," "," ","0",206," "," ","0",217," "," ","0",217," "," ","0",NA," "," "," "
"3859","USC00413787",1999,7,"PRCP",0,"P"," ","0",0,"P"," ","0",0,"P"," ","0",0,"P"," ","0",0,"P"," ","0",0,"P"," ","0",0,"P"," ","0",0,"P"," ","0",0,"P"," ","0",401," "," ","0",0,"P"," ","0",0,"P"," ","0",0,"P"," ","0",0,"P"," ","0",0,"P"," ","0",0,"P"," ","0",33," "," ","0",53," "," ","0",0,"P"," ","0",0,"P"," ","0",0,"P"," ","0",0,"P"," ","0",0,"P"," ","0",0,"P"," ","0",0,"P"," ","0",0,"P"," ","0",0,"P"," ","0",0,"P"," ","0",0,"P"," ","0",0,"P"," ","0",0,"P"," ","0"
"3860","USC00413787",1999,7,"SNOW",0,"P"," ","0",0,"P"," ","0",0,"P"," ","0",0,"P"," ","0",0,"P"," ","0",0,"P"," ","0",0,"P"," ","0",0,"P"," ","0",0,"P"," ","0",0,"P"," ","0",0,"P"," ","0",0,"P"," ","0",0,"P"," ","0",0,"P"," ","0",0,"P"," ","0",0,"P"," ","0",0,"P"," ","0",0,"P"," ","0",0,"P"," ","0",0,"P"," ","0",0,"P"," ","0",0,"P"," ","0",0,"P"," ","0",0,"P"," ","0",0,"P"," ","0",0,"P"," ","0",0,"P"," ","0",0,"P"," ","0",0,"P"," ","0",0,"P"," ","0",0,"P"," ","0"
"3861","USC00413787",1999,7,"SNWD",0,"P"," ","0",0,"P"," ","0",0,"P"," ","0",0,"P"," ","0",0,"P"," ","0",0,"P"," ","0",0,"P"," ","0",0,"P"," ","0",0,"P"," ","0",0,"P"," ","0",0,"P"," ","0",0,"P"," ","0",0,"P"," ","0",0,"P"," ","0",0,"P"," ","0",0,"P"," ","0",0,"P"," ","0",0,"P"," ","0",0,"P"," ","0",0,"P"," ","0",0,"P"," ","0",0,"P"," ","0",0,"P"," ","0",0,"P"," ","0",0,"P"," ","0",0,"P"," ","0",0,"P"," ","0",0,"P"," ","0",0,"P"," ","0",0,"P"," ","0",0,"P"," ","0"
"3862","USC00413787",1999,8,"TMAX",350," "," ","0",350," "," ","0",222," "," ","0",272," "," ","0",272," "," ","0",283," "," ","0",322," "," ","0",344," "," ","0",322," "," ","0",344," "," ","0",356," "," ","0",361," "," ","0",344," "," ","0",311," "," ","0",339," "," ","0",389," "," ","0",378," "," ","0",356," "," ","0",NA," "," "," ",317," "," ","0",344," "," ","0",372," "," ","0",350," "," ","0",339," "," ","0",350," "," ","0",356," "," ","0",367," "," ","0",383," "," ","0",383," "," ","0",372," "," ","0",367," "," ","0"
"3863","USC00413787",1999,8,"TMIN",178," "," ","0",178," "," ","0",178," "," ","0",183," "," ","0",183," "," ","0",178," "," ","0",189," "," ","0",206," "," ","0",194," "," ","0",194," "," ","0",194," "," ","0",189," "," ","0",172," "," ","0",144," "," ","0",178," "," ","0",183," "," ","0",172," "," ","0",178," "," ","0",NA," "," "," ",172," "," ","0",206," ","I","0",183," "," ","0",189," "," ","0",167," "," ","0",167," "," ","0",194," "," ","0",194," "," ","0",211," ","I","0",194," "," ","0",200," "," ","0",200," "," ","0"
"3864","USC00413787",1999,8,"TOBS",194," "," ","0",183," "," ","0",183," "," ","0",194," "," ","0",194," "," ","0",194," "," ","0",222," "," ","0",211," "," ","0",206," "," ","0",194," "," ","0",217," "," ","0",200," "," ","0",172," "," ","0",178," "," ","0",200," "," ","0",200," "," ","0",178," "," ","0",194," "," ","0",NA," "," "," ",178," ","I","0",244," "," ","0",250," "," ","0",194," "," ","0",167," "," ","0",206," "," ","0",194," "," ","0",200," ","I","0",211," "," ","0",261," "," ","0",206," "," ","0",206," "," ","0"
"3865","USC00413787",1999,8,"PRCP",8," "," ","0",61," "," ","0",218," "," ","0",3," "," ","0",76," "," ","0",0,"P"," ","0",0,"P"," ","0",0,"P"," ","0",0,"P"," ","0",0,"P"," ","0",0,"P"," ","0",0,"P"," ","0",0,"P"," ","0",0,"P"," ","0",0,"P"," ","0",0,"P"," ","0",0,"P"," ","0",0,"P"," ","0",0,"P"," ","0",0,"P"," ","0",0,"P"," ","0",0,"P"," ","0",0,"P"," ","0",0,"P"," ","0",0,"P"," ","0",0,"P"," ","0",0,"P"," ","0",0,"P"," ","0",25," "," ","0",0,"P"," ","0",0,"P"," ","0"
"3866","USC00413787",1999,8,"SNOW",0,"P"," ","0",0,"P"," ","0",0,"P"," ","0",0,"P"," ","0",0,"P"," ","0",0,"P"," ","0",0,"P"," ","0",0,"P"," ","0",0,"P"," ","0",0,"P"," ","0",0,"P"," ","0",0,"P"," ","0",0,"P"," ","0",0,"P"," ","0",0,"P"," ","0",0,"P"," ","0",0,"P"," ","0",0,"P"," ","0",0,"P"," ","0",0,"P"," ","0",0,"P"," ","0",0,"P"," ","0",0,"P"," ","0",0,"P"," ","0",0,"P"," ","0",0,"P"," ","0",0,"P"," ","0",0,"P"," ","0",0,"P"," ","0",0,"P"," ","0",0,"P"," ","0"
"3867","USC00413787",1999,8,"SNWD",0,"P"," ","0",0,"P"," ","0",0,"P"," ","0",0,"P"," ","0",0,"P"," ","0",0,"P"," ","0",0,"P"," ","0",0,"P"," ","0",0,"P"," ","0",0,"P"," ","0",0,"P"," ","0",0,"P"," ","0",0,"P"," ","0",0,"P"," ","0",0,"P"," ","0",0,"P"," ","0",0,"P"," ","0",0,"P"," ","0",0,"P"," ","0",0,"P"," ","0",0,"P"," ","0",0,"P"," ","0",0,"P"," ","0",0,"P"," ","0",0,"P"," ","0",0,"P"," ","0",0,"P"," ","0",0,"P"," ","0",0,"P"," ","0",0,"P"," ","0",0,"P"," ","0"
"3868","USC00413787",1999,9,"TMAX",361," "," ","0",350," "," ","0",333," "," ","0",311," "," ","0",333," "," ","0",283," "," ","0",333," "," ","0",378," "," ","0",244," "," ","0",294," "," ","0",339," "," ","0",300," "," ","0",189," "," ","0",250," "," ","0",267," "," ","0",161," "," ","0",183," "," ","0",267," "," ","0",267," "," ","0",244," "," ","0",150," "," ","0",217," "," ","0",272," "," ","0",289," "," ","0",283," "," ","0",322," "," ","0",250," "," ","0",133," "," ","0",139," "," ","0",189," "," ","0",NA," "," "," "
"3869","USC00413787",1999,9,"TMIN",194," "," ","0",200," "," ","0",194," "," ","0",178," "," ","0",161," "," ","0",161," "," ","0",178," "," ","0",183," "," ","0",133," "," ","0",150," "," ","0",161," "," ","0",117," "," ","0",94," "," ","0",111," "," ","0",133," "," ","0",128," "," ","0",133," "," ","0",144," ","I","0",122," "," ","0",94," "," ","0",67," "," ","0",67," "," ","0",72," "," ","0",128," "," ","0",94," "," ","0",94," "," ","0",94," "," ","0",83," "," ","0",28," "," ","0",28," "," ","0",NA," "," "," "
"3870","USC00413787",1999,9,"TOBS",200," "," ","0",200," "," ","0",194," "," ","0",194," "," ","0",161," "," ","0",178," "," ","0",200," "," ","0",183," "," ","0",150," "," ","0",194," "," ","0",172," "," ","0",128," "," ","0",111," "," ","0",139," "," ","0",133," "," ","0",133," "," ","0",144," "," ","0",133," ","I","0",189," "," ","0",94," "," ","0",67," "," ","0",72," "," ","0",128," "," ","0",133," "," ","0",100," "," ","0",139," "," ","0",94," "," ","0",83," "," ","0",28," "," ","0",44," "," ","0",NA," "," "," "
"3871","USC00413787",1999,9,"PRCP",0,"P"," ","0",0,"P"," ","0",0,"P"," ","0",0,"P"," ","0",15," "," ","0",0,"P"," ","0",0,"P"," ","0",0,"P"," ","0",0,"P"," ","0",0,"P"," ","0",15," "," ","0",0,"P"," ","0",0,"P"," ","0",0,"P"," ","0",25," "," ","0",13," "," ","0",0,"P"," ","0",5," "," ","0",0,"P"," ","0",0,"P"," ","0",5," "," ","0",0,"P"," ","0",0,"P"," ","0",0,"P"," ","0",0,"P"," ","0",0,"P"," ","0",0,"P"," ","0",0,"P"," ","0",0,"P"," ","0",0,"P"," ","0",NA," "," "," "
"3872","USC00413787",1999,9,"SNOW",0,"P"," ","0",0,"P"," ","0",0,"P"," ","0",0,"P"," ","0",0,"P"," ","0",0,"P"," ","0",0,"P"," ","0",0,"P"," ","0",0,"P"," ","0",0,"P"," ","0",0,"P"," ","0",0,"P"," ","0",0,"P"," ","0",0,"P"," ","0",0,"P"," ","0",0,"P"," ","0",0,"P"," ","0",0,"P"," ","0",0,"P"," ","0",0,"P"," ","0",0,"P"," ","0",0,"P"," ","0",0,"P"," ","0",0,"P"," ","0",0,"P"," ","0",0,"P"," ","0",0,"P"," ","0",0,"P"," ","0",0,"P"," ","0",0,"P"," ","0",NA," "," "," "
"3873","USC00413787",1999,9,"SNWD",0,"P"," ","0",0,"P"," ","0",0,"P"," ","0",0,"P"," ","0",0,"P"," ","0",0,"P"," ","0",0,"P"," ","0",0,"P"," ","0",0,"P"," ","0",0,"P"," ","0",0,"P"," ","0",0,"P"," ","0",0,"P"," ","0",0,"P"," ","0",0,"P"," ","0",0,"P"," ","0",0,"P"," ","0",0,"P"," ","0",0,"P"," ","0",0,"P"," ","0",0,"P"," ","0",0,"P"," ","0",0,"P"," ","0",0,"P"," ","0",0,"P"," ","0",0,"P"," ","0",0,"P"," ","0",0,"P"," ","0",0,"P"," ","0",0,"P"," ","0",NA," "," "," "
"3874","USC00413787",1999,10,"TMAX",261," "," ","0",328," "," ","0",111," "," ","0",144," "," ","0",206," "," ","0",283," "," ","0",306," "," ","0",256," "," ","0",256," "," ","0",239," "," ","0",283," "," ","0",283," "," ","0",306," "," ","0",211," "," ","0",306," "," ","0",261," "," ","0",122," "," ","0",89," "," ","0",167," "," ","0",161," "," ","0",239," "," ","0",278," "," ","0",244," "," ","0",228," "," ","0",278," "," ","0",239," "," ","0",283," "," ","0",267," "," ","0",267," "," ","0",267," "," ","0",267," "," ","0"
"3875","USC00413787",1999,10,"TMIN",44," "," ","0",22," "," ","0",22," "," ","0",-6," "," ","0",11," "," ","0",83," ","I","0",128," "," ","0",106," "," ","0",78," "," ","0",83," "," ","0",83," "," ","0",83," "," ","0",94," "," ","0",67," "," ","0",78," "," ","0",44," "," ","0",28," "," ","0",-6," "," ","0",0," "," ","0",17," "," ","0",17," "," ","0",28," "," ","0",22," "," ","0",50," "," ","0",39," "," ","0",28," "," ","0",28," "," ","0",44," "," ","0",39," "," ","0",39," "," ","0",17," "," ","0"
"3876","USC00413787",1999,10,"TOBS",61," "," ","0",28," "," ","0",44," "," ","0",11," "," ","0",61," ","I","0",128," "," ","0",150," "," ","0",111," "," ","0",106," "," ","0",128," "," ","0",94," "," ","0",106," "," ","0",100," "," ","0",78," "," ","0",144," "," ","0",44," "," ","0",28," "," ","0",0," "," ","0",67," "," ","0",17," "," ","0",28," "," ","0",39," "," ","0",83," "," ","0",89," "," ","0",44," "," ","0",33," "," ","0",94," "," ","0",44," "," ","0",111," "," ","0",44," "," ","0",44," "," ","0"
"3877","USC00413787",1999,10,"PRCP",0,"P"," ","0",0,"P"," ","0",0,"P"," ","0",0,"P"," ","0",0,"P"," ","0",0,"P"," ","0",0,"P"," ","0",152," "," ","0",132," "," ","0",0,"P"," ","0",0,"P"," ","0",0,"P"," ","0",0,"P"," ","0",0,"P"," ","0",0,"P"," ","0",0,"P"," ","0",0,"P"," ","0",0,"P"," ","0",0,"P"," ","0",0,"P"," ","0",0,"P"," ","0",0,"P"," ","0",0,"P"," ","0",0,"P"," ","0",0,"P"," ","0",0,"P"," ","0",0,"P"," ","0",0,"P"," ","0",0,"P"," ","0",0,"P"," ","0",0,"P"," ","0"
"3878","USC00413787",1999,10,"SNOW",0,"P"," ","0",0,"P"," ","0",0,"P"," ","0",0,"P"," ","0",0,"P"," ","0",0,"P"," ","0",0,"P"," ","0",0,"P"," ","0",0,"P"," ","0",0,"P"," ","0",0,"P"," ","0",0,"P"," ","0",0,"P"," ","0",0,"P"," ","0",0,"P"," ","0",0,"P"," ","0",0,"P"," ","0",0,"P"," ","0",0,"P"," ","0",0,"P"," ","0",0,"P"," ","0",0,"P"," ","0",0,"P"," ","0",0,"P"," ","0",0,"P"," ","0",0,"P"," ","0",0,"P"," ","0",0,"P"," ","0",0,"P"," ","0",0,"P"," ","0",0,"P"," ","0"
"3879","USC00413787",1999,10,"SNWD",0,"P"," ","0",0,"P"," ","0",0,"P"," ","0",0,"P"," ","0",0,"P"," ","0",0,"P"," ","0",0,"P"," ","0",0,"P"," ","0",0,"P"," ","0",0,"P"," ","0",0,"P"," ","0",0,"P"," ","0",0,"P"," ","0",0,"P"," ","0",0,"P"," ","0",0,"P"," ","0",0,"P"," ","0",0,"P"," ","0",0,"P"," ","0",0,"P"," ","0",0,"P"," ","0",0,"P"," ","0",0,"P"," ","0",0,"P"," ","0",0,"P"," ","0",0,"P"," ","0",0,"P"," ","0",0,"P"," ","0",0,"P"," ","0",0,"P"," ","0",0,"P"," ","0"
"3880","USC00413787",1999,11,"TMAX",189," "," ","0",156," "," ","0",156," "," ","0",228," "," ","0",256," "," ","0",211," "," ","0",228," "," ","0",256," "," ","0",228," "," ","0",289," "," ","0",289," "," ","0",272," "," ","0",256," "," ","0",267," "," ","0",211," "," ","0",233," "," ","0",256," "," ","0",261," "," ","0",244," "," ","0",244," "," ","0",233," "," ","0",178," "," ","0",83," "," ","0",78," "," ","0",117," "," ","0",233," "," ","0",178," "," ","0",117," "," ","0",122," "," ","0",NA," "," "," ",NA," "," "," "
"3881","USC00413787",1999,11,"TMIN",22," "," ","0",-39," "," ","0",-39," "," ","0",-6," "," ","0",0," "," ","0",44," ","I","0",83," ","I","0",17," "," ","0",83," "," ","0",50," "," ","0",50," "," ","0",22," "," ","0",28," "," ","0",61," "," ","0",17," "," ","0",11," "," ","0",11," "," ","0",67," "," ","0",6," "," ","0",6," "," ","0",28," "," ","0",-6," "," ","0",-50," "," ","0",-72," "," ","0",-67," "," ","0",-6," "," ","0",-6," "," ","0",-33," "," ","0",-22," "," ","0",NA," "," "," ",NA," "," "," "
"3882","USC00413787",1999,11,"TOBS",44," "," ","0",-33," "," ","0",-6," "," ","0",11," "," ","0",17," "," ","0",0," ","I","0",17," "," ","0",83," "," ","0",111," "," ","0",61," "," ","0",78," "," ","0",28," "," ","0",172," "," ","0",133," "," ","0",28," "," ","0",11," "," ","0",67," "," ","0",128," "," ","0",6," "," ","0",28," "," ","0",100," "," ","0",22," "," ","0",-22," "," ","0",-67," "," ","0",-6," "," ","0",78," "," ","0",-6," "," ","0",-22," "," ","0",22," "," ","0",NA," "," "," ",NA," "," "," "
"3883","USC00413787",1999,11,"PRCP",0,"P"," ","0",0,"P"," ","0",0,"P"," ","0",0,"P"," ","0",0,"P"," ","0",0,"P"," ","0",0,"P"," ","0",0,"P"," ","0",0,"P"," ","0",0,"P"," ","0",0,"P"," ","0",0,"P"," ","0",0,"P"," ","0",0,"P"," ","0",0,"P"," ","0",0,"P"," ","0",0,"P"," ","0",0,"P"," ","0",0,"P"," ","0",0,"P"," ","0",0,"P"," ","0",0,"P"," ","0",0,"P"," ","0",0,"P"," ","0",0,"P"," ","0",0,"P"," ","0",0,"P"," ","0",0,"P"," ","0",0,"P"," ","0",0,"P"," ","0",NA," "," "," "
"3884","USC00413787",1999,11,"SNOW",0,"P"," ","0",0,"P"," ","0",0,"P"," ","0",0,"P"," ","0",0,"P"," ","0",0,"P"," ","0",0,"P"," ","0",0,"P"," ","0",0,"P"," ","0",0,"P"," ","0",0,"P"," ","0",0,"P"," ","0",0,"P"," ","0",0,"P"," ","0",0,"P"," ","0",0,"P"," ","0",0,"P"," ","0",0,"P"," ","0",0,"P"," ","0",0,"P"," ","0",0,"P"," ","0",0,"P"," ","0",0,"P"," ","0",0,"P"," ","0",0,"P"," ","0",0,"P"," ","0",0,"P"," ","0",0,"P"," ","0",0,"P"," ","0",0,"P"," ","0",NA," "," "," "
"3885","USC00413787",1999,11,"SNWD",0,"P"," ","0",0,"P"," ","0",0,"P"," ","0",0,"P"," ","0",0,"P"," ","0",0,"P"," ","0",0,"P"," ","0",0,"P"," ","0",0,"P"," ","0",0,"P"," ","0",0,"P"," ","0",0,"P"," ","0",0,"P"," ","0",0,"P"," ","0",0,"P"," ","0",0,"P"," ","0",0,"P"," ","0",0,"P"," ","0",0,"P"," ","0",0,"P"," ","0",0,"P"," ","0",0,"P"," ","0",0,"P"," ","0",0,"P"," ","0",0,"P"," ","0",0,"P"," ","0",0,"P"," ","0",0,"P"," ","0",0,"P"," ","0",0,"P"," ","0",NA," "," "," "
"3886","USC00413787",1999,12,"TMAX",178," "," ","0",217," "," ","0",156," "," ","0",100," "," ","0",0," "," ","0",28," "," ","0",56," "," ","0",106," "," ","0",78," "," ","0",78," "," ","0",89," "," ","0",67," "," ","0",94," "," ","0",117," "," ","0",28," "," ","0",106," "," ","0",150," "," ","0",139," "," ","0",117," "," ","0",106," "," ","0",-11," "," ","0",56," "," ","0",72," "," ","0",133," "," ","0",128," "," ","0",156," "," ","0",117," "," ","0",128," "," ","0",217," "," ","0",200," "," ","0",150," "," ","0"
"3887","USC00413787",1999,12,"TMIN",22," "," ","0",44," "," ","0",-39," "," ","0",-33," "," ","0",-111," "," ","0",-89," "," ","0",-89," "," ","0",-61," "," ","0",-33," "," ","0",-33," "," ","0",-44," "," ","0",-61," "," ","0",-89," "," ","0",-78," "," ","0",-94," "," ","0",-89," "," ","0",-89," "," ","0",-17," "," ","0",-28," "," ","0",-33," "," ","0",-67," "," ","0",-72," "," ","0",-72," "," ","0",-50," "," ","0",-39," "," ","0",0," "," ","0",-17," "," ","0",-33," "," ","0",-28," "," ","0",-22," "," ","0",-56," "," ","0"
"3888","USC00413787",1999,12,"TOBS",44," "," ","0",50," "," ","0",-33," "," ","0",0," "," ","0",-94," "," ","0",-44," "," ","0",-61," "," ","0",-28," "," ","0",-17," "," ","0",-6," "," ","0",-44," "," ","0",0," "," ","0",-83," "," ","0",6," "," ","0",-89," "," ","0",-50," "," ","0",22," "," ","0",-17," "," ","0",17," "," ","0",-33," "," ","0",-67," "," ","0",-72," "," ","0",-50," "," ","0",28," "," ","0",0," "," ","0",39," "," ","0",6," "," ","0",22," "," ","0",-22," "," ","0",6," "," ","0",-28," "," ","0"
"3889","USC00413787",1999,12,"PRCP",0,"P"," ","0",0,"P"," ","0",0,"P"," ","0",38," "," ","0",152," "," ","0",0,"P"," ","0",0,"P"," ","0",0,"P"," ","0",0,"P"," ","0",0,"P"," ","0",0,"P"," ","0",0,"P"," ","0",0,"P"," ","0",0,"P"," ","0",0,"P"," ","0",0,"P"," ","0",0,"P"," ","0",0,"P"," ","0",0,"P"," ","0",0,"P"," ","0",0,"P"," ","0",0,"P"," ","0",0,"P"," ","0",0,"P"," ","0",0,"P"," ","0",0,"P"," ","0",0,"P"," ","0",0,"P"," ","0",0,"P"," ","0",0,"P"," ","0",0,"P"," ","0"
"3890","USC00413787",1999,12,"SNOW",0,"P"," ","0",0,"P"," ","0",0,"P"," ","0",13," "," ","0",140," "," ","0",0,"P"," ","0",0,"P"," ","0",0,"P"," ","0",0,"P"," ","0",0,"P"," ","0",0,"P"," ","0",0,"P"," ","0",0,"P"," ","0",0,"P"," ","0",0,"P"," ","0",0,"P"," ","0",0,"P"," ","0",0,"P"," ","0",0,"P"," ","0",0,"P"," ","0",0,"P"," ","0",0,"P"," ","0",0,"P"," ","0",0,"P"," ","0",0,"P"," ","0",0,"P"," ","0",0,"P"," ","0",0,"P"," ","0",0,"P"," ","0",0,"P"," ","0",0,"P"," ","0"
"3891","USC00413787",1999,12,"SNWD",0,"P"," ","0",0,"P"," ","0",0,"P"," ","0",25," "," ","0",152," "," ","0",NA," "," "," ",NA," "," "," ",NA," "," "," ",NA," "," "," ",NA," "," "," ",0,"P"," ","0",0,"P"," ","0",0,"P"," ","0",0,"P"," ","0",0,"P"," ","0",0,"P"," ","0",0,"P"," ","0",0,"P"," ","0",0,"P"," ","0",0,"P"," ","0",0,"P"," ","0",0,"P"," ","0",0,"P"," ","0",0,"P"," ","0",0,"P"," ","0",0,"P"," ","0",0,"P"," ","0",0,"P"," ","0",0,"P"," ","0",0,"P"," ","0",0,"P"," ","0"
"3892","USC00413787",2000,1,"TMAX",172," "," ","0",200," "," ","0",122," "," ","0",0," "," ","0",94," "," ","0",122," "," ","0",67," "," ","0",106," "," ","0",122," "," ","0",117," "," ","0",178," "," ","0",183," "," ","0",161," "," ","0",150," "," ","0",150," "," ","0",217," "," ","0",217," "," ","0",128," "," ","0",167," "," ","0",217," "," ","0",106," "," ","0",150," "," ","0",128," "," ","0",128," "," ","0",128," "," ","0",0," "," ","0",22," "," ","0",-28," "," ","0",-17," "," ","0",50," "," ","0",67," "," ","0"
"3893","USC00413787",2000,1,"TMIN",-56," "," ","0",-33," "," ","0",-50," "," ","0",-117," "," ","0",-117," "," ","0",-33," "," ","0",-94," "," ","0",-83," "," ","0",-72," "," ","0",-44," "," ","0",-83," "," ","0",-83," "," ","0",-50," "," ","0",-50," "," ","0",-33," "," ","0",0," "," ","0",-22," "," ","0",0," "," ","0",28," "," ","0",-78," "," ","0",-72," "," ","0",-28," "," ","0",-39," "," ","0",-67," "," ","0",-44," "," ","0",-50," "," ","0",-61," "," ","0",-67," "," ","0",-106," "," ","0",-89," "," ","0",-72," "," ","0"
"3894","USC00413787",2000,1,"TOBS",89," "," ","0",6," "," ","0",-22," "," ","0",-117," "," ","0",-17," "," ","0",-22," "," ","0",-78," "," ","0",-56," "," ","0",56," "," ","0",11," "," ","0",-67," "," ","0",67," "," ","0",-44," "," ","0",-28," "," ","0",44," "," ","0",0," "," ","0",0," "," ","0",28," "," ","0",61," "," ","0",-72," "," ","0",-6," "," ","0",0," "," ","0",-39," "," ","0",-39," "," ","0",-44," "," ","0",-22," "," ","0",-56," "," ","0",-67," "," ","0",-72," "," ","0",-72," "," ","0",-56," "," ","0"
"3895","USC00413787",2000,1,"PRCP",0,"P"," ","0",0,"P"," ","0",0,"P"," ","0",0,"P"," ","0",0,"P"," ","0",0,"P"," ","0",0,"P"," ","0",0,"P"," ","0",0,"P"," ","0",0,"P"," ","0",0,"P"," ","0",0,"P"," ","0",0,"P"," ","0",0,"P"," ","0",0,"P"," ","0",0,"P"," ","0",0,"P"," ","0",0,"P"," ","0",0,"P"," ","0",0,"P"," ","0",0,"P"," ","0",0,"P"," ","0",0,"P"," ","0",0,"P"," ","0",0,"P"," ","0",0,"P"," ","0",30," "," ","0",0,"P"," ","0",0,"P"," ","0",0,"P"," ","0",0,"P"," ","0"
"3896","USC00413787",2000,1,"SNOW",0,"P"," ","0",0,"P"," ","0",0,"P"," ","0",0,"P"," ","0",0,"P"," ","0",0,"P"," ","0",0,"P"," ","0",0,"P"," ","0",0,"P"," ","0",0,"P"," ","0",0,"P"," ","0",0,"P"," ","0",0,"P"," ","0",0,"P"," ","0",0,"P"," ","0",0,"P"," ","0",0,"P"," ","0",0,"P"," ","0",0,"P"," ","0",0,"P"," ","0",0,"P"," ","0",0,"P"," ","0",0,"P"," ","0",0,"P"," ","0",0,"P"," ","0",0,"P"," ","0",51," "," ","0",0,"P"," ","0",0,"P"," ","0",0,"P"," ","0",0,"P"," ","0"
"3897","USC00413787",2000,1,"SNWD",0,"P"," ","0",0,"P"," ","0",0,"P"," ","0",0,"P"," ","0",0,"P"," ","0",0,"P"," ","0",0,"P"," ","0",0,"P"," ","0",0,"P"," ","0",0,"P"," ","0",0,"P"," ","0",0,"P"," ","0",0,"P"," ","0",0,"P"," ","0",0,"P"," ","0",0,"P"," ","0",0,"P"," ","0",0,"P"," ","0",0,"P"," ","0",0,"P"," ","0",0,"P"," ","0",0,"P"," ","0",0,"P"," ","0",0,"P"," ","0",0,"P"," ","0",0,"P"," ","0",NA," "," "," ",NA," "," "," ",NA," "," "," ",NA," "," "," ",NA," "," "," "
"3898","USC00413787",2000,2,"TMAX",67," "," ","0",78," "," ","0",183," "," ","0",128," "," ","0",67," "," ","0",156," "," ","0",156," "," ","0",167," "," ","0",217," "," ","0",256," "," ","0",206," "," ","0",-6," ","S","0",178," "," ","0",56," "," ","0",200," "," ","0",244," "," ","0",133," "," ","0",222," "," ","0",67," "," ","0",128," "," ","0",189," "," ","0",256," "," ","0",194," "," ","0",200," "," ","0",239," "," ","0",144," "," ","0",150," "," ","0",189," "," ","0",206," "," ","0",NA," "," "," ",NA," "," "," "
"3899","USC00413787",2000,2,"TMIN",-72," "," ","0",-72," "," ","0",-61," "," ","0",6," "," ","0",-39," "," ","0",-28," "," ","0",-33," "," ","0",-39," "," ","0",-28," "," ","0",6," "," ","0",-33," "," ","0",-72," "," ","0",-39," ","I","0",-67," "," ","0",-61," "," ","0",-22," "," ","0",-22," "," ","0",-39," "," ","0",-72," "," ","0",-61," "," ","0",-6," "," ","0",-6," "," ","0",44," "," ","0",28," "," ","0",39," "," ","0",-33," "," ","0",-61," "," ","0",44," "," ","0",44," "," ","0",NA," "," "," ",NA," "," "," "
"3900","USC00413787",2000,2,"TOBS",-39," "," ","0",-61," "," ","0",11," "," ","0",6," "," ","0",28," "," ","0",44," "," ","0",-28," "," ","0",-28," "," ","0",50," "," ","0",17," "," ","0",-28," "," ","0",-72," ","I","0",-17," "," ","0",-61," "," ","0",56," "," ","0",-22," "," ","0",6," "," ","0",-11," "," ","0",-61," "," ","0",-6," "," ","0",50," "," ","0",122," "," ","0",78," "," ","0",50," "," ","0",44," "," ","0",78," "," ","0",56," "," ","0",72," "," ","0",67," "," ","0",NA," "," "," ",NA," "," "," "
"3901","USC00413787",2000,2,"PRCP",0,"P"," ","0",0,"P"," ","0",0,"P"," ","0",0,"P"," ","0",0,"P"," ","0",0,"P"," ","0",0,"P"," ","0",0,"P"," ","0",0,"P"," ","0",0,"P"," ","0",0,"P"," ","0",0,"P"," ","0",0,"P"," ","0",0,"P"," ","0",0,"P"," ","0",0,"P"," ","0",0,"P"," ","0",0,"P"," ","0",0,"P"," ","0",0,"P"," ","0",0,"P"," ","0",0,"T"," ","0",13," "," ","0",0,"P"," ","0",0,"P"," ","0",0,"P"," ","0",0,"P"," ","0",0,"P"," ","0",0,"P"," ","0",NA," "," "," ",NA," "," "," "
"3902","USC00413787",2000,2,"SNOW",0,"P"," ","0",0,"P"," ","0",0,"P"," ","0",0,"P"," ","0",0,"P"," ","0",0,"P"," ","0",0,"P"," ","0",0,"P"," ","0",0,"P"," ","0",0,"P"," ","0",0,"P"," ","0",0,"P"," ","0",0,"P"," ","0",0,"P"," ","0",0,"P"," ","0",0,"P"," ","0",0,"P"," ","0",0,"P"," ","0",0,"P"," ","0",0,"P"," ","0",0,"P"," ","0",0,"P"," ","0",0,"P"," ","0",0,"P"," ","0",0,"P"," ","0",0,"P"," ","0",0,"P"," ","0",0,"P"," ","0",0,"P"," ","0",NA," "," "," ",NA," "," "," "
"3903","USC00413787",2000,2,"SNWD",0,"P"," ","0",0,"P"," ","0",0,"P"," ","0",0,"P"," ","0",0,"P"," ","0",0,"P"," ","0",0,"P"," ","0",0,"P"," ","0",0,"P"," ","0",0,"P"," ","0",0,"P"," ","0",0,"P"," ","0",0,"P"," ","0",0,"P"," ","0",0,"P"," ","0",0,"P"," ","0",0,"P"," ","0",0,"P"," ","0",0,"P"," ","0",0,"P"," ","0",0,"P"," ","0",0,"P"," ","0",0,"P"," ","0",0,"P"," ","0",0,"P"," ","0",0,"P"," ","0",0,"P"," ","0",0,"P"," ","0",0,"P"," ","0",NA," "," "," ",NA," "," "," "
"3904","USC00413787",2000,3,"TMAX",167," "," ","0",167," "," ","0",56," "," ","0",100," "," ","0",206," "," ","0",206," "," ","0",244," "," ","0",217," "," ","0",211," "," ","0",144," "," ","0",28," "," ","0",128," "," ","0",144," "," ","0",156," "," ","0",206," "," ","0",172," "," ","0",-17," "," ","0",67," "," ","0",94," "," ","0",172," "," ","0",256," "," ","0",61," "," ","0",83," "," ","0",111," "," ","0",206," "," ","0",211," "," ","0",244," "," ","0",244," "," ","0",161," "," ","0",100," "," ","0",144," "," ","0"
"3905","USC00413787",2000,3,"TMIN",-6," "," ","0",6," "," ","0",-6," "," ","0",0," "," ","0",0," "," ","0",28," "," ","0",39," "," ","0",39," "," ","0",-17," "," ","0",-11," "," ","0",-33," "," ","0",-33," "," ","0",0," "," ","0",0," "," ","0",11," "," ","0",-44," "," ","0",-44," "," ","0",-28," "," ","0",-22," "," ","0",28," "," ","0",28," "," ","0",28," "," ","0",28," "," ","0",33," "," ","0",50," "," ","0",72," "," ","0",39," "," ","0",39," "," ","0",22," "," ","0",-11," "," ","0",22," "," ","0"
"3906","USC00413787",2000,3,"TOBS",6," "," ","0",33," "," ","0",0," "," ","0",6," "," ","0",106," "," ","0",39," "," ","0",139," "," ","0",44," "," ","0",-11," "," ","0",11," "," ","0",-17," "," ","0",56," "," ","0",11," "," ","0",11," "," ","0",83," "," ","0",-44," "," ","0",-28," "," ","0",6," "," ","0",83," "," ","0",56," "," ","0",56," "," ","0",28," "," ","0",83," "," ","0",56," "," ","0",106," "," ","0",200," "," ","0",72," "," ","0",67," "," ","0",33," "," ","0",22," "," ","0",50," "," ","0"
"3907","USC00413787",2000,3,"PRCP",0,"P"," ","0",155," "," ","0",124," "," ","0",0,"P"," ","0",0,"P"," ","0",0,"P"," ","0",0,"P"," ","0",36," "," ","0",0,"P"," ","0",0,"P"," ","0",3," "," ","0",0,"P"," ","0",0,"P"," ","0",0,"P"," ","0",0,"P"," ","0",25," "," ","0",46," "," ","0",0,"P"," ","0",0,"P"," ","0",0,"P"," ","0",0,"P"," ","0",76," "," ","0",297," "," ","0",417," "," ","0",0,"P"," ","0",0,"P"," ","0",0,"P"," ","0",0,"P"," ","0",30," "," ","0",0,"P"," ","0",18," "," ","0"
"3908","USC00413787",2000,3,"SNOW",0,"P"," ","0",0,"P"," ","0",0,"P"," ","0",0,"P"," ","0",0,"P"," ","0",0,"P"," ","0",0,"P"," ","0",0,"P"," ","0",0,"P"," ","0",0,"P"," ","0",0,"P"," ","0",0,"P"," ","0",0,"P"," ","0",0,"P"," ","0",0,"P"," ","0",0,"P"," ","0",NA," "," "," ",0,"P"," ","0",0,"P"," ","0",0,"P"," ","0",0,"P"," ","0",0,"P"," ","0",0,"P"," ","0",0,"P"," ","0",0,"P"," ","0",0,"P"," ","0",0,"P"," ","0",0,"P"," ","0",0,"P"," ","0",0,"P"," ","0",0,"P"," ","0"
"3909","USC00413787",2000,3,"SNWD",0,"P"," ","0",0,"P"," ","0",0,"P"," ","0",0,"P"," ","0",0,"P"," ","0",0,"P"," ","0",0,"P"," ","0",0,"P"," ","0",0,"P"," ","0",0,"P"," ","0",0,"P"," ","0",0,"P"," ","0",0,"P"," ","0",0,"P"," ","0",0,"P"," ","0",0,"P"," ","0",0,"P"," ","0",0,"P"," ","0",0,"P"," ","0",0,"P"," ","0",0,"P"," ","0",0,"P"," ","0",0,"P"," ","0",0,"P"," ","0",0,"P"," ","0",0,"P"," ","0",0,"P"," ","0",0,"P"," ","0",0,"P"," ","0",0,"P"," ","0",0,"P"," ","0"
"3910","USC00413787",2000,4,"TMAX",50," "," ","0",61," "," ","0",178," "," ","0",100," "," ","0",244," "," ","0",317," "," ","0",178," "," ","0",167," "," ","0",156," "," ","0",256," "," ","0",217," "," ","0",128," "," ","0",161," "," ","0",283," "," ","0",306," "," ","0",139," "," ","0",189," "," ","0",294," "," ","0",328," "," ","0",261," "," ","0",222," "," ","0",244," "," ","0",233," "," ","0",189," "," ","0",244," "," ","0",217," "," ","0",278," "," ","0",228," "," ","0",239," "," ","0",267," "," ","0",NA," "," "," "
"3911","USC00413787",2000,4,"TMIN",0," "," ","0",0," "," ","0",11," "," ","0",-17," "," ","0",11," "," ","0",61," "," ","0",67," "," ","0",-22," "," ","0",0," "," ","0",72," "," ","0",56," "," ","0",56," "," ","0",44," "," ","0",44," "," ","0",94," "," ","0",-17," "," ","0",-28," "," ","0",72," "," ","0",61," "," ","0",72," "," ","0",33," "," ","0",56," "," ","0",94," "," ","0",61," "," ","0",61," "," ","0",83," "," ","0",100," "," ","0",67," "," ","0",150," ","I","0",144," "," ","0",NA," "," "," "
"3912","USC00413787",2000,4,"TOBS",22," "," ","0",28," "," ","0",11," "," ","0",11," "," ","0",100," "," ","0",67," "," ","0",106," "," ","0",0," "," ","0",128," "," ","0",94," "," ","0",56," "," ","0",61," "," ","0",44," "," ","0",94," "," ","0",139," "," ","0",39," "," ","0",72," "," ","0",117," "," ","0",72," "," ","0",78," "," ","0",56," "," ","0",133," "," ","0",106," "," ","0",72," "," ","0",89," "," ","0",100," "," ","0",111," "," ","0",78," "," ","0",78," ","I","0",172," "," ","0",NA," "," "," "
"3913","USC00413787",2000,4,"PRCP",216," "," ","0",18," "," ","0",0,"P"," ","0",0,"P"," ","0",0,"P"," ","0",0,"P"," ","0",0,"P"," ","0",0,"P"," ","0",0,"P"," ","0",0,"P"," ","0",0,"P"," ","0",0,"P"," ","0",0,"P"," ","0",0,"P"," ","0",0,"P"," ","0",0,"P"," ","0",0,"P"," ","0",0,"P"," ","0",0,"P"," ","0",0,"P"," ","0",0,"P"," ","0",0,"P"," ","0",0,"P"," ","0",0,"P"," ","0",94," "," ","0",0,"P"," ","0",0,"P"," ","0",0,"P"," ","0",0,"P"," ","0",0,"P"," ","0",NA," "," "," "
"3914","USC00413787",2000,4,"SNOW",0,"P"," ","0",0,"P"," ","0",0,"P"," ","0",0,"P"," ","0",0,"P"," ","0",0,"P"," ","0",0,"P"," ","0",0,"P"," ","0",0,"P"," ","0",0,"P"," ","0",0,"P"," ","0",0,"P"," ","0",0,"P"," ","0",0,"P"," ","0",0,"P"," ","0",0,"P"," ","0",0,"P"," ","0",0,"P"," ","0",0,"P"," ","0",0,"P"," ","0",0,"P"," ","0",0,"P"," ","0",0,"P"," ","0",0,"P"," ","0",0,"P"," ","0",0,"P"," ","0",0,"P"," ","0",0,"P"," ","0",0,"P"," ","0",0,"P"," ","0",NA," "," "," "
"3915","USC00413787",2000,4,"SNWD",0,"P"," ","0",0,"P"," ","0",0,"P"," ","0",0,"P"," ","0",0,"P"," ","0",0,"P"," ","0",0,"P"," ","0",0,"P"," ","0",0,"P"," ","0",0,"P"," ","0",0,"P"," ","0",0,"P"," ","0",0,"P"," ","0",0,"P"," ","0",0,"P"," ","0",0,"P"," ","0",0,"P"," ","0",0,"P"," ","0",0,"P"," ","0",0,"P"," ","0",0,"P"," ","0",0,"P"," ","0",0,"P"," ","0",0,"P"," ","0",0,"P"," ","0",0,"P"," ","0",0,"P"," ","0",0,"P"," ","0",0,"P"," ","0",0,"P"," ","0",NA," "," "," "
"3916","USC00413787",2000,5,"TMAX",172," "," ","0",122," "," ","0",183," "," ","0",228," "," ","0",283," "," ","0",267," "," ","0",322," "," ","0",344," "," ","0",233," "," ","0",222," "," ","0",356," "," ","0",356," "," ","0",194," "," ","0",206," "," ","0",272," "," ","0",306," "," ","0",328," "," ","0",306," "," ","0",183," "," ","0",228," "," ","0",278," "," ","0",317," "," ","0",356," "," ","0",383," "," ","0",322," "," ","0",228," "," ","0",322," "," ","0",278," "," ","0",328," "," ","0",361," "," ","0",328," "," ","0"
"3917","USC00413787",2000,5,"TMIN",72," "," ","0",72," "," ","0",56," "," ","0",67," "," ","0",106," "," ","0",122," "," ","0",117," "," ","0",156," "," ","0",72," "," ","0",83," "," ","0",139," "," ","0",100," "," ","0",50," "," ","0",78," "," ","0",133," "," ","0",150," "," ","0",156," "," ","0",78," "," ","0",50," "," ","0",72," "," ","0",72," "," ","0",122," "," ","0",122," "," ","0",156," "," ","0",122," "," ","0",128," "," ","0",133," "," ","0",128," "," ","0",272," ","I","0",183," "," ","0",194," "," ","0"
"3918","USC00413787",2000,5,"TOBS",67," "," ","0",94," "," ","0",67," "," ","0",106," "," ","0",167," "," ","0",161," "," ","0",217," "," ","0",156," "," ","0",83," "," ","0",144," "," ","0",189," "," ","0",106," "," ","0",78," "," ","0",133," "," ","0",161," "," ","0",156," "," ","0",233," "," ","0",100," "," ","0",78," "," ","0",78," "," ","0",156," "," ","0",144," "," ","0",156," "," ","0",194," "," ","0",133," "," ","0",133," "," ","0",178," "," ","0",194," "," ","0",150," ","I","0",217," "," ","0",211," "," ","0"
"3919","USC00413787",2000,5,"PRCP",185," "," ","0",10," "," ","0",0,"P"," ","0",0,"P"," ","0",0,"P"," ","0",0,"P"," ","0",0,"P"," ","0",0,"P"," ","0",0,"P"," ","0",0,"P"," ","0",0,"P"," ","0",0,"P"," ","0",0,"P"," ","0",0,"P"," ","0",0,"P"," ","0",0,"P"," ","0",0,"P"," ","0",0,"P"," ","0",0,"P"," ","0",0,"P"," ","0",0,"P"," ","0",0,"P"," ","0",0,"P"," ","0",0,"P"," ","0",305," "," ","0",274," "," ","0",0,"P"," ","0",0,"P"," ","0",0,"P"," ","0",0,"P"," ","0",0,"P"," ","0"
"3920","USC00413787",2000,5,"SNOW",0,"P"," ","0",0,"P"," ","0",0,"P"," ","0",0,"P"," ","0",0,"P"," ","0",0,"P"," ","0",0,"P"," ","0",0,"P"," ","0",0,"P"," ","0",0,"P"," ","0",0,"P"," ","0",0,"P"," ","0",0,"P"," ","0",0,"P"," ","0",0,"P"," ","0",0,"P"," ","0",0,"P"," ","0",0,"P"," ","0",0,"P"," ","0",0,"P"," ","0",0,"P"," ","0",0,"P"," ","0",0,"P"," ","0",0,"P"," ","0",0,"P"," ","0",0,"P"," ","0",0,"P"," ","0",0,"P"," ","0",0,"P"," ","0",0,"P"," ","0",0,"P"," ","0"
"3921","USC00413787",2000,5,"SNWD",0,"P"," ","0",0,"P"," ","0",0,"P"," ","0",0,"P"," ","0",0,"P"," ","0",0,"P"," ","0",0,"P"," ","0",0,"P"," ","0",0,"P"," ","0",0,"P"," ","0",0,"P"," ","0",0,"P"," ","0",0,"P"," ","0",0,"P"," ","0",0,"P"," ","0",0,"P"," ","0",0,"P"," ","0",0,"P"," ","0",0,"P"," ","0",0,"P"," ","0",0,"P"," ","0",0,"P"," ","0",0,"P"," ","0",0,"P"," ","0",0,"P"," ","0",0,"P"," ","0",0,"P"," ","0",0,"P"," ","0",0,"P"," ","0",0,"P"," ","0",0,"P"," ","0"
"3922","USC00413787",2000,6,"TMAX",328," "," ","0",211," "," ","0",250," "," ","0",283," "," ","0",283," "," ","0",306," "," ","0",328," "," ","0",311," "," ","0",311," "," ","0",306," "," ","0",278," "," ","0",311," "," ","0",350," "," ","0",278," "," ","0",344," "," ","0",200," "," ","0",217," "," ","0",239," "," ","0",328," "," ","0",328," "," ","0",261," "," ","0",NA," "," "," ",NA," "," "," ",344," "," ","0",NA," "," "," ",322," "," ","0",233," "," ","0",250," "," ","0",217," "," ","0",256," "," ","0",NA," "," "," "
"3923","USC00413787",2000,6,"TMIN",139," "," ","0",139," "," ","0",167," "," ","0",122," "," ","0",122," "," ","0",161," "," ","0",161," "," ","0",183," "," ","0",161," "," ","0",172," "," ","0",161," "," ","0",172," "," ","0",150," "," ","0",144," "," ","0",156," "," ","0",133," "," ","0",94," "," ","0",156," "," ","0",172," "," ","0",161," "," ","0",172," "," ","0",NA," "," "," ",NA," "," "," ",150," "," ","0",NA," "," "," ",161," "," ","0",161," "," ","0",161," "," ","0",167," "," ","0",167," "," ","0",NA," "," "," "
"3924","USC00413787",2000,6,"TOBS",139," "," ","0",172," "," ","0",194," "," ","0",128," "," ","0",161," "," ","0",178," "," ","0",183," "," ","0",194," "," ","0",222," "," ","0",194," "," ","0",172," "," ","0",194," "," ","0",161," "," ","0",172," "," ","0",156," "," ","0",133," "," ","0",156," "," ","0",183," "," ","0",183," "," ","0",172," "," ","0",206," "," ","0",NA," "," "," ",NA," "," "," ",206," "," ","0",NA," "," "," ",161," "," ","0",178," "," ","0",172," "," ","0",178," "," ","0",194," "," ","0",NA," "," "," "
"3925","USC00413787",2000,6,"PRCP",61," "," ","0",0,"P"," ","0",0,"P"," ","0",0,"P"," ","0",0,"P"," ","0",0,"P"," ","0",0,"P"," ","0",0,"P"," ","0",244," "," ","0",320," "," ","0",168," "," ","0",15," "," ","0",0,"P"," ","0",0,"P"," ","0",0,"P"," ","0",0,"P"," ","0",0,"P"," ","0",0,"P"," ","0",0,"P"," ","0",0,"P"," ","0",0,"P"," ","0",NA," "," "," ",NA," "," "," ",356," "," ","0",318," "," ","0",157," "," ","0",0,"P"," ","0",267," "," ","0",0,"P"," ","0",0,"P"," ","0",NA," "," "," "
"3926","USC00413787",2000,6,"SNOW",0,"P"," ","0",0,"P"," ","0",0,"P"," ","0",0,"P"," ","0",0,"P"," ","0",0,"P"," ","0",0,"P"," ","0",0,"P"," ","0",0,"P"," ","0",0,"P"," ","0",0,"P"," ","0",0,"P"," ","0",0,"P"," ","0",0,"P"," ","0",0,"P"," ","0",0,"P"," ","0",0,"P"," ","0",0,"P"," ","0",0,"P"," ","0",0,"P"," ","0",0,"P"," ","0",0,"P"," ","0",0,"P"," ","0",0,"P"," ","0",0,"P"," ","0",0,"P"," ","0",0,"P"," ","0",0,"P"," ","0",0,"P"," ","0",0,"P"," ","0",NA," "," "," "
"3927","USC00413787",2000,6,"SNWD",0,"P"," ","0",0,"P"," ","0",0,"P"," ","0",0,"P"," ","0",0,"P"," ","0",0,"P"," ","0",0,"P"," ","0",0,"P"," ","0",0,"P"," ","0",0,"P"," ","0",0,"P"," ","0",0,"P"," ","0",0,"P"," ","0",0,"P"," ","0",0,"P"," ","0",0,"P"," ","0",0,"P"," ","0",0,"P"," ","0",0,"P"," ","0",0,"P"," ","0",0,"P"," ","0",0,"P"," ","0",0,"P"," ","0",0,"P"," ","0",0,"P"," ","0",0,"P"," ","0",0,"P"," ","0",0,"P"," ","0",0,"P"," ","0",0,"P"," ","0",NA," "," "," "
"3928","USC00413787",2000,7,"TMAX",317," "," ","0",300," "," ","0",339," "," ","0",333," "," ","0",372," "," ","0",333," "," ","0",333," "," ","0",328," "," ","0",333," "," ","0",350," "," ","0",361," "," ","0",367," "," ","0",317," "," ","0",250," "," ","0",344," "," ","0",361," "," ","0",389," "," ","0",311," "," ","0",350," "," ","0",356," "," ","0",367," "," ","0",367," "," ","0",300," "," ","0",333," "," ","0",372," "," ","0",333," "," ","0",372," "," ","0",333," "," ","0",NA," "," "," ",306," "," ","0",306," "," ","0"
"3929","USC00413787",2000,7,"TMIN",189," "," ","0",206," ","I","0",206," "," ","0",206," "," ","0",211," "," ","0",183," "," ","0",178," "," ","0",194," "," ","0",206," "," ","0",206," "," ","0",217," "," ","0",206," "," ","0",200," "," ","0",183," "," ","0",200," "," ","0",228," "," ","0",200," "," ","0",172," "," ","0",194," "," ","0",183," "," ","0",167," "," ","0",167," "," ","0",172," "," ","0",183," "," ","0",189," "," ","0",189," "," ","0",194," "," ","0",233," ","I","0",NA," "," "," ",156," "," ","0",156," "," ","0"
"3930","USC00413787",2000,7,"TOBS",194," ","I","0",250," "," ","0",206," "," ","0",256," "," ","0",222," "," ","0",200," "," ","0",200," "," ","0",206," "," ","0",283," "," ","0",228," "," ","0",233," "," ","0",211," "," ","0",217," "," ","0",211," "," ","0",233," "," ","0",244," "," ","0",206," "," ","0",194," "," ","0",200," "," ","0",211," "," ","0",178," "," ","0",206," "," ","0",256," "," ","0",189," "," ","0",333," "," ","0",189," "," ","0",244," "," ","0",211," ","I","0",NA," "," "," ",233," "," ","0",172," "," ","0"
"3931","USC00413787",2000,7,"PRCP",0,"P"," ","0",0,"P"," ","0",3," "," ","0",0,"P"," ","0",0,"P"," ","0",0,"P"," ","0",0,"P"," ","0",0,"P"," ","0",0,"P"," ","0",0,"P"," ","0",0,"P"," ","0",43," "," ","0",0,"P"," ","0",13," "," ","0",0,"P"," ","0",0,"P"," ","0",20," "," ","0",76," "," ","0",0,"P"," ","0",0,"P"," ","0",0,"P"," ","0",0,"P"," ","0",0,"P"," ","0",0,"P"," ","0",0,"P"," ","0",0,"P"," ","0",0,"P"," ","0",117," "," ","0",0,"P"," ","0",0,"P"," ","0",0,"P"," ","0"
"3932","USC00413787",2000,7,"SNOW",0,"P"," ","0",0,"P"," ","0",0,"P"," ","0",0,"P"," ","0",0,"P"," ","0",0,"P"," ","0",0,"P"," ","0",0,"P"," ","0",0,"P"," ","0",0,"P"," ","0",0,"P"," ","0",0,"P"," ","0",0,"P"," ","0",0,"P"," ","0",0,"P"," ","0",0,"P"," ","0",0,"P"," ","0",0,"P"," ","0",0,"P"," ","0",0,"P"," ","0",0,"P"," ","0",0,"P"," ","0",0,"P"," ","0",0,"P"," ","0",0,"P"," ","0",0,"P"," ","0",0,"P"," ","0",0,"P"," ","0",0,"P"," ","0",0,"P"," ","0",0,"P"," ","0"
"3933","USC00413787",2000,7,"SNWD",0,"P"," ","0",0,"P"," ","0",0,"P"," ","0",0,"P"," ","0",0,"P"," ","0",0,"P"," ","0",0,"P"," ","0",0,"P"," ","0",0,"P"," ","0",0,"P"," ","0",0,"P"," ","0",0,"P"," ","0",0,"P"," ","0",0,"P"," ","0",0,"P"," ","0",0,"P"," ","0",0,"P"," ","0",0,"P"," ","0",0,"P"," ","0",0,"P"," ","0",0,"P"," ","0",0,"P"," ","0",0,"P"," ","0",0,"P"," ","0",0,"P"," ","0",0,"P"," ","0",0,"P"," ","0",0,"P"," ","0",0,"P"," ","0",0,"P"," ","0",0,"P"," ","0"
"3934","USC00413787",2000,8,"TMAX",306," "," ","0",350," "," ","0",372," "," ","0",383," "," ","0",383," "," ","0",383," "," ","0",356," "," ","0",350," "," ","0",350," "," ","0",350," "," ","0",344," "," ","0",361," "," ","0",372," "," ","0",383," "," ","0",383," "," ","0",378," "," ","0",356," "," ","0",328," "," ","0",317," "," ","0",372," "," ","0",383," "," ","0",367," "," ","0",344," "," ","0",350," "," ","0",361," "," ","0",372," "," ","0",389," "," ","0",378," "," ","0",367," "," ","0",361," "," ","0",350," "," ","0"
"3935","USC00413787",2000,8,"TMIN",156," "," ","0",167," "," ","0",183," "," ","0",206," "," ","0",206," "," ","0",178," "," ","0",194," "," ","0",206," "," ","0",211," "," ","0",178," "," ","0",189," "," ","0",183," "," ","0",183," "," ","0",222," "," ","0",206," "," ","0",178," "," ","0",206," "," ","0",161," "," ","0",167," "," ","0",200," "," ","0",194," "," ","0",178," "," ","0",172," "," ","0",178," "," ","0",178," "," ","0",183," "," ","0",200," "," ","0",172," "," ","0",194," "," ","0",194," "," ","0",200," "," ","0"
"3936","USC00413787",2000,8,"TOBS",167," "," ","0",189," "," ","0",206," "," ","0",222," "," ","0",217," "," ","0",278," "," ","0",206," "," ","0",228," "," ","0",217," "," ","0",189," "," ","0",206," "," ","0",267," "," ","0",267," "," ","0",222," "," ","0",206," "," ","0",206," "," ","0",211," "," ","0",167," "," ","0",200," "," ","0",294," "," ","0",217," "," ","0",189," "," ","0",178," "," ","0",178," "," ","0",183," "," ","0",206," "," ","0",206," "," ","0",200," "," ","0",194," "," ","0",211," "," ","0",206," "," ","0"
"3937","USC00413787",2000,8,"PRCP",0,"P"," ","0",0,"P"," ","0",0,"P"," ","0",0,"P"," ","0",0,"P"," ","0",0,"P"," ","0",0,"P"," ","0",0,"P"," ","0",0,"T"," ","0",0,"P"," ","0",0,"P"," ","0",0,"P"," ","0",0,"P"," ","0",0,"P"," ","0",0,"P"," ","0",0,"P"," ","0",0,"P"," ","0",0,"P"," ","0",0,"P"," ","0",0,"P"," ","0",0,"P"," ","0",0,"P"," ","0",0,"P"," ","0",0,"P"," ","0",0,"P"," ","0",0,"P"," ","0",0,"P"," ","0",0,"P"," ","0",0,"P"," ","0",0,"P"," ","0",0,"P"," ","0"
"3938","USC00413787",2000,8,"SNOW",0,"P"," ","0",0,"P"," ","0",0,"P"," ","0",0,"P"," ","0",0,"P"," ","0",0,"P"," ","0",0,"P"," ","0",0,"P"," ","0",0,"P"," ","0",0,"P"," ","0",0,"P"," ","0",0,"P"," ","0",0,"P"," ","0",0,"P"," ","0",0,"P"," ","0",0,"P"," ","0",0,"P"," ","0",0,"P"," ","0",0,"P"," ","0",0,"P"," ","0",0,"P"," ","0",0,"P"," ","0",0,"P"," ","0",0,"P"," ","0",0,"P"," ","0",0,"P"," ","0",0,"P"," ","0",0,"P"," ","0",0,"P"," ","0",0,"P"," ","0",0,"P"," ","0"
"3939","USC00413787",2000,8,"SNWD",0,"P"," ","0",0,"P"," ","0",0,"P"," ","0",0,"P"," ","0",0,"P"," ","0",0,"P"," ","0",0,"P"," ","0",0,"P"," ","0",0,"P"," ","0",0,"P"," ","0",0,"P"," ","0",0,"P"," ","0",0,"P"," ","0",0,"P"," ","0",0,"P"," ","0",0,"P"," ","0",0,"P"," ","0",0,"P"," ","0",0,"P"," ","0",0,"P"," ","0",0,"P"," ","0",0,"P"," ","0",0,"P"," ","0",0,"P"," ","0",0,"P"," ","0",0,"P"," ","0",0,"P"," ","0",0,"P"," ","0",0,"P"," ","0",0,"P"," ","0",0,"P"," ","0"
"3940","USC00413787",2000,9,"TMAX",356," "," ","0",367," "," ","0",372," "," ","0",394," "," ","0",394," "," ","0",389," "," ","0",389," "," ","0",294," "," ","0",350," "," ","0",361," "," ","0",372," "," ","0",378," "," ","0",294," "," ","0",350," "," ","0",328," "," ","0",328," "," ","0",339," "," ","0",344," "," ","0",372," "," ","0",356," "," ","0",206," "," ","0",283," "," ","0",350," "," ","0",128," "," ","0",122," "," ","0",200," "," ","0",278," "," ","0",300," "," ","0",311," "," ","0",311," "," ","0",NA," "," "," "
"3941","USC00413787",2000,9,"TMIN",194," "," ","0",189," "," ","0",167," "," ","0",178," "," ","0",178," "," ","0",183," "," ","0",194," "," ","0",150," "," ","0",156," "," ","0",150," "," ","0",139," "," ","0",139," "," ","0",139," "," ","0",167," "," ","0",111," "," ","0",111," "," ","0",167," "," ","0",178," "," ","0",167," "," ","0",122," "," ","0",94," "," ","0",83," "," ","0",72," "," ","0",67," "," ","0",-6," "," ","0",111," ","I","0",44," "," ","0",61," "," ","0",61," "," ","0",128," "," ","0",NA," "," "," "
"3942","USC00413787",2000,9,"TOBS",206," "," ","0",239," "," ","0",267," "," ","0",194," "," ","0",183," "," ","0",228," "," ","0",206," "," ","0",156," "," ","0",167," "," ","0",272," "," ","0",156," "," ","0",139," "," ","0",167," "," ","0",194," "," ","0",128," "," ","0",183," "," ","0",178," "," ","0",189," "," ","0",167," "," ","0",122," "," ","0",100," "," ","0",211," "," ","0",78," "," ","0",67," "," ","0",0," "," ","0",44," "," ","0",67," "," ","0",61," "," ","0",133," "," ","0",189," "," ","0",NA," "," "," "
"3943","USC00413787",2000,9,"PRCP",0,"P"," ","0",0,"P"," ","0",0,"T"," ","0",0,"T"," ","0",0,"P"," ","0",0,"P"," ","0",0,"P"," ","0",0,"P"," ","0",0,"P"," ","0",0,"P"," ","0",0,"P"," ","0",0,"P"," ","0",0,"P"," ","0",0,"P"," ","0",0,"P"," ","0",0,"P"," ","0",0,"P"," ","0",0,"P"," ","0",0,"P"," ","0",0,"P"," ","0",0,"P"," ","0",0,"P"," ","0",0,"P"," ","0",5," "," ","0",0,"P"," ","0",0,"P"," ","0",0,"P"," ","0",0,"P"," ","0",0,"P"," ","0",0,"P"," ","0",NA," "," "," "
"3944","USC00413787",2000,9,"SNOW",0,"P"," ","0",0,"P"," ","0",0,"P"," ","0",0,"P"," ","0",0,"P"," ","0",0,"P"," ","0",0,"P"," ","0",0,"P"," ","0",0,"P"," ","0",0,"P"," ","0",0,"P"," ","0",0,"P"," ","0",0,"P"," ","0",0,"P"," ","0",0,"P"," ","0",0,"P"," ","0",0,"P"," ","0",0,"P"," ","0",0,"P"," ","0",0,"P"," ","0",0,"P"," ","0",0,"P"," ","0",0,"P"," ","0",0,"P"," ","0",0,"P"," ","0",0,"P"," ","0",0,"P"," ","0",0,"P"," ","0",0,"P"," ","0",0,"P"," ","0",NA," "," "," "
"3945","USC00413787",2000,9,"SNWD",0,"P"," ","0",0,"P"," ","0",0,"P"," ","0",0,"P"," ","0",0,"P"," ","0",0,"P"," ","0",0,"P"," ","0",0,"P"," ","0",0,"P"," ","0",0,"P"," ","0",0,"P"," ","0",0,"P"," ","0",0,"P"," ","0",0,"P"," ","0",0,"P"," ","0",0,"P"," ","0",0,"P"," ","0",0,"P"," ","0",0,"P"," ","0",0,"P"," ","0",0,"P"," ","0",0,"P"," ","0",0,"P"," ","0",0,"P"," ","0",0,"P"," ","0",0,"P"," ","0",0,"P"," ","0",0,"P"," ","0",0,"P"," ","0",0,"P"," ","0",NA," "," "," "
"3946","USC00413787",2000,10,"TMAX",333," "," ","0",361," "," ","0",306," "," ","0",344," "," ","0",200," "," ","0",133," "," ","0",50," "," ","0",89," "," ","0",83," "," ","0",106," "," ","0",172," "," ","0",228," "," ","0",244," "," ","0",261," "," ","0",244," "," ","0",144," "," ","0",222," "," ","0",239," "," ","0",244," "," ","0",233," "," ","0",244," "," ","0",217," "," ","0",217," "," ","0",156," "," ","0",189," "," ","0",222," "," ","0",233," "," ","0",228," "," ","0",206," "," ","0",222," "," ","0",222," "," ","0"
"3947","USC00413787",2000,10,"TMIN",106," "," ","0",128," "," ","0",100," "," ","0",106," "," ","0",117," "," ","0",22," "," ","0",-6," "," ","0",6," "," ","0",-6," "," ","0",28," "," ","0",33," "," ","0",67," "," ","0",67," "," ","0",56," "," ","0",61," "," ","0",106," "," ","0",117," "," ","0",78," "," ","0",78," "," ","0",89," "," ","0",89," "," ","0",117," "," ","0",111," "," ","0",111," "," ","0",122," "," ","0",89," "," ","0",83," "," ","0",128," "," ","0",50," "," ","0",67," "," ","0",67," "," ","0"
"3948","USC00413787",2000,10,"TOBS",222," "," ","0",128," "," ","0",111," "," ","0",117," "," ","0",133," "," ","0",22," "," ","0",6," "," ","0",28," "," ","0",28," "," ","0",33," "," ","0",67," "," ","0",133," "," ","0",156," "," ","0",67," "," ","0",139," "," ","0",117," "," ","0",117," "," ","0",78," "," ","0",94," "," ","0",89," "," ","0",156," "," ","0",128," "," ","0",111," "," ","0",150," "," ","0",122," "," ","0",89," "," ","0",144," "," ","0",167," "," ","0",94," "," ","0",72," "," ","0",111," "," ","0"
"3949","USC00413787",2000,10,"PRCP",0,"P"," ","0",0,"P"," ","0",0,"P"," ","0",0,"P"," ","0",28," "," ","0",0,"P"," ","0",0,"T"," ","0",0,"P"," ","0",0,"P"," ","0",0,"P"," ","0",0,"P"," ","0",0,"P"," ","0",0,"P"," ","0",0,"P"," ","0",0,"P"," ","0",0,"T"," ","0",0,"P"," ","0",0,"P"," ","0",0,"P"," ","0",0,"P"," ","0",0,"P"," ","0",389," "," ","0",0,"P"," ","0",236," "," ","0",0,"T"," ","0",0,"P"," ","0",0,"P"," ","0",28," "," ","0",478," "," ","0",0,"P"," ","0",0,"P"," ","0"
"3950","USC00413787",2000,10,"SNOW",0,"P"," ","0",0,"P"," ","0",0,"P"," ","0",0,"P"," ","0",0,"P"," ","0",0,"P"," ","0",0,"P"," ","0",0,"P"," ","0",0,"P"," ","0",0,"P"," ","0",0,"P"," ","0",0,"P"," ","0",0,"P"," ","0",0,"P"," ","0",0,"P"," ","0",0,"P"," ","0",0,"P"," ","0",0,"P"," ","0",0,"P"," ","0",0,"P"," ","0",0,"P"," ","0",0,"P"," ","0",0,"P"," ","0",0,"P"," ","0",0,"P"," ","0",0,"P"," ","0",0,"P"," ","0",0,"P"," ","0",0,"P"," ","0",0,"P"," ","0",0,"P"," ","0"
"3951","USC00413787",2000,10,"SNWD",0,"P"," ","0",0,"P"," ","0",0,"P"," ","0",0,"P"," ","0",0,"P"," ","0",0,"P"," ","0",0,"P"," ","0",0,"P"," ","0",0,"P"," ","0",0,"P"," ","0",0,"P"," ","0",0,"P"," ","0",0,"P"," ","0",0,"P"," ","0",0,"P"," ","0",0,"P"," ","0",0,"P"," ","0",0,"P"," ","0",0,"P"," ","0",0,"P"," ","0",0,"P"," ","0",0,"P"," ","0",0,"P"," ","0",0,"P"," ","0",0,"P"," ","0",0,"P"," ","0",0,"P"," ","0",0,"P"," ","0",0,"P"," ","0",0,"P"," ","0",0,"P"," ","0"
"3952","USC00413787",2000,11,"TMAX",217," "," ","0",183," "," ","0",161," "," ","0",128," "," ","0",117," "," ","0",183," "," ","0",183," "," ","0",33," "," ","0",61," "," ","0",100," "," ","0",106," "," ","0",161," "," ","0",6," "," ","0",61," "," ","0",111," "," ","0",156," "," ","0",50," "," ","0",72," "," ","0",39," "," ","0",94," "," ","0",67," "," ","0",167," "," ","0",122," "," ","0",44," "," ","0",100," "," ","0",100," "," ","0",133," "," ","0",133," "," ","0",139," "," ","0",100," "," ","0",NA," "," "," "
"3953","USC00413787",2000,11,"TMIN",61," "," ","0",33," "," ","0",28," "," ","0",-22," "," ","0",72," "," ","0",22," "," ","0",-56," "," ","0",-50," "," ","0",-72," "," ","0",-61," "," ","0",-11," "," ","0",-72," "," ","0",-89," "," ","0",-78," "," ","0",-56," "," ","0",-61," "," ","0",-83," "," ","0",-78," "," ","0",-56," "," ","0",-39," "," ","0",-44," "," ","0",-33," "," ","0",-22," "," ","0",-33," "," ","0",-33," "," ","0",-61," "," ","0",-28," ","I","0",-39," "," ","0",-61," "," ","0",-61," "," ","0",NA," "," "," "
"3954","USC00413787",2000,11,"TOBS",67," "," ","0",33," "," ","0",33," "," ","0",72," "," ","0",117," "," ","0",22," "," ","0",-22," "," ","0",-44," "," ","0",-61," "," ","0",-11," "," ","0",56," "," ","0",-72," "," ","0",-78," "," ","0",-56," "," ","0",6," "," ","0",-61," "," ","0",-78," "," ","0",-39," "," ","0",-28," "," ","0",-39," "," ","0",-33," "," ","0",-17," "," ","0",0," "," ","0",11," "," ","0",28," "," ","0",-22," "," ","0",-44," ","I","0",-22," "," ","0",-61," "," ","0",33," "," ","0",NA," "," "," "
"3955","USC00413787",2000,11,"PRCP",89," "," ","0",0,"P"," ","0",0,"P"," ","0",0,"P"," ","0",5," "," ","0",0,"P"," ","0",0,"P"," ","0",0,"P"," ","0",0,"P"," ","0",0,"P"," ","0",10," "," ","0",0,"P"," ","0",0,"P"," ","0",0,"P"," ","0",0,"P"," ","0",0,"P"," ","0",0,"P"," ","0",5," "," ","0",0,"P"," ","0",0,"P"," ","0",0,"P"," ","0",0,"P"," ","0",0,"P"," ","0",0,"P"," ","0",0,"P"," ","0",0,"P"," ","0",0,"P"," ","0",0,"P"," ","0",0,"P"," ","0",0,"P"," ","0",NA," "," "," "
"3956","USC00413787",2000,11,"SNOW",0,"P"," ","0",0,"P"," ","0",0,"P"," ","0",0,"P"," ","0",0,"P"," ","0",0,"P"," ","0",0,"P"," ","0",0,"P"," ","0",0,"P"," ","0",0,"P"," ","0",0,"P"," ","0",0,"P"," ","0",0,"P"," ","0",0,"P"," ","0",0,"P"," ","0",0,"P"," ","0",0,"P"," ","0",8," "," ","0",0,"P"," ","0",0,"P"," ","0",0,"P"," ","0",0,"P"," ","0",0,"P"," ","0",0,"P"," ","0",0,"P"," ","0",0,"P"," ","0",0,"P"," ","0",0,"P"," ","0",0,"P"," ","0",0,"P"," ","0",NA," "," "," "
"3957","USC00413787",2000,11,"SNWD",0,"P"," ","0",0,"P"," ","0",0,"P"," ","0",0,"P"," ","0",0,"P"," ","0",0,"P"," ","0",0,"P"," ","0",0,"P"," ","0",0,"P"," ","0",0,"P"," ","0",0,"P"," ","0",0,"P"," ","0",0,"P"," ","0",0,"P"," ","0",0,"P"," ","0",0,"P"," ","0",0,"P"," ","0",0,"P"," ","0",0,"P"," ","0",0,"P"," ","0",0,"P"," ","0",0,"P"," ","0",0,"P"," ","0",0,"P"," ","0",0,"P"," ","0",0,"P"," ","0",0,"P"," ","0",0,"P"," ","0",0,"P"," ","0",0,"P"," ","0",NA," "," "," "
"3958","USC00413787",2000,12,"TMAX",178," "," ","0",61," "," ","0",-6," "," ","0",56," "," ","0",106," "," ","0",78," "," ","0",100," "," ","0",161," "," ","0",72," "," ","0",167," "," ","0",33," "," ","0",-83," "," ","0",-44," "," ","0",-22," "," ","0",133," "," ","0",139," "," ","0",33," "," ","0",128," "," ","0",72," "," ","0",94," "," ","0",94," "," ","0",39," "," ","0",139," "," ","0",67," "," ","0",-11," "," ","0",-72," "," ","0",-33," "," ","0",28," "," ","0",94," "," ","0",50," "," ","0",28," "," ","0"
"3959","USC00413787",2000,12,"TMIN",-28," "," ","0",-83," "," ","0",-67," "," ","0",-61," "," ","0",-56," "," ","0",-44," "," ","0",-39," "," ","0",-22," "," ","0",-22," "," ","0",-44," "," ","0",-128," "," ","0",-144," "," ","0",-111," "," ","0",-106," "," ","0",-106," "," ","0",-39," "," ","0",-111," "," ","0",-56," "," ","0",-100," "," ","0",-94," "," ","0",-111," "," ","0",-111," "," ","0",-39," "," ","0",-83," "," ","0",-89," "," ","0",-100," "," ","0",-106," "," ","0",-106," "," ","0",-56," "," ","0",-111," "," ","0",-56," "," ","0"
"3960","USC00413787",2000,12,"TOBS",-17," "," ","0",-67," "," ","0",-17," "," ","0",-50," "," ","0",-44," "," ","0",-33," "," ","0",-22," "," ","0",-22," "," ","0",56," "," ","0",-44," "," ","0",-128," "," ","0",-111," "," ","0",-111," "," ","0",-100," "," ","0",-28," "," ","0",-33," "," ","0",-56," "," ","0",-6," "," ","0",-94," "," ","0",44," "," ","0",-106," "," ","0",-39," "," ","0",-22," "," ","0",-61," "," ","0",-78," "," ","0",-78," "," ","0",-94," "," ","0",-28," "," ","0",-33," "," ","0",-56," "," ","0",-56," "," ","0"
"3961","USC00413787",2000,12,"PRCP",0,"P"," ","0",0,"P"," ","0",0,"P"," ","0",0,"P"," ","0",0,"P"," ","0",0,"P"," ","0",0,"P"," ","0",0,"P"," ","0",0,"P"," ","0",0,"P"," ","0",5," "," ","0",0,"P"," ","0",5," "," ","0",0,"P"," ","0",0,"P"," ","0",0,"P"," ","0",0,"P"," ","0",0,"P"," ","0",0,"P"," ","0",0,"P"," ","0",0,"P"," ","0",0,"P"," ","0",0,"P"," ","0",0,"P"," ","0",0,"P"," ","0",66," "," ","0",41," "," ","0",0,"P"," ","0",0,"P"," ","0",0,"P"," ","0",0,"P"," ","0"
"3962","USC00413787",2000,12,"SNOW",0,"P"," ","0",0,"P"," ","0",0,"P"," ","0",0,"P"," ","0",0,"P"," ","0",0,"P"," ","0",0,"P"," ","0",0,"P"," ","0",0,"P"," ","0",0,"P"," ","0",8," "," ","0",0,"P"," ","0",8," "," ","0",0,"P"," ","0",0,"P"," ","0",0,"P"," ","0",0,"P"," ","0",0,"P"," ","0",0,"P"," ","0",0,"P"," ","0",0,"P"," ","0",0,"P"," ","0",0,"P"," ","0",0,"P"," ","0",0,"P"," ","0",102," "," ","0",51," "," ","0",0,"P"," ","0",0,"P"," ","0",0,"P"," ","0",0,"P"," ","0"
"3963","USC00413787",2000,12,"SNWD",0,"P"," ","0",0,"P"," ","0",0,"P"," ","0",0,"P"," ","0",0,"P"," ","0",0,"P"," ","0",0,"P"," ","0",0,"P"," ","0",0,"P"," ","0",0,"P"," ","0",0,"P"," ","0",0,"P"," ","0",0,"P"," ","0",0,"P"," ","0",0,"P"," ","0",0,"P"," ","0",0,"P"," ","0",0,"P"," ","0",0,"P"," ","0",0,"P"," ","0",0,"P"," ","0",0,"P"," ","0",0,"P"," ","0",0,"P"," ","0",0,"P"," ","0",NA," "," "," ",NA," "," "," ",NA," "," "," ",NA," "," "," ",NA," "," "," ",NA," "," "," "
"3964","USC00413787",2001,1,"TMAX",-33," "," ","0",-39," "," ","0",83," "," ","0",156," "," ","0",128," "," ","0",122," "," ","0",167," "," ","0",167," "," ","0",133," "," ","0",111," "," ","0",56," "," ","0",150," "," ","0",144," "," ","0",100," "," ","0",94," "," ","0",72," "," ","0",72," "," ","0",-39," "," ","0",0," "," ","0",0," "," ","0",39," "," ","0",61," "," ","0",133," "," ","0",17," "," ","0",72," "," ","0",44," "," ","0",94," "," ","0",-39," "," ","0",-28," "," ","0",6," "," ","0",28," "," ","0"
"3965","USC00413787",2001,1,"TMIN",-94," "," ","0",-67," "," ","0",-56," "," ","0",-22," "," ","0",-33," "," ","0",-33," "," ","0",-6," "," ","0",-61," "," ","0",-78," "," ","0",-78," "," ","0",-44," "," ","0",-44," "," ","0",-17," "," ","0",-56," "," ","0",-61," "," ","0",-17," "," ","0",-61," "," ","0",-111," "," ","0",-111," "," ","0",-83," "," ","0",-83," "," ","0",-56," "," ","0",-44," "," ","0",-33," "," ","0",-50," "," ","0",-28," "," ","0",-61," "," ","0",-67," "," ","0",-117," "," ","0",-83," "," ","0",-78," "," ","0"
"3966","USC00413787",2001,1,"TOBS",-67," "," ","0",-39," "," ","0",-22," "," ","0",-11," "," ","0",-33," "," ","0",28," "," ","0",22," "," ","0",-56," "," ","0",-78," "," ","0",28," "," ","0",-44," "," ","0",-11," "," ","0",39," "," ","0",11," "," ","0",61," "," ","0",-17," "," ","0",-61," "," ","0",-111," "," ","0",-67," "," ","0",-39," "," ","0",-11," "," ","0",-44," "," ","0",-17," "," ","0",-11," "," ","0",0," "," ","0",-28," "," ","0",-56," "," ","0",-56," "," ","0",-72," "," ","0",-11," "," ","0",-72," "," ","0"
"3967","USC00413787",2001,1,"PRCP",0,"P"," ","0",0,"P"," ","0",0,"P"," ","0",0,"P"," ","0",0,"P"," ","0",0,"P"," ","0",0,"P"," ","0",0,"P"," ","0",0,"P"," ","0",0,"P"," ","0",0,"P"," ","0",0,"P"," ","0",0,"P"," ","0",0,"P"," ","0",0,"P"," ","0",0,"P"," ","0",33," "," ","0",0,"P"," ","0",0,"P"," ","0",0,"P"," ","0",0,"P"," ","0",0,"P"," ","0",0,"P"," ","0",0,"P"," ","0",0,"P"," ","0",0,"P"," ","0",0,"P"," ","0",257," "," ","0",5," "," ","0",0,"P"," ","0",0,"P"," ","0"
"3968","USC00413787",2001,1,"SNOW",0,"P"," ","0",0,"P"," ","0",0,"P"," ","0",0,"P"," ","0",0,"P"," ","0",0,"P"," ","0",0,"P"," ","0",0,"P"," ","0",0,"P"," ","0",0,"P"," ","0",0,"P"," ","0",0,"P"," ","0",0,"P"," ","0",0,"P"," ","0",0,"P"," ","0",0,"P"," ","0",25," "," ","0",0,"P"," ","0",0,"P"," ","0",0,"P"," ","0",0,"P"," ","0",0,"P"," ","0",0,"P"," ","0",0,"P"," ","0",0,"P"," ","0",0,"P"," ","0",0,"P"," ","0",152," "," ","0",25," "," ","0",0,"P"," ","0",0,"P"," ","0"
"3969","USC00413787",2001,1,"SNWD",NA," "," "," ",NA," "," "," ",NA," "," "," ",NA," "," "," ",0,"P"," ","0",0,"P"," ","0",0,"P"," ","0",0,"P"," ","0",0,"P"," ","0",0,"P"," ","0",0,"P"," ","0",0,"P"," ","0",0,"P"," ","0",0,"P"," ","0",0,"P"," ","0",0,"P"," ","0",NA," "," "," ",NA," "," "," ",NA," "," "," ",NA," "," "," ",NA," "," "," ",NA," "," "," ",0,"P"," ","0",0,"P"," ","0",0,"P"," ","0",0,"P"," ","0",0,"P"," ","0",NA," "," "," ",NA," "," "," ",NA," "," "," ",NA," "," "," "
"3970","USC00413787",2001,2,"TMAX",33," "," ","0",33," "," ","0",50," "," ","0",72," "," ","0",78," "," ","0",122," "," ","0",78," "," ","0",183," "," ","0",-6," "," ","0",-61," "," ","0",17," "," ","0",83," "," ","0",61," "," ","0",178," "," ","0",-11," "," ","0",89," "," ","0",0," "," ","0",117," "," ","0",156," "," ","0",194," "," ","0",89," "," ","0",0," "," ","0",100," "," ","0",100," "," ","0",122," "," ","0",128," "," ","0",144," "," ","0",-22," "," ","0",NA," "," "," ",NA," "," "," ",NA," "," "," "
"3971","USC00413787",2001,2,"TMIN",-94," "," ","0",-94," "," ","0",-72," "," ","0",-39," "," ","0",-39," "," ","0",-6," "," ","0",-17," "," ","0",-11," "," ","0",-106," "," ","0",-117," "," ","0",-83," "," ","0",-28," "," ","0",-17," "," ","0",-11," "," ","0",-56," "," ","0",-56," "," ","0",-83," "," ","0",-39," "," ","0",6," "," ","0",-11," "," ","0",-39," "," ","0",-44," "," ","0",6," "," ","0",28," "," ","0",-28," "," ","0",-11," "," ","0",-28," "," ","0",-100," "," ","0",NA," "," "," ",NA," "," "," ",NA," "," "," "
"3972","USC00413787",2001,2,"TOBS",-94," "," ","0",-72," "," ","0",0," "," ","0",6," "," ","0",-6," "," ","0",0," "," ","0",-11," "," ","0",-6," "," ","0",-100," "," ","0",-83," "," ","0",-28," "," ","0",-17," "," ","0",-61," ","I","0",-11," "," ","0",-39," "," ","0",-39," "," ","0",-39," "," ","0",22," "," ","0",17," "," ","0",-6," "," ","0",-39," "," ","0",6," "," ","0",28," "," ","0",56," "," ","0",-11," "," ","0",56," "," ","0",-22," "," ","0",-94," "," ","0",NA," "," "," ",NA," "," "," ",NA," "," "," "
"3973","USC00413787",2001,2,"PRCP",0,"P"," ","0",0,"P"," ","0",0,"P"," ","0",0,"P"," ","0",0,"P"," ","0",0,"P"," ","0",0,"P"," ","0",0,"P"," ","0",234," "," ","0",0,"P"," ","0",0,"P"," ","0",0,"P"," ","0",0,"P"," ","0",0,"P"," ","0",0,"P"," ","0",0,"P"," ","0",0,"P"," ","0",0,"P"," ","0",0,"P"," ","0",0,"P"," ","0",0,"P"," ","0",0,"P"," ","0",0,"P"," ","0",25," "," ","0",0,"P"," ","0",0,"P"," ","0",5," "," ","0",51," "," ","0",NA," "," "," ",NA," "," "," ",NA," "," "," "
"3974","USC00413787",2001,2,"SNOW",0,"P"," ","0",0,"P"," ","0",0,"P"," ","0",0,"P"," ","0",0,"P"," ","0",0,"P"," ","0",0,"P"," ","0",0,"P"," ","0",51," "," ","0",0,"P"," ","0",0,"P"," ","0",0,"P"," ","0",0,"P"," ","0",0,"P"," ","0",0,"P"," ","0",0,"P"," ","0",0,"P"," ","0",0,"P"," ","0",0,"P"," ","0",0,"P"," ","0",0,"P"," ","0",0,"P"," ","0",0,"P"," ","0",0,"P"," ","0",0,"P"," ","0",0,"P"," ","0",0,"P"," ","0",0,"P"," ","0",NA," "," "," ",NA," "," "," ",NA," "," "," "
"3975","USC00413787",2001,2,"SNWD",NA," "," "," ",NA," "," "," ",NA," "," "," ",NA," "," "," ",NA," "," "," ",NA," "," "," ",NA," "," "," ",0,"P"," ","0",0,"P"," ","0",0,"P"," ","0",0,"P"," ","0",0,"P"," ","0",0,"P"," ","0",0,"P"," ","0",0,"P"," ","0",0,"P"," ","0",0,"P"," ","0",0,"P"," ","0",0,"P"," ","0",0,"P"," ","0",0,"P"," ","0",0,"P"," ","0",0,"P"," ","0",0,"P"," ","0",0,"P"," ","0",0,"P"," ","0",0,"P"," ","0",0,"P"," ","0",NA," "," "," ",NA," "," "," ",NA," "," "," "
"3976","USC00413787",2001,3,"TMAX",-22," "," ","0",100," "," ","0",111," "," ","0",139," "," ","0",133," "," ","0",206," "," ","0",150," "," ","0",133," "," ","0",61," "," ","0",150," "," ","0",194," "," ","0",194," "," ","0",189," "," ","0",183," "," ","0",211," "," ","0",50," "," ","0",78," "," ","0",61," "," ","0",33," "," ","0",122," "," ","0",222," "," ","0",272," "," ","0",194," "," ","0",-11," ","I","0",33," "," ","0",33," "," ","0",-6," "," ","0",22," "," ","0",89," "," ","0",167," "," ","0",167," "," ","0"
"3977","USC00413787",2001,3,"TMIN",-94," "," ","0",-28," "," ","0",0," "," ","0",11," "," ","0",-6," "," ","0",17," "," ","0",11," "," ","0",28," "," ","0",0," "," ","0",17," "," ","0",-6," "," ","0",-17," "," ","0",-17," "," ","0",-6," "," ","0",-11," "," ","0",-56," "," ","0",-33," "," ","0",-6," "," ","0",-6," "," ","0",-6," "," ","0",17," "," ","0",67," "," ","0",56," "," ","0",-28," "," ","0",-67," "," ","0",-33," "," ","0",-33," "," ","0",-11," "," ","0",0," "," ","0",22," "," ","0",22," "," ","0"
"3978","USC00413787",2001,3,"TOBS",-28," "," ","0",0," "," ","0",33," "," ","0",22," "," ","0",11," "," ","0",61," "," ","0",22," "," ","0",39," "," ","0",17," "," ","0",89," "," ","0",6," "," ","0",-11," "," ","0",0," "," ","0",11," "," ","0",22," "," ","0",-33," "," ","0",-6," "," ","0",11," "," ","0",-22," ","I","0",17," "," ","0",67," "," ","0",72," "," ","0",83," "," ","0",-22," "," ","0",22," "," ","0",-28," "," ","0",-11," "," ","0",22," "," ","0",22," "," ","0",67," "," ","0",44," "," ","0"
"3979","USC00413787",2001,3,"PRCP",51," "," ","0",0,"P"," ","0",0,"P"," ","0",0,"P"," ","0",0,"P"," ","0",0,"P"," ","0",0,"P"," ","0",0,"P"," ","0",25," "," ","0",0,"P"," ","0",30," "," ","0",0,"P"," ","0",0,"P"," ","0",0,"P"," ","0",18," "," ","0",0,"P"," ","0",0,"P"," ","0",28," "," ","0",5," "," ","0",0,"P"," ","0",0,"P"," ","0",0,"P"," ","0",0,"P"," ","0",0,"P"," ","0",0,"P"," ","0",84," "," ","0",0,"P"," ","0",0,"P"," ","0",0,"P"," ","0",0,"P"," ","0",86," "," ","0"
"3980","USC00413787",2001,3,"SNOW",NA," "," "," ",0,"P"," ","0",0,"P"," ","0",0,"P"," ","0",0,"P"," ","0",0,"P"," ","0",0,"P"," ","0",0,"P"," ","0",0,"P"," ","0",0,"P"," ","0",0,"P"," ","0",0,"P"," ","0",0,"P"," ","0",0,"P"," ","0",0,"P"," ","0",0,"P"," ","0",0,"P"," ","0",0,"P"," ","0",0,"P"," ","0",0,"P"," ","0",0,"P"," ","0",0,"P"," ","0",0,"P"," ","0",0,"P"," ","0",0,"P"," ","0",0,"P"," ","0",0,"P"," ","0",0,"P"," ","0",0,"P"," ","0",0,"P"," ","0",0,"P"," ","0"
"3981","USC00413787",2001,3,"SNWD",0,"P"," ","0",0,"P"," ","0",0,"P"," ","0",0,"P"," ","0",0,"P"," ","0",0,"P"," ","0",0,"P"," ","0",0,"P"," ","0",0,"P"," ","0",0,"P"," ","0",0,"P"," ","0",0,"P"," ","0",0,"P"," ","0",0,"P"," ","0",0,"P"," ","0",0,"P"," ","0",0,"P"," ","0",0,"P"," ","0",0,"P"," ","0",0,"P"," ","0",0,"P"," ","0",0,"P"," ","0",0,"P"," ","0",0,"P"," ","0",0,"P"," ","0",0,"P"," ","0",0,"P"," ","0",0,"P"," ","0",0,"P"," ","0",0,"P"," ","0",0,"P"," ","0"
"3982","USC00413787",2001,4,"TMAX",122," "," ","0",250," "," ","0",222," "," ","0",239," "," ","0",289," "," ","0",261," "," ","0",206," "," ","0",250," "," ","0",261," "," ","0",228," "," ","0",233," "," ","0",139," "," ","0",167," "," ","0",206," "," ","0",283," "," ","0",189," "," ","0",161," "," ","0",94," "," ","0",244," "," ","0",322," "," ","0",283," "," ","0",322," "," ","0",200," "," ","0",200," "," ","0",233," "," ","0",261," "," ","0",272," "," ","0",272," "," ","0",256," "," ","0",256," "," ","0",NA," "," "," "
"3983","USC00413787",2001,4,"TMIN",39," "," ","0",39," "," ","0",67," "," ","0",67," "," ","0",94," "," ","0",139," "," ","0",33," "," ","0",50," "," ","0",33," "," ","0",50," "," ","0",50," "," ","0",-11," "," ","0",-11," "," ","0",50," "," ","0",50," "," ","0",39," "," ","0",33," "," ","0",28," "," ","0",67," "," ","0",100," "," ","0",44," "," ","0",144," ","I","0",33," "," ","0",22," "," ","0",33," "," ","0",78," "," ","0",106," "," ","0",94," "," ","0",111," "," ","0",122," "," ","0",NA," "," "," "
"3984","USC00413787",2001,4,"TOBS",106," "," ","0",106," "," ","0",56," ","I","0",100," "," ","0",139," "," ","0",161," "," ","0",89," "," ","0",89," "," ","0",50," "," ","0",139," "," ","0",61," "," ","0",-6," "," ","0",50," "," ","0",122," "," ","0",106," "," ","0",44," "," ","0",33," "," ","0",67," "," ","0",128," "," ","0",133," "," ","0",167," "," ","0",44," ","I","0",44," "," ","0",33," "," ","0",78," "," ","0",106," "," ","0",122," "," ","0",111," "," ","0",128," "," ","0",144," "," ","0",NA," "," "," "
"3985","USC00413787",2001,4,"PRCP",0,"P"," ","0",0,"P"," ","0",0,"P"," ","0",0,"P"," ","0",0,"P"," ","0",0,"P"," ","0",81," "," ","0",0,"P"," ","0",0,"P"," ","0",0,"P"," ","0",84," "," ","0",0,"P"," ","0",0,"P"," ","0",0,"P"," ","0",0,"P"," ","0",0,"P"," ","0",0,"P"," ","0",0,"P"," ","0",0,"P"," ","0",0,"P"," ","0",0,"P"," ","0",157," "," ","0",0,"P"," ","0",0,"P"," ","0",0,"P"," ","0",0,"P"," ","0",0,"P"," ","0",0,"P"," ","0",0,"P"," ","0",0,"P"," ","0",NA," "," "," "
"3986","USC00413787",2001,4,"SNOW",0,"P"," ","0",0,"P"," ","0",0,"P"," ","0",0,"P"," ","0",0,"P"," ","0",0,"P"," ","0",0,"P"," ","0",0,"P"," ","0",0,"P"," ","0",0,"P"," ","0",0,"P"," ","0",0,"P"," ","0",0,"P"," ","0",0,"P"," ","0",0,"P"," ","0",0,"P"," ","0",0,"P"," ","0",0,"P"," ","0",0,"P"," ","0",0,"P"," ","0",0,"P"," ","0",0,"P"," ","0",0,"P"," ","0",0,"P"," ","0",0,"P"," ","0",0,"P"," ","0",0,"P"," ","0",0,"P"," ","0",0,"P"," ","0",0,"P"," ","0",NA," "," "," "
"3987","USC00413787",2001,4,"SNWD",0,"P"," ","0",0,"P"," ","0",0,"P"," ","0",0,"P"," ","0",0,"P"," ","0",0,"P"," ","0",0,"P"," ","0",0,"P"," ","0",0,"P"," ","0",0,"P"," ","0",0,"P"," ","0",0,"P"," ","0",0,"P"," ","0",0,"P"," ","0",0,"P"," ","0",0,"P"," ","0",0,"P"," ","0",0,"P"," ","0",0,"P"," ","0",0,"P"," ","0",0,"P"," ","0",0,"P"," ","0",0,"P"," ","0",0,"P"," ","0",0,"P"," ","0",0,"P"," ","0",0,"P"," ","0",0,"P"," ","0",0,"P"," ","0",0,"P"," ","0",NA," "," "," "
"3988","USC00413787",2001,5,"TMAX",283," "," ","0",322," "," ","0",144," "," ","0",111," "," ","0",117," "," ","0",211," "," ","0",228," "," ","0",189," "," ","0",239," "," ","0",294," "," ","0",311," "," ","0",228," "," ","0",250," "," ","0",278," "," ","0",283," "," ","0",333," "," ","0",344," "," ","0",272," "," ","0",267," "," ","0",217," "," ","0",250," "," ","0",172," "," ","0",256," "," ","0",289," "," ","0",256," "," ","0",244," "," ","0",289," "," ","0",306," "," ","0",294," "," ","0",267," "," ","0",250," "," ","0"
"3989","USC00413787",2001,5,"TMIN",122," "," ","0",111," "," ","0",72," "," ","0",72," "," ","0",39," "," ","0",44," "," ","0",89," "," ","0",67," "," ","0",94," "," ","0",94," "," ","0",133," "," ","0",139," "," ","0",128," "," ","0",150," "," ","0",150," "," ","0",133," "," ","0",161," "," ","0",133," "," ","0",139," "," ","0",122," "," ","0",44," "," ","0",39," "," ","0",72," "," ","0",61," "," ","0",61," "," ","0",83," "," ","0",122," "," ","0",122," "," ","0",144," "," ","0",128," "," ","0",117," "," ","0"
"3990","USC00413787",2001,5,"TOBS",128," "," ","0",128," "," ","0",78," "," ","0",89," "," ","0",61," "," ","0",144," "," ","0",89," "," ","0",94," "," ","0",139," "," ","0",139," "," ","0",144," "," ","0",150," "," ","0",183," "," ","0",172," "," ","0",161," "," ","0",161," "," ","0",161," "," ","0",139," "," ","0",167," "," ","0",150," "," ","0",67," "," ","0",72," "," ","0",117," "," ","0",83," "," ","0",83," "," ","0",122," "," ","0",156," "," ","0",139," "," ","0",172," "," ","0",139," "," ","0",133," "," ","0"
"3991","USC00413787",2001,5,"PRCP",0,"P"," ","0",0,"P"," ","0",114," "," ","0",152," "," ","0",64," "," ","0",53," "," ","0",53," "," ","0",41," "," ","0",0,"P"," ","0",0,"P"," ","0",41," "," ","0",0,"P"," ","0",0,"P"," ","0",0,"P"," ","0",0,"P"," ","0",0,"P"," ","0",84," "," ","0",251," "," ","0",43," "," ","0",170," "," ","0",155," "," ","0",0,"P"," ","0",0,"P"," ","0",5," "," ","0",0,"P"," ","0",0,"P"," ","0",3," "," ","0",0,"P"," ","0",363," "," ","0",86," "," ","0",15," "," ","0"
"3992","USC00413787",2001,5,"SNOW",0,"P"," ","0",0,"P"," ","0",0,"P"," ","0",0,"P"," ","0",0,"P"," ","0",0,"P"," ","0",0,"P"," ","0",0,"P"," ","0",0,"P"," ","0",0,"P"," ","0",0,"P"," ","0",0,"P"," ","0",0,"P"," ","0",0,"P"," ","0",0,"P"," ","0",0,"P"," ","0",0,"P"," ","0",0,"P"," ","0",0,"P"," ","0",0,"P"," ","0",0,"P"," ","0",0,"P"," ","0",0,"P"," ","0",0,"P"," ","0",0,"P"," ","0",0,"P"," ","0",0,"P"," ","0",0,"P"," ","0",0,"P"," ","0",0,"P"," ","0",0,"P"," ","0"
"3993","USC00413787",2001,5,"SNWD",0,"P"," ","0",0,"P"," ","0",0,"P"," ","0",0,"P"," ","0",0,"P"," ","0",0,"P"," ","0",0,"P"," ","0",0,"P"," ","0",0,"P"," ","0",0,"P"," ","0",0,"P"," ","0",0,"P"," ","0",0,"P"," ","0",0,"P"," ","0",0,"P"," ","0",0,"P"," ","0",0,"P"," ","0",0,"P"," ","0",0,"P"," ","0",0,"P"," ","0",0,"P"," ","0",0,"P"," ","0",0,"P"," ","0",0,"P"," ","0",0,"P"," ","0",0,"P"," ","0",0,"P"," ","0",0,"P"," ","0",0,"P"," ","0",0,"P"," ","0",0,"P"," ","0"
"3994","USC00413787",2001,6,"TMAX",250," "," ","0",278," "," ","0",283," "," ","0",344," "," ","0",311," "," ","0",256," "," ","0",278," "," ","0",306," "," ","0",294," "," ","0",317," "," ","0",356," "," ","0",367," "," ","0",367," "," ","0",356," "," ","0",233," "," ","0",267," "," ","0",367," "," ","0",350," "," ","0",361," "," ","0",294," "," ","0",322," "," ","0",256," "," ","0",300," "," ","0",333," "," ","0",339," "," ","0",356," "," ","0",339," "," ","0",344," "," ","0",361," "," ","0",350," "," ","0",NA," "," "," "
"3995","USC00413787",2001,6,"TMIN",117," "," ","0",139," "," ","0",139," "," ","0",133," "," ","0",NA," "," "," ",133," "," ","0",161," "," ","0",150," "," ","0",167," "," ","0",178," "," ","0",200," "," ","0",NA," "," "," ",194," "," ","0",83," "," ","0",94," "," ","0",117," "," ","0",17," ","S","0",194," "," ","0",194," "," ","0",NA," "," "," ",144," "," ","0",150," "," ","0",161," "," ","0",183," "," ","0",200," "," ","0",189," "," ","0",200," "," ","0",206," "," ","0",161," "," ","0",200," "," ","0",NA," "," "," "
"3996","USC00413787",2001,6,"TOBS",NA," "," "," ",139," "," ","0",228," "," ","0",133," "," ","0",133," "," ","0",183," "," ","0",200," "," ","0",167," "," ","0",178," "," ","0",206," "," ","0",222," "," ","0",228," "," ","0",217," "," ","0",122," "," ","0",117," "," ","0",183," "," ","0",NA," "," "," ",217," "," ","0",217," "," ","0",200," "," ","0",167," "," ","0",167," "," ","0",206," "," ","0",233," "," ","0",206," "," ","0",211," "," ","0",222," "," ","0",217," "," ","0",206," "," ","0",217," "," ","0",NA," "," "," "
"3997","USC00413787",2001,6,"PRCP",10," "," ","0",0,"P"," ","0",0,"P"," ","0",0,"P"," ","0",0,"P"," ","0",0,"P"," ","0",0,"P"," ","0",97," "," ","0",0,"P"," ","0",0,"P"," ","0",0,"P"," ","0",0,"P"," ","0",0,"P"," ","0",0,"P"," ","0",0,"P"," ","0",0,"P"," ","0",0,"P"," ","0",0,"P"," ","0",0,"P"," ","0",0,"P"," ","0",236," "," ","0",0,"P"," ","0",0,"P"," ","0",0,"P"," ","0",0,"P"," ","0",0,"P"," ","0",0,"P"," ","0",267," "," ","0",0,"P"," ","0",0,"P"," ","0",NA," "," "," "
"3998","USC00413787",2001,6,"SNOW",0,"P"," ","0",0,"P"," ","0",0,"P"," ","0",0,"P"," ","0",0,"P"," ","0",0,"P"," ","0",0,"P"," ","0",0,"P"," ","0",0,"P"," ","0",0,"P"," ","0",0,"P"," ","0",0,"P"," ","0",0,"P"," ","0",0,"P"," ","0",0,"P"," ","0",0,"P"," ","0",0,"P"," ","0",0,"P"," ","0",0,"P"," ","0",0,"P"," ","0",0,"P"," ","0",0,"P"," ","0",0,"P"," ","0",0,"P"," ","0",0,"P"," ","0",0,"P"," ","0",0,"P"," ","0",0,"P"," ","0",0,"P"," ","0",0,"P"," ","0",NA," "," "," "
"3999","USC00413787",2001,6,"SNWD",0,"P"," ","0",0,"P"," ","0",0,"P"," ","0",0,"P"," ","0",0,"P"," ","0",0,"P"," ","0",0,"P"," ","0",0,"P"," ","0",0,"P"," ","0",0,"P"," ","0",0,"P"," ","0",0,"P"," ","0",0,"P"," ","0",0,"P"," ","0",0,"P"," ","0",0,"P"," ","0",0,"P"," ","0",0,"P"," ","0",0,"P"," ","0",0,"P"," ","0",0,"P"," ","0",0,"P"," ","0",0,"P"," ","0",0,"P"," ","0",0,"P"," ","0",0,"P"," ","0",0,"P"," ","0",0,"P"," ","0",0,"P"," ","0",0,"P"," ","0",NA," "," "," "
"4000","USC00413787",2001,7,"TMAX",333," "," ","0",328," "," ","0",322," "," ","0",350," "," ","0",367," "," ","0",372," "," ","0",367," "," ","0",378," "," ","0",389," "," ","0",389," "," ","0",383," "," ","0",394," "," ","0",383," "," ","0",294," "," ","0",322," "," ","0",350," "," ","0",383," "," ","0",378," "," ","0",367," "," ","0",367," "," ","0",350," "," ","0",378," "," ","0",383," "," ","0",389," "," ","0",383," "," ","0",378," "," ","0",378," "," ","0",367," "," ","0",350," "," ","0",383," "," ","0",372," "," ","0"
"4001","USC00413787",2001,7,"TMIN",183," "," ","0",189," "," ","0",189," "," ","0",189," "," ","0",183," "," ","0",200," "," ","0",222," "," ","0",228," "," ","0",200," "," ","0",183," "," ","0",189," "," ","0",206," "," ","0",206," "," ","0",206," "," ","0",139," "," ","0",189," "," ","0",206," "," ","0",228," "," ","0",222," "," ","0",222," "," ","0",206," "," ","0",222," "," ","0",239," "," ","0",200," "," ","0",217," "," ","0",189," "," ","0",189," "," ","0",206," "," ","0",206," "," ","0",233," "," ","0",228," "," ","0"
"4002","USC00413787",2001,7,"TOBS",217," "," ","0",206," "," ","0",211," "," ","0",222," "," ","0",200," "," ","0",222," "," ","0",272," "," ","0",261," "," ","0",217," "," ","0",206," "," ","0",217," "," ","0",228," "," ","0",217," "," ","0",217," "," ","0",211," "," ","0",206," "," ","0",228," "," ","0",244," "," ","0",250," "," ","0",228," "," ","0",222," "," ","0",244," "," ","0",256," "," ","0",217," "," ","0",217," "," ","0",206," "," ","0",217," "," ","0",233," "," ","0",244," "," ","0",239," "," ","0",256," "," ","0"
"4003","USC00413787",2001,7,"PRCP",0,"P"," ","0",0,"P"," ","0",0,"P"," ","0",0,"P"," ","0",0,"P"," ","0",0,"P"," ","0",0,"P"," ","0",0,"P"," ","0",0,"P"," ","0",0,"P"," ","0",0,"P"," ","0",0,"P"," ","0",0,"P"," ","0",0,"P"," ","0",310," "," ","0",5," "," ","0",0,"P"," ","0",0,"P"," ","0",0,"P"," ","0",0,"P"," ","0",0,"P"," ","0",28," "," ","0",0,"P"," ","0",0,"P"," ","0",0,"P"," ","0",5," "," ","0",0,"P"," ","0",3," "," ","0",5," "," ","0",0,"P"," ","0",0,"P"," ","0"
"4004","USC00413787",2001,7,"SNOW",0,"P"," ","0",0,"P"," ","0",0,"P"," ","0",0,"P"," ","0",0,"P"," ","0",0,"P"," ","0",0,"P"," ","0",0,"P"," ","0",0,"P"," ","0",0,"P"," ","0",0,"P"," ","0",0,"P"," ","0",0,"P"," ","0",0,"P"," ","0",0,"P"," ","0",0,"P"," ","0",0,"P"," ","0",0,"P"," ","0",0,"P"," ","0",0,"P"," ","0",0,"P"," ","0",0,"P"," ","0",0,"P"," ","0",0,"P"," ","0",0,"P"," ","0",0,"P"," ","0",0,"P"," ","0",0,"P"," ","0",0,"P"," ","0",0,"P"," ","0",0,"P"," ","0"
"4005","USC00413787",2001,7,"SNWD",0,"P"," ","0",0,"P"," ","0",0,"P"," ","0",0,"P"," ","0",0,"P"," ","0",0,"P"," ","0",0,"P"," ","0",0,"P"," ","0",0,"P"," ","0",0,"P"," ","0",0,"P"," ","0",0,"P"," ","0",0,"P"," ","0",0,"P"," ","0",0,"P"," ","0",0,"P"," ","0",0,"P"," ","0",0,"P"," ","0",0,"P"," ","0",0,"P"," ","0",0,"P"," ","0",0,"P"," ","0",0,"P"," ","0",0,"P"," ","0",0,"P"," ","0",0,"P"," ","0",0,"P"," ","0",0,"P"," ","0",0,"P"," ","0",0,"P"," ","0",0,"P"," ","0"
"4006","USC00413787",2001,8,"TMAX",367," "," ","0",367," "," ","0",367," "," ","0",361," "," ","0",356," "," ","0",372," "," ","0",378," "," ","0",378," "," ","0",378," "," ","0",367," "," ","0",289," "," ","0",311," "," ","0",322," "," ","0",322," "," ","0",306," "," ","0",322," "," ","0",328," "," ","0",328," "," ","0",350," "," ","0",367," "," ","0",372," "," ","0",350," "," ","0",361," "," ","0",344," "," ","0",367," "," ","0",317," "," ","0",289," "," ","0",300," "," ","0",278," "," ","0",306," "," ","0",317," "," ","0"
"4007","USC00413787",2001,8,"TMIN",206," "," ","0",206," "," ","0",206," "," ","0",189," "," ","0",183," "," ","0",183," "," ","0",200," "," ","0",183," "," ","0",183," "," ","0",206," ","I","0",172," "," ","0",178," "," ","0",200," "," ","0",178," "," ","0",189," "," ","0",189," "," ","0",161," "," ","0",161," "," ","0",161," "," ","0",194," "," ","0",200," "," ","0",200," "," ","0",194," "," ","0",183," "," ","0",183," "," ","0",167," "," ","0",144," "," ","0",128," "," ","0",128," "," ","0",172," "," ","0",172," "," ","0"
"4008","USC00413787",2001,8,"TOBS",222," "," ","0",217," "," ","0",239," "," ","0",256," "," ","0",244," "," ","0",206," "," ","0",222," "," ","0",200," "," ","0",194," ","I","0",206," "," ","0",183," "," ","0",200," "," ","0",206," "," ","0",189," "," ","0",194," "," ","0",194," "," ","0",161," "," ","0",194," "," ","0",206," "," ","0",217," "," ","0",200," "," ","0",239," "," ","0",194," "," ","0",183," "," ","0",256," "," ","0",189," "," ","0",156," "," ","0",133," "," ","0",167," "," ","0",172," "," ","0",183," "," ","0"
"4009","USC00413787",2001,8,"PRCP",0,"P"," ","0",0,"P"," ","0",0,"P"," ","0",0,"P"," ","0",0,"P"," ","0",0,"P"," ","0",0,"P"," ","0",0,"P"," ","0",0,"P"," ","0",25," "," ","0",91," "," ","0",10," "," ","0",0,"P"," ","0",0,"P"," ","0",3," "," ","0",0,"P"," ","0",25," "," ","0",0,"P"," ","0",0,"P"," ","0",0,"P"," ","0",0,"P"," ","0",0,"P"," ","0",0,"P"," ","0",0,"P"," ","0",0,"P"," ","0",10," "," ","0",0,"P"," ","0",0,"P"," ","0",0,"P"," ","0",0,"P"," ","0",0,"P"," ","0"
"4010","USC00413787",2001,8,"SNOW",0,"P"," ","0",0,"P"," ","0",0,"P"," ","0",0,"P"," ","0",0,"P"," ","0",0,"P"," ","0",0,"P"," ","0",0,"P"," ","0",0,"P"," ","0",0,"P"," ","0",0,"P"," ","0",0,"P"," ","0",0,"P"," ","0",0,"P"," ","0",0,"P"," ","0",0,"P"," ","0",0,"P"," ","0",0,"P"," ","0",0,"P"," ","0",0,"P"," ","0",0,"P"," ","0",0,"P"," ","0",0,"P"," ","0",0,"P"," ","0",0,"P"," ","0",0,"P"," ","0",0,"P"," ","0",0,"P"," ","0",0,"P"," ","0",0,"P"," ","0",0,"P"," ","0"
"4011","USC00413787",2001,8,"SNWD",0,"P"," ","0",0,"P"," ","0",0,"P"," ","0",0,"P"," ","0",0,"P"," ","0",0,"P"," ","0",0,"P"," ","0",0,"P"," ","0",0,"P"," ","0",0,"P"," ","0",0,"P"," ","0",0,"P"," ","0",0,"P"," ","0",0,"P"," ","0",0,"P"," ","0",0,"P"," ","0",0,"P"," ","0",0,"P"," ","0",0,"P"," ","0",0,"P"," ","0",0,"P"," ","0",0,"P"," ","0",0,"P"," ","0",0,"P"," ","0",0,"P"," ","0",0,"P"," ","0",0,"P"," ","0",0,"P"," ","0",0,"P"," ","0",0,"P"," ","0",0,"P"," ","0"
"4012","USC00413787",2001,9,"TMAX",311," "," ","0",317," "," ","0",350," "," ","0",322," "," ","0",322," "," ","0",244," "," ","0",344," "," ","0",244," "," ","0",222," "," ","0",244," "," ","0",283," "," ","0",317," "," ","0",344," "," ","0",317," "," ","0",267," "," ","0",294," "," ","0",NA," "," "," ",300," "," ","0",267," "," ","0",300," "," ","0",328," "," ","0",300," "," ","0",311," "," ","0",233," "," ","0",211," "," ","0",250," "," ","0",311," "," ","0",333," "," ","0",294," "," ","0",267," "," ","0",NA," "," "," "
"4013","USC00413787",2001,9,"TMIN",139," "," ","0",139," "," ","0",156," "," ","0",150," "," ","0",150," "," ","0",167," "," ","0",150," "," ","0",72," "," ","0",44," "," ","0",83," "," ","0",78," "," ","0",133," "," ","0",161," "," ","0",172," "," ","0",150," "," ","0",167," "," ","0",161," "," ","0",156," "," ","0",139," "," ","0",156," "," ","0",128," "," ","0",128," "," ","0",139," "," ","0",50," "," ","0",83," ","I","0",83," "," ","0",106," "," ","0",106," "," ","0",106," "," ","0",117," "," ","0",NA," "," "," "
"4014","USC00413787",2001,9,"TOBS",156," "," ","0",183," "," ","0",161," "," ","0",156," "," ","0",183," "," ","0",178," "," ","0",150," "," ","0",111," "," ","0",128," "," ","0",89," "," ","0",133," "," ","0",161," "," ","0",183," "," ","0",172," "," ","0",200," "," ","0",194," "," ","0",161," "," ","0",156," "," ","0",156," "," ","0",183," "," ","0",128," "," ","0",150," "," ","0",139," "," ","0",67," "," ","0",67," ","I","0",117," "," ","0",106," "," ","0",111," "," ","0",122," "," ","0",117," "," ","0",NA," "," "," "
"4015","USC00413787",2001,9,"PRCP",23," "," ","0",0,"P"," ","0",97," "," ","0",0,"P"," ","0",0,"P"," ","0",36," "," ","0",0,"P"," ","0",0,"P"," ","0",5," "," ","0",0,"P"," ","0",0,"P"," ","0",0,"P"," ","0",0,"P"," ","0",48," "," ","0",15," "," ","0",61," "," ","0",0,"P"," ","0",0,"P"," ","0",0,"P"," ","0",0,"P"," ","0",0,"P"," ","0",0,"P"," ","0",5," "," ","0",0,"P"," ","0",0,"P"," ","0",0,"P"," ","0",0,"P"," ","0",0,"P"," ","0",0,"P"," ","0",0,"P"," ","0",NA," "," "," "
"4016","USC00413787",2001,9,"SNOW",0,"P"," ","0",0,"P"," ","0",0,"P"," ","0",0,"P"," ","0",0,"P"," ","0",0,"P"," ","0",0,"P"," ","0",0,"P"," ","0",0,"P"," ","0",0,"P"," ","0",0,"P"," ","0",0,"P"," ","0",0,"P"," ","0",0,"P"," ","0",0,"P"," ","0",0,"P"," ","0",0,"P"," ","0",0,"P"," ","0",0,"P"," ","0",0,"P"," ","0",0,"P"," ","0",0,"P"," ","0",0,"P"," ","0",0,"P"," ","0",0,"P"," ","0",0,"P"," ","0",0,"P"," ","0",0,"P"," ","0",0,"P"," ","0",0,"P"," ","0",NA," "," "," "
"4017","USC00413787",2001,9,"SNWD",0,"P"," ","0",0,"P"," ","0",0,"P"," ","0",0,"P"," ","0",0,"P"," ","0",0,"P"," ","0",0,"P"," ","0",0,"P"," ","0",0,"P"," ","0",0,"P"," ","0",0,"P"," ","0",0,"P"," ","0",0,"P"," ","0",0,"P"," ","0",0,"P"," ","0",0,"P"," ","0",0,"P"," ","0",0,"P"," ","0",0,"P"," ","0",0,"P"," ","0",0,"P"," ","0",0,"P"," ","0",0,"P"," ","0",0,"P"," ","0",0,"P"," ","0",0,"P"," ","0",0,"P"," ","0",0,"P"," ","0",0,"P"," ","0",0,"P"," ","0",NA," "," "," "
"4018","USC00413787",2001,10,"TMAX",267," "," ","0",278," "," ","0",294," "," ","0",294," "," ","0",306," "," ","0",117," "," ","0",206," "," ","0",289," "," ","0",311," "," ","0",283," "," ","0",150," "," ","0",211," "," ","0",139," "," ","0",217," "," ","0",228," "," ","0",133," "," ","0",206," "," ","0",278," "," ","0",172," "," ","0",222," "," ","0",294," "," ","0",222," "," ","0",272," "," ","0",283," "," ","0",178," "," ","0",161," "," ","0",183," "," ","0",228," "," ","0",294," "," ","0",211," "," ","0",250," "," ","0"
"4019","USC00413787",2001,10,"TMIN",100," "," ","0",89," "," ","0",94," "," ","0",94," "," ","0",61," "," ","0",0," "," ","0",44," "," ","0",117," "," ","0",122," "," ","0",100," "," ","0",39," "," ","0",44," "," ","0",-17," "," ","0",-17," "," ","0",28," "," ","0",-17," "," ","0",-11," "," ","0",50," "," ","0",6," "," ","0",6," "," ","0",33," "," ","0",50," "," ","0",83," "," ","0",67," "," ","0",0," "," ","0",-6," "," ","0",17," "," ","0",28," "," ","0",111," "," ","0",100," "," ","0",122," "," ","0"
"4020","USC00413787",2001,10,"TOBS",106," "," ","0",94," "," ","0",100," "," ","0",111," "," ","0",67," "," ","0",NA," "," "," ",117," "," ","0",133," "," ","0",150," "," ","0",106," "," ","0",44," "," ","0",144," "," ","0",-6," "," ","0",28," "," ","0",67," "," ","0",-11," "," ","0",50," "," ","0",111," "," ","0",6," "," ","0",56," "," ","0",56," "," ","0",89," "," ","0",83," "," ","0",67," "," ","0",0," "," ","0",22," "," ","0",28," "," ","0",122," "," ","0",117," "," ","0",122," "," ","0",156," "," ","0"
"4021","USC00413787",2001,10,"PRCP",0,"P"," ","0",0,"P"," ","0",0,"P"," ","0",0,"P"," ","0",0,"P"," ","0",0,"P"," ","0",0,"P"," ","0",0,"P"," ","0",0,"P"," ","0",0,"P"," ","0",0,"P"," ","0",0,"P"," ","0",0,"P"," ","0",0,"P"," ","0",0,"P"," ","0",0,"P"," ","0",0,"P"," ","0",0,"P"," ","0",0,"P"," ","0",0,"P"," ","0",0,"P"," ","0",0,"P"," ","0",0,"P"," ","0",0,"P"," ","0",0,"P"," ","0",0,"P"," ","0",0,"P"," ","0",0,"P"," ","0",0,"P"," ","0",0,"P"," ","0",0,"P"," ","0"
"4022","USC00413787",2001,10,"SNOW",0,"P"," ","0",0,"P"," ","0",0,"P"," ","0",0,"P"," ","0",0,"P"," ","0",0,"P"," ","0",0,"P"," ","0",0,"P"," ","0",0,"P"," ","0",0,"P"," ","0",0,"P"," ","0",0,"P"," ","0",0,"P"," ","0",0,"P"," ","0",0,"P"," ","0",0,"P"," ","0",0,"P"," ","0",0,"P"," ","0",0,"P"," ","0",0,"P"," ","0",0,"P"," ","0",0,"P"," ","0",0,"P"," ","0",0,"P"," ","0",0,"P"," ","0",0,"P"," ","0",0,"P"," ","0",0,"P"," ","0",0,"P"," ","0",0,"P"," ","0",0,"P"," ","0"
"4023","USC00413787",2001,10,"SNWD",0,"P"," ","0",0,"P"," ","0",0,"P"," ","0",0,"P"," ","0",0,"P"," ","0",0,"P"," ","0",0,"P"," ","0",0,"P"," ","0",0,"P"," ","0",0,"P"," ","0",0,"P"," ","0",0,"P"," ","0",0,"P"," ","0",0,"P"," ","0",0,"P"," ","0",0,"P"," ","0",0,"P"," ","0",0,"P"," ","0",0,"P"," ","0",0,"P"," ","0",0,"P"," ","0",0,"P"," ","0",0,"P"," ","0",0,"P"," ","0",0,"P"," ","0",0,"P"," ","0",0,"P"," ","0",0,"P"," ","0",0,"P"," ","0",0,"P"," ","0",0,"P"," ","0"
"4024","USC00413787",2001,11,"TMAX",294," "," ","0",267," "," ","0",217," "," ","0",217," "," ","0",206," "," ","0",206," "," ","0",239," "," ","0",261," "," ","0",50," "," ","0",178," "," ","0",217," "," ","0",211," "," ","0",233," "," ","0",233," "," ","0",144," "," ","0",139," "," ","0",150," "," ","0",161," "," ","0",233," "," ","0",83," "," ","0",156," "," ","0",172," "," ","0",139," "," ","0",139," "," ","0",139," "," ","0",200," "," ","0",72," "," ","0",-17," "," ","0",-11," "," ","0",83," "," ","0",NA," "," "," "
"4025","USC00413787",2001,11,"TMIN",111," "," ","0",61," "," ","0",100," "," ","0",78," "," ","0",89," "," ","0",106," "," ","0",89," "," ","0",44," "," ","0",-11," "," ","0",0," "," ","0",17," "," ","0",100," "," ","0",111," "," ","0",111," "," ","0",89," "," ","0",111," "," ","0",83," "," ","0",67," "," ","0",0," "," ","0",-22," "," ","0",-17," "," ","0",-28," "," ","0",-22," "," ","0",33," "," ","0",22," "," ","0",-22," "," ","0",-94," "," ","0",-100," "," ","0",-100," "," ","0",-89," "," ","0",NA," "," "," "
"4026","USC00413787",2001,11,"TOBS",122," "," ","0",211," "," ","0",128," "," ","0",117," "," ","0",117," "," ","0",111," "," ","0",94," "," ","0",50," "," ","0",0," "," ","0",17," "," ","0",128," "," ","0",111," "," ","0",122," "," ","0",133," "," ","0",111," "," ","0",111," "," ","0",94," "," ","0",106," "," ","0",6," "," ","0",-17," "," ","0",-11," "," ","0",-22," "," ","0",44," "," ","0",44," "," ","0",44," "," ","0",-17," "," ","0",-83," "," ","0",-100," "," ","0",-89," "," ","0",33," "," ","0",NA," "," "," "
"4027","USC00413787",2001,11,"PRCP",0,"P"," ","0",0,"P"," ","0",0,"P"," ","0",0,"P"," ","0",0,"P"," ","0",0,"P"," ","0",0,"P"," ","0",0,"P"," ","0",46," "," ","0",0,"P"," ","0",0,"P"," ","0",0,"P"," ","0",0,"P"," ","0",0,"P"," ","0",99," "," ","0",36," "," ","0",28," "," ","0",3," "," ","0",0,"P"," ","0",0,"P"," ","0",0,"P"," ","0",0,"P"," ","0",0,"P"," ","0",15," "," ","0",0,"P"," ","0",0,"P"," ","0",0,"P"," ","0",0,"P"," ","0",0,"P"," ","0",0,"P"," ","0",NA," "," "," "
"4028","USC00413787",2001,11,"SNOW",0,"P"," ","0",0,"P"," ","0",0,"P"," ","0",0,"P"," ","0",0,"P"," ","0",0,"P"," ","0",0,"P"," ","0",0,"P"," ","0",0,"P"," ","0",0,"P"," ","0",0,"P"," ","0",0,"P"," ","0",0,"P"," ","0",0,"P"," ","0",0,"P"," ","0",0,"P"," ","0",0,"P"," ","0",0,"P"," ","0",0,"P"," ","0",0,"P"," ","0",0,"P"," ","0",0,"P"," ","0",0,"P"," ","0",0,"P"," ","0",0,"P"," ","0",0,"P"," ","0",0,"P"," ","0",0,"P"," ","0",0,"P"," ","0",0,"P"," ","0",NA," "," "," "
"4029","USC00413787",2001,11,"SNWD",0,"P"," ","0",0,"P"," ","0",0,"P"," ","0",0,"P"," ","0",0,"P"," ","0",0,"P"," ","0",0,"P"," ","0",0,"P"," ","0",0,"P"," ","0",0,"P"," ","0",0,"P"," ","0",0,"P"," ","0",0,"P"," ","0",0,"P"," ","0",0,"P"," ","0",0,"P"," ","0",0,"P"," ","0",0,"P"," ","0",0,"P"," ","0",0,"P"," ","0",0,"P"," ","0",0,"P"," ","0",0,"P"," ","0",0,"P"," ","0",0,"P"," ","0",0,"P"," ","0",0,"P"," ","0",0,"P"," ","0",0,"P"," ","0",0,"P"," ","0",NA," "," "," "
"4030","USC00413787",2001,12,"TMAX",156," "," ","0",156," "," ","0",200," "," ","0",228," "," ","0",178," "," ","0",128," "," ","0",167," "," ","0",150," "," ","0",94," "," ","0",139," "," ","0",167," "," ","0",128," "," ","0",44," "," ","0",67," "," ","0",144," "," ","0",144," "," ","0",83," "," ","0",189," "," ","0",150," "," ","0",111," "," ","0",150," "," ","0",178," "," ","0",83," "," ","0",83," "," ","0",56," "," ","0",72," "," ","0",128," "," ","0",89," "," ","0",161," "," ","0",22," "," ","0",-44," "," ","0"
"4031","USC00413787",2001,12,"TMIN",-17," "," ","0",11," "," ","0",22," "," ","0",28," "," ","0",78," "," ","0",-17," "," ","0",-28," "," ","0",-50," "," ","0",-72," "," ","0",-50," "," ","0",-22," "," ","0",-33," "," ","0",-56," "," ","0",-72," "," ","0",-67," "," ","0",-17," "," ","0",-61," "," ","0",-39," "," ","0",-83," "," ","0",-83," "," ","0",-56," "," ","0",-11," "," ","0",-89," "," ","0",-106," "," ","0",-83," "," ","0",-89," "," ","0",-67," "," ","0",-67," "," ","0",-111," "," ","0",-78," "," ","0",-89," "," ","0"
"4032","USC00413787",2001,12,"TOBS",17," "," ","0",56," "," ","0",28," "," ","0",78," "," ","0",83," "," ","0",-17," "," ","0",28," "," ","0",-6," "," ","0",39," "," ","0",-22," "," ","0",-11," "," ","0",-28," "," ","0",-50," "," ","0",-61," "," ","0",0," "," ","0",-17," "," ","0",-39," "," ","0",17," "," ","0",-83," "," ","0",-44," "," ","0",6," "," ","0",-11," "," ","0",-33," "," ","0",-78," "," ","0",0," "," ","0",-61," "," ","0",-33," "," ","0",-39," "," ","0",-83," "," ","0",-72," "," ","0",-78," "," ","0"
"4033","USC00413787",2001,12,"PRCP",0,"P"," ","0",0,"P"," ","0",0,"P"," ","0",0,"P"," ","0",0,"P"," ","0",0,"P"," ","0",0,"P"," ","0",0,"P"," ","0",0,"P"," ","0",0,"P"," ","0",0,"P"," ","0",0,"P"," ","0",5," "," ","0",0,"P"," ","0",0,"P"," ","0",0,"P"," ","0",0,"P"," ","0",0,"P"," ","0",0,"P"," ","0",0,"P"," ","0",0,"P"," ","0",0,"P"," ","0",0,"P"," ","0",0,"P"," ","0",0,"P"," ","0",0,"P"," ","0",0,"P"," ","0",0,"P"," ","0",0,"P"," ","0",36," "," ","0",0,"P"," ","0"
"4034","USC00413787",2001,12,"SNOW",0,"P"," ","0",0,"P"," ","0",0,"P"," ","0",0,"P"," ","0",0,"P"," ","0",0,"P"," ","0",0,"P"," ","0",0,"P"," ","0",0,"P"," ","0",0,"P"," ","0",0,"P"," ","0",0,"P"," ","0",0,"P"," ","0",0,"P"," ","0",0,"P"," ","0",0,"P"," ","0",0,"P"," ","0",0,"P"," ","0",0,"P"," ","0",0,"P"," ","0",0,"P"," ","0",0,"P"," ","0",0,"P"," ","0",0,"P"," ","0",0,"P"," ","0",0,"P"," ","0",0,"P"," ","0",0,"P"," ","0",0,"P"," ","0",0,"P"," ","0",0,"P"," ","0"
"4035","USC00413787",2001,12,"SNWD",0,"P"," ","0",0,"P"," ","0",0,"P"," ","0",0,"P"," ","0",0,"P"," ","0",0,"P"," ","0",0,"P"," ","0",0,"P"," ","0",0,"P"," ","0",0,"P"," ","0",0,"P"," ","0",0,"P"," ","0",0,"P"," ","0",0,"P"," ","0",0,"P"," ","0",0,"P"," ","0",0,"P"," ","0",0,"P"," ","0",0,"P"," ","0",0,"P"," ","0",0,"P"," ","0",0,"P"," ","0",0,"P"," ","0",0,"P"," ","0",0,"P"," ","0",0,"P"," ","0",0,"P"," ","0",0,"P"," ","0",0,"P"," ","0",0,"P"," ","0",0,"P"," ","0"
"4036","USC00413787",2002,1,"TMAX",-17," "," ","0",-17," "," ","0",-28," "," ","0",33," "," ","0",50," "," ","0",78," "," ","0",83," "," ","0",167," "," ","0",250," "," ","0",250," "," ","0",72," "," ","0",139," "," ","0",111," "," ","0",133," "," ","0",89," "," ","0",44," "," ","0",39," "," ","0",111," "," ","0",50," "," ","0",83," "," ","0",100," "," ","0",150," "," ","0",206," "," ","0",78," "," ","0",78," "," ","0",161," "," ","0",217," "," ","0",194," "," ","0",228," "," ","0",72," "," ","0",-72," "," ","0"
"4037","USC00413787",2002,1,"TMIN",-122," "," ","0",-139," "," ","0",-144," "," ","0",-133," "," ","0",-44," "," ","0",-50," "," ","0",-61," "," ","0",-56," "," ","0",-6," "," ","0",-6," "," ","0",-61," "," ","0",-67," "," ","0",-22," "," ","0",-61," "," ","0",-61," "," ","0",-44," "," ","0",-44," "," ","0",-94," "," ","0",-100," "," ","0",-72," "," ","0",-72," "," ","0",-67," "," ","0",-28," "," ","0",-72," "," ","0",-89," "," ","0",-72," "," ","0",-39," "," ","0",-22," "," ","0",-28," "," ","0",-78," "," ","0",-117," "," ","0"
"4038","USC00413787",2002,1,"TOBS",-72," "," ","0",-139," "," ","0",-133," "," ","0",-44," "," ","0",0," "," ","0",-39," "," ","0",-56," "," ","0",-6," "," ","0",6," "," ","0",50," "," ","0",-61," "," ","0",-22," "," ","0",22," "," ","0",-61," "," ","0",-33," "," ","0",-44," "," ","0",-22," "," ","0",-78," "," ","0",-72," "," ","0",17," "," ","0",-67," "," ","0",33," "," ","0",-28," "," ","0",-72," "," ","0",-67," "," ","0",-39," "," ","0",11," "," ","0",-22," "," ","0",72," "," ","0",-78," "," ","0",-117," "," ","0"
"4039","USC00413787",2002,1,"PRCP",0,"P"," ","0",15," "," ","0",0,"P"," ","0",0,"P"," ","0",0,"P"," ","0",0,"P"," ","0",0,"P"," ","0",0,"P"," ","0",0,"P"," ","0",0,"P"," ","0",0,"P"," ","0",0,"P"," ","0",0,"P"," ","0",0,"P"," ","0",0,"P"," ","0",0,"P"," ","0",0,"P"," ","0",0,"P"," ","0",0,"P"," ","0",0,"P"," ","0",0,"P"," ","0",0,"P"," ","0",0,"P"," ","0",0,"P"," ","0",0,"P"," ","0",0,"P"," ","0",0,"P"," ","0",0,"P"," ","0",0,"P"," ","0",5," "," ","0",310," "," ","0"
"4040","USC00413787",2002,1,"SNOW",0,"P"," ","0",NA," "," "," ",0,"P"," ","0",0,"P"," ","0",0,"P"," ","0",0,"P"," ","0",0,"P"," ","0",0,"P"," ","0",0,"P"," ","0",0,"P"," ","0",0,"P"," ","0",0,"P"," ","0",0,"P"," ","0",0,"P"," ","0",0,"P"," ","0",0,"P"," ","0",0,"P"," ","0",0,"P"," ","0",0,"P"," ","0",0,"P"," ","0",0,"P"," ","0",0,"P"," ","0",0,"P"," ","0",0,"P"," ","0",0,"P"," ","0",0,"P"," ","0",0,"P"," ","0",0,"P"," ","0",0,"P"," ","0",0,"P"," ","0",203," "," ","0"
"4041","USC00413787",2002,1,"SNWD",0,"P"," ","0",0,"P"," ","0",0,"P"," ","0",0,"P"," ","0",0,"P"," ","0",0,"P"," ","0",0,"P"," ","0",0,"P"," ","0",0,"P"," ","0",0,"P"," ","0",0,"P"," ","0",0,"P"," ","0",0,"P"," ","0",0,"P"," ","0",0,"P"," ","0",0,"P"," ","0",0,"P"," ","0",0,"P"," ","0",0,"P"," ","0",0,"P"," ","0",0,"P"," ","0",0,"P"," ","0",0,"P"," ","0",0,"P"," ","0",0,"P"," ","0",0,"P"," ","0",0,"P"," ","0",0,"P"," ","0",0,"P"," ","0",0,"P"," ","0",203," "," ","0"
"4042","USC00413787",2002,2,"TMAX",-33," "," ","0",6," "," ","0",33," "," ","0",61," "," ","0",50," "," ","0",-6," "," ","0",72," "," ","0",111," "," ","0",189," "," ","0",33," "," ","0",67," "," ","0",189," "," ","0",67," "," ","0",89," "," ","0",172," "," ","0",117," "," ","0",161," "," ","0",189," "," ","0",211," "," ","0",122," "," ","0",178," "," ","0",150," "," ","0",194," "," ","0",244," "," ","0",172," "," ","0",-22," "," ","0",0," "," ","0",78," "," ","0",NA," "," "," ",NA," "," "," ",NA," "," "," "
"4043","USC00413787",2002,2,"TMIN",-128," "," ","0",-117," "," ","0",-50," "," ","0",-61," "," ","0",-61," "," ","0",-44," "," ","0",-56," "," ","0",-44," "," ","0",-17," "," ","0",-50," "," ","0",-72," "," ","0",-44," "," ","0",-72," "," ","0",-72," "," ","0",-28," "," ","0",-44," "," ","0",-44," "," ","0",39," "," ","0",6," "," ","0",-44," "," ","0",-33," "," ","0",-61," "," ","0",-61," "," ","0",39," "," ","0",-78," "," ","0",-128," "," ","0",-122," "," ","0",-106," "," ","0",NA," "," "," ",NA," "," "," ",NA," "," "," "
"4044","USC00413787",2002,2,"TOBS",-111," "," ","0",-17," "," ","0",-28," "," ","0",-61," "," ","0",-6," "," ","0",-44," "," ","0",-44," "," ","0",-11," "," ","0",33," "," ","0",-28," "," ","0",-44," "," ","0",-22," "," ","0",-72," "," ","0",22," "," ","0",-28," "," ","0",-28," "," ","0",50," "," ","0",61," "," ","0",33," "," ","0",-39," "," ","0",44," "," ","0",-28," "," ","0",117," "," ","0",144," "," ","0",-72," "," ","0",-122," "," ","0",-89," "," ","0",-106," "," ","0",NA," "," "," ",NA," "," "," ",NA," "," "," "
"4045","USC00413787",2002,2,"PRCP",0,"P"," ","0",0,"P"," ","0",0,"P"," ","0",0,"P"," ","0",0,"P"," ","0",36," "," ","0",0,"P"," ","0",0,"P"," ","0",0,"P"," ","0",0,"P"," ","0",0,"P"," ","0",0,"P"," ","0",0,"P"," ","0",0,"P"," ","0",0,"P"," ","0",0,"P"," ","0",0,"P"," ","0",0,"P"," ","0",0,"P"," ","0",0,"P"," ","0",0,"P"," ","0",0,"P"," ","0",0,"P"," ","0",0,"P"," ","0",0,"P"," ","0",0,"P"," ","0",0,"P"," ","0",0,"P"," ","0",NA," "," "," ",NA," "," "," ",NA," "," "," "
"4046","USC00413787",2002,2,"SNOW",0,"P"," ","0",0,"P"," ","0",0,"P"," ","0",0,"P"," ","0",0,"P"," ","0",25," "," ","0",0,"P"," ","0",0,"P"," ","0",0,"P"," ","0",0,"P"," ","0",0,"P"," ","0",0,"P"," ","0",0,"P"," ","0",0,"P"," ","0",0,"P"," ","0",0,"P"," ","0",0,"P"," ","0",0,"P"," ","0",0,"P"," ","0",0,"P"," ","0",0,"P"," ","0",0,"P"," ","0",0,"P"," ","0",0,"P"," ","0",0,"P"," ","0",0,"P"," ","0",0,"P"," ","0",0,"P"," ","0",NA," "," "," ",NA," "," "," ",NA," "," "," "
"4047","USC00413787",2002,2,"SNWD",NA," "," "," ",NA," "," "," ",NA," "," "," ",NA," "," "," ",NA," "," "," ",25," "," ","0",NA," "," "," ",NA," "," "," ",0,"P"," ","0",0,"P"," ","0",0,"P"," ","0",0,"P"," ","0",0,"P"," ","0",0,"P"," ","0",0,"P"," ","0",0,"P"," ","0",0,"P"," ","0",0,"P"," ","0",0,"P"," ","0",0,"P"," ","0",0,"P"," ","0",0,"P"," ","0",0,"P"," ","0",0,"P"," ","0",0,"P"," ","0",0,"P"," ","0",0,"P"," ","0",0,"P"," ","0",NA," "," "," ",NA," "," "," ",NA," "," "," "
"4048","USC00413787",2002,3,"TMAX",156," "," ","0",33," "," ","0",-33," "," ","0",28," "," ","0",139," "," ","0",200," "," ","0",228," "," ","0",256," "," ","0",239," "," ","0",144," "," ","0",161," "," ","0",183," "," ","0",222," "," ","0",300," "," ","0",172," "," ","0",83," "," ","0",117," "," ","0",161," "," ","0",200," "," ","0",44," "," ","0",172," "," ","0",17," "," ","0",100," "," ","0",289," "," ","0",117," "," ","0",22," "," ","0",183," "," ","0",278," "," ","0",278," "," ","0",183," "," ","0",172," "," ","0"
"4049","USC00413787",2002,3,"TMIN",-106," "," ","0",-206," "," ","0",-161," "," ","0",-111," "," ","0",-111," "," ","0",-67," "," ","0",-56," "," ","0",-39," "," ","0",-117," "," ","0",-33," ","I","0",-6," "," ","0",-39," "," ","0",-17," "," ","0",78," "," ","0",-56," "," ","0",-56," "," ","0",-33," "," ","0",33," "," ","0",11," "," ","0",-17," "," ","0",-94," "," ","0",-89," "," ","0",-67," "," ","0",39," "," ","0",-44," "," ","0",-89," "," ","0",-50," "," ","0",56," "," ","0",56," "," ","0",56," "," ","0",-6," "," ","0"
"4050","USC00413787",2002,3,"TOBS",NA," "," "," ",-139," "," ","0",-72," "," ","0",-100," "," ","0",-67," "," ","0",0," "," ","0",-39," "," ","0",89," "," ","0",-83," ","I","0",-6," "," ","0",61," "," ","0",-11," "," ","0",78," "," ","0",133," "," ","0",-39," "," ","0",17," "," ","0",33," "," ","0",61," "," ","0",11," "," ","0",-11," "," ","0",-89," "," ","0",-67," "," ","0",78," "," ","0",56," "," ","0",-44," "," ","0",-50," "," ","0",56," "," ","0",83," "," ","0",61," "," ","0",56," "," ","0",122," "," ","0"
"4051","USC00413787",2002,3,"PRCP",0,"P"," ","0",0,"P"," ","0",0,"P"," ","0",0,"P"," ","0",0,"P"," ","0",0,"P"," ","0",0,"P"," ","0",0,"P"," ","0",0,"P"," ","0",0,"P"," ","0",0,"P"," ","0",0,"P"," ","0",0,"P"," ","0",0,"P"," ","0",0,"P"," ","0",0,"P"," ","0",0,"P"," ","0",0,"P"," ","0",3," "," ","0",0,"P"," ","0",0,"P"," ","0",0,"P"," ","0",0,"P"," ","0",0,"P"," ","0",0,"P"," ","0",0,"P"," ","0",0,"P"," ","0",0,"P"," ","0",0,"P"," ","0",0,"P"," ","0",0,"P"," ","0"
"4052","USC00413787",2002,3,"SNOW",0,"P"," ","0",0,"P"," ","0",0,"P"," ","0",0,"P"," ","0",0,"P"," ","0",0,"P"," ","0",0,"P"," ","0",0,"P"," ","0",0,"P"," ","0",0,"P"," ","0",0,"P"," ","0",0,"P"," ","0",0,"P"," ","0",0,"P"," ","0",0,"P"," ","0",0,"P"," ","0",0,"P"," ","0",0,"P"," ","0",0,"P"," ","0",0,"P"," ","0",0,"P"," ","0",0,"P"," ","0",0,"P"," ","0",0,"P"," ","0",0,"P"," ","0",0,"P"," ","0",0,"P"," ","0",0,"P"," ","0",0,"P"," ","0",0,"P"," ","0",0,"P"," ","0"
"4053","USC00413787",2002,3,"SNWD",0,"P"," ","0",0,"P"," ","0",0,"P"," ","0",0,"P"," ","0",0,"P"," ","0",0,"P"," ","0",0,"P"," ","0",0,"P"," ","0",0,"P"," ","0",0,"P"," ","0",0,"P"," ","0",0,"P"," ","0",0,"P"," ","0",0,"P"," ","0",0,"P"," ","0",0,"P"," ","0",0,"P"," ","0",0,"P"," ","0",0,"P"," ","0",0,"P"," ","0",0,"P"," ","0",0,"P"," ","0",0,"P"," ","0",0,"P"," ","0",0,"P"," ","0",0,"P"," ","0",0,"P"," ","0",0,"P"," ","0",0,"P"," ","0",0,"P"," ","0",0,"P"," ","0"
"4054","USC00413787",2002,4,"TMAX",222," "," ","0",94," ","I","0",94," "," ","0",156," "," ","0",200," "," ","0",139," "," ","0",200," "," ","0",144," "," ","0",194," "," ","0",278," "," ","0",256," "," ","0",NA," "," "," ",250," "," ","0",244," "," ","0",306," "," ","0",333," "," ","0",294," "," ","0",311," "," ","0",278," "," ","0",139," "," ","0",78," "," ","0",217," "," ","0",294," "," ","0",317," "," ","0",194," "," ","0",111," "," ","0",178," "," ","0",272," "," ","0",283," "," ","0",256," "," ","0",NA," "," "," "
"4055","USC00413787",2002,4,"TMIN",94," "," ","0",-56," "," ","0",-33," "," ","0",-11," "," ","0",56," "," ","0",78," "," ","0",72," "," ","0",56," "," ","0",56," "," ","0",61," "," ","0",111," "," ","0",NA," "," "," ",111," "," ","0",106," "," ","0",144," "," ","0",150," "," ","0",78," "," ","0",89," "," ","0",56," "," ","0",39," "," ","0",33," "," ","0",50," "," ","0",61," "," ","0",61," "," ","0",44," "," ","0",50," "," ","0",67," "," ","0",44," "," ","0",83," "," ","0",94," "," ","0",NA," "," "," "
"4056","USC00413787",2002,4,"TOBS",128," ","I","0",-28," "," ","0",-6," "," ","0",56," "," ","0",94," "," ","0",100," "," ","0",89," "," ","0",61," "," ","0",94," "," ","0",122," "," ","0",128," "," ","0",NA," "," "," ",117," "," ","0",183," "," ","0",150," "," ","0",183," "," ","0",94," "," ","0",144," "," ","0",50," "," ","0",44," "," ","0",50," "," ","0",61," "," ","0",61," "," ","0",144," "," ","0",56," "," ","0",67," "," ","0",156," "," ","0",89," "," ","0",89," "," ","0",139," "," ","0",NA," "," "," "
"4057","USC00413787",2002,4,"PRCP",0,"P"," ","0",0,"P"," ","0",0,"P"," ","0",0,"P"," ","0",0,"P"," ","0",0,"P"," ","0",0,"P"," ","0",5," "," ","0",0,"P"," ","0",0,"P"," ","0",0,"P"," ","0",NA," "," "," ",53," "," ","0",0,"P"," ","0",0,"P"," ","0",0,"P"," ","0",0,"P"," ","0",0,"P"," ","0",0,"P"," ","0",10," "," ","0",56," "," ","0",0,"P"," ","0",0,"P"," ","0",0,"P"," ","0",0,"P"," ","0",0,"P"," ","0",0,"P"," ","0",0,"P"," ","0",0,"P"," ","0",0,"P"," ","0",NA," "," "," "
"4058","USC00413787",2002,4,"SNOW",0,"P"," ","0",0,"P"," ","0",0,"P"," ","0",0,"P"," ","0",0,"P"," ","0",0,"P"," ","0",0,"P"," ","0",0,"P"," ","0",0,"P"," ","0",0,"P"," ","0",0,"P"," ","0",0,"P"," ","0",0,"P"," ","0",0,"P"," ","0",0,"P"," ","0",0,"P"," ","0",0,"P"," ","0",0,"P"," ","0",0,"P"," ","0",0,"P"," ","0",0,"P"," ","0",0,"P"," ","0",0,"P"," ","0",0,"P"," ","0",0,"P"," ","0",0,"P"," ","0",0,"P"," ","0",0,"P"," ","0",0,"P"," ","0",0,"P"," ","0",NA," "," "," "
"4059","USC00413787",2002,4,"SNWD",0,"P"," ","0",0,"P"," ","0",0,"P"," ","0",0,"P"," ","0",0,"P"," ","0",0,"P"," ","0",0,"P"," ","0",0,"P"," ","0",0,"P"," ","0",0,"P"," ","0",0,"P"," ","0",0,"P"," ","0",0,"P"," ","0",0,"P"," ","0",0,"P"," ","0",0,"P"," ","0",0,"P"," ","0",0,"P"," ","0",0,"P"," ","0",0,"P"," ","0",0,"P"," ","0",0,"P"," ","0",0,"P"," ","0",0,"P"," ","0",0,"P"," ","0",0,"P"," ","0",0,"P"," ","0",0,"P"," ","0",0,"P"," ","0",0,"P"," ","0",NA," "," "," "
"4060","USC00413787",2002,5,"TMAX",344," "," ","0",344," "," ","0",178," "," ","0",267," "," ","0",272," "," ","0",283," "," ","0",333," "," ","0",344," "," ","0",306," "," ","0",194," "," ","0",194," "," ","0",344," "," ","0",183," "," ","0",239," "," ","0",261," "," ","0",306," "," ","0",183," "," ","0",NA," "," "," ",256," "," ","0",278," "," ","0",256," "," ","0",267," "," ","0",322," "," ","0",250," "," ","0",133," "," ","0",228," "," ","0",317," "," ","0",206," "," ","0",256," "," ","0",322," "," ","0",333," "," ","0"
"4061","USC00413787",2002,5,"TMIN",94," "," ","0",44," "," ","0",44," "," ","0",56," "," ","0",106," "," ","0",117," ","I","0",83," "," ","0",83," "," ","0",39," "," ","0",56," "," ","0",72," "," ","0",89," "," ","0",22," "," ","0",78," "," ","0",106," "," ","0",83," "," ","0",78," "," ","0",NA," "," "," ",122," "," ","0",106," "," ","0",122," "," ","0",133," "," ","0",150," "," ","0",122," "," ","0",33," "," ","0",83," "," ","0",144," "," ","0",100," "," ","0",117," "," ","0",139," "," ","0",156," "," ","0"
"4062","USC00413787",2002,5,"TOBS",111," "," ","0",44," "," ","0",56," "," ","0",106," "," ","0",106," ","I","0",122," "," ","0",122," "," ","0",150," "," ","0",61," "," ","0",72," "," ","0",178," "," ","0",94," "," ","0",72," "," ","0",100," "," ","0",167," "," ","0",83," "," ","0",117," "," ","0",NA," "," "," ",139," "," ","0",122," "," ","0",133," "," ","0",167," "," ","0",167," "," ","0",133," "," ","0",83," "," ","0",156," "," ","0",194," "," ","0",122," "," ","0",139," "," ","0",178," "," ","0",183," "," ","0"
"4063","USC00413787",2002,5,"PRCP",0,"P"," ","0",0,"P"," ","0",0,"P"," ","0",0,"P"," ","0",0,"P"," ","0",38," "," ","0",0,"P"," ","0",0,"P"," ","0",20," "," ","0",0,"P"," ","0",13," "," ","0",0,"P"," ","0",0,"P"," ","0",0,"P"," ","0",0,"P"," ","0",142," "," ","0",142," "," ","0",0,"P"," ","0",0,"P"," ","0",0,"P"," ","0",0,"P"," ","0",0,"P"," ","0",0,"P"," ","0",0,"P"," ","0",0,"P"," ","0",0,"P"," ","0",8," "," ","0",318," "," ","0",0,"P"," ","0",0,"P"," ","0",0,"P"," ","0"
"4064","USC00413787",2002,5,"SNOW",0,"P"," ","0",0,"P"," ","0",0,"P"," ","0",0,"P"," ","0",0,"P"," ","0",0,"P"," ","0",0,"P"," ","0",0,"P"," ","0",0,"P"," ","0",0,"P"," ","0",0,"P"," ","0",0,"P"," ","0",0,"P"," ","0",0,"P"," ","0",0,"P"," ","0",0,"P"," ","0",0,"P"," ","0",0,"P"," ","0",0,"P"," ","0",0,"P"," ","0",0,"P"," ","0",0,"P"," ","0",0,"P"," ","0",0,"P"," ","0",0,"P"," ","0",0,"P"," ","0",0,"P"," ","0",0,"P"," ","0",0,"P"," ","0",0,"P"," ","0",0,"P"," ","0"
"4065","USC00413787",2002,5,"SNWD",0,"P"," ","0",0,"P"," ","0",0,"P"," ","0",0,"P"," ","0",0,"P"," ","0",0,"P"," ","0",0,"P"," ","0",0,"P"," ","0",0,"P"," ","0",0,"P"," ","0",0,"P"," ","0",0,"P"," ","0",0,"P"," ","0",0,"P"," ","0",0,"P"," ","0",0,"P"," ","0",0,"P"," ","0",0,"P"," ","0",0,"P"," ","0",0,"P"," ","0",0,"P"," ","0",0,"P"," ","0",0,"P"," ","0",0,"P"," ","0",0,"P"," ","0",0,"P"," ","0",0,"P"," ","0",0,"P"," ","0",0,"P"," ","0",0,"P"," ","0",0,"P"," ","0"
"4066","USC00413787",2002,6,"TMAX",361," "," ","0",356," "," ","0",333," "," ","0",339," "," ","0",222," "," ","0",222," "," ","0",306," "," ","0",333," "," ","0",328," "," ","0",367," "," ","0",361," "," ","0",NA," "," "," ",NA," "," "," ",261," "," ","0",261," "," ","0",322," "," ","0",261," "," ","0",339," "," ","0",328," "," ","0",344," "," ","0",317," "," ","0",322," "," ","0",328," "," ","0",356," "," ","0",344," "," ","0",333," "," ","0",339," "," ","0",322," "," ","0",344," "," ","0",344," "," ","0",NA," "," "," "
"4067","USC00413787",2002,6,"TMIN",178," "," ","0",194," "," ","0",94," "," ","0",194," "," ","0",139," "," ","0",117," "," ","0",139," "," ","0",183," "," ","0",189," "," ","0",217," "," ","0",206," "," ","0",NA," "," "," ",NA," "," "," ",167," "," ","0",172," "," ","0",133," "," ","0",150," "," ","0",178," "," ","0",200," "," ","0",194," "," ","0",172," "," ","0",200," "," ","0",206," "," ","0",200," "," ","0",189," "," ","0",194," "," ","0",172," "," ","0",194," "," ","0",200," "," ","0",211," "," ","0",NA," "," "," "
"4068","USC00413787",2002,6,"TOBS",200," "," ","0",217," "," ","0",222," "," ","0",222," "," ","0",139," "," ","0",139," "," ","0",183," "," ","0",228," "," ","0",228," "," ","0",244," "," ","0",217," "," ","0",94," "," ","0",NA," "," "," ",172," "," ","0",183," "," ","0",144," "," ","0",178," "," ","0",217," "," ","0",206," "," ","0",194," "," ","0",200," "," ","0",211," "," ","0",217," "," ","0",211," "," ","0",200," "," ","0",206," "," ","0",194," "," ","0",206," "," ","0",250," "," ","0",244," "," ","0",NA," "," "," "
"4069","USC00413787",2002,6,"PRCP",0,"P"," ","0",0,"P"," ","0",0,"P"," ","0",0,"P"," ","0",201," "," ","0",0,"P"," ","0",0,"P"," ","0",0,"P"," ","0",0,"P"," ","0",0,"P"," ","0",0,"P"," ","0",249," "," ","0",0,"P"," ","0",0,"P"," ","0",25," "," ","0",0,"P"," ","0",0,"P"," ","0",0,"P"," ","0",0,"P"," ","0",0,"P"," ","0",0,"P"," ","0",0,"P"," ","0",0,"P"," ","0",0,"P"," ","0",0,"P"," ","0",0,"P"," ","0",25," "," ","0",0,"P"," ","0",0,"P"," ","0",0,"P"," ","0",NA," "," "," "
"4070","USC00413787",2002,6,"SNOW",0,"P"," ","0",0,"P"," ","0",0,"P"," ","0",0,"P"," ","0",0,"P"," ","0",0,"P"," ","0",0,"P"," ","0",0,"P"," ","0",0,"P"," ","0",0,"P"," ","0",0,"P"," ","0",NA," "," "," ",0,"P"," ","0",0,"P"," ","0",0,"P"," ","0",0,"P"," ","0",0,"P"," ","0",0,"P"," ","0",0,"P"," ","0",0,"P"," ","0",0,"P"," ","0",0,"P"," ","0",0,"P"," ","0",0,"P"," ","0",0,"P"," ","0",0,"P"," ","0",0,"P"," ","0",0,"P"," ","0",0,"P"," ","0",0,"P"," ","0",NA," "," "," "
"4071","USC00413787",2002,6,"SNWD",0,"P"," ","0",0,"P"," ","0",0,"P"," ","0",0,"P"," ","0",0,"P"," ","0",0,"P"," ","0",0,"P"," ","0",0,"P"," ","0",0,"P"," ","0",0,"P"," ","0",0,"P"," ","0",NA," "," "," ",NA," "," "," ",NA," "," "," ",NA," "," "," ",NA," "," "," ",NA," "," "," ",NA," "," "," ",NA," "," "," ",0,"P"," ","0",0,"P"," ","0",0,"P"," ","0",0,"P"," ","0",0,"P"," ","0",0,"P"," ","0",0,"P"," ","0",0,"P"," ","0",0,"P"," ","0",0,"P"," ","0",0,"P"," ","0",NA," "," "," "
"4072","USC00413787",2002,7,"TMAX",328," "," ","0",339," "," ","0",317," "," ","0",NA," "," "," ",306," "," ","0",283," "," ","0",283," "," ","0",278," "," ","0",322," "," ","0",350," "," ","0",367," "," ","0",300," "," ","0",300," "," ","0",300," "," ","0",317," "," ","0",322," "," ","0",322," "," ","0",344," "," ","0",350," "," ","0",356," "," ","0",356," "," ","0",367," "," ","0",311," "," ","0",311," "," ","0",356," "," ","0",378," "," ","0",383," "," ","0",372," "," ","0",350," "," ","0",350," "," ","0",344," "," ","0"
"4073","USC00413787",2002,7,"TMIN",194," "," ","0",200," "," ","0",194," "," ","0",NA," "," "," ",178," "," ","0",194," "," ","0",178," "," ","0",183," "," ","0",194," "," ","0",206," "," ","0",178," "," ","0",194," "," ","0",167," "," ","0",156," "," ","0",172," "," ","0",183," "," ","0",183," "," ","0",194," "," ","0",200," "," ","0",211," "," ","0",228," "," ","0",206," "," ","0",167," "," ","0",189," "," ","0",189," "," ","0",217," "," ","0",217," "," ","0",206," "," ","0",189," "," ","0",183," "," ","0",189," "," ","0"
"4074","USC00413787",2002,7,"TOBS",206," "," ","0",211," "," ","0",211," "," ","0",NA," "," "," ",194," "," ","0",206," "," ","0",200," "," ","0",194," "," ","0",217," "," ","0",222," "," ","0",200," "," ","0",211," "," ","0",183," "," ","0",172," "," ","0",206," "," ","0",211," "," ","0",200," "," ","0",211," "," ","0",211," "," ","0",228," "," ","0",233," "," ","0",222," "," ","0",189," "," ","0",206," "," ","0",211," "," ","0",239," "," ","0",222," "," ","0",250," "," ","0",206," "," ","0",194," "," ","0",200," "," ","0"
"4075","USC00413787",2002,7,"PRCP",0,"P"," ","0",0,"P"," ","0",0,"P"," ","0",NA," "," "," ",193," "," ","0",0,"P"," ","0",3," "," ","0",0,"P"," ","0",0,"P"," ","0",0,"P"," ","0",79," "," ","0",0,"P"," ","0",0,"P"," ","0",0,"P"," ","0",0,"P"," ","0",0,"P"," ","0",0,"P"," ","0",0,"P"," ","0",0,"P"," ","0",0,"P"," ","0",0,"P"," ","0",0,"P"," ","0",8," "," ","0",0,"P"," ","0",0,"P"," ","0",0,"P"," ","0",58," "," ","0",15," "," ","0",10," "," ","0",0,"P"," ","0",0,"P"," ","0"
"4076","USC00413787",2002,7,"SNOW",0,"P"," ","0",0,"P"," ","0",0,"P"," ","0",0,"P"," ","0",0,"P"," ","0",0,"P"," ","0",0,"P"," ","0",0,"P"," ","0",0,"P"," ","0",0,"P"," ","0",0,"P"," ","0",0,"P"," ","0",0,"P"," ","0",0,"P"," ","0",0,"P"," ","0",0,"P"," ","0",0,"P"," ","0",0,"P"," ","0",0,"P"," ","0",0,"P"," ","0",0,"P"," ","0",0,"P"," ","0",0,"P"," ","0",0,"P"," ","0",0,"P"," ","0",0,"P"," ","0",0,"P"," ","0",0,"P"," ","0",0,"P"," ","0",0,"P"," ","0",0,"P"," ","0"
"4077","USC00413787",2002,7,"SNWD",0,"P"," ","0",0,"P"," ","0",0,"P"," ","0",0,"P"," ","0",0,"P"," ","0",0,"P"," ","0",0,"P"," ","0",0,"P"," ","0",0,"P"," ","0",0,"P"," ","0",0,"P"," ","0",0,"P"," ","0",0,"P"," ","0",0,"P"," ","0",0,"P"," ","0",0,"P"," ","0",0,"P"," ","0",0,"P"," ","0",0,"P"," ","0",0,"P"," ","0",0,"P"," ","0",0,"P"," ","0",0,"P"," ","0",0,"P"," ","0",0,"P"," ","0",0,"P"," ","0",0,"P"," ","0",0,"P"," ","0",0,"P"," ","0",0,"P"," ","0",0,"P"," ","0"
"4078","USC00413787",2002,8,"TMAX",367," "," ","0",372," "," ","0",333," "," ","0",344," "," ","0",367," "," ","0",344," "," ","0",333," "," ","0",328," "," ","0",356," "," ","0",356," "," ","0",289," "," ","0",339," "," ","0",361," "," ","0",244," "," ","0",306," "," ","0",344," "," ","0",344," "," ","0",256," "," ","0",372," "," ","0",372," "," ","0",267," "," ","0",350," "," ","0",350," "," ","0",367," "," ","0",339," "," ","0",311," "," ","0",344," "," ","0",344," "," ","0",317," "," ","0",283," "," ","0",294," "," ","0"
"4079","USC00413787",2002,8,"TMIN",200," "," ","0",167," "," ","0",178," "," ","0",206," "," ","0",206," "," ","0",189," "," ","0",183," "," ","0",200," "," ","0",217," "," ","0",183," "," ","0",183," "," ","0",200," "," ","0",139," "," ","0",122," "," ","0",133," "," ","0",206," "," ","0",206," "," ","0",150," "," ","0",217," "," ","0",206," "," ","0",189," "," ","0",183," "," ","0",189," "," ","0",200," "," ","0",194," "," ","0",189," "," ","0",156," "," ","0",156," "," ","0",167," "," ","0",172," "," ","0",178," "," ","0"
"4080","USC00413787",2002,8,"TOBS",217," "," ","0",178," "," ","0",206," "," ","0",217," "," ","0",222," "," ","0",200," "," ","0",206," "," ","0",217," "," ","0",228," "," ","0",183," "," ","0",233," "," ","0",206," "," ","0",139," "," ","0",133," "," ","0",206," "," ","0",217," "," ","0",211," "," ","0",256," "," ","0",222," "," ","0",206," "," ","0",206," "," ","0",189," "," ","0",206," "," ","0",217," "," ","0",194," "," ","0",194," "," ","0",156," "," ","0",183," "," ","0",172," "," ","0",189," "," ","0",200," "," ","0"
"4081","USC00413787",2002,8,"PRCP",0,"P"," ","0",10," "," ","0",30," "," ","0",0,"P"," ","0",0,"P"," ","0",0,"P"," ","0",0,"P"," ","0",0,"P"," ","0",0,"P"," ","0",373," "," ","0",0,"P"," ","0",0,"P"," ","0",0,"P"," ","0",0,"P"," ","0",0,"P"," ","0",0,"P"," ","0",0,"P"," ","0",0,"P"," ","0",0,"P"," ","0",15," "," ","0",10," "," ","0",0,"P"," ","0",0,"P"," ","0",0,"P"," ","0",0,"P"," ","0",0,"P"," ","0",0,"P"," ","0",0,"P"," ","0",414," "," ","0",0,"P"," ","0",0,"P"," ","0"
"4082","USC00413787",2002,8,"SNOW",0,"P"," ","0",0,"P"," ","0",0,"P"," ","0",0,"P"," ","0",0,"P"," ","0",0,"P"," ","0",0,"P"," ","0",0,"P"," ","0",0,"P"," ","0",0,"P"," ","0",0,"P"," ","0",0,"P"," ","0",0,"P"," ","0",0,"P"," ","0",0,"P"," ","0",0,"P"," ","0",0,"P"," ","0",0,"P"," ","0",0,"P"," ","0",0,"P"," ","0",0,"P"," ","0",0,"P"," ","0",0,"P"," ","0",0,"P"," ","0",0,"P"," ","0",0,"P"," ","0",0,"P"," ","0",0,"P"," ","0",0,"P"," ","0",0,"P"," ","0",0,"P"," ","0"
"4083","USC00413787",2002,8,"SNWD",0,"P"," ","0",0,"P"," ","0",0,"P"," ","0",0,"P"," ","0",0,"P"," ","0",0,"P"," ","0",0,"P"," ","0",0,"P"," ","0",0,"P"," ","0",0,"P"," ","0",0,"P"," ","0",0,"P"," ","0",0,"P"," ","0",0,"P"," ","0",0,"P"," ","0",0,"P"," ","0",0,"P"," ","0",0,"P"," ","0",0,"P"," ","0",0,"P"," ","0",0,"P"," ","0",0,"P"," ","0",0,"P"," ","0",0,"P"," ","0",0,"P"," ","0",0,"P"," ","0",0,"P"," ","0",0,"P"," ","0",0,"P"," ","0",0,"P"," ","0",0,"P"," ","0"
"4084","USC00413787",2002,9,"TMAX",306," "," ","0",328," "," ","0",350," "," ","0",339," "," ","0",322," "," ","0",322," "," ","0",311," "," ","0",317," "," ","0",294," "," ","0",300," "," ","0",206," "," ","0",211," "," ","0",306," "," ","0",300," "," ","0",300," "," ","0",300," "," ","0",278," "," ","0",339," "," ","0",289," "," ","0",206," "," ","0",283," "," ","0",283," "," ","0",211," "," ","0",256," "," ","0",261," "," ","0",300," "," ","0",211," "," ","0",267," "," ","0",311," "," ","0",278," "," ","0",NA," "," "," "
"4085","USC00413787",2002,9,"TMIN",183," "," ","0",189," "," ","0",178," "," ","0",172," "," ","0",172," "," ","0",183," "," ","0",183," "," ","0",172," "," ","0",183," "," ","0",194," "," ","0",150," "," ","0",150," "," ","0",172," "," ","0",150," "," ","0",133," "," ","0",89," "," ","0",94," "," ","0",150," "," ","0",111," "," ","0",72," "," ","0",83," "," ","0",100," "," ","0",89," "," ","0",89," "," ","0",111," "," ","0",89," "," ","0",67," "," ","0",67," "," ","0",139," "," ","0",161," "," ","0",NA," "," "," "
"4086","USC00413787",2002,9,"TOBS",194," "," ","0",239," "," ","0",189," "," ","0",172," "," ","0",194," "," ","0",189," "," ","0",206," "," ","0",183," "," ","0",194," "," ","0",200," "," ","0",150," "," ","0",172," "," ","0",178," "," ","0",156," "," ","0",133," "," ","0",94," "," ","0",161," "," ","0",161," "," ","0",111," "," ","0",83," "," ","0",122," "," ","0",106," "," ","0",89," "," ","0",128," "," ","0",117," "," ","0",89," "," ","0",67," "," ","0",161," "," ","0",161," "," ","0",167," "," ","0",NA," "," "," "
"4087","USC00413787",2002,9,"PRCP",0,"P"," ","0",0,"P"," ","0",0,"P"," ","0",0,"P"," ","0",0,"P"," ","0",0,"P"," ","0",0,"P"," ","0",0,"P"," ","0",0,"P"," ","0",0,"P"," ","0",0,"P"," ","0",0,"P"," ","0",0,"P"," ","0",20," "," ","0",0,"P"," ","0",0,"P"," ","0",0,"P"," ","0",0,"P"," ","0",124," "," ","0",0,"P"," ","0",0,"P"," ","0",0,"P"," ","0",0,"P"," ","0",0,"P"," ","0",0,"P"," ","0",0,"P"," ","0",0,"P"," ","0",0,"P"," ","0",0,"P"," ","0",0,"P"," ","0",NA," "," "," "
"4088","USC00413787",2002,9,"SNOW",0,"P"," ","0",0,"P"," ","0",0,"P"," ","0",0,"P"," ","0",0,"P"," ","0",0,"P"," ","0",0,"P"," ","0",0,"P"," ","0",0,"P"," ","0",0,"P"," ","0",0,"P"," ","0",0,"P"," ","0",0,"P"," ","0",0,"P"," ","0",0,"P"," ","0",0,"P"," ","0",0,"P"," ","0",0,"P"," ","0",0,"P"," ","0",0,"P"," ","0",0,"P"," ","0",0,"P"," ","0",0,"P"," ","0",0,"P"," ","0",0,"P"," ","0",0,"P"," ","0",0,"P"," ","0",0,"P"," ","0",0,"P"," ","0",0,"P"," ","0",NA," "," "," "
"4089","USC00413787",2002,9,"SNWD",0,"P"," ","0",0,"P"," ","0",0,"P"," ","0",0,"P"," ","0",0,"P"," ","0",0,"P"," ","0",0,"P"," ","0",0,"P"," ","0",0,"P"," ","0",0,"P"," ","0",0,"P"," ","0",0,"P"," ","0",0,"P"," ","0",0,"P"," ","0",0,"P"," ","0",0,"P"," ","0",0,"P"," ","0",0,"P"," ","0",0,"P"," ","0",0,"P"," ","0",0,"P"," ","0",0,"P"," ","0",0,"P"," ","0",0,"P"," ","0",0,"P"," ","0",0,"P"," ","0",0,"P"," ","0",0,"P"," ","0",0,"P"," ","0",0,"P"," ","0",NA," "," "," "
"4090","USC00413787",2002,10,"TMAX",317," "," ","0",283," "," ","0",172," "," ","0",200," "," ","0",194," "," ","0",250," "," ","0",200," "," ","0",206," "," ","0",217," "," ","0",156," "," ","0",217," "," ","0",306," "," ","0",167," "," ","0",167," "," ","0",233," "," ","0",183," "," ","0",183," "," ","0",206," "," ","0",239," "," ","0",106," "," ","0",172," "," ","0",206," "," ","0",206," "," ","0",28," "," ","0",17," "," ","0",128," "," ","0",89," "," ","0",167," "," ","0",89," "," ","0",111," "," ","0",17," "," ","0"
"4091","USC00413787",2002,10,"TMIN",167," "," ","0",172," "," ","0",72," "," ","0",50," "," ","0",50," "," ","0",50," "," ","0",44," "," ","0",44," "," ","0",94," "," ","0",122," "," ","0",117," "," ","0",111," "," ","0",6," "," ","0",28," "," ","0",28," "," ","0",28," "," ","0",6," "," ","0",39," ","I","0",94," "," ","0",22," "," ","0",22," "," ","0",67," "," ","0",0," "," ","0",-11," "," ","0",-17," "," ","0",17," "," ","0",50," "," ","0",50," "," ","0",72," "," ","0",-22," "," ","0",-22," "," ","0"
"4092","USC00413787",2002,10,"TOBS",178," "," ","0",172," "," ","0",78," "," ","0",50," "," ","0",50," "," ","0",117," "," ","0",44," "," ","0",100," "," ","0",122," "," ","0",128," "," ","0",128," "," ","0",128," "," ","0",39," "," ","0",33," "," ","0",28," "," ","0",61," "," ","0",11," ","I","0",122," "," ","0",94," "," ","0",72," "," ","0",67," "," ","0",128," "," ","0",6," "," ","0",-11," "," ","0",17," "," ","0",50," "," ","0",61," "," ","0",72," "," ","0",72," "," ","0",-22," "," ","0",-17," "," ","0"
"4093","USC00413787",2002,10,"PRCP",0,"P"," ","0",8," "," ","0",43," "," ","0",25," "," ","0",0,"P"," ","0",46," "," ","0",0,"P"," ","0",0,"P"," ","0",0,"P"," ","0",0,"P"," ","0",0,"P"," ","0",0,"P"," ","0",0,"P"," ","0",0,"P"," ","0",0,"P"," ","0",0,"P"," ","0",0,"P"," ","0",0,"P"," ","0",0,"P"," ","0",272," "," ","0",3," "," ","0",0,"P"," ","0",279," "," ","0",97," "," ","0",0,"P"," ","0",0,"P"," ","0",130," "," ","0",8," "," ","0",8," "," ","0",0,"P"," ","0",0,"P"," ","0"
"4094","USC00413787",2002,10,"SNOW",0,"P"," ","0",0,"P"," ","0",0,"P"," ","0",0,"P"," ","0",0,"P"," ","0",0,"P"," ","0",0,"P"," ","0",0,"P"," ","0",0,"P"," ","0",0,"P"," ","0",0,"P"," ","0",0,"P"," ","0",0,"P"," ","0",0,"P"," ","0",0,"P"," ","0",0,"P"," ","0",0,"P"," ","0",0,"P"," ","0",0,"P"," ","0",0,"P"," ","0",0,"P"," ","0",0,"P"," ","0",0,"P"," ","0",0,"P"," ","0",0,"P"," ","0",0,"P"," ","0",0,"P"," ","0",0,"P"," ","0",0,"P"," ","0",0,"P"," ","0",0,"P"," ","0"
"4095","USC00413787",2002,10,"SNWD",0,"P"," ","0",0,"P"," ","0",0,"P"," ","0",0,"P"," ","0",0,"P"," ","0",0,"P"," ","0",0,"P"," ","0",0,"P"," ","0",0,"P"," ","0",0,"P"," ","0",0,"P"," ","0",0,"P"," ","0",0,"P"," ","0",0,"P"," ","0",0,"P"," ","0",0,"P"," ","0",0,"P"," ","0",0,"P"," ","0",0,"P"," ","0",0,"P"," ","0",0,"P"," ","0",0,"P"," ","0",0,"P"," ","0",0,"P"," ","0",0,"P"," ","0",0,"P"," ","0",0,"P"," ","0",0,"P"," ","0",0,"P"," ","0",0,"P"," ","0",0,"P"," ","0"
"4096","USC00413787",2002,11,"TMAX",11," "," ","0",17," "," ","0",106," "," ","0",83," "," ","0",83," "," ","0",133," "," ","0",189," "," ","0",233," "," ","0",239," "," ","0",261," "," ","0",211," "," ","0",150," "," ","0",139," "," ","0",178," "," ","0",128," "," ","0",128," "," ","0",139," "," ","0",222," "," ","0",150," "," ","0",167," "," ","0",172," "," ","0",194," "," ","0",NA," "," "," ",217," "," ","0",56," "," ","0",0," "," ","0",22," "," ","0",94," "," ","0",150," "," ","0",144," "," ","0",NA," "," "," "
"4097","USC00413787",2002,11,"TMIN",-17," "," ","0",-11," "," ","0",-11," "," ","0",-28," "," ","0",-6," "," ","0",-22," "," ","0",-11," "," ","0",44," ","I","0",94," "," ","0",72," "," ","0",0," "," ","0",-17," "," ","0",0," "," ","0",22," "," ","0",6," "," ","0",-22," "," ","0",-22," "," ","0",44," "," ","0",-6," "," ","0",-6," "," ","0",28," "," ","0",6," "," ","0",NA," "," "," ",-6," "," ","0",-56," "," ","0",-72," "," ","0",-111," "," ","0",-78," "," ","0",33," "," ","0",-33," "," ","0",NA," "," "," "
"4098","USC00413787",2002,11,"TOBS",-6," "," ","0",17," "," ","0",11," "," ","0",-11," "," ","0",28," "," ","0",-11," "," ","0",6," ","I","0",89," "," ","0",150," "," ","0",94," "," ","0",0," "," ","0",0," "," ","0",28," "," ","0",67," "," ","0",17," "," ","0",-11," "," ","0",61," "," ","0",78," "," ","0",17," "," ","0",50," "," ","0",33," "," ","0",11," "," ","0",NA," "," "," ",0," "," ","0",-50," "," ","0",-72," "," ","0",-78," "," ","0",72," "," ","0",33," "," ","0",17," "," ","0",NA," "," "," "
"4099","USC00413787",2002,11,"PRCP",28," "," ","0",3," "," ","0",0,"P"," ","0",0,"P"," ","0",0,"P"," ","0",0,"P"," ","0",0,"P"," ","0",0,"P"," ","0",0,"P"," ","0",0,"P"," ","0",0,"P"," ","0",5," "," ","0",0,"P"," ","0",0,"P"," ","0",0,"P"," ","0",0,"P"," ","0",0,"P"," ","0",0,"P"," ","0",0,"P"," ","0",0,"P"," ","0",0,"P"," ","0",0,"P"," ","0",0,"P"," ","0",0,"P"," ","0",0,"P"," ","0",0,"P"," ","0",0,"P"," ","0",0,"P"," ","0",0,"P"," ","0",0,"P"," ","0",NA," "," "," "
"4100","USC00413787",2002,11,"SNOW",0,"P"," ","0",0,"P"," ","0",0,"P"," ","0",0,"P"," ","0",0,"P"," ","0",0,"P"," ","0",0,"P"," ","0",0,"P"," ","0",0,"P"," ","0",0,"P"," ","0",0,"P"," ","0",0,"P"," ","0",0,"P"," ","0",0,"P"," ","0",0,"P"," ","0",0,"P"," ","0",0,"P"," ","0",0,"P"," ","0",0,"P"," ","0",0,"P"," ","0",0,"P"," ","0",0,"P"," ","0",0,"P"," ","0",0,"P"," ","0",0,"P"," ","0",0,"P"," ","0",0,"P"," ","0",0,"P"," ","0",0,"P"," ","0",0,"P"," ","0",NA," "," "," "
"4101","USC00413787",2002,11,"SNWD",0,"P"," ","0",0,"P"," ","0",0,"P"," ","0",0,"P"," ","0",0,"P"," ","0",0,"P"," ","0",0,"P"," ","0",0,"P"," ","0",0,"P"," ","0",0,"P"," ","0",0,"P"," ","0",0,"P"," ","0",0,"P"," ","0",0,"P"," ","0",0,"P"," ","0",0,"P"," ","0",0,"P"," ","0",0,"P"," ","0",0,"P"," ","0",0,"P"," ","0",0,"P"," ","0",0,"P"," ","0",0,"P"," ","0",0,"P"," ","0",0,"P"," ","0",0,"P"," ","0",0,"P"," ","0",0,"P"," ","0",0,"P"," ","0",0,"P"," ","0",NA," "," "," "
"4102","USC00413787",2002,12,"TMAX",144," "," ","0",189," "," ","0",156," "," ","0",-11," "," ","0",-39," "," ","0",6," "," ","0",33," "," ","0",44," "," ","0",50," "," ","0",67," "," ","0",117," "," ","0",78," "," ","0",83," "," ","0",133," "," ","0",167," "," ","0",183," "," ","0",144," "," ","0",178," "," ","0",106," "," ","0",78," "," ","0",94," "," ","0",56," "," ","0",72," "," ","0",-28," "," ","0",-39," "," ","0",-39," "," ","0",-33," "," ","0",33," "," ","0",61," "," ","0",78," "," ","0",83," "," ","0"
"4103","USC00413787",2002,12,"TMIN",-33," "," ","0",-6," "," ","0",-11," "," ","0",-78," "," ","0",-100," "," ","0",-78," "," ","0",-78," "," ","0",-44," "," ","0",-44," "," ","0",-44," "," ","0",-44," "," ","0",-17," "," ","0",-33," "," ","0",-33," "," ","0",-28," "," ","0",-28," "," ","0",-6," "," ","0",-6," "," ","0",-6," "," ","0",-78," "," ","0",-78," "," ","0",-50," "," ","0",-28," "," ","0",-83," "," ","0",-167," "," ","0",-167," "," ","0",-122," "," ","0",-56," ","I","0",-61," "," ","0",-11," "," ","0",-56," "," ","0"
"4104","USC00413787",2002,12,"TOBS",22," "," ","0",22," "," ","0",-11," "," ","0",-72," "," ","0",-50," "," ","0",-78," "," ","0",-39," "," ","0",-28," "," ","0",0," "," ","0",-44," "," ","0",-17," "," ","0",0," "," ","0",-33," "," ","0",17," "," ","0",-28," "," ","0",0," "," ","0",83," "," ","0",11," "," ","0",0," "," ","0",-72," "," ","0",6," "," ","0",17," "," ","0",-28," "," ","0",-83," "," ","0",-167," "," ","0",-72," "," ","0",-83," "," ","0",-89," ","I","0",0," "," ","0",-11," "," ","0",-56," "," ","0"
"4105","USC00413787",2002,12,"PRCP",0,"P"," ","0",0,"P"," ","0",33," "," ","0",269," "," ","0",0,"P"," ","0",0,"P"," ","0",0,"P"," ","0",0,"P"," ","0",0,"P"," ","0",0,"P"," ","0",0,"P"," ","0",0,"P"," ","0",0,"P"," ","0",0,"P"," ","0",0,"P"," ","0",0,"P"," ","0",0,"P"," ","0",0,"P"," ","0",0,"P"," ","0",0,"P"," ","0",0,"P"," ","0",0,"P"," ","0",28," "," ","0",152," "," ","0",0,"P"," ","0",0,"P"," ","0",0,"P"," ","0",0,"P"," ","0",0,"P"," ","0",0,"P"," ","0",0,"P"," ","0"
"4106","USC00413787",2002,12,"SNOW",0,"P"," ","0",0,"P"," ","0",0,"P"," ","0",178," "," ","0",0,"P"," ","0",0,"P"," ","0",0,"P"," ","0",0,"P"," ","0",0,"P"," ","0",0,"P"," ","0",0,"P"," ","0",0,"P"," ","0",0,"P"," ","0",0,"P"," ","0",0,"P"," ","0",0,"P"," ","0",0,"P"," ","0",0,"P"," ","0",0,"P"," ","0",0,"P"," ","0",0,"P"," ","0",0,"P"," ","0",25," "," ","0",152," "," ","0",0,"P"," ","0",0,"P"," ","0",0,"P"," ","0",0,"P"," ","0",0,"P"," ","0",0,"P"," ","0",0,"P"," ","0"
"4107","USC00413787",2002,12,"SNWD",0,"P"," ","0",0,"P"," ","0",0,"P"," ","0",178," "," ","0",NA," "," "," ",NA," "," "," ",NA," "," "," ",NA," "," "," ",NA," "," "," ",NA," "," "," ",NA," "," "," ",NA," "," "," ",0,"P"," ","0",0,"P"," ","0",0,"P"," ","0",0,"P"," ","0",0,"P"," ","0",0,"P"," ","0",0,"P"," ","0",0,"P"," ","0",0,"P"," ","0",0,"P"," ","0",NA," "," "," ",NA," "," "," ",NA," "," "," ",NA," "," "," ",NA," "," "," ",NA," "," "," ",NA," "," "," ",NA," "," "," ",NA," "," "," "
"4108","USC00413787",2003,1,"TMAX",100," "," ","0",100," "," ","0",100," "," ","0",206," "," ","0",178," "," ","0",161," "," ","0",94," "," ","0",167," "," ","0",217," "," ","0",72," "," ","0",61," "," ","0",56," "," ","0",100," "," ","0",167," "," ","0",78," "," ","0",83," "," ","0",33," "," ","0",56," "," ","0",83," "," ","0",189," "," ","0",217," "," ","0",0," "," ","0",-39," "," ","0",-22," "," ","0",50," "," ","0",117," "," ","0",44," "," ","0",211," "," ","0",217," "," ","0",89," "," ","0",189," "," ","0"
"4109","USC00413787",2003,1,"TMIN",-56," "," ","0",-56," "," ","0",-39," "," ","0",-17," "," ","0",-17," "," ","0",-22," "," ","0",-28," "," ","0",-22," "," ","0",-6," "," ","0",-50," "," ","0",-56," "," ","0",-33," "," ","0",-39," "," ","0",-39," "," ","0",-33," "," ","0",-72," "," ","0",-83," "," ","0",-44," "," ","0",-78," "," ","0",-39," "," ","0",-39," "," ","0",-100," "," ","0",-100," "," ","0",-94," "," ","0",-83," "," ","0",-83," "," ","0",-67," "," ","0",-11," "," ","0",-33," "," ","0",-28," "," ","0",-17," "," ","0"
"4110","USC00413787",2003,1,"TOBS",-11," "," ","0",-39," "," ","0",-17," "," ","0",33," "," ","0",0," "," ","0",-22," "," ","0",-22," "," ","0",-6," "," ","0",6," "," ","0",-50," "," ","0",-28," "," ","0",-17," "," ","0",-39," "," ","0",-17," "," ","0",-6," "," ","0",-61," "," ","0",-33," "," ","0",-33," "," ","0",-39," "," ","0",-11," "," ","0",-39," "," ","0",-100," "," ","0",-94," "," ","0",-72," "," ","0",-67," "," ","0",-67," "," ","0",-11," "," ","0",33," "," ","0",-28," "," ","0",-17," "," ","0",6," "," ","0"
"4111","USC00413787",2003,1,"PRCP",0,"P"," ","0",5," "," ","0",0,"P"," ","0",0,"P"," ","0",0,"P"," ","0",0,"P"," ","0",0,"P"," ","0",0,"P"," ","0",0,"P"," ","0",0,"P"," ","0",0,"P"," ","0",0,"P"," ","0",0,"P"," ","0",0,"P"," ","0",0,"P"," ","0",8," "," ","0",0,"P"," ","0",0,"P"," ","0",0,"P"," ","0",0,"P"," ","0",0,"P"," ","0",0,"P"," ","0",0,"P"," ","0",0,"P"," ","0",0,"P"," ","0",0,"P"," ","0",0,"P"," ","0",0,"P"," ","0",0,"P"," ","0",0,"P"," ","0",0,"P"," ","0"
"4112","USC00413787",2003,1,"SNOW",0,"P"," ","0",13," "," ","0",0,"P"," ","0",0,"P"," ","0",0,"P"," ","0",0,"P"," ","0",0,"P"," ","0",0,"P"," ","0",0,"P"," ","0",0,"P"," ","0",0,"P"," ","0",0,"P"," ","0",0,"P"," ","0",0,"P"," ","0",0,"P"," ","0",0,"P"," ","0",0,"P"," ","0",0,"P"," ","0",0,"P"," ","0",0,"P"," ","0",0,"P"," ","0",0,"P"," ","0",0,"P"," ","0",0,"P"," ","0",0,"P"," ","0",0,"P"," ","0",0,"P"," ","0",0,"P"," ","0",0,"P"," ","0",0,"P"," ","0",0,"P"," ","0"
"4113","USC00413787",2003,1,"SNWD",0,"P"," ","0",25," "," ","0",NA," "," "," ",NA," "," "," ",0,"P"," ","0",0,"P"," ","0",0,"P"," ","0",0,"P"," ","0",0,"P"," ","0",0,"P"," ","0",0,"P"," ","0",0,"P"," ","0",0,"P"," ","0",0,"P"," ","0",0,"P"," ","0",0,"P"," ","0",0,"P"," ","0",0,"P"," ","0",0,"P"," ","0",0,"P"," ","0",0,"P"," ","0",0,"P"," ","0",0,"P"," ","0",0,"P"," ","0",0,"P"," ","0",0,"P"," ","0",0,"P"," ","0",0,"P"," ","0",0,"P"," ","0",0,"P"," ","0",0,"P"," ","0"
"4114","USC00413787",2003,2,"TMAX",144," "," ","0",267," "," ","0",267," "," ","0",50," "," ","0",133," "," ","0",33," "," ","0",-28," "," ","0",-6," "," ","0",44," "," ","0",72," "," ","0",133," "," ","0",133," "," ","0",144," "," ","0",161," "," ","0",200," "," ","0",0," "," ","0",89," "," ","0",144," "," ","0",128," "," ","0",72," "," ","0",100," "," ","0",128," "," ","0",144," "," ","0",-44," "," ","0",-128," "," ","0",44," "," ","0",22," "," ","0",39," "," ","0",NA," "," "," ",NA," "," "," ",NA," "," "," "
"4115","USC00413787",2003,2,"TMIN",0," "," ","0",50," "," ","0",-33," "," ","0",-106," "," ","0",-89," "," ","0",-67," "," ","0",-167," "," ","0",-133," "," ","0",-61," "," ","0",-78," "," ","0",-78," "," ","0",-72," "," ","0",-67," "," ","0",56," "," ","0",-33," "," ","0",-33," "," ","0",-22," "," ","0",-22," "," ","0",22," "," ","0",-61," "," ","0",-61," "," ","0",-44," "," ","0",-89," "," ","0",-161," "," ","0",-161," "," ","0",-144," "," ","0",-100," "," ","0",-44," "," ","0",NA," "," "," ",NA," "," "," ",NA," "," "," "
"4116","USC00413787",2003,2,"TOBS",72," "," ","0",139," "," ","0",-28," "," ","0",-89," "," ","0",-61," "," ","0",-33," "," ","0",-133," "," ","0",-61," "," ","0",0," "," ","0",-78," "," ","0",-56," "," ","0",-67," "," ","0",56," "," ","0",67," "," ","0",-33," "," ","0",-22," "," ","0",-11," "," ","0",33," "," ","0",22," "," ","0",-61," "," ","0",-28," "," ","0",22," "," ","0",-78," "," ","0",-161," "," ","0",-144," "," ","0",-100," "," ","0",-44," "," ","0",-28," "," ","0",NA," "," "," ",NA," "," "," ",NA," "," "," "
"4117","USC00413787",2003,2,"PRCP",0,"P"," ","0",0,"P"," ","0",0,"P"," ","0",0,"P"," ","0",0,"P"," ","0",36," "," ","0",0,"P"," ","0",0,"P"," ","0",0,"P"," ","0",0,"P"," ","0",0,"P"," ","0",0,"P"," ","0",0,"P"," ","0",0,"P"," ","0",0,"P"," ","0",0,"P"," ","0",0,"P"," ","0",0,"P"," ","0",0,"P"," ","0",0,"P"," ","0",0,"P"," ","0",0,"P"," ","0",0,"P"," ","0",0,"P"," ","0",0,"P"," ","0",0,"P"," ","0",0,"P"," ","0",0,"P"," ","0",NA," "," "," ",NA," "," "," ",NA," "," "," "
"4118","USC00413787",2003,2,"SNOW",0,"P"," ","0",0,"P"," ","0",0,"P"," ","0",0,"P"," ","0",0,"P"," ","0",0,"P"," ","0",0,"P"," ","0",0,"P"," ","0",0,"P"," ","0",0,"P"," ","0",0,"P"," ","0",0,"P"," ","0",0,"P"," ","0",0,"P"," ","0",0,"P"," ","0",0,"P"," ","0",0,"P"," ","0",0,"P"," ","0",0,"P"," ","0",0,"P"," ","0",0,"P"," ","0",0,"P"," ","0",0,"P"," ","0",0,"P"," ","0",0,"P"," ","0",0,"P"," ","0",0,"P"," ","0",0,"P"," ","0",NA," "," "," ",NA," "," "," ",NA," "," "," "
"4119","USC00413787",2003,2,"SNWD",0,"P"," ","0",0,"P"," ","0",0,"P"," ","0",0,"P"," ","0",0,"P"," ","0",0,"P"," ","0",0,"P"," ","0",0,"P"," ","0",0,"P"," ","0",0,"P"," ","0",0,"P"," ","0",0,"P"," ","0",0,"P"," ","0",0,"P"," ","0",0,"P"," ","0",0,"P"," ","0",0,"P"," ","0",0,"P"," ","0",0,"P"," ","0",0,"P"," ","0",0,"P"," ","0",0,"P"," ","0",0,"P"," ","0",0,"P"," ","0",0,"P"," ","0",0,"P"," ","0",0,"P"," ","0",0,"P"," ","0",NA," "," "," ",NA," "," "," ",NA," "," "," "
"4120","USC00413787",2003,3,"TMAX",0," "," ","0",72," "," ","0",44," "," ","0",183," "," ","0",67," "," ","0",11," "," ","0",178," "," ","0",206," "," ","0",206," "," ","0",89," "," ","0",161," "," ","0",222," "," ","0",256," "," ","0",233," "," ","0",272," "," ","0",244," "," ","0",256," "," ","0",206," "," ","0",167," "," ","0",83," "," ","0",117," "," ","0",89," "," ","0",178," "," ","0",250," "," ","0",200," "," ","0",228," "," ","0",122," "," ","0",89," "," ","0",111," "," ","0",NA," "," "," ",NA," "," "," "
"4121","USC00413787",2003,3,"TMIN",-28," "," ","0",-39," "," ","0",-44," "," ","0",0," "," ","0",-106," "," ","0",-106," "," ","0",-72," "," ","0",17," "," ","0",-78," "," ","0",-67," "," ","0",-61," "," ","0",0," "," ","0",22," "," ","0",39," "," ","0",78," "," ","0",72," "," ","0",56," "," ","0",28," "," ","0",39," "," ","0",44," "," ","0",44," "," ","0",50," "," ","0",33," "," ","0",56," "," ","0",28," "," ","0",56," "," ","0",-22," "," ","0",-56," "," ","0",-33," "," ","0",NA," "," "," ",NA," "," "," "
"4122","USC00413787",2003,3,"TOBS",-17," "," ","0",-39," "," ","0",0," "," ","0",50," "," ","0",-100," "," ","0",-72," "," ","0",33," "," ","0",128," "," ","0",-44," "," ","0",-61," "," ","0",6," "," ","0",33," "," ","0",33," "," ","0",78," "," ","0",117," "," ","0",94," "," ","0",100," "," ","0",44," "," ","0",72," "," ","0",50," "," ","0",50," "," ","0",83," "," ","0",67," "," ","0",94," "," ","0",61," "," ","0",72," "," ","0",-6," "," ","0",-6," "," ","0",89," "," ","0",NA," "," "," ",NA," "," "," "
"4123","USC00413787",2003,3,"PRCP",3," "," ","0",0,"P"," ","0",0,"P"," ","0",0,"P"," ","0",0,"P"," ","0",0,"P"," ","0",0,"P"," ","0",0,"P"," ","0",0,"P"," ","0",0,"P"," ","0",0,"P"," ","0",0,"P"," ","0",0,"P"," ","0",0,"P"," ","0",0,"P"," ","0",0,"P"," ","0",0,"P"," ","0",0,"P"," ","0",61," "," ","0",180," "," ","0",0,"P"," ","0",18," "," ","0",3," "," ","0",0,"P"," ","0",0,"P"," ","0",0,"P"," ","0",0,"P"," ","0",0,"P"," ","0",0,"P"," ","0",0,"P"," ","0",0,"P"," ","0"
"4124","USC00413787",2003,3,"SNOW",0,"P"," ","0",0,"P"," ","0",0,"P"," ","0",0,"P"," ","0",0,"P"," ","0",0,"P"," ","0",0,"P"," ","0",0,"P"," ","0",0,"P"," ","0",0,"P"," ","0",0,"P"," ","0",0,"P"," ","0",0,"P"," ","0",0,"P"," ","0",0,"P"," ","0",0,"P"," ","0",0,"P"," ","0",0,"P"," ","0",0,"P"," ","0",0,"P"," ","0",0,"P"," ","0",0,"P"," ","0",0,"P"," ","0",0,"P"," ","0",0,"P"," ","0",0,"P"," ","0",0,"P"," ","0",0,"P"," ","0",0,"P"," ","0",0,"P"," ","0",0,"P"," ","0"
"4125","USC00413787",2003,3,"SNWD",0,"P"," ","0",0,"P"," ","0",0,"P"," ","0",0,"P"," ","0",0,"P"," ","0",0,"P"," ","0",0,"P"," ","0",0,"P"," ","0",0,"P"," ","0",0,"P"," ","0",0,"P"," ","0",0,"P"," ","0",0,"P"," ","0",0,"P"," ","0",0,"P"," ","0",0,"P"," ","0",0,"P"," ","0",0,"P"," ","0",0,"P"," ","0",0,"P"," ","0",0,"P"," ","0",0,"P"," ","0",0,"P"," ","0",0,"P"," ","0",0,"P"," ","0",0,"P"," ","0",0,"P"," ","0",0,"P"," ","0",0,"P"," ","0",0,"P"," ","0",0,"P"," ","0"
"4126","USC00413787",2003,4,"TMAX",250," "," ","0",294," "," ","0",300," "," ","0",256," "," ","0",178," "," ","0",167," "," ","0",167," "," ","0",100," "," ","0",128," "," ","0",239," "," ","0",267," "," ","0",267," "," ","0",261," "," ","0",317," "," ","0",317," "," ","0",278," "," ","0",278," "," ","0",211," "," ","0",239," "," ","0",194," "," ","0",194," "," ","0",222," "," ","0",222," "," ","0",189," "," ","0",189," "," ","0",200," "," ","0",272," "," ","0",228," "," ","0",239," "," ","0",311," "," ","0",NA," "," "," "
"4127","USC00413787",2003,4,"TMIN",28," "," ","0",28," "," ","0",89," "," ","0",44," "," ","0",17," "," ","0",28," "," ","0",-28," "," ","0",-39," "," ","0",-44," "," ","0",-33," "," ","0",39," "," ","0",33," "," ","0",44," "," ","0",117," "," ","0",133," "," ","0",78," "," ","0",39," "," ","0",39," "," ","0",39," "," ","0",6," "," ","0",33," "," ","0",33," "," ","0",33," "," ","0",33," "," ","0",44," "," ","0",44," "," ","0",89," "," ","0",94," "," ","0",89," "," ","0",100," "," ","0",NA," "," "," "
"4128","USC00413787",2003,4,"TOBS",122," "," ","0",94," "," ","0",122," "," ","0",61," "," ","0",33," "," ","0",94," "," ","0",-11," "," ","0",-39," "," ","0",-33," "," ","0",33," "," ","0",61," "," ","0",44," "," ","0",117," "," ","0",133," "," ","0",172," "," ","0",133," "," ","0",50," "," ","0",106," "," ","0",144," "," ","0",83," "," ","0",50," "," ","0",100," "," ","0",122," "," ","0",61," "," ","0",50," "," ","0",83," "," ","0",167," "," ","0",117," "," ","0",122," "," ","0",117," "," ","0",NA," "," "," "
"4129","USC00413787",2003,4,"PRCP",0,"P"," ","0",0,"P"," ","0",0,"P"," ","0",0,"P"," ","0",0,"P"," ","0",0,"P"," ","0",0,"P"," ","0",0,"P"," ","0",0,"P"," ","0",0,"P"," ","0",0,"P"," ","0",0,"P"," ","0",0,"P"," ","0",0,"P"," ","0",0,"P"," ","0",58," "," ","0",0,"P"," ","0",38," "," ","0",0,"P"," ","0",0,"P"," ","0",0,"P"," ","0",0,"P"," ","0",58," "," ","0",56," "," ","0",0,"P"," ","0",0,"P"," ","0",0,"P"," ","0",0,"P"," ","0",0,"P"," ","0",0,"P"," ","0",NA," "," "," "
"4130","USC00413787",2003,4,"SNOW",0,"P"," ","0",0,"P"," ","0",0,"P"," ","0",0,"P"," ","0",0,"P"," ","0",0,"P"," ","0",0,"P"," ","0",0,"P"," ","0",0,"P"," ","0",0,"P"," ","0",0,"P"," ","0",0,"P"," ","0",0,"P"," ","0",0,"P"," ","0",0,"P"," ","0",0,"P"," ","0",0,"P"," ","0",0,"P"," ","0",0,"P"," ","0",0,"P"," ","0",0,"P"," ","0",0,"P"," ","0",0,"P"," ","0",0,"P"," ","0",0,"P"," ","0",0,"P"," ","0",0,"P"," ","0",0,"P"," ","0",0,"P"," ","0",0,"P"," ","0",NA," "," "," "
"4131","USC00413787",2003,4,"SNWD",0,"P"," ","0",0,"P"," ","0",0,"P"," ","0",0,"P"," ","0",0,"P"," ","0",0,"P"," ","0",0,"P"," ","0",0,"P"," ","0",0,"P"," ","0",0,"P"," ","0",0,"P"," ","0",0,"P"," ","0",0,"P"," ","0",0,"P"," ","0",0,"P"," ","0",0,"P"," ","0",0,"P"," ","0",0,"P"," ","0",0,"P"," ","0",0,"P"," ","0",0,"P"," ","0",0,"P"," ","0",0,"P"," ","0",0,"P"," ","0",0,"P"," ","0",0,"P"," ","0",0,"P"," ","0",0,"P"," ","0",0,"P"," ","0",0,"P"," ","0",NA," "," "," "
"4132","USC00413787",2003,5,"TMAX",311," "," ","0",311," "," ","0",206," "," ","0",278," "," ","0",267," "," ","0",272," "," ","0",228," "," ","0",250," "," ","0",328," "," ","0",228," "," ","0",228," "," ","0",283," "," ","0",344," "," ","0",272," "," ","0",194," "," ","0",272," "," ","0",344," "," ","0",194," "," ","0",194," "," ","0",NA," "," "," ",NA," "," "," ",250," "," ","0",294," "," ","0",300," "," ","0",289," "," ","0",200," "," ","0",228," "," ","0",272," "," ","0",311," "," ","0",372," "," ","0",NA," "," "," "
"4133","USC00413787",2003,5,"TMIN",78," "," ","0",78," "," ","0",94," "," ","0",100," "," ","0",50," "," ","0",56," "," ","0",78," "," ","0",89," "," ","0",61," "," ","0",28," "," ","0",83," "," ","0",128," "," ","0",167," "," ","0",156," ","I","0",78," "," ","0",100," "," ","0",150," "," ","0",83," "," ","0",78," "," ","0",NA," "," "," ",NA," "," "," ",100," "," ","0",106," "," ","0",161," "," ","0",111," "," ","0",117," "," ","0",128," "," ","0",133," "," ","0",167," "," ","0",167," "," ","0",NA," "," "," "
"4134","USC00413787",2003,5,"TOBS",89," "," ","0",94," "," ","0",111," "," ","0",139," "," ","0",94," "," ","0",106," "," ","0",89," "," ","0",144," "," ","0",128," "," ","0",83," "," ","0",122," "," ","0",167," "," ","0",183," "," ","0",133," ","I","0",94," "," ","0",150," "," ","0",172," "," ","0",89," "," ","0",106," "," ","0",NA," "," "," ",NA," "," "," ",128," "," ","0",178," "," ","0",222," "," ","0",128," "," ","0",133," "," ","0",144," "," ","0",167," "," ","0",183," "," ","0",200," "," ","0",NA," "," "," "
"4135","USC00413787",2003,5,"PRCP",0,"P"," ","0",0,"P"," ","0",0,"P"," ","0",0,"P"," ","0",0,"P"," ","0",0,"P"," ","0",0,"P"," ","0",0,"P"," ","0",0,"P"," ","0",0,"P"," ","0",0,"P"," ","0",0,"P"," ","0",0,"P"," ","0",432," "," ","0",25," "," ","0",0,"P"," ","0",0,"P"," ","0",0,"P"," ","0",0,"P"," ","0",0,"P"," ","0",0,"P"," ","0",0,"P"," ","0",0,"P"," ","0",0,"P"," ","0",152," "," ","0",127," "," ","0",0,"P"," ","0",0,"P"," ","0",0,"P"," ","0",0,"P"," ","0",0,"P"," ","0"
"4136","USC00413787",2003,5,"SNOW",0,"P"," ","0",0,"P"," ","0",0,"P"," ","0",0,"P"," ","0",0,"P"," ","0",0,"P"," ","0",0,"P"," ","0",0,"P"," ","0",0,"P"," ","0",0,"P"," ","0",0,"P"," ","0",0,"P"," ","0",0,"P"," ","0",0,"P"," ","0",0,"P"," ","0",0,"P"," ","0",0,"P"," ","0",0,"P"," ","0",0,"P"," ","0",0,"P"," ","0",0,"P"," ","0",0,"P"," ","0",0,"P"," ","0",0,"P"," ","0",0,"P"," ","0",0,"P"," ","0",0,"P"," ","0",0,"P"," ","0",0,"P"," ","0",0,"P"," ","0",0,"P"," ","0"
"4137","USC00413787",2003,5,"SNWD",0,"P"," ","0",0,"P"," ","0",0,"P"," ","0",0,"P"," ","0",0,"P"," ","0",0,"P"," ","0",0,"P"," ","0",0,"P"," ","0",0,"P"," ","0",0,"P"," ","0",0,"P"," ","0",0,"P"," ","0",0,"P"," ","0",0,"P"," ","0",0,"P"," ","0",0,"P"," ","0",0,"P"," ","0",0,"P"," ","0",0,"P"," ","0",0,"P"," ","0",0,"P"," ","0",0,"P"," ","0",0,"P"," ","0",0,"P"," ","0",0,"P"," ","0",0,"P"," ","0",0,"P"," ","0",0,"P"," ","0",0,"P"," ","0",0,"P"," ","0",0,"P"," ","0"
"4138","USC00413787",2003,6,"TMAX",372," "," ","0",233," "," ","0",328," "," ","0",233," "," ","0",233," "," ","0",183," "," ","0",239," "," ","0",189," "," ","0",244," "," ","0",322," "," ","0",278," "," ","0",317," "," ","0",289," "," ","0",300," "," ","0",289," "," ","0",278," "," ","0",289," "," ","0",294," "," ","0",272," "," ","0",272," "," ","0",267," "," ","0",289," "," ","0",344," "," ","0",356," "," ","0",328," "," ","0",272," "," ","0",256," "," ","0",283," "," ","0",328," "," ","0",NA," "," "," ",NA," "," "," "
"4139","USC00413787",2003,6,"TMIN",156," "," ","0",128," "," ","0",128," "," ","0",128," "," ","0",128," "," ","0",100," "," ","0",128," ","I","0",89," "," ","0",161," "," ","0",161," "," ","0",144," "," ","0",144," "," ","0",144," "," ","0",122," "," ","0",128," "," ","0",150," "," ","0",150," "," ","0",167," "," ","0",167," "," ","0",161," "," ","0",128," "," ","0",167," "," ","0",167," "," ","0",211," "," ","0",172," "," ","0",139," "," ","0",117," "," ","0",139," "," ","0",122," "," ","0",NA," "," "," ",NA," "," "," "
"4140","USC00413787",2003,6,"TOBS",167," "," ","0",156," "," ","0",161," "," ","0",161," "," ","0",144," "," ","0",111," ","I","0",128," "," ","0",161," "," ","0",178," "," ","0",189," "," ","0",172," "," ","0",194," "," ","0",161," "," ","0",150," "," ","0",178," "," ","0",183," "," ","0",167," "," ","0",178," "," ","0",172," "," ","0",161," "," ","0",167," "," ","0",228," "," ","0",228," "," ","0",222," "," ","0",167," "," ","0",139," "," ","0",139," "," ","0",189," "," ","0",144," "," ","0",NA," "," "," ",NA," "," "," "
"4141","USC00413787",2003,6,"PRCP",0,"P"," ","0",0,"P"," ","0",3," "," ","0",76," "," ","0",102," "," ","0",508," "," ","0",0,"P"," ","0",0,"P"," ","0",107," "," ","0",0,"P"," ","0",0,"P"," ","0",0,"P"," ","0",81," "," ","0",495," "," ","0",0,"P"," ","0",0,"P"," ","0",0,"P"," ","0",0,"P"," ","0",0,"P"," ","0",18," "," ","0",193," "," ","0",0,"P"," ","0",0,"P"," ","0",114," "," ","0",0,"P"," ","0",3," "," ","0",0,"P"," ","0",0,"P"," ","0",239," "," ","0",0,"P"," ","0",NA," "," "," "
"4142","USC00413787",2003,6,"SNOW",0,"P"," ","0",0,"P"," ","0",0,"P"," ","0",0,"P"," ","0",0,"P"," ","0",0,"P"," ","0",0,"P"," ","0",0,"P"," ","0",0,"P"," ","0",0,"P"," ","0",0,"P"," ","0",0,"P"," ","0",0,"P"," ","0",0,"P"," ","0",0,"P"," ","0",0,"P"," ","0",0,"P"," ","0",0,"P"," ","0",0,"P"," ","0",0,"P"," ","0",0,"P"," ","0",0,"P"," ","0",0,"P"," ","0",0,"P"," ","0",0,"P"," ","0",0,"P"," ","0",0,"P"," ","0",0,"P"," ","0",0,"P"," ","0",0,"P"," ","0",NA," "," "," "
"4143","USC00413787",2003,6,"SNWD",0,"P"," ","0",0,"P"," ","0",0,"P"," ","0",0,"P"," ","0",0,"P"," ","0",0,"P"," ","0",0,"P"," ","0",0,"P"," ","0",0,"P"," ","0",0,"P"," ","0",0,"P"," ","0",0,"P"," ","0",0,"P"," ","0",0,"P"," ","0",0,"P"," ","0",0,"P"," ","0",0,"P"," ","0",0,"P"," ","0",0,"P"," ","0",0,"P"," ","0",0,"P"," ","0",0,"P"," ","0",0,"P"," ","0",0,"P"," ","0",0,"P"," ","0",0,"P"," ","0",0,"P"," ","0",0,"P"," ","0",0,"P"," ","0",0,"P"," ","0",NA," "," "," "
"4144","USC00413787",2003,7,"TMAX",NA," "," "," ",NA," "," "," ",NA," "," "," ",NA," "," "," ",NA," "," "," ",NA," "," "," ",NA," "," "," ",NA," "," "," ",NA," "," "," ",NA," "," "," ",NA," "," "," ",NA," "," "," ",NA," "," "," ",NA," "," "," ",NA," "," "," ",NA," "," "," ",NA," "," "," ",NA," "," "," ",NA," "," "," ",NA," "," "," ",NA," "," "," ",NA," "," "," ",NA," "," "," ",NA," "," "," ",NA," "," "," ",NA," "," "," ",NA," "," "," ",NA," "," "," ",361," "," ","0",344," "," ","0",344," "," ","0"
"4145","USC00413787",2003,7,"TMIN",NA," "," "," ",NA," "," "," ",NA," "," "," ",NA," "," "," ",NA," "," "," ",NA," "," "," ",NA," "," "," ",NA," "," "," ",NA," "," "," ",NA," "," "," ",NA," "," "," ",NA," "," "," ",NA," "," "," ",NA," "," "," ",NA," "," "," ",NA," "," "," ",NA," "," "," ",NA," "," "," ",NA," "," "," ",NA," "," "," ",NA," "," "," ",NA," "," "," ",NA," "," "," ",NA," "," "," ",NA," "," "," ",NA," "," "," ",NA," "," "," ",NA," "," "," ",178," "," ","0",167," "," ","0",167," "," ","0"
"4146","USC00413787",2003,7,"TOBS",NA," "," "," ",NA," "," "," ",NA," "," "," ",NA," "," "," ",NA," "," "," ",NA," "," "," ",NA," "," "," ",NA," "," "," ",NA," "," "," ",NA," "," "," ",NA," "," "," ",NA," "," "," ",NA," "," "," ",NA," "," "," ",NA," "," "," ",NA," "," "," ",NA," "," "," ",NA," "," "," ",NA," "," "," ",NA," "," "," ",NA," "," "," ",NA," "," "," ",NA," "," "," ",NA," "," "," ",NA," "," "," ",NA," "," "," ",NA," "," "," ",NA," "," "," ",200," "," ","0",178," "," ","0",200," "," ","0"
"4147","USC00413787",2003,7,"PRCP",NA," "," "," ",NA," "," "," ",NA," "," "," ",NA," "," "," ",NA," "," "," ",NA," "," "," ",NA," "," "," ",NA," "," "," ",NA," "," "," ",NA," "," "," ",NA," "," "," ",NA," "," "," ",NA," "," "," ",NA," "," "," ",NA," "," "," ",NA," "," "," ",NA," "," "," ",NA," "," "," ",NA," "," "," ",NA," "," "," ",NA," "," "," ",NA," "," "," ",NA," "," "," ",NA," "," "," ",NA," "," "," ",NA," "," "," ",NA," "," "," ",NA," "," "," ",290," "," ","0",122," "," ","0",0,"P"," ","0"
"4148","USC00413787",2003,7,"SNOW",0,"P"," ","0",0,"P"," ","0",0,"P"," ","0",0,"P"," ","0",0,"P"," ","0",0,"P"," ","0",0,"P"," ","0",0,"P"," ","0",0,"P"," ","0",0,"P"," ","0",0,"P"," ","0",0,"P"," ","0",0,"P"," ","0",0,"P"," ","0",0,"P"," ","0",0,"P"," ","0",0,"P"," ","0",0,"P"," ","0",0,"P"," ","0",0,"P"," ","0",0,"P"," ","0",0,"P"," ","0",0,"P"," ","0",0,"P"," ","0",0,"P"," ","0",0,"P"," ","0",0,"P"," ","0",0,"P"," ","0",0,"P"," ","0",0,"P"," ","0",0,"P"," ","0"
"4149","USC00413787",2003,7,"SNWD",0,"P"," ","0",0,"P"," ","0",0,"P"," ","0",0,"P"," ","0",0,"P"," ","0",0,"P"," ","0",0,"P"," ","0",0,"P"," ","0",0,"P"," ","0",0,"P"," ","0",0,"P"," ","0",0,"P"," ","0",0,"P"," ","0",0,"P"," ","0",0,"P"," ","0",0,"P"," ","0",0,"P"," ","0",0,"P"," ","0",0,"P"," ","0",0,"P"," ","0",0,"P"," ","0",0,"P"," ","0",0,"P"," ","0",0,"P"," ","0",0,"P"," ","0",0,"P"," ","0",0,"P"," ","0",0,"P"," ","0",0,"P"," ","0",0,"P"," ","0",0,"P"," ","0"
"4150","USC00413787",2003,8,"TMAX",372," "," ","0",378," "," ","0",356," "," ","0",389," "," ","0",389," "," ","0",372," "," ","0",383," "," ","0",400," "," ","0",372," "," ","0",311," "," ","0",322," "," ","0",328," "," ","0",294," "," ","0",306," "," ","0",300," "," ","0",317," "," ","0",333," "," ","0",344," "," ","0",367," "," ","0",372," "," ","0",372," "," ","0",383," "," ","0",356," "," ","0",344," "," ","0",350," "," ","0",344," "," ","0",367," "," ","0",350," "," ","0",367," "," ","0",311," "," ","0",211," "," ","0"
"4151","USC00413787",2003,8,"TMIN",167," "," ","0",206," "," ","0",189," "," ","0",211," "," ","0",211," "," ","0",206," "," ","0",200," "," ","0",206," "," ","0",183," "," ","0",194," "," ","0",183," "," ","0",161," "," ","0",133," "," ","0",139," "," ","0",139," "," ","0",178," "," ","0",194," "," ","0",222," "," ","0",189," "," ","0",194," "," ","0",211," "," ","0",200," "," ","0",189," "," ","0",172," "," ","0",178," "," ","0",183," "," ","0",200," "," ","0",200," "," ","0",200," "," ","0",167," "," ","0",144," "," ","0"
"4152","USC00413787",2003,8,"TOBS",233," "," ","0",217," "," ","0",211," "," ","0",239," "," ","0",233," "," ","0",222," "," ","0",211," "," ","0",217," "," ","0",194," "," ","0",206," "," ","0",200," "," ","0",172," "," ","0",139," "," ","0",167," "," ","0",178," "," ","0",244," "," ","0",256," "," ","0",233," "," ","0",194," "," ","0",222," "," ","0",222," "," ","0",211," "," ","0",189," "," ","0",178," "," ","0",194," "," ","0",200," "," ","0",211," "," ","0",228," "," ","0",200," "," ","0",167," "," ","0",139," "," ","0"
"4153","USC00413787",2003,8,"PRCP",0,"P"," ","0",0,"P"," ","0",0,"P"," ","0",0,"P"," ","0",0,"P"," ","0",0,"P"," ","0",0,"P"," ","0",0,"P"," ","0",119," "," ","0",0,"P"," ","0",0,"P"," ","0",0,"P"," ","0",0,"P"," ","0",0,"P"," ","0",0,"P"," ","0",0,"P"," ","0",0,"P"," ","0",0,"P"," ","0",0,"P"," ","0",0,"P"," ","0",0,"P"," ","0",0,"P"," ","0",0,"P"," ","0",0,"P"," ","0",0,"P"," ","0",3," "," ","0",0,"P"," ","0",0,"P"," ","0",10," "," ","0",208," "," ","0",33," "," ","0"
"4154","USC00413787",2003,8,"SNOW",0,"P"," ","0",0,"P"," ","0",0,"P"," ","0",0,"P"," ","0",0,"P"," ","0",0,"P"," ","0",0,"P"," ","0",0,"P"," ","0",0,"P"," ","0",0,"P"," ","0",0,"P"," ","0",0,"P"," ","0",0,"P"," ","0",0,"P"," ","0",0,"P"," ","0",0,"P"," ","0",0,"P"," ","0",0,"P"," ","0",0,"P"," ","0",0,"P"," ","0",0,"P"," ","0",0,"P"," ","0",0,"P"," ","0",0,"P"," ","0",0,"P"," ","0",0,"P"," ","0",0,"P"," ","0",0,"P"," ","0",0,"P"," ","0",0,"P"," ","0",0,"P"," ","0"
"4155","USC00413787",2003,8,"SNWD",0,"P"," ","0",0,"P"," ","0",0,"P"," ","0",0,"P"," ","0",0,"P"," ","0",0,"P"," ","0",0,"P"," ","0",0,"P"," ","0",0,"P"," ","0",0,"P"," ","0",0,"P"," ","0",0,"P"," ","0",0,"P"," ","0",0,"P"," ","0",0,"P"," ","0",0,"P"," ","0",0,"P"," ","0",0,"P"," ","0",0,"P"," ","0",0,"P"," ","0",0,"P"," ","0",0,"P"," ","0",0,"P"," ","0",0,"P"," ","0",0,"P"," ","0",0,"P"," ","0",0,"P"," ","0",0,"P"," ","0",0,"P"," ","0",0,"P"," ","0",0,"P"," ","0"
"4156","USC00413787",2003,9,"TMAX",244," "," ","0",244," "," ","0",272," "," ","0",289," "," ","0",289," "," ","0",289," "," ","0",367," "," ","0",222," "," ","0",267," "," ","0",300," "," ","0",322," "," ","0",256," "," ","0",NA," "," "," ",267," "," ","0",256," "," ","0",244," "," ","0",339," "," ","0",317," "," ","0",222," "," ","0",217," "," ","0",283," "," ","0",256," "," ","0",200," "," ","0",311," "," ","0",239," "," ","0",228," "," ","0",311," "," ","0",244," "," ","0",217," "," ","0",261," "," ","0",NA," "," "," "
"4157","USC00413787",2003,9,"TMIN",144," "," ","0",111," "," ","0",117," "," ","0",144," "," ","0",133," "," ","0",167," ","I","0",161," "," ","0",150," "," ","0",144," "," ","0",167," "," ","0",122," "," ","0",89," "," ","0",NA," "," "," ",128," "," ","0",100," "," ","0",106," "," ","0",150," "," ","0",100," "," ","0",39," "," ","0",39," "," ","0",117," "," ","0",122," "," ","0",122," "," ","0",144," "," ","0",122," "," ","0",128," "," ","0",83," "," ","0",89," "," ","0",106," "," ","0",94," "," ","0",NA," "," "," "
"4158","USC00413787",2003,9,"TOBS",139," "," ","0",111," "," ","0",144," "," ","0",167," "," ","0",139," ","I","0",222," "," ","0",139," ","I","0",150," "," ","0",167," "," ","0",206," "," ","0",122," "," ","0",94," "," ","0",NA," "," "," ",156," "," ","0",106," "," ","0",150," "," ","0",189," "," ","0",111," "," ","0",39," "," ","0",117," "," ","0",133," "," ","0",128," "," ","0",144," "," ","0",144," "," ","0",128," "," ","0",133," "," ","0",89," "," ","0",128," "," ","0",128," "," ","0",100," "," ","0",NA," "," "," "
"4159","USC00413787",2003,9,"PRCP",0,"P"," ","0",0,"P"," ","0",0,"P"," ","0",0,"P"," ","0",0,"P"," ","0",0,"P"," ","0",5," "," ","0",117," "," ","0",0,"P"," ","0",86," "," ","0",36," "," ","0",0,"P"," ","0",0,"P"," ","0",0,"P"," ","0",0,"P"," ","0",0,"P"," ","0",0,"P"," ","0",0,"P"," ","0",0,"P"," ","0",0,"P"," ","0",122," "," ","0",0,"P"," ","0",0,"P"," ","0",0,"P"," ","0",0,"P"," ","0",0,"P"," ","0",0,"P"," ","0",0,"P"," ","0",0,"P"," ","0",0,"P"," ","0",NA," "," "," "
"4160","USC00413787",2003,9,"SNOW",0,"P"," ","0",0,"P"," ","0",0,"P"," ","0",0,"P"," ","0",0,"P"," ","0",0,"P"," ","0",0,"P"," ","0",0,"P"," ","0",0,"P"," ","0",0,"P"," ","0",0,"P"," ","0",0,"P"," ","0",0,"P"," ","0",0,"P"," ","0",0,"P"," ","0",0,"P"," ","0",0,"P"," ","0",0,"P"," ","0",0,"P"," ","0",0,"P"," ","0",0,"P"," ","0",0,"P"," ","0",0,"P"," ","0",0,"P"," ","0",0,"P"," ","0",0,"P"," ","0",0,"P"," ","0",0,"P"," ","0",0,"P"," ","0",0,"P"," ","0",NA," "," "," "
"4161","USC00413787",2003,9,"SNWD",0,"P"," ","0",0,"P"," ","0",0,"P"," ","0",0,"P"," ","0",0,"P"," ","0",0,"P"," ","0",0,"P"," ","0",0,"P"," ","0",0,"P"," ","0",0,"P"," ","0",0,"P"," ","0",0,"P"," ","0",0,"P"," ","0",0,"P"," ","0",0,"P"," ","0",0,"P"," ","0",0,"P"," ","0",0,"P"," ","0",0,"P"," ","0",0,"P"," ","0",0,"P"," ","0",0,"P"," ","0",0,"P"," ","0",0,"P"," ","0",0,"P"," ","0",0,"P"," ","0",0,"P"," ","0",0,"P"," ","0",0,"P"," ","0",0,"P"," ","0",NA," "," "," "
"4162","USC00413787",2003,11,"TMAX",206," "," ","0",239," "," ","0",244," "," ","0",306," "," ","0",228," "," ","0",200," "," ","0",6," "," ","0",156," "," ","0",200," "," ","0",78," "," ","0",311," "," ","0",261," "," ","0",256," "," ","0",283," "," ","0",283," "," ","0",311," "," ","0",256," "," ","0",256," "," ","0",328," "," ","0",NA," "," "," ",NA," "," "," ",89," "," ","0",78," "," ","0",0," "," ","0",100," "," ","0",89," "," ","0",117," "," ","0",72," "," ","0",128," "," ","0",183," "," ","0",NA," "," "," "
"4163","USC00413787",2003,11,"TMIN",-17," "," ","0",28," "," ","0",67," "," ","0",28," "," ","0",11," "," ","0",-22," "," ","0",-78," "," ","0",-67," "," ","0",33," "," ","0",117," ","I","0",78," "," ","0",56," "," ","0",17," "," ","0",11," "," ","0",-6," "," ","0",11," "," ","0",11," "," ","0",-22," "," ","0",-11," "," ","0",NA," "," "," ",NA," "," "," ",-33," "," ","0",-100," "," ","0",-111," "," ","0",-28," ","I","0",-61," "," ","0",-33," ","I","0",-83," "," ","0",-22," "," ","0",0," "," ","0",NA," "," "," "
"4164","USC00413787",2003,11,"TOBS",28," "," ","0",144," "," ","0",67," "," ","0",33," "," ","0",17," "," ","0",-22," "," ","0",-67," "," ","0",28," "," ","0",56," "," ","0",83," "," ","0",161," "," ","0",61," "," ","0",22," "," ","0",44," "," ","0",11," "," ","0",78," "," ","0",44," "," ","0",0," "," ","0",-11," "," ","0",NA," "," "," ",NA," "," "," ",-22," "," ","0",-78," "," ","0",-106," ","I","0",17," "," ","0",-44," ","I","0",50," "," ","0",28," "," ","0",39," "," ","0",39," "," ","0",NA," "," "," "
"4165","USC00413787",2003,11,"PRCP",0,"P"," ","0",0,"P"," ","0",0,"P"," ","0",0,"P"," ","0",0,"P"," ","0",0,"P"," ","0",0,"P"," ","0",0,"P"," ","0",0,"P"," ","0",0,"P"," ","0",0,"P"," ","0",0,"P"," ","0",64," "," ","0",0,"P"," ","0",0,"P"," ","0",0,"P"," ","0",0,"P"," ","0",0,"P"," ","0",0,"P"," ","0",0,"P"," ","0",0,"P"," ","0",0,"P"," ","0",0,"P"," ","0",0,"P"," ","0",0,"P"," ","0",0,"P"," ","0",0,"P"," ","0",0,"P"," ","0",0,"P"," ","0",0,"P"," ","0",NA," "," "," "
"4166","USC00413787",2003,11,"SNOW",0,"P"," ","0",0,"P"," ","0",0,"P"," ","0",0,"P"," ","0",0,"P"," ","0",0,"P"," ","0",0,"P"," ","0",0,"P"," ","0",0,"P"," ","0",0,"P"," ","0",0,"P"," ","0",0,"P"," ","0",0,"P"," ","0",0,"P"," ","0",0,"P"," ","0",0,"P"," ","0",0,"P"," ","0",0,"P"," ","0",0,"P"," ","0",0,"P"," ","0",0,"P"," ","0",0,"P"," ","0",0,"P"," ","0",0,"P"," ","0",0,"P"," ","0",0,"P"," ","0",0,"P"," ","0",0,"P"," ","0",0,"P"," ","0",0,"P"," ","0",NA," "," "," "
"4167","USC00413787",2003,11,"SNWD",NA," "," "," ",0,"P"," ","0",0,"P"," ","0",0,"P"," ","0",0,"P"," ","0",0,"P"," ","0",0,"P"," ","0",0,"P"," ","0",0,"P"," ","0",0,"P"," ","0",0,"P"," ","0",0,"P"," ","0",0,"P"," ","0",0,"P"," ","0",0,"P"," ","0",0,"P"," ","0",0,"P"," ","0",0,"P"," ","0",0,"P"," ","0",0,"P"," ","0",0,"P"," ","0",0,"P"," ","0",0,"P"," ","0",0,"P"," ","0",0,"P"," ","0",0,"P"," ","0",0,"P"," ","0",0,"P"," ","0",0,"P"," ","0",0,"P"," ","0",NA," "," "," "
"4168","USC00413787",2003,12,"TMAX",206," "," ","0",106," "," ","0",172," "," ","0",133," "," ","0",144," "," ","0",44," "," ","0",100," "," ","0",250," "," ","0",189," "," ","0",6," "," ","0",56," "," ","0",-56," "," ","0",-56," "," ","0",111," "," ","0",133," "," ","0",117," "," ","0",50," "," ","0",172," "," ","0",83," "," ","0",156," "," ","0",161," "," ","0",161," "," ","0",56," "," ","0",78," "," ","0",133," "," ","0",167," "," ","0",211," "," ","0",117," "," ","0",44," "," ","0",178," "," ","0",NA," "," "," "
"4169","USC00413787",2003,12,"TMIN",-22," "," ","0",22," ","I","0",11," "," ","0",-39," "," ","0",-67," "," ","0",-78," "," ","0",-39," "," ","0",39," ","I","0",-39," "," ","0",-94," "," ","0",-83," "," ","0",-94," "," ","0",-83," "," ","0",-56," ","I","0",44," "," ","0",-39," "," ","0",-78," "," ","0",-67," "," ","0",-67," "," ","0",-28," ","I","0",0," "," ","0",-11," "," ","0",-50," "," ","0",-50," "," ","0",-50," "," ","0",-22," "," ","0",-11," ","I","0",-33," "," ","0",-72," "," ","0",-33," ","I","0",NA," "," "," "
"4170","USC00413787",2003,12,"TOBS",-22," ","I","0",56," "," ","0",28," "," ","0",-33," "," ","0",-67," "," ","0",-39," "," ","0",-39," ","I","0",83," "," ","0",-28," "," ","0",-89," "," ","0",-78," "," ","0",-78," "," ","0",-72," ","I","0",72," "," ","0",50," "," ","0",-33," "," ","0",-67," "," ","0",-56," "," ","0",-67," ","I","0",6," "," ","0",44," "," ","0",22," "," ","0",-39," "," ","0",-50," "," ","0",22," "," ","0",-22," ","I","0",-11," "," ","0",-22," "," ","0",-61," ","I","0",-22," "," ","0",NA," "," "," "
"4171","USC00413787",2003,12,"PRCP",0,"P"," ","0",0,"P"," ","0",0,"P"," ","0",0,"P"," ","0",0,"P"," ","0",0,"P"," ","0",0,"P"," ","0",0,"P"," ","0",0,"P"," ","0",23," "," ","0",0,"P"," ","0",0,"P"," ","0",25," "," ","0",0,"P"," ","0",0,"P"," ","0",0,"P"," ","0",0,"P"," ","0",0,"P"," ","0",0,"P"," ","0",0,"P"," ","0",0,"P"," ","0",0,"P"," ","0",41," "," ","0",0,"P"," ","0",0,"P"," ","0",0,"P"," ","0",0,"P"," ","0",0,"P"," ","0",0,"P"," ","0",0,"P"," ","0",0,"P"," ","0"
"4172","USC00413787",2003,12,"SNOW",0,"P"," ","0",0,"P"," ","0",0,"P"," ","0",0,"P"," ","0",0,"P"," ","0",0,"P"," ","0",0,"P"," ","0",0,"P"," ","0",0,"P"," ","0",38," "," ","0",0,"P"," ","0",0,"P"," ","0",25," "," ","0",0,"P"," ","0",0,"P"," ","0",0,"P"," ","0",0,"P"," ","0",0,"P"," ","0",0,"P"," ","0",0,"P"," ","0",0,"P"," ","0",0,"P"," ","0",0,"P"," ","0",0,"P"," ","0",0,"P"," ","0",0,"P"," ","0",0,"P"," ","0",0,"P"," ","0",0,"P"," ","0",0,"P"," ","0",0,"P"," ","0"
"4173","USC00413787",2003,12,"SNWD",0,"P"," ","0",0,"P"," ","0",0,"P"," ","0",0,"P"," ","0",0,"P"," ","0",0,"P"," ","0",0,"P"," ","0",0,"P"," ","0",0,"P"," ","0",NA," "," "," ",NA," "," "," ",NA," "," "," ",NA," "," "," ",NA," "," "," ",NA," "," "," ",0,"P"," ","0",0,"P"," ","0",0,"P"," ","0",0,"P"," ","0",0,"P"," ","0",0,"P"," ","0",0,"P"," ","0",0,"P"," ","0",0,"P"," ","0",0,"P"," ","0",0,"P"," ","0",0,"P"," ","0",0,"P"," ","0",0,"P"," ","0",0,"P"," ","0",0,"P"," ","0"
"4174","USC00413787",2004,1,"TMAX",94," "," ","0",178," "," ","0",200," "," ","0",56," "," ","0",50," "," ","0",-33," "," ","0",-28," "," ","0",117," "," ","0",150," "," ","0",144," "," ","0",161," "," ","0",183," "," ","0",100," "," ","0",128," "," ","0",139," "," ","0",144," "," ","0",150," "," ","0",83," "," ","0",22," "," ","0",22," "," ","0",33," "," ","0",78," "," ","0",67," "," ","0",178," "," ","0",94," "," ","0",78," "," ","0",78," "," ","0",61," "," ","0",89," "," ","0",100," "," ","0",150," "," ","0"
"4175","USC00413787",2004,1,"TMIN",-33," "," ","0",28," "," ","0",-33," "," ","0",-89," "," ","0",-150," "," ","0",-189," "," ","0",-178," "," ","0",-83," "," ","0",-61," "," ","0",-72," "," ","0",-44," "," ","0",-22," "," ","0",6," "," ","0",-17," "," ","0",-17," "," ","0",-11," "," ","0",17," "," ","0",-106," "," ","0",-156," "," ","0",-67," "," ","0",-67," "," ","0",-139," "," ","0",-44," "," ","0",-33," "," ","0",6," "," ","0",-133," "," ","0",-150," "," ","0",-150," "," ","0",-128," "," ","0",-94," ","I","0",-67," ","I","0"
"4176","USC00413787",2004,1,"TOBS",39," "," ","0",94," "," ","0",-17," "," ","0",-44," "," ","0",-144," "," ","0",-122," "," ","0",-61," "," ","0",-33," "," ","0",-61," "," ","0",-44," "," ","0",22," "," ","0",6," "," ","0",11," "," ","0",11," "," ","0",-11," "," ","0",50," "," ","0",22," "," ","0",-44," "," ","0",-67," "," ","0",-33," "," ","0",-61," "," ","0",-44," "," ","0",-33," "," ","0",6," "," ","0",22," "," ","0",-89," "," ","0",-150," "," ","0",-61," "," ","0",-117," ","I","0",-83," ","I","0",-44," "," ","0"
"4177","USC00413787",2004,1,"PRCP",0,"P"," ","0",0,"P"," ","0",0,"P"," ","0",0,"P"," ","0",0,"P"," ","0",0,"P"," ","0",0,"P"," ","0",0,"P"," ","0",0,"P"," ","0",0,"P"," ","0",0,"P"," ","0",0,"P"," ","0",3," "," ","0",0,"P"," ","0",0,"P"," ","0",0,"P"," ","0",5," "," ","0",5," "," ","0",0,"P"," ","0",0,"P"," ","0",5," "," ","0",0,"P"," ","0",0,"P"," ","0",0,"P"," ","0",0,"P"," ","0",0,"P"," ","0",0,"P"," ","0",0,"P"," ","0",0,"P"," ","0",0,"P"," ","0",0,"P"," ","0"
"4178","USC00413787",2004,1,"SNOW",0,"P"," ","0",0,"P"," ","0",0,"P"," ","0",0,"P"," ","0",0,"P"," ","0",0,"P"," ","0",0,"P"," ","0",0,"P"," ","0",0,"P"," ","0",0,"P"," ","0",0,"P"," ","0",0,"P"," ","0",0,"P"," ","0",0,"P"," ","0",0,"P"," ","0",0,"P"," ","0",0,"P"," ","0",0,"P"," ","0",0,"P"," ","0",0,"P"," ","0",0,"P"," ","0",0,"P"," ","0",0,"P"," ","0",0,"P"," ","0",0,"P"," ","0",0,"P"," ","0",0,"P"," ","0",0,"P"," ","0",0,"P"," ","0",0,"P"," ","0",0,"P"," ","0"
"4179","USC00413787",2004,1,"SNWD",0,"P"," ","0",0,"P"," ","0",0,"P"," ","0",0,"P"," ","0",0,"P"," ","0",0,"P"," ","0",0,"P"," ","0",0,"P"," ","0",0,"P"," ","0",0,"P"," ","0",0,"P"," ","0",0,"P"," ","0",0,"P"," ","0",0,"P"," ","0",0,"P"," ","0",0,"P"," ","0",0,"P"," ","0",0,"P"," ","0",0,"P"," ","0",0,"P"," ","0",0,"P"," ","0",0,"P"," ","0",0,"P"," ","0",0,"P"," ","0",0,"P"," ","0",0,"P"," ","0",0,"P"," ","0",0,"P"," ","0",0,"P"," ","0",0,"P"," ","0",0,"P"," ","0"
"4180","USC00413787",2004,2,"TMAX",28," "," ","0",-17," "," ","0",67," "," ","0",61," "," ","0",6," "," ","0",0," "," ","0",50," "," ","0",100," "," ","0",139," "," ","0",67," "," ","0",100," "," ","0",50," "," ","0",-22," "," ","0",28," "," ","0",100," "," ","0",67," "," ","0",128," "," ","0",156," "," ","0",244," "," ","0",217," "," ","0",217," "," ","0",156," "," ","0",200," "," ","0",200," "," ","0",50," "," ","0",61," "," ","0",172," "," ","0",222," "," ","0",122," "," ","0",NA," "," "," ",NA," "," "," "
"4181","USC00413787",2004,2,"TMIN",-94," "," ","0",-94," "," ","0",-67," ","I","0",-61," "," ","0",-22," "," ","0",-83," "," ","0",-111," "," ","0",-94," "," ","0",-89," "," ","0",-89," "," ","0",-67," ","I","0",-139," "," ","0",-122," "," ","0",-117," "," ","0",-94," "," ","0",-83," "," ","0",-78," "," ","0",11," ","I","0",11," "," ","0",17," "," ","0",-11," "," ","0",33," "," ","0",0," "," ","0",-44," "," ","0",-83," "," ","0",-83," "," ","0",-83," "," ","0",-83," "," ","0",-11," "," ","0",NA," "," "," ",NA," "," "," "
"4182","USC00413787",2004,2,"TOBS",-61," "," ","0",-94," "," ","0",-78," ","I","0",-17," "," ","0",-17," "," ","0",-83," "," ","0",-94," "," ","0",17," "," ","0",-89," "," ","0",-89," ","I","0",-50," "," ","0",-122," "," ","0",-100," "," ","0",-94," "," ","0",-78," "," ","0",-83," "," ","0",-67," ","I","0",39," "," ","0",44," "," ","0",22," "," ","0",28," "," ","0",128," "," ","0",11," "," ","0",-39," "," ","0",-56," "," ","0",-61," "," ","0",33," "," ","0",50," "," ","0",22," "," ","0",NA," "," "," ",NA," "," "," "
"4183","USC00413787",2004,2,"PRCP",0,"P"," ","0",0,"P"," ","0",0,"P"," ","0",0,"P"," ","0",0,"P"," ","0",0,"P"," ","0",0,"P"," ","0",0,"P"," ","0",0,"P"," ","0",0,"P"," ","0",0,"P"," ","0",0,"P"," ","0",0,"P"," ","0",0,"P"," ","0",0,"P"," ","0",0,"P"," ","0",0,"P"," ","0",0,"P"," ","0",0,"P"," ","0",0,"P"," ","0",0,"P"," ","0",0,"P"," ","0",0,"P"," ","0",0,"P"," ","0",0,"P"," ","0",0,"P"," ","0",0,"P"," ","0",0,"P"," ","0",132," "," ","0",NA," "," "," ",NA," "," "," "
"4184","USC00413787",2004,2,"SNOW",0,"P"," ","0",0,"P"," ","0",0,"P"," ","0",0,"P"," ","0",0,"P"," ","0",0,"P"," ","0",0,"P"," ","0",0,"P"," ","0",0,"P"," ","0",0,"P"," ","0",0,"P"," ","0",0,"P"," ","0",0,"P"," ","0",0,"P"," ","0",0,"P"," ","0",0,"P"," ","0",0,"P"," ","0",0,"P"," ","0",0,"P"," ","0",0,"P"," ","0",0,"P"," ","0",0,"P"," ","0",0,"P"," ","0",0,"P"," ","0",0,"P"," ","0",0,"P"," ","0",0,"P"," ","0",0,"P"," ","0",0,"P"," ","0",NA," "," "," ",NA," "," "," "
"4185","USC00413787",2004,2,"SNWD",0,"P"," ","0",0,"P"," ","0",0,"P"," ","0",0,"P"," ","0",0,"P"," ","0",0,"P"," ","0",0,"P"," ","0",0,"P"," ","0",0,"P"," ","0",0,"P"," ","0",0,"P"," ","0",0,"P"," ","0",0,"P"," ","0",0,"P"," ","0",0,"P"," ","0",0,"P"," ","0",0,"P"," ","0",0,"P"," ","0",0,"P"," ","0",0,"P"," ","0",0,"P"," ","0",0,"P"," ","0",0,"P"," ","0",0,"P"," ","0",0,"P"," ","0",0,"P"," ","0",0,"P"," ","0",0,"P"," ","0",0,"P"," ","0",NA," "," "," ",NA," "," "," "
"4186","USC00413787",2004,3,"TMAX",128," "," ","0",128," "," ","0",83," "," ","0",83," "," ","0",39," "," ","0",67," "," ","0",217," "," ","0",128," "," ","0",233," "," ","0",172," "," ","0",228," "," ","0",56," "," ","0",128," "," ","0",167," "," ","0",133," "," ","0",172," "," ","0",206," "," ","0",233," "," ","0",256," "," ","0",306," "," ","0",172," "," ","0",150," "," ","0",244," "," ","0",250," "," ","0",272," "," ","0",283," "," ","0",278," "," ","0",239," "," ","0",244," "," ","0",211," "," ","0",233," "," ","0"
"4187","USC00413787",2004,3,"TMIN",-17," "," ","0",-28," "," ","0",-22," "," ","0",-11," "," ","0",17," "," ","0",-11," "," ","0",6," "," ","0",6," "," ","0",39," ","I","0",67," ","I","0",17," "," ","0",-6," "," ","0",61," ","I","0",11," "," ","0",67," ","I","0",0," "," ","0",22," "," ","0",33," "," ","0",67," "," ","0",44," "," ","0",6," "," ","0",33," "," ","0",28," "," ","0",44," "," ","0",89," "," ","0",89," "," ","0",89," "," ","0",22," "," ","0",0," "," ","0",0," "," ","0",33," "," ","0"
"4188","USC00413787",2004,3,"TOBS",-11," "," ","0",-22," "," ","0",11," "," ","0",28," "," ","0",28," "," ","0",6," "," ","0",39," "," ","0",17," ","I","0",50," ","I","0",78," "," ","0",33," "," ","0",17," ","I","0",67," "," ","0",28," ","I","0",83," "," ","0",28," "," ","0",28," "," ","0",72," "," ","0",122," "," ","0",100," "," ","0",50," "," ","0",56," "," ","0",117," "," ","0",133," "," ","0",111," "," ","0",150," "," ","0",167," "," ","0",67," "," ","0",44," "," ","0",50," "," ","0",56," "," ","0"
"4189","USC00413787",2004,3,"PRCP",0,"P"," ","0",0,"P"," ","0",193," "," ","0",272," "," ","0",30," "," ","0",0,"P"," ","0",0,"P"," ","0",0,"P"," ","0",0,"P"," ","0",0,"P"," ","0",0,"P"," ","0",0,"P"," ","0",0,"P"," ","0",0,"P"," ","0",0,"P"," ","0",0,"P"," ","0",0,"P"," ","0",0,"P"," ","0",0,"P"," ","0",0,"P"," ","0",0,"P"," ","0",0,"P"," ","0",0,"P"," ","0",0,"P"," ","0",0,"P"," ","0",0,"P"," ","0",0,"P"," ","0",8," "," ","0",132," "," ","0",0,"P"," ","0",0,"P"," ","0"
"4190","USC00413787",2004,3,"SNOW",0,"P"," ","0",0,"P"," ","0",0,"P"," ","0",0,"P"," ","0",0,"P"," ","0",0,"P"," ","0",0,"P"," ","0",0,"P"," ","0",0,"P"," ","0",0,"P"," ","0",0,"P"," ","0",0,"P"," ","0",0,"P"," ","0",0,"P"," ","0",0,"P"," ","0",0,"P"," ","0",0,"P"," ","0",0,"P"," ","0",0,"P"," ","0",0,"P"," ","0",0,"P"," ","0",0,"P"," ","0",0,"P"," ","0",0,"P"," ","0",0,"P"," ","0",0,"P"," ","0",0,"P"," ","0",0,"P"," ","0",0,"P"," ","0",0,"P"," ","0",0,"P"," ","0"
"4191","USC00413787",2004,3,"SNWD",0,"P"," ","0",0,"P"," ","0",0,"P"," ","0",0,"P"," ","0",0,"P"," ","0",0,"P"," ","0",0,"P"," ","0",0,"P"," ","0",0,"P"," ","0",0,"P"," ","0",0,"P"," ","0",0,"P"," ","0",0,"P"," ","0",0,"P"," ","0",0,"P"," ","0",0,"P"," ","0",0,"P"," ","0",0,"P"," ","0",0,"P"," ","0",0,"P"," ","0",0,"P"," ","0",0,"P"," ","0",0,"P"," ","0",0,"P"," ","0",0,"P"," ","0",0,"P"," ","0",0,"P"," ","0",0,"P"," ","0",0,"P"," ","0",0,"P"," ","0",0,"P"," ","0"
"4192","USC00413787",2004,4,"TMAX",233," "," ","0",283," "," ","0",222," "," ","0",178," "," ","0",144," "," ","0",189," "," ","0",122," "," ","0",183," "," ","0",178," "," ","0",178," "," ","0",61," "," ","0",100," "," ","0",61," "," ","0",178," "," ","0",256," "," ","0",272," "," ","0",294," "," ","0",256," "," ","0",289," "," ","0",244," "," ","0",244," "," ","0",244," "," ","0",183," "," ","0",83," "," ","0",183," "," ","0",189," "," ","0",222," "," ","0",289," "," ","0",289," "," ","0",150," "," ","0",NA," "," "," "
"4193","USC00413787",2004,4,"TMIN",44," "," ","0",50," "," ","0",72," "," ","0",22," "," ","0",28," "," ","0",72," "," ","0",22," "," ","0",28," "," ","0",56," "," ","0",6," "," ","0",0," "," ","0",0," "," ","0",-50," "," ","0",-39," "," ","0",61," "," ","0",61," "," ","0",78," "," ","0",139," ","I","0",61," "," ","0",67," "," ","0",61," "," ","0",78," "," ","0",67," "," ","0",39," "," ","0",50," "," ","0",33," "," ","0",44," "," ","0",106," "," ","0",100," "," ","0",22," "," ","0",NA," "," "," "
"4194","USC00413787",2004,4,"TOBS",83," "," ","0",78," "," ","0",72," "," ","0",22," "," ","0",72," "," ","0",100," "," ","0",83," "," ","0",72," "," ","0",78," "," ","0",28," "," ","0",11," "," ","0",17," "," ","0",-39," "," ","0",61," "," ","0",100," "," ","0",78," "," ","0",122," ","I","0",167," "," ","0",67," "," ","0",94," "," ","0",83," "," ","0",89," "," ","0",72," "," ","0",44," "," ","0",56," "," ","0",44," "," ","0",100," "," ","0",106," "," ","0",111," "," ","0",33," "," ","0",NA," "," "," "
"4195","USC00413787",2004,4,"PRCP",0,"P"," ","0",0,"P"," ","0",0,"P"," ","0",15," "," ","0",0,"P"," ","0",0,"P"," ","0",175," "," ","0",0,"P"," ","0",130," "," ","0",102," "," ","0",25," "," ","0",0,"P"," ","0",0,"P"," ","0",0,"P"," ","0",0,"P"," ","0",0,"P"," ","0",0,"P"," ","0",0,"P"," ","0",0,"P"," ","0",64," "," ","0",0,"P"," ","0",0,"P"," ","0",0,"P"," ","0",48," "," ","0",0,"P"," ","0",0,"P"," ","0",0,"P"," ","0",0,"P"," ","0",0,"P"," ","0",0,"P"," ","0",NA," "," "," "
"4196","USC00413787",2004,4,"SNOW",0,"P"," ","0",0,"P"," ","0",0,"P"," ","0",0,"P"," ","0",0,"P"," ","0",0,"P"," ","0",0,"P"," ","0",0,"P"," ","0",0,"P"," ","0",0,"P"," ","0",0,"P"," ","0",0,"P"," ","0",0,"P"," ","0",0,"P"," ","0",0,"P"," ","0",0,"P"," ","0",0,"P"," ","0",0,"P"," ","0",0,"P"," ","0",0,"P"," ","0",0,"P"," ","0",0,"P"," ","0",0,"P"," ","0",0,"P"," ","0",0,"P"," ","0",0,"P"," ","0",0,"P"," ","0",0,"P"," ","0",0,"P"," ","0",0,"P"," ","0",NA," "," "," "
"4197","USC00413787",2004,4,"SNWD",0,"P"," ","0",0,"P"," ","0",0,"P"," ","0",0,"P"," ","0",0,"P"," ","0",0,"P"," ","0",0,"P"," ","0",0,"P"," ","0",0,"P"," ","0",0,"P"," ","0",0,"P"," ","0",0,"P"," ","0",0,"P"," ","0",0,"P"," ","0",0,"P"," ","0",0,"P"," ","0",0,"P"," ","0",0,"P"," ","0",0,"P"," ","0",0,"P"," ","0",0,"P"," ","0",0,"P"," ","0",0,"P"," ","0",0,"P"," ","0",0,"P"," ","0",0,"P"," ","0",0,"P"," ","0",0,"P"," ","0",0,"P"," ","0",0,"P"," ","0",NA," "," "," "
"4198","USC00413787",2004,5,"TMAX",89," "," ","0",167," "," ","0",272," "," ","0",289," "," ","0",339," "," ","0",NA," "," "," ",339," "," ","0",339," "," ","0",322," "," ","0",311," "," ","0",328," "," ","0",294," "," ","0",306," "," ","0",122," "," ","0",200," "," ","0",267," "," ","0",267," "," ","0",344," "," ","0",344," "," ","0",378," "," ","0",333," "," ","0",344," "," ","0",344," "," ","0",344," "," ","0",344," "," ","0",217," "," ","0",322," "," ","0",344," "," ","0",328," "," ","0",339," "," ","0",244," "," ","0"
"4199","USC00413787",2004,5,"TMIN",11," "," ","0",33," "," ","0",44," "," ","0",94," ","I","0",133," ","I","0",NA," "," "," ",133," "," ","0",139," "," ","0",144," "," ","0",156," "," ","0",161," "," ","0",144," "," ","0",67," "," ","0",22," "," ","0",78," ","I","0",100," "," ","0",156," "," ","0",133," "," ","0",150," "," ","0",156," "," ","0",156," "," ","0",111," "," ","0",133," "," ","0",161," "," ","0",133," "," ","0",150," "," ","0",144," "," ","0",122," "," ","0",167," "," ","0",133," "," ","0",61," "," ","0"
"4200","USC00413787",2004,5,"TOBS",72," "," ","0",133," "," ","0",56," ","I","0",117," ","I","0",133," "," ","0",NA," "," "," ",144," "," ","0",167," "," ","0",167," "," ","0",167," "," ","0",172," "," ","0",167," "," ","0",67," "," ","0",33," ","I","0",100," "," ","0",150," "," ","0",167," "," ","0",156," "," ","0",189," "," ","0",189," "," ","0",183," "," ","0",133," "," ","0",167," "," ","0",178," "," ","0",150," "," ","0",194," "," ","0",150," "," ","0",167," "," ","0",217," "," ","0",167," "," ","0",117," "," ","0"
"4201","USC00413787",2004,5,"PRCP",0,"P"," ","0",0,"P"," ","0",0,"P"," ","0",0,"P"," ","0",0,"P"," ","0",0,"P"," ","0",0,"P"," ","0",0,"P"," ","0",0,"P"," ","0",0,"P"," ","0",0,"P"," ","0",0,"P"," ","0",0,"P"," ","0",0,"P"," ","0",0,"P"," ","0",0,"P"," ","0",0,"P"," ","0",0,"P"," ","0",0,"P"," ","0",0,"P"," ","0",0,"P"," ","0",0,"P"," ","0",0,"P"," ","0",0,"P"," ","0",0,"P"," ","0",0,"P"," ","0",0,"P"," ","0",0,"P"," ","0",0,"P"," ","0",0,"P"," ","0",0,"P"," ","0"
"4202","USC00413787",2004,5,"SNOW",0,"P"," ","0",0,"P"," ","0",0,"P"," ","0",0,"P"," ","0",0,"P"," ","0",0,"P"," ","0",0,"P"," ","0",0,"P"," ","0",0,"P"," ","0",0,"P"," ","0",0,"P"," ","0",0,"P"," ","0",0,"P"," ","0",0,"P"," ","0",0,"P"," ","0",0,"P"," ","0",0,"P"," ","0",0,"P"," ","0",0,"P"," ","0",0,"P"," ","0",0,"P"," ","0",0,"P"," ","0",0,"P"," ","0",0,"P"," ","0",0,"P"," ","0",0,"P"," ","0",0,"P"," ","0",0,"P"," ","0",0,"P"," ","0",0,"P"," ","0",0,"P"," ","0"
"4203","USC00413787",2004,5,"SNWD",0,"P"," ","0",0,"P"," ","0",0,"P"," ","0",0,"P"," ","0",0,"P"," ","0",0,"P"," ","0",0,"P"," ","0",0,"P"," ","0",0,"P"," ","0",0,"P"," ","0",0,"P"," ","0",0,"P"," ","0",0,"P"," ","0",0,"P"," ","0",0,"P"," ","0",0,"P"," ","0",0,"P"," ","0",0,"P"," ","0",0,"P"," ","0",0,"P"," ","0",0,"P"," ","0",0,"P"," ","0",0,"P"," ","0",0,"P"," ","0",0,"P"," ","0",0,"P"," ","0",0,"P"," ","0",0,"P"," ","0",0,"P"," ","0",0,"P"," ","0",0,"P"," ","0"
"4204","USC00413787",2004,6,"TMAX",289," "," ","0",317," "," ","0",317," "," ","0",272," "," ","0",333," "," ","0",322," "," ","0",333," "," ","0",361," "," ","0",306," "," ","0",311," "," ","0",356," "," ","0",339," "," ","0",361," "," ","0",328," "," ","0",389," "," ","0",339," "," ","0",339," "," ","0",267," "," ","0",278," "," ","0",233," "," ","0",294," "," ","0",278," "," ","0",267," "," ","0",289," "," ","0",328," "," ","0",206," "," ","0",267," "," ","0",267," "," ","0",244," "," ","0",178," "," ","0",NA," "," "," "
"4205","USC00413787",2004,6,"TMIN",100," "," ","0",133," "," ","0",128," "," ","0",139," "," ","0",161," "," ","0",150," "," ","0",183," "," ","0",200," "," ","0",194," "," ","0",200," "," ","0",106," "," ","0",150," "," ","0",178," "," ","0",189," "," ","0",200," "," ","0",200," "," ","0",133," "," ","0",150," "," ","0",139," "," ","0",144," "," ","0",144," "," ","0",117," "," ","0",128," "," ","0",156," "," ","0",117," "," ","0",189," ","I","0",194," ","I","0",200," ","I","0",161," "," ","0",172," "," ","0",NA," "," "," "
"4206","USC00413787",2004,6,"TOBS",150," "," ","0",167," "," ","0",139," "," ","0",172," "," ","0",178," "," ","0",194," "," ","0",200," "," ","0",211," "," ","0",206," "," ","0",217," "," ","0",222," "," ","0",178," "," ","0",222," "," ","0",200," "," ","0",306," "," ","0",211," "," ","0",167," "," ","0",161," "," ","0",161," "," ","0",150," "," ","0",261," "," ","0",128," "," ","0",239," "," ","0",172," "," ","0",117," "," ","0",122," ","I","0",172," ","I","0",167," "," ","0",172," "," ","0",178," "," ","0",NA," "," "," "
"4207","USC00413787",2004,6,"PRCP",0,"P"," ","0",0,"P"," ","0",104," "," ","0",0,"P"," ","0",0,"P"," ","0",0,"P"," ","0",0,"P"," ","0",0,"P"," ","0",0,"P"," ","0",0,"P"," ","0",0,"P"," ","0",0,"P"," ","0",0,"P"," ","0",0,"P"," ","0",0,"P"," ","0",0,"P"," ","0",239," "," ","0",76," "," ","0",1179," "," ","0",5," "," ","0",5," "," ","0",198," "," ","0",0,"P"," ","0",0,"P"," ","0",5," "," ","0",0,"P"," ","0",437," "," ","0",328," "," ","0",0,"P"," ","0",254," "," ","0",NA," "," "," "
"4208","USC00413787",2004,6,"SNOW",0,"P"," ","0",0,"P"," ","0",0,"P"," ","0",0,"P"," ","0",0,"P"," ","0",0,"P"," ","0",0,"P"," ","0",0,"P"," ","0",0,"P"," ","0",0,"P"," ","0",0,"P"," ","0",0,"P"," ","0",0,"P"," ","0",0,"P"," ","0",0,"P"," ","0",0,"P"," ","0",0,"P"," ","0",0,"P"," ","0",0,"P"," ","0",0,"P"," ","0",0,"P"," ","0",0,"P"," ","0",0,"P"," ","0",0,"P"," ","0",0,"P"," ","0",0,"P"," ","0",0,"P"," ","0",0,"P"," ","0",0,"P"," ","0",0,"P"," ","0",NA," "," "," "
"4209","USC00413787",2004,6,"SNWD",0,"P"," ","0",0,"P"," ","0",0,"P"," ","0",0,"P"," ","0",0,"P"," ","0",0,"P"," ","0",0,"P"," ","0",0,"P"," ","0",0,"P"," ","0",0,"P"," ","0",0,"P"," ","0",0,"P"," ","0",0,"P"," ","0",0,"P"," ","0",0,"P"," ","0",0,"P"," ","0",0,"P"," ","0",0,"P"," ","0",0,"P"," ","0",0,"P"," ","0",0,"P"," ","0",0,"P"," ","0",0,"P"," ","0",0,"P"," ","0",0,"P"," ","0",0,"P"," ","0",0,"P"," ","0",0,"P"," ","0",0,"P"," ","0",0,"P"," ","0",NA," "," "," "
"4210","USC00413787",2004,7,"TMAX",267," "," ","0",294," "," ","0",322," "," ","0",361," "," ","0",350," "," ","0",333," "," ","0",272," "," ","0",333," "," ","0",367," "," ","0",328," "," ","0",322," "," ","0",339," "," ","0",344," "," ","0",344," "," ","0",361," "," ","0",378," "," ","0",283," "," ","0",256," "," ","0",317," "," ","0",350," "," ","0",350," "," ","0",339," "," ","0",233," "," ","0",183," "," ","0",178," "," ","0",256," "," ","0",294," "," ","0",294," "," ","0",294," "," ","0",328," "," ","0",NA," "," "," "
"4211","USC00413787",2004,7,"TMIN",172," "," ","0",167," "," ","0",133," "," ","0",133," "," ","0",167," ","I","0",167," "," ","0",189," ","I","0",194," "," ","0",200," "," ","0",200," "," ","0",211," "," ","0",228," "," ","0",178," "," ","0",178," "," ","0",189," "," ","0",194," "," ","0",194," "," ","0",183," "," ","0",206," "," ","0",228," "," ","0",206," "," ","0",144," "," ","0",122," "," ","0",61," "," ","0",128," "," ","0",161," ","I","0",144," "," ","0",144," "," ","0",144," "," ","0",156," "," ","0",NA," "," "," "
"4212","USC00413787",2004,7,"TOBS",183," "," ","0",178," "," ","0",144," "," ","0",144," ","I","0",189," "," ","0",178," ","I","0",194," "," ","0",217," "," ","0",217," "," ","0",222," "," ","0",222," "," ","0",261," "," ","0",222," "," ","0",200," "," ","0",200," "," ","0",206," "," ","0",206," "," ","0",233," "," ","0",228," "," ","0",272," "," ","0",222," "," ","0",178," "," ","0",167," "," ","0",139," "," ","0",133," "," ","0",133," ","I","0",161," "," ","0",161," "," ","0",161," "," ","0",194," "," ","0",NA," "," "," "
"4213","USC00413787",2004,7,"PRCP",3," "," ","0",0,"P"," ","0",0,"P"," ","0",0,"P"," ","0",0,"P"," ","0",0,"P"," ","0",0,"P"," ","0",0,"P"," ","0",0,"P"," ","0",0,"P"," ","0",0,"P"," ","0",0,"P"," ","0",0,"P"," ","0",0,"P"," ","0",0,"P"," ","0",0,"P"," ","0",0,"P"," ","0",13," "," ","0",0,"P"," ","0",0,"P"," ","0",0,"P"," ","0",457," "," ","0",13," "," ","0",25," "," ","0",0,"P"," ","0",0,"P"," ","0",533," "," ","0",0,"P"," ","0",0,"P"," ","0",0,"P"," ","0",0,"P"," ","0"
"4214","USC00413787",2004,7,"SNOW",0,"P"," ","0",0,"P"," ","0",0,"P"," ","0",0,"P"," ","0",0,"P"," ","0",0,"P"," ","0",0,"P"," ","0",0,"P"," ","0",0,"P"," ","0",0,"P"," ","0",0,"P"," ","0",0,"P"," ","0",0,"P"," ","0",0,"P"," ","0",0,"P"," ","0",0,"P"," ","0",0,"P"," ","0",0,"P"," ","0",0,"P"," ","0",0,"P"," ","0",0,"P"," ","0",0,"P"," ","0",0,"P"," ","0",0,"P"," ","0",0,"P"," ","0",0,"P"," ","0",0,"P"," ","0",0,"P"," ","0",0,"P"," ","0",0,"P"," ","0",0,"P"," ","0"
"4215","USC00413787",2004,7,"SNWD",0,"P"," ","0",0,"P"," ","0",0,"P"," ","0",0,"P"," ","0",0,"P"," ","0",0,"P"," ","0",0,"P"," ","0",0,"P"," ","0",0,"P"," ","0",0,"P"," ","0",0,"P"," ","0",0,"P"," ","0",0,"P"," ","0",0,"P"," ","0",0,"P"," ","0",0,"P"," ","0",0,"P"," ","0",0,"P"," ","0",0,"P"," ","0",0,"P"," ","0",0,"P"," ","0",0,"P"," ","0",0,"P"," ","0",0,"P"," ","0",0,"P"," ","0",0,"P"," ","0",0,"P"," ","0",0,"P"," ","0",0,"P"," ","0",0,"P"," ","0",0,"P"," ","0"
"4216","USC00413787",2004,8,"TMAX",350," "," ","0",356," "," ","0",350," "," ","0",361," "," ","0",361," "," ","0",289," "," ","0",256," "," ","0",294," "," ","0",300," "," ","0",306," "," ","0",228," "," ","0",278," "," ","0",267," "," ","0",256," "," ","0",267," "," ","0",294," "," ","0",306," "," ","0",283," "," ","0",178," "," ","0",244," "," ","0",294," "," ","0",322," "," ","0",356," "," ","0",333," "," ","0",344," "," ","0",361," "," ","0",283," "," ","0",261," "," ","0",306," "," ","0",278," "," ","0",NA," "," "," "
"4217","USC00413787",2004,8,"TMIN",189," "," ","0",194," "," ","0",206," "," ","0",178," "," ","0",167," "," ","0",172," "," ","0",172," "," ","0",183," "," ","0",189," "," ","0",150," "," ","0",156," "," ","0",139," "," ","0",144," "," ","0",139," "," ","0",144," "," ","0",156," "," ","0",183," ","I","0",178," "," ","0",128," "," ","0",128," "," ","0",172," "," ","0",111," "," ","0",72," "," ","0",161," "," ","0",144," "," ","0",150," "," ","0",133," "," ","0",139," "," ","0",172," "," ","0",133," "," ","0",NA," "," "," "
"4218","USC00413787",2004,8,"TOBS",233," "," ","0",200," "," ","0",222," "," ","0",217," "," ","0",200," "," ","0",172," "," ","0",183," "," ","0",228," "," ","0",194," "," ","0",161," "," ","0",172," "," ","0",144," "," ","0",156," "," ","0",167," "," ","0",167," "," ","0",161," ","I","0",178," "," ","0",172," "," ","0",128," "," ","0",167," "," ","0",172," "," ","0",178," "," ","0",161," "," ","0",172," "," ","0",156," "," ","0",167," "," ","0",161," "," ","0",189," "," ","0",172," "," ","0",133," "," ","0",NA," "," "," "
"4219","USC00413787",2004,8,"PRCP",0,"P"," ","0",0,"P"," ","0",0,"P"," ","0",0,"P"," ","0",0,"P"," ","0",51," "," ","0",0,"P"," ","0",279," "," ","0",0,"P"," ","0",160," "," ","0",NA," "," "," ",0,"P"," ","0",0,"P"," ","0",NA," "," "," ",0,"P"," ","0",0,"P"," ","0",0,"P"," ","0",0,"P"," ","0",0,"P"," ","0",0,"P"," ","0",0,"P"," ","0",0,"P"," ","0",0,"P"," ","0",0,"P"," ","0",0,"P"," ","0",0,"P"," ","0",0,"P"," ","0",13," "," ","0",0,"P"," ","0",0,"P"," ","0",0,"P"," ","0"
"4220","USC00413787",2004,8,"SNOW",0,"P"," ","0",0,"P"," ","0",0,"P"," ","0",0,"P"," ","0",0,"P"," ","0",0,"P"," ","0",0,"P"," ","0",0,"P"," ","0",0,"P"," ","0",0,"P"," ","0",0,"P"," ","0",0,"P"," ","0",0,"P"," ","0",0,"P"," ","0",0,"P"," ","0",0,"P"," ","0",0,"P"," ","0",0,"P"," ","0",0,"P"," ","0",0,"P"," ","0",0,"P"," ","0",0,"P"," ","0",0,"P"," ","0",0,"P"," ","0",0,"P"," ","0",0,"P"," ","0",0,"P"," ","0",0,"P"," ","0",0,"P"," ","0",0,"P"," ","0",0,"P"," ","0"
"4221","USC00413787",2004,8,"SNWD",0,"P"," ","0",0,"P"," ","0",0,"P"," ","0",0,"P"," ","0",0,"P"," ","0",0,"P"," ","0",0,"P"," ","0",0,"P"," ","0",0,"P"," ","0",0,"P"," ","0",0,"P"," ","0",0,"P"," ","0",0,"P"," ","0",0,"P"," ","0",0,"P"," ","0",0,"P"," ","0",0,"P"," ","0",0,"P"," ","0",0,"P"," ","0",0,"P"," ","0",0,"P"," ","0",0,"P"," ","0",0,"P"," ","0",0,"P"," ","0",0,"P"," ","0",0,"P"," ","0",0,"P"," ","0",0,"P"," ","0",0,"P"," ","0",0,"P"," ","0",0,"P"," ","0"
"4222","USC00413787",2004,9,"TMAX",306," "," ","0",311," "," ","0",317," "," ","0",311," "," ","0",311," "," ","0",300," "," ","0",283," "," ","0",283," "," ","0",289," "," ","0",317," "," ","0",322," "," ","0",328," "," ","0",350," "," ","0",344," "," ","0",344," "," ","0",261," "," ","0",322," "," ","0",322," "," ","0",333," "," ","0",283," "," ","0",283," "," ","0",294," "," ","0",139," "," ","0",233," "," ","0",256," "," ","0",256," "," ","0",200," "," ","0",244," "," ","0",167," "," ","0",233," "," ","0",NA," "," "," "
"4223","USC00413787",2004,9,"TMIN",133," "," ","0",144," "," ","0",156," "," ","0",144," "," ","0",178," "," ","0",100," "," ","0",106," "," ","0",94," "," ","0",100," "," ","0",111," "," ","0",144," ","I","0",117," "," ","0",161," "," ","0",183," "," ","0",144," "," ","0",144," "," ","0",144," "," ","0",183," "," ","0",194," "," ","0",189," "," ","0",178," "," ","0",139," "," ","0",61," "," ","0",72," "," ","0",89," "," ","0",94," "," ","0",133," "," ","0",133," "," ","0",111," "," ","0",122," "," ","0",NA," "," "," "
"4224","USC00413787",2004,9,"TOBS",144," "," ","0",156," "," ","0",161," "," ","0",178," "," ","0",183," "," ","0",111," "," ","0",117," "," ","0",100," "," ","0",111," "," ","0",117," "," ","0",117," "," ","0",161," "," ","0",183," "," ","0",206," "," ","0",144," "," ","0",167," "," ","0",183," "," ","0",217," "," ","0",222," "," ","0",194," "," ","0",200," "," ","0",139," "," ","0",72," "," ","0",89," "," ","0",122," "," ","0",156," "," ","0",139," "," ","0",139," "," ","0",117," "," ","0",139," "," ","0",NA," "," "," "
"4225","USC00413787",2004,9,"PRCP",0,"P"," ","0",0,"P"," ","0",0,"P"," ","0",0,"P"," ","0",10," "," ","0",0,"P"," ","0",0,"P"," ","0",0,"P"," ","0",0,"P"," ","0",0,"P"," ","0",0,"P"," ","0",0,"P"," ","0",0,"P"," ","0",0,"P"," ","0",0,"P"," ","0",0,"P"," ","0",0,"P"," ","0",0,"P"," ","0",0,"P"," ","0",0,"P"," ","0",0,"P"," ","0",76," "," ","0",483," "," ","0",0,"P"," ","0",0,"P"," ","0",51," "," ","0",0,"P"," ","0",145," "," ","0",0,"P"," ","0",0,"P"," ","0",NA," "," "," "
"4226","USC00413787",2004,9,"SNOW",0,"P"," ","0",0,"P"," ","0",0,"P"," ","0",0,"P"," ","0",0,"P"," ","0",0,"P"," ","0",0,"P"," ","0",0,"P"," ","0",0,"P"," ","0",0,"P"," ","0",0,"P"," ","0",0,"P"," ","0",0,"P"," ","0",0,"P"," ","0",0,"P"," ","0",0,"P"," ","0",0,"P"," ","0",0,"P"," ","0",0,"P"," ","0",0,"P"," ","0",0,"P"," ","0",0,"P"," ","0",0,"P"," ","0",0,"P"," ","0",0,"P"," ","0",0,"P"," ","0",0,"P"," ","0",0,"P"," ","0",0,"P"," ","0",0,"P"," ","0",NA," "," "," "
"4227","USC00413787",2004,9,"SNWD",0,"P"," ","0",0,"P"," ","0",0,"P"," ","0",0,"P"," ","0",0,"P"," ","0",0,"P"," ","0",0,"P"," ","0",0,"P"," ","0",0,"P"," ","0",0,"P"," ","0",0,"P"," ","0",0,"P"," ","0",0,"P"," ","0",0,"P"," ","0",0,"P"," ","0",0,"P"," ","0",0,"P"," ","0",0,"P"," ","0",0,"P"," ","0",0,"P"," ","0",0,"P"," ","0",0,"P"," ","0",0,"P"," ","0",0,"P"," ","0",0,"P"," ","0",0,"P"," ","0",0,"P"," ","0",0,"P"," ","0",0,"P"," ","0",0,"P"," ","0",NA," "," "," "
"4228","USC00413787",2004,10,"TMAX",261," "," ","0",178," "," ","0",211," "," ","0",NA," "," "," ",261," "," ","0",261," "," ","0",194," "," ","0",200," "," ","0",228," "," ","0",217," "," ","0",178," "," ","0",206," "," ","0",183," "," ","0",133," "," ","0",233," "," ","0",NA," "," "," ",NA," "," "," ",222," "," ","0",244," "," ","0",244," "," ","0",250," "," ","0",278," "," ","0",217," "," ","0",222," "," ","0",261," "," ","0",156," "," ","0",239," "," ","0",156," "," ","0",206," "," ","0",200," "," ","0",NA," "," "," "
"4229","USC00413787",2004,10,"TMIN",139," "," ","0",33," "," ","0",39," "," ","0",NA," "," "," ",94," "," ","0",94," "," ","0",139," ","I","0",89," "," ","0",89," "," ","0",100," ","I","0",117," "," ","0",83," "," ","0",11," "," ","0",72," ","I","0",78," "," ","0",NA," "," "," ",NA," "," "," ",83," "," ","0",44," "," ","0",44," "," ","0",44," "," ","0",111," "," ","0",22," "," ","0",22," "," ","0",39," "," ","0",39," "," ","0",89," "," ","0",150," ","I","0",50," "," ","0",22," "," ","0",NA," "," "," "
"4230","USC00413787",2004,10,"TOBS",172," "," ","0",56," "," ","0",106," "," ","0",NA," "," "," ",111," "," ","0",100," ","I","0",144," "," ","0",89," "," ","0",89," ","I","0",117," "," ","0",117," "," ","0",94," "," ","0",44," "," ","0",61," ","I","0",89," "," ","0",NA," "," "," ",NA," "," "," ",83," "," ","0",56," "," ","0",44," "," ","0",111," "," ","0",178," "," ","0",22," "," ","0",50," "," ","0",39," "," ","0",89," "," ","0",94," ","I","0",156," "," ","0",89," "," ","0",56," "," ","0",NA," "," "," "
"4231","USC00413787",2004,10,"PRCP",0,"P"," ","0",0,"P"," ","0",0,"P"," ","0",0,"P"," ","0",0,"P"," ","0",84," "," ","0",0,"P"," ","0",0,"P"," ","0",56," "," ","0",0,"P"," ","0",0,"P"," ","0",38," "," ","0",0,"P"," ","0",0,"P"," ","0",0,"P"," ","0",0,"P"," ","0",0,"P"," ","0",0,"P"," ","0",0,"P"," ","0",0,"P"," ","0",0,"P"," ","0",0,"P"," ","0",0,"P"," ","0",0,"P"," ","0",0,"P"," ","0",81," "," ","0",0,"P"," ","0",8," "," ","0",0,"P"," ","0",0,"P"," ","0",0,"P"," ","0"
"4232","USC00413787",2004,10,"SNOW",0,"P"," ","0",0,"P"," ","0",0,"P"," ","0",0,"P"," ","0",0,"P"," ","0",0,"P"," ","0",0,"P"," ","0",0,"P"," ","0",0,"P"," ","0",0,"P"," ","0",0,"P"," ","0",0,"P"," ","0",0,"P"," ","0",0,"P"," ","0",0,"P"," ","0",0,"P"," ","0",0,"P"," ","0",0,"P"," ","0",0,"P"," ","0",0,"P"," ","0",0,"P"," ","0",0,"P"," ","0",0,"P"," ","0",0,"P"," ","0",0,"P"," ","0",0,"P"," ","0",0,"P"," ","0",0,"P"," ","0",0,"P"," ","0",0,"P"," ","0",0,"P"," ","0"
"4233","USC00413787",2004,10,"SNWD",0,"P"," ","0",0,"P"," ","0",0,"P"," ","0",0,"P"," ","0",0,"P"," ","0",0,"P"," ","0",0,"P"," ","0",0,"P"," ","0",0,"P"," ","0",0,"P"," ","0",0,"P"," ","0",0,"P"," ","0",0,"P"," ","0",0,"P"," ","0",0,"P"," ","0",0,"P"," ","0",0,"P"," ","0",0,"P"," ","0",0,"P"," ","0",0,"P"," ","0",0,"P"," ","0",0,"P"," ","0",0,"P"," ","0",0,"P"," ","0",0,"P"," ","0",0,"P"," ","0",0,"P"," ","0",0,"P"," ","0",0,"P"," ","0",0,"P"," ","0",0,"P"," ","0"
"4234","USC00413787",2004,11,"TMAX",61," "," ","0",67," "," ","0",39," "," ","0",94," "," ","0",133," "," ","0",222," "," ","0",228," "," ","0",206," "," ","0",194," "," ","0",144," "," ","0",117," "," ","0",83," "," ","0",83," "," ","0",28," "," ","0",NA," "," "," ",NA," "," "," ",NA," "," "," ",144," "," ","0",67," ","I","0",117," "," ","0",56," "," ","0",56," "," ","0",133," "," ","0",39," ","I","0",94," "," ","0",150," "," ","0",167," "," ","0",78," "," ","0",117," "," ","0",-28," "," ","0",NA," "," "," "
"4235","USC00413787",2004,11,"TMIN",56," "," ","0",-6," "," ","0",-44," "," ","0",17," ","I","0",0," "," ","0",128," ","I","0",72," "," ","0",50," "," ","0",61," "," ","0",72," "," ","0",6," "," ","0",-6," "," ","0",0," "," ","0",0," "," ","0",NA," "," "," ",NA," "," "," ",NA," "," "," ",89," "," ","0",61," "," ","0",33," "," ","0",17," "," ","0",11," "," ","0",39," "," ","0",-17," "," ","0",-17," "," ","0",0," "," ","0",-11," "," ","0",0," "," ","0",-33," "," ","0",-117," "," ","0",NA," "," "," "
"4236","USC00413787",2004,11,"TOBS",61," "," ","0",6," "," ","0",-39," ","I","0",44," "," ","0",39," ","I","0",150," "," ","0",117," "," ","0",61," "," ","0",78," "," ","0",78," "," ","0",11," "," ","0",0," "," ","0",17," "," ","0",6," "," ","0",NA," "," "," ",NA," "," "," ",NA," "," "," ",89," "," ","0",61," "," ","0",33," "," ","0",17," "," ","0",44," "," ","0",56," ","I","0",-17," "," ","0",17," "," ","0",17," "," ","0",17," "," ","0",6," "," ","0",-33," "," ","0",-117," ","I","0",NA," "," "," "
"4237","USC00413787",2004,11,"PRCP",0,"P"," ","0",102," "," ","0",0,"P"," ","0",0,"P"," ","0",0,"P"," ","0",0,"P"," ","0",0,"P"," ","0",0,"P"," ","0",0,"P"," ","0",389," "," ","0",0,"P"," ","0",0,"P"," ","0",0,"P"," ","0",102," "," ","0",NA," "," "," ",NA," "," "," ",NA," "," "," ",NA," "," "," ",0,"P"," ","0",0,"P"," ","0",178," "," ","0",0,"P"," ","0",137," "," ","0",330," "," ","0",0,"P"," ","0",0,"P"," ","0",0,"P"," ","0",0,"P"," ","0",145," "," ","0",51," "," ","0",NA," "," "," "
"4238","USC00413787",2004,11,"SNOW",0,"P"," ","0",0,"P"," ","0",0,"P"," ","0",0,"P"," ","0",0,"P"," ","0",0,"P"," ","0",0,"P"," ","0",0,"P"," ","0",0,"P"," ","0",0,"P"," ","0",0,"P"," ","0",0,"P"," ","0",0,"P"," ","0",0,"P"," ","0",0,"P"," ","0",0,"P"," ","0",0,"P"," ","0",0,"P"," ","0",0,"P"," ","0",0,"P"," ","0",0,"P"," ","0",0,"P"," ","0",0,"P"," ","0",0,"P"," ","0",0,"P"," ","0",0,"P"," ","0",0,"P"," ","0",0,"P"," ","0",0,"P"," ","0",NA," "," "," ",NA," "," "," "
"4239","USC00413787",2004,11,"SNWD",0,"P"," ","0",0,"P"," ","0",0,"P"," ","0",0,"P"," ","0",0,"P"," ","0",0,"P"," ","0",0,"P"," ","0",0,"P"," ","0",0,"P"," ","0",0,"P"," ","0",0,"P"," ","0",0,"P"," ","0",0,"P"," ","0",0,"P"," ","0",0,"P"," ","0",0,"P"," ","0",0,"P"," ","0",0,"P"," ","0",0,"P"," ","0",0,"P"," ","0",0,"P"," ","0",0,"P"," ","0",0,"P"," ","0",0,"P"," ","0",0,"P"," ","0",0,"P"," ","0",0,"P"," ","0",0,"P"," ","0",0,"P"," ","0",0,"P"," ","0",NA," "," "," "
"4240","USC00413787",2004,11,"DAPR",NA," "," "," ",NA," "," "," ",NA," "," "," ",NA," "," "," ",NA," "," "," ",NA," "," "," ",NA," "," "," ",NA," "," "," ",NA," "," "," ",NA," "," "," ",NA," "," "," ",NA," "," "," ",NA," "," "," ",NA," "," "," ",NA," "," "," ",NA," "," "," ",NA," "," "," ",4," "," ","0",NA," "," "," ",NA," "," "," ",NA," "," "," ",NA," "," "," ",NA," "," "," ",NA," "," "," ",NA," "," "," ",NA," "," "," ",NA," "," "," ",NA," "," "," ",NA," "," "," ",NA," "," "," ",NA," "," "," "
"4241","USC00413787",2004,11,"MDPR",NA," "," "," ",NA," "," "," ",NA," "," "," ",NA," "," "," ",NA," "," "," ",NA," "," "," ",NA," "," "," ",NA," "," "," ",NA," "," "," ",NA," "," "," ",NA," "," "," ",NA," "," "," ",NA," "," "," ",NA," "," "," ",NA," "," "," ",NA," "," "," ",NA," "," "," ",94," "," ","0",NA," "," "," ",NA," "," "," ",NA," "," "," ",NA," "," "," ",NA," "," "," ",NA," "," "," ",NA," "," "," ",NA," "," "," ",NA," "," "," ",NA," "," "," ",NA," "," "," ",NA," "," "," ",NA," "," "," "
"4242","USC00413787",2004,12,"TMAX",50," "," ","0",61," "," ","0",NA," "," "," ",NA," "," "," ",56," "," ","0",NA," "," "," ",NA," "," "," ",NA," "," "," ",NA," "," "," ",167," "," ","0",139," "," ","0",183," "," ","0",117," "," ","0",56," "," ","0",83," "," ","0",89," "," ","0",106," "," ","0",144," "," ","0",122," "," ","0",139," "," ","0",200," "," ","0",72," "," ","0",72," "," ","0",-94," "," ","0",-50," "," ","0",67," "," ","0",100," "," ","0",128," "," ","0",172," "," ","0",189," "," ","0",NA," "," "," "
"4243","USC00413787",2004,12,"TMIN",-61," ","I","0",-28," ","I","0",NA," "," "," ",NA," "," "," ",111," ","I","0",NA," "," "," ",NA," "," "," ",NA," "," "," ",NA," "," "," ",-11," "," ","0",-22," "," ","0",-22," "," ","0",-22," "," ","0",-78," "," ","0",-28," ","I","0",-28," "," ","0",-56," "," ","0",-56," "," ","0",-50," "," ","0",-39," "," ","0",-11," "," ","0",-56," "," ","0",-94," "," ","0",-228," "," ","0",-172," "," ","0",-89," "," ","0",-39," ","I","0",-56," "," ","0",0," "," ","0",-11," "," ","0",NA," "," "," "
"4244","USC00413787",2004,12,"TOBS",-39," "," ","0",-39," "," ","0",NA," "," "," ",NA," "," "," ",-50," "," ","0",NA," "," "," ",NA," "," "," ",NA," "," "," ",NA," "," "," ",100," "," ","0",-6," "," ","0",78," "," ","0",6," "," ","0",-78," "," ","0",-78," ","I","0",-11," "," ","0",-50," "," ","0",-17," "," ","0",-39," "," ","0",0," "," ","0",-11," "," ","0",-56," "," ","0",-94," "," ","0",-172," "," ","0",-89," "," ","0",-56," ","I","0",33," "," ","0",11," "," ","0",78," "," ","0",17," "," ","0",NA," "," "," "
"4245","USC00413787",2004,12,"PRCP",0," "," ","0",0," "," ","0",0," "," ","0",0," "," ","0",28," "," ","0",0," "," ","0",0," "," ","0",0," "," ","0",0," "," ","0",0," "," ","0",0," "," ","0",0," "," ","0",0," "," ","0",0," "," ","0",0," "," ","0",0," "," ","0",0," "," ","0",0," "," ","0",0," "," ","0",0," "," ","0",0," "," ","0",0,"T"," ","0",15," "," ","0",0," "," ","0",0," "," ","0",0," "," ","0",0," "," ","0",0," "," ","0",0," "," ","0",0," "," ","0",0," "," ","0"
"4246","USC00413787",2004,12,"SNOW",0,"P"," ","0",0,"P"," ","0",0,"P"," ","0",0,"P"," ","0",0,"P"," ","0",0,"P"," ","0",0,"P"," ","0",0,"P"," ","0",0,"P"," ","0",0,"P"," ","0",0,"P"," ","0",0,"P"," ","0",0,"P"," ","0",0,"P"," ","0",0,"P"," ","0",0,"P"," ","0",0,"P"," ","0",0,"P"," ","0",0,"P"," ","0",0,"P"," ","0",0,"P"," ","0",0,"P"," ","0",0,"P"," ","0",0,"P"," ","0",0,"P"," ","0",0,"P"," ","0",0,"P"," ","0",0,"P"," ","0",0,"P"," ","0",0,"P"," ","0",0,"P"," ","0"
"4247","USC00413787",2004,12,"SNWD",0,"P"," ","0",0,"P"," ","0",0,"P"," ","0",0,"P"," ","0",0,"P"," ","0",0,"P"," ","0",0,"P"," ","0",0,"P"," ","0",0,"P"," ","0",0,"P"," ","0",0,"P"," ","0",0,"P"," ","0",0,"P"," ","0",0,"P"," ","0",0,"P"," ","0",0,"P"," ","0",0,"P"," ","0",0,"P"," ","0",0,"P"," ","0",0,"P"," ","0",0,"P"," ","0",0,"P"," ","0",0,"P"," ","0",0,"P"," ","0",0,"P"," ","0",0,"P"," ","0",0,"P"," ","0",0,"P"," ","0",0,"P"," ","0",0,"P"," ","0",0,"P"," ","0"
"4248","USC00413787",2005,1,"TMAX",161," "," ","0",183," "," ","0",22," "," ","0",22," "," ","0",-6," "," ","0",-100," "," ","0",6," "," ","0",28," "," ","0",156," "," ","0",189," "," ","0",217," "," ","0",83," "," ","0",117," "," ","0",83," "," ","0",39," "," ","0",-61," "," ","0",-44," "," ","0",28," "," ","0",128," "," ","0",167," "," ","0",211," "," ","0",228," "," ","0",50," "," ","0",156," "," ","0",189," "," ","0",206," "," ","0",NA," "," "," ",117," "," ","0",0," "," ","0",106," "," ","0",6," "," ","0"
"4249","USC00413787",2005,1,"TMIN",17," "," ","0",-28," "," ","0",-17," "," ","0",-17," "," ","0",-122," "," ","0",-133," "," ","0",-61," ","I","0",-78," "," ","0",22," "," ","0",67," "," ","0",-39," "," ","0",-44," "," ","0",-72," "," ","0",-72," "," ","0",-122," "," ","0",-122," "," ","0",-83," "," ","0",-83," "," ","0",-44," "," ","0",-6," "," ","0",-6," "," ","0",-22," "," ","0",-67," "," ","0",-50," "," ","0",-22," "," ","0",-22," "," ","0",NA," "," "," ",-17," "," ","0",-39," "," ","0",-39," "," ","0",-28," "," ","0"
"4250","USC00413787",2005,1,"TOBS",78," "," ","0",-17," "," ","0",6," "," ","0",-11," "," ","0",-122," "," ","0",-117," "," ","0",-61," "," ","0",22," "," ","0",72," "," ","0",83," "," ","0",-44," "," ","0",56," "," ","0",-72," "," ","0",-56," "," ","0",-117," "," ","0",-72," "," ","0",-83," "," ","0",-44," "," ","0",6," "," ","0",72," "," ","0",-6," "," ","0",-17," "," ","0",-50," "," ","0",-22," "," ","0",-6," "," ","0",-17," "," ","0",NA," "," "," ",-11," "," ","0",-39," "," ","0",-6," "," ","0",-11," "," ","0"
"4251","USC00413787",2005,1,"PRCP",0,"P"," ","0",0,"P"," ","0",0,"P"," ","0",0,"P"," ","0",109," "," ","0",0,"P"," ","0",0,"P"," ","0",0,"P"," ","0",0,"P"," ","0",0,"P"," ","0",0,"P"," ","0",0,"P"," ","0",25," "," ","0",0,"P"," ","0",0,"P"," ","0",3," "," ","0",0,"P"," ","0",0,"P"," ","0",0,"P"," ","0",0,"P"," ","0",0,"P"," ","0",0,"P"," ","0",15," "," ","0",0,"P"," ","0",0,"P"," ","0",0,"P"," ","0",NA," "," "," ",NA," "," "," ",10," "," ","0",0,"P"," ","0",0,"P"," ","0"
"4252","USC00413787",2005,1,"SNOW",0,"P"," ","0",0,"P"," ","0",0,"P"," ","0",0,"P"," ","0",0,"P"," ","0",0,"P"," ","0",0,"P"," ","0",0,"P"," ","0",0,"P"," ","0",0,"P"," ","0",0,"P"," ","0",0,"P"," ","0",0,"P"," ","0",0,"P"," ","0",0,"P"," ","0",NA," "," "," ",0,"P"," ","0",0,"P"," ","0",0,"P"," ","0",0,"P"," ","0",0,"P"," ","0",0,"P"," ","0",0,"P"," ","0",0,"P"," ","0",0,"P"," ","0",0,"P"," ","0",0,"P"," ","0",0,"P"," ","0",0,"P"," ","0",0,"P"," ","0",0,"P"," ","0"
"4253","USC00413787",2005,1,"SNWD",0,"P"," ","0",0,"P"," ","0",0,"P"," ","0",0,"P"," ","0",0,"P"," ","0",0,"P"," ","0",0,"P"," ","0",0,"P"," ","0",0,"P"," ","0",0,"P"," ","0",0,"P"," ","0",0,"P"," ","0",0,"P"," ","0",0,"P"," ","0",0,"P"," ","0",0,"P"," ","0",0,"P"," ","0",0,"P"," ","0",0,"P"," ","0",0,"P"," ","0",0,"P"," ","0",0,"P"," ","0",0,"P"," ","0",0,"P"," ","0",0,"P"," ","0",0,"P"," ","0",0,"P"," ","0",0,"P"," ","0",0,"P"," ","0",0,"P"," ","0",0,"P"," ","0"
"4254","USC00413787",2005,1,"MDPR",NA," "," "," ",NA," "," "," ",NA," "," "," ",NA," "," "," ",NA," "," "," ",NA," "," "," ",NA," "," "," ",NA," "," "," ",NA," "," "," ",NA," "," "," ",NA," "," "," ",NA," "," "," ",NA," "," "," ",NA," "," "," ",NA," "," "," ",NA," "," "," ",NA," "," "," ",NA," "," "," ",NA," "," "," ",NA," "," "," ",NA," "," "," ",NA," "," "," ",NA," "," "," ",NA," "," "," ",NA," "," "," ",NA," "," "," ",NA," "," "," ",66," "," ","0",NA," "," "," ",NA," "," "," ",NA," "," "," "
"4255","USC00413787",2005,2,"TMAX",17," "," ","0",6," "," ","0",128," "," ","0",133," "," ","0",117," "," ","0",44," "," ","0",NA," "," "," ",11," ","I","0",56," "," ","0",83," "," ","0",133," "," ","0",133," "," ","0",106," "," ","0",172," "," ","0",228," "," ","0",117," "," ","0",56," "," ","0",106," "," ","0",67," "," ","0",217," "," ","0",183," "," ","0",172," "," ","0",94," "," ","0",94," "," ","0",100," "," ","0",128," "," ","0",133," "," ","0",117," "," ","0",NA," "," "," ",NA," "," "," ",NA," "," "," "
"4256","USC00413787",2005,2,"TMIN",-11," "," ","0",-50," "," ","0",-44," "," ","0",-44," "," ","0",28," ","I","0",-33," "," ","0",NA," "," "," ",-6," "," ","0",-61," "," ","0",-61," "," ","0",-61," "," ","0",-61," "," ","0",50," "," ","0",6," "," ","0",-17," "," ","0",-11," "," ","0",-22," "," ","0",-56," "," ","0",17," "," ","0",17," "," ","0",6," "," ","0",17," "," ","0",11," "," ","0",-33," "," ","0",-28," "," ","0",-11," "," ","0",-28," "," ","0",-28," "," ","0",NA," "," "," ",NA," "," "," ",NA," "," "," "
"4257","USC00413787",2005,2,"TOBS",0," "," ","0",-39," "," ","0",-44," "," ","0",11," "," ","0",11," "," ","0",-33," "," ","0",NA," "," "," ",28," ","I","0",-56," "," ","0",-11," "," ","0",-6," "," ","0",67," "," ","0",67," "," ","0",6," "," ","0",-11," "," ","0",6," "," ","0",-22," "," ","0",17," "," ","0",50," "," ","0",50," "," ","0",17," "," ","0",33," "," ","0",11," "," ","0",-28," "," ","0",-11," "," ","0",-11," "," ","0",-22," "," ","0",6," "," ","0",NA," "," "," ",NA," "," "," ",NA," "," "," "
"4258","USC00413787",2005,2,"PRCP",0,"P"," ","0",0,"P"," ","0",0,"P"," ","0",0,"P"," ","0",109," "," ","0",0,"P"," ","0",0,"P"," ","0",0,"P"," ","0",0,"P"," ","0",0,"P"," ","0",0,"P"," ","0",0,"P"," ","0",0,"P"," ","0",0,"P"," ","0",0,"P"," ","0",0,"P"," ","0",0,"P"," ","0",0,"P"," ","0",25," "," ","0",0,"P"," ","0",0,"P"," ","0",0,"P"," ","0",0,"P"," ","0",51," "," ","0",0,"P"," ","0",0,"P"," ","0",0,"P"," ","0",0,"P"," ","0",NA," "," "," ",NA," "," "," ",NA," "," "," "
"4259","USC00413787",2005,2,"SNOW",0,"P"," ","0",0,"P"," ","0",0,"P"," ","0",0,"P"," ","0",0,"P"," ","0",0,"P"," ","0",0,"P"," ","0",0,"P"," ","0",0,"P"," ","0",0,"P"," ","0",0,"P"," ","0",0,"P"," ","0",0,"P"," ","0",0,"P"," ","0",0,"P"," ","0",0,"P"," ","0",0,"P"," ","0",0,"P"," ","0",0,"P"," ","0",0,"P"," ","0",0,"P"," ","0",0,"P"," ","0",0,"P"," ","0",0,"P"," ","0",0,"P"," ","0",0,"P"," ","0",0,"P"," ","0",0,"P"," ","0",NA," "," "," ",NA," "," "," ",NA," "," "," "
"4260","USC00413787",2005,2,"SNWD",0,"P"," ","0",0,"P"," ","0",0,"P"," ","0",0,"P"," ","0",0,"P"," ","0",0,"P"," ","0",0,"P"," ","0",0,"P"," ","0",0,"P"," ","0",0,"P"," ","0",0,"P"," ","0",0,"P"," ","0",0,"P"," ","0",0,"P"," ","0",0,"P"," ","0",0,"P"," ","0",0,"P"," ","0",0,"P"," ","0",0,"P"," ","0",0,"P"," ","0",0,"P"," ","0",0,"P"," ","0",0,"P"," ","0",0,"P"," ","0",0,"P"," ","0",0,"P"," ","0",0,"P"," ","0",0,"P"," ","0",NA," "," "," ",NA," "," "," ",NA," "," "," "
"4261","USC00413787",2005,3,"TMAX",117," "," ","0",111," "," ","0",167," "," ","0",183," "," ","0",194," "," ","0",189," "," ","0",150," "," ","0",156," "," ","0",167," "," ","0",NA," "," "," ",167," "," ","0",200," "," ","0",272," "," ","0",78," "," ","0",56," "," ","0",17," "," ","0",78," "," ","0",28," "," ","0",139," "," ","0",144," "," ","0",211," "," ","0",78," "," ","0",94," "," ","0",156," "," ","0",161," "," ","0",89," "," ","0",89," "," ","0",144," "," ","0",233," "," ","0",222," "," ","0",178," "," ","0"
"4262","USC00413787",2005,3,"TMIN",-61," "," ","0",-44," "," ","0",-28," "," ","0",17," "," ","0",11," "," ","0",17," "," ","0",-11," "," ","0",-17," "," ","0",11," "," ","0",NA," "," "," ",-11," "," ","0",22," "," ","0",-17," "," ","0",6," "," ","0",-17," "," ","0",-67," "," ","0",-56," "," ","0",-17," "," ","0",-39," "," ","0",-6," "," ","0",-11," "," ","0",0," "," ","0",-17," "," ","0",11," "," ","0",-6," "," ","0",-6," "," ","0",-39," "," ","0",0," "," ","0",61," ","I","0",0," "," ","0",0," "," ","0"
"4263","USC00413787",2005,3,"TOBS",-50," "," ","0",-28," "," ","0",11," "," ","0",44," "," ","0",33," "," ","0",61," "," ","0",11," "," ","0",22," "," ","0",89," "," ","0",NA," "," "," ",28," "," ","0",94," "," ","0",11," "," ","0",17," "," ","0",-11," "," ","0",-56," "," ","0",-17," "," ","0",28," "," ","0",-11," "," ","0",72," "," ","0",78," "," ","0",17," "," ","0",11," "," ","0",78," "," ","0",28," "," ","0",0," "," ","0",22," "," ","0",39," ","I","0",78," "," ","0",11," "," ","0",39," "," ","0"
"4264","USC00413787",2005,3,"PRCP",0,"P"," ","0",0,"P"," ","0",0,"P"," ","0",0,"P"," ","0",0,"P"," ","0",0,"P"," ","0",0,"P"," ","0",0,"P"," ","0",0,"P"," ","0",0,"P"," ","0",0,"P"," ","0",0,"P"," ","0",0,"P"," ","0",0,"P"," ","0",76," "," ","0",36," "," ","0",0,"P"," ","0",0,"P"," ","0",0,"P"," ","0",0,"P"," ","0",0,"P"," ","0",69," "," ","0",0,"P"," ","0",0,"P"," ","0",0,"P"," ","0",48," "," ","0",84," "," ","0",0,"P"," ","0",0,"P"," ","0",3," "," ","0",0,"P"," ","0"
"4265","USC00413787",2005,3,"SNOW",0,"P"," ","0",0,"P"," ","0",0,"P"," ","0",0,"P"," ","0",0,"P"," ","0",0,"P"," ","0",0,"P"," ","0",0,"P"," ","0",0,"P"," ","0",0,"P"," ","0",0,"P"," ","0",0,"P"," ","0",0,"P"," ","0",0,"P"," ","0",NA," "," "," ",0,"P"," ","0",0,"P"," ","0",0,"P"," ","0",0,"P"," ","0",0,"P"," ","0",0,"P"," ","0",0,"P"," ","0",0,"P"," ","0",0,"P"," ","0",0,"P"," ","0",NA," "," "," ",0,"P"," ","0",0,"P"," ","0",0,"P"," ","0",0,"P"," ","0",0,"P"," ","0"
"4266","USC00413787",2005,3,"SNWD",0,"P"," ","0",0,"P"," ","0",0,"P"," ","0",0,"P"," ","0",0,"P"," ","0",0,"P"," ","0",0,"P"," ","0",0,"P"," ","0",0,"P"," ","0",0,"P"," ","0",0,"P"," ","0",0,"P"," ","0",0,"P"," ","0",0,"P"," ","0",127," "," ","0",NA," "," "," ",NA," "," "," ",NA," "," "," ",NA," "," "," ",NA," "," "," ",NA," "," "," ",0,"P"," ","0",0,"P"," ","0",0,"P"," ","0",0,"P"," ","0",76," "," ","0",NA," "," "," ",NA," "," "," ",NA," "," "," ",0,"P"," ","0",0,"P"," ","0"
"4267","USC00413787",2005,4,"TMAX",NA," "," "," ",200," "," ","0",233," "," ","0",NA," "," "," ",289," "," ","0",189," "," ","0",NA," "," "," ",NA," "," "," ",239," "," ","0",256," "," ","0",256," "," ","0",NA," "," "," ",NA," "," "," ",222," "," ","0",NA," "," "," ",NA," "," "," ",239," "," ","0",228," "," ","0",NA," "," "," ",289," "," ","0",300," "," ","0",NA," "," "," ",233," "," ","0",NA," "," "," ",144," "," ","0",133," "," ","0",NA," "," "," ",233," "," ","0",100," "," ","0",61," "," ","0",NA," "," "," "
"4268","USC00413787",2005,4,"TMIN",NA," "," "," ",-6," "," ","0",44," ","I","0",NA," "," "," ",39," "," ","0",67," "," ","0",NA," "," "," ",NA," "," "," ",17," "," ","0",44," "," ","0",22," "," ","0",NA," "," "," ",NA," "," "," ",-22," "," ","0",NA," "," "," ",NA," "," "," ",28," "," ","0",106," "," ","0",NA," "," "," ",83," "," ","0",83," "," ","0",NA," "," "," ",128," ","I","0",NA," "," "," ",28," "," ","0",6," "," ","0",NA," "," "," ",33," "," ","0",11," "," ","0",-6," "," ","0",NA," "," "," "
"4269","USC00413787",2005,4,"TOBS",NA," "," "," ",33," ","I","0",72," "," ","0",NA," "," "," ",72," "," ","0",72," "," ","0",NA," "," "," ",NA," "," "," ",56," "," ","0",89," "," ","0",67," "," ","0",NA," "," "," ",NA," "," "," ",17," "," ","0",NA," "," "," ",NA," "," "," ",117," "," ","0",122," "," ","0",NA," "," "," ",94," "," ","0",83," "," ","0",NA," "," "," ",22," ","I","0",NA," "," "," ",44," "," ","0",39," "," ","0",NA," "," "," ",50," "," ","0",11," "," ","0",39," "," ","0",NA," "," "," "
"4270","USC00413787",2005,4,"PRCP",0,"P"," ","0",0,"P"," ","0",0,"P"," ","0",0,"P"," ","0",0,"P"," ","0",74," "," ","0",0,"P"," ","0",0,"P"," ","0",0,"P"," ","0",0,"P"," ","0",0,"P"," ","0",0,"P"," ","0",0,"P"," ","0",0,"P"," ","0",15," "," ","0",0,"P"," ","0",0,"P"," ","0",76," "," ","0",0,"P"," ","0",0,"P"," ","0",0,"P"," ","0",0,"P"," ","0",0,"P"," ","0",NA," "," "," ",NA," "," "," ",0,"P"," ","0",0,"P"," ","0",0,"P"," ","0",0,"P"," ","0",0,"P"," ","0",NA," "," "," "
"4271","USC00413787",2005,4,"SNOW",0,"P"," ","0",0,"P"," ","0",0,"P"," ","0",0,"P"," ","0",0,"P"," ","0",0,"P"," ","0",0,"P"," ","0",0,"P"," ","0",0,"P"," ","0",0,"P"," ","0",0,"P"," ","0",0,"P"," ","0",0,"P"," ","0",0,"P"," ","0",0,"P"," ","0",0,"P"," ","0",0,"P"," ","0",0,"P"," ","0",0,"P"," ","0",0,"P"," ","0",0,"P"," ","0",0,"P"," ","0",0,"P"," ","0",0,"P"," ","0",0,"P"," ","0",0,"P"," ","0",0,"P"," ","0",0,"P"," ","0",0,"P"," ","0",0,"P"," ","0",NA," "," "," "
"4272","USC00413787",2005,4,"SNWD",0,"P"," ","0",0,"P"," ","0",0,"P"," ","0",0,"P"," ","0",0,"P"," ","0",0,"P"," ","0",0,"P"," ","0",0,"P"," ","0",0,"P"," ","0",0,"P"," ","0",0,"P"," ","0",0,"P"," ","0",0,"P"," ","0",0,"P"," ","0",0,"P"," ","0",0,"P"," ","0",0,"P"," ","0",0,"P"," ","0",0,"P"," ","0",0,"P"," ","0",0,"P"," ","0",0,"P"," ","0",0,"P"," ","0",0,"P"," ","0",0,"P"," ","0",0,"P"," ","0",0,"P"," ","0",0,"P"," ","0",0,"P"," ","0",0,"P"," ","0",NA," "," "," "
"4273","USC00413787",2005,4,"MDPR",NA," "," "," ",NA," "," "," ",NA," "," "," ",NA," "," "," ",NA," "," "," ",NA," "," "," ",NA," "," "," ",NA," "," "," ",NA," "," "," ",NA," "," "," ",NA," "," "," ",NA," "," "," ",NA," "," "," ",NA," "," "," ",NA," "," "," ",NA," "," "," ",NA," "," "," ",NA," "," "," ",NA," "," "," ",NA," "," "," ",NA," "," "," ",NA," "," "," ",NA," "," "," ",NA," "," "," ",23," "," ","0",NA," "," "," ",NA," "," "," ",NA," "," "," ",NA," "," "," ",NA," "," "," ",NA," "," "," "
"4274","USC00413787",2005,5,"TMAX",161," "," ","0",NA," "," "," ",78," "," ","0",83," "," ","0",156," "," ","0",NA," "," "," ",261," "," ","0",NA," "," "," ",272," "," ","0",NA," "," "," ",317," "," ","0",278," "," ","0",283," "," ","0",250," "," ","0",239," "," ","0",183," "," ","0",239," "," ","0",306," "," ","0",272," "," ","0",317," "," ","0",339," "," ","0",372," "," ","0",317," "," ","0",339," "," ","0",322," "," ","0",272," "," ","0",206," "," ","0",272," "," ","0",261," "," ","0",267," "," ","0",239," "," ","0"
"4275","USC00413787",2005,5,"TMIN",39," "," ","0",NA," "," "," ",6," "," ","0",44," "," ","0",61," "," ","0",NA," "," "," ",128," "," ","0",NA," "," "," ",78," "," ","0",NA," "," "," ",78," "," ","0",72," "," ","0",72," "," ","0",78," "," ","0",89," "," ","0",78," "," ","0",106," "," ","0",117," "," ","0",139," "," ","0",133," "," ","0",156," "," ","0",144," "," ","0",172," "," ","0",144," "," ","0",144," "," ","0",106," "," ","0",144," ","I","0",133," "," ","0",111," "," ","0",122," "," ","0",122," "," ","0"
"4276","USC00413787",2005,5,"TOBS",39," "," ","0",6," "," ","0",39," "," ","0",61," "," ","0",106," "," ","0",NA," "," "," ",144," "," ","0",NA," "," "," ",111," "," ","0",NA," "," "," ",178," "," ","0",78," "," ","0",139," "," ","0",89," "," ","0",111," "," ","0",106," "," ","0",172," "," ","0",139," "," ","0",89," ","I","0",156," "," ","0",228," "," ","0",183," "," ","0",178," "," ","0",156," "," ","0",161," "," ","0",117," "," ","0",117," ","I","0",144," "," ","0",150," "," ","0",122," "," ","0",144," "," ","0"
"4277","USC00413787",2005,5,"PRCP",0,"P"," ","0",191," "," ","0",13," "," ","0",13," "," ","0",0,"P"," ","0",NA," "," "," ",NA," "," "," ",0,"P"," ","0",0,"P"," ","0",0,"P"," ","0",0,"P"," ","0",0,"P"," ","0",0,"P"," ","0",0,"P"," ","0",0,"P"," ","0",0,"P"," ","0",0,"P"," ","0",0,"P"," ","0",0,"P"," ","0",0,"P"," ","0",0,"P"," ","0",0,"P"," ","0",0,"P"," ","0",41," "," ","0",0,"P"," ","0",30," "," ","0",5," "," ","0",3," "," ","0",25," "," ","0",0,"P"," ","0",0,"P"," ","0"
"4278","USC00413787",2005,5,"SNOW",0,"P"," ","0",NA," "," "," ",0,"P"," ","0",0,"P"," ","0",0,"P"," ","0",0,"P"," ","0",0,"P"," ","0",0,"P"," ","0",0,"P"," ","0",0,"P"," ","0",0,"P"," ","0",0,"P"," ","0",0,"P"," ","0",0,"P"," ","0",0,"P"," ","0",0,"P"," ","0",0,"P"," ","0",0,"P"," ","0",0,"P"," ","0",0,"P"," ","0",0,"P"," ","0",0,"P"," ","0",0,"P"," ","0",0,"P"," ","0",0,"P"," ","0",0,"P"," ","0",0,"P"," ","0",0,"P"," ","0",0,"P"," ","0",0,"P"," ","0",0,"P"," ","0"
"4279","USC00413787",2005,5,"SNWD",0,"P"," ","0",NA," "," "," ",NA," "," "," ",NA," "," "," ",NA," "," "," ",NA," "," "," ",NA," "," "," ",NA," "," "," ",NA," "," "," ",0,"P"," ","0",0,"P"," ","0",0,"P"," ","0",0,"P"," ","0",0,"P"," ","0",0,"P"," ","0",0,"P"," ","0",0,"P"," ","0",0,"P"," ","0",0,"P"," ","0",0,"P"," ","0",0,"P"," ","0",0,"P"," ","0",0,"P"," ","0",0,"P"," ","0",0,"P"," ","0",0,"P"," ","0",0,"P"," ","0",0,"P"," ","0",0,"P"," ","0",0,"P"," ","0",0,"P"," ","0"
"4280","USC00413787",2005,5,"MDPR",NA," "," "," ",NA," "," "," ",NA," "," "," ",NA," "," "," ",NA," "," "," ",NA," "," "," ",20," "," ","0",NA," "," "," ",NA," "," "," ",NA," "," "," ",NA," "," "," ",NA," "," "," ",NA," "," "," ",NA," "," "," ",NA," "," "," ",NA," "," "," ",NA," "," "," ",NA," "," "," ",NA," "," "," ",NA," "," "," ",NA," "," "," ",NA," "," "," ",NA," "," "," ",NA," "," "," ",NA," "," "," ",NA," "," "," ",NA," "," "," ",NA," "," "," ",NA," "," "," ",NA," "," "," ",NA," "," "," "
"4281","USC00413787",2005,6,"TMAX",189," "," ","0",272," "," ","0",333," "," ","0",211," "," ","0",278," "," ","0",289," "," ","0",317," "," ","0",328," "," ","0",328," "," ","0",333," "," ","0",333," "," ","0",250," "," ","0",244," "," ","0",289," "," ","0",267," "," ","0",322," "," ","0",339," "," ","0",339," "," ","0",322," "," ","0",328," "," ","0",333," "," ","0",333," "," ","0",333," "," ","0",339," "," ","0",333," "," ","0",344," "," ","0",NA," "," "," ",367," "," ","0",361," "," ","0",361," "," ","0",NA," "," "," "
"4282","USC00413787",2005,6,"TMIN",89," "," ","0",133," "," ","0",139," "," ","0",111," "," ","0",89," "," ","0",144," "," ","0",178," ","I","0",139," "," ","0",156," "," ","0",172," "," ","0",128," "," ","0",128," "," ","0",100," "," ","0",100," "," ","0",139," "," ","0",172," "," ","0",167," ","I","0",144," "," ","0",200," "," ","0",206," "," ","0",206," ","I","0",156," "," ","0",161," "," ","0",183," "," ","0",150," "," ","0",200," "," ","0",NA," "," "," ",228," "," ","0",200," "," ","0",156," "," ","0",NA," "," "," "
"4283","USC00413787",2005,6,"TOBS",139," "," ","0",172," "," ","0",178," "," ","0",144," "," ","0",144," "," ","0",178," "," ","0",150," ","I","0",156," "," ","0",211," "," ","0",189," "," ","0",144," "," ","0",133," "," ","0",128," "," ","0",139," "," ","0",178," "," ","0",156," ","I","0",150," "," ","0",200," "," ","0",211," "," ","0",194," ","I","0",183," "," ","0",194," "," ","0",194," "," ","0",211," "," ","0",206," "," ","0",233," "," ","0",NA," "," "," ",233," "," ","0",211," "," ","0",167," "," ","0",NA," "," "," "
"4284","USC00413787",2005,6,"PRCP",33," "," ","0",0,"P"," ","0",0,"P"," ","0",119," "," ","0",0,"P"," ","0",0,"P"," ","0",208," "," ","0",0,"P"," ","0",0,"P"," ","0",0,"P"," ","0",97," "," ","0",127," "," ","0",0,"P"," ","0",0,"P"," ","0",0,"P"," ","0",43," "," ","0",0,"P"," ","0",0,"P"," ","0",0,"P"," ","0",0,"P"," ","0",0,"P"," ","0",0,"P"," ","0",0,"P"," ","0",0,"P"," ","0",0,"P"," ","0",0,"P"," ","0",0,"P"," ","0",0,"P"," ","0",0,"P"," ","0",0,"P"," ","0",NA," "," "," "
"4285","USC00413787",2005,6,"SNOW",0,"P"," ","0",0,"P"," ","0",0,"P"," ","0",0,"P"," ","0",0,"P"," ","0",0,"P"," ","0",0,"P"," ","0",0,"P"," ","0",0,"P"," ","0",0,"P"," ","0",0,"P"," ","0",0,"P"," ","0",0,"P"," ","0",0,"P"," ","0",0,"P"," ","0",0,"P"," ","0",0,"P"," ","0",0,"P"," ","0",0,"P"," ","0",0,"P"," ","0",0,"P"," ","0",0,"P"," ","0",0,"P"," ","0",0,"P"," ","0",0,"P"," ","0",0,"P"," ","0",0,"P"," ","0",0,"P"," ","0",0,"P"," ","0",0,"P"," ","0",NA," "," "," "
"4286","USC00413787",2005,6,"SNWD",0,"P"," ","0",0,"P"," ","0",0,"P"," ","0",0,"P"," ","0",0,"P"," ","0",0,"P"," ","0",0,"P"," ","0",0,"P"," ","0",0,"P"," ","0",0,"P"," ","0",0,"P"," ","0",0,"P"," ","0",0,"P"," ","0",0,"P"," ","0",0,"P"," ","0",0,"P"," ","0",0,"P"," ","0",0,"P"," ","0",0,"P"," ","0",0,"P"," ","0",0,"P"," ","0",0,"P"," ","0",0,"P"," ","0",0,"P"," ","0",0,"P"," ","0",0,"P"," ","0",0,"P"," ","0",0,"P"," ","0",0,"P"," ","0",0,"P"," ","0",NA," "," "," "
"4287","USC00413787",2005,7,"TMAX",361," "," ","0",361," "," ","0",339," "," ","0",383," "," ","0",283," "," ","0",283," "," ","0",317," "," ","0",322," "," ","0",NA," "," "," ",NA," "," "," ",333," "," ","0",328," "," ","0",339," "," ","0",339," "," ","0",NA," "," "," ",328," "," ","0",333," "," ","0",361," "," ","0",339," "," ","0",361," "," ","0",372," "," ","0",372," "," ","0",367," "," ","0",367," "," ","0",333," "," ","0",378," "," ","0",244," "," ","0",272," "," ","0",289," "," ","0",NA," "," "," ",NA," "," "," "
"4288","USC00413787",2005,7,"TMIN",156," "," ","0",156," "," ","0",172," "," ","0",150," "," ","0",150," "," ","0",150," "," ","0",167," "," ","0",167," "," ","0",NA," "," "," ",NA," "," "," ",178," "," ","0",178," "," ","0",183," "," ","0",183," "," ","0",NA," "," "," ",167," "," ","0",200," "," ","0",244," "," ","0",233," ","I","0",194," "," ","0",189," "," ","0",189," "," ","0",194," "," ","0",211," "," ","0",222," "," ","0",200," "," ","0",111," "," ","0",117," "," ","0",133," "," ","0",NA," "," "," ",NA," "," "," "
"4289","USC00413787",2005,7,"TOBS",167," "," ","0",172," "," ","0",228," "," ","0",172," "," ","0",172," "," ","0",161," "," ","0",200," "," ","0",178," "," ","0",NA," "," "," ",NA," "," "," ",189," "," ","0",200," "," ","0",200," "," ","0",194," "," ","0",NA," "," "," ",222," "," ","0",244," "," ","0",194," ","I","0",194," "," ","0",239," "," ","0",217," "," ","0",228," "," ","0",244," "," ","0",267," "," ","0",233," "," ","0",200," "," ","0",156," "," ","0",144," "," ","0",156," "," ","0",NA," "," "," ",NA," "," "," "
"4290","USC00413787",2005,7,"PRCP",0,"P"," ","0",183," "," ","0",0,"P"," ","0",0,"P"," ","0",0,"P"," ","0",0,"P"," ","0",0,"P"," ","0",0,"P"," ","0",0,"P"," ","0",0,"P"," ","0",0,"P"," ","0",0,"P"," ","0",0,"P"," ","0",0,"P"," ","0",0,"P"," ","0",0,"P"," ","0",0,"P"," ","0",0,"P"," ","0",0,"P"," ","0",0,"P"," ","0",0,"P"," ","0",0,"P"," ","0",0,"P"," ","0",0,"P"," ","0",0,"P"," ","0",0,"P"," ","0",0,"P"," ","0",0,"P"," ","0",0,"P"," ","0",0,"P"," ","0",0,"P"," ","0"
"4291","USC00413787",2005,7,"SNOW",0,"P"," ","0",0,"P"," ","0",0,"P"," ","0",0,"P"," ","0",0,"P"," ","0",0,"P"," ","0",0,"P"," ","0",0,"P"," ","0",0,"P"," ","0",0,"P"," ","0",0,"P"," ","0",0,"P"," ","0",0,"P"," ","0",0,"P"," ","0",0,"P"," ","0",0,"P"," ","0",0,"P"," ","0",0,"P"," ","0",0,"P"," ","0",0,"P"," ","0",0,"P"," ","0",0,"P"," ","0",0,"P"," ","0",0,"P"," ","0",0,"P"," ","0",0,"P"," ","0",0,"P"," ","0",0,"P"," ","0",0,"P"," ","0",0,"P"," ","0",0,"P"," ","0"
"4292","USC00413787",2005,7,"SNWD",0,"P"," ","0",0,"P"," ","0",0,"P"," ","0",0,"P"," ","0",0,"P"," ","0",0,"P"," ","0",0,"P"," ","0",0,"P"," ","0",0,"P"," ","0",0,"P"," ","0",0,"P"," ","0",0,"P"," ","0",0,"P"," ","0",0,"P"," ","0",0,"P"," ","0",0,"P"," ","0",0,"P"," ","0",0,"P"," ","0",0,"P"," ","0",0,"P"," ","0",0,"P"," ","0",0,"P"," ","0",0,"P"," ","0",0,"P"," ","0",0,"P"," ","0",0,"P"," ","0",0,"P"," ","0",0,"P"," ","0",0,"P"," ","0",0,"P"," ","0",0,"P"," ","0"
"4293","USC00413787",2005,8,"TMAX",361," "," ","0",361," "," ","0",361," "," ","0",356," "," ","0",317," "," ","0",272," "," ","0",317," "," ","0",328," "," ","0",328," "," ","0",339," "," ","0",333," "," ","0",350," "," ","0",294," "," ","0",217," "," ","0",217," "," ","0",217," "," ","0",289," "," ","0",344," "," ","0",361," "," ","0",350," "," ","0",339," "," ","0",278," "," ","0",328," "," ","0",317," "," ","0",333," "," ","0",356," "," ","0",356," "," ","0",311," "," ","0",311," "," ","0",317," "," ","0",183," ","S","0"
"4294","USC00413787",2005,8,"TMIN",167," "," ","0",167," "," ","0",178," "," ","0",189," "," ","0",150," "," ","0",150," "," ","0",194," "," ","0",172," "," ","0",161," "," ","0",189," ","I","0",333," ","O","0",178," "," ","0",189," "," ","0",144," "," ","0",150," "," ","0",189," ","I","0",178," "," ","0",178," "," ","0",200," "," ","0",183," "," ","0",178," "," ","0",172," "," ","0",161," "," ","0",172," "," ","0",194," "," ","0",194," "," ","0",194," "," ","0",167," "," ","0",139," "," ","0",150," ","I","0",328," ","I","0"
"4295","USC00413787",2005,8,"TOBS",200," "," ","0",200," "," ","0",189," "," ","0",200," "," ","0",150," "," ","0",194," "," ","0",244," "," ","0",200," "," ","0",161," ","I","0",194," "," ","0",183," "," ","0",183," "," ","0",189," "," ","0",144," "," ","0",144," ","I","0",-17," ","O","0",189," "," ","0",206," "," ","0",211," "," ","0",194," "," ","0",189," "," ","0",183," "," ","0",172," "," ","0",189," "," ","0",211," "," ","0",211," "," ","0",244," "," ","0",222," "," ","0",133," "," ","0",133," "," ","0",156," "," ","0"
"4296","USC00413787",2005,8,"PRCP",0,"P"," ","0",0,"P"," ","0",0,"P"," ","0",0,"P"," ","0",0,"P"," ","0",0,"P"," ","0",0,"P"," ","0",20," "," ","0",0,"P"," ","0",0,"P"," ","0",0,"P"," ","0",0,"P"," ","0",0,"P"," ","0",46," "," ","0",3," "," ","0",0,"P"," ","0",102," "," ","0",0,"P"," ","0",0,"P"," ","0",0,"P"," ","0",25," "," ","0",0,"P"," ","0",272," "," ","0",76," "," ","0",0,"P"," ","0",0,"P"," ","0",0,"P"," ","0",0,"P"," ","0",0,"P"," ","0",0,"P"," ","0",0,"P"," ","0"
"4297","USC00413787",2005,8,"SNOW",0,"P"," ","0",0,"P"," ","0",0,"P"," ","0",0,"P"," ","0",0,"P"," ","0",0,"P"," ","0",0,"P"," ","0",0,"P"," ","0",0,"P"," ","0",0,"P"," ","0",0,"P"," ","0",0,"P"," ","0",0,"P"," ","0",0,"P"," ","0",0,"P"," ","0",0,"P"," ","0",0,"P"," ","0",0,"P"," ","0",0,"P"," ","0",0,"P"," ","0",0,"P"," ","0",0,"P"," ","0",0,"P"," ","0",0,"P"," ","0",0,"P"," ","0",0,"P"," ","0",0,"P"," ","0",0,"P"," ","0",0,"P"," ","0",0,"P"," ","0",0,"P"," ","0"
"4298","USC00413787",2005,8,"SNWD",0,"P"," ","0",0,"P"," ","0",0,"P"," ","0",0,"P"," ","0",0,"P"," ","0",0,"P"," ","0",0,"P"," ","0",0,"P"," ","0",0,"P"," ","0",0,"P"," ","0",0,"P"," ","0",0,"P"," ","0",0,"P"," ","0",0,"P"," ","0",0,"P"," ","0",0,"P"," ","0",0,"P"," ","0",0,"P"," ","0",0,"P"," ","0",0,"P"," ","0",0,"P"," ","0",0,"P"," ","0",0,"P"," ","0",0,"P"," ","0",0,"P"," ","0",0,"P"," ","0",0,"P"," ","0",0,"P"," ","0",0,"P"," ","0",0,"P"," ","0",0,"P"," ","0"
"4299","USC00413787",2005,9,"TMAX",328," "," ","0",317," "," ","0",317," "," ","0",317," "," ","0",317," "," ","0",317," "," ","0",311," "," ","0",311," "," ","0",311," "," ","0",317," "," ","0",333," "," ","0",328," "," ","0",339," "," ","0",289," "," ","0",289," "," ","0",256," "," ","0",NA," "," "," ",356," "," ","0",367," "," ","0",289," "," ","0",356," "," ","0",350," "," ","0",294," "," ","0",306," "," ","0",333," "," ","0",300," "," ","0",300," "," ","0",350," "," ","0",183," ","I","0",217," "," ","0",NA," "," "," "
"4300","USC00413787",2005,9,"TMIN",133," "," ","0",144," "," ","0",144," "," ","0",172," "," ","0",133," "," ","0",133," "," ","0",178," "," ","0",167," "," ","0",144," "," ","0",144," "," ","0",183," "," ","0",183," "," ","0",172," "," ","0",144," "," ","0",94," "," ","0",100," "," ","0",NA," "," "," ",100," "," ","0",183," "," ","0",156," "," ","0",150," "," ","0",144," "," ","0",144," "," ","0",144," "," ","0",167," "," ","0",133," "," ","0",111," "," ","0",122," "," ","0",78," "," ","0",78," "," ","0",NA," "," "," "
"4301","USC00413787",2005,9,"TOBS",144," "," ","0",167," "," ","0",189," "," ","0",200," "," ","0",217," "," ","0",211," "," ","0",189," "," ","0",167," "," ","0",156," "," ","0",183," "," ","0",217," "," ","0",194," "," ","0",178," "," ","0",150," "," ","0",100," "," ","0",100," "," ","0",NA," "," "," ",183," "," ","0",200," "," ","0",156," "," ","0",172," "," ","0",144," "," ","0",144," "," ","0",167," "," ","0",178," "," ","0",150," "," ","0",122," "," ","0",194," ","I","0",78," "," ","0",128," "," ","0",NA," "," "," "
"4302","USC00413787",2005,9,"PRCP",0,"P"," ","0",8," "," ","0",0,"P"," ","0",0,"P"," ","0",0,"P"," ","0",0,"P"," ","0",23," "," ","0",0,"P"," ","0",0,"P"," ","0",0,"P"," ","0",0,"P"," ","0",79," "," ","0",0,"P"," ","0",0,"P"," ","0",0,"P"," ","0",0,"P"," ","0",0,"P"," ","0",0,"P"," ","0",0,"P"," ","0",0,"P"," ","0",0,"P"," ","0",0,"P"," ","0",0,"P"," ","0",0,"P"," ","0",0,"P"," ","0",0,"P"," ","0",0,"P"," ","0",0,"P"," ","0",10," "," ","0",0,"P"," ","0",NA," "," "," "
"4303","USC00413787",2005,9,"SNOW",0,"P"," ","0",0,"P"," ","0",0,"P"," ","0",0,"P"," ","0",0,"P"," ","0",0,"P"," ","0",0,"P"," ","0",0,"P"," ","0",0,"P"," ","0",0,"P"," ","0",0,"P"," ","0",0,"P"," ","0",0,"P"," ","0",0,"P"," ","0",0,"P"," ","0",0,"P"," ","0",0,"P"," ","0",0,"P"," ","0",0,"P"," ","0",0,"P"," ","0",0,"P"," ","0",0,"P"," ","0",0,"P"," ","0",0,"P"," ","0",0,"P"," ","0",0,"P"," ","0",0,"P"," ","0",0,"P"," ","0",0,"P"," ","0",0,"P"," ","0",NA," "," "," "
"4304","USC00413787",2005,9,"SNWD",0,"P"," ","0",0,"P"," ","0",0,"P"," ","0",0,"P"," ","0",0,"P"," ","0",0,"P"," ","0",0,"P"," ","0",0,"P"," ","0",0,"P"," ","0",0,"P"," ","0",0,"P"," ","0",0,"P"," ","0",0,"P"," ","0",0,"P"," ","0",0,"P"," ","0",0,"P"," ","0",0,"P"," ","0",0,"P"," ","0",0,"P"," ","0",0,"P"," ","0",0,"P"," ","0",0,"P"," ","0",0,"P"," ","0",0,"P"," ","0",0,"P"," ","0",0,"P"," ","0",0,"P"," ","0",0,"P"," ","0",0,"P"," ","0",0,"P"," ","0",NA," "," "," "
"4305","USC00413787",2005,10,"TMAX",322," "," ","0",256," "," ","0",328," "," ","0",311," "," ","0",300," "," ","0",172," "," ","0",67," "," ","0",178," "," ","0",222," "," ","0",211," "," ","0",211," "," ","0",178," "," ","0",194," "," ","0",233," "," ","0",272," "," ","0",244," "," ","0",256," "," ","0",283," "," ","0",300," "," ","0",56," ","I","0",50," ","S","0",228," "," ","0",239," "," ","0",106," "," ","0",194," "," ","0",217," "," ","0",228," "," ","0",228," "," ","0",189," "," ","0",211," "," ","0",217," "," ","0"
"4306","USC00413787",2005,10,"TMIN",94," "," ","0",111," "," ","0",189," "," ","0",189," "," ","0",167," "," ","0",56," "," ","0",39," "," ","0",44," "," ","0",83," "," ","0",106," "," ","0",39," "," ","0",44," "," ","0",50," "," ","0",50," "," ","0",72," "," ","0",72," "," ","0",72," "," ","0",67," "," ","0",67," "," ","0",300," ","G","0",300," ","G","0",39," "," ","0",33," "," ","0",-39," "," ","0",-39," "," ","0",6," "," ","0",6," "," ","0",6," "," ","0",78," "," ","0",44," "," ","0",44," "," ","0"
"4307","USC00413787",2005,10,"TOBS",111," "," ","0",200," "," ","0",189," "," ","0",194," "," ","0",167," "," ","0",56," "," ","0",67," "," ","0",83," "," ","0",122," "," ","0",111," "," ","0",44," "," ","0",50," "," ","0",61," "," ","0",78," "," ","0",72," "," ","0",128," "," ","0",78," "," ","0",67," "," ","0",150," "," ","0",56," "," ","0",50," "," ","0",61," "," ","0",33," "," ","0",-39," "," ","0",6," "," ","0",11," "," ","0",22," "," ","0",78," "," ","0",133," "," ","0",83," "," ","0",56," "," ","0"
"4308","USC00413787",2005,10,"PRCP",0,"P"," ","0",0,"P"," ","0",0,"P"," ","0",0,"P"," ","0",41," "," ","0",0,"P"," ","0",36," "," ","0",0,"P"," ","0",0,"P"," ","0",175," "," ","0",76," "," ","0",0,"P"," ","0",0,"P"," ","0",0,"P"," ","0",0,"P"," ","0",30," "," ","0",0,"P"," ","0",0,"P"," ","0",15," "," ","0",0,"P"," ","0",0,"P"," ","0",0,"P"," ","0",0,"P"," ","0",0,"P"," ","0",0,"P"," ","0",0,"P"," ","0",0,"P"," ","0",0,"P"," ","0",0,"P"," ","0",0,"P"," ","0",0,"P"," ","0"
"4309","USC00413787",2005,10,"SNOW",0,"P"," ","0",0,"P"," ","0",0,"P"," ","0",0,"P"," ","0",0,"P"," ","0",0,"P"," ","0",0,"P"," ","0",0,"P"," ","0",0,"P"," ","0",0,"P"," ","0",0,"P"," ","0",0,"P"," ","0",0,"P"," ","0",0,"P"," ","0",0,"P"," ","0",0,"P"," ","0",0,"P"," ","0",0,"P"," ","0",0,"P"," ","0",0,"P"," ","0",0,"P"," ","0",0,"P"," ","0",0,"P"," ","0",0,"P"," ","0",0,"P"," ","0",0,"P"," ","0",0,"P"," ","0",0,"P"," ","0",0,"P"," ","0",0,"P"," ","0",0,"P"," ","0"
"4310","USC00413787",2005,10,"SNWD",0,"P"," ","0",0,"P"," ","0",0,"P"," ","0",0,"P"," ","0",0,"P"," ","0",0,"P"," ","0",0,"P"," ","0",0,"P"," ","0",0,"P"," ","0",0,"P"," ","0",0,"P"," ","0",0,"P"," ","0",0,"P"," ","0",0,"P"," ","0",0,"P"," ","0",0,"P"," ","0",0,"P"," ","0",0,"P"," ","0",0,"P"," ","0",0,"P"," ","0",0,"P"," ","0",0,"P"," ","0",0,"P"," ","0",0,"P"," ","0",0,"P"," ","0",0,"P"," ","0",0,"P"," ","0",0,"P"," ","0",0,"P"," ","0",0,"P"," ","0",0,"P"," ","0"
"4311","USC00413787",2005,11,"TMAX",217," "," ","0",222," "," ","0",294," "," ","0",278," "," ","0",278," "," ","0",183," "," ","0",222," "," ","0",272," "," ","0",250," "," ","0",250," "," ","0",217," "," ","0",278," "," ","0",233," "," ","0",233," "," ","0",233," "," ","0",67," "," ","0",106," "," ","0",161," "," ","0",139," "," ","0",122," "," ","0",144," "," ","0",194," "," ","0",206," "," ","0",233," "," ","0",144," "," ","0",144," "," ","0",217," "," ","0",217," "," ","0",67," "," ","0",67," "," ","0",NA," "," "," "
"4312","USC00413787",2005,11,"TMIN",-6," "," ","0",-6," "," ","0",78," "," ","0",83," "," ","0",39," "," ","0",-22," "," ","0",72," "," ","0",67," "," ","0",44," "," ","0",11," "," ","0",22," "," ","0",22," "," ","0",6," "," ","0",0," "," ","0",0," "," ","0",-106," "," ","0",-94," "," ","0",-44," "," ","0",-33," "," ","0",-44," "," ","0",-33," "," ","0",-22," "," ","0",-6," "," ","0",6," "," ","0",-61," "," ","0",-44," "," ","0",11," "," ","0",0," "," ","0",-78," "," ","0",-78," "," ","0",NA," "," "," "
"4313","USC00413787",2005,11,"TOBS",17," "," ","0",72," "," ","0",128," "," ","0",94," "," ","0",100," "," ","0",89," "," ","0",78," "," ","0",94," "," ","0",50," "," ","0",22," "," ","0",83," "," ","0",106," "," ","0",22," "," ","0",28," "," ","0",6," "," ","0",-94," "," ","0",-28," "," ","0",-39," "," ","0",72," "," ","0",11," "," ","0",39," "," ","0",-6," "," ","0",6," "," ","0",33," "," ","0",-44," "," ","0",6," "," ","0",44," "," ","0",0," "," ","0",-78," "," ","0",-11," "," ","0",NA," "," "," "
"4314","USC00413787",2005,11,"PRCP",0,"P"," ","0",0,"P"," ","0",0,"P"," ","0",0,"P"," ","0",0,"P"," ","0",0,"P"," ","0",0,"P"," ","0",0,"P"," ","0",0,"P"," ","0",0,"P"," ","0",0,"P"," ","0",0,"P"," ","0",0,"P"," ","0",0,"P"," ","0",0,"P"," ","0",0,"P"," ","0",0,"P"," ","0",0,"P"," ","0",0,"P"," ","0",0,"P"," ","0",0,"P"," ","0",0,"P"," ","0",0,"P"," ","0",0,"P"," ","0",0,"P"," ","0",0,"P"," ","0",0,"P"," ","0",137," "," ","0",0,"P"," ","0",0,"P"," ","0",NA," "," "," "
"4315","USC00413787",2005,11,"SNOW",0,"P"," ","0",0,"P"," ","0",0,"P"," ","0",0,"P"," ","0",0,"P"," ","0",0,"P"," ","0",0,"P"," ","0",0,"P"," ","0",0,"P"," ","0",0,"P"," ","0",0,"P"," ","0",0,"P"," ","0",0,"P"," ","0",0,"P"," ","0",0,"P"," ","0",0,"P"," ","0",0,"P"," ","0",0,"P"," ","0",0,"P"," ","0",0,"P"," ","0",0,"P"," ","0",0,"P"," ","0",0,"P"," ","0",0,"P"," ","0",0,"P"," ","0",0,"P"," ","0",0,"P"," ","0",8," "," ","0",0,"P"," ","0",0,"P"," ","0",NA," "," "," "
"4316","USC00413787",2005,11,"SNWD",0,"P"," ","0",0,"P"," ","0",0,"P"," ","0",0,"P"," ","0",0,"P"," ","0",0,"P"," ","0",0,"P"," ","0",0,"P"," ","0",0,"P"," ","0",0,"P"," ","0",0,"P"," ","0",0,"P"," ","0",0,"P"," ","0",0,"P"," ","0",0,"P"," ","0",0,"P"," ","0",0,"P"," ","0",0,"P"," ","0",0,"P"," ","0",0,"P"," ","0",0,"P"," ","0",0,"P"," ","0",0,"P"," ","0",0,"P"," ","0",0,"P"," ","0",0,"P"," ","0",0,"P"," ","0",0,"T"," ","0",0,"P"," ","0",0,"P"," ","0",NA," "," "," "
"4317","USC00413787",2005,12,"TMAX",206," "," ","0",78," "," ","0",206," "," ","0",78," "," ","0",56," "," ","0",83," "," ","0",-33," "," ","0",-111," "," ","0",22," "," ","0",39," "," ","0",122," "," ","0",128," "," ","0",117," "," ","0",161," "," ","0",161," "," ","0",161," "," ","0",56," "," ","0",-22," "," ","0",-61," "," ","0",-33," "," ","0",83," "," ","0",183," "," ","0",233," "," ","0",206," "," ","0",139," "," ","0",217," "," ","0",250," "," ","0",167," "," ","0",167," "," ","0",244," "," ","0",122," "," ","0"
"4318","USC00413787",2005,12,"TMIN",-89," "," ","0",-83," "," ","0",-83," "," ","0",-61," "," ","0",-61," "," ","0",-122," "," ","0",-139," "," ","0",-200," "," ","0",-194," "," ","0",-122," "," ","0",-122," "," ","0",-61," "," ","0",-22," "," ","0",-44," "," ","0",-83," "," ","0",-100," "," ","0",-78," "," ","0",-83," "," ","0",-89," "," ","0",-83," "," ","0",-67," "," ","0",-39," "," ","0",-22," "," ","0",0," "," ","0",-22," "," ","0",-6," "," ","0",50," "," ","0",-11," "," ","0",-17," "," ","0",-39," "," ","0",-39," "," ","0"
"4319","USC00413787",2005,12,"TOBS",-83," "," ","0",-22," "," ","0",-39," "," ","0",-22," "," ","0",-50," "," ","0",-122," "," ","0",-139," "," ","0",-194," "," ","0",-122," "," ","0",-17," "," ","0",-61," "," ","0",-17," "," ","0",50," "," ","0",-33," "," ","0",-78," "," ","0",-78," "," ","0",-22," "," ","0",-83," "," ","0",-83," "," ","0",-67," "," ","0",-39," "," ","0",-22," "," ","0",67," "," ","0",67," "," ","0",111," "," ","0",89," "," ","0",72," "," ","0",-11," "," ","0",0," "," ","0",-33," "," ","0",6," "," ","0"
"4320","USC00413787",2005,12,"PRCP",0," "," ","0",0," "," ","0",0," "," ","0",0," "," ","0",0," "," ","0",0," "," ","0",0," "," ","0",0," "," ","0",0," "," ","0",0," "," ","0",0," "," ","0",0," "," ","0",0," "," ","0",0," "," ","0",0," "," ","0",0," "," ","0",0," "," ","0",18," "," ","0",0," "," ","0",0," "," ","0",0," "," ","0",0," "," ","0",0," "," ","0",0," "," ","0",0," "," ","0",0," "," ","0",0," "," ","0",0," "," ","0",0," "," ","0",0," "," ","0",0," "," ","0"
"4321","USC00413787",2005,12,"SNOW",0,"P"," ","0",0,"P"," ","0",0,"P"," ","0",0,"P"," ","0",0,"P"," ","0",0,"P"," ","0",0,"P"," ","0",0,"P"," ","0",0,"P"," ","0",0,"P"," ","0",0,"P"," ","0",0,"P"," ","0",0,"P"," ","0",0,"P"," ","0",0,"P"," ","0",0,"P"," ","0",0,"P"," ","0",NA," "," "," ",0,"P"," ","0",0,"P"," ","0",0,"P"," ","0",0,"P"," ","0",0,"P"," ","0",0,"P"," ","0",0,"P"," ","0",0,"P"," ","0",0,"P"," ","0",0,"P"," ","0",0,"P"," ","0",0,"P"," ","0",0,"P"," ","0"
"4322","USC00413787",2005,12,"SNWD",0,"P"," ","0",0,"P"," ","0",0,"P"," ","0",0,"P"," ","0",0,"P"," ","0",0,"P"," ","0",0,"P"," ","0",0,"P"," ","0",0,"P"," ","0",0,"P"," ","0",0,"P"," ","0",0,"P"," ","0",0,"P"," ","0",0,"P"," ","0",0,"P"," ","0",0,"P"," ","0",0,"P"," ","0",0,"P"," ","0",0,"P"," ","0",0,"P"," ","0",0,"P"," ","0",0,"P"," ","0",0,"P"," ","0",0,"P"," ","0",0,"P"," ","0",0,"P"," ","0",0,"P"," ","0",0,"P"," ","0",0,"P"," ","0",0,"P"," ","0",0,"P"," ","0"
"4323","USC00413787",2006,1,"TMAX",200," "," ","0",144," "," ","0",150," "," ","0",228," "," ","0",122," "," ","0",117," "," ","0",222," "," ","0",250," "," ","0",167," "," ","0",11," "," ","0",139," "," ","0",206," "," ","0",122," "," ","0",117," "," ","0",183," "," ","0",211," "," ","0",44," "," ","0",100," "," ","0",206," "," ","0",161," "," ","0",50," "," ","0",100," "," ","0",100," "," ","0",128," "," ","0",167," "," ","0",144," "," ","0",156," "," ","0",178," "," ","0",178," "," ","0",106," "," ","0",128," "," ","0"
"4324","USC00413787",2006,1,"TMIN",-39," "," ","0",-11," "," ","0",-22," "," ","0",-17," "," ","0",-28," "," ","0",-72," "," ","0",-67," "," ","0",44," "," ","0",0," "," ","0",-94," "," ","0",-89," "," ","0",-56," "," ","0",-50," "," ","0",-50," "," ","0",-44," "," ","0",-6," "," ","0",-83," "," ","0",-83," "," ","0",-11," "," ","0",-11," "," ","0",-100," "," ","0",-72," "," ","0",-111," "," ","0",-106," "," ","0",-61," "," ","0",-61," "," ","0",-28," "," ","0",-22," "," ","0",-56," "," ","0",-61," "," ","0",-61," "," ","0"
"4325","USC00413787",2006,1,"TOBS",0," "," ","0",0," "," ","0",89," "," ","0",-17," "," ","0",-11," "," ","0",-67," "," ","0",67," "," ","0",50," "," ","0",11," "," ","0",-83," "," ","0",-56," "," ","0",-17," "," ","0",-50," "," ","0",28," "," ","0",50," "," ","0",17," "," ","0",-78," "," ","0",-6," "," ","0",22," "," ","0",0," "," ","0",-72," "," ","0",-61," "," ","0",-106," "," ","0",-33," "," ","0",-61," "," ","0",61," "," ","0",-17," "," ","0",11," "," ","0",-50," "," ","0",-61," "," ","0",17," "," ","0"
"4326","USC00413787",2006,1,"PRCP",0," "," ","0",25," "," ","0",0," "," ","0",0," "," ","0",0," "," ","0",0," "," ","0",0," "," ","0",0," "," ","0",0," "," ","0",5," "," ","0",0," "," ","0",0," "," ","0",3," "," ","0",0," "," ","0",0," "," ","0",0," "," ","0",5," "," ","0",0," "," ","0",0," "," ","0",0," "," ","0",0," "," ","0",0," "," ","0",0," "," ","0",0," "," ","0",0," "," ","0",0," "," ","0",0," "," ","0",0," "," ","0",0," "," ","0",0," "," ","0",0," "," ","0"
"4327","USC00413787",2006,1,"SNOW",0,"P"," ","0",0,"P"," ","0",0,"P"," ","0",0,"P"," ","0",0,"P"," ","0",0,"P"," ","0",0,"P"," ","0",0,"P"," ","0",0,"P"," ","0",0," "," ","0",0,"P"," ","0",0,"P"," ","0",0,"P"," ","0",0,"P"," ","0",0,"P"," ","0",0,"P"," ","0",0,"P"," ","0",0,"P"," ","0",0,"P"," ","0",0,"P"," ","0",0,"P"," ","0",0,"P"," ","0",0,"P"," ","0",0,"P"," ","0",0,"P"," ","0",0,"P"," ","0",0,"P"," ","0",0,"P"," ","0",0,"P"," ","0",0,"P"," ","0",0,"P"," ","0"
"4328","USC00413787",2006,1,"SNWD",0,"P"," ","0",0,"P"," ","0",0,"P"," ","0",0,"P"," ","0",0,"P"," ","0",0,"P"," ","0",0,"P"," ","0",0,"P"," ","0",0,"P"," ","0",0," "," ","0",0,"P"," ","0",0,"P"," ","0",0,"P"," ","0",0,"P"," ","0",0,"P"," ","0",0,"P"," ","0",0,"P"," ","0",0,"P"," ","0",0,"P"," ","0",0,"P"," ","0",0,"P"," ","0",0,"P"," ","0",0,"P"," ","0",0,"P"," ","0",0,"P"," ","0",0,"P"," ","0",0,"P"," ","0",0,"P"," ","0",0,"P"," ","0",0,"P"," ","0",0,"P"," ","0"
"4329","USC00413787",2006,2,"TMAX",228," "," ","0",228," "," ","0",161," "," ","0",133," "," ","0",122," "," ","0",167," "," ","0",167," "," ","0",156," "," ","0",167," "," ","0",206," "," ","0",33," "," ","0",39," "," ","0",117," "," ","0",189," "," ","0",194," "," ","0",139," "," ","0",39," "," ","0",-6," "," ","0",-72," "," ","0",44," "," ","0",94," "," ","0",139," "," ","0",117," "," ","0",122," "," ","0",206," "," ","0",83," "," ","0",200," "," ","0",267," "," ","0",NA," "," "," ",NA," "," "," ",NA," "," "," "
"4330","USC00413787",2006,2,"TMIN",-33," "," ","0",-33," "," ","0",-39," "," ","0",-50," "," ","0",-17," "," ","0",-61," "," ","0",-72," "," ","0",-61," "," ","0",-61," "," ","0",-56," "," ","0",-100," "," ","0",-111," "," ","0",-72," "," ","0",-61," "," ","0",-33," "," ","0",-78," "," ","0",-117," "," ","0",-167," "," ","0",-167," "," ","0",-117," "," ","0",-78," "," ","0",-61," "," ","0",-72," "," ","0",-61," "," ","0",-17," "," ","0",-78," "," ","0",11," "," ","0",6," "," ","0",NA," "," "," ",NA," "," "," ",NA," "," "," "
"4331","USC00413787",2006,2,"TOBS",-28," "," ","0",-28," "," ","0",-39," "," ","0",-17," "," ","0",61," "," ","0",-44," "," ","0",-61," "," ","0",-22," "," ","0",-56," "," ","0",-11," "," ","0",-67," "," ","0",-33," "," ","0",-61," "," ","0",-33," "," ","0",-6," "," ","0",-56," "," ","0",-111," "," ","0",-161," "," ","0",-117," "," ","0",-78," "," ","0",-56," "," ","0",-56," "," ","0",-61," "," ","0",-6," "," ","0",-17," "," ","0",11," "," ","0",61," "," ","0",17," "," ","0",NA," "," "," ",NA," "," "," ",NA," "," "," "
"4332","USC00413787",2006,2,"PRCP",0," "," ","0",0," "," ","0",0," "," ","0",0," "," ","0",0," "," ","0",0," "," ","0",0," "," ","0",0," "," ","0",0," "," ","0",0," "," ","0",0," "," ","0",0," "," ","0",0," "," ","0",0," "," ","0",0," "," ","0",0," "," ","0",0," "," ","0",0," "," ","0",0," "," ","0",0," "," ","0",0," "," ","0",0," "," ","0",0," "," ","0",0," "," ","0",0," "," ","0",0," "," ","0",0," "," ","0",0," "," ","0",NA," "," "," ",NA," "," "," ",NA," "," "," "
"4333","USC00413787",2006,2,"SNOW",0,"P"," ","0",0,"P"," ","0",0,"P"," ","0",0,"P"," ","0",0,"P"," ","0",0,"P"," ","0",0,"P"," ","0",0,"P"," ","0",0,"P"," ","0",0,"P"," ","0",0,"P"," ","0",0,"P"," ","0",0,"P"," ","0",0,"P"," ","0",0,"P"," ","0",0,"P"," ","0",0,"P"," ","0",0,"P"," ","0",0,"P"," ","0",0,"P"," ","0",0,"P"," ","0",0,"P"," ","0",0,"P"," ","0",0,"P"," ","0",0,"P"," ","0",0,"P"," ","0",0,"P"," ","0",0,"P"," ","0",NA," "," "," ",NA," "," "," ",NA," "," "," "
"4334","USC00413787",2006,2,"SNWD",0,"P"," ","0",0,"P"," ","0",0,"P"," ","0",0,"P"," ","0",0,"P"," ","0",0,"P"," ","0",0,"P"," ","0",0,"P"," ","0",0,"P"," ","0",0,"P"," ","0",0,"P"," ","0",0,"P"," ","0",0,"P"," ","0",0,"P"," ","0",0,"P"," ","0",0,"P"," ","0",0,"P"," ","0",0,"P"," ","0",0,"P"," ","0",0,"P"," ","0",0,"P"," ","0",0,"P"," ","0",0,"P"," ","0",0,"P"," ","0",0,"P"," ","0",0,"P"," ","0",0,"P"," ","0",0,"P"," ","0",NA," "," "," ",NA," "," "," ",NA," "," "," "
"4335","USC00413787",2006,3,"TMAX",289," "," ","0",244," "," ","0",106," "," ","0",139," "," ","0",200," "," ","0",200," "," ","0",267," "," ","0",267," "," ","0",211," "," ","0",144," "," ","0",150," "," ","0",200," "," ","0",200," "," ","0",106," "," ","0",161," "," ","0",206," "," ","0",167," "," ","0",167," "," ","0",67," "," ","0",83," "," ","0",50," "," ","0",-6," "," ","0",-11," "," ","0",11," "," ","0",178," "," ","0",194," "," ","0",272," "," ","0",167," "," ","0",222," "," ","0",261," "," ","0",256," "," ","0"
"4336","USC00413787",2006,3,"TMIN",17," "," ","0",39," "," ","0",-33," "," ","0",-17," "," ","0",44," "," ","0",33," "," ","0",22," "," ","0",94," "," ","0",17," "," ","0",17," "," ","0",17," "," ","0",6," "," ","0",-50," "," ","0",-72," "," ","0",-44," "," ","0",17," "," ","0",17," "," ","0",6," "," ","0",22," "," ","0",11," "," ","0",-78," "," ","0",-61," "," ","0",-44," "," ","0",-50," "," ","0",-22," "," ","0",-28," "," ","0",11," "," ","0",17," "," ","0",50," "," ","0",50," "," ","0",33," "," ","0"
"4337","USC00413787",2006,3,"TOBS",139," "," ","0",50," "," ","0",-22," "," ","0",78," "," ","0",44," "," ","0",56," "," ","0",106," "," ","0",106," "," ","0",17," "," ","0",61," "," ","0",17," "," ","0",83," "," ","0",-11," "," ","0",-44," "," ","0",61," "," ","0",39," "," ","0",28," "," ","0",22," "," ","0",44," "," ","0",17," "," ","0",-61," "," ","0",-39," "," ","0",-39," "," ","0",-22," "," ","0",-6," "," ","0",89," "," ","0",44," "," ","0",50," "," ","0",111," "," ","0",122," "," ","0",94," "," ","0"
"4338","USC00413787",2006,3,"PRCP",0,"P"," ","0",0,"P"," ","0",5," "," ","0",0,"P"," ","0",0,"P"," ","0",0,"P"," ","0",0,"P"," ","0",0,"P"," ","0",0,"P"," ","0",0,"P"," ","0",0,"P"," ","0",0,"P"," ","0",0,"P"," ","0",0,"P"," ","0",0,"P"," ","0",0,"P"," ","0",0,"P"," ","0",5," "," ","0",119," "," ","0",191," "," ","0",36," "," ","0",0,"P"," ","0",36," "," ","0",0,"P"," ","0",0,"P"," ","0",0,"P"," ","0",0,"P"," ","0",0,"P"," ","0",0,"P"," ","0",0,"P"," ","0",0,"P"," ","0"
"4339","USC00413787",2006,3,"SNOW",0,"P"," ","0",0,"P"," ","0",0,"P"," ","0",0,"P"," ","0",0,"P"," ","0",0,"P"," ","0",0,"P"," ","0",0,"P"," ","0",0,"P"," ","0",0,"P"," ","0",0,"P"," ","0",0,"P"," ","0",0,"P"," ","0",0,"P"," ","0",0,"P"," ","0",0,"P"," ","0",0,"P"," ","0",0,"P"," ","0",0,"P"," ","0",0,"P"," ","0",0,"P"," ","0",0,"P"," ","0",5," "," ","0",0,"P"," ","0",0,"P"," ","0",0,"P"," ","0",0,"P"," ","0",0,"P"," ","0",0,"P"," ","0",0,"P"," ","0",0,"P"," ","0"
"4340","USC00413787",2006,3,"SNWD",0,"P"," ","0",0,"P"," ","0",0,"P"," ","0",0,"P"," ","0",0,"P"," ","0",0,"P"," ","0",0,"P"," ","0",0,"P"," ","0",0,"P"," ","0",0,"P"," ","0",0,"P"," ","0",0,"P"," ","0",0,"P"," ","0",0,"P"," ","0",0,"P"," ","0",0,"P"," ","0",0,"P"," ","0",0,"P"," ","0",0,"P"," ","0",0,"P"," ","0",0,"P"," ","0",0,"P"," ","0",0,"P"," ","0",0,"P"," ","0",0,"P"," ","0",0,"P"," ","0",0,"P"," ","0",0,"P"," ","0",0,"P"," ","0",0,"P"," ","0",0,"P"," ","0"
"4341","USC00413787",2006,4,"TMAX",211," "," ","0",261," "," ","0",244," "," ","0",239," "," ","0",250," "," ","0",306," "," ","0",306," "," ","0",122," "," ","0",183," "," ","0",300," "," ","0",311," "," ","0",283," "," ","0",283," "," ","0",344," "," ","0",311," "," ","0",294," "," ","0",300," "," ","0",333," "," ","0",222," "," ","0",206," "," ","0",261," "," ","0",294," "," ","0",317," "," ","0",350," "," ","0",211," "," ","0",211," "," ","0",217," "," ","0",278," "," ","0",156," "," ","0",194," "," ","0",NA," "," "," "
"4342","USC00413787",2006,4,"TMIN",17," "," ","0",-28," "," ","0",11," "," ","0",11," "," ","0",33," "," ","0",94," "," ","0",56," "," ","0",-17," "," ","0",33," "," ","0",106," "," ","0",117," "," ","0",44," "," ","0",67," "," ","0",117," "," ","0",144," "," ","0",83," "," ","0",83," "," ","0",83," "," ","0",6," "," ","0",11," "," ","0",11," "," ","0",44," "," ","0",117," "," ","0",117," "," ","0",6," "," ","0",-11," "," ","0",6," "," ","0",89," "," ","0",78," "," ","0",39," "," ","0",NA," "," "," "
"4343","USC00413787",2006,4,"TOBS",78," "," ","0",100," "," ","0",39," "," ","0",67," "," ","0",133," "," ","0",94," "," ","0",56," "," ","0",33," "," ","0",111," "," ","0",122," "," ","0",189," "," ","0",67," "," ","0",117," "," ","0",156," "," ","0",172," "," ","0",178," "," ","0",117," "," ","0",83," "," ","0",28," "," ","0",50," "," ","0",44," "," ","0",150," "," ","0",178," "," ","0",128," "," ","0",11," "," ","0",6," "," ","0",89," "," ","0",133," "," ","0",94," "," ","0",67," "," ","0",NA," "," "," "
"4344","USC00413787",2006,4,"PRCP",0," "," ","0",0," "," ","0",0," "," ","0",0," "," ","0",0," "," ","0",0," "," ","0",0," "," ","0",0," "," ","0",0," "," ","0",0," "," ","0",0," "," ","0",0," "," ","0",0," "," ","0",0," "," ","0",0," "," ","0",0," "," ","0",0," "," ","0",0," "," ","0",0," "," ","0",0," "," ","0",0," "," ","0",0," "," ","0",0," "," ","0",0," "," ","0",0," "," ","0",0," "," ","0",0," "," ","0",5," "," ","0",20," "," ","0",15," "," ","0",NA," "," "," "
"4345","USC00413787",2006,4,"SNOW",0,"P"," ","0",0,"P"," ","0",0,"P"," ","0",0,"P"," ","0",0,"P"," ","0",0,"P"," ","0",0,"P"," ","0",0,"P"," ","0",0,"P"," ","0",0,"P"," ","0",0,"P"," ","0",0,"P"," ","0",0,"P"," ","0",0,"P"," ","0",0,"P"," ","0",0,"P"," ","0",0,"P"," ","0",0,"P"," ","0",0,"P"," ","0",0,"P"," ","0",0,"P"," ","0",0,"P"," ","0",0,"P"," ","0",0,"P"," ","0",0,"P"," ","0",0,"P"," ","0",0,"P"," ","0",0,"P"," ","0",0,"P"," ","0",0,"P"," ","0",NA," "," "," "
"4346","USC00413787",2006,4,"SNWD",0,"P"," ","0",0,"P"," ","0",0,"P"," ","0",0,"P"," ","0",0,"P"," ","0",0,"P"," ","0",0,"P"," ","0",0,"P"," ","0",0,"P"," ","0",0,"P"," ","0",0,"P"," ","0",0,"P"," ","0",0,"P"," ","0",0,"P"," ","0",0,"P"," ","0",0,"P"," ","0",0,"P"," ","0",0,"P"," ","0",0,"P"," ","0",0,"P"," ","0",0,"P"," ","0",0,"P"," ","0",0,"P"," ","0",0,"P"," ","0",0,"P"," ","0",0,"P"," ","0",0,"P"," ","0",0,"P"," ","0",0,"P"," ","0",0,"P"," ","0",NA," "," "," "
"4347","USC00413787",2006,5,"TMAX",278," "," ","0",267," "," ","0",328," "," ","0",189," "," ","0",144," "," ","0",117," "," ","0",178," "," ","0",244," "," ","0",317," "," ","0",272," "," ","0",178," "," ","0",222," "," ","0",300," "," ","0",311," "," ","0",244," "," ","0",228," "," ","0",256," "," ","0",300," "," ","0",339," "," ","0",372," "," ","0",367," "," ","0",344," "," ","0",333," "," ","0",372," "," ","0",339," "," ","0",383," "," ","0",367," "," ","0",372," "," ","0",372," "," ","0",322," "," ","0",322," "," ","0"
"4348","USC00413787",2006,5,"TMIN",39," "," ","0",83," "," ","0",94," "," ","0",83," "," ","0",67," "," ","0",67," "," ","0",83," "," ","0",106," "," ","0",117," "," ","0",78," "," ","0",22," "," ","0",56," "," ","0",78," "," ","0",122," "," ","0",61," "," ","0",67," "," ","0",89," "," ","0",111," "," ","0",133," "," ","0",144," "," ","0",150," "," ","0",156," "," ","0",144," "," ","0",139," "," ","0",156," "," ","0",172," "," ","0",167," "," ","0",167," "," ","0",144," "," ","0",144," "," ","0",200," "," ","0"
"4349","USC00413787",2006,5,"TOBS",117," "," ","0",94," "," ","0",122," "," ","0",83," "," ","0",67," "," ","0",83," "," ","0",106," "," ","0",150," "," ","0",117," "," ","0",78," "," ","0",61," "," ","0",89," "," ","0",122," "," ","0",156," "," ","0",78," "," ","0",100," "," ","0",122," "," ","0",144," "," ","0",178," "," ","0",183," "," ","0",200," "," ","0",189," "," ","0",194," "," ","0",172," "," ","0",172," "," ","0",228," "," ","0",222," "," ","0",233," "," ","0",144," "," ","0",211," "," ","0",211," "," ","0"
"4350","USC00413787",2006,5,"PRCP",0," "," ","0",0," "," ","0",0," "," ","0",0," "," ","0",13," "," ","0",114," "," ","0",5," "," ","0",0," "," ","0",0," "," ","0",91," "," ","0",0," "," ","0",0," "," ","0",0," "," ","0",0," "," ","0",0," "," ","0",0," "," ","0",0," "," ","0",0," "," ","0",0," "," ","0",0," "," ","0",0," "," ","0",0," "," ","0",3," "," ","0",0," "," ","0",0," "," ","0",0," "," ","0",0," "," ","0",0," "," ","0",0," "," ","0",0," "," ","0",0," "," ","0"
"4351","USC00413787",2006,5,"SNOW",0,"P"," ","0",0,"P"," ","0",0,"P"," ","0",0,"P"," ","0",0,"P"," ","0",0,"P"," ","0",0,"P"," ","0",0,"P"," ","0",0,"P"," ","0",0,"P"," ","0",0,"P"," ","0",0,"P"," ","0",0,"P"," ","0",0,"P"," ","0",0,"P"," ","0",0,"P"," ","0",0,"P"," ","0",0,"P"," ","0",0,"P"," ","0",0,"P"," ","0",0,"P"," ","0",0,"P"," ","0",0,"P"," ","0",0,"P"," ","0",0,"P"," ","0",0,"P"," ","0",0,"P"," ","0",0,"P"," ","0",0,"P"," ","0",0,"P"," ","0",0,"P"," ","0"
"4352","USC00413787",2006,5,"SNWD",0,"P"," ","0",0,"P"," ","0",0,"P"," ","0",0,"P"," ","0",0,"P"," ","0",0,"P"," ","0",0,"P"," ","0",0,"P"," ","0",0,"P"," ","0",0,"P"," ","0",0,"P"," ","0",0,"P"," ","0",0,"P"," ","0",0,"P"," ","0",0,"P"," ","0",0,"P"," ","0",0,"P"," ","0",0,"P"," ","0",0,"P"," ","0",0,"P"," ","0",0,"P"," ","0",0,"P"," ","0",0,"P"," ","0",0,"P"," ","0",0,"P"," ","0",0,"P"," ","0",0,"P"," ","0",0,"P"," ","0",0,"P"," ","0",0,"P"," ","0",0,"P"," ","0"
"4353","USC00413787",2006,6,"TMAX",317," "," ","0",278," "," ","0",300," "," ","0",350," "," ","0",383," "," ","0",406," "," ","0",356," "," ","0",356," "," ","0",344," "," ","0",372," "," ","0",378," "," ","0",350," "," ","0",339," "," ","0",344," "," ","0",372," "," ","0",361," "," ","0",311," "," ","0",311," "," ","0",372," "," ","0",394," "," ","0",394," "," ","0",383," "," ","0",311," "," ","0",283," "," ","0",283," "," ","0",289," "," ","0",272," "," ","0",306," "," ","0",328," "," ","0",339," "," ","0",NA," "," "," "
"4354","USC00413787",2006,6,"TMIN",144," "," ","0",133," "," ","0",150," "," ","0",211," "," ","0",194," "," ","0",194," "," ","0",183," "," ","0",156," "," ","0",167," "," ","0",167," "," ","0",56," ","S","0",178," "," ","0",172," "," ","0",183," "," ","0",211," "," ","0",211," "," ","0",117," "," ","0",117," "," ","0",172," "," ","0",217," "," ","0",211," "," ","0",172," "," ","0",139," "," ","0",144," "," ","0",172," "," ","0",128," "," ","0",139," "," ","0",150," "," ","0",178," "," ","0",178," "," ","0",NA," "," "," "
"4355","USC00413787",2006,6,"TOBS",150," "," ","0",150," "," ","0",211," "," ","0",250," "," ","0",239," "," ","0",200," "," ","0",211," "," ","0",194," "," ","0",206," "," ","0",239," "," ","0",194," "," ","0",200," "," ","0",183," "," ","0",228," "," ","0",211," "," ","0",211," "," ","0",172," "," ","0",172," "," ","0",222," "," ","0",222," "," ","0",228," "," ","0",178," "," ","0",144," "," ","0",194," "," ","0",200," "," ","0",161," "," ","0",178," "," ","0",178," "," ","0",200," "," ","0",217," "," ","0",NA," "," "," "
"4356","USC00413787",2006,6,"PRCP",61," "," ","0",0," "," ","0",0," "," ","0",10," "," ","0",0," "," ","0",0," "," ","0",0," "," ","0",0," "," ","0",0," "," ","0",0," "," ","0",0," "," ","0",8," "," ","0",0," "," ","0",8," "," ","0",0," "," ","0",58," "," ","0",28," "," ","0",0," "," ","0",0," "," ","0",0," "," ","0",0," "," ","0",53," "," ","0",109," "," ","0",0," "," ","0",0," "," ","0",0," "," ","0",0," "," ","0",0," "," ","0",0," "," ","0",0," "," ","0",NA," "," "," "
"4357","USC00413787",2006,6,"SNOW",0,"P"," ","0",0,"P"," ","0",0,"P"," ","0",0,"P"," ","0",0,"P"," ","0",0,"P"," ","0",0,"P"," ","0",0,"P"," ","0",0,"P"," ","0",0,"P"," ","0",0,"P"," ","0",0,"P"," ","0",0,"P"," ","0",0,"P"," ","0",0,"P"," ","0",0,"P"," ","0",0,"P"," ","0",0,"P"," ","0",0,"P"," ","0",0,"P"," ","0",0,"P"," ","0",0,"P"," ","0",0,"P"," ","0",0,"P"," ","0",0,"P"," ","0",0,"P"," ","0",0,"P"," ","0",0,"P"," ","0",0,"P"," ","0",0,"P"," ","0",NA," "," "," "
"4358","USC00413787",2006,6,"SNWD",0,"P"," ","0",0,"P"," ","0",0,"P"," ","0",0,"P"," ","0",0,"P"," ","0",0,"P"," ","0",0,"P"," ","0",0,"P"," ","0",0,"P"," ","0",0,"P"," ","0",0,"P"," ","0",0,"P"," ","0",0,"P"," ","0",0,"P"," ","0",0,"P"," ","0",0,"P"," ","0",0,"P"," ","0",0,"P"," ","0",0,"P"," ","0",0,"P"," ","0",0,"P"," ","0",0,"P"," ","0",0,"P"," ","0",0,"P"," ","0",0,"P"," ","0",0,"P"," ","0",0,"P"," ","0",0,"P"," ","0",0,"P"," ","0",0,"P"," ","0",NA," "," "," "
"4359","USC00413787",2006,7,"TMAX",350," "," ","0",356," "," ","0",356," "," ","0",361," "," ","0",267," "," ","0",239," "," ","0",267," "," ","0",328," "," ","0",328," "," ","0",317," "," ","0",333," "," ","0",350," "," ","0",344," "," ","0",389," "," ","0",378," "," ","0",372," "," ","0",378," "," ","0",389," "," ","0",389," "," ","0",389," "," ","0",389," "," ","0",317," "," ","0",322," "," ","0",344," "," ","0",372," "," ","0",394," "," ","0",378," "," ","0",339," "," ","0",344," "," ","0",356," "," ","0",361," "," ","0"
"4360","USC00413787",2006,7,"TMIN",194," "," ","0",194," "," ","0",178," "," ","0",194," "," ","0",183," "," ","0",183," "," ","0",183," "," ","0",189," "," ","0",189," "," ","0",178," "," ","0",183," "," ","0",183," "," ","0",206," "," ","0",217," "," ","0",200," "," ","0",189," "," ","0",222," "," ","0",211," "," ","0",211," "," ","0",194," "," ","0",206," "," ","0",144," "," ","0",172," "," ","0",172," "," ","0",206," "," ","0",217," "," ","0",211," "," ","0",200," "," ","0",194," "," ","0",211," "," ","0",228," "," ","0"
"4361","USC00413787",2006,7,"TOBS",194," "," ","0",239," "," ","0",211," "," ","0",228," "," ","0",189," "," ","0",183," "," ","0",200," "," ","0",222," "," ","0",217," "," ","0",194," "," ","0",194," "," ","0",206," "," ","0",217," "," ","0",228," "," ","0",267," "," ","0",239," "," ","0",239," "," ","0",228," "," ","0",244," "," ","0",233," "," ","0",211," "," ","0",172," "," ","0",211," "," ","0",206," "," ","0",222," "," ","0",222," "," ","0",217," "," ","0",222," "," ","0",222," "," ","0",256," "," ","0",244," "," ","0"
"4362","USC00413787",2006,7,"PRCP",0," "," ","0",0," "," ","0",0," "," ","0",3," "," ","0",66," "," ","0",348," "," ","0",0," "," ","0",0," "," ","0",53," "," ","0",53," "," ","0",0," "," ","0",104," "," ","0",0," "," ","0",0," "," ","0",15," "," ","0",0," "," ","0",0," "," ","0",0," "," ","0",0," "," ","0",0," "," ","0",0," "," ","0",0," "," ","0",0," "," ","0",0," "," ","0",0," "," ","0",0," "," ","0",0," "," ","0",0," "," ","0",0," "," ","0",0," "," ","0",0," "," ","0"
"4363","USC00413787",2006,7,"SNOW",0,"P"," ","0",0,"P"," ","0",0,"P"," ","0",0,"P"," ","0",0,"P"," ","0",0,"P"," ","0",0,"P"," ","0",0,"P"," ","0",0,"P"," ","0",0,"P"," ","0",0,"P"," ","0",0,"P"," ","0",0,"P"," ","0",0,"P"," ","0",0,"P"," ","0",0,"P"," ","0",0,"P"," ","0",0,"P"," ","0",0,"P"," ","0",0,"P"," ","0",0,"P"," ","0",0,"P"," ","0",0,"P"," ","0",0,"P"," ","0",0,"P"," ","0",0,"P"," ","0",0,"P"," ","0",0,"P"," ","0",0,"P"," ","0",0,"P"," ","0",0,"P"," ","0"
"4364","USC00413787",2006,7,"SNWD",0,"P"," ","0",0,"P"," ","0",0,"P"," ","0",0,"P"," ","0",0,"P"," ","0",0,"P"," ","0",0,"P"," ","0",0,"P"," ","0",0,"P"," ","0",0,"P"," ","0",0,"P"," ","0",0,"P"," ","0",0,"P"," ","0",0,"P"," ","0",0,"P"," ","0",0,"P"," ","0",0,"P"," ","0",0,"P"," ","0",0,"P"," ","0",0,"P"," ","0",0,"P"," ","0",0,"P"," ","0",0,"P"," ","0",0,"P"," ","0",0,"P"," ","0",0,"P"," ","0",0,"P"," ","0",0,"P"," ","0",0,"P"," ","0",0,"P"," ","0",0,"P"," ","0"
"4365","USC00413787",2006,9,"TMAX",333," "," ","0",311," "," ","0",144," "," ","0",189," "," ","0",256," "," ","0",250," "," ","0",250," "," ","0",267," "," ","0",233," "," ","0",256," "," ","0",261," "," ","0",261," "," ","0",250," "," ","0",294," "," ","0",294," "," ","0",311," "," ","0",367," "," ","0",211," "," ","0",233," "," ","0",278," "," ","0",306," "," ","0",256," "," ","0",267," "," ","0",206," "," ","0",217," "," ","0",256," "," ","0",289," "," ","0",217," "," ","0",267," "," ","0",306," "," ","0",NA," "," "," "
"4366","USC00413787",2006,9,"TMIN",161," "," ","0",111," "," ","0",106," "," ","0",133," "," ","0",128," "," ","0",117," "," ","0",122," "," ","0",150," "," ","0",161," "," ","0",156," "," ","0",150," "," ","0",133," "," ","0",133," "," ","0",139," "," ","0",172," "," ","0",183," "," ","0",89," "," ","0",78," "," ","0",83," "," ","0",83," "," ","0",128," "," ","0",78," "," ","0",78," "," ","0",72," "," ","0",56," "," ","0",61," "," ","0",78," "," ","0",50," "," ","0",50," "," ","0",89," "," ","0",NA," "," "," "
"4367","USC00413787",2006,9,"TOBS",167," "," ","0",111," "," ","0",133," "," ","0",156," "," ","0",133," "," ","0",122," "," ","0",150," "," ","0",161," "," ","0",167," "," ","0",189," "," ","0",150," "," ","0",139," "," ","0",144," "," ","0",172," "," ","0",183," "," ","0",206," "," ","0",111," "," ","0",94," "," ","0",83," "," ","0",144," "," ","0",128," "," ","0",78," "," ","0",89," "," ","0",72," "," ","0",61," "," ","0",89," "," ","0",83," "," ","0",61," "," ","0",89," "," ","0",106," "," ","0",NA," "," "," "
"4368","USC00413787",2006,9,"PRCP",0," "," ","0",297," "," ","0",3," "," ","0",0," "," ","0",0," "," ","0",0," "," ","0",135," "," ","0",0," "," ","0",13," "," ","0",0," "," ","0",0," "," ","0",135," "," ","0",0," "," ","0",0," "," ","0",36," "," ","0",0," "," ","0",0," "," ","0",0," "," ","0",0," "," ","0",0," "," ","0",5," "," ","0",0," "," ","0",5," "," ","0",0," "," ","0",0," "," ","0",0," "," ","0",0," "," ","0",0," "," ","0",0," "," ","0",0," "," ","0",NA," "," "," "
"4369","USC00413787",2006,9,"SNOW",0,"P"," ","0",0,"P"," ","0",0,"P"," ","0",0,"P"," ","0",0,"P"," ","0",0,"P"," ","0",0,"P"," ","0",0,"P"," ","0",0,"P"," ","0",0,"P"," ","0",0,"P"," ","0",0,"P"," ","0",0,"P"," ","0",0,"P"," ","0",0,"P"," ","0",0,"P"," ","0",0,"P"," ","0",0,"P"," ","0",0,"P"," ","0",0,"P"," ","0",0,"P"," ","0",0,"P"," ","0",0,"P"," ","0",0,"P"," ","0",0,"P"," ","0",0,"P"," ","0",0,"P"," ","0",0,"P"," ","0",0,"P"," ","0",0,"P"," ","0",NA," "," "," "
"4370","USC00413787",2006,9,"SNWD",NA," "," "," ",0,"P"," ","0",0,"P"," ","0",0,"P"," ","0",0,"P"," ","0",0,"P"," ","0",0,"P"," ","0",0,"P"," ","0",0,"P"," ","0",0,"P"," ","0",0,"P"," ","0",0,"P"," ","0",0,"P"," ","0",0,"P"," ","0",0,"P"," ","0",0,"P"," ","0",0,"P"," ","0",0,"P"," ","0",0,"P"," ","0",0,"P"," ","0",0,"P"," ","0",0,"P"," ","0",0,"P"," ","0",0,"P"," ","0",0,"P"," ","0",0,"P"," ","0",0,"P"," ","0",0,"P"," ","0",0,"P"," ","0",0,"P"," ","0",NA," "," "," "
"4371","USC00413787",2006,10,"TMAX",317," "," ","0",339," "," ","0",333," "," ","0",333," "," ","0",261," "," ","0",272," "," ","0",289," "," ","0",283," "," ","0",261," "," ","0",89," "," ","0",139," "," ","0",211," "," ","0",128," "," ","0",194," "," ","0",200," "," ","0",183," "," ","0",239," "," ","0",200," "," ","0",111," "," ","0",178," "," ","0",222," "," ","0",117," "," ","0",139," "," ","0",211," "," ","0",256," "," ","0",244," "," ","0",161," "," ","0",172," "," ","0",250," "," ","0",250," "," ","0",261," "," ","0"
"4372","USC00413787",2006,10,"TMIN",106," "," ","0",133," "," ","0",133," "," ","0",122," "," ","0",94," "," ","0",94," "," ","0",94," "," ","0",139," "," ","0",61," "," ","0",56," "," ","0",28," "," ","0",33," "," ","0",44," "," ","0",44," "," ","0",83," "," ","0",128," "," ","0",72," "," ","0",28," "," ","0",28," "," ","0",28," "," ","0",44," "," ","0",-6," "," ","0",-6," "," ","0",-6," "," ","0",61," "," ","0",61," "," ","0",28," "," ","0",6," "," ","0",17," "," ","0",33," "," ","0",-33," "," ","0"
"4373","USC00413787",2006,10,"TOBS",156," "," ","0",133," "," ","0",172," "," ","0",122," "," ","0",94," "," ","0",139," "," ","0",139," "," ","0",172," "," ","0",61," "," ","0",67," "," ","0",33," "," ","0",50," "," ","0",44," "," ","0",83," "," ","0",139," "," ","0",128," "," ","0",83," "," ","0",33," "," ","0",28," "," ","0",44," "," ","0",72," "," ","0",17," "," ","0",0," "," ","0",61," "," ","0",83," "," ","0",61," "," ","0",28," "," ","0",22," "," ","0",33," "," ","0",111," "," ","0",-17," "," ","0"
"4374","USC00413787",2006,10,"PRCP",0," "," ","0",0," "," ","0",0," "," ","0",0," "," ","0",0," "," ","0",0," "," ","0",0," "," ","0",0," "," ","0",340," "," ","0",170," "," ","0",0," "," ","0",0," "," ","0",0," "," ","0",0," "," ","0",38," "," ","0",0," "," ","0",0," "," ","0",0," "," ","0",0," "," ","0",0," "," ","0",0," "," ","0",0," "," ","0",0," "," ","0",0," "," ","0",0," "," ","0",0," "," ","0",18," "," ","0",0," "," ","0",0," "," ","0",0," "," ","0",0," "," ","0"
"4375","USC00413787",2006,10,"SNOW",0,"P"," ","0",0,"P"," ","0",0,"P"," ","0",0,"P"," ","0",0,"P"," ","0",0,"P"," ","0",0,"P"," ","0",0,"P"," ","0",0,"P"," ","0",0,"P"," ","0",0,"P"," ","0",0,"P"," ","0",0,"P"," ","0",0,"P"," ","0",0,"P"," ","0",0,"P"," ","0",0,"P"," ","0",0,"P"," ","0",0,"P"," ","0",0,"P"," ","0",0,"P"," ","0",0,"P"," ","0",0,"P"," ","0",0,"P"," ","0",0,"P"," ","0",0,"P"," ","0",0,"P"," ","0",0,"P"," ","0",0,"P"," ","0",0,"P"," ","0",0,"P"," ","0"
"4376","USC00413787",2006,10,"SNWD",0,"P"," ","0",0,"P"," ","0",0,"P"," ","0",0,"P"," ","0",0,"P"," ","0",0,"P"," ","0",0,"P"," ","0",0,"P"," ","0",0,"P"," ","0",0,"P"," ","0",0,"P"," ","0",0,"P"," ","0",0,"P"," ","0",0,"P"," ","0",0,"P"," ","0",0,"P"," ","0",0,"P"," ","0",0,"P"," ","0",0,"P"," ","0",0,"P"," ","0",0,"P"," ","0",0,"P"," ","0",0,"P"," ","0",0,"P"," ","0",0,"P"," ","0",0,"P"," ","0",0,"P"," ","0",0,"P"," ","0",0,"P"," ","0",0,"P"," ","0",0,"P"," ","0"
"4377","USC00413787",2006,11,"TMAX",256," "," ","0",94," "," ","0",117," "," ","0",178," "," ","0",183," "," ","0",156," "," ","0",200," "," ","0",256," "," ","0",300," "," ","0",189," "," ","0",122," "," ","0",156," "," ","0",206," "," ","0",111," "," ","0",222," "," ","0",222," "," ","0",167," "," ","0",189," "," ","0",189," "," ","0",167," "," ","0",161," "," ","0",233," "," ","0",261," "," ","0",233," "," ","0",161," "," ","0",172," "," ","0",206," "," ","0",172," "," ","0",183," "," ","0",183," "," ","0",NA," "," "," "
"4378","USC00413787",2006,11,"TMIN",-39," "," ","0",-44," "," ","0",-22," "," ","0",28," "," ","0",50," "," ","0",22," "," ","0",44," "," ","0",44," "," ","0",56," "," ","0",11," "," ","0",-61," "," ","0",-61," "," ","0",-61," "," ","0",-33," "," ","0",-33," "," ","0",-61," "," ","0",-50," "," ","0",-28," "," ","0",-28," "," ","0",-61," "," ","0",-61," "," ","0",0," "," ","0",-22," "," ","0",-11," "," ","0",11," "," ","0",22," "," ","0",0," "," ","0",0," "," ","0",-61," "," ","0",-100," "," ","0",NA," "," "," "
"4379","USC00413787",2006,11,"TOBS",-28," "," ","0",-22," "," ","0",28," "," ","0",56," "," ","0",61," "," ","0",56," "," ","0",89," "," ","0",56," "," ","0",78," "," ","0",11," "," ","0",-61," "," ","0",89," "," ","0",-33," "," ","0",-17," "," ","0",0," "," ","0",-50," "," ","0",44," "," ","0",28," "," ","0",6," "," ","0",-61," "," ","0",33," "," ","0",17," "," ","0",-11," "," ","0",78," "," ","0",33," "," ","0",61," "," ","0",0," "," ","0",39," "," ","0",-61," "," ","0",-100," "," ","0",NA," "," "," "
"4380","USC00413787",2006,11,"PRCP",0," "," ","0",0," "," ","0",0," "," ","0",0," "," ","0",0," "," ","0",0," "," ","0",0," "," ","0",0," "," ","0",0," "," ","0",0," "," ","0",0," "," ","0",0," "," ","0",0," "," ","0",0," "," ","0",0," "," ","0",0," "," ","0",0," "," ","0",0," "," ","0",0," "," ","0",0," "," ","0",0," "," ","0",0," "," ","0",0," "," ","0",0," "," ","0",0," "," ","0",0," "," ","0",0," "," ","0",0," "," ","0",0," "," ","0",86," "," ","0",NA," "," "," "
"4381","USC00413787",2006,11,"SNOW",0,"P"," ","0",0,"P"," ","0",0,"P"," ","0",0,"P"," ","0",0,"P"," ","0",0,"P"," ","0",0,"P"," ","0",0,"P"," ","0",0,"P"," ","0",0,"P"," ","0",0,"P"," ","0",0,"P"," ","0",0,"P"," ","0",0,"P"," ","0",0,"P"," ","0",0,"P"," ","0",0,"P"," ","0",0,"P"," ","0",0,"P"," ","0",0,"P"," ","0",0,"P"," ","0",0,"P"," ","0",0,"P"," ","0",0,"P"," ","0",0,"P"," ","0",0,"P"," ","0",0,"P"," ","0",0,"P"," ","0",0,"P"," ","0",102," "," ","0",NA," "," "," "
"4382","USC00413787",2006,11,"SNWD",0,"P"," ","0",0,"P"," ","0",0,"P"," ","0",0,"P"," ","0",0,"P"," ","0",0,"P"," ","0",0,"P"," ","0",0,"P"," ","0",0,"P"," ","0",0,"P"," ","0",0,"P"," ","0",0,"P"," ","0",0,"P"," ","0",0,"P"," ","0",0,"P"," ","0",0,"P"," ","0",0,"P"," ","0",0,"P"," ","0",0,"P"," ","0",0,"P"," ","0",0,"P"," ","0",0,"P"," ","0",0,"P"," ","0",0,"P"," ","0",0,"P"," ","0",0,"P"," ","0",0,"P"," ","0",0,"P"," ","0",0,"P"," ","0",102," "," ","0",NA," "," "," "
"4383","USC00413787",2006,12,"TMAX",-33," "," ","0",50," "," ","0",50," "," ","0",33," "," ","0",100," "," ","0",167," "," ","0",106," "," ","0",11," "," ","0",128," "," ","0",133," "," ","0",167," "," ","0",22," ","S","0",144," "," ","0",161," "," ","0",172," "," ","0",194," "," ","0",200," "," ","0",61," "," ","0",28," "," ","0",-11," "," ","0",17," "," ","0",0," "," ","0",61," "," ","0",44," "," ","0",83," "," ","0",144," "," ","0",133," "," ","0",183," "," ","0",89," "," ","0",11," "," ","0",-11," "," ","0"
"4384","USC00413787",2006,12,"TMIN",-150," "," ","0",-122," "," ","0",-117," "," ","0",-72," "," ","0",-67," "," ","0",-56," "," ","0",-61," "," ","0",-61," "," ","0",-44," "," ","0",-44," "," ","0",-44," "," ","0",-44," "," ","0",-33," "," ","0",-28," "," ","0",-11," "," ","0",-11," "," ","0",-39," "," ","0",-28," "," ","0",-28," "," ","0",-28," "," ","0",-44," "," ","0",-72," "," ","0",-67," "," ","0",-22," "," ","0",-72," "," ","0",-39," "," ","0",-39," "," ","0",-11," "," ","0",11," "," ","0",-22," "," ","0",-67," "," ","0"
"4385","USC00413787",2006,12,"TOBS",-122," "," ","0",-39," "," ","0",-44," "," ","0",-67," "," ","0",-56," "," ","0",-22," "," ","0",-61," "," ","0",-44," "," ","0",-11," "," ","0",-28," "," ","0",11," "," ","0",-33," "," ","0",-17," "," ","0",17," "," ","0",-11," "," ","0",50," "," ","0",-28," "," ","0",-22," "," ","0",-28," "," ","0",-11," "," ","0",-33," "," ","0",-67," "," ","0",-22," "," ","0",22," "," ","0",33," "," ","0",-28," "," ","0",-11," "," ","0",67," "," ","0",11," "," ","0",-22," "," ","0",-56," "," ","0"
"4386","USC00413787",2006,12,"PRCP",0," "," ","0",0," "," ","0",0," "," ","0",0," "," ","0",0," "," ","0",0," "," ","0",0," "," ","0",0," "," ","0",0," "," ","0",0," "," ","0",0," "," ","0",0," "," ","0",0," "," ","0",0," "," ","0",0," "," ","0",0," "," ","0",0," "," ","0",0," "," ","0",41," "," ","0",417," "," ","0",0," "," ","0",0," "," ","0",0," "," ","0",0," "," ","0",0," "," ","0",0," "," ","0",0," "," ","0",0," "," ","0",183," "," ","0",445," "," ","0",0," "," ","0"
"4387","USC00413787",2006,12,"SNOW",0,"P"," ","0",0,"P"," ","0",0,"P"," ","0",0,"P"," ","0",0,"P"," ","0",0,"P"," ","0",0,"P"," ","0",0,"P"," ","0",0,"P"," ","0",0,"P"," ","0",0,"P"," ","0",0,"P"," ","0",0,"P"," ","0",0,"P"," ","0",0,"P"," ","0",0,"P"," ","0",0,"P"," ","0",0,"P"," ","0",0," "," ","0",38," "," ","0",0,"P"," ","0",0,"P"," ","0",0,"P"," ","0",0,"P"," ","0",0,"P"," ","0",0,"P"," ","0",0,"P"," ","0",0,"P"," ","0",0," "," ","0",0,"P"," ","0",0,"P"," ","0"
"4388","USC00413787",2006,12,"SNWD",NA," "," "," ",NA," "," "," ",NA," "," "," ",NA," "," "," ",NA," "," "," ",0,"P"," ","0",0,"P"," ","0",0,"P"," ","0",0,"P"," ","0",0,"P"," ","0",0,"P"," ","0",0,"P"," ","0",0,"P"," ","0",0,"P"," ","0",0,"P"," ","0",0,"P"," ","0",0,"P"," ","0",0,"P"," ","0",0," "," ","0",51," "," ","0",NA," "," "," ",NA," "," "," ",NA," "," "," ",NA," "," "," ",0,"P"," ","0",0,"P"," ","0",0,"P"," ","0",0,"P"," ","0",0," "," ","0",0,"P"," ","0",0,"P"," ","0"
"4389","USC00413787",2007,1,"TMAX",11," "," ","0",39," "," ","0",78," "," ","0",122," "," ","0",172," "," ","0",17," "," ","0",67," "," ","0",44," "," ","0",150," "," ","0",106," "," ","0",172," "," ","0",178," "," ","0",-83," "," ","0",-83," "," ","0",-83," "," ","0",-28," "," ","0",39," "," ","0",72," "," ","0",22," "," ","0",22," "," ","0",-17," "," ","0",-17," "," ","0",-28," "," ","0",-17," "," ","0",67," "," ","0",83," "," ","0",67," "," ","0",83," "," ","0",39," "," ","0",56," "," ","0",67," "," ","0"
"4390","USC00413787",2007,1,"TMIN",-111," "," ","0",-100," "," ","0",-39," "," ","0",-39," "," ","0",-17," "," ","0",-61," "," ","0",-61," "," ","0",-50," "," ","0",-56," "," ","0",-61," "," ","0",-44," "," ","0",-83," "," ","0",-117," "," ","0",-117," "," ","0",-144," "," ","0",-144," "," ","0",-139," "," ","0",-44," "," ","0",-67," "," ","0",-67," "," ","0",-106," "," ","0",-106," "," ","0",-144," "," ","0",-156," "," ","0",-139," "," ","0",-83," "," ","0",-78," "," ","0",-39," "," ","0",-67," "," ","0",-67," "," ","0",-72," "," ","0"
"4391","USC00413787",2007,1,"TOBS",-100," "," ","0",-39," "," ","0",-17," "," ","0",-6," "," ","0",-17," "," ","0",-61," "," ","0",-39," "," ","0",-17," "," ","0",-33," "," ","0",0," "," ","0",61," "," ","0",-83," "," ","0",-117," "," ","0",-117," "," ","0",-144," "," ","0",-139," "," ","0",-44," "," ","0",-44," "," ","0",-67," "," ","0",-28," "," ","0",-106," "," ","0",-106," "," ","0",-139," "," ","0",-139," "," ","0",-72," "," ","0",-78," "," ","0",-33," "," ","0",-39," "," ","0",-67," "," ","0",-33," "," ","0",-72," ","I","0"
"4392","USC00413787",2007,1,"PRCP",0," "," ","0",0," "," ","0",0," "," ","0",0," "," ","0",0," "," ","0",0," "," ","0",0," "," ","0",0," "," ","0",0," "," ","0",0," "," ","0",0," "," ","0",0," "," ","0",13," "," ","0",0," "," ","0",0," "," ","0",0," "," ","0",0," "," ","0",0," "," ","0",0," "," ","0",15," "," ","0",160," "," ","0",1778," ","O","0",0," "," ","0",0," "," ","0",0," "," ","0",0," "," ","0",0," "," ","0",3," "," ","0",0," "," ","0",0," "," ","0",0," "," ","0"
"4393","USC00413787",2007,1,"SNOW",0,"P"," ","0",0,"P"," ","0",0,"P"," ","0",0,"P"," ","0",0,"P"," ","0",0,"P"," ","0",0,"P"," ","0",0,"P"," ","0",0,"P"," ","0",0,"P"," ","0",0,"P"," ","0",0,"P"," ","0",3," "," ","0",0,"P"," ","0",0,"P"," ","0",0,"P"," ","0",0,"P"," ","0",0,"P"," ","0",0,"P"," ","0",NA," "," "," ",178," "," ","0",178," "," ","0",0,"P"," ","0",0,"P"," ","0",0,"P"," ","0",0,"P"," ","0",0,"P"," ","0",13," "," ","0",0,"P"," ","0",0,"P"," ","0",0,"P"," ","0"
"4394","USC00413787",2007,1,"SNWD",0,"P"," ","0",0,"P"," ","0",0,"P"," ","0",0,"P"," ","0",0,"P"," ","0",0,"P"," ","0",0,"P"," ","0",0,"P"," ","0",0,"P"," ","0",0,"P"," ","0",0,"P"," ","0",0,"P"," ","0",25," "," ","0",NA," "," "," ",NA," "," "," ",NA," "," "," ",NA," "," "," ",NA," "," "," ",NA," "," "," ",51," "," ","0",178," "," ","0",178," "," ","0",NA," "," "," ",NA," "," "," ",NA," "," "," ",NA," "," "," ",NA," "," "," ",25," "," ","0",NA," "," "," ",NA," "," "," ",NA," "," "," "
"4395","USC00413787",2007,2,"TMAX",11," "," ","0",-11," "," ","0",-11," "," ","0",67," "," ","0",67," "," ","0",150," "," ","0",217," "," ","0",-6," "," ","0",33," "," ","0",-17," "," ","0",0," "," ","0",183," "," ","0",28," "," ","0",-78," "," ","0",-83," "," ","0",-50," "," ","0",-61," "," ","0",183," "," ","0",67," "," ","0",183," "," ","0",217," "," ","0",133," "," ","0",222," "," ","0",244," "," ","0",33," "," ","0",167," "," ","0",133," "," ","0",217," "," ","0",NA," "," "," ",NA," "," "," ",NA," "," "," "
"4396","USC00413787",2007,2,"TMIN",-56," ","I","0",-133," "," ","0",-133," "," ","0",-72," "," ","0",-72," "," ","0",-56," "," ","0",-28," "," ","0",-61," "," ","0",-67," "," ","0",-33," "," ","0",-33," "," ","0",0," "," ","0",-78," "," ","0",-133," "," ","0",-183," "," ","0",-161," "," ","0",-161," "," ","0",-61," "," ","0",-56," "," ","0",-22," "," ","0",-6," "," ","0",-39," "," ","0",-17," "," ","0",11," "," ","0",-56," "," ","0",-39," "," ","0",-33," "," ","0",-33," "," ","0",NA," "," "," ",NA," "," "," ",NA," "," "," "
"4397","USC00413787",2007,2,"TOBS",-50," "," ","0",-133," "," ","0",-67," "," ","0",-67," "," ","0",-56," "," ","0",-6," "," ","0",-28," "," ","0",-61," "," ","0",-28," "," ","0",-22," "," ","0",0," "," ","0",0," "," ","0",-78," "," ","0",-133," "," ","0",-161," "," ","0",-61," "," ","0",-61," "," ","0",0," "," ","0",-22," "," ","0",22," "," ","0",0," "," ","0",-17," "," ","0",44," "," ","0",22," "," ","0",-39," "," ","0",-11," "," ","0",-11," "," ","0",22," "," ","0",NA," "," "," ",NA," "," "," ",NA," "," "," "
"4398","USC00413787",2007,2,"PRCP",0," "," ","0",0," "," ","0",0," "," ","0",0," "," ","0",0," "," ","0",0," "," ","0",0," "," ","0",0," "," ","0",0," "," ","0",0," "," ","0",0," "," ","0",0," "," ","0",0," "," ","0",10," "," ","0",10," "," ","0",3," "," ","0",0," "," ","0",0," "," ","0",0," "," ","0",0," "," ","0",0," "," ","0",0," "," ","0",0," "," ","0",0," "," ","0",0," "," ","0",0," "," ","0",0," "," ","0",0," "," ","0",NA," "," "," ",NA," "," "," ",NA," "," "," "
"4399","USC00413787",2007,2,"SNOW",0,"P"," ","0",0,"P"," ","0",0,"P"," ","0",0,"P"," ","0",0,"P"," ","0",0,"P"," ","0",0,"P"," ","0",0,"P"," ","0",0,"P"," ","0",0,"P"," ","0",0,"P"," ","0",0,"P"," ","0",0,"P"," ","0",13," "," ","0",13," "," ","0",13," "," ","0",0,"P"," ","0",0,"P"," ","0",0,"P"," ","0",0,"P"," ","0",0,"P"," ","0",0,"P"," ","0",0,"P"," ","0",0,"P"," ","0",0,"P"," ","0",0,"P"," ","0",0,"P"," ","0",0,"P"," ","0",NA," "," "," ",NA," "," "," ",NA," "," "," "
"4400","USC00413787",2007,2,"SNWD",0,"P"," ","0",0,"P"," ","0",0,"P"," ","0",0,"P"," ","0",0,"P"," ","0",0,"P"," ","0",0,"P"," ","0",0,"P"," ","0",0,"P"," ","0",0,"P"," ","0",0,"P"," ","0",0,"P"," ","0",0,"P"," ","0",25," "," ","0",25," "," ","0",25," "," ","0",NA," "," "," ",NA," "," "," ",NA," "," "," ",0,"P"," ","0",0,"P"," ","0",0,"P"," ","0",0,"P"," ","0",0,"P"," ","0",0,"P"," ","0",0,"P"," ","0",0,"P"," ","0",0,"P"," ","0",NA," "," "," ",NA," "," "," ",NA," "," "," "
"4401","USC00413787",2007,3,"TMAX",211," "," ","0",111," "," ","0",100," "," ","0",94," "," ","0",161," "," ","0",222," "," ","0",217," "," ","0",167," "," ","0",261," "," ","0",211," "," ","0",239," "," ","0",89," "," ","0",178," "," ","0",200," "," ","0",250," "," ","0",156," "," ","0",167," "," ","0",278," "," ","0",306," "," ","0",183," "," ","0",217," "," ","0",294," "," ","0",178," "," ","0",211," "," ","0",206," "," ","0",228," "," ","0",189," "," ","0",206," "," ","0",244," "," ","0",178," "," ","0",61," "," ","0"
"4402","USC00413787",2007,3,"TMIN",-44," "," ","0",-89," "," ","0",-78," "," ","0",-83," "," ","0",-61," "," ","0",-56," "," ","0",0," "," ","0",-22," "," ","0",-17," "," ","0",22," "," ","0",44," "," ","0",61," "," ","0",17," "," ","0",17," "," ","0",17," "," ","0",-28," "," ","0",-22," "," ","0",22," "," ","0",22," "," ","0",61," "," ","0",83," "," ","0",100," "," ","0",94," "," ","0",83," "," ","0",78," "," ","0",78," "," ","0",83," "," ","0",122," "," ","0",50," "," ","0",0," "," ","0",6," "," ","0"
"4403","USC00413787",2007,3,"TOBS",-33," "," ","0",-78," "," ","0",-22," "," ","0",-56," "," ","0",-56," "," ","0",0," "," ","0",22," "," ","0",-17," "," ","0",72," "," ","0",44," "," ","0",83," "," ","0",61," "," ","0",56," "," ","0",28," "," ","0",22," "," ","0",-22," "," ","0",22," "," ","0",61," "," ","0",61," "," ","0",94," "," ","0",106," "," ","0",122," "," ","0",128," "," ","0",100," "," ","0",78," "," ","0",83," "," ","0",122," "," ","0",128," "," ","0",50," "," ","0",6," "," ","0",17," "," ","0"
"4404","USC00413787",2007,3,"PRCP",0," "," ","0",0," "," ","0",0," "," ","0",0," "," ","0",0," "," ","0",0," "," ","0",0," "," ","0",0," "," ","0",0," "," ","0",0," "," ","0",0," "," ","0",15," "," ","0",0," "," ","0",0," "," ","0",0," "," ","0",0," "," ","0",0," "," ","0",0," "," ","0",0," "," ","0",13," "," ","0",5," "," ","0",0," "," ","0",69," "," ","0",508," "," ","0",0," "," ","0",0," "," ","0",30," "," ","0",30," "," ","0",64," "," ","0",0," "," ","0",119," "," ","0"
"4405","USC00413787",2007,3,"SNOW",0,"P"," ","0",0,"P"," ","0",0,"P"," ","0",0,"P"," ","0",0,"P"," ","0",0,"P"," ","0",0,"P"," ","0",0,"P"," ","0",0,"P"," ","0",0,"P"," ","0",0,"P"," ","0",0,"P"," ","0",0,"P"," ","0",0,"P"," ","0",0,"P"," ","0",0,"P"," ","0",0,"P"," ","0",0,"P"," ","0",0,"P"," ","0",0,"P"," ","0",0,"P"," ","0",0,"P"," ","0",0,"P"," ","0",0,"P"," ","0",0,"P"," ","0",0,"P"," ","0",0,"P"," ","0",0,"P"," ","0",0,"P"," ","0",0,"P"," ","0",0,"P"," ","0"
"4406","USC00413787",2007,3,"SNWD",0,"P"," ","0",0,"P"," ","0",0,"P"," ","0",0,"P"," ","0",0,"P"," ","0",0,"P"," ","0",0,"P"," ","0",0,"P"," ","0",0,"P"," ","0",0,"P"," ","0",0,"P"," ","0",0,"P"," ","0",0,"P"," ","0",0,"P"," ","0",0,"P"," ","0",0,"P"," ","0",0,"P"," ","0",0,"P"," ","0",0,"P"," ","0",0,"P"," ","0",0,"P"," ","0",0,"P"," ","0",0,"P"," ","0",0,"P"," ","0",0,"P"," ","0",0,"P"," ","0",0,"P"," ","0",0,"P"," ","0",0,"P"," ","0",0,"P"," ","0",0,"P"," ","0"
"4407","USC00413787",2007,4,"TMAX",178," "," ","0",217," "," ","0",283," "," ","0",172," "," ","0",122," "," ","0",122," "," ","0",-6," "," ","0",17," "," ","0",22," "," ","0",122," "," ","0",178," "," ","0",178," "," ","0",144," "," ","0",117," "," ","0",128," "," ","0",217," "," ","0",189," "," ","0",139," "," ","0",189," "," ","0",261," "," ","0",261," "," ","0",194," "," ","0",228," "," ","0",244," "," ","0",244," "," ","0",128," "," ","0",200," "," ","0",228," "," ","0",256," "," ","0",272," "," ","0",NA," "," "," "
"4408","USC00413787",2007,4,"TMIN",6," "," ","0",50," "," ","0",61," "," ","0",0," "," ","0",11," "," ","0",-11," "," ","0",-33," "," ","0",-28," "," ","0",-11," "," ","0",11," "," ","0",6," "," ","0",6," "," ","0",22," "," ","0",-11," "," ","0",-6," "," ","0",28," "," ","0",50," "," ","0",22," "," ","0",22," "," ","0",22," "," ","0",94," "," ","0",72," "," ","0",83," "," ","0",106," "," ","0",50," "," ","0",17," "," ","0",28," "," ","0",61," "," ","0",89," "," ","0",94," "," ","0",NA," "," "," "
"4409","USC00413787",2007,4,"TOBS",56," "," ","0",61," "," ","0",94," "," ","0",11," "," ","0",28," "," ","0",-6," "," ","0",-28," "," ","0",-6," "," ","0",11," "," ","0",61," "," ","0",33," "," ","0",33," "," ","0",28," "," ","0",-6," "," ","0",28," "," ","0",50," "," ","0",83," "," ","0",33," "," ","0",89," "," ","0",94," "," ","0",128," "," ","0",83," "," ","0",106," "," ","0",117," "," ","0",56," "," ","0",28," "," ","0",94," "," ","0",117," "," ","0",111," "," ","0",111," "," ","0",NA," "," "," "
"4410","USC00413787",2007,4,"PRCP",0," "," ","0",0," "," ","0",0," "," ","0",0," "," ","0",0," "," ","0",0," "," ","0",0," "," ","0",0," "," ","0",0," "," ","0",13," "," ","0",0," "," ","0",0," "," ","0",145," "," ","0",122," "," ","0",0," "," ","0",0," "," ","0",0," "," ","0",46," "," ","0",0," "," ","0",0," "," ","0",0," "," ","0",191," "," ","0",0," "," ","0",0," "," ","0",18," "," ","0",0," "," ","0",0," "," ","0",0," "," ","0",0," "," ","0",0," "," ","0",NA," "," "," "
"4411","USC00413787",2007,4,"SNOW",0,"P"," ","0",0,"P"," ","0",0,"P"," ","0",0,"P"," ","0",0,"P"," ","0",0,"P"," ","0",0,"P"," ","0",0,"P"," ","0",0,"P"," ","0",0,"P"," ","0",0,"P"," ","0",0,"P"," ","0",0,"P"," ","0",76," "," ","0",0,"P"," ","0",0,"P"," ","0",0,"P"," ","0",0,"P"," ","0",0,"P"," ","0",0,"P"," ","0",0,"P"," ","0",0,"P"," ","0",0,"P"," ","0",0,"P"," ","0",0,"P"," ","0",0,"P"," ","0",0,"P"," ","0",0,"P"," ","0",0,"P"," ","0",0,"P"," ","0",NA," "," "," "
"4412","USC00413787",2007,4,"SNWD",0,"P"," ","0",0,"P"," ","0",0,"P"," ","0",0,"P"," ","0",0,"P"," ","0",0,"P"," ","0",0,"P"," ","0",0,"P"," ","0",0,"P"," ","0",0,"P"," ","0",0,"P"," ","0",0,"P"," ","0",0,"P"," ","0",76," "," ","0",NA," "," "," ",NA," "," "," ",NA," "," "," ",0,"P"," ","0",0,"P"," ","0",0,"P"," ","0",0,"P"," ","0",0,"P"," ","0",0,"P"," ","0",0,"P"," ","0",0,"P"," ","0",0,"P"," ","0",0,"P"," ","0",0,"P"," ","0",0,"P"," ","0",0,"P"," ","0",NA," "," "," "
"4413","USC00413787",2007,5,"TMAX",244," "," ","0",250," "," ","0",250," "," ","0",217," "," ","0",300," "," ","0",261," "," ","0",256," "," ","0",217," "," ","0",217," "," ","0",217," "," ","0",267," "," ","0",278," "," ","0",278," "," ","0",278," "," ","0",300," "," ","0",222," "," ","0",211," "," ","0",228," "," ","0",183," "," ","0",233," "," ","0",267," "," ","0",278," "," ","0",317," "," ","0",278," "," ","0",206," "," ","0",222," "," ","0",250," "," ","0",250," "," ","0",272," "," ","0",283," "," ","0",244," "," ","0"
"4414","USC00413787",2007,5,"TMIN",94," "," ","0",106," "," ","0",111," "," ","0",122," "," ","0",128," "," ","0",100," "," ","0",72," "," ","0",72," "," ","0",72," "," ","0",100," "," ","0",100," "," ","0",100," "," ","0",100," "," ","0",111," "," ","0",117," "," ","0",94," "," ","0",100," "," ","0",117," "," ","0",122," "," ","0",128," "," ","0",139," "," ","0",133," "," ","0",78," "," ","0",83," "," ","0",89," "," ","0",111," "," ","0",144," "," ","0",133," "," ","0",133," "," ","0",111," "," ","0",111," "," ","0"
"4415","USC00413787",2007,5,"TOBS",106," "," ","0",133," "," ","0",122," "," ","0",128," "," ","0",194," "," ","0",117," "," ","0",72," "," ","0",100," "," ","0",100," "," ","0",117," "," ","0",100," "," ","0",100," "," ","0",111," "," ","0",156," "," ","0",117," "," ","0",100," "," ","0",117," "," ","0",128," "," ","0",128," "," ","0",139," "," ","0",144," "," ","0",156," "," ","0",94," "," ","0",89," "," ","0",111," "," ","0",144," "," ","0",167," "," ","0",167," "," ","0",156," "," ","0",111," "," ","0",139," "," ","0"
"4416","USC00413787",2007,5,"PRCP",0," "," ","0",23," "," ","0",15," "," ","0",0," "," ","0",0," "," ","0",0," "," ","0",5," "," ","0",0," "," ","0",0," "," ","0",0," "," ","0",0," "," ","0",0," "," ","0",0," "," ","0",0," "," ","0",5," "," ","0",0," "," ","0",0," "," ","0",0," "," ","0",0," "," ","0",0," "," ","0",0," "," ","0",89," "," ","0",0," "," ","0",467," "," ","0",0," "," ","0",61," "," ","0",0," "," ","0",0," "," ","0",0," "," ","0",170," "," ","0",0," "," ","0"
"4417","USC00413787",2007,5,"SNOW",0,"P"," ","0",0,"P"," ","0",0,"P"," ","0",0,"P"," ","0",0,"P"," ","0",0,"P"," ","0",0,"P"," ","0",0,"P"," ","0",0,"P"," ","0",0,"P"," ","0",0,"P"," ","0",0,"P"," ","0",0,"P"," ","0",0,"P"," ","0",0,"P"," ","0",0,"P"," ","0",0,"P"," ","0",0,"P"," ","0",0,"P"," ","0",0,"P"," ","0",0,"P"," ","0",0,"P"," ","0",0,"P"," ","0",0,"P"," ","0",0,"P"," ","0",0,"P"," ","0",0,"P"," ","0",0,"P"," ","0",0,"P"," ","0",0,"P"," ","0",0,"P"," ","0"
"4418","USC00413787",2007,5,"SNWD",0,"P"," ","0",0,"P"," ","0",0,"P"," ","0",0,"P"," ","0",0,"P"," ","0",0,"P"," ","0",0,"P"," ","0",0,"P"," ","0",0,"P"," ","0",0,"P"," ","0",0,"P"," ","0",0,"P"," ","0",0,"P"," ","0",0,"P"," ","0",0,"P"," ","0",0,"P"," ","0",0,"P"," ","0",0,"P"," ","0",0,"P"," ","0",0,"P"," ","0",0,"P"," ","0",0,"P"," ","0",0,"P"," ","0",0,"P"," ","0",0,"P"," ","0",0,"P"," ","0",0,"P"," ","0",0,"P"," ","0",0,"P"," ","0",0,"P"," ","0",0,"P"," ","0"
"4419","USC00413787",2007,6,"TMAX",261," "," ","0",250," "," ","0",267," "," ","0",261," "," ","0",272," "," ","0",306," "," ","0",339," "," ","0",294," "," ","0",222," "," ","0",317," "," ","0",294," "," ","0",317," "," ","0",267," "," ","0",278," "," ","0",278," "," ","0",272," "," ","0",267," "," ","0",294," "," ","0",317," "," ","0",322," "," ","0",317," "," ","0",317," "," ","0",339," "," ","0",306," "," ","0",311," "," ","0",306," "," ","0",306," "," ","0",278," "," ","0",261," "," ","0",283," "," ","0",NA," "," "," "
"4420","USC00413787",2007,6,"TMIN",133," "," ","0",133," "," ","0",139," "," ","0",128," "," ","0",122," "," ","0",122," "," ","0",122," "," ","0",61," "," ","0",83," "," ","0",156," "," ","0",172," "," ","0",183," "," ","0",156," "," ","0",128," "," ","0",128," "," ","0",150," "," ","0",144," "," ","0",172," "," ","0",189," "," ","0",156," "," ","0",161," "," ","0",161," "," ","0",161," "," ","0",172," "," ","0",128," "," ","0",156," "," ","0",167," "," ","0",167," "," ","0",56," "," ","0",117," "," ","0",NA," "," "," "
"4421","USC00413787",2007,6,"TOBS",150," "," ","0",150," "," ","0",150," "," ","0",150," "," ","0",144," "," ","0",194," "," ","0",139," "," ","0",89," "," ","0",172," "," ","0",183," "," ","0",178," "," ","0",200," "," ","0",167," "," ","0",161," "," ","0",161," "," ","0",172," "," ","0",172," "," ","0",189," "," ","0",222," "," ","0",183," "," ","0",178," "," ","0",194," "," ","0",183," "," ","0",200," "," ","0",172," "," ","0",200," "," ","0",183," "," ","0",167," "," ","0",133," "," ","0",206," "," ","0",NA," "," "," "
"4422","USC00413787",2007,6,"PRCP",168," "," ","0",13," "," ","0",109," "," ","0",163," "," ","0",0," "," ","0",0," "," ","0",0," "," ","0",0," "," ","0",0," "," ","0",0," "," ","0",0," "," ","0",0," "," ","0",0," "," ","0",0," "," ","0",0," "," ","0",8," "," ","0",0," "," ","0",0," "," ","0",0," "," ","0",3," "," ","0",0," "," ","0",0," "," ","0",163," "," ","0",0," "," ","0",0," "," ","0",0," "," ","0",61," "," ","0",0," "," ","0",0," "," ","0",0," "," ","0",NA," "," "," "
"4423","USC00413787",2007,6,"SNOW",0,"P"," ","0",0,"P"," ","0",0,"P"," ","0",0,"P"," ","0",0,"P"," ","0",0,"P"," ","0",0,"P"," ","0",0,"P"," ","0",0,"P"," ","0",0,"P"," ","0",0,"P"," ","0",0,"P"," ","0",0,"P"," ","0",0,"P"," ","0",0,"P"," ","0",0,"P"," ","0",0,"P"," ","0",0,"P"," ","0",0,"P"," ","0",0,"P"," ","0",0,"P"," ","0",0,"P"," ","0",0,"P"," ","0",0,"P"," ","0",0,"P"," ","0",0,"P"," ","0",0,"P"," ","0",0,"P"," ","0",0,"P"," ","0",0,"P"," ","0",NA," "," "," "
"4424","USC00413787",2007,6,"SNWD",0,"P"," ","0",0,"P"," ","0",0,"P"," ","0",0,"P"," ","0",0,"P"," ","0",0,"P"," ","0",0,"P"," ","0",0,"P"," ","0",0,"P"," ","0",0,"P"," ","0",0,"P"," ","0",0,"P"," ","0",0,"P"," ","0",0,"P"," ","0",0,"P"," ","0",0,"P"," ","0",0,"P"," ","0",0,"P"," ","0",0,"P"," ","0",0,"P"," ","0",0,"P"," ","0",0,"P"," ","0",0,"P"," ","0",0,"P"," ","0",0,"P"," ","0",0,"P"," ","0",0,"P"," ","0",0,"P"," ","0",0,"P"," ","0",0,"P"," ","0",NA," "," "," "
"4425","USC00413787",2007,7,"TMAX",289," "," ","0",294," "," ","0",300," "," ","0",311," "," ","0",339," "," ","0",339," "," ","0",306," "," ","0",328," "," ","0",367," "," ","0",333," "," ","0",333," "," ","0",333," "," ","0",333," "," ","0",333," "," ","0",344," "," ","0",350," "," ","0",350," "," ","0",356," "," ","0",350," "," ","0",333," "," ","0",339," "," ","0",328," "," ","0",339," "," ","0",361," "," ","0",328," "," ","0",333," "," ","0",344," "," ","0",344," "," ","0",322," "," ","0",322," "," ","0",339," "," ","0"
"4426","USC00413787",2007,7,"TMIN",144," "," ","0",156," "," ","0",156," "," ","0",172," "," ","0",111," "," ","0",122," "," ","0",144," "," ","0",117," "," ","0",117," "," ","0",172," "," ","0",178," "," ","0",178," "," ","0",167," "," ","0",172," "," ","0",150," "," ","0",189," "," ","0",183," "," ","0",189," "," ","0",200," "," ","0",194," "," ","0",178," "," ","0",189," "," ","0",183," "," ","0",183," "," ","0",183," "," ","0",178," "," ","0",178," "," ","0",167," "," ","0",178," "," ","0",194," "," ","0",183," "," ","0"
"4427","USC00413787",2007,7,"TOBS",156," "," ","0",172," "," ","0",172," "," ","0",239," "," ","0",172," "," ","0",144," "," ","0",178," "," ","0",133," "," ","0",206," "," ","0",178," "," ","0",183," "," ","0",200," "," ","0",172," "," ","0",189," "," ","0",222," "," ","0",206," "," ","0",194," "," ","0",211," "," ","0",206," "," ","0",200," "," ","0",211," "," ","0",222," "," ","0",200," "," ","0",194," "," ","0",194," "," ","0",194," "," ","0",228," "," ","0",178," "," ","0",278," "," ","0",194," "," ","0",211," "," ","0"
"4428","USC00413787",2007,7,"PRCP",0," "," ","0",0," "," ","0",0," "," ","0",0," "," ","0",46," "," ","0",0," "," ","0",0," "," ","0",0," "," ","0",0," "," ","0",0," "," ","0",10," "," ","0",0," "," ","0",5," "," ","0",0," "," ","0",0," "," ","0",0," "," ","0",0," "," ","0",0," "," ","0",0," "," ","0",0," "," ","0",0," "," ","0",0," "," ","0",0," "," ","0",15," "," ","0",0," "," ","0",0," "," ","0",0," "," ","0",0," "," ","0",0," "," ","0",0," "," ","0",0," "," ","0"
"4429","USC00413787",2007,7,"SNOW",0,"P"," ","0",0,"P"," ","0",0,"P"," ","0",0,"P"," ","0",0,"P"," ","0",0,"P"," ","0",0,"P"," ","0",0,"P"," ","0",0,"P"," ","0",0,"P"," ","0",0,"P"," ","0",0,"P"," ","0",0,"P"," ","0",0,"P"," ","0",0,"P"," ","0",0,"P"," ","0",0,"P"," ","0",0,"P"," ","0",0,"P"," ","0",0,"P"," ","0",0,"P"," ","0",0,"P"," ","0",0,"P"," ","0",0,"P"," ","0",0,"P"," ","0",0,"P"," ","0",0,"P"," ","0",0,"P"," ","0",0,"P"," ","0",0,"P"," ","0",0,"P"," ","0"
"4430","USC00413787",2007,7,"SNWD",0,"P"," ","0",0,"P"," ","0",0,"P"," ","0",0,"P"," ","0",0,"P"," ","0",0,"P"," ","0",0,"P"," ","0",0,"P"," ","0",0,"P"," ","0",0,"P"," ","0",0,"P"," ","0",0,"P"," ","0",0,"P"," ","0",0,"P"," ","0",0,"P"," ","0",0,"P"," ","0",0,"P"," ","0",0,"P"," ","0",0,"P"," ","0",0,"P"," ","0",0,"P"," ","0",0,"P"," ","0",0,"P"," ","0",0,"P"," ","0",0,"P"," ","0",0,"P"," ","0",0,"P"," ","0",0,"P"," ","0",0,"P"," ","0",0,"P"," ","0",0,"P"," ","0"
"4431","USC00413787",2007,8,"TMAX",350," "," ","0",356," "," ","0",289," "," ","0",311," "," ","0",344," "," ","0",367," "," ","0",378," "," ","0",372," "," ","0",383," "," ","0",389," "," ","0",367," "," ","0",378," "," ","0",378," "," ","0",367," "," ","0",367," "," ","0",367," "," ","0",361," "," ","0",328," "," ","0",294," "," ","0",356," "," ","0",394," "," ","0",361," "," ","0",333," "," ","0",361," "," ","0",306," "," ","0",311," "," ","0",356," "," ","0",339," "," ","0",339," "," ","0",261," "," ","0",267," "," ","0"
"4432","USC00413787",2007,8,"TMIN",206," "," ","0",189," "," ","0",167," "," ","0",172," "," ","0",206," "," ","0",222," "," ","0",206," "," ","0",211," "," ","0",206," "," ","0",178," "," ","0",189," "," ","0",200," "," ","0",189," "," ","0",172," "," ","0",172," "," ","0",172," "," ","0",172," "," ","0",189," "," ","0",194," "," ","0",200," "," ","0",211," "," ","0",200," "," ","0",194," "," ","0",183," "," ","0",183," "," ","0",194," "," ","0",178," "," ","0",178," "," ","0",200," "," ","0",183," "," ","0",167," "," ","0"
"4433","USC00413787",2007,8,"TOBS",217," "," ","0",217," "," ","0",172," "," ","0",206," "," ","0",222," "," ","0",233," "," ","0",211," "," ","0",239," "," ","0",211," "," ","0",189," "," ","0",200," "," ","0",211," "," ","0",200," "," ","0",189," "," ","0",194," "," ","0",172," "," ","0",189," "," ","0",222," "," ","0",200," "," ","0",217," "," ","0",217," "," ","0",211," "," ","0",217," "," ","0",189," "," ","0",200," "," ","0",200," "," ","0",183," "," ","0",200," "," ","0",206," "," ","0",189," "," ","0",167," "," ","0"
"4434","USC00413787",2007,8,"PRCP",0," "," ","0",20," "," ","0",0," "," ","0",0," "," ","0",0," "," ","0",0," "," ","0",0," "," ","0",0," "," ","0",0," "," ","0",0," "," ","0",0," "," ","0",0," "," ","0",0," "," ","0",0," "," ","0",0," "," ","0",0," "," ","0",0," "," ","0",0," "," ","0",0," "," ","0",0," "," ","0",0," "," ","0",0," "," ","0",13," "," ","0",79," "," ","0",127," "," ","0",0," "," ","0",0," "," ","0",0," "," ","0",0," "," ","0",94," "," ","0",0," "," ","0"
"4435","USC00413787",2007,8,"SNOW",0,"P"," ","0",0,"P"," ","0",0,"P"," ","0",0,"P"," ","0",0,"P"," ","0",0,"P"," ","0",0,"P"," ","0",0,"P"," ","0",0,"P"," ","0",0,"P"," ","0",0,"P"," ","0",0,"P"," ","0",0,"P"," ","0",0,"P"," ","0",0,"P"," ","0",0,"P"," ","0",0,"P"," ","0",0,"P"," ","0",0,"P"," ","0",0,"P"," ","0",0,"P"," ","0",0,"P"," ","0",0,"P"," ","0",0,"P"," ","0",0,"P"," ","0",0,"P"," ","0",0,"P"," ","0",0,"P"," ","0",0,"P"," ","0",0,"P"," ","0",0,"P"," ","0"
"4436","USC00413787",2007,8,"SNWD",0,"P"," ","0",0,"P"," ","0",0,"P"," ","0",0,"P"," ","0",0,"P"," ","0",0,"P"," ","0",0,"P"," ","0",0,"P"," ","0",0,"P"," ","0",0,"P"," ","0",0,"P"," ","0",0,"P"," ","0",0,"P"," ","0",0,"P"," ","0",0,"P"," ","0",0,"P"," ","0",0,"P"," ","0",0,"P"," ","0",0,"P"," ","0",0,"P"," ","0",0,"P"," ","0",0,"P"," ","0",0,"P"," ","0",0,"P"," ","0",0,"P"," ","0",0,"P"," ","0",0,"P"," ","0",0,"P"," ","0",0,"P"," ","0",0,"P"," ","0",0,"P"," ","0"
"4437","USC00413787",2007,9,"TMAX",306," "," ","0",317," "," ","0",322," "," ","0",317," "," ","0",322," "," ","0",350," "," ","0",378," "," ","0",244," "," ","0",306," "," ","0",194," "," ","0",228," "," ","0",272," "," ","0",283," "," ","0",311," "," ","0",244," "," ","0",306," "," ","0",333," "," ","0",300," "," ","0",267," "," ","0",311," "," ","0",294," "," ","0",328," "," ","0",311," "," ","0",300," "," ","0",311," "," ","0",233," "," ","0",294," "," ","0",278," "," ","0",300," "," ","0",294," "," ","0",NA," "," "," "
"4438","USC00413787",2007,9,"TMIN",156," "," ","0",139," "," ","0",133," "," ","0",139," "," ","0",161," "," ","0",178," "," ","0",172," "," ","0",183," "," ","0",150," "," ","0",150," "," ","0",61," "," ","0",67," "," ","0",67," "," ","0",106," "," ","0",106," "," ","0",128," "," ","0",178," "," ","0",161," "," ","0",178," "," ","0",161," "," ","0",178," "," ","0",172," "," ","0",178," "," ","0",167," "," ","0",122," "," ","0",89," "," ","0",89," "," ","0",100," "," ","0",106," "," ","0",172," "," ","0",NA," "," "," "
"4439","USC00413787",2007,9,"TOBS",172," "," ","0",189," "," ","0",139," "," ","0",161," "," ","0",178," "," ","0",211," "," ","0",211," "," ","0",194," "," ","0",150," "," ","0",178," "," ","0",67," "," ","0",122," "," ","0",139," "," ","0",106," "," ","0",128," "," ","0",178," "," ","0",189," "," ","0",178," "," ","0",189," "," ","0",178," "," ","0",183," "," ","0",200," "," ","0",178," "," ","0",167," "," ","0",122," "," ","0",94," "," ","0",100," "," ","0",150," "," ","0",172," "," ","0",206," "," ","0",NA," "," "," "
"4440","USC00413787",2007,9,"PRCP",0," "," ","0",0," "," ","0",0," "," ","0",0," "," ","0",0," "," ","0",0," "," ","0",0," "," ","0",0," "," ","0",0," "," ","0",0," "," ","0",25," "," ","0",0," "," ","0",0," "," ","0",0," "," ","0",0," "," ","0",0," "," ","0",0," "," ","0",315," "," ","0",0," "," ","0",455," "," ","0",0," "," ","0",0," "," ","0",0,"P"," ","0",71," "," ","0",0," "," ","0",0," "," ","0",0," "," ","0",0," "," ","0",0," "," ","0",0," "," ","0",NA," "," "," "
"4441","USC00413787",2007,9,"SNOW",0,"P"," ","0",0,"P"," ","0",0,"P"," ","0",0,"P"," ","0",0,"P"," ","0",0,"P"," ","0",0,"P"," ","0",0,"P"," ","0",0,"P"," ","0",0,"P"," ","0",0,"P"," ","0",0,"P"," ","0",0,"P"," ","0",0,"P"," ","0",0,"P"," ","0",0,"P"," ","0",0,"P"," ","0",0,"P"," ","0",0,"P"," ","0",0,"P"," ","0",0,"P"," ","0",0,"P"," ","0",0,"P"," ","0",0,"P"," ","0",0,"P"," ","0",0,"P"," ","0",0,"P"," ","0",0,"P"," ","0",0,"P"," ","0",0,"P"," ","0",NA," "," "," "
"4442","USC00413787",2007,9,"SNWD",0,"P"," ","0",0,"P"," ","0",0,"P"," ","0",0,"P"," ","0",0,"P"," ","0",0,"P"," ","0",0,"P"," ","0",0,"P"," ","0",0,"P"," ","0",0,"P"," ","0",0,"P"," ","0",0,"P"," ","0",0,"P"," ","0",0,"P"," ","0",0,"P"," ","0",0,"P"," ","0",0,"P"," ","0",0,"P"," ","0",0,"P"," ","0",0,"P"," ","0",0,"P"," ","0",0,"P"," ","0",0,"P"," ","0",0,"P"," ","0",0,"P"," ","0",0,"P"," ","0",0,"P"," ","0",0,"P"," ","0",0,"P"," ","0",0,"P"," ","0",NA," "," "," "
"4443","USC00413787",2007,10,"TMAX",261," "," ","0",300," "," ","0",289," "," ","0",289," "," ","0",344," "," ","0",328," "," ","0",311," "," ","0",233," "," ","0",239," "," ","0",250," "," ","0",283," "," ","0",261," "," ","0",294," "," ","0",311," "," ","0",228," "," ","0",200," "," ","0",267," "," ","0",250," "," ","0",200," "," ","0",256," "," ","0",322," "," ","0",117," "," ","0",139," "," ","0",233," "," ","0",233," "," ","0",217," "," ","0",239," "," ","0",239," "," ","0",233," "," ","0",250," "," ","0",272," "," ","0"
"4444","USC00413787",2007,10,"TMIN",83," "," ","0",89," "," ","0",78," "," ","0",72," "," ","0",172," "," ","0",172," "," ","0",172," "," ","0",56," "," ","0",50," "," ","0",50," "," ","0",83," "," ","0",144," "," ","0",144," "," ","0",111," "," ","0",61," "," ","0",61," "," ","0",72," "," ","0",56," "," ","0",11," "," ","0",17," "," ","0",83," "," ","0",22," "," ","0",6," "," ","0",22," "," ","0",11," "," ","0",6," "," ","0",6," "," ","0",6," "," ","0",11," "," ","0",17," "," ","0",78," "," ","0"
"4445","USC00413787",2007,10,"TOBS",89," "," ","0",189," "," ","0",78," "," ","0",172," "," ","0",194," "," ","0",189," "," ","0",172," "," ","0",56," "," ","0",56," "," ","0",83," "," ","0",156," "," ","0",144," "," ","0",167," "," ","0",139," "," ","0",61," "," ","0",72," "," ","0",133," "," ","0",56," "," ","0",22," "," ","0",83," "," ","0",94," "," ","0",22," "," ","0",22," "," ","0",78," "," ","0",11," "," ","0",6," "," ","0",17," "," ","0",11," "," ","0",17," "," ","0",100," "," ","0",78," "," ","0"
"4446","USC00413787",2007,10,"PRCP",0," "," ","0",10," "," ","0",0," "," ","0",0," "," ","0",0," "," ","0",0," "," ","0",0," "," ","0",0," "," ","0",0," "," ","0",0," "," ","0",0," "," ","0",0," "," ","0",0," "," ","0",0," "," ","0",0," "," ","0",0," "," ","0",0," "," ","0",0," "," ","0",0," "," ","0",0," "," ","0",0," "," ","0",0," "," ","0",0," "," ","0",0," "," ","0",0," "," ","0",0," "," ","0",0," "," ","0",0," "," ","0",0," "," ","0",0," "," ","0",0," "," ","0"
"4447","USC00413787",2007,10,"SNOW",0,"P"," ","0",0,"P"," ","0",0,"P"," ","0",0,"P"," ","0",0,"P"," ","0",0,"P"," ","0",0,"P"," ","0",0,"P"," ","0",0,"P"," ","0",0,"P"," ","0",0,"P"," ","0",0,"P"," ","0",0,"P"," ","0",0,"P"," ","0",0,"P"," ","0",0,"P"," ","0",0,"P"," ","0",0,"P"," ","0",0,"P"," ","0",0,"P"," ","0",0,"P"," ","0",0,"P"," ","0",0,"P"," ","0",0,"P"," ","0",0,"P"," ","0",0,"P"," ","0",0,"P"," ","0",0,"P"," ","0",0,"P"," ","0",0,"P"," ","0",0,"P"," ","0"
"4448","USC00413787",2007,10,"SNWD",0,"P"," ","0",0,"P"," ","0",0,"P"," ","0",0,"P"," ","0",0,"P"," ","0",0,"P"," ","0",0,"P"," ","0",0,"P"," ","0",0,"P"," ","0",0,"P"," ","0",0,"P"," ","0",0,"P"," ","0",0,"P"," ","0",0,"P"," ","0",0,"P"," ","0",0,"P"," ","0",0,"P"," ","0",0,"P"," ","0",0,"P"," ","0",0,"P"," ","0",0,"P"," ","0",0,"P"," ","0",0,"P"," ","0",0,"P"," ","0",0,"P"," ","0",0,"P"," ","0",0,"P"," ","0",0,"P"," ","0",0,"P"," ","0",0,"P"," ","0",0,"P"," ","0"
"4449","USC00413787",2007,11,"TMAX",150," "," ","0",167," "," ","0",167," "," ","0",189," "," ","0",267," "," ","0",167," "," ","0",128," "," ","0",222," "," ","0",233," "," ","0",239," "," ","0",256," "," ","0",272," "," ","0",150," "," ","0",261," "," ","0",133," "," ","0",144," "," ","0",233," "," ","0",239," "," ","0",261," "," ","0",267," "," ","0",272," "," ","0",50," "," ","0",28," "," ","0",28," "," ","0",28," "," ","0",72," "," ","0",72," "," ","0",156," "," ","0",106," "," ","0",111," "," ","0",NA," "," "," "
"4450","USC00413787",2007,11,"TMIN",-28," "," ","0",-28," "," ","0",-22," "," ","0",-17," "," ","0",-6," "," ","0",-50," "," ","0",-50," "," ","0",6," "," ","0",11," "," ","0",11," "," ","0",11," "," ","0",39," "," ","0",-6," "," ","0",33," "," ","0",-78," "," ","0",-67," "," ","0",6," "," ","0",11," "," ","0",22," "," ","0",33," "," ","0",0," "," ","0",-89," "," ","0",-78," "," ","0",-78," "," ","0",-100," "," ","0",-61," "," ","0",-56," "," ","0",-50," "," ","0",-83," "," ","0",-67," "," ","0",NA," "," "," "
"4451","USC00413787",2007,11,"TOBS",-22," "," ","0",0," "," ","0",-17," "," ","0",-6," "," ","0",100," "," ","0",-50," "," ","0",11," "," ","0",39," "," ","0",22," "," ","0",11," "," ","0",44," "," ","0",44," "," ","0",61," "," ","0",39," "," ","0",-67," "," ","0",6," "," ","0",22," "," ","0",50," "," ","0",33," "," ","0",50," "," ","0",0," "," ","0",-78," "," ","0",-39," "," ","0",-61," "," ","0",-61," "," ","0",-28," "," ","0",-50," "," ","0",56," "," ","0",-67," "," ","0",-17," "," ","0",NA," "," "," "
"4452","USC00413787",2007,11,"PRCP",0," "," ","0",0," "," ","0",0," "," ","0",0," "," ","0",0," "," ","0",0," "," ","0",0," "," ","0",0," "," ","0",0," "," ","0",0," "," ","0",0," "," ","0",0," "," ","0",0," "," ","0",0," "," ","0",0," "," ","0",0," "," ","0",0," "," ","0",0," "," ","0",0," "," ","0",0," "," ","0",0," "," ","0",0," "," ","0",0," "," ","0",8," "," ","0",25," "," ","0",0," "," ","0",0," "," ","0",0," "," ","0",0," "," ","0",0," "," ","0",NA," "," "," "
"4453","USC00413787",2007,11,"SNOW",0,"P"," ","0",0,"P"," ","0",0,"P"," ","0",0,"P"," ","0",0,"P"," ","0",0,"P"," ","0",0,"P"," ","0",0,"P"," ","0",0,"P"," ","0",0,"P"," ","0",0,"P"," ","0",0,"P"," ","0",0,"P"," ","0",0,"P"," ","0",0,"P"," ","0",0,"P"," ","0",0,"P"," ","0",0,"P"," ","0",0,"P"," ","0",0,"P"," ","0",0,"P"," ","0",0,"P"," ","0",0,"P"," ","0",25," "," ","0",76," "," ","0",0,"P"," ","0",0,"P"," ","0",0,"P"," ","0",0,"P"," ","0",0,"P"," ","0",NA," "," "," "
"4454","USC00413787",2007,11,"SNWD",0,"P"," ","0",0,"P"," ","0",0,"P"," ","0",0,"P"," ","0",0,"P"," ","0",0,"P"," ","0",0,"P"," ","0",0,"P"," ","0",0,"P"," ","0",0,"P"," ","0",0,"P"," ","0",0,"P"," ","0",0,"P"," ","0",0,"P"," ","0",0,"P"," ","0",0,"P"," ","0",0,"P"," ","0",0,"P"," ","0",0,"P"," ","0",0,"P"," ","0",0,"P"," ","0",0,"P"," ","0",0,"P"," ","0",25," "," ","0",76," "," ","0",NA," "," "," ",NA," "," "," ",NA," "," "," ",0,"P"," ","0",0,"P"," ","0",NA," "," "," "
"4455","USC00413787",2007,12,"TMAX",100," "," ","0",189," "," ","0",94," "," ","0",150," "," ","0",228," "," ","0",128," "," ","0",167," "," ","0",17," "," ","0",-17," "," ","0",-28," "," ","0",11," "," ","0",0," "," ","0",17," "," ","0",78," "," ","0",-17," "," ","0",6," "," ","0",89," "," ","0",139," "," ","0",139," "," ","0",189," "," ","0",156," "," ","0",167," "," ","0",-28," "," ","0",50," "," ","0",89," "," ","0",72," "," ","0",44," "," ","0",-33," "," ","0",-17," "," ","0",50," "," ","0",94," "," ","0"
"4456","USC00413787",2007,12,"TMIN",-22," "," ","0",-33," "," ","0",-67," "," ","0",-50," "," ","0",11," "," ","0",6," "," ","0",-17," "," ","0",-28," "," ","0",-83," "," ","0",-56," "," ","0",-44," "," ","0",-67," "," ","0",-67," "," ","0",-56," "," ","0",-67," "," ","0",-117," "," ","0",-83," "," ","0",-78," "," ","0",-22," "," ","0",-22," "," ","0",-28," "," ","0",-67," "," ","0",-128," "," ","0",-117," "," ","0",-67," "," ","0",-61," "," ","0",-72," "," ","0",-122," "," ","0",-139," "," ","0",-128," "," ","0",-72," "," ","0"
"4457","USC00413787",2007,12,"TOBS",100," "," ","0",-22," "," ","0",-50," "," ","0",11," "," ","0",72," "," ","0",11," "," ","0",0," "," ","0",-22," "," ","0",-33," "," ","0",-44," "," ","0",-6," "," ","0",-67," "," ","0",-56," "," ","0",-33," "," ","0",-61," "," ","0",-50," "," ","0",-67," "," ","0",-17," "," ","0",-17," "," ","0",-22," "," ","0",0," "," ","0",-67," "," ","0",-117," "," ","0",-67," "," ","0",11," "," ","0",-61," "," ","0",-44," "," ","0",-111," "," ","0",-128," "," ","0",-72," "," ","0",-11," "," ","0"
"4458","USC00413787",2007,12,"PRCP",5," "," ","0",3," "," ","0",0," "," ","0",0," "," ","0",0," "," ","0",0," "," ","0",0," "," ","0",0," "," ","0",0," "," ","0",13," "," ","0",229," "," ","0",0," "," ","0",0," "," ","0",0," "," ","0",25," "," ","0",0," "," ","0",0," "," ","0",0," "," ","0",0," "," ","0",0," "," ","0",0," "," ","0",8," "," ","0",0," "," ","0",0," "," ","0",0," "," ","0",18," "," ","0",0," "," ","0",36," "," ","0",0," "," ","0",0," "," ","0",0," "," ","0"
"4459","USC00413787",2007,12,"SNOW",0,"P"," ","0",0,"P"," ","0",0,"P"," ","0",0,"P"," ","0",0,"P"," ","0",0,"P"," ","0",0,"P"," ","0",0,"P"," ","0",0,"P"," ","0",NA," "," "," ",0,"P"," ","0",0,"P"," ","0",0,"P"," ","0",0,"P"," ","0",25," "," ","0",0,"P"," ","0",0,"P"," ","0",0,"P"," ","0",0,"P"," ","0",0,"P"," ","0",0,"P"," ","0",25," "," ","0",0,"P"," ","0",0,"P"," ","0",0,"P"," ","0",51," "," ","0",0,"P"," ","0",51," "," ","0",0,"P"," ","0",0,"P"," ","0",0,"P"," ","0"
"4460","USC00413787",2007,12,"SNWD",0,"P"," ","0",0,"P"," ","0",0,"P"," ","0",0,"P"," ","0",0,"P"," ","0",0,"P"," ","0",0,"P"," ","0",0,"P"," ","0",0,"P"," ","0",0,"P"," ","0",0,"P"," ","0",0,"P"," ","0",0,"P"," ","0",0,"P"," ","0",25," "," ","0",NA," "," "," ",NA," "," "," ",NA," "," "," ",0,"P"," ","0",0,"P"," ","0",0,"P"," ","0",25," "," ","0",NA," "," "," ",NA," "," "," ",NA," "," "," ",51," "," ","0",NA," "," "," ",51," "," ","0",NA," "," "," ",NA," "," "," ",NA," "," "," "
"4461","USC00413787",2008,1,"TMAX",50," "," ","0",44," "," ","0",61," "," ","0",111," "," ","0",144," "," ","0",178," "," ","0",189," "," ","0",172," "," ","0",89," "," ","0",167," "," ","0",100," "," ","0",150," "," ","0",128," "," ","0",111," "," ","0",122," "," ","0",144," "," ","0",-17," "," ","0",17," "," ","0",56," "," ","0",50," "," ","0",128," "," ","0",6," "," ","0",6," "," ","0",61," "," ","0",39," "," ","0",167," "," ","0",167," "," ","0",222," "," ","0",222," "," ","0",44," "," ","0",144," "," ","0"
"4462","USC00413787",2008,1,"TMIN",-106," "," ","0",-117," "," ","0",-117," "," ","0",-22," "," ","0",-11," "," ","0",33," "," ","0",56," "," ","0",-39," "," ","0",-39," "," ","0",-22," "," ","0",-56," "," ","0",-61," "," ","0",-56," "," ","0",-83," "," ","0",-78," "," ","0",-50," "," ","0",-161," "," ","0",-161," "," ","0",-83," "," ","0",-83," "," ","0",-94," "," ","0",-161," "," ","0",-161," "," ","0",-156," "," ","0",-128," "," ","0",-56," "," ","0",-56," "," ","0",-33," "," ","0",-44," "," ","0",-44," "," ","0",-89," "," ","0"
"4463","USC00413787",2008,1,"TOBS",11," "," ","0",-117," "," ","0",-22," "," ","0",44," "," ","0",33," "," ","0",56," "," ","0",56," "," ","0",-33," "," ","0",11," "," ","0",-11," "," ","0",-56," "," ","0",-56," "," ","0",-28," "," ","0",-72," "," ","0",-50," "," ","0",-17," "," ","0",-161," "," ","0",-56," "," ","0",-83," "," ","0",-61," "," ","0",-94," "," ","0",-156," "," ","0",-111," "," ","0",-122," "," ","0",-50," "," ","0",-56," "," ","0",-33," "," ","0",111," "," ","0",-44," "," ","0",-28," "," ","0",-89," "," ","0"
"4464","USC00413787",2008,1,"PRCP",0," "," ","0",0," "," ","0",0," "," ","0",0," "," ","0",0," "," ","0",0," "," ","0",0," "," ","0",8," "," ","0",0," "," ","0",0," "," ","0",0," "," ","0",0," "," ","0",0," "," ","0",0," "," ","0",0," "," ","0",0," "," ","0",5," "," ","0",0," "," ","0",0," "," ","0",0," "," ","0",0," "," ","0",0," "," ","0",0," "," ","0",0," "," ","0",0," "," ","0",0," "," ","0",0," "," ","0",0," "," ","0",5," "," ","0",0," "," ","0",3," "," ","0"
"4465","USC00413787",2008,1,"SNOW",0,"P"," ","0",0,"P"," ","0",0,"P"," ","0",0,"P"," ","0",0,"P"," ","0",0,"P"," ","0",0,"P"," ","0",0,"P"," ","0",0,"P"," ","0",0,"P"," ","0",0,"P"," ","0",0,"P"," ","0",0,"P"," ","0",0,"P"," ","0",0,"P"," ","0",0,"P"," ","0",NA," "," "," ",0,"P"," ","0",0,"P"," ","0",0,"P"," ","0",0,"P"," ","0",0,"P"," ","0",0,"P"," ","0",0,"P"," ","0",0,"P"," ","0",0,"P"," ","0",0,"P"," ","0",0,"P"," ","0",0,"P"," ","0",0,"P"," ","0",0,"P"," ","0"
"4466","USC00413787",2008,1,"SNWD",0,"P"," ","0",0,"P"," ","0",0,"P"," ","0",0,"P"," ","0",0,"P"," ","0",0,"P"," ","0",0,"P"," ","0",0,"P"," ","0",0,"P"," ","0",0,"P"," ","0",0,"P"," ","0",0,"P"," ","0",0,"P"," ","0",0,"P"," ","0",0,"P"," ","0",0,"P"," ","0",0,"P"," ","0",0,"P"," ","0",0,"P"," ","0",0,"P"," ","0",0,"P"," ","0",0,"P"," ","0",0,"P"," ","0",0,"P"," ","0",0,"P"," ","0",0,"P"," ","0",0,"P"," ","0",0,"P"," ","0",0,"P"," ","0",0,"P"," ","0",0,"P"," ","0"
"4467","USC00413787",2008,2,"TMAX",61," "," ","0",189," "," ","0",117," "," ","0",178," "," ","0",200," "," ","0",-17," "," ","0",89," "," ","0",89," "," ","0",117," "," ","0",161," "," ","0",0," "," ","0",200," "," ","0",133," "," ","0",200," "," ","0",67," "," ","0",22," "," ","0",61," "," ","0",83," "," ","0",122," "," ","0",167," "," ","0",-33," "," ","0",50," "," ","0",133," "," ","0",189," "," ","0",211," "," ","0",144," "," ","0",111," "," ","0",133," "," ","0",211," "," ","0",NA," "," "," ",NA," "," "," "
"4468","USC00413787",2008,2,"TMIN",-89," "," ","0",-61," "," ","0",-61," "," ","0",-39," "," ","0",-17," "," ","0",-111," "," ","0",-111," "," ","0",-78," "," ","0",-72," "," ","0",-106," "," ","0",-106," "," ","0",-100," "," ","0",-78," "," ","0",-72," "," ","0",-83," "," ","0",-78," "," ","0",-17," "," ","0",-72," "," ","0",-67," "," ","0",-33," "," ","0",-78," "," ","0",-72," "," ","0",-67," "," ","0",-67," "," ","0",17," "," ","0",-50," "," ","0",-44," "," ","0",-39," "," ","0",-17," "," ","0",NA," "," "," ",NA," "," "," "
"4469","USC00413787",2008,2,"TOBS",-50," "," ","0",-50," "," ","0",-39," "," ","0",94," "," ","0",-11," "," ","0",-111," "," ","0",-72," "," ","0",-11," "," ","0",50," "," ","0",-61," "," ","0",-100," "," ","0",-28," "," ","0",-72," "," ","0",61," "," ","0",-78," "," ","0",-17," "," ","0",28," "," ","0",-67," "," ","0",-22," "," ","0",-33," "," ","0",-72," "," ","0",-67," "," ","0",33," "," ","0",17," "," ","0",44," "," ","0",-44," "," ","0",-39," "," ","0",-11," "," ","0",-6," "," ","0",NA," "," "," ",NA," "," "," "
"4470","USC00413787",2008,2,"PRCP",0," "," ","0",0," "," ","0",0," "," ","0",0," "," ","0",25," "," ","0",3," "," ","0",38," "," ","0",0," "," ","0",0," "," ","0",0," "," ","0",0," "," ","0",0," "," ","0",0," "," ","0",0," "," ","0",0," "," ","0",38," "," ","0",84," "," ","0",0," "," ","0",0," "," ","0",0," "," ","0",0," "," ","0",15," "," ","0",3," "," ","0",0," "," ","0",0," "," ","0",0," "," ","0",0," "," ","0",0," "," ","0",0," "," ","0",NA," "," "," ",NA," "," "," "
"4471","USC00413787",2008,2,"SNOW",0,"P"," ","0",0,"P"," ","0",0,"P"," ","0",0,"P"," ","0",0,"P"," ","0",NA," "," "," ",25," "," ","0",0,"P"," ","0",0,"P"," ","0",0,"P"," ","0",0,"P"," ","0",0,"P"," ","0",0,"P"," ","0",0,"P"," ","0",0,"P"," ","0",0,"P"," ","0",0,"P"," ","0",0,"P"," ","0",0,"P"," ","0",0,"P"," ","0",0,"P"," ","0",25," "," ","0",0,"P"," ","0",0,"P"," ","0",0,"P"," ","0",0,"P"," ","0",0,"P"," ","0",0,"P"," ","0",0,"P"," ","0",NA," "," "," ",NA," "," "," "
"4472","USC00413787",2008,2,"SNWD",0,"P"," ","0",0,"P"," ","0",0,"P"," ","0",0,"P"," ","0",0,"P"," ","0",0,"P"," ","0",25," "," ","0",NA," "," "," ",NA," "," "," ",0,"P"," ","0",0,"P"," ","0",0,"P"," ","0",0,"P"," ","0",0,"P"," ","0",0,"P"," ","0",0,"P"," ","0",0,"P"," ","0",0,"P"," ","0",0,"P"," ","0",0,"P"," ","0",0,"P"," ","0",25," "," ","0",NA," "," "," ",NA," "," "," ",0,"P"," ","0",0,"P"," ","0",0,"P"," ","0",0,"P"," ","0",0,"P"," ","0",NA," "," "," ",NA," "," "," "
"4473","USC00413787",2008,2,"WT06",NA," "," "," ",NA," "," "," ",NA," "," "," ",NA," "," "," ",NA," "," "," ",NA," "," "," ",NA," "," "," ",NA," "," "," ",NA," "," "," ",NA," "," "," ",NA," "," "," ",NA," "," "," ",NA," "," "," ",NA," "," "," ",NA," "," "," ",1," "," ","0",NA," "," "," ",NA," "," "," ",NA," "," "," ",NA," "," "," ",NA," "," "," ",NA," "," "," ",NA," "," "," ",NA," "," "," ",NA," "," "," ",NA," "," "," ",NA," "," "," ",NA," "," "," ",NA," "," "," ",NA," "," "," ",NA," "," "," "
"4474","USC00413787",2008,3,"TMAX",178," "," ","0",267," "," ","0",200," "," ","0",72," "," ","0",167," "," ","0",83," "," ","0",78," "," ","0",50," "," ","0",117," "," ","0",167," "," ","0",178," "," ","0",206," "," ","0",233," "," ","0",194," "," ","0",217," "," ","0",128," "," ","0",94," "," ","0",44," "," ","0",133," "," ","0",217," "," ","0",267," "," ","0",200," "," ","0",150," "," ","0",89," "," ","0",233," "," ","0",244," "," ","0",233," "," ","0",167," "," ","0",122," "," ","0",239," "," ","0",167," "," ","0"
"4475","USC00413787",2008,3,"TMIN",-6," "," ","0",72," "," ","0",-33," "," ","0",-89," "," ","0",-67," "," ","0",-33," "," ","0",-61," "," ","0",-89," "," ","0",-56," "," ","0",-17," "," ","0",-17," "," ","0",-11," "," ","0",-11," "," ","0",33," "," ","0",17," "," ","0",17," "," ","0",17," "," ","0",-11," "," ","0",-33," "," ","0",-6," "," ","0",33," "," ","0",-6," "," ","0",-22," "," ","0",-22," "," ","0",0," "," ","0",0," "," ","0",0," "," ","0",6," "," ","0",-22," "," ","0",22," "," ","0",39," "," ","0"
"4476","USC00413787",2008,3,"TOBS",72," "," ","0",128," "," ","0",-28," "," ","0",-67," "," ","0",-11," "," ","0",-28," "," ","0",-33," "," ","0",-56," "," ","0",11," "," ","0",-17," "," ","0",28," "," ","0",-11," "," ","0",44," "," ","0",33," "," ","0",17," "," ","0",17," "," ","0",28," "," ","0",0," "," ","0",-6," "," ","0",39," "," ","0",33," "," ","0",6," "," ","0",-17," "," ","0",0," "," ","0",11," "," ","0",0," "," ","0",78," "," ","0",6," "," ","0",22," "," ","0",89," "," ","0",44," "," ","0"
"4477","USC00413787",2008,3,"PRCP",0," "," ","0",0," "," ","0",46," "," ","0",0," "," ","0",0," "," ","0",0," "," ","0",0," "," ","0",0," "," ","0",0," "," ","0",0," "," ","0",0," "," ","0",0," "," ","0",0," "," ","0",0," "," ","0",0," "," ","0",0," "," ","0",3," "," ","0",0," "," ","0",0," "," ","0",0," "," ","0",0," "," ","0",0," "," ","0",3," "," ","0",0," "," ","0",0," "," ","0",0," "," ","0",0," "," ","0",0," "," ","0",0," "," ","0",0," "," ","0",0," "," ","0"
"4478","USC00413787",2008,3,"SNOW",0,"P"," ","0",0,"P"," ","0",NA," "," "," ",0,"P"," ","0",0,"P"," ","0",0,"P"," ","0",0,"P"," ","0",0,"P"," ","0",0,"P"," ","0",0,"P"," ","0",0,"P"," ","0",0,"P"," ","0",0,"P"," ","0",0,"P"," ","0",0,"P"," ","0",0,"P"," ","0",0,"P"," ","0",0,"P"," ","0",0,"P"," ","0",0,"P"," ","0",0,"P"," ","0",0,"P"," ","0",0,"P"," ","0",0,"P"," ","0",0,"P"," ","0",0,"P"," ","0",0,"P"," ","0",0,"P"," ","0",0,"P"," ","0",0,"P"," ","0",0,"P"," ","0"
"4479","USC00413787",2008,3,"SNWD",0,"P"," ","0",0,"P"," ","0",25," "," ","0",NA," "," "," ",NA," "," "," ",0,"P"," ","0",0,"P"," ","0",0,"P"," ","0",0,"P"," ","0",0,"P"," ","0",0,"P"," ","0",0,"P"," ","0",0,"P"," ","0",0,"P"," ","0",0,"P"," ","0",0,"P"," ","0",0,"P"," ","0",0,"P"," ","0",0,"P"," ","0",0,"P"," ","0",0,"P"," ","0",0,"P"," ","0",0,"P"," ","0",0,"P"," ","0",0,"P"," ","0",0,"P"," ","0",0,"P"," ","0",0,"P"," ","0",0,"P"," ","0",0,"P"," ","0",0,"P"," ","0"
"4480","USC00413787",2008,4,"TMAX",211," "," ","0",144," "," ","0",189," "," ","0",206," "," ","0",189," "," ","0",256," "," ","0",200," "," ","0",222," "," ","0",156," "," ","0",61," "," ","0",139," "," ","0",133," "," ","0",150," "," ","0",167," "," ","0",272," "," ","0",317," "," ","0",322," "," ","0",106," "," ","0",233," "," ","0",300," "," ","0",317," "," ","0",250," "," ","0",233," "," ","0",244," "," ","0",306," "," ","0",211," "," ","0",228," "," ","0",194," "," ","0",256," "," ","0",289," "," ","0",NA," "," "," "
"4481","USC00413787",2008,4,"TMIN",-39," "," ","0",-33," "," ","0",-6," "," ","0",17," "," ","0",17," "," ","0",61," "," ","0",22," "," ","0",22," "," ","0",17," "," ","0",33," "," ","0",6," "," ","0",-6," "," ","0",-17," "," ","0",-17," "," ","0",-6," "," ","0",89," "," ","0",33," "," ","0",-44," "," ","0",-28," "," ","0",44," "," ","0",67," "," ","0",56," "," ","0",67," "," ","0",106," "," ","0",67," "," ","0",44," "," ","0",0," "," ","0",17," "," ","0",11," "," ","0",22," "," ","0",NA," "," "," "
"4482","USC00413787",2008,4,"TOBS",-33," "," ","0",-6," "," ","0",72," "," ","0",17," "," ","0",72," "," ","0",61," "," ","0",28," "," ","0",22," "," ","0",39," "," ","0",56," "," ","0",28," "," ","0",22," "," ","0",61," "," ","0",-6," "," ","0",89," "," ","0",128," "," ","0",33," "," ","0",-28," "," ","0",50," "," ","0",156," "," ","0",89," "," ","0",67," "," ","0",128," "," ","0",111," "," ","0",83," "," ","0",67," "," ","0",67," "," ","0",28," "," ","0",22," "," ","0",122," "," ","0",NA," "," "," "
"4483","USC00413787",2008,4,"PRCP",0," "," ","0",0," "," ","0",0," "," ","0",0," "," ","0",0," "," ","0",0," "," ","0",0," "," ","0",0," "," ","0",0," "," ","0",79," "," ","0",18," "," ","0",0," "," ","0",0," "," ","0",0," "," ","0",0," "," ","0",0," "," ","0",0," "," ","0",0," "," ","0",0," "," ","0",0," "," ","0",0," "," ","0",0," "," ","0",0," "," ","0",76," "," ","0",0," "," ","0",0," "," ","0",0," "," ","0",0," "," ","0",0," "," ","0",0," "," ","0",NA," "," "," "
"4484","USC00413787",2008,4,"SNOW",0,"P"," ","0",0,"P"," ","0",0,"P"," ","0",0,"P"," ","0",0,"P"," ","0",0,"P"," ","0",0,"P"," ","0",0,"P"," ","0",0,"P"," ","0",0,"P"," ","0",0,"P"," ","0",0,"P"," ","0",0,"P"," ","0",0,"P"," ","0",0,"P"," ","0",0,"P"," ","0",0,"P"," ","0",0,"P"," ","0",0,"P"," ","0",0,"P"," ","0",0,"P"," ","0",0,"P"," ","0",0,"P"," ","0",0,"P"," ","0",0,"P"," ","0",0,"P"," ","0",0,"P"," ","0",0,"P"," ","0",0,"P"," ","0",0,"P"," ","0",NA," "," "," "
"4485","USC00413787",2008,4,"SNWD",0,"P"," ","0",0,"P"," ","0",0,"P"," ","0",0,"P"," ","0",0,"P"," ","0",0,"P"," ","0",0,"P"," ","0",0,"P"," ","0",0,"P"," ","0",0,"P"," ","0",0,"P"," ","0",0,"P"," ","0",0,"P"," ","0",0,"P"," ","0",0,"P"," ","0",0,"P"," ","0",0,"P"," ","0",0,"P"," ","0",0,"P"," ","0",0,"P"," ","0",0,"P"," ","0",0,"P"," ","0",0,"P"," ","0",0,"P"," ","0",0,"P"," ","0",0,"P"," ","0",0,"P"," ","0",0,"P"," ","0",0,"P"," ","0",0,"P"," ","0",NA," "," "," "
"4486","USC00413787",2008,5,"TMAX",333," "," ","0",333," "," ","0",206," "," ","0",183," "," ","0",272," "," ","0",283," "," ","0",294," "," ","0",278," "," ","0",289," "," ","0",289," "," ","0",233," "," ","0",233," "," ","0",328," "," ","0",233," "," ","0",133," "," ","0",211," "," ","0",244," "," ","0",272," "," ","0",317," "," ","0",344," "," ","0",344," "," ","0",283," "," ","0",317," "," ","0",333," "," ","0",306," "," ","0",311," "," ","0",344," "," ","0",217," "," ","0",256," "," ","0",328," "," ","0",344," "," ","0"
"4487","USC00413787",2008,5,"TMIN",122," "," ","0",11," "," ","0",6," "," ","0",28," "," ","0",89," "," ","0",139," "," ","0",133," "," ","0",67," "," ","0",72," "," ","0",72," "," ","0",6," "," ","0",61," "," ","0",100," "," ","0",72," "," ","0",83," "," ","0",44," "," ","0",72," "," ","0",94," "," ","0",122," "," ","0",156," "," ","0",139," "," ","0",144," "," ","0",167," "," ","0",83," "," ","0",139," "," ","0",150," "," ","0",128," "," ","0",100," "," ","0",100," "," ","0",156," "," ","0",128," "," ","0"
"4488","USC00413787",2008,5,"TOBS",128," "," ","0",39," "," ","0",28," "," ","0",94," "," ","0",139," "," ","0",144," "," ","0",133," "," ","0",83," "," ","0",89," "," ","0",117," "," ","0",61," "," ","0",106," "," ","0",111," "," ","0",89," "," ","0",89," "," ","0",72," "," ","0",128," "," ","0",133," "," ","0",156," "," ","0",161," "," ","0",150," "," ","0",228," "," ","0",194," "," ","0",139," "," ","0",200," "," ","0",172," "," ","0",156," "," ","0",100," "," ","0",183," "," ","0",161," "," ","0",144," "," ","0"
"4489","USC00413787",2008,5,"PRCP",0," "," ","0",0," "," ","0",0," "," ","0",0," "," ","0",0," "," ","0",3," "," ","0",38," "," ","0",411," "," ","0",0," "," ","0",0," "," ","0",0," "," ","0",0," "," ","0",0," "," ","0",0," "," ","0",173," "," ","0",0," "," ","0",0," "," ","0",0," "," ","0",0," "," ","0",0," "," ","0",0," "," ","0",0," "," ","0",0," "," ","0",0," "," ","0",0," "," ","0",99," "," ","0",0," "," ","0",18," "," ","0",0," "," ","0",0," "," ","0",0," "," ","0"
"4490","USC00413787",2008,5,"SNOW",0,"P"," ","0",0,"P"," ","0",0,"P"," ","0",0,"P"," ","0",0,"P"," ","0",0,"P"," ","0",0,"P"," ","0",0,"P"," ","0",0,"P"," ","0",0,"P"," ","0",0,"P"," ","0",0,"P"," ","0",0,"P"," ","0",0,"P"," ","0",0,"P"," ","0",0,"P"," ","0",0,"P"," ","0",0,"P"," ","0",0,"P"," ","0",0,"P"," ","0",0,"P"," ","0",0,"P"," ","0",0,"P"," ","0",0,"P"," ","0",0,"P"," ","0",0,"P"," ","0",0,"P"," ","0",0,"P"," ","0",0,"P"," ","0",0,"P"," ","0",0,"P"," ","0"
"4491","USC00413787",2008,5,"SNWD",0,"P"," ","0",0,"P"," ","0",0,"P"," ","0",0,"P"," ","0",0,"P"," ","0",0,"P"," ","0",0,"P"," ","0",0,"P"," ","0",0,"P"," ","0",0,"P"," ","0",0,"P"," ","0",0,"P"," ","0",0,"P"," ","0",0,"P"," ","0",0,"P"," ","0",0,"P"," ","0",0,"P"," ","0",0,"P"," ","0",0,"P"," ","0",0,"P"," ","0",0,"P"," ","0",0,"P"," ","0",0,"P"," ","0",0,"P"," ","0",0,"P"," ","0",0,"P"," ","0",0,"P"," ","0",0,"P"," ","0",0,"P"," ","0",0,"P"," ","0",0,"P"," ","0"
"4492","USC00413787",2008,6,"TMAX",311," "," ","0",289," "," ","0",411," "," ","0",361," "," ","0",378," "," ","0",311," "," ","0",339," "," ","0",372," "," ","0",322," "," ","0",289," "," ","0",356," "," ","0",406," "," ","0",328," "," ","0",311," "," ","0",367," "," ","0",389," "," ","0",389," "," ","0",278," "," ","0",344," "," ","0",300," "," ","0",317," "," ","0",317," "," ","0",344," "," ","0",344," "," ","0",333," "," ","0",344," "," ","0",378," "," ","0",372," "," ","0",300," "," ","0",300," "," ","0",NA," "," "," "
"4493","USC00413787",2008,6,"TMIN",144," "," ","0",178," "," ","0",183," "," ","0",111," "," ","0",128," "," ","0",100," "," ","0",122," "," ","0",178," "," ","0",122," "," ","0",133," "," ","0",156," "," ","0",122," "," ","0",139," "," ","0",128," "," ","0",194," "," ","0",172," "," ","0",161," "," ","0",144," "," ","0",144," "," ","0",122," "," ","0",144," "," ","0",144," "," ","0",178," "," ","0",167," "," ","0",178," "," ","0",178," "," ","0",189," "," ","0",189," "," ","0",150," "," ","0",161," "," ","0",NA," "," "," "
"4494","USC00413787",2008,6,"TOBS",194," "," ","0",183," "," ","0",211," "," ","0",128," "," ","0",183," "," ","0",122," "," ","0",233," "," ","0",178," "," ","0",133," "," ","0",156," "," ","0",233," "," ","0",139," "," ","0",172," "," ","0",194," "," ","0",228," "," ","0",189," "," ","0",161," "," ","0",167," "," ","0",178," "," ","0",144," "," ","0",183," "," ","0",217," "," ","0",200," "," ","0",178," "," ","0",183," "," ","0",211," "," ","0",222," "," ","0",200," "," ","0",167," "," ","0",189," "," ","0",NA," "," "," "
"4495","USC00413787",2008,6,"PRCP",0," "," ","0",0," "," ","0",0," "," ","0",0," "," ","0",0," "," ","0",0," "," ","0",0," "," ","0",0," "," ","0",0," "," ","0",0," "," ","0",0," "," ","0",0," "," ","0",0," "," ","0",0," "," ","0",0," "," ","0",0," "," ","0",0," "," ","0",0," "," ","0",48," "," ","0",25," "," ","0",325," "," ","0",0," "," ","0",0," "," ","0",0," "," ","0",0," "," ","0",0," "," ","0",0," "," ","0",0," "," ","0",0," "," ","0",0," "," ","0",NA," "," "," "
"4496","USC00413787",2008,6,"SNOW",0,"P"," ","0",0,"P"," ","0",0,"P"," ","0",0,"P"," ","0",0,"P"," ","0",0,"P"," ","0",0,"P"," ","0",0,"P"," ","0",0,"P"," ","0",0,"P"," ","0",0,"P"," ","0",0,"P"," ","0",0,"P"," ","0",0,"P"," ","0",0,"P"," ","0",0,"P"," ","0",0,"P"," ","0",0,"P"," ","0",0,"P"," ","0",0,"P"," ","0",0,"P"," ","0",0,"P"," ","0",0,"P"," ","0",0,"P"," ","0",0,"P"," ","0",0,"P"," ","0",0,"P"," ","0",0,"P"," ","0",0,"P"," ","0",0,"P"," ","0",NA," "," "," "
"4497","USC00413787",2008,6,"SNWD",0,"P"," ","0",0,"P"," ","0",0,"P"," ","0",0,"P"," ","0",0,"P"," ","0",0,"P"," ","0",0,"P"," ","0",0,"P"," ","0",0,"P"," ","0",0,"P"," ","0",0,"P"," ","0",0,"P"," ","0",0,"P"," ","0",0,"P"," ","0",0,"P"," ","0",0,"P"," ","0",0,"P"," ","0",0,"P"," ","0",0,"P"," ","0",0,"P"," ","0",0,"P"," ","0",0,"P"," ","0",0,"P"," ","0",0,"P"," ","0",0,"P"," ","0",0,"P"," ","0",0,"P"," ","0",0,"P"," ","0",0,"P"," ","0",0,"P"," ","0",NA," "," "," "
"4498","USC00413787",2008,6,"WT03",NA," "," "," ",NA," "," "," ",NA," "," "," ",NA," "," "," ",NA," "," "," ",NA," "," "," ",NA," "," "," ",NA," "," "," ",NA," "," "," ",NA," "," "," ",NA," "," "," ",NA," "," "," ",NA," "," "," ",NA," "," "," ",NA," "," "," ",NA," "," "," ",NA," "," "," ",NA," "," "," ",NA," "," "," ",NA," "," "," ",1," "," ","0",NA," "," "," ",NA," "," "," ",NA," "," "," ",NA," "," "," ",NA," "," "," ",NA," "," "," ",NA," "," "," ",NA," "," "," ",NA," "," "," ",NA," "," "," "
"4499","USC00413787",2008,6,"WT05",NA," "," "," ",NA," "," "," ",NA," "," "," ",NA," "," "," ",NA," "," "," ",NA," "," "," ",NA," "," "," ",NA," "," "," ",NA," "," "," ",NA," "," "," ",NA," "," "," ",NA," "," "," ",NA," "," "," ",NA," "," "," ",NA," "," "," ",NA," "," "," ",NA," "," "," ",NA," "," "," ",NA," "," "," ",NA," "," "," ",1," "," ","0",NA," "," "," ",NA," "," "," ",NA," "," "," ",NA," "," "," ",NA," "," "," ",NA," "," "," ",NA," "," "," ",NA," "," "," ",NA," "," "," ",NA," "," "," "
"4500","USC00413787",2008,7,"TMAX",328," "," ","0",344," "," ","0",361," "," ","0",272," "," ","0",328," "," ","0",350," "," ","0",339," "," ","0",317," "," ","0",267," "," ","0",233," "," ","0",289," "," ","0",339," "," ","0",222," "," ","0",278," "," ","0",311," "," ","0",306," "," ","0",317," "," ","0",339," "," ","0",333," "," ","0",289," "," ","0",339," "," ","0",339," "," ","0",367," "," ","0",356," "," ","0",356," "," ","0",356," "," ","0",350," "," ","0",356," "," ","0",378," "," ","0",317," "," ","0",339," "," ","0"
"4501","USC00413787",2008,7,"TMIN",183," "," ","0",189," "," ","0",167," "," ","0",161," "," ","0",161," "," ","0",222," "," ","0",194," "," ","0",183," "," ","0",189," "," ","0",189," "," ","0",189," "," ","0",211," "," ","0",167," "," ","0",172," "," ","0",172," "," ","0",183," "," ","0",183," "," ","0",194," "," ","0",189," "," ","0",161," "," ","0",178," "," ","0",183," "," ","0",183," "," ","0",189," "," ","0",183," "," ","0",200," "," ","0",206," "," ","0",206," "," ","0",189," "," ","0",167," "," ","0",161," "," ","0"
"4502","USC00413787",2008,7,"TOBS",189," "," ","0",233," "," ","0",172," "," ","0",161," "," ","0",239," "," ","0",222," "," ","0",211," "," ","0",194," "," ","0",189," "," ","0",194," "," ","0",211," "," ","0",222," "," ","0",178," "," ","0",183," "," ","0",194," "," ","0",194," "," ","0",194," "," ","0",217," "," ","0",194," "," ","0",217," "," ","0",183," "," ","0",200," "," ","0",194," "," ","0",206," "," ","0",206," "," ","0",206," "," ","0",261," "," ","0",222," "," ","0",194," "," ","0",172," "," ","0",167," "," ","0"
"4503","USC00413787",2008,7,"PRCP",0," "," ","0",0," "," ","0",229," "," ","0",0," "," ","0",0," "," ","0",0," "," ","0",0," "," ","0",132," "," ","0",89," "," ","0",521," "," ","0",0," "," ","0",0," "," ","0",0," "," ","0",0," "," ","0",0," "," ","0",0," "," ","0",0," "," ","0",0," "," ","0",152," "," ","0",0," "," ","0",0," "," ","0",0," "," ","0",0," "," ","0",0," "," ","0",0," "," ","0",0," "," ","0",0," "," ","0",0," "," ","0",15," "," ","0",0," "," ","0",0," "," ","0"
"4504","USC00413787",2008,7,"SNOW",0,"P"," ","0",0,"P"," ","0",0,"P"," ","0",0,"P"," ","0",0,"P"," ","0",0,"P"," ","0",0,"P"," ","0",0,"P"," ","0",0,"P"," ","0",0,"P"," ","0",0,"P"," ","0",0,"P"," ","0",0,"P"," ","0",0,"P"," ","0",0,"P"," ","0",0,"P"," ","0",0,"P"," ","0",0,"P"," ","0",0,"P"," ","0",0,"P"," ","0",0,"P"," ","0",0,"P"," ","0",0,"P"," ","0",0,"P"," ","0",0,"P"," ","0",0,"P"," ","0",0,"P"," ","0",0,"P"," ","0",0,"P"," ","0",0,"P"," ","0",0,"P"," ","0"
"4505","USC00413787",2008,7,"SNWD",0,"P"," ","0",0,"P"," ","0",0,"P"," ","0",0,"P"," ","0",0,"P"," ","0",0,"P"," ","0",0,"P"," ","0",0,"P"," ","0",0,"P"," ","0",0,"P"," ","0",0,"P"," ","0",0,"P"," ","0",0,"P"," ","0",0,"P"," ","0",0,"P"," ","0",0,"P"," ","0",0,"P"," ","0",0,"P"," ","0",0,"P"," ","0",0,"P"," ","0",0,"P"," ","0",0,"P"," ","0",0,"P"," ","0",0,"P"," ","0",0,"P"," ","0",0,"P"," ","0",0,"P"," ","0",0,"P"," ","0",0,"P"," ","0",0,"P"," ","0",0,"P"," ","0"
"4506","USC00413787",2008,8,"TMAX",372," "," ","0",378," "," ","0",367," "," ","0",361," "," ","0",383," "," ","0",378," "," ","0",333," "," ","0",306," "," ","0",311," "," ","0",361," "," ","0",272," "," ","0",300," "," ","0",322," "," ","0",300," "," ","0",294," "," ","0",244," "," ","0",239," "," ","0",233," "," ","0",211," "," ","0",211," "," ","0",261," "," ","0",311," "," ","0",350," "," ","0",322," "," ","0",322," "," ","0",289," "," ","0",322," "," ","0",344," "," ","0",333," "," ","0",339," "," ","0",294," "," ","0"
"4507","USC00413787",2008,8,"TMIN",161," "," ","0",161," "," ","0",200," "," ","0",211," "," ","0",183," "," ","0",189," "," ","0",167," "," ","0",178," "," ","0",200," "," ","0",206," "," ","0",189," "," ","0",172," "," ","0",167," "," ","0",139," "," ","0",150," "," ","0",150," "," ","0",167," "," ","0",144," "," ","0",144," "," ","0",156," "," ","0",161," "," ","0",172," "," ","0",183," "," ","0",167," "," ","0",167," "," ","0",172," "," ","0",178," "," ","0",178," "," ","0",161," "," ","0",156," "," ","0",172," "," ","0"
"4508","USC00413787",2008,8,"TOBS",183," "," ","0",211," "," ","0",239," "," ","0",217," "," ","0",189," "," ","0",194," "," ","0",178," "," ","0",200," "," ","0",228," "," ","0",211," "," ","0",194," "," ","0",183," "," ","0",183," "," ","0",167," "," ","0",150," "," ","0",167," "," ","0",167," "," ","0",167," "," ","0",161," "," ","0",161," "," ","0",172," "," ","0",194," "," ","0",217," "," ","0",217," "," ","0",211," "," ","0",178," "," ","0",183," "," ","0",189," "," ","0",161," "," ","0",211," "," ","0",194," "," ","0"
"4509","USC00413787",2008,8,"PRCP",0," "," ","0",0," "," ","0",0," "," ","0",0," "," ","0",0," "," ","0",130," "," ","0",0," "," ","0",3," "," ","0",107," "," ","0",0," "," ","0",0," "," ","0",0," "," ","0",371," "," ","0",264," "," ","0",216," "," ","0",25," "," ","0",25," "," ","0",368," "," ","0",5," "," ","0",0," "," ","0",0," "," ","0",0," "," ","0",0," "," ","0",0," "," ","0",0," "," ","0",0," "," ","0",0," "," ","0",0," "," ","0",0," "," ","0",0," "," ","0",0," "," ","0"
"4510","USC00413787",2008,8,"SNOW",0,"P"," ","0",0,"P"," ","0",0,"P"," ","0",0,"P"," ","0",0,"P"," ","0",0,"P"," ","0",0,"P"," ","0",0,"P"," ","0",0,"P"," ","0",0,"P"," ","0",0,"P"," ","0",0,"P"," ","0",0,"P"," ","0",0,"P"," ","0",0,"P"," ","0",0,"P"," ","0",0,"P"," ","0",0,"P"," ","0",0,"P"," ","0",0,"P"," ","0",0,"P"," ","0",0,"P"," ","0",0,"P"," ","0",0,"P"," ","0",0,"P"," ","0",0,"P"," ","0",0,"P"," ","0",0,"P"," ","0",0,"P"," ","0",0,"P"," ","0",0,"P"," ","0"
"4511","USC00413787",2008,8,"SNWD",0,"P"," ","0",0,"P"," ","0",0,"P"," ","0",0,"P"," ","0",0,"P"," ","0",0,"P"," ","0",0,"P"," ","0",0,"P"," ","0",0,"P"," ","0",0,"P"," ","0",0,"P"," ","0",0,"P"," ","0",0,"P"," ","0",0,"P"," ","0",0,"P"," ","0",0,"P"," ","0",0,"P"," ","0",0,"P"," ","0",0,"P"," ","0",0,"P"," ","0",0,"P"," ","0",0,"P"," ","0",0,"P"," ","0",0,"P"," ","0",0,"P"," ","0",0,"P"," ","0",0,"P"," ","0",0,"P"," ","0",0,"P"," ","0",0,"P"," ","0",0,"P"," ","0"
"4512","USC00413787",2008,9,"TMAX",294," "," ","0",311," "," ","0",217," "," ","0",172," "," ","0",239," "," ","0",239," "," ","0",233," "," ","0",283," "," ","0",211," "," ","0",233," "," ","0",289," "," ","0",239," "," ","0",239," "," ","0",289," "," ","0",228," "," ","0",244," "," ","0",300," "," ","0",289," "," ","0",272," "," ","0",267," "," ","0",289," "," ","0",289," "," ","0",300," "," ","0",300," "," ","0",294," "," ","0",294," "," ","0",306," "," ","0",317," "," ","0",294," "," ","0",256," "," ","0",NA," "," "," "
"4513","USC00413787",2008,9,"TMIN",172," "," ","0",172," "," ","0",111," "," ","0",106," "," ","0",100," "," ","0",111," "," ","0",111," "," ","0",106," "," ","0",94," "," ","0",100," "," ","0",144," "," ","0",167," "," ","0",161," "," ","0",111," "," ","0",67," "," ","0",72," "," ","0",111," "," ","0",106," "," ","0",111," "," ","0",94," "," ","0",111," "," ","0",150," "," ","0",156," "," ","0",144," "," ","0",133," "," ","0",122," "," ","0",100," "," ","0",106," "," ","0",106," "," ","0",50," "," ","0",NA," "," "," "
"4514","USC00413787",2008,9,"TOBS",189," "," ","0",172," "," ","0",111," "," ","0",106," "," ","0",156," "," ","0",111," "," ","0",139," "," ","0",139," "," ","0",100," "," ","0",150," "," ","0",183," "," ","0",167," "," ","0",161," "," ","0",122," "," ","0",72," "," ","0",111," "," ","0",111," "," ","0",111," "," ","0",128," "," ","0",111," "," ","0",156," "," ","0",161," "," ","0",156," "," ","0",144," "," ","0",133," "," ","0",128," "," ","0",122," "," ","0",122," "," ","0",111," "," ","0",56," "," ","0",NA," "," "," "
"4515","USC00413787",2008,9,"PRCP",0," "," ","0",0," "," ","0",140," "," ","0",13," "," ","0",0," "," ","0",10," "," ","0",0," "," ","0",0," "," ","0",0," "," ","0",0," "," ","0",0," "," ","0",114," "," ","0",25," "," ","0",0," "," ","0",0," "," ","0",0," "," ","0",0," "," ","0",0," "," ","0",0," "," ","0",0," "," ","0",0," "," ","0",0," "," ","0",0," "," ","0",0," "," ","0",0," "," ","0",0," "," ","0",0," "," ","0",0," "," ","0",0," "," ","0",0," "," ","0",NA," "," "," "
"4516","USC00413787",2008,9,"SNOW",0,"P"," ","0",0,"P"," ","0",0,"P"," ","0",0,"P"," ","0",0,"P"," ","0",0,"P"," ","0",0,"P"," ","0",0,"P"," ","0",0,"P"," ","0",0,"P"," ","0",0,"P"," ","0",0,"P"," ","0",0,"P"," ","0",0,"P"," ","0",0,"P"," ","0",0,"P"," ","0",0,"P"," ","0",0,"P"," ","0",0,"P"," ","0",0,"P"," ","0",0,"P"," ","0",0,"P"," ","0",0,"P"," ","0",0,"P"," ","0",0,"P"," ","0",0,"P"," ","0",0,"P"," ","0",0,"P"," ","0",0,"P"," ","0",0,"P"," ","0",NA," "," "," "
"4517","USC00413787",2008,9,"SNWD",0,"P"," ","0",0,"P"," ","0",0,"P"," ","0",0,"P"," ","0",0,"P"," ","0",0,"P"," ","0",0,"P"," ","0",0,"P"," ","0",0,"P"," ","0",0,"P"," ","0",0,"P"," ","0",0,"P"," ","0",0,"P"," ","0",0,"P"," ","0",0,"P"," ","0",0,"P"," ","0",0,"P"," ","0",0,"P"," ","0",0,"P"," ","0",0,"P"," ","0",0,"P"," ","0",0,"P"," ","0",0,"P"," ","0",0,"P"," ","0",0,"P"," ","0",0,"P"," ","0",0,"P"," ","0",0,"P"," ","0",0,"P"," ","0",0,"P"," ","0",NA," "," "," "
"4518","USC00413787",2008,10,"TMAX",294," "," ","0",289," "," ","0",272," "," ","0",294," "," ","0",311," "," ","0",161," "," ","0",194," "," ","0",244," "," ","0",289," "," ","0",272," "," ","0",322," "," ","0",178," "," ","0",178," "," ","0",94," "," ","0",100," "," ","0",167," "," ","0",178," "," ","0",233," "," ","0",256," "," ","0",294," "," ","0",172," "," ","0",233," "," ","0",233," "," ","0",72," "," ","0",183," "," ","0",222," "," ","0",150," "," ","0",167," "," ","0",178," "," ","0",244," "," ","0",289," "," ","0"
"4519","USC00413787",2008,10,"TMIN",56," "," ","0",78," "," ","0",94," "," ","0",106," "," ","0",156," "," ","0",122," "," ","0",56," "," ","0",56," "," ","0",67," "," ","0",117," "," ","0",117," "," ","0",150," "," ","0",61," "," ","0",67," "," ","0",33," "," ","0",17," "," ","0",22," "," ","0",56," "," ","0",61," "," ","0",100," "," ","0",100," "," ","0",61," "," ","0",17," "," ","0",-33," "," ","0",-11," "," ","0",17," "," ","0",-28," "," ","0",-28," "," ","0",11," "," ","0",11," "," ","0",50," "," ","0"
"4520","USC00413787",2008,10,"TOBS",78," "," ","0",94," "," ","0",106," "," ","0",189," "," ","0",156," "," ","0",133," "," ","0",56," "," ","0",67," "," ","0",117," "," ","0",117," "," ","0",161," "," ","0",161," "," ","0",67," "," ","0",67," "," ","0",33," "," ","0",22," "," ","0",61," "," ","0",61," "," ","0",122," "," ","0",106," "," ","0",106," "," ","0",61," "," ","0",33," "," ","0",-11," "," ","0",17," "," ","0",89," "," ","0",-28," "," ","0",11," "," ","0",11," "," ","0",72," "," ","0",56," "," ","0"
"4521","USC00413787",2008,10,"PRCP",0," "," ","0",0," "," ","0",0," "," ","0",0," "," ","0",0," "," ","0",53," "," ","0",28," "," ","0",0," "," ","0",0," "," ","0",0," "," ","0",0," "," ","0",485," "," ","0",241," "," ","0",5," "," ","0",330," "," ","0",0," "," ","0",0," "," ","0",0," "," ","0",0," "," ","0",0," "," ","0",112," "," ","0",5," "," ","0",0," "," ","0",5," "," ","0",0," "," ","0",0," "," ","0",0," "," ","0",0," "," ","0",0," "," ","0",0," "," ","0",0," "," ","0"
"4522","USC00413787",2008,10,"SNOW",0,"P"," ","0",0,"P"," ","0",0,"P"," ","0",0,"P"," ","0",0,"P"," ","0",0,"P"," ","0",0,"P"," ","0",0,"P"," ","0",0,"P"," ","0",0,"P"," ","0",0,"P"," ","0",0,"P"," ","0",0,"P"," ","0",0,"P"," ","0",0,"P"," ","0",0,"P"," ","0",0,"P"," ","0",0,"P"," ","0",0,"P"," ","0",0,"P"," ","0",0,"P"," ","0",0,"P"," ","0",0,"P"," ","0",0,"P"," ","0",0,"P"," ","0",0,"P"," ","0",0,"P"," ","0",0,"P"," ","0",0,"P"," ","0",0,"P"," ","0",0,"P"," ","0"
"4523","USC00413787",2008,10,"SNWD",0,"P"," ","0",0,"P"," ","0",0,"P"," ","0",0,"P"," ","0",0,"P"," ","0",0,"P"," ","0",0,"P"," ","0",0,"P"," ","0",0,"P"," ","0",0,"P"," ","0",0,"P"," ","0",0,"P"," ","0",0,"P"," ","0",0,"P"," ","0",0,"P"," ","0",0,"P"," ","0",0,"P"," ","0",0,"P"," ","0",0,"P"," ","0",0,"P"," ","0",0,"P"," ","0",0,"P"," ","0",0,"P"," ","0",0,"P"," ","0",0,"P"," ","0",0,"P"," ","0",0,"P"," ","0",0,"P"," ","0",0,"P"," ","0",0,"P"," ","0",0,"P"," ","0"
"4524","USC00413787",2008,11,"TMAX",256," "," ","0",267," "," ","0",289," "," ","0",250," "," ","0",278," "," ","0",200," "," ","0",161," "," ","0",167," "," ","0",178," "," ","0",167," "," ","0",172," "," ","0",150," "," ","0",178," "," ","0",206," "," ","0",106," "," ","0",100," "," ","0",222," "," ","0",139," "," ","0",217," "," ","0",267," "," ","0",39," "," ","0",83," "," ","0",150," "," ","0",206," "," ","0",211," "," ","0",211," "," ","0",183," "," ","0",72," "," ","0",56," "," ","0",106," "," ","0",NA," "," "," "
"4525","USC00413787",2008,11,"TMIN",50," "," ","0",50," "," ","0",61," "," ","0",111," "," ","0",100," "," ","0",-22," "," ","0",-17," "," ","0",0," "," ","0",0," "," ","0",39," "," ","0",-11," "," ","0",-11," "," ","0",-6," "," ","0",33," "," ","0",-50," "," ","0",-22," "," ","0",11," "," ","0",-11," "," ","0",6," "," ","0",-17," "," ","0",-72," "," ","0",-67," "," ","0",-22," "," ","0",-33," "," ","0",-33," "," ","0",-28," "," ","0",-6," "," ","0",6," "," ","0",-6," "," ","0",-6," "," ","0",NA," "," "," "
"4526","USC00413787",2008,11,"TOBS",56," "," ","0",78," "," ","0",122," "," ","0",117," "," ","0",106," "," ","0",-11," "," ","0",0," "," ","0",11," "," ","0",39," "," ","0",72," "," ","0",-11," "," ","0",-6," "," ","0",33," "," ","0",44," "," ","0",-22," "," ","0",39," "," ","0",11," "," ","0",11," "," ","0",61," "," ","0",-17," "," ","0",-67," "," ","0",-17," "," ","0",39," "," ","0",-33," "," ","0",-28," "," ","0",0," "," ","0",11," "," ","0",6," "," ","0",6," "," ","0",39," "," ","0",NA," "," "," "
"4527","USC00413787",2008,11,"PRCP",0," "," ","0",0," "," ","0",0," "," ","0",0," "," ","0",0," "," ","0",0," "," ","0",0," "," ","0",0," "," ","0",0," "," ","0",56," "," ","0",0," "," ","0",0," "," ","0",0," "," ","0",0," "," ","0",0," "," ","0",0," "," ","0",0," "," ","0",0," "," ","0",0," "," ","0",0," "," ","0",0," "," ","0",0," "," ","0",0," "," ","0",0," "," ","0",0," "," ","0",0," "," ","0",0," "," ","0",25," "," ","0",0," "," ","0",0," "," ","0",NA," "," "," "
"4528","USC00413787",2008,11,"SNOW",0,"P"," ","0",0,"P"," ","0",0,"P"," ","0",0,"P"," ","0",0,"P"," ","0",0,"P"," ","0",0,"P"," ","0",0,"P"," ","0",0,"P"," ","0",0,"P"," ","0",0,"P"," ","0",0,"P"," ","0",0,"P"," ","0",0,"P"," ","0",0,"P"," ","0",0,"P"," ","0",0,"P"," ","0",0,"P"," ","0",0,"P"," ","0",0,"P"," ","0",0,"P"," ","0",0,"P"," ","0",0,"P"," ","0",0,"P"," ","0",0,"P"," ","0",0,"P"," ","0",0,"P"," ","0",0,"P"," ","0",0,"P"," ","0",0,"P"," ","0",NA," "," "," "
"4529","USC00413787",2008,11,"SNWD",0,"P"," ","0",0,"P"," ","0",0,"P"," ","0",0,"P"," ","0",0,"P"," ","0",0,"P"," ","0",0,"P"," ","0",0,"P"," ","0",0,"P"," ","0",0,"P"," ","0",0,"P"," ","0",0,"P"," ","0",0,"P"," ","0",0,"P"," ","0",0,"P"," ","0",0,"P"," ","0",0,"P"," ","0",0,"P"," ","0",0,"P"," ","0",0,"P"," ","0",0,"P"," ","0",0,"P"," ","0",0,"P"," ","0",0,"P"," ","0",0,"P"," ","0",0,"P"," ","0",0,"P"," ","0",0,"P"," ","0",0,"P"," ","0",0,"P"," ","0",NA," "," "," "
"4530","USC00413787",2008,12,"TMAX",106," "," ","0",106," "," ","0",228," "," ","0",44," "," ","0",-11," "," ","0",67," "," ","0",144," "," ","0",189," "," ","0",222," "," ","0",-28," "," ","0",61," "," ","0",144," "," ","0",100," "," ","0",189," "," ","0",-11," "," ","0",-100," "," ","0",122," "," ","0",61," "," ","0",178," "," ","0",94," "," ","0",22," "," ","0",-50," "," ","0",22," "," ","0",167," "," ","0",100," "," ","0",167," "," ","0",178," "," ","0",33," "," ","0",144," "," ","0",183," "," ","0",233," "," ","0"
"4531","USC00413787",2008,12,"TMIN",-33," "," ","0",-28," "," ","0",-6," "," ","0",-50," "," ","0",-72," "," ","0",-72," "," ","0",-39," "," ","0",39," "," ","0",-50," "," ","0",-139," "," ","0",-133," "," ","0",-56," "," ","0",-56," "," ","0",-17," "," ","0",-144," "," ","0",-144," "," ","0",-100," "," ","0",-78," "," ","0",-39," "," ","0",-44," "," ","0",-144," "," ","0",-144," "," ","0",-61," "," ","0",-100," "," ","0",-89," "," ","0",-6," "," ","0",-50," "," ","0",-83," "," ","0",-67," "," ","0",-39," "," ","0",-100," "," ","0"
"4532","USC00413787",2008,12,"TOBS",-28," "," ","0",-6," "," ","0",6," "," ","0",-33," "," ","0",-72," "," ","0",-39," "," ","0",39," "," ","0",83," "," ","0",-50," "," ","0",-133," "," ","0",-33," "," ","0",-56," "," ","0",50," "," ","0",-17," "," ","0",-144," "," ","0",-100," "," ","0",-72," "," ","0",56," "," ","0",-39," "," ","0",-17," "," ","0",-144," "," ","0",-61," "," ","0",22," "," ","0",-83," "," ","0",-6," "," ","0",67," "," ","0",-50," "," ","0",-67," "," ","0",-39," "," ","0",28," "," ","0",-100," "," ","0"
"4533","USC00413787",2008,12,"PRCP",0," "," ","0",0," "," ","0",0," "," ","0",0," "," ","0",0," "," ","0",0," "," ","0",0," "," ","0",0," "," ","0",64," "," ","0",43," "," ","0",0," "," ","0",0," "," ","0",0," "," ","0",0," "," ","0",0," "," ","0",0," "," ","0",0," "," ","0",0," "," ","0",0," "," ","0",0," "," ","0",0," "," ","0",0," "," ","0",0," "," ","0",0," "," ","0",0," "," ","0",0," "," ","0",0," "," ","0",3," "," ","0",0," "," ","0",0," "," ","0",0," "," ","0"
"4534","USC00413787",2008,12,"SNOW",0,"P"," ","0",0,"P"," ","0",0,"P"," ","0",0,"P"," ","0",0,"P"," ","0",0,"P"," ","0",0,"P"," ","0",0,"P"," ","0",0," "," ","0",NA," "," "," ",0,"P"," ","0",0,"P"," ","0",0,"P"," ","0",0,"P"," ","0",0,"P"," ","0",0,"P"," ","0",0,"P"," ","0",0,"P"," ","0",0,"P"," ","0",0,"P"," ","0",0,"P"," ","0",0,"P"," ","0",0,"P"," ","0",0,"P"," ","0",0,"P"," ","0",0,"P"," ","0",0,"P"," ","0",0,"P"," ","0",0,"P"," ","0",0,"P"," ","0",0,"P"," ","0"
"4535","USC00413787",2008,12,"SNWD",0,"P"," ","0",0,"P"," ","0",0,"P"," ","0",0,"P"," ","0",0,"P"," ","0",0,"P"," ","0",0,"P"," ","0",0,"P"," ","0",0,"P"," ","0",0,"P"," ","0",0,"P"," ","0",0,"P"," ","0",0,"P"," ","0",0,"P"," ","0",0,"P"," ","0",0,"P"," ","0",0,"P"," ","0",0,"P"," ","0",0,"P"," ","0",0,"P"," ","0",0,"P"," ","0",0,"P"," ","0",0,"P"," ","0",0,"P"," ","0",0,"P"," ","0",0,"P"," ","0",0,"P"," ","0",0,"P"," ","0",0,"P"," ","0",0,"P"," ","0",0,"P"," ","0"
"4536","USC00413787",2009,1,"TMAX",89," "," ","0",178," "," ","0",222," "," ","0",233," "," ","0",39," "," ","0",89," "," ","0",100," "," ","0",189," "," ","0",189," "," ","0",194," "," ","0",106," "," ","0",117," "," ","0",78," "," ","0",117," "," ","0",128," "," ","0",-22," "," ","0",178," "," ","0",150," "," ","0",206," "," ","0",206," "," ","0",178," "," ","0",228," "," ","0",211," "," ","0",89," "," ","0",11," "," ","0",-6," "," ","0",-89," "," ","0",-67," "," ","0",133," "," ","0",78," "," ","0",178," "," ","0"
"4537","USC00413787",2009,1,"TMIN",-100," "," ","0",-56," "," ","0",-44," "," ","0",-83," "," ","0",-111," "," ","0",-111," "," ","0",-78," "," ","0",-78," "," ","0",-78," "," ","0",-83," "," ","0",-89," "," ","0",-44," "," ","0",-111," "," ","0",-61," "," ","0",-100," "," ","0",-100," "," ","0",-72," "," ","0",-50," "," ","0",-6," "," ","0",-28," "," ","0",-50," "," ","0",-44," "," ","0",-17," "," ","0",-100," "," ","0",-106," "," ","0",-117," "," ","0",-133," "," ","0",-150," "," ","0",-117," "," ","0",-89," "," ","0",-67," "," ","0"
"4538","USC00413787",2009,1,"TOBS",11," "," ","0",-44," "," ","0",44," "," ","0",-72," "," ","0",-111," "," ","0",-6," "," ","0",-78," "," ","0",-33," "," ","0",-33," "," ","0",-72," "," ","0",-39," "," ","0",0," "," ","0",-56," "," ","0",-11," "," ","0",-100," "," ","0",-72," "," ","0",-50," "," ","0",6," "," ","0",28," "," ","0",-17," "," ","0",-22," "," ","0",-17," "," ","0",50," "," ","0",-100," "," ","0",-106," "," ","0",-106," "," ","0",-133," "," ","0",-117," "," ","0",-89," "," ","0",-67," "," ","0",-28," "," ","0"
"4539","USC00413787",2009,1,"PRCP",0," "," ","0",0," "," ","0",0," "," ","0",0," "," ","0",0," "," ","0",0," "," ","0",0," "," ","0",0," "," ","0",0," "," ","0",0," "," ","0",0," "," ","0",0," "," ","0",0," "," ","0",0," "," ","0",0," "," ","0",0," "," ","0",0," "," ","0",0," "," ","0",0," "," ","0",0," "," ","0",0," "," ","0",0," "," ","0",0," "," ","0",0," "," ","0",0," "," ","0",0," "," ","0",5," "," ","0",0," "," ","0",0," "," ","0",0," "," ","0",0," "," ","0"
"4540","USC00413787",2009,1,"SNOW",0,"P"," ","0",0,"P"," ","0",0,"P"," ","0",0,"P"," ","0",0,"P"," ","0",0,"P"," ","0",0,"P"," ","0",0,"P"," ","0",0,"P"," ","0",0,"P"," ","0",0,"P"," ","0",0,"P"," ","0",0,"P"," ","0",0,"P"," ","0",0,"P"," ","0",0,"P"," ","0",0,"P"," ","0",0,"P"," ","0",0,"P"," ","0",0,"P"," ","0",0,"P"," ","0",0,"P"," ","0",0,"P"," ","0",0,"P"," ","0",0,"P"," ","0",0,"P"," ","0",25," "," ","0",0,"P"," ","0",0,"P"," ","0",0,"P"," ","0",0,"P"," ","0"
"4541","USC00413787",2009,1,"SNWD",0,"P"," ","0",0,"P"," ","0",0,"P"," ","0",0,"P"," ","0",0,"P"," ","0",0,"P"," ","0",0,"P"," ","0",0,"P"," ","0",0,"P"," ","0",0,"P"," ","0",0,"P"," ","0",0,"P"," ","0",0,"P"," ","0",0,"P"," ","0",0,"P"," ","0",0,"P"," ","0",0,"P"," ","0",0,"P"," ","0",0,"P"," ","0",0,"P"," ","0",0,"P"," ","0",0,"P"," ","0",0,"P"," ","0",0,"P"," ","0",0,"P"," ","0",0,"P"," ","0",25," "," ","0",NA," "," "," ",NA," "," "," ",NA," "," "," ",0,"P"," ","0"
"4542","USC00413787",2009,2,"TMAX",194," "," ","0",100," "," ","0",144," "," ","0",178," "," ","0",189," "," ","0",233," "," ","0",250," "," ","0",194," "," ","0",144," "," ","0",150," "," ","0",167," "," ","0",144," "," ","0",128," "," ","0",78," "," ","0",56," "," ","0",72," "," ","0",144," "," ","0",200," "," ","0",150," "," ","0",128," "," ","0",183," "," ","0",100," "," ","0",217," "," ","0",161," "," ","0",222," "," ","0",200," "," ","0",222," "," ","0",122," "," ","0",NA," "," "," ",NA," "," "," ",NA," "," "," "
"4543","USC00413787",2009,2,"TMIN",-33," "," ","0",-100," "," ","0",-72," "," ","0",-44," "," ","0",-33," "," ","0",-33," "," ","0",-11," "," ","0",-11," "," ","0",22," "," ","0",-11," "," ","0",-11," "," ","0",-17," "," ","0",-28," "," ","0",-61," "," ","0",-89," "," ","0",-72," "," ","0",-6," "," ","0",-28," "," ","0",-56," "," ","0",-56," "," ","0",-67," "," ","0",-56," "," ","0",-33," "," ","0",-28," "," ","0",11," "," ","0",50," "," ","0",-61," "," ","0",-78," "," ","0",NA," "," "," ",NA," "," "," ",NA," "," "," "
"4544","USC00413787",2009,2,"TOBS",-17," "," ","0",-67," "," ","0",-44," "," ","0",-17," "," ","0",0," "," ","0",39," "," ","0",-11," "," ","0",72," "," ","0",33," "," ","0",-6," "," ","0",-6," "," ","0",-17," "," ","0",-6," "," ","0",-61," "," ","0",-72," "," ","0",-6," "," ","0",6," "," ","0",-6," "," ","0",-11," "," ","0",-11," "," ","0",-56," "," ","0",-6," "," ","0",-28," "," ","0",50," "," ","0",61," "," ","0",83," "," ","0",-56," "," ","0",-44," "," ","0",NA," "," "," ",NA," "," "," ",NA," "," "," "
"4545","USC00413787",2009,2,"PRCP",0," "," ","0",0," "," ","0",0," "," ","0",0," "," ","0",0," "," ","0",0," "," ","0",0," "," ","0",0," "," ","0",117," "," ","0",0," "," ","0",0," "," ","0",0," "," ","0",0," "," ","0",0," "," ","0",0," "," ","0",0," "," ","0",0," "," ","0",0," "," ","0",0," "," ","0",0," "," ","0",0," "," ","0",0," "," ","0",0," "," ","0",0," "," ","0",0," "," ","0",0," "," ","0",0," "," ","0",0," "," ","0",NA," "," "," ",NA," "," "," ",NA," "," "," "
"4546","USC00413787",2009,2,"SNOW",0,"P"," ","0",0,"P"," ","0",0,"P"," ","0",0,"P"," ","0",0,"P"," ","0",0,"P"," ","0",0,"P"," ","0",0,"P"," ","0",0,"P"," ","0",0,"P"," ","0",0,"P"," ","0",0,"P"," ","0",0,"P"," ","0",0,"P"," ","0",0,"P"," ","0",0,"P"," ","0",0,"P"," ","0",0,"P"," ","0",0,"P"," ","0",0,"P"," ","0",0,"P"," ","0",0,"P"," ","0",0,"P"," ","0",0,"P"," ","0",0,"P"," ","0",0,"P"," ","0",0,"P"," ","0",0,"P"," ","0",NA," "," "," ",NA," "," "," ",NA," "," "," "
"4547","USC00413787",2009,2,"SNWD",0,"P"," ","0",0,"P"," ","0",0,"P"," ","0",0,"P"," ","0",0,"P"," ","0",0,"P"," ","0",0,"P"," ","0",0,"P"," ","0",0,"P"," ","0",0,"P"," ","0",0,"P"," ","0",0,"P"," ","0",0,"P"," ","0",0,"P"," ","0",0,"P"," ","0",0,"P"," ","0",0,"P"," ","0",0,"P"," ","0",0,"P"," ","0",0,"P"," ","0",0,"P"," ","0",0,"P"," ","0",0,"P"," ","0",0,"P"," ","0",0,"P"," ","0",0,"P"," ","0",0,"P"," ","0",0,"P"," ","0",NA," "," "," ",NA," "," "," ",NA," "," "," "
"4548","USC00413787",2009,3,"TMAX",78," "," ","0",133," "," ","0",217," "," ","0",217," "," ","0",289," "," ","0",278," "," ","0",250," "," ","0",256," "," ","0",206," "," ","0",222," "," ","0",89," "," ","0",44," "," ","0",78," "," ","0",28," "," ","0",128," "," ","0",217," "," ","0",256," "," ","0",283," "," ","0",200," "," ","0",172," "," ","0",244," "," ","0",272," "," ","0",239," "," ","0",217," "," ","0",167," "," ","0",194," "," ","0",156," "," ","0",-44," "," ","0",72," "," ","0",200," "," ","0",133," "," ","0"
"4549","USC00413787",2009,3,"TMIN",-94," "," ","0",-17," "," ","0",11," "," ","0",17," "," ","0",44," "," ","0",33," "," ","0",50," "," ","0",-28," "," ","0",-17," "," ","0",-39," "," ","0",-78," "," ","0",-78," "," ","0",-50," "," ","0",-17," "," ","0",-6," "," ","0",-11," "," ","0",-6," "," ","0",6," "," ","0",22," "," ","0",39," "," ","0",39," "," ","0",89," "," ","0",111," "," ","0",-28," "," ","0",-39," "," ","0",-39," "," ","0",-78," "," ","0",-94," "," ","0",-89," "," ","0",6," "," ","0",-56," "," ","0"
"4550","USC00413787",2009,3,"TOBS",-17," "," ","0",17," "," ","0",17," "," ","0",111," "," ","0",56," "," ","0",56," "," ","0",128," "," ","0",-17," "," ","0",117," "," ","0",-33," "," ","0",-78," "," ","0",-50," "," ","0",-17," "," ","0",11," "," ","0",0," "," ","0",-6," "," ","0",6," "," ","0",56," "," ","0",44," "," ","0",72," "," ","0",89," "," ","0",111," "," ","0",139," "," ","0",-17," "," ","0",-39," "," ","0",11," "," ","0",-78," "," ","0",-89," "," ","0",6," "," ","0",50," "," ","0",-44," "," ","0"
"4551","USC00413787",2009,3,"PRCP",0," "," ","0",0," "," ","0",0," "," ","0",0," "," ","0",0," "," ","0",0," "," ","0",0," "," ","0",0," "," ","0",0," "," ","0",0," "," ","0",0," "," ","0",0," "," ","0",0," "," ","0",0," "," ","0",0," "," ","0",0," "," ","0",0," "," ","0",0," "," ","0",0," "," ","0",0," "," ","0",0," "," ","0",0," "," ","0",0," "," ","0",0," "," ","0",0," "," ","0",0," "," ","0",147," "," ","0",117," "," ","0",0," "," ","0",0," "," ","0",0," "," ","0"
"4552","USC00413787",2009,3,"SNOW",0,"P"," ","0",0,"P"," ","0",0,"P"," ","0",0,"P"," ","0",0,"P"," ","0",0,"P"," ","0",0,"P"," ","0",0,"P"," ","0",0,"P"," ","0",0,"P"," ","0",0,"P"," ","0",0,"P"," ","0",0,"P"," ","0",0,"P"," ","0",0,"P"," ","0",0,"P"," ","0",0,"P"," ","0",0,"P"," ","0",0,"P"," ","0",0,"P"," ","0",0,"P"," ","0",0,"P"," ","0",0,"P"," ","0",0,"P"," ","0",0,"P"," ","0",0,"P"," ","0",102," "," ","0",152," "," ","0",0,"P"," ","0",0,"P"," ","0",0,"P"," ","0"
"4553","USC00413787",2009,3,"SNWD",0,"P"," ","0",0,"P"," ","0",0,"P"," ","0",0,"P"," ","0",0,"P"," ","0",0,"P"," ","0",0,"P"," ","0",0,"P"," ","0",0,"P"," ","0",0,"P"," ","0",0,"P"," ","0",0,"P"," ","0",0,"P"," ","0",0,"P"," ","0",0,"P"," ","0",0,"P"," ","0",0,"P"," ","0",0,"P"," ","0",0,"P"," ","0",0,"P"," ","0",0,"P"," ","0",0,"P"," ","0",0,"P"," ","0",0,"P"," ","0",0,"P"," ","0",0,"P"," ","0",102," "," ","0",254," "," ","0",NA," "," "," ",NA," "," "," ",NA," "," "," "
"4554","USC00413787",2009,4,"TMAX",139," "," ","0",178," "," ","0",133," "," ","0",239," "," ","0",194," "," ","0",89," "," ","0",122," "," ","0",267," "," ","0",267," "," ","0",183," "," ","0",144," "," ","0",106," "," ","0",100," "," ","0",194," "," ","0",256," "," ","0",256," "," ","0",217," "," ","0",189," "," ","0",172," "," ","0",189," "," ","0",239," "," ","0",278," "," ","0",311," "," ","0",289," "," ","0",322," "," ","0",206," "," ","0",278," "," ","0",172," "," ","0",161," "," ","0",272," "," ","0",NA," "," "," "
"4555","USC00413787",2009,4,"TMIN",-44," "," ","0",-11," "," ","0",0," "," ","0",22," "," ","0",-33," "," ","0",-61," "," ","0",-61," "," ","0",-22," "," ","0",44," "," ","0",11," "," ","0",17," "," ","0",39," "," ","0",28," "," ","0",28," "," ","0",72," "," ","0",100," "," ","0",78," "," ","0",44," "," ","0",50," "," ","0",44," "," ","0",78," "," ","0",44," "," ","0",83," "," ","0",94," "," ","0",72," "," ","0",72," "," ","0",72," "," ","0",61," "," ","0",56," "," ","0",144," "," ","0",NA," "," "," "
"4556","USC00413787",2009,4,"TOBS",17," "," ","0",0," "," ","0",22," "," ","0",122," "," ","0",-11," "," ","0",-44," "," ","0",-22," "," ","0",44," "," ","0",94," "," ","0",39," "," ","0",39," "," ","0",56," "," ","0",28," "," ","0",72," "," ","0",117," "," ","0",106," "," ","0",89," "," ","0",56," "," ","0",78," "," ","0",78," "," ","0",78," "," ","0",106," "," ","0",94," "," ","0",133," "," ","0",78," "," ","0",78," "," ","0",78," "," ","0",61," "," ","0",144," "," ","0",150," "," ","0",NA," "," "," "
"4557","USC00413787",2009,4,"PRCP",0," "," ","0",86," "," ","0",0," "," ","0",0," "," ","0",0," "," ","0",0," "," ","0",0," "," ","0",0," "," ","0",0," "," ","0",0," "," ","0",0," "," ","0",302," "," ","0",51," "," ","0",0," "," ","0",0," "," ","0",0," "," ","0",356," "," ","0",0," "," ","0",51," "," ","0",0," "," ","0",0," "," ","0",0," "," ","0",0," "," ","0",0," "," ","0",0," "," ","0",0," "," ","0",0," "," ","0",0," "," ","0",23," "," ","0",23," "," ","0",NA," "," "," "
"4558","USC00413787",2009,4,"SNOW",0,"P"," ","0",25," "," ","0",0,"P"," ","0",0,"P"," ","0",0,"P"," ","0",0,"P"," ","0",0,"P"," ","0",0,"P"," ","0",0,"P"," ","0",0,"P"," ","0",0,"P"," ","0",0,"P"," ","0",0,"P"," ","0",0,"P"," ","0",0,"P"," ","0",0,"P"," ","0",0,"P"," ","0",0,"P"," ","0",0,"P"," ","0",0,"P"," ","0",0,"P"," ","0",0,"P"," ","0",0,"P"," ","0",0,"P"," ","0",0,"P"," ","0",0,"P"," ","0",0,"P"," ","0",0,"P"," ","0",0,"P"," ","0",0,"P"," ","0",NA," "," "," "
"4559","USC00413787",2009,4,"SNWD",0,"P"," ","0",NA," "," "," ",0,"P"," ","0",0,"P"," ","0",0,"P"," ","0",0,"P"," ","0",0,"P"," ","0",0,"P"," ","0",0,"P"," ","0",0,"P"," ","0",0,"P"," ","0",0,"P"," ","0",0,"P"," ","0",0,"P"," ","0",0,"P"," ","0",0,"P"," ","0",0,"P"," ","0",0,"P"," ","0",0,"P"," ","0",0,"P"," ","0",0,"P"," ","0",0,"P"," ","0",0,"P"," ","0",0,"P"," ","0",0,"P"," ","0",0,"P"," ","0",0,"P"," ","0",0,"P"," ","0",0,"P"," ","0",0,"P"," ","0",NA," "," "," "
"4560","USC00413787",2009,5,"TMAX",256," "," ","0",128," "," ","0",89," "," ","0",156," "," ","0",178," "," ","0",194," "," ","0",278," "," ","0",306," "," ","0",250," "," ","0",194," "," ","0",139," "," ","0",139," "," ","0",344," "," ","0",300," "," ","0",217," "," ","0",322," "," ","0",200," "," ","0",267," "," ","0",300," "," ","0",294," "," ","0",289," "," ","0",272," "," ","0",261," "," ","0",272," "," ","0",267," "," ","0",283," "," ","0",228," "," ","0",250," "," ","0",283," "," ","0",306," "," ","0",333," "," ","0"
"4561","USC00413787",2009,5,"TMIN",128," "," ","0",67," "," ","0",67," "," ","0",44," "," ","0",67," "," ","0",89," "," ","0",111," "," ","0",133," "," ","0",111," "," ","0",78," "," ","0",78," "," ","0",78," "," ","0",122," "," ","0",117," "," ","0",122," "," ","0",106," "," ","0",78," "," ","0",100," "," ","0",122," "," ","0",117," "," ","0",122," "," ","0",122," "," ","0",111," "," ","0",117," "," ","0",117," "," ","0",117," "," ","0",72," "," ","0",72," "," ","0",94," "," ","0",122," "," ","0",139," "," ","0"
"4562","USC00413787",2009,5,"TOBS",128," "," ","0",67," "," ","0",72," "," ","0",67," "," ","0",89," "," ","0",111," "," ","0",156," "," ","0",139," "," ","0",122," "," ","0",139," "," ","0",78," "," ","0",122," "," ","0",161," "," ","0",122," "," ","0",178," "," ","0",128," "," ","0",122," "," ","0",122," "," ","0",144," "," ","0",133," "," ","0",133," "," ","0",133," "," ","0",189," "," ","0",194," "," ","0",206," "," ","0",133," "," ","0",89," "," ","0",100," "," ","0",133," "," ","0",217," "," ","0",189," "," ","0"
"4563","USC00413787",2009,5,"PRCP",0," "," ","0",10," "," ","0",5," "," ","0",13," "," ","0",10," "," ","0",0," "," ","0",0," "," ","0",0," "," ","0",0," "," ","0",0," "," ","0",0," "," ","0",0," "," ","0",0," "," ","0",0," "," ","0",0," "," ","0",51," "," ","0",0," "," ","0",0," "," ","0",0," "," ","0",0," "," ","0",0," "," ","0",0," "," ","0",0," "," ","0",0," "," ","0",0," "," ","0",0," "," ","0",0," "," ","0",0," "," ","0",0," "," ","0",0," "," ","0",0," "," ","0"
"4564","USC00413787",2009,5,"SNOW",0,"P"," ","0",0,"P"," ","0",0,"P"," ","0",0,"P"," ","0",0,"P"," ","0",0,"P"," ","0",0,"P"," ","0",0,"P"," ","0",0,"P"," ","0",0,"P"," ","0",0,"P"," ","0",0,"P"," ","0",0,"P"," ","0",0,"P"," ","0",0,"P"," ","0",0,"P"," ","0",0,"P"," ","0",0,"P"," ","0",0,"P"," ","0",0,"P"," ","0",0,"P"," ","0",0,"P"," ","0",0,"P"," ","0",0,"P"," ","0",0,"P"," ","0",0,"P"," ","0",0,"P"," ","0",0,"P"," ","0",0,"P"," ","0",0,"P"," ","0",0,"P"," ","0"
"4565","USC00413787",2009,5,"SNWD",0,"P"," ","0",0,"P"," ","0",0,"P"," ","0",0,"P"," ","0",0,"P"," ","0",0,"P"," ","0",0,"P"," ","0",0,"P"," ","0",0,"P"," ","0",0,"P"," ","0",0,"P"," ","0",0,"P"," ","0",0,"P"," ","0",0,"P"," ","0",0,"P"," ","0",0,"P"," ","0",0,"P"," ","0",0,"P"," ","0",0,"P"," ","0",0,"P"," ","0",0,"P"," ","0",0,"P"," ","0",0,"P"," ","0",0,"P"," ","0",0,"P"," ","0",0,"P"," ","0",0,"P"," ","0",0,"P"," ","0",0,"P"," ","0",0,"P"," ","0",0,"P"," ","0"
"4566","USC00413787",2009,6,"TMAX",333," "," ","0",328," "," ","0",256," "," ","0",239," "," ","0",294," "," ","0",344," "," ","0",361," "," ","0",344," "," ","0",283," "," ","0",306," "," ","0",289," "," ","0",267," "," ","0",317," "," ","0",294," "," ","0",322," "," ","0",328," "," ","0",344," "," ","0",367," "," ","0",339," "," ","0",300," "," ","0",267," "," ","0",344," "," ","0",361," "," ","0",344," "," ","0",361," "," ","0",361," "," ","0",361," "," ","0",333," "," ","0",317," "," ","0",344," "," ","0",NA," "," "," "
"4567","USC00413787",2009,6,"TMIN",139," "," ","0",133," "," ","0",122," "," ","0",83," "," ","0",111," "," ","0",144," "," ","0",167," "," ","0",89," "," ","0",106," "," ","0",133," "," ","0",106," "," ","0",128," "," ","0",156," "," ","0",156," "," ","0",156," "," ","0",161," "," ","0",161," "," ","0",172," "," ","0",172," "," ","0",189," "," ","0",178," "," ","0",200," "," ","0",183," "," ","0",194," "," ","0",194," "," ","0",206," "," ","0",206," "," ","0",156," "," ","0",189," "," ","0",178," "," ","0",NA," "," "," "
"4568","USC00413787",2009,6,"TOBS",183," "," ","0",156," "," ","0",128," "," ","0",111," "," ","0",144," "," ","0",233," "," ","0",200," "," ","0",106," "," ","0",139," "," ","0",172," "," ","0",133," "," ","0",156," "," ","0",178," "," ","0",167," "," ","0",211," "," ","0",178," "," ","0",189," "," ","0",206," "," ","0",189," "," ","0",200," "," ","0",244," "," ","0",217," "," ","0",211," "," ","0",211," "," ","0",211," "," ","0",217," "," ","0",211," "," ","0",200," "," ","0",200," "," ","0",194," "," ","0",NA," "," "," "
"4569","USC00413787",2009,6,"PRCP",0," "," ","0",0," "," ","0",0," "," ","0",0," "," ","0",5," "," ","0",102," "," ","0",0," "," ","0",0," "," ","0",0," "," ","0",0," "," ","0",5," "," ","0",0," "," ","0",0," "," ","0",51," "," ","0",0," "," ","0",28," "," ","0",0," "," ","0",71," "," ","0",0," "," ","0",241," "," ","0",114," "," ","0",0," "," ","0",0," "," ","0",0," "," ","0",0," "," ","0",0," "," ","0",0," "," ","0",0," "," ","0",0," "," ","0",0," "," ","0",NA," "," "," "
"4570","USC00413787",2009,6,"SNOW",0,"P"," ","0",0,"P"," ","0",0,"P"," ","0",0,"P"," ","0",0,"P"," ","0",0,"P"," ","0",0,"P"," ","0",0,"P"," ","0",0,"P"," ","0",0,"P"," ","0",0,"P"," ","0",0,"P"," ","0",0,"P"," ","0",0,"P"," ","0",0,"P"," ","0",0,"P"," ","0",0,"P"," ","0",0,"P"," ","0",0,"P"," ","0",0,"P"," ","0",0,"P"," ","0",0,"P"," ","0",0,"P"," ","0",0,"P"," ","0",0,"P"," ","0",0,"P"," ","0",0,"P"," ","0",0,"P"," ","0",0,"P"," ","0",0,"P"," ","0",NA," "," "," "
"4571","USC00413787",2009,6,"SNWD",0,"P"," ","0",0,"P"," ","0",0,"P"," ","0",0,"P"," ","0",0,"P"," ","0",0,"P"," ","0",0,"P"," ","0",0,"P"," ","0",0,"P"," ","0",0,"P"," ","0",0,"P"," ","0",0,"P"," ","0",0,"P"," ","0",0,"P"," ","0",0,"P"," ","0",0,"P"," ","0",0,"P"," ","0",0,"P"," ","0",0,"P"," ","0",0,"P"," ","0",0,"P"," ","0",0,"P"," ","0",0,"P"," ","0",0,"P"," ","0",0,"P"," ","0",0,"P"," ","0",0,"P"," ","0",0,"P"," ","0",0,"P"," ","0",0,"P"," ","0",NA," "," "," "
"4572","USC00413787",2009,7,"TMAX",344," "," ","0",350," "," ","0",361," "," ","0",361," "," ","0",317," "," ","0",317," "," ","0",317," "," ","0",361," "," ","0",389," "," ","0",417," "," ","0",400," "," ","0",394," "," ","0",389," "," ","0",378," "," ","0",406," "," ","0",378," "," ","0",356," "," ","0",283," "," ","0",300," "," ","0",328," "," ","0",378," "," ","0",294," "," ","0",289," "," ","0",322," "," ","0",356," "," ","0",378," "," ","0",378," "," ","0",300," "," ","0",294," "," ","0",294," "," ","0",256," "," ","0"
"4573","USC00413787",2009,7,"TMIN",167," "," ","0",172," "," ","0",194," "," ","0",211," "," ","0",183," "," ","0",161," "," ","0",156," "," ","0",167," "," ","0",206," "," ","0",217," "," ","0",222," "," ","0",172," "," ","0",194," "," ","0",200," "," ","0",194," "," ","0",189," "," ","0",161," "," ","0",161," "," ","0",167," "," ","0",178," "," ","0",189," "," ","0",178," "," ","0",139," "," ","0",139," "," ","0",139," "," ","0",139," "," ","0",139," "," ","0",172," "," ","0",178," "," ","0",150," "," ","0",144," "," ","0"
"4574","USC00413787",2009,7,"TOBS",178," "," ","0",194," "," ","0",222," "," ","0",261," "," ","0",194," "," ","0",194," "," ","0",167," "," ","0",233," "," ","0",217," "," ","0",267," "," ","0",267," "," ","0",222," "," ","0",211," "," ","0",222," "," ","0",211," "," ","0",194," "," ","0",172," "," ","0",178," "," ","0",233," "," ","0",189," "," ","0",206," "," ","0",183," "," ","0",161," "," ","0",183," "," ","0",256," "," ","0",194," "," ","0",189," "," ","0",189," "," ","0",178," "," ","0",167," "," ","0",156," "," ","0"
"4575","USC00413787",2009,7,"PRCP",0," "," ","0",0," "," ","0",0," "," ","0",112," "," ","0",0," "," ","0",0," "," ","0",267," "," ","0",0," "," ","0",0," "," ","0",0," "," ","0",0," "," ","0",0," "," ","0",0," "," ","0",0," "," ","0",102," "," ","0",490," "," ","0",0," "," ","0",0," "," ","0",0," "," ","0",0," "," ","0",33," "," ","0",0," "," ","0",0," "," ","0",0," "," ","0",0," "," ","0",0," "," ","0",302," "," ","0",66," "," ","0",8," "," ","0",81," "," ","0",0," "," ","0"
"4576","USC00413787",2009,7,"SNOW",0,"P"," ","0",0,"P"," ","0",0,"P"," ","0",0,"P"," ","0",0,"P"," ","0",0,"P"," ","0",0,"P"," ","0",0,"P"," ","0",0,"P"," ","0",0,"P"," ","0",0,"P"," ","0",0,"P"," ","0",0,"P"," ","0",0,"P"," ","0",0,"P"," ","0",0,"P"," ","0",0,"P"," ","0",0,"P"," ","0",0,"P"," ","0",0,"P"," ","0",0,"P"," ","0",0,"P"," ","0",0,"P"," ","0",0,"P"," ","0",0,"P"," ","0",0,"P"," ","0",0,"P"," ","0",0,"P"," ","0",0,"P"," ","0",0,"P"," ","0",0,"P"," ","0"
"4577","USC00413787",2009,7,"SNWD",0,"P"," ","0",0,"P"," ","0",0,"P"," ","0",0,"P"," ","0",0,"P"," ","0",0,"P"," ","0",0,"P"," ","0",0,"P"," ","0",0,"P"," ","0",0,"P"," ","0",0,"P"," ","0",0,"P"," ","0",0,"P"," ","0",0,"P"," ","0",0,"P"," ","0",0,"P"," ","0",0,"P"," ","0",0,"P"," ","0",0,"P"," ","0",0,"P"," ","0",0,"P"," ","0",0,"P"," ","0",0,"P"," ","0",0,"P"," ","0",0,"P"," ","0",0,"P"," ","0",0,"P"," ","0",0,"P"," ","0",0,"P"," ","0",0,"P"," ","0",0,"P"," ","0"
"4578","USC00413787",2009,8,"TMAX",294," "," ","0",267," "," ","0",344," "," ","0",378," "," ","0",378," "," ","0",361," "," ","0",361," "," ","0",361," "," ","0",383," "," ","0",339," "," ","0",361," "," ","0",317," "," ","0",333," "," ","0",328," "," ","0",328," "," ","0",344," "," ","0",289," "," ","0",350," "," ","0",256," "," ","0",339," "," ","0",283," "," ","0",317," "," ","0",339," "," ","0",367," "," ","0",356," "," ","0",339," "," ","0",300," "," ","0",317," "," ","0",328," "," ","0",NA," "," "," ",250," "," ","0"
"4579","USC00413787",2009,8,"TMIN",156," "," ","0",150," "," ","0",172," "," ","0",183," "," ","0",194," "," ","0",200," "," ","0",211," "," ","0",211," "," ","0",228," "," ","0",178," "," ","0",172," "," ","0",183," "," ","0",167," "," ","0",178," "," ","0",172," "," ","0",167," "," ","0",178," "," ","0",161," "," ","0",139," "," ","0",150," "," ","0",139," "," ","0",144," "," ","0",178," "," ","0",194," "," ","0",178," "," ","0",183," "," ","0",167," "," ","0",144," "," ","0",133," "," ","0",NA," "," "," ",133," "," ","0"
"4580","USC00413787",2009,8,"TOBS",178," "," ","0",211," "," ","0",189," "," ","0",200," "," ","0",200," "," ","0",211," "," ","0",233," "," ","0",244," "," ","0",244," "," ","0",183," "," ","0",183," "," ","0",189," "," ","0",178," "," ","0",200," "," ","0",206," "," ","0",189," "," ","0",183," "," ","0",161," "," ","0",150," "," ","0",172," "," ","0",144," "," ","0",178," "," ","0",206," "," ","0",194," "," ","0",200," "," ","0",189," "," ","0",178," "," ","0",144," "," ","0",144," "," ","0",NA," "," "," ",133," "," ","0"
"4581","USC00413787",2009,8,"PRCP",56," "," ","0",0," "," ","0",0," "," ","0",0," "," ","0",0," "," ","0",0," "," ","0",0," "," ","0",0," "," ","0",0," "," ","0",0," "," ","0",64," "," ","0",5," "," ","0",292," "," ","0",0," "," ","0",0," "," ","0",0," "," ","0",0," "," ","0",330," "," ","0",132," "," ","0",0," "," ","0",0," "," ","0",0," "," ","0",0," "," ","0",0," "," ","0",0," "," ","0",3," "," ","0",0," "," ","0",0," "," ","0",0," "," ","0",0,"P"," ","0",0," "," ","0"
"4582","USC00413787",2009,8,"SNOW",0,"P"," ","0",0,"P"," ","0",0,"P"," ","0",0,"P"," ","0",0,"P"," ","0",0,"P"," ","0",0,"P"," ","0",0,"P"," ","0",0,"P"," ","0",0,"P"," ","0",0,"P"," ","0",0,"P"," ","0",0,"P"," ","0",0,"P"," ","0",0,"P"," ","0",0,"P"," ","0",0,"P"," ","0",0,"P"," ","0",0,"P"," ","0",0,"P"," ","0",0,"P"," ","0",0,"P"," ","0",0,"P"," ","0",0,"P"," ","0",0,"P"," ","0",0,"P"," ","0",0,"P"," ","0",0,"P"," ","0",0,"P"," ","0",0,"P"," ","0",0,"P"," ","0"
"4583","USC00413787",2009,8,"SNWD",0,"P"," ","0",0,"P"," ","0",0,"P"," ","0",0,"P"," ","0",0,"P"," ","0",0,"P"," ","0",0,"P"," ","0",0,"P"," ","0",0,"P"," ","0",0,"P"," ","0",0,"P"," ","0",0,"P"," ","0",0,"P"," ","0",0,"P"," ","0",0,"P"," ","0",0,"P"," ","0",0,"P"," ","0",0,"P"," ","0",0,"P"," ","0",0,"P"," ","0",0,"P"," ","0",0,"P"," ","0",0,"P"," ","0",0,"P"," ","0",0,"P"," ","0",0,"P"," ","0",0,"P"," ","0",0,"P"," ","0",0,"P"," ","0",0,"P"," ","0",0,"P"," ","0"
"4584","USC00413787",2009,9,"TMAX",267," "," ","0",344," "," ","0",361," "," ","0",311," "," ","0",311," "," ","0",311," "," ","0",306," "," ","0",317," "," ","0",272," "," ","0",328," "," ","0",278," "," ","0",289," "," ","0",217," "," ","0",228," "," ","0",250," "," ","0",261," "," ","0",233," "," ","0",250," "," ","0",250," "," ","0",283," "," ","0",317," "," ","0",228," "," ","0",194," "," ","0",167," "," ","0",189," "," ","0",239," "," ","0",311," "," ","0",361," "," ","0",217," "," ","0",267," "," ","0",NA," "," "," "
"4585","USC00413787",2009,9,"TMIN",133," "," ","0",156," "," ","0",156," "," ","0",128," "," ","0",139," "," ","0",139," "," ","0",139," "," ","0",172," "," ","0",144," "," ","0",144," "," ","0",133," "," ","0",133," "," ","0",150," "," ","0",150," "," ","0",133," "," ","0",128," "," ","0",122," "," ","0",106," "," ","0",117," "," ","0",144," "," ","0",161," "," ","0",56," "," ","0",50," "," ","0",39," "," ","0",44," "," ","0",61," "," ","0",61," "," ","0",61," "," ","0",61," "," ","0",61," "," ","0",NA," "," "," "
"4586","USC00413787",2009,9,"TOBS",156," "," ","0",189," "," ","0",156," "," ","0",139," "," ","0",178," "," ","0",183," "," ","0",178," "," ","0",178," "," ","0",156," "," ","0",172," "," ","0",133," "," ","0",161," "," ","0",161," "," ","0",150," "," ","0",133," "," ","0",128," "," ","0",128," "," ","0",117," "," ","0",150," "," ","0",194," "," ","0",161," "," ","0",61," "," ","0",83," "," ","0",44," "," ","0",83," "," ","0",128," "," ","0",150," "," ","0",83," "," ","0",61," "," ","0",156," "," ","0",NA," "," "," "
"4587","USC00413787",2009,9,"PRCP",0," "," ","0",0," "," ","0",0," "," ","0",20," "," ","0",0," "," ","0",0," "," ","0",0," "," ","0",0," "," ","0",0," "," ","0",0," "," ","0",0," "," ","0",0," "," ","0",0," "," ","0",0," "," ","0",0," "," ","0",0," "," ","0",0," "," ","0",0," "," ","0",0," "," ","0",0," "," ","0",0," "," ","0",51," "," ","0",0," "," ","0",0," "," ","0",0," "," ","0",0," "," ","0",0," "," ","0",0," "," ","0",0," "," ","0",0," "," ","0",NA," "," "," "
"4588","USC00413787",2009,9,"SNOW",0,"P"," ","0",0,"P"," ","0",0,"P"," ","0",0,"P"," ","0",0,"P"," ","0",0,"P"," ","0",0,"P"," ","0",0,"P"," ","0",0,"P"," ","0",0,"P"," ","0",0,"P"," ","0",0,"P"," ","0",0,"P"," ","0",0,"P"," ","0",0,"P"," ","0",0,"P"," ","0",0,"P"," ","0",0,"P"," ","0",0,"P"," ","0",0,"P"," ","0",0,"P"," ","0",0,"P"," ","0",0,"P"," ","0",0,"P"," ","0",0,"P"," ","0",0,"P"," ","0",0,"P"," ","0",0,"P"," ","0",0,"P"," ","0",0,"P"," ","0",NA," "," "," "
"4589","USC00413787",2009,9,"SNWD",0,"P"," ","0",0,"P"," ","0",0,"P"," ","0",0,"P"," ","0",0,"P"," ","0",0,"P"," ","0",0,"P"," ","0",0,"P"," ","0",0,"P"," ","0",0,"P"," ","0",0,"P"," ","0",0,"P"," ","0",0,"P"," ","0",0,"P"," ","0",0,"P"," ","0",0,"P"," ","0",0,"P"," ","0",0,"P"," ","0",0,"P"," ","0",0,"P"," ","0",0,"P"," ","0",0,"P"," ","0",0,"P"," ","0",0,"P"," ","0",0,"P"," ","0",0,"P"," ","0",0,"P"," ","0",0,"P"," ","0",0,"P"," ","0",0,"P"," ","0",NA," "," "," "
"4590","USC00413787",2009,10,"TMAX",356," "," ","0",211," "," ","0",222," "," ","0",211," "," ","0",161," "," ","0",278," "," ","0",167," "," ","0",161," "," ","0",161," "," ","0",133," "," ","0",56," "," ","0",78," "," ","0",156," "," ","0",150," "," ","0",111," "," ","0",256," "," ","0",189," "," ","0",194," "," ","0",289," "," ","0",333," "," ","0",317," "," ","0",94," "," ","0",67," "," ","0",167," "," ","0",200," "," ","0",106," "," ","0",128," "," ","0",200," "," ","0",89," "," ","0",39," "," ","0",133," "," ","0"
"4591","USC00413787",2009,10,"TMIN",106," "," ","0",6," "," ","0",6," "," ","0",61," "," ","0",106," "," ","0",89," "," ","0",56," "," ","0",83," "," ","0",22," "," ","0",28," "," ","0",-28," "," ","0",-22," "," ","0",50," "," ","0",61," "," ","0",50," "," ","0",56," "," ","0",61," "," ","0",61," "," ","0",67," "," ","0",83," "," ","0",94," "," ","0",22," "," ","0",-17," "," ","0",-17," "," ","0",50," "," ","0",22," "," ","0",-11," "," ","0",0," "," ","0",33," "," ","0",-33," "," ","0",-33," "," ","0"
"4592","USC00413787",2009,10,"TOBS",106," "," ","0",6," "," ","0",61," "," ","0",117," "," ","0",111," "," ","0",89," "," ","0",83," "," ","0",150," "," ","0",28," "," ","0",50," "," ","0",-22," "," ","0",50," "," ","0",100," "," ","0",61," "," ","0",56," "," ","0",89," "," ","0",78," "," ","0",117," "," ","0",83," "," ","0",128," "," ","0",94," "," ","0",22," "," ","0",-17," "," ","0",56," "," ","0",61," "," ","0",22," "," ","0",0," "," ","0",78," "," ","0",33," "," ","0",-33," "," ","0",17," "," ","0"
"4593","USC00413787",2009,10,"PRCP",0," "," ","0",0," "," ","0",0," "," ","0",0," "," ","0",5," "," ","0",0," "," ","0",0," "," ","0",10," "," ","0",5," "," ","0",0," "," ","0",0," "," ","0",25," "," ","0",8," "," ","0",23," "," ","0",0," "," ","0",0," "," ","0",0," "," ","0",0," "," ","0",0," "," ","0",0," "," ","0",229," "," ","0",25," "," ","0",0," "," ","0",0," "," ","0",0," "," ","0",64," "," ","0",0," "," ","0",0," "," ","0",91," "," ","0",51," "," ","0",0," "," ","0"
"4594","USC00413787",2009,10,"SNOW",0,"P"," ","0",0,"P"," ","0",0,"P"," ","0",0,"P"," ","0",0,"P"," ","0",0,"P"," ","0",0,"P"," ","0",0,"P"," ","0",0,"P"," ","0",0,"P"," ","0",0,"P"," ","0",0,"P"," ","0",0,"P"," ","0",0,"P"," ","0",0,"P"," ","0",0,"P"," ","0",0,"P"," ","0",0,"P"," ","0",0,"P"," ","0",0,"P"," ","0",0,"P"," ","0",0,"P"," ","0",0,"P"," ","0",0,"P"," ","0",0,"P"," ","0",0,"P"," ","0",0,"P"," ","0",0,"P"," ","0",0,"P"," ","0",0,"P"," ","0",0,"P"," ","0"
"4595","USC00413787",2009,10,"SNWD",0,"P"," ","0",0,"P"," ","0",0,"P"," ","0",0,"P"," ","0",0,"P"," ","0",0,"P"," ","0",0,"P"," ","0",0,"P"," ","0",0,"P"," ","0",0,"P"," ","0",0,"P"," ","0",0,"P"," ","0",0,"P"," ","0",0,"P"," ","0",0,"P"," ","0",0,"P"," ","0",0,"P"," ","0",0,"P"," ","0",0,"P"," ","0",0,"P"," ","0",0,"P"," ","0",0,"P"," ","0",0,"P"," ","0",0,"P"," ","0",0,"P"," ","0",0,"P"," ","0",0,"P"," ","0",0,"P"," ","0",0,"P"," ","0",0,"P"," ","0",0,"P"," ","0"
"4596","USC00413787",2009,10,"WT01",NA," "," "," ",NA," "," "," ",NA," "," "," ",NA," "," "," ",NA," "," "," ",NA," "," "," ",NA," "," "," ",NA," "," "," ",NA," "," "," ",NA," "," "," ",NA," "," "," ",NA," "," "," ",1," "," ","0",NA," "," "," ",NA," "," "," ",NA," "," "," ",NA," "," "," ",NA," "," "," ",NA," "," "," ",NA," "," "," ",NA," "," "," ",NA," "," "," ",NA," "," "," ",NA," "," "," ",NA," "," "," ",NA," "," "," ",NA," "," "," ",NA," "," "," ",NA," "," "," ",NA," "," "," ",NA," "," "," "
"4597","USC00413787",2009,11,"TMAX",217," "," ","0",233," "," ","0",189," "," ","0",217," "," ","0",172," "," ","0",261," "," ","0",294," "," ","0",294," "," ","0",300," "," ","0",144," "," ","0",189," "," ","0",228," "," ","0",217," "," ","0",217," "," ","0",206," "," ","0",217," "," ","0",83," "," ","0",156," "," ","0",194," "," ","0",122," "," ","0",144," "," ","0",200," "," ","0",156," "," ","0",156," "," ","0",117," "," ","0",122," "," ","0",194," "," ","0",222," "," ","0",200," "," ","0",NA," "," "," ",NA," "," "," "
"4598","USC00413787",2009,11,"TMIN",17," "," ","0",28," "," ","0",-11," "," ","0",11," "," ","0",33," "," ","0",67," "," ","0",78," "," ","0",78," "," ","0",72," "," ","0",61," "," ","0",61," "," ","0",56," "," ","0",106," "," ","0",56," "," ","0",44," "," ","0",-22," "," ","0",-44," "," ","0",-56," "," ","0",-50," "," ","0",-28," "," ","0",-39," "," ","0",-6," "," ","0",0," "," ","0",-33," "," ","0",-61," "," ","0",-61," "," ","0",-22," "," ","0",-22," "," ","0",0," "," ","0",NA," "," "," ",NA," "," "," "
"4599","USC00413787",2009,11,"TOBS",67," "," ","0",39," "," ","0",11," "," ","0",67," "," ","0",67," "," ","0",78," "," ","0",78," "," ","0",89," "," ","0",94," "," ","0",61," "," ","0",72," "," ","0",106," "," ","0",144," "," ","0",56," "," ","0",50," "," ","0",-22," "," ","0",-22," "," ","0",-50," "," ","0",-17," "," ","0",-28," "," ","0",-6," "," ","0",61," "," ","0",6," "," ","0",-28," "," ","0",-44," "," ","0",22," "," ","0",56," "," ","0",11," "," ","0",6," "," ","0",NA," "," "," ",NA," "," "," "
"4600","USC00413787",2009,11,"PRCP",0," "," ","0",0," "," ","0",0," "," ","0",0," "," ","0",0," "," ","0",0," "," ","0",0," "," ","0",0," "," ","0",0," "," ","0",0," "," ","0",0," "," ","0",0," "," ","0",0," "," ","0",0," "," ","0",0," "," ","0",61," "," ","0",0," "," ","0",0," "," ","0",0," "," ","0",0," "," ","0",0," "," ","0",0," "," ","0",0," "," ","0",0," "," ","0",0," "," ","0",0," "," ","0",0," "," ","0",0," "," ","0",0," "," ","0",0,"P"," ","0",NA," "," "," "
"4601","USC00413787",2009,11,"SNOW",0,"P"," ","0",0,"P"," ","0",0,"P"," ","0",0,"P"," ","0",0,"P"," ","0",0,"P"," ","0",0,"P"," ","0",0,"P"," ","0",0,"P"," ","0",0,"P"," ","0",0,"P"," ","0",0,"P"," ","0",0,"P"," ","0",0,"P"," ","0",0,"P"," ","0",25," "," ","0",0,"P"," ","0",0,"P"," ","0",0,"P"," ","0",0,"P"," ","0",0,"P"," ","0",0,"P"," ","0",0,"P"," ","0",0,"P"," ","0",0,"P"," ","0",0,"P"," ","0",0,"P"," ","0",0,"P"," ","0",0,"P"," ","0",0,"P"," ","0",NA," "," "," "
"4602","USC00413787",2009,11,"SNWD",0,"P"," ","0",0,"P"," ","0",0,"P"," ","0",0,"P"," ","0",0,"P"," ","0",0,"P"," ","0",0,"P"," ","0",0,"P"," ","0",0,"P"," ","0",0,"P"," ","0",0,"P"," ","0",0,"P"," ","0",0,"P"," ","0",0,"P"," ","0",0,"P"," ","0",25," "," ","0",NA," "," "," ",NA," "," "," ",0,"P"," ","0",0,"P"," ","0",0,"P"," ","0",0,"P"," ","0",0,"P"," ","0",0,"P"," ","0",0,"P"," ","0",0,"P"," ","0",0,"P"," ","0",0,"P"," ","0",0,"P"," ","0",0,"P"," ","0",NA," "," "," "
"4603","USC00413787",2009,12,"TMAX",128," "," ","0",117," "," ","0",33," "," ","0",0," "," ","0",17," "," ","0",106," "," ","0",-33," "," ","0",-61," "," ","0",100," "," ","0",-44," "," ","0",0," "," ","0",83," "," ","0",161," "," ","0",178," "," ","0",28," "," ","0",56," "," ","0",178," "," ","0",161," "," ","0",128," "," ","0",106," "," ","0",172," "," ","0",183," "," ","0",61," "," ","0",-6," "," ","0",-6," "," ","0",11," "," ","0",11," "," ","0",61," "," ","0",83," "," ","0",33," "," ","0",117," "," ","0"
"4604","USC00413787",2009,12,"TMIN",-56," "," ","0",-39," "," ","0",-72," "," ","0",-144," "," ","0",-144," "," ","0",-61," "," ","0",-94," "," ","0",-94," "," ","0",-161," "," ","0",-167," "," ","0",-167," "," ","0",-94," "," ","0",-39," "," ","0",-67," "," ","0",-122," "," ","0",-122," "," ","0",-50," "," ","0",-50," "," ","0",-78," "," ","0",-78," "," ","0",-44," "," ","0",-28," "," ","0",-22," "," ","0",-78," "," ","0",-117," "," ","0",-94," "," ","0",-78," "," ","0",-106," "," ","0",-106," "," ","0",-50," "," ","0",-33," "," ","0"
"4605","USC00413787",2009,12,"TOBS",-33," "," ","0",-39," "," ","0",-72," "," ","0",-144," "," ","0",-61," "," ","0",-33," "," ","0",-94," "," ","0",-67," "," ","0",-161," "," ","0",-167," "," ","0",-89," "," ","0",-6," "," ","0",-6," "," ","0",-67," "," ","0",-122," "," ","0",-44," "," ","0",-44," "," ","0",-11," "," ","0",-28," "," ","0",-44," "," ","0",-28," "," ","0",0," "," ","0",-22," "," ","0",-78," "," ","0",-89," "," ","0",-28," "," ","0",-39," "," ","0",-100," "," ","0",-33," "," ","0",-22," "," ","0",-33," "," ","0"
"4606","USC00413787",2009,12,"PRCP",0," "," ","0",0," "," ","0",0," "," ","0",0," "," ","0",0," "," ","0",0," "," ","0",0," "," ","0",0," "," ","0",0," "," ","0",0," "," ","0",0," "," ","0",0," "," ","0",0," "," ","0",0," "," ","0",0," "," ","0",0," "," ","0",0," "," ","0",0," "," ","0",0," "," ","0",0," "," ","0",0," "," ","0",0," "," ","0",0," "," ","0",3," "," ","0",0," "," ","0",0," "," ","0",0," "," ","0",0," "," ","0",0," "," ","0",0," "," ","0",0," "," ","0"
"4607","USC00413787",2009,12,"SNOW",0,"P"," ","0",0,"P"," ","0",0,"P"," ","0",0,"P"," ","0",0,"P"," ","0",0,"P"," ","0",0,"P"," ","0",0,"P"," ","0",0,"P"," ","0",0,"P"," ","0",0,"P"," ","0",0,"P"," ","0",0,"P"," ","0",0,"P"," ","0",0,"P"," ","0",0,"P"," ","0",0,"P"," ","0",0,"P"," ","0",0,"P"," ","0",0,"P"," ","0",0,"P"," ","0",0,"P"," ","0",0,"P"," ","0",25," "," ","0",0,"P"," ","0",0,"P"," ","0",0,"P"," ","0",0,"P"," ","0",0,"P"," ","0",0,"P"," ","0",0,"P"," ","0"
"4608","USC00413787",2009,12,"SNWD",0,"P"," ","0",0,"P"," ","0",0,"P"," ","0",0,"P"," ","0",0,"P"," ","0",0,"P"," ","0",0,"P"," ","0",0,"P"," ","0",0,"P"," ","0",0,"P"," ","0",0,"P"," ","0",0,"P"," ","0",0,"P"," ","0",0,"P"," ","0",0,"P"," ","0",0,"P"," ","0",0,"P"," ","0",0,"P"," ","0",0,"P"," ","0",0,"P"," ","0",0,"P"," ","0",0,"P"," ","0",0,"P"," ","0",25," "," ","0",NA," "," "," ",NA," "," "," ",NA," "," "," ",NA," "," "," ",NA," "," "," ",0,"P"," ","0",0,"P"," ","0"
"4609","USC00413787",2010,1,"TMAX",72," "," ","0",117," "," ","0",-39," "," ","0",100," "," ","0",94," "," ","0",106," "," ","0",11," "," ","0",-44," "," ","0",0," "," ","0",17," "," ","0",122," "," ","0",150," "," ","0",150," "," ","0",189," "," ","0",122," "," ","0",133," "," ","0",144," "," ","0",189," "," ","0",128," "," ","0",178," "," ","0",128," "," ","0",139," "," ","0",200," "," ","0",150," "," ","0",94," "," ","0",100," "," ","0",106," "," ","0",144," "," ","0",-44," "," ","0",-50," "," ","0",0," "," ","0"
"4610","USC00413787",2010,1,"TMIN",-72," "," ","0",-78," "," ","0",-89," "," ","0",-72," "," ","0",-72," "," ","0",-61," "," ","0",-133," "," ","0",-194," "," ","0",-189," "," ","0",-156," "," ","0",-89," "," ","0",-89," "," ","0",-89," "," ","0",-44," "," ","0",-67," "," ","0",-67," "," ","0",-67," "," ","0",-56," "," ","0",-39," "," ","0",-56," "," ","0",-39," "," ","0",-11," "," ","0",-11," "," ","0",6," "," ","0",-78," "," ","0",-94," "," ","0",-94," "," ","0",-50," "," ","0",-100," "," ","0",-167," "," ","0",-156," "," ","0"
"4611","USC00413787",2010,1,"TOBS",-56," "," ","0",-78," "," ","0",-50," "," ","0",-72," "," ","0",-56," "," ","0",-28," "," ","0",-122," "," ","0",-189," "," ","0",-156," "," ","0",-89," "," ","0",-56," "," ","0",-89," "," ","0",-33," "," ","0",-22," "," ","0",-44," "," ","0",-39," "," ","0",-17," "," ","0",-39," "," ","0",6," "," ","0",-28," "," ","0",-6," "," ","0",39," "," ","0",22," "," ","0",11," "," ","0",-72," "," ","0",-94," "," ","0",-50," "," ","0",-44," "," ","0",-100," "," ","0",-156," "," ","0",-39," "," ","0"
"4612","USC00413787",2010,1,"PRCP",3," "," ","0",0," "," ","0",0," "," ","0",0," "," ","0",0," "," ","0",0," "," ","0",0," "," ","0",0," "," ","0",0," "," ","0",0," "," ","0",0," "," ","0",0," "," ","0",0," "," ","0",0," "," ","0",0," "," ","0",0," "," ","0",0," "," ","0",0," "," ","0",0," "," ","0",0," "," ","0",0," "," ","0",0," "," ","0",0," "," ","0",13," "," ","0",0," "," ","0",0," "," ","0",0," "," ","0",0," "," ","0",274," "," ","0",0," "," ","0",0," "," ","0"
"4613","USC00413787",2010,1,"SNOW",25," "," ","0",0,"P"," ","0",0,"P"," ","0",0,"P"," ","0",0,"P"," ","0",0,"P"," ","0",0,"P"," ","0",0,"P"," ","0",0,"P"," ","0",0,"P"," ","0",0,"P"," ","0",0,"P"," ","0",0,"P"," ","0",0,"P"," ","0",0,"P"," ","0",0,"P"," ","0",0,"P"," ","0",0,"P"," ","0",0,"P"," ","0",0,"P"," ","0",0,"P"," ","0",0,"P"," ","0",0,"P"," ","0",0,"P"," ","0",0,"P"," ","0",0,"P"," ","0",0,"P"," ","0",0,"P"," ","0",356," "," ","0",0,"P"," ","0",0," "," ","0"
"4614","USC00413787",2010,1,"SNWD",25," "," ","0",NA," "," "," ",NA," "," "," ",NA," "," "," ",0,"P"," ","0",0,"P"," ","0",0,"P"," ","0",0,"P"," ","0",0,"P"," ","0",0,"P"," ","0",0,"P"," ","0",0,"P"," ","0",0,"P"," ","0",0,"P"," ","0",0,"P"," ","0",0,"P"," ","0",0,"P"," ","0",0,"P"," ","0",0,"P"," ","0",0,"P"," ","0",0,"P"," ","0",0,"P"," ","0",0,"P"," ","0",0,"P"," ","0",0,"P"," ","0",0,"P"," ","0",0,"P"," ","0",0,"P"," ","0",356," "," ","0",356," "," ","0",254," "," ","0"
"4615","USC00413787",2010,2,"TMAX",28," "," ","0",39," "," ","0",50," "," ","0",11," "," ","0",11," "," ","0",61," "," ","0",61," "," ","0",-6," "," ","0",11," "," ","0",-28," "," ","0",22," "," ","0",22," "," ","0",56," "," ","0",106," "," ","0",22," "," ","0",61," "," ","0",61," "," ","0",106," "," ","0",128," "," ","0",83," "," ","0",-6," "," ","0",-6," "," ","0",-22," "," ","0",50," "," ","0",117," "," ","0",6," "," ","0",117," "," ","0",150," "," ","0",NA," "," "," ",NA," "," "," ",NA," "," "," "
"4616","USC00413787",2010,2,"TMIN",-156," "," ","0",-156," "," ","0",-94," "," ","0",-22," "," ","0",-78," "," ","0",-94," "," ","0",-94," "," ","0",-28," "," ","0",-83," "," ","0",-83," "," ","0",-44," "," ","0",-72," "," ","0",-67," "," ","0",-28," "," ","0",-100," "," ","0",-100," "," ","0",-100," "," ","0",-56," "," ","0",-44," "," ","0",-28," "," ","0",-44," "," ","0",-61," "," ","0",-156," "," ","0",-111," "," ","0",-67," "," ","0",-39," "," ","0",-50," "," ","0",0," "," ","0",NA," "," "," ",NA," "," "," ",NA," "," "," "
"4617","USC00413787",2010,2,"TOBS",-17," "," ","0",-94," "," ","0",6," "," ","0",-22," "," ","0",-72," "," ","0",-78," "," ","0",-17," "," ","0",-22," "," ","0",-83," "," ","0",-28," "," ","0",-33," "," ","0",-67," "," ","0",-28," "," ","0",-28," "," ","0",-89," "," ","0",-100," "," ","0",-56," "," ","0",-44," "," ","0",-28," "," ","0",-22," "," ","0",-39," "," ","0",-61," "," ","0",-111," "," ","0",-61," "," ","0",-11," "," ","0",0," "," ","0",0," "," ","0",56," "," ","0",NA," "," "," ",NA," "," "," ",NA," "," "," "
"4618","USC00413787",2010,2,"PRCP",0," "," ","0",0," "," ","0",0," "," ","0",300," "," ","0",0," "," ","0",0," "," ","0",0," "," ","0",61," "," ","0",0," "," ","0",0," "," ","0",0," "," ","0",0," "," ","0",0," "," ","0",0," "," ","0",0," "," ","0",0," "," ","0",0," "," ","0",0," "," ","0",0," "," ","0",0," "," ","0",3," "," ","0",3," "," ","0",18," "," ","0",0," "," ","0",0," "," ","0",0," "," ","0",0," "," ","0",0," "," ","0",NA," "," "," ",NA," "," "," ",NA," "," "," "
"4619","USC00413787",2010,2,"SNOW",0," "," ","0",0," "," ","0",0," "," ","0",127," "," ","0",0," "," ","0",0,"P"," ","0",0,"P"," ","0",38," "," ","0",0,"P"," ","0",0,"P"," ","0",0,"P"," ","0",0,"P"," ","0",0,"P"," ","0",0,"P"," ","0",0,"P"," ","0",0,"P"," ","0",0,"P"," ","0",0,"P"," ","0",0,"P"," ","0",0,"P"," ","0",3," "," ","0",0," "," ","0",25," "," ","0",0,"P"," ","0",0,"P"," ","0",0,"P"," ","0",0,"P"," ","0",0,"P"," ","0",NA," "," "," ",NA," "," "," ",NA," "," "," "
"4620","USC00413787",2010,2,"SNWD",152," "," ","0",76," "," ","0",25," "," ","0",127," "," ","0",76," "," ","0",NA," "," "," ",NA," "," "," ",25," "," ","0",NA," "," "," ",NA," "," "," ",NA," "," "," ",NA," "," "," ",NA," "," "," ",NA," "," "," ",0,"P"," ","0",0,"P"," ","0",0,"P"," ","0",0,"P"," ","0",0,"P"," ","0",0,"P"," ","0",0," "," ","0",0," "," ","0",25," "," ","0",NA," "," "," ",NA," "," "," ",0,"P"," ","0",0,"P"," ","0",0,"P"," ","0",NA," "," "," ",NA," "," "," ",NA," "," "," "
"4621","USC00413787",2010,3,"TMAX",111," "," ","0",72," "," ","0",144," "," ","0",167," "," ","0",228," "," ","0",222," "," ","0",200," "," ","0",111," "," ","0",172," "," ","0",178," "," ","0",178," "," ","0",83," "," ","0",150," "," ","0",172," "," ","0",106," "," ","0",44," "," ","0",167," "," ","0",161," "," ","0",217," "," ","0",44," "," ","0",44," "," ","0",156," "," ","0",239," "," ","0",189," "," ","0",33," "," ","0",111," "," ","0",233," "," ","0",111," "," ","0",183," "," ","0",244," "," ","0",300," "," ","0"
"4622","USC00413787",2010,3,"TMIN",-22," "," ","0",-44," "," ","0",-22," "," ","0",-17," "," ","0",-6," "," ","0",-39," "," ","0",22," "," ","0",44," "," ","0",56," "," ","0",-6," "," ","0",-11," "," ","0",-11," "," ","0",-33," "," ","0",-17," "," ","0",-6," "," ","0",-6," "," ","0",-17," "," ","0",-17," "," ","0",-6," "," ","0",-61," "," ","0",-72," "," ","0",-44," "," ","0",-39," "," ","0",17," "," ","0",-11," "," ","0",-17," "," ","0",39," "," ","0",6," "," ","0",11," "," ","0",0," "," ","0",78," "," ","0"
"4623","USC00413787",2010,3,"TOBS",-22," "," ","0",-11," "," ","0",-17," "," ","0",-6," "," ","0",72," "," ","0",39," "," ","0",44," "," ","0",89," "," ","0",67," "," ","0",11," "," ","0",-11," "," ","0",6," "," ","0",61," "," ","0",-6," "," ","0",22," "," ","0",-6," "," ","0",0," "," ","0",-6," "," ","0",44," "," ","0",-61," "," ","0",-22," "," ","0",-39," "," ","0",22," "," ","0",28," "," ","0",-11," "," ","0",39," "," ","0",44," "," ","0",17," "," ","0",11," "," ","0",78," "," ","0",106," "," ","0"
"4624","USC00413787",2010,3,"PRCP",0," "," ","0",0," "," ","0",0," "," ","0",0," "," ","0",0," "," ","0",0," "," ","0",0," "," ","0",38," "," ","0",38," "," ","0",0," "," ","0",119," "," ","0",0," "," ","0",0," "," ","0",0," "," ","0",5," "," ","0",58," "," ","0",0," "," ","0",0," "," ","0",0," "," ","0",30," "," ","0",0," "," ","0",0," "," ","0",0," "," ","0",0," "," ","0",236," "," ","0",0," "," ","0",0," "," ","0",23," "," ","0",0," "," ","0",0," "," ","0",0," "," ","0"
"4625","USC00413787",2010,3,"SNOW",0,"P"," ","0",0,"P"," ","0",0,"P"," ","0",0,"P"," ","0",0,"P"," ","0",0,"P"," ","0",0,"P"," ","0",0,"P"," ","0",0,"P"," ","0",0,"P"," ","0",51," "," ","0",0,"P"," ","0",0,"P"," ","0",0,"P"," ","0",0,"P"," ","0",0,"P"," ","0",0,"P"," ","0",0,"P"," ","0",0,"P"," ","0",25," "," ","0",0,"P"," ","0",0,"P"," ","0",0,"P"," ","0",0,"P"," ","0",51," "," ","0",0,"P"," ","0",0,"P"," ","0",0,"P"," ","0",0,"P"," ","0",0,"P"," ","0",0,"P"," ","0"
"4626","USC00413787",2010,3,"SNWD",0,"P"," ","0",0,"P"," ","0",0,"P"," ","0",0,"P"," ","0",0,"P"," ","0",0,"P"," ","0",0,"P"," ","0",0,"P"," ","0",0,"P"," ","0",0,"P"," ","0",0,"P"," ","0",0,"P"," ","0",0,"P"," ","0",0,"P"," ","0",0,"P"," ","0",0,"P"," ","0",0,"P"," ","0",0,"P"," ","0",0,"P"," ","0",25," "," ","0",NA," "," "," ",NA," "," "," ",0,"P"," ","0",0,"P"," ","0",51," "," ","0",NA," "," "," ",NA," "," "," ",0,"P"," ","0",0,"P"," ","0",0,"P"," ","0",0,"P"," ","0"
"4627","USC00413787",2010,4,"TMAX",311," "," ","0",289," "," ","0",161," "," ","0",222," "," ","0",278," "," ","0",317," "," ","0",244," "," ","0",139," "," ","0",200," "," ","0",283," "," ","0",239," "," ","0",261," "," ","0",267," "," ","0",267," "," ","0",217," "," ","0",189," "," ","0",122," "," ","0",133," "," ","0",161," "," ","0",133," "," ","0",178," "," ","0",189," "," ","0",233," "," ","0",189," "," ","0",161," "," ","0",250," "," ","0",167," "," ","0",211," "," ","0",306," "," ","0",306," "," ","0",NA," "," "," "
"4628","USC00413787",2010,4,"TMIN",100," "," ","0",50," "," ","0",-28," "," ","0",22," "," ","0",61," "," ","0",78," "," ","0",0," "," ","0",-39," "," ","0",-28," "," ","0",56," "," ","0",61," "," ","0",72," "," ","0",111," "," ","0",111," "," ","0",111," "," ","0",122," "," ","0",44," "," ","0",22," "," ","0",78," "," ","0",83," "," ","0",89," "," ","0",100," "," ","0",61," "," ","0",67," "," ","0",39," "," ","0",44," "," ","0",17," "," ","0",28," "," ","0",72," "," ","0",83," "," ","0",NA," "," "," "
"4629","USC00413787",2010,4,"TOBS",106," "," ","0",83," "," ","0",56," "," ","0",78," "," ","0",83," "," ","0",111," "," ","0",33," "," ","0",-22," "," ","0",56," "," ","0",100," "," ","0",78," "," ","0",156," "," ","0",111," "," ","0",144," "," ","0",133," "," ","0",122," "," ","0",61," "," ","0",78," "," ","0",83," "," ","0",89," "," ","0",100," "," ","0",161," "," ","0",67," "," ","0",83," "," ","0",89," "," ","0",44," "," ","0",28," "," ","0",128," "," ","0",139," "," ","0",94," "," ","0",NA," "," "," "
"4630","USC00413787",2010,4,"PRCP",0," "," ","0",0," "," ","0",0," "," ","0",0," "," ","0",0," "," ","0",0," "," ","0",0," "," ","0",0," "," ","0",0," "," ","0",0," "," ","0",0," "," ","0",0," "," ","0",25," "," ","0",0," "," ","0",203," "," ","0",262," "," ","0",175," "," ","0",0," "," ","0",0," "," ","0",0," "," ","0",0," "," ","0",0," "," ","0",56," "," ","0",0," "," ","0",0," "," ","0",0," "," ","0",0," "," ","0",0," "," ","0",0," "," ","0",0," "," ","0",NA," "," "," "
"4631","USC00413787",2010,4,"SNOW",0,"P"," ","0",0,"P"," ","0",0,"P"," ","0",0,"P"," ","0",0,"P"," ","0",0,"P"," ","0",0,"P"," ","0",0,"P"," ","0",0,"P"," ","0",0,"P"," ","0",0,"P"," ","0",0,"P"," ","0",0,"P"," ","0",0,"P"," ","0",0,"P"," ","0",0,"P"," ","0",0,"P"," ","0",0,"P"," ","0",0,"P"," ","0",0,"P"," ","0",0,"P"," ","0",0,"P"," ","0",0,"P"," ","0",0,"P"," ","0",0,"P"," ","0",0,"P"," ","0",0,"P"," ","0",0,"P"," ","0",0,"P"," ","0",0,"P"," ","0",NA," "," "," "
"4632","USC00413787",2010,4,"SNWD",0,"P"," ","0",0,"P"," ","0",0,"P"," ","0",0,"P"," ","0",0,"P"," ","0",0,"P"," ","0",0,"P"," ","0",0,"P"," ","0",0,"P"," ","0",0,"P"," ","0",0,"P"," ","0",0,"P"," ","0",0,"P"," ","0",0,"P"," ","0",0,"P"," ","0",0,"P"," ","0",0,"P"," ","0",0,"P"," ","0",0,"P"," ","0",0,"P"," ","0",0,"P"," ","0",0,"P"," ","0",0,"P"," ","0",0,"P"," ","0",0,"P"," ","0",0,"P"," ","0",0,"P"," ","0",0,"P"," ","0",0,"P"," ","0",0,"P"," ","0",NA," "," "," "
"4633","USC00413787",2010,5,"TMAX",189," "," ","0",167," "," ","0",222," "," ","0",228," "," ","0",311," "," ","0",222," "," ","0",333," "," ","0",183," "," ","0",172," "," ","0",206," "," ","0",278," "," ","0",278," "," ","0",217," "," ","0",217," "," ","0",156," "," ","0",189," "," ","0",244," "," ","0",233," "," ","0",239," "," ","0",244," "," ","0",239," "," ","0",283," "," ","0",333," "," ","0",300," "," ","0",317," "," ","0",256," "," ","0",256," "," ","0",300," "," ","0",317," "," ","0",333," "," ","0",267," "," ","0"
"4634","USC00413787",2010,5,"TMIN",50," "," ","0",6," "," ","0",28," "," ","0",28," "," ","0",56," "," ","0",83," "," ","0",78," "," ","0",28," "," ","0",56," "," ","0",117," "," ","0",50," "," ","0",78," "," ","0",22," "," ","0",22," "," ","0",78," "," ","0",111," "," ","0",100," "," ","0",106," "," ","0",133," "," ","0",89," "," ","0",106," "," ","0",117," "," ","0",178," "," ","0",194," "," ","0",139," "," ","0",150," "," ","0",139," "," ","0",156," "," ","0",172," "," ","0",156," "," ","0",122," "," ","0"
"4635","USC00413787",2010,5,"TOBS",67," "," ","0",28," "," ","0",56," "," ","0",72," "," ","0",83," "," ","0",100," "," ","0",78," "," ","0",56," "," ","0",122," "," ","0",161," "," ","0",78," "," ","0",128," "," ","0",44," "," ","0",78," "," ","0",111," "," ","0",139," "," ","0",106," "," ","0",144," "," ","0",156," "," ","0",106," "," ","0",122," "," ","0",194," "," ","0",200," "," ","0",200," "," ","0",150," "," ","0",183," "," ","0",156," "," ","0",172," "," ","0",211," "," ","0",156," "," ","0",150," "," ","0"
"4636","USC00413787",2010,5,"PRCP",0," "," ","0",0," "," ","0",0," "," ","0",0," "," ","0",0," "," ","0",0," "," ","0",0," "," ","0",0," "," ","0",0," "," ","0",0," "," ","0",0," "," ","0",0," "," ","0",0," "," ","0",0," "," ","0",168," "," ","0",0," "," ","0",0," "," ","0",30," "," ","0",175," "," ","0",30," "," ","0",0," "," ","0",0," "," ","0",0," "," ","0",0," "," ","0",0," "," ","0",0," "," ","0",0," "," ","0",0," "," ","0",0," "," ","0",0," "," ","0",0," "," ","0"
"4637","USC00413787",2010,5,"SNOW",0,"P"," ","0",0,"P"," ","0",0,"P"," ","0",0,"P"," ","0",0,"P"," ","0",0,"P"," ","0",0,"P"," ","0",0,"P"," ","0",0,"P"," ","0",0,"P"," ","0",0,"P"," ","0",0,"P"," ","0",0,"P"," ","0",0,"P"," ","0",0,"P"," ","0",0,"P"," ","0",0,"P"," ","0",0,"P"," ","0",0,"P"," ","0",0,"P"," ","0",0,"P"," ","0",0,"P"," ","0",0,"P"," ","0",0,"P"," ","0",0,"P"," ","0",0,"P"," ","0",0,"P"," ","0",0,"P"," ","0",0,"P"," ","0",0,"P"," ","0",0,"P"," ","0"
"4638","USC00413787",2010,5,"SNWD",0,"P"," ","0",0,"P"," ","0",0,"P"," ","0",0,"P"," ","0",0,"P"," ","0",0,"P"," ","0",0,"P"," ","0",0,"P"," ","0",0,"P"," ","0",0,"P"," ","0",0,"P"," ","0",0,"P"," ","0",0,"P"," ","0",0,"P"," ","0",0,"P"," ","0",0,"P"," ","0",0,"P"," ","0",0,"P"," ","0",0,"P"," ","0",0,"P"," ","0",0,"P"," ","0",0,"P"," ","0",0,"P"," ","0",0,"P"," ","0",0,"P"," ","0",0,"P"," ","0",0,"P"," ","0",0,"P"," ","0",0,"P"," ","0",0,"P"," ","0",0,"P"," ","0"
"4639","USC00413787",2010,6,"TMAX",300," "," ","0",356," "," ","0",300," "," ","0",306," "," ","0",361," "," ","0",356," "," ","0",306," "," ","0",322," "," ","0",350," "," ","0",339," "," ","0",383," "," ","0",372," "," ","0",322," "," ","0",294," "," ","0",211," "," ","0",289," "," ","0",322," "," ","0",356," "," ","0",356," "," ","0",383," "," ","0",350," "," ","0",361," "," ","0",367," "," ","0",306," "," ","0",267," "," ","0",350," "," ","0",356," "," ","0",311," "," ","0",311," "," ","0",306," "," ","0",NA," "," "," "
"4640","USC00413787",2010,6,"TMIN",150," "," ","0",139," "," ","0",133," "," ","0",161," "," ","0",183," "," ","0",189," "," ","0",200," "," ","0",200," "," ","0",189," "," ","0",194," "," ","0",189," "," ","0",206," "," ","0",156," "," ","0",139," "," ","0",128," "," ","0",139," "," ","0",161," "," ","0",161," "," ","0",200," "," ","0",211," "," ","0",178," "," ","0",211," "," ","0",194," "," ","0",172," "," ","0",178," "," ","0",194," "," ","0",194," "," ","0",194," "," ","0",139," "," ","0",150," "," ","0",NA," "," "," "
"4641","USC00413787",2010,6,"TOBS",189," "," ","0",139," "," ","0",161," "," ","0",200," "," ","0",200," "," ","0",200," "," ","0",217," "," ","0",233," "," ","0",194," "," ","0",211," "," ","0",206," "," ","0",233," "," ","0",161," "," ","0",139," "," ","0",139," "," ","0",161," "," ","0",206," "," ","0",200," "," ","0",228," "," ","0",233," "," ","0",217," "," ","0",228," "," ","0",239," "," ","0",178," "," ","0",211," "," ","0",222," "," ","0",222," "," ","0",200," "," ","0",150," "," ","0",172," "," ","0",NA," "," "," "
"4642","USC00413787",2010,6,"PRCP",33," "," ","0",0," "," ","0",0," "," ","0",0," "," ","0",0," "," ","0",0," "," ","0",0," "," ","0",0," "," ","0",0," "," ","0",0," "," ","0",5," "," ","0",0," "," ","0",2469," "," ","0",0," "," ","0",0," "," ","0",114," "," ","0",5," "," ","0",0," "," ","0",0," "," ","0",0," "," ","0",0," "," ","0",0," "," ","0",94," "," ","0",112," "," ","0",0," "," ","0",0," "," ","0",0," "," ","0",0," "," ","0",0," "," ","0",0," "," ","0",NA," "," "," "
"4643","USC00413787",2010,6,"SNOW",0,"P"," ","0",0,"P"," ","0",0,"P"," ","0",0,"P"," ","0",0,"P"," ","0",0,"P"," ","0",0,"P"," ","0",0,"P"," ","0",0,"P"," ","0",0,"P"," ","0",0,"P"," ","0",0,"P"," ","0",0,"P"," ","0",0,"P"," ","0",0,"P"," ","0",0,"P"," ","0",0,"P"," ","0",0,"P"," ","0",0,"P"," ","0",0,"P"," ","0",0,"P"," ","0",0,"P"," ","0",0,"P"," ","0",0,"P"," ","0",0,"P"," ","0",0,"P"," ","0",0,"P"," ","0",0,"P"," ","0",0,"P"," ","0",0,"P"," ","0",NA," "," "," "
"4644","USC00413787",2010,6,"SNWD",0,"P"," ","0",0,"P"," ","0",0,"P"," ","0",0,"P"," ","0",0,"P"," ","0",0,"P"," ","0",0,"P"," ","0",0,"P"," ","0",0,"P"," ","0",0,"P"," ","0",0,"P"," ","0",0,"P"," ","0",0,"P"," ","0",0,"P"," ","0",0,"P"," ","0",0,"P"," ","0",0,"P"," ","0",0,"P"," ","0",0,"P"," ","0",0,"P"," ","0",0,"P"," ","0",0,"P"," ","0",0,"P"," ","0",0,"P"," ","0",0,"P"," ","0",0,"P"," ","0",0,"P"," ","0",0,"P"," ","0",0,"P"," ","0",0,"P"," ","0",NA," "," "," "
"4645","USC00413787",2010,7,"TMAX",300," "," ","0",294," "," ","0",272," "," ","0",278," "," ","0",333," "," ","0",306," "," ","0",322," "," ","0",300," "," ","0",217," "," ","0",289," "," ","0",311," "," ","0",339," "," ","0",350," "," ","0",372," "," ","0",361," "," ","0",333," "," ","0",356," "," ","0",367," "," ","0",361," "," ","0",367," "," ","0",356," "," ","0",339," "," ","0",350," "," ","0",356," "," ","0",322," "," ","0",289," "," ","0",333," "," ","0",333," "," ","0",339," "," ","0",344," "," ","0",356," "," ","0"
"4646","USC00413787",2010,7,"TMIN",167," "," ","0",183," "," ","0",200," "," ","0",194," "," ","0",194," "," ","0",194," "," ","0",161," "," ","0",178," "," ","0",161," "," ","0",172," "," ","0",194," "," ","0",183," "," ","0",194," "," ","0",217," "," ","0",217," "," ","0",217," "," ","0",194," "," ","0",189," "," ","0",194," "," ","0",200," "," ","0",200," "," ","0",206," "," ","0",217," "," ","0",194," "," ","0",189," "," ","0",178," "," ","0",178," "," ","0",183," "," ","0",194," "," ","0",194," "," ","0",200," "," ","0"
"4647","USC00413787",2010,7,"TOBS",183," "," ","0",211," "," ","0",211," "," ","0",267," "," ","0",211," "," ","0",200," "," ","0",206," "," ","0",183," "," ","0",172," "," ","0",200," "," ","0",239," "," ","0",194," "," ","0",222," "," ","0",233," "," ","0",222," "," ","0",222," "," ","0",244," "," ","0",194," "," ","0",233," "," ","0",211," "," ","0",211," "," ","0",217," "," ","0",228," "," ","0",200," "," ","0",200," "," ","0",183," "," ","0",189," "," ","0",194," "," ","0",206," "," ","0",206," "," ","0",272," "," ","0"
"4648","USC00413787",2010,7,"PRCP",0," "," ","0",0," "," ","0",0," "," ","0",28," "," ","0",0," "," ","0",0," "," ","0",0," "," ","0",127," "," ","0",43," "," ","0",0," "," ","0",0," "," ","0",0," "," ","0",0," "," ","0",0," "," ","0",0," "," ","0",0," "," ","0",0," "," ","0",0," "," ","0",0," "," ","0",0," "," ","0",0," "," ","0",0," "," ","0",0," "," ","0",18," "," ","0",66," "," ","0",0," "," ","0",0," "," ","0",0," "," ","0",0," "," ","0",0," "," ","0",0," "," ","0"
"4649","USC00413787",2010,7,"SNOW",0,"P"," ","0",0,"P"," ","0",0,"P"," ","0",0,"P"," ","0",0,"P"," ","0",0,"P"," ","0",0,"P"," ","0",0," "," ","0",0,"P"," ","0",0,"P"," ","0",0,"P"," ","0",0,"P"," ","0",0,"P"," ","0",0,"P"," ","0",0,"P"," ","0",0,"P"," ","0",0,"P"," ","0",0,"P"," ","0",0,"P"," ","0",0,"P"," ","0",0,"P"," ","0",0,"P"," ","0",0,"P"," ","0",0,"P"," ","0",0,"P"," ","0",0,"P"," ","0",0,"P"," ","0",0,"P"," ","0",0,"P"," ","0",0,"P"," ","0",0,"P"," ","0"
"4650","USC00413787",2010,7,"SNWD",0,"P"," ","0",0,"P"," ","0",0,"P"," ","0",0,"P"," ","0",0,"P"," ","0",0,"P"," ","0",0,"P"," ","0",0,"P"," ","0",0,"P"," ","0",0,"P"," ","0",0,"P"," ","0",0,"P"," ","0",0,"P"," ","0",0,"P"," ","0",0,"P"," ","0",0,"P"," ","0",0,"P"," ","0",0,"P"," ","0",0,"P"," ","0",0,"P"," ","0",0,"P"," ","0",0,"P"," ","0",0,"P"," ","0",0,"P"," ","0",0,"P"," ","0",0,"P"," ","0",0,"P"," ","0",0,"P"," ","0",0,"P"," ","0",0,"P"," ","0",0,"P"," ","0"
"4651","USC00413787",2010,8,"TMAX",356," "," ","0",378," "," ","0",389," "," ","0",394," "," ","0",344," "," ","0",322," "," ","0",317," "," ","0",372," "," ","0",378," "," ","0",372," "," ","0",356," "," ","0",378," "," ","0",378," "," ","0",389," "," ","0",383," "," ","0",300," "," ","0",211," "," ","0",289," "," ","0",322," "," ","0",350," "," ","0",361," "," ","0",350," "," ","0",367," "," ","0",378," "," ","0",256," "," ","0",267," "," ","0",294," "," ","0",322," "," ","0",322," "," ","0",328," "," ","0",328," "," ","0"
"4652","USC00413787",2010,8,"TMIN",194," "," ","0",200," "," ","0",183," "," ","0",194," "," ","0",194," "," ","0",189," "," ","0",194," "," ","0",194," "," ","0",200," "," ","0",206," "," ","0",183," "," ","0",189," "," ","0",222," "," ","0",194," "," ","0",189," "," ","0",183," "," ","0",172," "," ","0",189," "," ","0",189," "," ","0",189," "," ","0",183," "," ","0",189," "," ","0",194," "," ","0",189," "," ","0",117," "," ","0",100," "," ","0",100," "," ","0",128," "," ","0",183," "," ","0",200," "," ","0",206," "," ","0"
"4653","USC00413787",2010,8,"TOBS",278," "," ","0",217," "," ","0",194," "," ","0",222," "," ","0",200," "," ","0",194," "," ","0",206," "," ","0",256," "," ","0",206," "," ","0",211," "," ","0",189," "," ","0",222," "," ","0",233," "," ","0",222," "," ","0",200," "," ","0",189," "," ","0",194," "," ","0",200," "," ","0",200," "," ","0",194," "," ","0",217," "," ","0",261," "," ","0",206," "," ","0",194," "," ","0",122," "," ","0",100," "," ","0",128," "," ","0",183," "," ","0",211," "," ","0",206," "," ","0",217," "," ","0"
"4654","USC00413787",2010,8,"PRCP",0," "," ","0",0," "," ","0",0," "," ","0",0," "," ","0",25," "," ","0",130," "," ","0",0," "," ","0",0," "," ","0",0," "," ","0",0," "," ","0",0," "," ","0",0," "," ","0",0," "," ","0",0," "," ","0",0," "," ","0",0," "," ","0",224," "," ","0",107," "," ","0",0," "," ","0",0," "," ","0",0," "," ","0",0," "," ","0",0," "," ","0",43," "," ","0",107," "," ","0",0," "," ","0",0," "," ","0",0," "," ","0",0," "," ","0",0," "," ","0",0," "," ","0"
"4655","USC00413787",2010,8,"SNOW",0,"P"," ","0",0,"P"," ","0",0,"P"," ","0",0,"P"," ","0",0,"P"," ","0",0,"P"," ","0",0,"P"," ","0",0,"P"," ","0",0,"P"," ","0",0,"P"," ","0",0,"P"," ","0",0,"P"," ","0",0,"P"," ","0",0,"P"," ","0",0,"P"," ","0",0,"P"," ","0",0,"P"," ","0",0,"P"," ","0",0,"P"," ","0",0,"P"," ","0",0,"P"," ","0",0,"P"," ","0",0,"P"," ","0",0,"P"," ","0",0,"P"," ","0",0,"P"," ","0",0,"P"," ","0",0,"P"," ","0",0,"P"," ","0",0,"P"," ","0",0,"P"," ","0"
"4656","USC00413787",2010,8,"SNWD",0,"P"," ","0",0,"P"," ","0",0,"P"," ","0",0,"P"," ","0",0,"P"," ","0",0,"P"," ","0",0,"P"," ","0",0,"P"," ","0",0,"P"," ","0",0,"P"," ","0",0,"P"," ","0",0,"P"," ","0",0,"P"," ","0",0,"P"," ","0",0,"P"," ","0",0,"P"," ","0",0,"P"," ","0",0,"P"," ","0",0,"P"," ","0",0,"P"," ","0",0,"P"," ","0",0,"P"," ","0",0,"P"," ","0",0,"P"," ","0",0,"P"," ","0",0,"P"," ","0",0,"P"," ","0",0,"P"," ","0",0,"P"," ","0",0,"P"," ","0",0,"P"," ","0"
"4657","USC00413787",2010,9,"TMAX",356," "," ","0",339," "," ","0",294," "," ","0",267," "," ","0",317," "," ","0",389," "," ","0",389," "," ","0",289," "," ","0",289," "," ","0",361," "," ","0",350," "," ","0",294," "," ","0",328," "," ","0",350," "," ","0",356," "," ","0",367," "," ","0",228," "," ","0",322," "," ","0",328," "," ","0",328," "," ","0",306," "," ","0",344," "," ","0",278," "," ","0",306," "," ","0",289," "," ","0",306," "," ","0",233," "," ","0",328," "," ","0",306," "," ","0",350," "," ","0",NA," "," "," "
"4658","USC00413787",2010,9,"TMIN",189," "," ","0",183," "," ","0",89," "," ","0",89," "," ","0",117," "," ","0",178," "," ","0",133," "," ","0",133," "," ","0",133," "," ","0",161," "," ","0",150," "," ","0",111," "," ","0",172," "," ","0",156," "," ","0",161," "," ","0",183," "," ","0",150," "," ","0",156," "," ","0",167," "," ","0",161," "," ","0",167," "," ","0",189," "," ","0",189," "," ","0",156," "," ","0",156," "," ","0",83," "," ","0",83," "," ","0",83," "," ","0",106," "," ","0",111," "," ","0",NA," "," "," "
"4659","USC00413787",2010,9,"TOBS",189," "," ","0",189," "," ","0",89," "," ","0",117," "," ","0",178," "," ","0",228," "," ","0",133," "," ","0",167," "," ","0",172," "," ","0",167," "," ","0",194," "," ","0",172," "," ","0",189," "," ","0",161," "," ","0",206," "," ","0",183," "," ","0",156," "," ","0",167," "," ","0",189," "," ","0",167," "," ","0",189," "," ","0",189," "," ","0",222," "," ","0",156," "," ","0",172," "," ","0",122," "," ","0",83," "," ","0",139," "," ","0",111," "," ","0",133," "," ","0",NA," "," "," "
"4660","USC00413787",2010,9,"PRCP",0," "," ","0",0," "," ","0",0," "," ","0",0," "," ","0",0," "," ","0",0," "," ","0",0," "," ","0",0," "," ","0",0," "," ","0",0," "," ","0",0," "," ","0",0," "," ","0",0," "," ","0",0," "," ","0",0," "," ","0",13," "," ","0",183," "," ","0",0," "," ","0",0," "," ","0",0," "," ","0",0," "," ","0",0," "," ","0",0," "," ","0",61," "," ","0",0," "," ","0",0," "," ","0",0," "," ","0",0," "," ","0",0," "," ","0",0," "," ","0",NA," "," "," "
"4661","USC00413787",2010,9,"SNOW",0,"P"," ","0",0,"P"," ","0",0,"P"," ","0",0,"P"," ","0",0,"P"," ","0",0,"P"," ","0",0,"P"," ","0",0,"P"," ","0",0,"P"," ","0",0,"P"," ","0",0,"P"," ","0",0,"P"," ","0",0,"P"," ","0",0,"P"," ","0",0,"P"," ","0",0,"P"," ","0",0,"P"," ","0",0,"P"," ","0",0,"P"," ","0",0,"P"," ","0",0,"P"," ","0",0,"P"," ","0",0,"P"," ","0",0,"P"," ","0",0,"P"," ","0",0,"P"," ","0",0,"P"," ","0",0,"P"," ","0",0,"P"," ","0",0,"P"," ","0",NA," "," "," "
"4662","USC00413787",2010,9,"SNWD",0,"P"," ","0",0,"P"," ","0",0,"P"," ","0",0,"P"," ","0",0,"P"," ","0",0,"P"," ","0",0,"P"," ","0",0,"P"," ","0",0,"P"," ","0",0,"P"," ","0",0,"P"," ","0",0,"P"," ","0",0,"P"," ","0",0,"P"," ","0",0,"P"," ","0",0,"P"," ","0",0,"P"," ","0",0,"P"," ","0",0,"P"," ","0",0,"P"," ","0",0,"P"," ","0",0,"P"," ","0",0,"P"," ","0",0,"P"," ","0",0,"P"," ","0",0,"P"," ","0",0,"P"," ","0",0,"P"," ","0",0,"P"," ","0",0,"P"," ","0",NA," "," "," "
"4663","USC00413787",2010,10,"TMAX",256," "," ","0",283," "," ","0",211," "," ","0",161," "," ","0",239," "," ","0",261," "," ","0",306," "," ","0",311," "," ","0",300," "," ","0",267," "," ","0",228," "," ","0",228," "," ","0",244," "," ","0",206," "," ","0",272," "," ","0",289," "," ","0",294," "," ","0",272," "," ","0",228," "," ","0",217," "," ","0",278," "," ","0",206," "," ","0",206," "," ","0",244," "," ","0",250," "," ","0",261," "," ","0",200," "," ","0",200," "," ","0",178," "," ","0",250," "," ","0",239," "," ","0"
"4664","USC00413787",2010,10,"TMIN",117," "," ","0",100," "," ","0",67," "," ","0",72," "," ","0",78," "," ","0",94," "," ","0",106," "," ","0",111," "," ","0",72," "," ","0",117," "," ","0",89," "," ","0",67," "," ","0",56," "," ","0",56," "," ","0",61," "," ","0",67," "," ","0",56," "," ","0",100," "," ","0",61," "," ","0",50," "," ","0",50," "," ","0",100," "," ","0",89," "," ","0",67," "," ","0",72," "," ","0",0," "," ","0",6," "," ","0",-17," "," ","0",-22," "," ","0",33," "," ","0",22," "," ","0"
"4665","USC00413787",2010,10,"TOBS",122," "," ","0",111," "," ","0",72," "," ","0",78," "," ","0",94," "," ","0",106," "," ","0",111," "," ","0",111," "," ","0",150," "," ","0",156," "," ","0",161," "," ","0",72," "," ","0",56," "," ","0",61," "," ","0",67," "," ","0",144," "," ","0",100," "," ","0",106," "," ","0",61," "," ","0",50," "," ","0",117," "," ","0",100," "," ","0",100," "," ","0",72," "," ","0",111," "," ","0",6," "," ","0",22," "," ","0",-17," "," ","0",39," "," ","0",94," "," ","0",106," "," ","0"
"4666","USC00413787",2010,10,"PRCP",0," "," ","0",0," "," ","0",38," "," ","0",0," "," ","0",0," "," ","0",0," "," ","0",0," "," ","0",0," "," ","0",0," "," ","0",0," "," ","0",0," "," ","0",0," "," ","0",0," "," ","0",0," "," ","0",0," "," ","0",0," "," ","0",0," "," ","0",0," "," ","0",0," "," ","0",0," "," ","0",0," "," ","0",249," "," ","0",0," "," ","0",0," "," ","0",0," "," ","0",0," "," ","0",0," "," ","0",0," "," ","0",0," "," ","0",0," "," ","0",0," "," ","0"
"4667","USC00413787",2010,10,"SNOW",0,"P"," ","0",0,"P"," ","0",0,"P"," ","0",0,"P"," ","0",0,"P"," ","0",0,"P"," ","0",0,"P"," ","0",0,"P"," ","0",0,"P"," ","0",0,"P"," ","0",0,"P"," ","0",0,"P"," ","0",0,"P"," ","0",0,"P"," ","0",0,"P"," ","0",0,"P"," ","0",0,"P"," ","0",0,"P"," ","0",0,"P"," ","0",0,"P"," ","0",0,"P"," ","0",0,"P"," ","0",0,"P"," ","0",0,"P"," ","0",0,"P"," ","0",0,"P"," ","0",0,"P"," ","0",0,"P"," ","0",0,"P"," ","0",0,"P"," ","0",0,"P"," ","0"
"4668","USC00413787",2010,10,"SNWD",0,"P"," ","0",0,"P"," ","0",0,"P"," ","0",0,"P"," ","0",0,"P"," ","0",0,"P"," ","0",0,"P"," ","0",0,"P"," ","0",0,"P"," ","0",0,"P"," ","0",0,"P"," ","0",0,"P"," ","0",0,"P"," ","0",0,"P"," ","0",0,"P"," ","0",0,"P"," ","0",0,"P"," ","0",0,"P"," ","0",0,"P"," ","0",0,"P"," ","0",0,"P"," ","0",0,"P"," ","0",0,"P"," ","0",0,"P"," ","0",0,"P"," ","0",0,"P"," ","0",0,"P"," ","0",0,"P"," ","0",0,"P"," ","0",0,"P"," ","0",0,"P"," ","0"
"4669","USC00413787",2010,11,"TMAX",194," "," ","0",172," "," ","0",206," "," ","0",217," "," ","0",156," "," ","0",194," "," ","0",267," "," ","0",267," "," ","0",283," "," ","0",233," "," ","0",133," "," ","0",161," "," ","0",67," "," ","0",117," "," ","0",111," "," ","0",122," "," ","0",161," "," ","0",61," "," ","0",144," "," ","0",233," "," ","0",128," "," ","0",228," "," ","0",178," "," ","0",167," "," ","0",194," "," ","0",28," "," ","0",117," "," ","0",156," "," ","0",178," "," ","0",61," "," ","0",NA," "," "," "
"4670","USC00413787",2010,11,"TMIN",28," "," ","0",6," "," ","0",6," "," ","0",6," "," ","0",-39," "," ","0",-39," "," ","0",39," "," ","0",28," "," ","0",33," "," ","0",-11," "," ","0",-11," "," ","0",-6," "," ","0",-39," "," ","0",-11," "," ","0",-6," "," ","0",-22," "," ","0",-22," "," ","0",-61," "," ","0",-50," "," ","0",-11," "," ","0",11," "," ","0",61," "," ","0",-72," "," ","0",-72," "," ","0",-111," "," ","0",-100," "," ","0",-72," "," ","0",-17," "," ","0",0," "," ","0",-83," "," ","0",NA," "," "," "
"4671","USC00413787",2010,11,"TOBS",28," "," ","0",6," "," ","0",44," "," ","0",6," "," ","0",-39," "," ","0",39," "," ","0",106," "," ","0",33," "," ","0",72," "," ","0",-11," "," ","0",67," "," ","0",0," "," ","0",0," "," ","0",22," "," ","0",33," "," ","0",-22," "," ","0",33," "," ","0",-50," "," ","0",11," "," ","0",11," "," ","0",128," "," ","0",100," "," ","0",-72," "," ","0",78," "," ","0",-33," "," ","0",-67," "," ","0",-6," "," ","0",33," "," ","0",0," "," ","0",-72," "," ","0",NA," "," "," "
"4672","USC00413787",2010,11,"PRCP",0," "," ","0",0," "," ","0",0," "," ","0",0," "," ","0",0," "," ","0",0," "," ","0",0," "," ","0",0," "," ","0",0," "," ","0",0," "," ","0",0," "," ","0",229," "," ","0",0," "," ","0",0," "," ","0",0," "," ","0",0," "," ","0",0," "," ","0",0," "," ","0",0," "," ","0",0," "," ","0",0," "," ","0",0," "," ","0",0," "," ","0",0," "," ","0",0," "," ","0",0," "," ","0",0," "," ","0",0," "," ","0",0," "," ","0",0," "," ","0",NA," "," "," "
"4673","USC00413787",2010,11,"SNOW",0,"P"," ","0",0,"P"," ","0",0,"P"," ","0",0,"P"," ","0",0,"P"," ","0",0,"P"," ","0",0,"P"," ","0",0,"P"," ","0",0,"P"," ","0",0,"P"," ","0",0,"P"," ","0",102," "," ","0",0,"P"," ","0",0,"P"," ","0",0,"P"," ","0",0,"P"," ","0",0,"P"," ","0",0,"P"," ","0",0,"P"," ","0",0,"P"," ","0",0,"P"," ","0",0,"P"," ","0",0,"P"," ","0",0,"P"," ","0",0,"P"," ","0",0,"P"," ","0",0,"P"," ","0",0,"P"," ","0",0,"P"," ","0",0,"P"," ","0",NA," "," "," "
"4674","USC00413787",2010,11,"SNWD",0,"P"," ","0",0,"P"," ","0",0,"P"," ","0",0,"P"," ","0",0,"P"," ","0",0,"P"," ","0",0,"P"," ","0",0,"P"," ","0",0,"P"," ","0",0,"P"," ","0",0,"P"," ","0",51," "," ","0",NA," "," "," ",NA," "," "," ",0,"P"," ","0",0,"P"," ","0",0,"P"," ","0",0,"P"," ","0",0,"P"," ","0",0,"P"," ","0",0,"P"," ","0",0,"P"," ","0",0,"P"," ","0",0,"P"," ","0",0,"P"," ","0",0,"P"," ","0",0,"P"," ","0",0,"P"," ","0",0,"P"," ","0",0,"P"," ","0",NA," "," "," "
"4675","USC00413787",2010,12,"TMAX",72," "," ","0",128," "," ","0",156," "," ","0",189," "," ","0",89," "," ","0",28," "," ","0",128," "," ","0",67," "," ","0",144," "," ","0",183," "," ","0",156," "," ","0",100," "," ","0",83," "," ","0",161," "," ","0",122," "," ","0",200," "," ","0",50," "," ","0",6," "," ","0",22," "," ","0",106," "," ","0",167," "," ","0",33," "," ","0",28," "," ","0",72," "," ","0",106," "," ","0",-6," "," ","0",128," "," ","0",83," "," ","0",106," "," ","0",178," "," ","0",161," "," ","0"
"4676","USC00413787",2010,12,"TMIN",-89," "," ","0",-78," "," ","0",-33," "," ","0",-6," "," ","0",-56," "," ","0",-83," "," ","0",-83," "," ","0",-56," "," ","0",-50," "," ","0",0," "," ","0",0," "," ","0",-89," "," ","0",-44," "," ","0",-61," "," ","0",-61," "," ","0",-39," "," ","0",-28," "," ","0",-33," "," ","0",-72," "," ","0",-33," "," ","0",6," "," ","0",-22," "," ","0",-50," "," ","0",-17," "," ","0",-89," "," ","0",-89," "," ","0",-56," "," ","0",-33," "," ","0",-33," "," ","0",-33," "," ","0",-111," "," ","0"
"4677","USC00413787",2010,12,"TOBS",-78," "," ","0",-33," "," ","0",6," "," ","0",22," "," ","0",-33," "," ","0",-78," "," ","0",-50," "," ","0",-50," "," ","0",11," "," ","0",78," "," ","0",17," "," ","0",-44," "," ","0",-44," "," ","0",-61," "," ","0",33," "," ","0",-17," "," ","0",-11," "," ","0",-22," "," ","0",-33," "," ","0",89," "," ","0",11," "," ","0",-22," "," ","0",-17," "," ","0",0," "," ","0",-78," "," ","0",-56," "," ","0",-33," "," ","0",-28," "," ","0",-33," "," ","0",67," "," ","0",-100," "," ","0"
"4678","USC00413787",2010,12,"PRCP",0," "," ","0",0," "," ","0",0," "," ","0",0," "," ","0",0," "," ","0",0," "," ","0",0," "," ","0",0," "," ","0",0," "," ","0",0," "," ","0",0," "," ","0",0," "," ","0",0," "," ","0",0," "," ","0",0," "," ","0",0," "," ","0",79," "," ","0",0," "," ","0",0," "," ","0",0," "," ","0",0," "," ","0",0," "," ","0",0," "," ","0",0," "," ","0",0," "," ","0",0," "," ","0",0," "," ","0",0," "," ","0",0," "," ","0",0," "," ","0",0," "," ","0"
"4679","USC00413787",2010,12,"SNOW",0,"P"," ","0",0,"P"," ","0",0,"P"," ","0",0,"P"," ","0",0,"P"," ","0",0,"P"," ","0",0,"P"," ","0",0,"P"," ","0",0,"P"," ","0",0,"P"," ","0",0,"P"," ","0",0,"P"," ","0",0,"P"," ","0",0,"P"," ","0",0,"P"," ","0",0,"P"," ","0",76," "," ","0",0,"P"," ","0",0,"P"," ","0",0,"P"," ","0",0,"P"," ","0",0,"P"," ","0",0,"P"," ","0",0,"P"," ","0",0,"P"," ","0",0,"P"," ","0",0,"P"," ","0",0,"P"," ","0",0,"P"," ","0",0,"P"," ","0",0,"P"," ","0"
"4680","USC00413787",2010,12,"SNWD",0,"P"," ","0",0,"P"," ","0",0,"P"," ","0",0,"P"," ","0",0,"P"," ","0",0,"P"," ","0",0,"P"," ","0",0,"P"," ","0",0,"P"," ","0",0,"P"," ","0",0,"P"," ","0",0,"P"," ","0",0,"P"," ","0",0,"P"," ","0",0,"P"," ","0",0,"P"," ","0",76," "," ","0",NA," "," "," ",NA," "," "," ",NA," "," "," ",NA," "," "," ",NA," "," "," ",NA," "," "," ",NA," "," "," ",0,"P"," ","0",0,"P"," ","0",0,"P"," ","0",0,"P"," ","0",0,"P"," ","0",0,"P"," ","0",0,"P"," ","0"
"4681","USC00413787",2011,1,"TMAX",-17," "," ","7",-11," "," ","7",83," "," ","7",117," "," ","7",61," "," ","7",133," "," ","7",161," "," ","7",139," "," ","7",139," "," ","7",44," "," ","7",-72," "," ","7",39," "," ","7",0," "," ","7",128," "," ","7",133," "," ","7",161," "," ","7",72," "," ","7",200," "," ","7",150," "," ","7",72," "," ","7",17," "," ","7",106," "," ","7",150," "," ","7",78," "," ","7",67," "," ","7",106," "," ","7",100," "," ","7",172," "," ","7",228," "," ","7",217," "," ","7",-39," "," ","7"
"4682","USC00413787",2011,1,"TMIN",-156," "," ","7",-144," "," ","7",-89," "," ","7",-106," "," ","7",-111," "," ","7",-89," "," ","7",-61," "," ","7",-67," "," ","7",-67," "," ","7",-83," "," ","7",-189," "," ","7",-183," "," ","7",-133," "," ","7",-83," "," ","7",-61," "," ","7",-50," "," ","7",-44," "," ","7",-33," "," ","7",28," "," ","7",-106," "," ","7",-111," "," ","7",-61," "," ","7",-28," "," ","7",-78," "," ","7",-89," "," ","7",-89," "," ","7",-56," "," ","7",-50," "," ","7",-39," "," ","7",-39," "," ","7",-61," "," ","7"
"4683","USC00413787",2011,1,"TOBS",-122," "," ","7",-89," "," ","7",-44," "," ","7",-106," "," ","7",-89," "," ","7",-56," "," ","7",0," "," ","7",-28," "," ","7",-17," "," ","7",-83," "," ","7",-178," "," ","7",-133," "," ","7",-83," "," ","7",-61," "," ","7",-17," "," ","7",-44," "," ","7",-33," "," ","7",28," "," ","7",28," "," ","7",-106," "," ","7",-61," "," ","7",-6," "," ","7",-22," "," ","7",-56," "," ","7",-89," "," ","7",-17," "," ","7",-28," "," ","7",-28," "," ","7",-28," "," ","7",-39," "," ","7",-50," "," ","7"
"4684","USC00413787",2011,1,"PRCP",0," "," ","7",0," "," ","7",0," "," ","7",0," "," ","7",0," "," ","7",0," "," ","7",0," "," ","7",0," "," ","7",0," "," ","7",0," "," ","7",0," "," ","7",0," "," ","7",0," "," ","7",0," "," ","7",0," "," ","7",0," "," ","7",0," "," ","7",28," "," ","7",0," "," ","7",13," "," ","7",0," "," ","7",0," "," ","7",0," "," ","7",0," "," ","7",0," "," ","7",0," "," ","7",0," "," ","7",0," "," ","7",0," "," ","7",0," "," ","7",0," "," ","7"
"4685","USC00413787",2011,1,"SNOW",NA," "," "," ",NA," "," "," ",NA," "," "," ",NA," "," "," ",NA," "," "," ",NA," "," "," ",NA," "," "," ",NA," "," "," ",NA," "," "," ",NA," "," "," ",NA," "," "," ",NA," "," "," ",NA," "," "," ",NA," "," "," ",NA," "," "," ",NA," "," "," ",NA," "," "," ",NA," "," "," ",NA," "," "," ",25," "," ","7",NA," "," "," ",NA," "," "," ",NA," "," "," ",NA," "," "," ",NA," "," "," ",NA," "," "," ",NA," "," "," ",NA," "," "," ",NA," "," "," ",NA," "," "," ",NA," "," "," "
"4686","USC00413787",2011,1,"SNWD",NA," "," "," ",NA," "," "," ",NA," "," "," ",NA," "," "," ",NA," "," "," ",NA," "," "," ",NA," "," "," ",NA," "," "," ",NA," "," "," ",NA," "," "," ",NA," "," "," ",NA," "," "," ",NA," "," "," ",NA," "," "," ",NA," "," "," ",NA," "," "," ",NA," "," "," ",NA," "," "," ",NA," "," "," ",25," "," ","7",NA," "," "," ",NA," "," "," ",NA," "," "," ",NA," "," "," ",NA," "," "," ",NA," "," "," ",NA," "," "," ",NA," "," "," ",NA," "," "," ",NA," "," "," ",NA," "," "," "
"4687","USC00413787",2011,2,"TMAX",-33," "," ","7",-133," "," ","7",-106," "," ","7",-33," "," ","7",94," "," ","7",128," "," ","7",44," "," ","7",61," "," ","7",-28," "," ","7",-72," "," ","7",0," "," ","7",89," "," ","7",194," "," ","7",217," "," ","7",111," "," ","7",228," "," ","7",272," "," ","7",239," "," ","7",183," "," ","7",256," "," ","7",211," "," ","7",89," "," ","7",156," "," ","7",200," "," ","7",50," "," ","7",22," "," ","7",206," "," ","7",233," "," ","7",NA," "," "," ",NA," "," "," ",NA," "," "," "
"4688","USC00413787",2011,2,"TMIN",-178," "," ","7",-211," "," ","7",-211," "," ","7",-217," "," ","7",-156," "," ","7",0," "," ","7",-100," "," ","7",-100," "," ","7",-194," "," ","7",-194," "," ","7",-172," "," ","7",-94," "," ","7",-39," "," ","7",0," "," ","7",-11," "," ","7",-6," "," ","7",6," "," ","7",0," "," ","7",6," "," ","7",39," "," ","7",-78," "," ","7",-78," "," ","7",-61," "," ","7",6," "," ","7",-56," "," ","7",-61," "," ","7",-28," "," ","7",-67," "," ","7",NA," "," "," ",NA," "," "," ",NA," "," "," "
"4689","USC00413787",2011,2,"TOBS",-178," "," ","7",-206," "," ","7",-211," "," ","7",-156," "," ","7",22," "," ","7",0," "," ","7",-100," "," ","7",-28," "," ","7",-178," "," ","7",-172," "," ","7",-94," "," ","7",50," "," ","7",28," "," ","7",6," "," ","7",0," "," ","7",6," "," ","7",100," "," ","7",6," "," ","7",39," "," ","7",122," "," ","7",-78," "," ","7",-61," "," ","7",6," "," ","7",28," "," ","7",-56," "," ","7",-28," "," ","7",161," "," ","7",-61," "," ","7",NA," "," "," ",NA," "," "," ",NA," "," "," "
"4690","USC00413787",2011,2,"PRCP",13," "," ","7",0," "," ","7",0," "," ","7",0," "," ","7",0," "," ","7",0," "," ","7",0," "," ","7",0," "," ","7",38," "," ","7",0," "," ","7",0," "," ","7",0," "," ","7",0," "," ","7",0," "," ","7",0," "," ","7",0," "," ","7",0," "," ","7",0," "," ","7",0," "," ","7",0," "," ","7",0," "," ","7",0," "," ","7",0," "," ","7",0," "," ","7",0," "," ","7",0," "," ","7",0," "," ","7",0," "," ","7",NA," "," "," ",NA," "," "," ",NA," "," "," "
"4691","USC00413787",2011,2,"SNOW",25," "," ","7",NA," "," "," ",NA," "," "," ",NA," "," "," ",NA," "," "," ",NA," "," "," ",NA," "," "," ",NA," "," "," ",102," "," ","7",0," "," ","7",NA," "," "," ",NA," "," "," ",NA," "," "," ",NA," "," "," ",NA," "," "," ",NA," "," "," ",NA," "," "," ",NA," "," "," ",NA," "," "," ",NA," "," "," ",NA," "," "," ",NA," "," "," ",NA," "," "," ",NA," "," "," ",NA," "," "," ",NA," "," "," ",NA," "," "," ",NA," "," "," ",NA," "," "," ",NA," "," "," ",NA," "," "," "
"4692","USC00413787",2011,2,"SNWD",25," "," ","7",NA," "," "," ",NA," "," "," ",NA," "," "," ",NA," "," "," ",NA," "," "," ",NA," "," "," ",NA," "," "," ",102," "," ","7",51," "," ","7",NA," "," "," ",NA," "," "," ",NA," "," "," ",NA," "," "," ",NA," "," "," ",NA," "," "," ",NA," "," "," ",NA," "," "," ",NA," "," "," ",NA," "," "," ",NA," "," "," ",NA," "," "," ",NA," "," "," ",NA," "," "," ",NA," "," "," ",NA," "," "," ",NA," "," "," ",NA," "," "," ",NA," "," "," ",NA," "," "," ",NA," "," "," "
"4693","USC00413787",2011,3,"TMAX",161," "," ","7",233," "," ","7",139," "," ","7",233," "," ","7",167," "," ","7",139," "," ","7",183," "," ","7",100," "," ","7",44," "," ","7",144," "," ","7",200," "," ","7",289," "," ","7",156," "," ","7",144," "," ","7",144," "," ","7",194," "," ","7",283," "," ","7",283," "," ","7",200," "," ","7",200," "," ","7",283," "," ","7",294," "," ","7",217," "," ","7",194," "," ","7",167," "," ","7",211," "," ","7",100," "," ","7",44," "," ","7",61," "," ","7",133," "," ","7",172," "," ","7"
"4694","USC00413787",2011,3,"TMIN",-61," "," ","7",-11," "," ","7",-61," "," ","7",-33," "," ","7",-72," "," ","7",-11," "," ","7",22," "," ","7",-39," "," ","7",-56," "," ","7",-50," "," ","7",-61," "," ","7",17," "," ","7",-11," "," ","7",-6," "," ","7",0," "," ","7",6," "," ","7",6," "," ","7",33," "," ","7",33," "," ","7",56," "," ","7",100," "," ","7",100," "," ","7",-6," "," ","7",-17," "," ","7",-17," "," ","7",0," "," ","7",-11," "," ","7",-17," "," ","7",-17," "," ","7",-44," "," ","7",-50," "," ","7"
"4695","USC00413787",2011,3,"TOBS",-6," "," ","7",28," "," ","7",-33," "," ","7",39," "," ","7",-11," "," ","7",39," "," ","7",28," "," ","7",-33," "," ","7",-44," "," ","7",-39," "," ","7",72," "," ","7",111," "," ","7",72," "," ","7",0," "," ","7",22," "," ","7",6," "," ","7",100," "," ","7",33," "," ","7",56," "," ","7",117," "," ","7",100," "," ","7",133," "," ","7",-6," "," ","7",-17," "," ","7",6," "," ","7",28," "," ","7",-6," "," ","7",-17," "," ","7",11," "," ","7",-44," "," ","7",-11," "," ","7"
"4696","USC00413787",2011,3,"PRCP",0," "," ","7",0," "," ","7",0," "," ","7",0," "," ","7",0," "," ","7",0," "," ","7",0," "," ","7",0," "," ","7",13," "," ","7",0," "," ","7",0," "," ","7",0," "," ","7",0," "," ","7",0," "," ","7",0," "," ","7",0," "," ","7",0," "," ","7",0," "," ","7",56," "," ","7",0," "," ","7",0," "," ","7",0," "," ","7",0," "," ","7",0," "," ","7",0," "," ","7",0," "," ","7",0," "," ","7",0," "," ","7",0," "," ","7",0," "," ","7",0," "," ","7"
"4697","USC00413787",2011,4,"TMAX",228," "," ","7",239," "," ","7",311," "," ","7",322," "," ","7",133," "," ","7",267," "," ","7",217," "," ","7",272," "," ","7",300," "," ","7",322," "," ","7",211," "," ","7",217," "," ","7",250," "," ","7",256," "," ","7",189," "," ","7",156," "," ","7",233," "," ","7",300," "," ","7",322," "," ","7",222," "," ","7",178," "," ","7",272," "," ","7",261," "," ","7",183," "," ","7",194," "," ","7",200," "," ","7",194," "," ","7",156," "," ","7",244," "," ","7",333," "," ","7",NA," "," "," "
"4698","USC00413787",2011,4,"TMIN",-11," "," ","7",22," "," ","7",106," "," ","7",6," "," ","7",-11," "," ","7",-11," "," ","7",94," "," ","7",44," "," ","7",67," "," ","7",100," "," ","7",22," "," ","7",28," "," ","7",50," "," ","7",28," "," ","7",28," "," ","7",-17," "," ","7",0," "," ","7",78," "," ","7",72," "," ","7",50," "," ","7",44," "," ","7",67," "," ","7",106," "," ","7",17," "," ","7",67," "," ","7",28," "," ","7",50," "," ","7",28," "," ","7",39," "," ","7",39," "," ","7",NA," "," "," "
"4699","USC00413787",2011,4,"TOBS",56," "," ","7",111," "," ","7",150," "," ","7",11," "," ","7",-6," "," ","7",94," "," ","7",100," "," ","7",67," "," ","7",206," "," ","7",139," "," ","7",28," "," ","7",56," "," ","7",50," "," ","7",28," "," ","7",61," "," ","7",0," "," ","7",94," "," ","7",83," "," ","7",72," "," ","7",50," "," ","7",67," "," ","7",128," "," ","7",128," "," ","7",67," "," ","7",94," "," ","7",50," "," ","7",56," "," ","7",39," "," ","7",133," "," ","7",117," "," ","7",NA," "," "," "
"4700","USC00413787",2011,4,"PRCP",0," "," ","7",0," "," ","7",0," "," ","7",0," "," ","7",0," "," ","7",0," "," ","7",0," "," ","7",0," "," ","7",0," "," ","7",0," "," ","7",0," "," ","7",0," "," ","7",0," "," ","7",0," "," ","7",0," "," ","7",0," "," ","7",0," "," ","7",0," "," ","7",0," "," ","7",0," "," ","7",0," "," ","7",0," "," ","7",0," "," ","7",0," "," ","7",0," "," ","7",0," "," ","7",46," "," ","7",0," "," ","7",0," "," ","7",0," "," ","7",NA," "," "," "
"4701","USC00413787",2011,5,"TMAX",194," "," ","7",128," "," ","7",144," "," ","7",233," "," ","7",272," "," ","7",233," "," ","7",328," "," ","7",322," "," ","7",361," "," ","7",350," "," ","7",333," "," ","7",250," "," ","7",211," "," ","7",217," "," ","7",200," "," ","7",206," "," ","7",233," "," ","7",256," "," ","7",278," "," ","7",294," "," ","7",261," "," ","7",289," "," ","7",322," "," ","7",339," "," ","7",306," "," ","7",228," "," ","7",278," "," ","7",300," "," ","7",278," "," ","7",389," "," ","7",367," "," ","7"
"4702","USC00413787",2011,5,"TMIN",61," "," ","7",28," "," ","7",-6," "," ","7",17," "," ","7",50," "," ","7",50," "," ","7",67," "," ","7",94," "," ","7",106," "," ","7",94," "," ","7",89," "," ","7",61," "," ","7",67," "," ","7",33," "," ","7",33," "," ","7",39," "," ","7",50," "," ","7",83," "," ","7",100," "," ","7",122," "," ","7",100," "," ","7",117," "," ","7",144," "," ","7",111," "," ","7",133," "," ","7",61," "," ","7",67," "," ","7",161," "," ","7",122," "," ","7",144," "," ","7",100," "," ","7"
"4703","USC00413787",2011,5,"TOBS",83," "," ","7",39," "," ","7",17," "," ","7",100," "," ","7",89," "," ","7",89," "," ","7",189," "," ","7",211," "," ","7",133," "," ","7",156," "," ","7",122," "," ","7",72," "," ","7",78," "," ","7",33," "," ","7",94," "," ","7",50," "," ","7",117," "," ","7",100," "," ","7",122," "," ","7",139," "," ","7",144," "," ","7",178," "," ","7",156," "," ","7",133," "," ","7",150," "," ","7",67," "," ","7",167," "," ","7",178," "," ","7",200," "," ","7",272," "," ","7",122," "," ","7"
"4704","USC00413787",2011,5,"PRCP",0," "," ","7",0," "," ","7",0," "," ","7",0," "," ","7",0," "," ","7",0," "," ","7",0," "," ","7",0," "," ","7",0," "," ","7",0," "," ","7",432," "," ","7",0," "," ","7",0," "," ","7",0," "," ","7",0," "," ","7",0," "," ","7",0," "," ","7",0," "," ","7",0," "," ","7",0," "," ","7",0," "," ","7",0," "," ","7",0," "," ","7",0," "," ","7",0," "," ","7",0," "," ","7",0," "," ","7",0," "," ","7",0," "," ","7",0," "," ","7",0," "," ","7"
"4705","USC00413787",2011,6,"TMAX",306," "," ","7",339," "," ","7",356," "," ","7",350," "," ","7",344," "," ","7",350," "," ","7",350," "," ","7",383," "," ","7",389," "," ","7",322," "," ","7",278," "," ","7",333," "," ","7",372," "," ","7",406," "," ","7",333," "," ","7",356," "," ","7",411," "," ","7",350," "," ","7",350," "," ","7",394," "," ","7",283," "," ","7",311," "," ","7",356," "," ","7",406," "," ","7",400," "," ","7",378," "," ","7",428," "," ","7",317," "," ","7",356," "," ","7",400," "," ","7",NA," "," "," "
"4706","USC00413787",2011,6,"TMIN",122," "," ","7",128," "," ","7",217," "," ","7",167," "," ","7",128," "," ","7",172," "," ","7",183," "," ","7",150," "," ","7",156," "," ","7",128," "," ","7",133," "," ","7",167," "," ","7",194," "," ","7",183," "," ","7",161," "," ","7",178," "," ","7",156," "," ","7",156," "," ","7",167," "," ","7",189," "," ","7",156," "," ","7",156," "," ","7",167," "," ","7",183," "," ","7",183," "," ","7",167," "," ","7",211," "," ","7",189," "," ","7",200," "," ","7",211," "," ","7",NA," "," "," "
"4707","USC00413787",2011,6,"TOBS",178," "," ","7",239," "," ","7",217," "," ","7",233," "," ","7",178," "," ","7",183," "," ","7",228," "," ","7",156," "," ","7",211," "," ","7",133," "," ","7",167," "," ","7",194," "," ","7",244," "," ","7",200," "," ","7",178," "," ","7",233," "," ","7",189," "," ","7",211," "," ","7",233," "," ","7",206," "," ","7",161," "," ","7",172," "," ","7",183," "," ","7",233," "," ","7",256," "," ","7",322," "," ","7",217," "," ","7",200," "," ","7",228," "," ","7",233," "," ","7",NA," "," "," "
"4708","USC00413787",2011,6,"PRCP",0," "," ","7",0," "," ","7",0," "," ","7",0," "," ","7",0," "," ","7",0," "," ","7",0," "," ","7",0," "," ","7",0," "," ","7",0," "," ","7",0," "," ","7",0," "," ","7",0," "," ","7",0," "," ","7",0," "," ","7",0," "," ","7",0," "," ","7",0," "," ","7",0," "," ","7",0," "," ","7",0," "," ","7",0," "," ","7",0," "," ","7",0," "," ","7",0," "," ","7",0," "," ","7",0," "," ","7",0," "," ","7",0," "," ","7",0," "," ","7",NA," "," "," "
"4709","USC00413787",2011,7,"TMAX",378," "," ","7",367," "," ","7",367," "," ","7",383," "," ","7",356," "," ","7",389," "," ","7",389," "," ","7",356," "," ","7",383," "," ","7",417," "," ","7",389," "," ","7",367," "," ","7",372," "," ","7",361," "," ","7",372," "," ","7",394," "," ","7",389," "," ","7",367," "," ","7",372," "," ","7",383," "," ","7",400," "," ","7",383," "," ","7",383," "," ","7",383," "," ","7",372," "," ","7",372," "," ","7",400," "," ","7",400," "," ","7",394," "," ","7",322," "," ","7",383," "," ","7"
"4710","USC00413787",2011,7,"TMIN",211," "," ","7",189," "," ","7",206," "," ","7",144," "," ","7",178," "," ","7",183," "," ","7",194," "," ","7",211," "," ","7",211," "," ","7",222," "," ","7",194," "," ","7",194," "," ","7",211," "," ","7",222," "," ","7",211," "," ","7",206," "," ","7",222," "," ","7",211," "," ","7",222," "," ","7",222," "," ","7",222," "," ","7",194," "," ","7",200," "," ","7",206," "," ","7",217," "," ","7",206," "," ","7",211," "," ","7",233," "," ","7",200," "," ","7",200," "," ","7",200," "," ","7"
"4711","USC00413787",2011,7,"TOBS",222," "," ","7",256," "," ","7",261," "," ","7",206," "," ","7",200," "," ","7",194," "," ","7",217," "," ","7",217," "," ","7",222," "," ","7",250," "," ","7",211," "," ","7",211," "," ","7",228," "," ","7",233," "," ","7",233," "," ","7",333," "," ","7",228," "," ","7",228," "," ","7",233," "," ","7",244," "," ","7",228," "," ","7",211," "," ","7",244," "," ","7",256," "," ","7",222," "," ","7",217," "," ","7",244," "," ","7",244," "," ","7",217," "," ","7",200," "," ","7",278," "," ","7"
"4712","USC00413787",2011,7,"PRCP",0," "," ","7",0," "," ","7",3," "," ","7",84," "," ","7",0," "," ","7",0," "," ","7",0," "," ","7",0," "," ","7",0," "," ","7",0," "," ","7",0," "," ","7",0," "," ","7",0," "," ","7",0," "," ","7",0," "," ","7",0," "," ","7",0," "," ","7",0," "," ","7",0," "," ","7",0," "," ","7",0," "," ","7",0," "," ","7",0," "," ","7",0," "," ","7",20," "," ","7",0," "," ","7",0," "," ","7",5," "," ","7",0," "," ","7",0," "," ","7",0," "," ","7"
"4713","USC00413787",2011,8,"TMAX",372," "," ","7",378," "," ","7",394," "," ","7",350," "," ","7",367," "," ","7",378," "," ","7",367," "," ","7",400," "," ","7",400," "," ","7",372," "," ","7",372," "," ","7",311," "," ","7",367," "," ","7",322," "," ","7",350," "," ","7",383," "," ","7",367," "," ","7",350," "," ","7",389," "," ","7",389," "," ","7",339," "," ","7",344," "," ","7",389," "," ","7",383," "," ","7",406," "," ","7",372," "," ","7",394," "," ","7",389," "," ","7",400," "," ","7",356," "," ","7",389," "," ","7"
"4714","USC00413787",2011,8,"TMIN",206," "," ","7",211," "," ","7",211," "," ","7",206," "," ","7",200," "," ","7",183," "," ","7",189," "," ","7",139," "," ","7",139," "," ","7",183," "," ","7",183," "," ","7",178," "," ","7",172," "," ","7",189," "," ","7",183," "," ","7",194," "," ","7",206," "," ","7",194," "," ","7",200," "," ","7",183," "," ","7",217," "," ","7",206," "," ","7",222," "," ","7",200," "," ","7",189," "," ","7",194," "," ","7",206," "," ","7",222," "," ","7",222," "," ","7",211," "," ","7",189," "," ","7"
"4715","USC00413787",2011,8,"TOBS",228," "," ","7",217," "," ","7",211," "," ","7",206," "," ","7",211," "," ","7",206," "," ","7",261," "," ","7",217," "," ","7",183," "," ","7",206," "," ","7",183," "," ","7",194," "," ","7",189," "," ","7",278," "," ","7",194," "," ","7",228," "," ","7",206," "," ","7",200," "," ","7",250," "," ","7",217," "," ","7",217," "," ","7",233," "," ","7",239," "," ","7",211," "," ","7",194," "," ","7",206," "," ","7",222," "," ","7",256," "," ","7",222," "," ","7",211," "," ","7",189," "," ","7"
"4716","USC00413787",2011,8,"PRCP",0," "," ","7",0," "," ","7",0," "," ","7",46," "," ","7",63," "," ","7",13," "," ","7",0," "," ","7",0," "," ","7",0," "," ","7",51," "," ","7",33," "," ","7",0," "," ","7",0," "," ","7",0," "," ","7",0," "," ","7",0," "," ","7",28," "," ","7",0," "," ","7",0," "," ","7",97," "," ","7",0," "," ","7",0," "," ","7",0," "," ","7",0," "," ","7",0," "," ","7",0," "," ","7",0," "," ","7",0," "," ","7",0," "," ","7",0," "," ","7",0," "," ","7"
"4717","USC00413787",2011,9,"TMAX",400," "," ","7",378," "," ","7",372," "," ","7",344," "," ","7",256," "," ","7",267," "," ","7",311," "," ","7",228," "," ","7",283," "," ","7",278," "," ","7",289," "," ","7",317," "," ","7",367," "," ","7",317," "," ","7",228," "," ","7",111," "," ","7",256," "," ","7",317," "," ","7",278," "," ","7",294," "," ","7",272," "," ","7",278," "," ","7",222," "," ","7",306," "," ","7",356," "," ","7",272," "," ","7",289," "," ","7",300," "," ","7",356," "," ","7",272," "," ","7",NA," "," "," "
"4718","USC00413787",2011,9,"TMIN",189," "," ","7",194," "," ","7",206," "," ","7",144," "," ","7",72," "," ","7",117," "," ","7",117," "," ","7",139," "," ","7",100," "," ","7",94," "," ","7",94," "," ","7",156," "," ","7",156," "," ","7",150," "," ","7",106," "," ","7",94," "," ","7",111," "," ","7",128," "," ","7",117," "," ","7",133," "," ","7",117," "," ","7",83," "," ","7",89," "," ","7",94," "," ","7",111," "," ","7",133," "," ","7",128," "," ","7",122," "," ","7",128," "," ","7",72," "," ","7",NA," "," "," "
"4719","USC00413787",2011,9,"TOBS",239," "," ","7",206," "," ","7",206," "," ","7",150," "," ","7",156," "," ","7",117," "," ","7",144," "," ","7",144," "," ","7",100," "," ","7",183," "," ","7",194," "," ","7",172," "," ","7",161," "," ","7",150," "," ","7",106," "," ","7",111," "," ","7",200," "," ","7",156," "," ","7",133," "," ","7",139," "," ","7",117," "," ","7",89," "," ","7",94," "," ","7",189," "," ","7",183," "," ","7",133," "," ","7",133," "," ","7",128," "," ","7",144," "," ","7",72," "," ","7",NA," "," "," "
"4720","USC00413787",2011,9,"PRCP",0," "," ","7",0," "," ","7",0," "," ","7",0," "," ","7",0," "," ","7",0," "," ","7",0," "," ","7",13," "," ","7",0," "," ","7",0," "," ","7",0," "," ","7",0," "," ","7",0," "," ","7",94," "," ","7",43," "," ","7",51," "," ","7",0," "," ","7",0," "," ","7",0," "," ","7",0," "," ","7",0," "," ","7",211," "," ","7",0," "," ","7",0," "," ","7",0," "," ","7",0," "," ","7",0," "," ","7",0," "," ","7",0," "," ","7",0," "," ","7",NA," "," "," "
"4721","USC00413787",2011,10,"TMAX",272," "," ","7",300," "," ","7",328," "," ","7",328," "," ","7",283," "," ","7",211," "," ","7",261," "," ","7",289," "," ","7",189," "," ","7",167," "," ","7",244," "," ","7",267," "," ","7",239," "," ","7",261," "," ","7",228," "," ","7",289," "," ","7",222," "," ","7",200," "," ","7",156," "," ","7",178," "," ","7",211," "," ","7",256," "," ","7",239," "," ","7",272," "," ","7",294," "," ","7",300," "," ","7",94," "," ","7",94," "," ","7",156," "," ","7",211," "," ","7",183," "," ","7"
"4722","USC00413787",2011,10,"TMIN",72," "," ","7",117," "," ","7",133," "," ","7",106," "," ","7",106," "," ","7",117," "," ","7",139," "," ","7",122," "," ","7",72," "," ","7",50," "," ","7",94," "," ","7",72," "," ","7",39," "," ","7",39," "," ","7",61," "," ","7",100," "," ","7",50," "," ","7",22," "," ","7",0," "," ","7",22," "," ","7",22," "," ","7",22," "," ","7",50," "," ","7",83," "," ","7",89," "," ","7",61," "," ","7",0," "," ","7",-39," "," ","7",-22," "," ","7",17," "," ","7",17," "," ","7"
"4723","USC00413787",2011,10,"TOBS",272," "," ","7",144," "," ","7",156," "," ","7",106," "," ","7",117," "," ","7",139," "," ","7",183," "," ","7",122," "," ","7",72," "," ","7",94," "," ","7",117," "," ","7",72," "," ","7",39," "," ","7",67," "," ","7",167," "," ","7",167," "," ","7",50," "," ","7",28," "," ","7",33," "," ","7",33," "," ","7",22," "," ","7",50," "," ","7",111," "," ","7",94," "," ","7",128," "," ","7",61," "," ","7",17," "," ","7",-22," "," ","7",17," "," ","7",39," "," ","7",17," "," ","7"
"4724","USC00413787",2011,10,"PRCP",0," "," ","7",0," "," ","7",0," "," ","7",0," "," ","7",0," "," ","7",0," "," ","7",0," "," ","7",84," "," ","7",0," "," ","7",0," "," ","7",0," "," ","7",5," "," ","7",0," "," ","7",0," "," ","7",0," "," ","7",0," "," ","7",0," "," ","7",0," "," ","7",0," "," ","7",0," "," ","7",0," "," ","7",0," "," ","7",0," "," ","7",0," "," ","7",0," "," ","7",0," "," ","7",5," "," ","7",0," "," ","7",0," "," ","7",0," "," ","7",0," "," ","7"
"4725","USC00413787",2011,11,"TMAX",250," "," ","7",278," "," ","7",33," "," ","7",122," "," ","7",189," "," ","7",189," "," ","7",156," "," ","7",89," "," ","7",44," "," ","7",117," "," ","7",172," "," ","7",200," "," ","7",239," "," ","7",194," "," ","7",161," "," ","7",178," "," ","7",78," "," ","7",128," "," ","7",222," "," ","7",206," "," ","7",78," "," ","7",44," "," ","7",194," "," ","7",211," "," ","7",217," "," ","7",178," "," ","7",78," "," ","7",117," "," ","7",217," "," ","7",94," "," ","7",NA," "," "," "
"4726","USC00413787",2011,11,"TMIN",17," "," ","7",17," "," ","7",-67," "," ","7",-67," "," ","7",-6," "," ","7",0," "," ","7",0," "," ","7",33," "," ","7",-11," "," ","7",-33," "," ","7",-28," "," ","7",-17," "," ","7",106," "," ","7",72," "," ","7",-11," "," ","7",6," "," ","7",-78," "," ","7",-61," "," ","7",50," "," ","7",-39," "," ","7",-28," "," ","7",-11," "," ","7",-11," "," ","7",11," "," ","7",44," "," ","7",17," "," ","7",-67," "," ","7",-50," "," ","7",-44," "," ","7",-33," "," ","7",NA," "," "," "
"4727","USC00413787",2011,11,"TOBS",56," "," ","7",33," "," ","7",-67," "," ","7",0," "," ","7",56," "," ","7",100," "," ","7",39," "," ","7",33," "," ","7",6," "," ","7",-22," "," ","7",-17," "," ","7",167," "," ","7",144," "," ","7",72," "," ","7",6," "," ","7",17," "," ","7",-61," "," ","7",50," "," ","7",133," "," ","7",-11," "," ","7",-11," "," ","7",11," "," ","7",11," "," ","7",44," "," ","7",100," "," ","7",17," "," ","7",-22," "," ","7",-44," "," ","7",28," "," ","7",-17," "," ","7",NA," "," "," "
"4728","USC00413787",2011,11,"PRCP",0," "," ","7",0," "," ","7",25," "," ","7",0," "," ","7",0," "," ","7",0," "," ","7",0," "," ","7",84," "," ","7",20," "," ","7",0," "," ","7",0," "," ","7",0," "," ","7",0," "," ","7",0," "," ","7",0," "," ","7",0," "," ","7",0," "," ","7",0," "," ","7",0," "," ","7",0," "," ","7",0," "," ","7",46," "," ","7",0," "," ","7",0," "," ","7",0," "," ","7",8," "," ","7",0," "," ","7",0," "," ","7",0," "," ","7",0," "," ","7",NA," "," "," "
"4729","USC00413787",2011,12,"TMAX",206," "," ","7",22," "," ","7",11," "," ","7",28," "," ","7",17," "," ","7",-72," "," ","7",-50," "," ","7",94," "," ","7",44," "," ","7",-28," "," ","7",39," "," ","7",61," "," ","7",94," "," ","7",67," "," ","7",122," "," ","7",61," "," ","7",100," "," ","7",133," "," ","7",161," "," ","7",78," "," ","7",-22," "," ","7",6," "," ","7",-17," "," ","7",-6," "," ","7",28," "," ","7",11," "," ","7",33," "," ","7",72," "," ","7",78," "," ","7",156," "," ","7",133," "," ","7"
"4730","USC00413787",2011,12,"TMIN",-17," "," ","7",-50," "," ","7",-50," "," ","7",-89," "," ","7",-89," "," ","7",-167," "," ","7",-167," "," ","7",-83," "," ","7",-67," "," ","7",-61," "," ","7",-61," "," ","7",28," "," ","7",44," "," ","7",44," "," ","7",-6," "," ","7",-44," "," ","7",-61," "," ","7",-6," "," ","7",56," "," ","7",-50," "," ","7",-106," "," ","7",-106," "," ","7",-139," "," ","7",-122," "," ","7",-72," "," ","7",-106," "," ","7",-61," "," ","7",-61," "," ","7",-28," "," ","7",-22," "," ","7",0," "," ","7"
"4731","USC00413787",2011,12,"TOBS",6," "," ","7",-50," "," ","7",6," "," ","7",-11," "," ","7",-89," "," ","7",-161," "," ","7",-83," "," ","7",-61," "," ","7",-50," "," ","7",-61," "," ","7",28," "," ","7",44," "," ","7",44," "," ","7",44," "," ","7",-6," "," ","7",-44," "," ","7",-6," "," ","7",78," "," ","7",72," "," ","7",-44," "," ","7",-106," "," ","7",-22," "," ","7",-67," "," ","7",-56," "," ","7",-50," "," ","7",6," "," ","7",-56," "," ","7",-22," "," ","7",-22," "," ","7",0," "," ","7",83," "," ","7"
"4732","USC00413787",2011,12,"PRCP",0," "," ","7",0," "," ","7",63," "," ","7",0," "," ","7",0," "," ","7",15," "," ","7",0," "," ","7",0," "," ","7",0," "," ","7",0," "," ","7",0," "," ","7",0," "," ","7",0," "," ","7",30," "," ","7",0," "," ","7",0," "," ","7",0," "," ","7",0," "," ","7",0," "," ","7",429," "," ","7",0," "," ","7",0," "," ","7",0," "," ","7",0," "," ","7",0," "," ","7",0," "," ","7",0," "," ","7",0," "," ","7",0," "," ","7",0," "," ","7",0," "," ","7"
"4733","USC00413787",2011,12,"SNOW",NA," "," "," ",NA," "," "," ",NA," "," "," ",NA," "," "," ",NA," "," "," ",25," "," ","7",NA," "," "," ",NA," "," "," ",NA," "," "," ",NA," "," "," ",NA," "," "," ",NA," "," "," ",NA," "," "," ",NA," "," "," ",NA," "," "," ",NA," "," "," ",NA," "," "," ",NA," "," "," ",NA," "," "," ",152," "," ","7",NA," "," "," ",NA," "," "," ",NA," "," "," ",NA," "," "," ",NA," "," "," ",NA," "," "," ",NA," "," "," ",NA," "," "," ",NA," "," "," ",NA," "," "," ",NA," "," "," "
"4734","USC00413787",2011,12,"SNWD",NA," "," "," ",NA," "," "," ",NA," "," "," ",NA," "," "," ",NA," "," "," ",25," "," ","7",NA," "," "," ",NA," "," "," ",NA," "," "," ",NA," "," "," ",NA," "," "," ",NA," "," "," ",NA," "," "," ",NA," "," "," ",NA," "," "," ",NA," "," "," ",NA," "," "," ",NA," "," "," ",NA," "," "," ",152," "," ","7",76," "," ","7",25," "," ","7",NA," "," "," ",NA," "," "," ",NA," "," "," ",NA," "," "," ",NA," "," "," ",NA," "," "," ",NA," "," "," ",NA," "," "," ",NA," "," "," "
"4735","USC00413787",2012,1,"TMAX",200," "," ","7",78," "," ","7",100," "," ","7",183," "," ","7",144," "," ","7",206," "," ","7",128," "," ","7",94," "," ","7",67," "," ","7",111," "," ","7",156," "," ","7",39," "," ","7",67," "," ","7",128," "," ","7",122," "," ","7",189," "," ","7",200," "," ","7",28," "," ","7",161," "," ","7",156," "," ","7",161," "," ","7",172," "," ","7",139," "," ","7",133," "," ","7",111," "," ","7",122," "," ","7",156," "," ","7",111," "," ","7",100," "," ","7",167," "," ","7",217," "," ","7"
"4736","USC00413787",2012,1,"TMIN",-39," "," ","7",-61," "," ","7",-56," "," ","7",-33," "," ","7",-39," "," ","7",-33," "," ","7",-56," "," ","7",-50," "," ","7",-67," "," ","7",-56," "," ","7",-39," "," ","7",-94," "," ","7",-100," "," ","7",-83," "," ","7",-22," "," ","7",44," "," ","7",-78," "," ","7",-83," "," ","7",-78," "," ","7",0," "," ","7",-89," "," ","7",-50," "," ","7",-67," "," ","7",-72," "," ","7",-33," "," ","7",-39," "," ","7",22," "," ","7",-106," "," ","7",-61," "," ","7",-56," "," ","7",-28," "," ","7"
"4737","USC00413787",2012,1,"TOBS",-39," "," ","7",-56," "," ","7",-33," "," ","7",-6," "," ","7",-28," "," ","7",-6," "," ","7",39," "," ","7",-11," "," ","7",-50," "," ","7",-39," "," ","7",6," "," ","7",-89," "," ","7",-78," "," ","7",22," "," ","7",44," "," ","7",67," "," ","7",-78," "," ","7",-72," "," ","7",11," "," ","7",44," "," ","7",-50," "," ","7",89," "," ","7",-67," "," ","7",17," "," ","7",-33," "," ","7",22," "," ","7",33," "," ","7",39," "," ","7",78," "," ","7",-28," "," ","7",17," "," ","7"
"4738","USC00413787",2012,1,"PRCP",0," "," ","7",0," "," ","7",0," "," ","7",0," "," ","7",0," "," ","7",0," "," ","7",0," "," ","7",0," "," ","7",0," "," ","7",0," "," ","7",0," "," ","7",0," "," ","7",0," "," ","7",0," "," ","7",0," "," ","7",0," "," ","7",0," "," ","7",0," "," ","7",0," "," ","7",0," "," ","7",0," "," ","7",0," "," ","7",0," "," ","7",0," "," ","7",0," "," ","7",0," "," ","7",0," "," ","7",0," "," ","7",0," "," ","7",0," "," ","7",0," "," ","7"
"4739","USC00413787",2012,2,"TMAX",161," "," ","7",172," "," ","7",128," "," ","7",39," "," ","7",39," "," ","7",72," "," ","7",94," "," ","7",0," "," ","7",33," "," ","7",0," "," ","7",56," "," ","7",-56," "," ","7",-28," "," ","7",144," "," ","7",122," "," ","7",67," "," ","7",100," "," ","7",111," "," ","7",111," "," ","7",117," "," ","7",100," "," ","7",161," "," ","7",239," "," ","7",117," "," ","7",122," "," ","7",183," "," ","7",139," "," ","7",106," "," ","7",217," "," ","7",NA," "," "," ",NA," "," "," "
"4740","USC00413787",2012,2,"TMIN",-33," "," ","7",-22," "," ","7",11," "," ","7",-6," "," ","7",-72," "," ","7",-44," "," ","7",-28," "," ","7",-89," "," ","7",-72," "," ","7",-44," "," ","7",-94," "," ","7",-89," "," ","7",-89," "," ","7",-39," "," ","7",-44," "," ","7",-61," "," ","7",-61," "," ","7",-22," "," ","7",-22," "," ","7",-22," "," ","7",-56," "," ","7",-39," "," ","7",33," "," ","7",-72," "," ","7",-67," "," ","7",-6," "," ","7",0," "," ","7",39," "," ","7",-28," "," ","7",NA," "," "," ",NA," "," "," "
"4741","USC00413787",2012,2,"TOBS",-22," "," ","7",17," "," ","7",33," "," ","7",6," "," ","7",22," "," ","7",-22," "," ","7",-17," "," ","7",-72," "," ","7",-39," "," ","7",-39," "," ","7",-89," "," ","7",-72," "," ","7",-39," "," ","7",-39," "," ","7",-6," "," ","7",-56," "," ","7",-6," "," ","7",-17," "," ","7",72," "," ","7",50," "," ","7",-33," "," ","7",33," "," ","7",78," "," ","7",-67," "," ","7",-6," "," ","7",33," "," ","7",39," "," ","7",106," "," ","7",-22," "," ","7",NA," "," "," ",NA," "," "," "
"4742","USC00413787",2012,2,"PRCP",0," "," ","7",0," "," ","7",178," "," ","7",0," "," ","7",0," "," ","7",0," "," ","7",18," "," ","7",0," "," ","7",0," "," ","7",33," "," ","7",0," "," ","7",0," "," ","7",20," "," ","7",0," "," ","7",0," "," ","7",0," "," ","7",0," "," ","7",0," "," ","7",0," "," ","7",0," "," ","7",0," "," ","7",0," "," ","7",0," "," ","7",0," "," ","7",0," "," ","7",0," "," ","7",0," "," ","7",20," "," ","7",0," "," ","7",NA," "," "," ",NA," "," "," "
"4743","USC00413787",2012,2,"SNOW",NA," "," "," ",NA," "," "," ",NA," "," "," ",NA," "," "," ",NA," "," "," ",NA," "," "," ",25," "," ","7",NA," "," "," ",NA," "," "," ",51," "," ","7",NA," "," "," ",NA," "," "," ",25," "," ","7",NA," "," "," ",NA," "," "," ",NA," "," "," ",NA," "," "," ",NA," "," "," ",NA," "," "," ",NA," "," "," ",NA," "," "," ",NA," "," "," ",NA," "," "," ",NA," "," "," ",NA," "," "," ",NA," "," "," ",NA," "," "," ",NA," "," "," ",NA," "," "," ",NA," "," "," ",NA," "," "," "
"4744","USC00413787",2012,2,"SNWD",NA," "," "," ",NA," "," "," ",NA," "," "," ",NA," "," "," ",NA," "," "," ",NA," "," "," ",25," "," ","7",NA," "," "," ",NA," "," "," ",51," "," ","7",NA," "," "," ",NA," "," "," ",NA," "," "," ",NA," "," "," ",NA," "," "," ",NA," "," "," ",NA," "," "," ",NA," "," "," ",NA," "," "," ",NA," "," "," ",NA," "," "," ",NA," "," "," ",NA," "," "," ",NA," "," "," ",NA," "," "," ",NA," "," "," ",NA," "," "," ",NA," "," "," ",NA," "," "," ",NA," "," "," ",NA," "," "," "
"4745","USC00413787",2012,3,"TMAX",178," "," ","7",217," "," ","7",217," "," ","7",144," "," ","7",200," "," ","7",239," "," ","7",278," "," ","7",189," "," ","7",83," "," ","7",133," "," ","7",56," "," ","7",150," "," ","7",250," "," ","7",283," "," ","7",289," "," ","7",283," "," ","7",300," "," ","7",300," "," ","7",278," "," ","7",161," "," ","7",150," "," ","7",83," "," ","7",139," "," ","7",222," "," ","7",278," "," ","7",300," "," ","7",272," "," ","7",278," "," ","7",289," "," ","7",306," "," ","7",250," "," ","7"
"4746","USC00413787",2012,3,"TMIN",-22," "," ","7",-33," "," ","7",-61," "," ","7",-44," "," ","7",-6," "," ","7",11," "," ","7",50," "," ","7",11," "," ","7",-6," "," ","7",6," "," ","7",11," "," ","7",28," "," ","7",28," "," ","7",39," "," ","7",28," "," ","7",22," "," ","7",39," "," ","7",128," "," ","7",100," "," ","7",-39," "," ","7",-50," "," ","7",17," "," ","7",28," "," ","7",33," "," ","7",122," "," ","7",111," "," ","7",117," "," ","7",72," "," ","7",67," "," ","7",106," "," ","7",83," "," ","7"
"4747","USC00413787",2012,3,"TOBS",28," "," ","7",-22," "," ","7",61," "," ","7",144," "," ","7",11," "," ","7",50," "," ","7",94," "," ","7",17," "," ","7",6," "," ","7",56," "," ","7",33," "," ","7",33," "," ","7",44," "," ","7",67," "," ","7",28," "," ","7",39," "," ","7",128," "," ","7",150," "," ","7",100," "," ","7",-39," "," ","7",50," "," ","7",28," "," ","7",33," "," ","7",183," "," ","7",172," "," ","7",117," "," ","7",117," "," ","7",72," "," ","7",106," "," ","7",144," "," ","7",133," "," ","7"
"4748","USC00413787",2012,3,"PRCP",0," "," ","7",0," "," ","7",0," "," ","7",0," "," ","7",0," "," ","7",0," "," ","7",0," "," ","7",0," "," ","7",0," "," ","7",0," "," ","7",0," "," ","7",38," "," ","7",0," "," ","7",0," "," ","7",0," "," ","7",0," "," ","7",0," "," ","7",0," "," ","7",0," "," ","7",0," "," ","7",114," "," ","7",221," "," ","7",0," "," ","7",0," "," ","7",0," "," ","7",0," "," ","7",0," "," ","7",0," "," ","7",0," "," ","7",0," "," ","7",0," "," ","7"
"4749","USC00413787",2012,4,"TMAX",311," "," ","7",333," "," ","7",256," "," ","7",94," "," ","7",128," "," ","7",183," "," ","7",211," "," ","7",178," "," ","7",222," "," ","7",278," "," ","7",283," "," ","7",194," "," ","7",244," "," ","7",239," "," ","7",283," "," ","7",178," "," ","7",194," "," ","7",250," "," ","7",283," "," ","7",228," "," ","7",206," "," ","7",283," "," ","7",217," "," ","7",272," "," ","7",344," "," ","7",361," "," ","7",300," "," ","7",283," "," ","7",283," "," ","7",250," "," ","7",NA," "," "," "
"4750","USC00413787",2012,4,"TMIN",94," "," ","7",100," "," ","7",56," "," ","7",0," "," ","7",6," "," ","7",44," "," ","7",44," "," ","7",11," "," ","7",106," "," ","7",89," "," ","7",106," "," ","7",128," "," ","7",89," "," ","7",89," "," ","7",56," "," ","7",28," "," ","7",28," "," ","7",39," "," ","7",94," "," ","7",78," "," ","7",56," "," ","7",78," "," ","7",50," "," ","7",78," "," ","7",111," "," ","7",122," "," ","7",122," "," ","7",78," "," ","7",78," "," ","7",111," "," ","7",NA," "," "," "
"4751","USC00413787",2012,4,"TOBS",161," "," ","7",106," "," ","7",67," "," ","7",6," "," ","7",50," "," ","7",111," "," ","7",100," "," ","7",172," "," ","7",117," "," ","7",106," "," ","7",133," "," ","7",133," "," ","7",89," "," ","7",161," "," ","7",83," "," ","7",28," "," ","7",39," "," ","7",94," "," ","7",111," "," ","7",78," "," ","7",150," "," ","7",150," "," ","7",78," "," ","7",111," "," ","7",122," "," ","7",172," "," ","7",128," "," ","7",144," "," ","7",178," "," ","7",128," "," ","7",NA," "," "," "
"4752","USC00413787",2012,4,"PRCP",0," "," ","7",0," "," ","7",0," "," ","7",3," "," ","7",0," "," ","7",0," "," ","7",0," "," ","7",0," "," ","7",0," "," ","7",0," "," ","7",152," "," ","7",226," "," ","7",0," "," ","7",0," "," ","7",0," "," ","7",0," "," ","7",0," "," ","7",0," "," ","7",0," "," ","7",0," "," ","7",0," "," ","7",0," "," ","7",0," "," ","7",0," "," ","7",0," "," ","7",0," "," ","7",15," "," ","7",0," "," ","7",8," "," ","7",102," "," ","7",NA," "," "," "
"4753","USC00413787",2012,5,"TMAX",256," "," ","7",339," "," ","7",350," "," ","7",322," "," ","7",356," "," ","7",361," "," ","7",178," "," ","7",172," "," ","7",211," "," ","7",256," "," ","7",256," "," ","7",194," "," ","7",183," "," ","7",217," "," ","7",233," "," ","7",306," "," ","7",306," "," ","7",317," "," ","7",367," "," ","7",289," "," ","7",239," "," ","7",278," "," ","7",333," "," ","7",383," "," ","7",306," "," ","7",372," "," ","7",344," "," ","7",344," "," ","7",311," "," ","7",344," "," ","7",328," "," ","7"
"4754","USC00413787",2012,5,"TMIN",128," "," ","7",117," "," ","7",100," "," ","7",122," "," ","7",106," "," ","7",106," "," ","7",111," "," ","7",89," "," ","7",67," "," ","7",94," "," ","7",111," "," ","7",78," "," ","7",100," "," ","7",89," "," ","7",94," "," ","7",89," "," ","7",100," "," ","7",139," "," ","7",139," "," ","7",100," "," ","7",128," "," ","7",144," "," ","7",156," "," ","7",128," "," ","7",133," "," ","7",150," "," ","7",189," "," ","7",106," "," ","7",117," "," ","7",144," "," ","7",139," "," ","7"
"4755","USC00413787",2012,5,"TOBS",156," "," ","7",133," "," ","7",144," "," ","7",139," "," ","7",283," "," ","7",167," "," ","7",117," "," ","7",106," "," ","7",94," "," ","7",117," "," ","7",122," "," ","7",128," "," ","7",183," "," ","7",100," "," ","7",111," "," ","7",100," "," ","7",139," "," ","7",156," "," ","7",194," "," ","7",128," "," ","7",161," "," ","7",156," "," ","7",189," "," ","7",133," "," ","7",150," "," ","7",261," "," ","7",250," "," ","7",206," "," ","7",144," "," ","7",167," "," ","7",139," "," ","7"
"4756","USC00413787",2012,5,"PRCP",0," "," ","7",0," "," ","7",0," "," ","7",0," "," ","7",0," "," ","7",0," "," ","7",0," "," ","7",0," "," ","7",0," "," ","7",0," "," ","7",0," "," ","7",0," "," ","7",0," "," ","7",0," "," ","7",0," "," ","7",0," "," ","7",0," "," ","7",0," "," ","7",0," "," ","7",0," "," ","7",0," "," ","7",0," "," ","7",0," "," ","7",0," "," ","7",0," "," ","7",0," "," ","7",38," "," ","7",0," "," ","7",0," "," ","7",0," "," ","7",0," "," ","7"
"4757","USC00413787",2012,6,"TMAX",267," "," ","7",306," "," ","7",333," "," ","7",339," "," ","7",344," "," ","7",294," "," ","7",294," "," ","7",250," "," ","7",294," "," ","7",356," "," ","7",317," "," ","7",306," "," ","7",294," "," ","7",306," "," ","7",361," "," ","7",317," "," ","7",328," "," ","7",339," "," ","7",372," "," ","7",356," "," ","7",344," "," ","7",350," "," ","7",350," "," ","7",378," "," ","7",389," "," ","7",400," "," ","7",411," "," ","7",417," "," ","7",411," "," ","7",400," "," ","7",NA," "," "," "
"4758","USC00413787",2012,6,"TMIN",128," "," ","7",50," "," ","7",161," "," ","7",189," "," ","7",172," "," ","7",172," "," ","7",167," "," ","7",156," "," ","7",161," "," ","7",178," "," ","7",156," "," ","7",172," "," ","7",106," "," ","7",128," "," ","7",178," "," ","7",172," "," ","7",161," "," ","7",211," "," ","7",211," "," ","7",217," "," ","7",172," "," ","7",172," "," ","7",172," "," ","7",178," "," ","7",161," "," ","7",189," "," ","7",217," "," ","7",217," "," ","7",233," "," ","7",211," "," ","7",NA," "," "," "
"4759","USC00413787",2012,6,"TOBS",139," "," ","7",178," "," ","7",200," "," ","7",211," "," ","7",178," "," ","7",178," "," ","7",167," "," ","7",161," "," ","7",200," "," ","7",211," "," ","7",172," "," ","7",189," "," ","7",167," "," ","7",211," "," ","7",178," "," ","7",211," "," ","7",261," "," ","7",222," "," ","7",233," "," ","7",222," "," ","7",172," "," ","7",200," "," ","7",272," "," ","7",261," "," ","7",189," "," ","7",222," "," ","7",250," "," ","7",233," "," ","7",244," "," ","7",306," "," ","7",NA," "," "," "
"4760","USC00413787",2012,6,"PRCP",0," "," ","7",0," "," ","7",51," "," ","7",0," "," ","7",0," "," ","7",76," "," ","7",0," "," ","7",0," "," ","7",0," "," ","7",0," "," ","7",0," "," ","7",0," "," ","7",193," "," ","7",0," "," ","7",0," "," ","7",0," "," ","7",38," "," ","7",0," "," ","7",0," "," ","7",0," "," ","7",201," "," ","7",0," "," ","7",0," "," ","7",0," "," ","7",0," "," ","7",0," "," ","7",0," "," ","7",0," "," ","7",0," "," ","7",0," "," ","7",NA," "," "," "
"4761","USC00413787",2012,7,"TMAX",400," "," ","7",350," "," ","7",350," "," ","7",344," "," ","7",361," "," ","7",361," "," ","7",361," "," ","7",367," "," ","7",350," "," ","7",294," "," ","7",272," "," ","7",328," "," ","7",344," "," ","7",367," "," ","7",361," "," ","7",344," "," ","7",372," "," ","7",372," "," ","7",378," "," ","7",383," "," ","7",383," "," ","7",389," "," ","7",372," "," ","7",383," "," ","7",367," "," ","7",383," "," ","7",361," "," ","7",361," "," ","7",367," "," ","7",394," "," ","7",400," "," ","7"
"4762","USC00413787",2012,7,"TMIN",189," "," ","7",189," "," ","7",206," "," ","7",217," "," ","7",211," "," ","7",194," "," ","7",183," "," ","7",189," "," ","7",183," "," ","7",139," "," ","7",183," "," ","7",172," "," ","7",183," "," ","7",200," "," ","7",194," "," ","7",194," "," ","7",183," "," ","7",194," "," ","7",194," "," ","7",194," "," ","7",211," "," ","7",200," "," ","7",206," "," ","7",222," "," ","7",239," "," ","7",206," "," ","7",189," "," ","7",200," "," ","7",200," "," ","7",200," "," ","7",194," "," ","7"
"4763","USC00413787",2012,7,"TOBS",289," "," ","7",206," "," ","7",222," "," ","7",261," "," ","7",228," "," ","7",211," "," ","7",189," "," ","7",239," "," ","7",189," "," ","7",183," "," ","7",194," "," ","7",183," "," ","7",206," "," ","7",278," "," ","7",256," "," ","7",206," "," ","7",206," "," ","7",211," "," ","7",206," "," ","7",217," "," ","7",289," "," ","7",300," "," ","7",222," "," ","7",239," "," ","7",250," "," ","7",206," "," ","7",206," "," ","7",283," "," ","7",300," "," ","7",222," "," ","7",200," "," ","7"
"4764","USC00413787",2012,7,"PRCP",64," "," ","7",0," "," ","7",0," "," ","7",0," "," ","7",0," "," ","7",0," "," ","7",0," "," ","7",0," "," ","7",81," "," ","7",0," "," ","7",0," "," ","7",0," "," ","7",0," "," ","7",0," "," ","7",13," "," ","7",0," "," ","7",0," "," ","7",0," "," ","7",0," "," ","7",0," "," ","7",0," "," ","7",0," "," ","7",0," "," ","7",0," "," ","7",0," "," ","7",0," "," ","7",0," "," ","7",0," "," ","7",0," "," ","7",0," "," ","7",0," "," ","7"
"4765","USC00413787",2012,8,"TMAX",400," "," ","7",411," "," ","7",400," "," ","7",411," "," ","7",311," "," ","7",311," "," ","7",383," "," ","7",389," "," ","7",361," "," ","7",361," "," ","7",328," "," ","7",400," "," ","7",344," "," ","7",361," "," ","7",339," "," ","7",367," "," ","7",283," "," ","7",317," "," ","7",317," "," ","7",283," "," ","7",317," "," ","7",278," "," ","7",294," "," ","7",328," "," ","7",356," "," ","7",311," "," ","7",333," "," ","7",339," "," ","7",333," "," ","7",328," "," ","7",344," "," ","7"
"4766","USC00413787",2012,8,"TMIN",200," "," ","7",200," "," ","7",211," "," ","7",217," "," ","7",167," "," ","7",167," "," ","7",194," "," ","7",189," "," ","7",183," "," ","7",156," "," ","7",161," "," ","7",206," "," ","7",144," "," ","7",144," "," ","7",139," "," ","7",139," "," ","7",150," "," ","7",156," "," ","7",150," "," ","7",139," "," ","7",144," "," ","7",150," "," ","7",161," "," ","7",167," "," ","7",106," "," ","7",150," "," ","7",161," "," ","7",161," "," ","7",122," "," ","7",122," "," ","7",133," "," ","7"
"4767","USC00413787",2012,8,"TOBS",233," "," ","7",211," "," ","7",222," "," ","7",256," "," ","7",172," "," ","7",222," "," ","7",206," "," ","7",200," "," ","7",183," "," ","7",161," "," ","7",239," "," ","7",261," "," ","7",144," "," ","7",194," "," ","7",139," "," ","7",183," "," ","7",161," "," ","7",278," "," ","7",261," "," ","7",144," "," ","7",172," "," ","7",161," "," ","7",194," "," ","7",194," "," ","7",167," "," ","7",211," "," ","7",161," "," ","7",167," "," ","7",122," "," ","7",133," "," ","7",150," "," ","7"
"4768","USC00413787",2012,8,"PRCP",0," "," ","7",0," "," ","7",20," "," ","7",0," "," ","7",58," "," ","7",0," "," ","7",0," "," ","7",0," "," ","7",0," "," ","7",0," "," ","7",0," "," ","7",0," "," ","7",0," "," ","7",15," "," ","7",0," "," ","7",0," "," ","7",0," "," ","7",0," "," ","7",0," "," ","7",8," "," ","7",0," "," ","7",0," "," ","7",0," "," ","7",10," "," ","7",0," "," ","7",0," "," ","7",0," "," ","7",0," "," ","7",0," "," ","7",0," "," ","7",0," "," ","7"
"4769","USC00413787",2012,9,"TMAX",344," "," ","7",361," "," ","7",383," "," ","7",378," "," ","7",383," "," ","7",350," "," ","7",350," "," ","7",261," "," ","7",272," "," ","7",306," "," ","7",317," "," ","7",361," "," ","7",278," "," ","7",161," "," ","7",211," "," ","7",250," "," ","7",278," "," ","7",244," "," ","7",261," "," ","7",328," "," ","7",306," "," ","7",311," "," ","7",306," "," ","7",317," "," ","7",317," "," ","7",322," "," ","7",289," "," ","7",256," "," ","7",228," "," ","7",233," "," ","7",NA," "," "," "
"4770","USC00413787",2012,9,"TMIN",133," "," ","7",150," "," ","7",150," "," ","7",189," "," ","7",189," "," ","7",156," "," ","7",156," "," ","7",106," "," ","7",117," "," ","7",111," "," ","7",111," "," ","7",183," "," ","7",106," "," ","7",50," "," ","7",56," "," ","7",72," "," ","7",89," "," ","7",61," "," ","7",67," "," ","7",100," "," ","7",128," "," ","7",128," "," ","7",89," "," ","7",150," "," ","7",144," "," ","7",133," "," ","7",139," "," ","7",133," "," ","7",133," "," ","7",122," "," ","7",NA," "," "," "
"4771","USC00413787",2012,9,"TOBS",150," "," ","7",217," "," ","7",189," "," ","7",211," "," ","7",194," "," ","7",156," "," ","7",194," "," ","7",139," "," ","7",217," "," ","7",117," "," ","7",189," "," ","7",206," "," ","7",106," "," ","7",61," "," ","7",139," "," ","7",178," "," ","7",89," "," ","7",67," "," ","7",100," "," ","7",128," "," ","7",133," "," ","7",161," "," ","7",150," "," ","7",178," "," ","7",161," "," ","7",139," "," ","7",150," "," ","7",133," "," ","7",161," "," ","7",150," "," ","7",NA," "," "," "
"4772","USC00413787",2012,9,"PRCP",0," "," ","7",0," "," ","7",0," "," ","7",0," "," ","7",0," "," ","7",5," "," ","7",89," "," ","7",0," "," ","7",0," "," ","7",0," "," ","7",0," "," ","7",0," "," ","7",165," "," ","7",38," "," ","7",0," "," ","7",0," "," ","7",0," "," ","7",0," "," ","7",0," "," ","7",0," "," ","7",0," "," ","7",0," "," ","7",0," "," ","7",0," "," ","7",0," "," ","7",0," "," ","7",15," "," ","7",279," "," ","7",0," "," ","7",0," "," ","7",NA," "," "," "
"4773","USC00413787",2012,10,"TMAX",267," "," ","7",233," "," ","7",244," "," ","7",289," "," ","7",161," "," ","7",128," "," ","7",56," "," ","7",94," "," ","7",206," "," ","7",233," "," ","7",194," "," ","7",294," "," ","7",189," "," ","7",228," "," ","7",250," "," ","7",283," "," ","7",278," "," ","7",194," "," ","7",178," "," ","7",250," "," ","7",272," "," ","7",317," "," ","7",250," "," ","7",317," "," ","7",289," "," ","7",106," "," ","7",94," "," ","7",128," "," ","7",178," "," ","7",206," "," ","7",272," "," ","7"
"4774","USC00413787",2012,10,"TMIN",117," "," ","7",56," "," ","7",56," "," ","7",89," "," ","7",50," "," ","7",39," "," ","7",17," "," ","7",0," "," ","7",28," "," ","7",22," "," ","7",22," "," ","7",78," "," ","7",78," "," ","7",89," "," ","7",83," "," ","7",67," "," ","7",67," "," ","7",22," "," ","7",17," "," ","7",11," "," ","7",78," "," ","7",94," "," ","7",94," "," ","7",100," "," ","7",28," "," ","7",0," "," ","7",-56," "," ","7",-72," "," ","7",-39," "," ","7",-39," "," ","7",-39," "," ","7"
"4775","USC00413787",2012,10,"TOBS",122," "," ","7",56," "," ","7",100," "," ","7",89," "," ","7",72," "," ","7",39," "," ","7",33," "," ","7",28," "," ","7",94," "," ","7",22," "," ","7",94," "," ","7",78," "," ","7",144," "," ","7",128," "," ","7",94," "," ","7",67," "," ","7",133," "," ","7",28," "," ","7",17," "," ","7",117," "," ","7",217," "," ","7",100," "," ","7",111," "," ","7",150," "," ","7",28," "," ","7",11," "," ","7",83," "," ","7",-28," "," ","7",17," "," ","7",28," "," ","7",50," "," ","7"
"4776","USC00413787",2012,10,"PRCP",193," "," ","7",0," "," ","7",0," "," ","7",0," "," ","7",0," "," ","7",0," "," ","7",0," "," ","7",0," "," ","7",0," "," ","7",0," "," ","7",0," "," ","7",0," "," ","7",64," "," ","7",0," "," ","7",0," "," ","7",0," "," ","7",0," "," ","7",0," "," ","7",0," "," ","7",0," "," ","7",0," "," ","7",0," "," ","7",0," "," ","7",0," "," ","7",0," "," ","7",0," "," ","7",0," "," ","7",0," "," ","7",0," "," ","7",0," "," ","7",0," "," ","7"
"4777","USC00413787",2012,11,"TMAX",272," "," ","7",272," "," ","7",261," "," ","7",156," "," ","7",217," "," ","7",211," "," ","7",222," "," ","7",267," "," ","7",278," "," ","7",261," "," ","7",256," "," ","7",61," "," ","7",111," "," ","7",144," "," ","7",183," "," ","7",172," "," ","7",167," "," ","7",183," "," ","7",206," "," ","7",228," "," ","7",222," "," ","7",228," "," ","7",228," "," ","7",100," "," ","7",189," "," ","7",189," "," ","7",78," "," ","7",139," "," ","7",139," "," ","7",239," "," ","7",NA," "," "," "
"4778","USC00413787",2012,11,"TMIN",44," "," ","7",50," "," ","7",33," "," ","7",-22," "," ","7",11," "," ","7",39," "," ","7",22," "," ","7",33," "," ","7",44," "," ","7",100," "," ","7",-11," "," ","7",-67," "," ","7",-56," "," ","7",-72," "," ","7",-28," "," ","7",-33," "," ","7",-33," "," ","7",67," "," ","7",-11," "," ","7",-6," "," ","7",0," "," ","7",50," "," ","7",-28," "," ","7",-11," "," ","7",-6," "," ","7",-50," "," ","7",-89," "," ","7",-72," "," ","7",-56," "," ","7",-28," "," ","7",NA," "," "," "
"4779","USC00413787",2012,11,"TOBS",56," "," ","7",67," "," ","7",33," "," ","7",11," "," ","7",72," "," ","7",61," "," ","7",33," "," ","7",44," "," ","7",106," "," ","7",206," "," ","7",0," "," ","7",-56," "," ","7",-17," "," ","7",-28," "," ","7",11," "," ","7",-33," "," ","7",67," "," ","7",89," "," ","7",0," "," ","7",6," "," ","7",50," "," ","7",61," "," ","7",11," "," ","7",28," "," ","7",44," "," ","7",-33," "," ","7",-67," "," ","7",-56," "," ","7",-28," "," ","7",17," "," ","7",NA," "," "," "
"4780","USC00413787",2012,11,"PRCP",0," "," ","7",0," "," ","7",0," "," ","7",0," "," ","7",0," "," ","7",0," "," ","7",0," "," ","7",0," "," ","7",0," "," ","7",0," "," ","7",0," "," ","7",0," "," ","7",0," "," ","7",0," "," ","7",0," "," ","7",0," "," ","7",0," "," ","7",0," "," ","7",0," "," ","7",0," "," ","7",0," "," ","7",0," "," ","7",0," "," ","7",0," "," ","7",0," "," ","7",0," "," ","7",0," "," ","7",0," "," ","7",0," "," ","7",0," "," ","7",NA," "," "," "
"4781","USC00413787",2012,12,"TMAX",194," "," ","7",239," "," ","7",194," "," ","7",211," "," ","7",156," "," ","7",178," "," ","7",172," "," ","7",150," "," ","7",89," "," ","7",11," "," ","7",56," "," ","7",78," "," ","7",156," "," ","7",200," "," ","7",139," "," ","7",156," "," ","7",61," "," ","7",122," "," ","7",128," "," ","7",183," "," ","7",94," "," ","7",172," "," ","7",133," "," ","7",139," "," ","7",83," "," ","7",-83," "," ","7",-28," "," ","7",-6," "," ","7",39," "," ","7",72," "," ","7",56," "," ","7"
"4782","USC00413787",2012,12,"TMIN",0," "," ","7",0," "," ","7",0," "," ","7",17," "," ","7",0," "," ","7",33," "," ","7",6," "," ","7",-44," "," ","7",-22," "," ","7",-156," "," ","7",-150," "," ","7",-72," "," ","7",-44," "," ","7",-11," "," ","7",0," "," ","7",-6," "," ","7",-67," "," ","7",-61," "," ","7",-17," "," ","7",-100," "," ","7",-94," "," ","7",-78," "," ","7",-83," "," ","7",-56," "," ","7",-106," "," ","7",-167," "," ","7",-156," "," ","7",-94," "," ","7",-111," "," ","7",-111," "," ","7",-39," "," ","7"
"4783","USC00413787",2012,12,"TOBS",172," "," ","7",0," "," ","7",83," "," ","7",17," "," ","7",33," "," ","7",67," "," ","7",6," "," ","7",-17," "," ","7",-22," "," ","7",-150," "," ","7",-67," "," ","7",-44," "," ","7",-11," "," ","7",50," "," ","7",33," "," ","7",39," "," ","7",-61," "," ","7",-17," "," ","7",61," "," ","7",-94," "," ","7",-78," "," ","7",-6," "," ","7",39," "," ","7",-39," "," ","7",-106," "," ","7",-156," "," ","7",-89," "," ","7",-89," "," ","7",-111," "," ","7",-39," "," ","7",-33," "," ","7"
"4784","USC00413787",2012,12,"PRCP",0," "," ","7",0," "," ","7",0," "," ","7",0," "," ","7",0," "," ","7",0," "," ","7",0," "," ","7",0," "," ","7",0," "," ","7",0," "," ","7",0," "," ","7",0," "," ","7",0," "," ","7",0," "," ","7",8," "," ","7",0," "," ","7",0," "," ","7",0," "," ","7",0," "," ","7",3," "," ","7",0," "," ","7",0," "," ","7",0," "," ","7",0," "," ","7",0," "," ","7",15," "," ","7",0," "," ","7",0," "," ","7",0," "," ","7",0," "," ","7",76," "," ","7"
"4785","USC00413787",2012,12,"SNOW",NA," "," "," ",NA," "," "," ",NA," "," "," ",NA," "," "," ",NA," "," "," ",NA," "," "," ",NA," "," "," ",NA," "," "," ",NA," "," "," ",NA," "," "," ",NA," "," "," ",NA," "," "," ",NA," "," "," ",NA," "," "," ",NA," "," "," ",NA," "," "," ",NA," "," "," ",NA," "," "," ",NA," "," "," ",25," "," ","7",NA," "," "," ",NA," "," "," ",NA," "," "," ",NA," "," "," ",NA," "," "," ",51," "," ","7",NA," "," "," ",NA," "," "," ",NA," "," "," ",NA," "," "," ",51," "," ","7"
"4786","USC00413787",2012,12,"SNWD",NA," "," "," ",NA," "," "," ",NA," "," "," ",NA," "," "," ",NA," "," "," ",NA," "," "," ",NA," "," "," ",NA," "," "," ",NA," "," "," ",NA," "," "," ",NA," "," "," ",NA," "," "," ",NA," "," "," ",NA," "," "," ",NA," "," "," ",NA," "," "," ",NA," "," "," ",NA," "," "," ",NA," "," "," ",25," "," ","7",NA," "," "," ",NA," "," "," ",NA," "," "," ",NA," "," "," ",NA," "," "," ",51," "," ","7",NA," "," "," ",NA," "," "," ",NA," "," "," ",NA," "," "," ",51," "," ","7"
"4787","USC00413787",2013,1,"TMAX",-28," "," ","7",-33," "," ","7",22," "," ","7",22," "," ","7",22," "," ","7",56," "," ","7",89," "," ","7",89," "," ","7",128," "," ","7",117," "," ","7",67," "," ","7",150," "," ","7",-44," "," ","7",-17," "," ","7",-17," "," ","7",17," "," ","7",128," "," ","7",117," "," ","7",161," "," ","7",172," "," ","7",156," "," ","7",78," "," ","7",172," "," ","7",233," "," ","7",28," "," ","7",139," "," ","7",161," "," ","7",222," "," ","7",211," "," ","7",33," "," ","7",61," "," ","7"
"4788","USC00413787",2013,1,"TMIN",-94," "," ","7",-128," "," ","7",-128," "," ","7",-100," "," ","7",-89," "," ","7",-83," "," ","7",-61," "," ","7",-22," "," ","7",-17," "," ","7",-17," "," ","7",11," "," ","7",-67," "," ","7",-106," "," ","7",-117," "," ","7",-122," "," ","7",-122," "," ","7",-56," "," ","7",-50," "," ","7",-33," "," ","7",-50," "," ","7",-78," "," ","7",-89," "," ","7",-56," "," ","7",-56," "," ","7",-50," "," ","7",-11," "," ","7",-17," "," ","7",44," "," ","7",28," "," ","7",-83," "," ","7",-100," "," ","7"
"4789","USC00413787",2013,1,"TOBS",-83," "," ","7",-128," "," ","7",-100," "," ","7",-83," "," ","7",-50," "," ","7",-61," "," ","7",-11," "," ","7",-17," "," ","7",-11," "," ","7",17," "," ","7",44," "," ","7",-56," "," ","7",-78," "," ","7",-117," "," ","7",-122," "," ","7",-11," "," ","7",-50," "," ","7",0," "," ","7",-17," "," ","7",-11," "," ","7",-78," "," ","7",-50," "," ","7",-56," "," ","7",-44," "," ","7",-11," "," ","7",50," "," ","7",111," "," ","7",50," "," ","7",28," "," ","7",-83," "," ","7",-39," "," ","7"
"4790","USC00413787",2013,1,"PRCP",0," "," ","7",0," "," ","7",0," "," ","7",0," "," ","7",0," "," ","7",0," "," ","7",0," "," ","7",0," "," ","7",0," "," ","7",117," "," ","7",0," "," ","7",0," "," ","7",0," "," ","7",0," "," ","7",0," "," ","7",0," "," ","7",0," "," ","7",0," "," ","7",0," "," ","7",0," "," ","7",0," "," ","7",0," "," ","7",0," "," ","7",0," "," ","7",0," "," ","7",0," "," ","7",0," "," ","7",0," "," ","7",0," "," ","7",5," "," ","7",0," "," ","7"
"4791","USC00413787",2013,1,"SNOW",NA," "," "," ",NA," "," "," ",NA," "," "," ",NA," "," "," ",NA," "," "," ",NA," "," "," ",NA," "," "," ",NA," "," "," ",NA," "," "," ",NA," "," "," ",NA," "," "," ",NA," "," "," ",NA," "," "," ",NA," "," "," ",NA," "," "," ",NA," "," "," ",NA," "," "," ",NA," "," "," ",NA," "," "," ",NA," "," "," ",NA," "," "," ",NA," "," "," ",NA," "," "," ",NA," "," "," ",NA," "," "," ",NA," "," "," ",NA," "," "," ",NA," "," "," ",NA," "," "," ",25," "," ","7",NA," "," "," "
"4792","USC00413787",2013,1,"SNWD",NA," "," "," ",NA," "," "," ",NA," "," "," ",NA," "," "," ",NA," "," "," ",NA," "," "," ",NA," "," "," ",NA," "," "," ",NA," "," "," ",NA," "," "," ",NA," "," "," ",NA," "," "," ",NA," "," "," ",NA," "," "," ",NA," "," "," ",NA," "," "," ",NA," "," "," ",NA," "," "," ",NA," "," "," ",NA," "," "," ",NA," "," "," ",NA," "," "," ",NA," "," "," ",NA," "," "," ",NA," "," "," ",NA," "," "," ",NA," "," "," ",NA," "," "," ",NA," "," "," ",25," "," ","7",NA," "," "," "
"4793","USC00413787",2013,2,"TMAX",117," "," ","7",133," "," ","7",139," "," ","7",161," "," ","7",167," "," ","7",167," "," ","7",217," "," ","7",139," "," ","7",133," "," ","7",156," "," ","7",100," "," ","7",67," "," ","7",67," "," ","7",56," "," ","7",83," "," ","7",89," "," ","7",161," "," ","7",200," "," ","7",100," "," ","7",117," "," ","7",28," "," ","7",-22," "," ","7",11," "," ","7",56," "," ","7",11," "," ","7",6," "," ","7",11," "," ","7",72," "," ","7",NA," "," "," ",NA," "," "," ",NA," "," "," "
"4794","USC00413787",2013,2,"TMIN",-100," "," ","7",-94," "," ","7",-44," "," ","7",0," "," ","7",-44," "," ","7",-44," "," ","7",44," "," ","7",-61," "," ","7",-50," "," ","7",-39," "," ","7",-78," "," ","7",-67," "," ","7",-89," "," ","7",-83," "," ","7",-22," "," ","7",-67," "," ","7",-39," "," ","7",6," "," ","7",-89," "," ","7",-78," "," ","7",-28," "," ","7",-167," "," ","7",-150," "," ","7",-33," "," ","7",-33," "," ","7",-111," "," ","7",-78," "," ","7",-67," "," ","7",NA," "," "," ",NA," "," "," ",NA," "," "," "
"4795","USC00413787",2013,2,"TOBS",-89," "," ","7",56," "," ","7",100," "," ","7",0," "," ","7",-44," "," ","7",44," "," ","7",50," "," ","7",-50," "," ","7",22," "," ","7",-39," "," ","7",-67," "," ","7",-11," "," ","7",-83," "," ","7",-22," "," ","7",-22," "," ","7",89," "," ","7",161," "," ","7",50," "," ","7",-78," "," ","7",28," "," ","7",-28," "," ","7",-144," "," ","7",-28," "," ","7",-33," "," ","7",-28," "," ","7",-78," "," ","7",-28," "," ","7",-39," "," ","7",NA," "," "," ",NA," "," "," ",NA," "," "," "
"4796","USC00413787",2013,2,"PRCP",0," "," ","7",0," "," ","7",0," "," ","7",0," "," ","7",0," "," ","7",0," "," ","7",0," "," ","7",0," "," ","7",0," "," ","7",0," "," ","7",0," "," ","7",51," "," ","7",56," "," ","7",0," "," ","7",0," "," ","7",0," "," ","7",0," "," ","7",0," "," ","7",0," "," ","7",15," "," ","7",28," "," ","7",155," "," ","7",0," "," ","7",0," "," ","7",117," "," ","7",84," "," ","7",0," "," ","7",0," "," ","7",NA," "," "," ",NA," "," "," ",NA," "," "," "
"4797","USC00413787",2013,2,"SNOW",NA," "," "," ",NA," "," "," ",NA," "," "," ",NA," "," "," ",NA," "," "," ",NA," "," "," ",NA," "," "," ",NA," "," "," ",NA," "," "," ",NA," "," "," ",NA," "," "," ",76," "," ","7",140," "," ","7",NA," "," "," ",NA," "," "," ",NA," "," "," ",NA," "," "," ",NA," "," "," ",NA," "," "," ",NA," "," "," ",25," "," ","7",203," "," ","7",0," "," ","7",NA," "," "," ",152," "," ","7",127," "," ","7",0," "," ","7",0," "," ","7",NA," "," "," ",NA," "," "," ",NA," "," "," "
"4798","USC00413787",2013,2,"SNWD",NA," "," "," ",NA," "," "," ",NA," "," "," ",NA," "," "," ",NA," "," "," ",NA," "," "," ",NA," "," "," ",NA," "," "," ",NA," "," "," ",NA," "," "," ",NA," "," "," ",76," "," ","7",76," "," ","7",NA," "," "," ",NA," "," "," ",NA," "," "," ",NA," "," "," ",NA," "," "," ",NA," "," "," ",NA," "," "," ",25," "," ","7",152," "," ","7",76," "," ","7",25," "," ","7",152," "," ","7",305," "," ","7",152," "," ","7",76," "," ","7",NA," "," "," ",NA," "," "," ",NA," "," "," "
"4799","USC00413787",2013,3,"TMAX",78," "," ","7",100," "," ","7",194," "," ","7",211," "," ","7",156," "," ","7",94," "," ","7",144," "," ","7",272," "," ","7",217," "," ","7",178," "," ","7",44," "," ","7",200," "," ","7",150," "," ","7",206," "," ","7",256," "," ","7",306," "," ","7",133," "," ","7",189," "," ","7",139," "," ","7",122," "," ","7",172," "," ","7",189," "," ","7",139," "," ","7",50," "," ","7",39," "," ","7",67," "," ","7",172," "," ","7",200," "," ","7",200," "," ","7",211," "," ","7",250," "," ","7"
"4800","USC00413787",2013,3,"TMIN",-39," "," ","7",-33," "," ","7",0," "," ","7",11," "," ","7",-67," "," ","7",-50," "," ","7",0," "," ","7",28," "," ","7",89," "," ","7",-22," "," ","7",-72," "," ","7",-50," "," ","7",-17," "," ","7",-11," "," ","7",17," "," ","7",39," "," ","7",-22," "," ","7",-22," "," ","7",0," "," ","7",-56," "," ","7",-50," "," ","7",-28," "," ","7",-28," "," ","7",-89," "," ","7",-67," "," ","7",-83," "," ","7",-78," "," ","7",17," "," ","7",11," "," ","7",33," "," ","7",89," "," ","7"
"4801","USC00413787",2013,3,"TOBS",-11," "," ","7",50," "," ","7",11," "," ","7",39," "," ","7",-50," "," ","7",6," "," ","7",28," "," ","7",94," "," ","7",122," "," ","7",11," "," ","7",-50," "," ","7",0," "," ","7",-11," "," ","7",17," "," ","7",39," "," ","7",61," "," ","7",-22," "," ","7",0," "," ","7",6," "," ","7",-50," "," ","7",44," "," ","7",-28," "," ","7",22," "," ","7",-61," "," ","7",-67," "," ","7",-78," "," ","7",39," "," ","7",17," "," ","7",50," "," ","7",211," "," ","7",161," "," ","7"
"4802","USC00413787",2013,3,"PRCP",0," "," ","7",0," "," ","7",0," "," ","7",0," "," ","7",5," "," ","7",0," "," ","7",0," "," ","7",0," "," ","7",0," "," ","7",0," "," ","7",0," "," ","7",0," "," ","7",0," "," ","7",0," "," ","7",0," "," ","7",0," "," ","7",0," "," ","7",0," "," ","7",0," "," ","7",0," "," ","7",0," "," ","7",0," "," ","7",0," "," ","7",38," "," ","7",0," "," ","7",0," "," ","7",0," "," ","7",0," "," ","7",0," "," ","7",0," "," ","7",0," "," ","7"
"4803","USC00413787",2013,3,"SNOW",NA," "," "," ",NA," "," "," ",NA," "," "," ",NA," "," "," ",3," "," ","7",NA," "," "," ",NA," "," "," ",NA," "," "," ",NA," "," "," ",NA," "," "," ",NA," "," "," ",NA," "," "," ",NA," "," "," ",NA," "," "," ",NA," "," "," ",NA," "," "," ",NA," "," "," ",NA," "," "," ",NA," "," "," ",NA," "," "," ",NA," "," "," ",NA," "," "," ",NA," "," "," ",25," "," ","7",NA," "," "," ",NA," "," "," ",NA," "," "," ",NA," "," "," ",NA," "," "," ",NA," "," "," ",NA," "," "," "
"4804","USC00413787",2013,3,"SNWD",NA," "," "," ",NA," "," "," ",NA," "," "," ",NA," "," "," ",NA," "," "," ",NA," "," "," ",NA," "," "," ",NA," "," "," ",NA," "," "," ",NA," "," "," ",NA," "," "," ",NA," "," "," ",NA," "," "," ",NA," "," "," ",NA," "," "," ",NA," "," "," ",NA," "," "," ",NA," "," "," ",NA," "," "," ",NA," "," "," ",NA," "," "," ",NA," "," "," ",NA," "," "," ",25," "," ","7",NA," "," "," ",NA," "," "," ",NA," "," "," ",NA," "," "," ",NA," "," "," ",NA," "," "," ",NA," "," "," "
"4805","USC00413787",2013,4,"TMAX",200," "," ","7",122," "," ","7",17," "," ","7",22," "," ","7",183," "," ","7",272," "," ","7",239," "," ","7",267," "," ","7",300," "," ","7",50," "," ","7",72," "," ","7",206," "," ","7",206," "," ","7",256," "," ","7",239," "," ","7",233," "," ","7",144," "," ","7",44," "," ","7",78," "," ","7",178," "," ","7",228," "," ","7",239," "," ","7",283," "," ","7",0," "," ","7",172," "," ","7",206," "," ","7",228," "," ","7",272," "," ","7",306," "," ","7",322," "," ","7",NA," "," "," "
"4806","USC00413787",2013,4,"TMIN",67," "," ","7",-11," "," ","7",-61," "," ","7",-61," "," ","7",-22," "," ","7",33," "," ","7",72," "," ","7",94," "," ","7",50," "," ","7",-78," "," ","7",-78," "," ","7",-72," "," ","7",-67," "," ","7",72," "," ","7",33," "," ","7",22," "," ","7",22," "," ","7",-61," "," ","7",-61," "," ","7",-39," "," ","7",6," "," ","7",83," "," ","7",-28," "," ","7",-83," "," ","7",-67," "," ","7",33," "," ","7",28," "," ","7",72," "," ","7",117," "," ","7",150," "," ","7",NA," "," "," "
"4807","USC00413787",2013,4,"TOBS",106," "," ","7",-11," "," ","7",-11," "," ","7",-22," "," ","7",33," "," ","7",100," "," ","7",94," "," ","7",122," "," ","7",50," "," ","7",-78," "," ","7",-67," "," ","7",33," "," ","7",83," "," ","7",122," "," ","7",44," "," ","7",22," "," ","7",28," "," ","7",-44," "," ","7",-39," "," ","7",128," "," ","7",167," "," ","7",83," "," ","7",-28," "," ","7",-67," "," ","7",33," "," ","7",106," "," ","7",72," "," ","7",117," "," ","7",150," "," ","7",178," "," ","7",NA," "," "," "
"4808","USC00413787",2013,4,"PRCP",0," "," ","7",0," "," ","7",5," "," ","7",5," "," ","7",0," "," ","7",0," "," ","7",0," "," ","7",0," "," ","7",0," "," ","7",0," "," ","7",0," "," ","7",0," "," ","7",0," "," ","7",0," "," ","7",0," "," ","7",0," "," ","7",0," "," ","7",25," "," ","7",0," "," ","7",0," "," ","7",0," "," ","7",0," "," ","7",0," "," ","7",10," "," ","7",0," "," ","7",0," "," ","7",0," "," ","7",0," "," ","7",0," "," ","7",0," "," ","7",NA," "," "," "
"4809","USC00413787",2013,5,"TMAX",344," "," ","7",83," "," ","7",106," "," ","7",200," "," ","7",200," "," ","7",200," "," ","7",244," "," ","7",289," "," ","7",300," "," ","7",256," "," ","7",217," "," ","7",228," "," ","7",283," "," ","7",333," "," ","7",317," "," ","7",300," "," ","7",306," "," ","7",328," "," ","7",361," "," ","7",289," "," ","7",250," "," ","7",256," "," ","7",311," "," ","7",233," "," ","7",294," "," ","7",322," "," ","7",356," "," ","7",356," "," ","7",356," "," ","7",356," "," ","7",333," "," ","7"
"4810","USC00413787",2013,5,"TMIN",83," "," ","7",-11," "," ","7",-39," "," ","7",-17," "," ","7",-6," "," ","7",-22," "," ","7",67," "," ","7",89," "," ","7",94," "," ","7",94," "," ","7",72," "," ","7",72," "," ","7",100," "," ","7",128," "," ","7",122," "," ","7",106," "," ","7",122," "," ","7",167," "," ","7",156," "," ","7",111," "," ","7",122," "," ","7",72," "," ","7",89," "," ","7",139," "," ","7",144," "," ","7",144," "," ","7",178," "," ","7",144," "," ","7",167," "," ","7",128," "," ","7",111," "," ","7"
"4811","USC00413787",2013,5,"TOBS",83," "," ","7",0," "," ","7",-17," "," ","7",0," "," ","7",11," "," ","7",67," "," ","7",89," "," ","7",139," "," ","7",111," "," ","7",94," "," ","7",94," "," ","7",122," "," ","7",128," "," ","7",172," "," ","7",150," "," ","7",122," "," ","7",167," "," ","7",300," "," ","7",256," "," ","7",133," "," ","7",133," "," ","7",89," "," ","7",139," "," ","7",161," "," ","7",150," "," ","7",178," "," ","7",222," "," ","7",178," "," ","7",189," "," ","7",144," "," ","7",133," "," ","7"
"4812","USC00413787",2013,5,"PRCP",0," "," ","7",13," "," ","7",0," "," ","7",0," "," ","7",0," "," ","7",0," "," ","7",0," "," ","7",0," "," ","7",0," "," ","7",94," "," ","7",0," "," ","7",0," "," ","7",0," "," ","7",0," "," ","7",0," "," ","7",0," "," ","7",0," "," ","7",0," "," ","7",0," "," ","7",0," "," ","7",0," "," ","7",0," "," ","7",0," "," ","7",0," "," ","7",0," "," ","7",0," "," ","7",0," "," ","7",0," "," ","7",18," "," ","7",0," "," ","7",0," "," ","7"
"4813","USC00413787",2013,5,"SNOW",NA," "," "," ",13," "," ","7",NA," "," "," ",NA," "," "," ",NA," "," "," ",NA," "," "," ",NA," "," "," ",NA," "," "," ",NA," "," "," ",NA," "," "," ",NA," "," "," ",NA," "," "," ",NA," "," "," ",NA," "," "," ",NA," "," "," ",NA," "," "," ",NA," "," "," ",NA," "," "," ",NA," "," "," ",NA," "," "," ",NA," "," "," ",NA," "," "," ",NA," "," "," ",NA," "," "," ",NA," "," "," ",NA," "," "," ",NA," "," "," ",NA," "," "," ",NA," "," "," ",NA," "," "," ",NA," "," "," "
"4814","USC00413787",2013,5,"SNWD",NA," "," "," ",0," "," ","7",NA," "," "," ",NA," "," "," ",NA," "," "," ",NA," "," "," ",NA," "," "," ",NA," "," "," ",NA," "," "," ",NA," "," "," ",NA," "," "," ",NA," "," "," ",NA," "," "," ",NA," "," "," ",NA," "," "," ",NA," "," "," ",NA," "," "," ",NA," "," "," ",NA," "," "," ",NA," "," "," ",NA," "," "," ",NA," "," "," ",NA," "," "," ",NA," "," "," ",NA," "," "," ",NA," "," "," ",NA," "," "," ",NA," "," "," ",NA," "," "," ",NA," "," "," ",NA," "," "," "
"4815","USC00413787",2013,6,"TMAX",339," "," ","7",267," "," ","7",289," "," ","7",372," "," ","7",356," "," ","7",228," "," ","7",272," "," ","7",300," "," ","7",306," "," ","7",311," "," ","7",383," "," ","7",378," "," ","7",372," "," ","7",367," "," ","7",356," "," ","7",322," "," ","7",333," "," ","7",294," "," ","7",311," "," ","7",278," "," ","7",339," "," ","7",333," "," ","7",350," "," ","7",350," "," ","7",350," "," ","7",389," "," ","7",389," "," ","7",406," "," ","7",356," "," ","7",361," "," ","7",NA," "," "," "
"4816","USC00413787",2013,6,"TMIN",117," "," ","7",78," "," ","7",100," "," ","7",161," "," ","7",161," "," ","7",111," "," ","7",128," "," ","7",139," "," ","7",128," "," ","7",178," "," ","7",211," "," ","7",194," "," ","7",194," "," ","7",200," "," ","7",183," "," ","7",161," "," ","7",161," "," ","7",172," "," ","7",172," "," ","7",172," "," ","7",189," "," ","7",194," "," ","7",217," "," ","7",228," "," ","7",228," "," ","7",156," "," ","7",189," "," ","7",200," "," ","7",189," "," ","7",161," "," ","7",NA," "," "," "
"4817","USC00413787",2013,6,"TOBS",133," "," ","7",100," "," ","7",167," "," ","7",189," "," ","7",167," "," ","7",128," "," ","7",161," "," ","7",156," "," ","7",178," "," ","7",211," "," ","7",222," "," ","7",211," "," ","7",217," "," ","7",211," "," ","7",194," "," ","7",206," "," ","7",172," "," ","7",206," "," ","7",183," "," ","7",189," "," ","7",222," "," ","7",217," "," ","7",228," "," ","7",228," "," ","7",239," "," ","7",189," "," ","7",222," "," ","7",200," "," ","7",200," "," ","7",200," "," ","7",NA," "," "," "
"4818","USC00413787",2013,6,"PRCP",0," "," ","7",0," "," ","7",0," "," ","7",0," "," ","7",13," "," ","7",0," "," ","7",0," "," ","7",155," "," ","7",48," "," ","7",0," "," ","7",0," "," ","7",0," "," ","7",0," "," ","7",0," "," ","7",0," "," ","7",13," "," ","7",0," "," ","7",0," "," ","7",363," "," ","7",13," "," ","7",0," "," ","7",0," "," ","7",0," "," ","7",0," "," ","7",0," "," ","7",0," "," ","7",0," "," ","7",3," "," ","7",0," "," ","7",0," "," ","7",NA," "," "," "
"4819","USC00413787",2013,7,"TMAX",294," "," ","7",267," "," ","7",283," "," ","7",267," "," ","7",311," "," ","7",350," "," ","7",356," "," ","7",356," "," ","7",361," "," ","7",378," "," ","7",367," "," ","7",350," "," ","7",372," "," ","7",383," "," ","7",283," "," ","7",233," "," ","7",233," "," ","7",267," "," ","7",300," "," ","7",328," "," ","7",322," "," ","7",356," "," ","7",367," "," ","7",378," "," ","7",328," "," ","7",283," "," ","7",300," "," ","7",333," "," ","7",339," "," ","7",361," "," ","7",317," "," ","7"
"4820","USC00413787",2013,7,"TMIN",144," "," ","7",117," "," ","7",133," "," ","7",144," "," ","7",156," "," ","7",189," "," ","7",206," "," ","7",200," "," ","7",217," "," ","7",239," "," ","7",194," "," ","7",206," "," ","7",211," "," ","7",194," "," ","7",144," "," ","7",150," "," ","7",161," "," ","7",172," "," ","7",183," "," ","7",200," "," ","7",206," "," ","7",206," "," ","7",211," "," ","7",183," "," ","7",194," "," ","7",178," "," ","7",156," "," ","7",189," "," ","7",194," "," ","7",194," "," ","7",189," "," ","7"
"4821","USC00413787",2013,7,"TOBS",150," "," ","7",133," "," ","7",167," "," ","7",156," "," ","7",194," "," ","7",233," "," ","7",211," "," ","7",217," "," ","7",239," "," ","7",239," "," ","7",206," "," ","7",233," "," ","7",211," "," ","7",200," "," ","7",150," "," ","7",161," "," ","7",183," "," ","7",183," "," ","7",200," "," ","7",206," "," ","7",222," "," ","7",217," "," ","7",222," "," ","7",194," "," ","7",194," "," ","7",178," "," ","7",244," "," ","7",228," "," ","7",211," "," ","7",206," "," ","7",194," "," ","7"
"4822","USC00413787",2013,7,"PRCP",0," "," ","7",0," "," ","7",76," "," ","7",0," "," ","7",0," "," ","7",0," "," ","7",0," "," ","7",0," "," ","7",0," "," ","7",0," "," ","7",51," "," ","7",0," "," ","7",0," "," ","7",0," "," ","7",13," "," ","7",0," "," ","7",102," "," ","7",18," "," ","7",0," "," ","7",0," "," ","7",0," "," ","7",0," "," ","7",0," "," ","7",0," "," ","7",0," "," ","7",41," "," ","7",0," "," ","7",0," "," ","7",13," "," ","7",127," "," ","7",0," "," ","7"
"4823","USC00413787",2013,8,"TMAX",322," "," ","7",344," "," ","7",378," "," ","7",328," "," ","7",356," "," ","7",383," "," ","7",383," "," ","7",317," "," ","7",267," "," ","7",233," "," ","7",267," "," ","7",272," "," ","7",333," "," ","7",283," "," ","7",278," "," ","7",317," "," ","7",306," "," ","7",311," "," ","7",311," "," ","7",322," "," ","7",339," "," ","7",339," "," ","7",344," "," ","7",339," "," ","7",339," "," ","7",344," "," ","7",333," "," ","7",322," "," ","7",339," "," ","7",356," "," ","7",383," "," ","7"
"4824","USC00413787",2013,8,"TMIN",183," "," ","7",194," "," ","7",217," "," ","7",206," "," ","7",206," "," ","7",211," "," ","7",194," "," ","7",172," "," ","7",161," "," ","7",167," "," ","7",167," "," ","7",183," "," ","7",167," "," ","7",172," "," ","7",156," "," ","7",161," "," ","7",178," "," ","7",161," "," ","7",172," "," ","7",178," "," ","7",194," "," ","7",161," "," ","7",161," "," ","7",183," "," ","7",189," "," ","7",194," "," ","7",172," "," ","7",183," "," ","7",189," "," ","7",189," "," ","7",194," "," ","7"
"4825","USC00413787",2013,8,"TOBS",194," "," ","7",228," "," ","7",217," "," ","7",211," "," ","7",233," "," ","7",211," "," ","7",200," "," ","7",172," "," ","7",172," "," ","7",167," "," ","7",194," "," ","7",183," "," ","7",172," "," ","7",183," "," ","7",161," "," ","7",183," "," ","7",206," "," ","7",239," "," ","7",178," "," ","7",194," "," ","7",200," "," ","7",161," "," ","7",183," "," ","7",194," "," ","7",200," "," ","7",200," "," ","7",183," "," ","7",189," "," ","7",211," "," ","7",194," "," ","7",200," "," ","7"
"4826","USC00413787",2013,8,"PRCP",8," "," ","7",0," "," ","7",0," "," ","7",0," "," ","7",0," "," ","7",0," "," ","7",69," "," ","7",340," "," ","7",221," "," ","7",0," "," ","7",0," "," ","7",0," "," ","7",0," "," ","7",0," "," ","7",368," "," ","7",0," "," ","7",0," "," ","7",0," "," ","7",0," "," ","7",0," "," ","7",0," "," ","7",0," "," ","7",0," "," ","7",0," "," ","7",0," "," ","7",0," "," ","7",0," "," ","7",0," "," ","7",0," "," ","7",0," "," ","7",0," "," ","7"
"4827","USC00413787",2013,9,"TMAX",389," "," ","7",328," "," ","7",317," "," ","7",350," "," ","7",361," "," ","7",356," "," ","7",356," "," ","7",361," "," ","7",344," "," ","7",333," "," ","7",283," "," ","7",311," "," ","7",306," "," ","7",278," "," ","7",289," "," ","7",289," "," ","7",222," "," ","7",289," "," ","7",306," "," ","7",283," "," ","7",228," "," ","7",267," "," ","7",283," "," ","7",283," "," ","7",283," "," ","7",311," "," ","7",350," "," ","7",283," "," ","7",217," "," ","7",261," "," ","7",NA," "," "," "
"4828","USC00413787",2013,9,"TMIN",183," "," ","7",183," "," ","7",167," "," ","7",167," "," ","7",161," "," ","7",150," "," ","7",150," "," ","7",172," "," ","7",172," "," ","7",183," "," ","7",189," "," ","7",189," "," ","7",172," "," ","7",172," "," ","7",167," "," ","7",156," "," ","7",156," "," ","7",161," "," ","7",178," "," ","7",139," "," ","7",106," "," ","7",122," "," ","7",139," "," ","7",94," "," ","7",94," "," ","7",133," "," ","7",183," "," ","7",78," "," ","7",44," "," ","7",72," "," ","7",NA," "," "," "
"4829","USC00413787",2013,9,"TOBS",200," "," ","7",183," "," ","7",167," "," ","7",178," "," ","7",161," "," ","7",156," "," ","7",217," "," ","7",222," "," ","7",183," "," ","7",194," "," ","7",189," "," ","7",189," "," ","7",183," "," ","7",172," "," ","7",167," "," ","7",156," "," ","7",161," "," ","7",183," "," ","7",183," "," ","7",139," "," ","7",183," "," ","7",172," "," ","7",156," "," ","7",94," "," ","7",133," "," ","7",183," "," ","7",183," "," ","7",78," "," ","7",122," "," ","7",72," "," ","7",NA," "," "," "
"4830","USC00413787",2013,9,"PRCP",0," "," ","7",0," "," ","7",0," "," ","7",0," "," ","7",0," "," ","7",0," "," ","7",0," "," ","7",0," "," ","7",0," "," ","7",0," "," ","7",0," "," ","7",0," "," ","7",3," "," ","7",635," "," ","7",0," "," ","7",152," "," ","7",0," "," ","7",0," "," ","7",0," "," ","7",152," "," ","7",0," "," ","7",0," "," ","7",0," "," ","7",0," "," ","7",0," "," ","7",0," "," ","7",0," "," ","7",193," "," ","7",0," "," ","7",0," "," ","7",NA," "," "," "
"4831","USC00413787",2013,10,"TMAX",283," "," ","7",272," "," ","7",322," "," ","7",322," "," ","7",283," "," ","7",189," "," ","7",244," "," ","7",272," "," ","7",283," "," ","7",278," "," ","7",278," "," ","7",250," "," ","7",183," "," ","7",189," "," ","7",267," "," ","7",156," "," ","7",117," "," ","7",194," "," ","7",67," "," ","7",194," "," ","7",222," "," ","7",178," "," ","7",244," "," ","7",267," "," ","7",267," "," ","7",183," "," ","7",178," "," ","7",244," "," ","7",256," "," ","7",183," "," ","7",244," "," ","7"
"4832","USC00413787",2013,10,"TMIN",72," "," ","7",83," "," ","7",111," "," ","7",111," "," ","7",61," "," ","7",11," "," ","7",50," "," ","7",56," "," ","7",100," "," ","7",122," "," ","7",67," "," ","7",50," "," ","7",50," "," ","7",106," "," ","7",39," "," ","7",33," "," ","7",0," "," ","7",0," "," ","7",-17," "," ","7",-6," "," ","7",6," "," ","7",28," "," ","7",33," "," ","7",33," "," ","7",0," "," ","7",0," "," ","7",6," "," ","7",11," "," ","7",50," "," ","7",50," "," ","7",56," "," ","7"
"4833","USC00413787",2013,10,"TOBS",83," "," ","7",139," "," ","7",111," "," ","7",144," "," ","7",61," "," ","7",106," "," ","7",56," "," ","7",106," "," ","7",122," "," ","7",128," "," ","7",67," "," ","7",100," "," ","7",106," "," ","7",161," "," ","7",39," "," ","7",39," "," ","7",0," "," ","7",44," "," ","7",-6," "," ","7",17," "," ","7",78," "," ","7",44," "," ","7",44," "," ","7",33," "," ","7",0," "," ","7",89," "," ","7",11," "," ","7",89," "," ","7",50," "," ","7",106," "," ","7",61," "," ","7"
"4834","USC00413787",2013,10,"PRCP",0," "," ","7",0," "," ","7",0," "," ","7",0," "," ","7",0," "," ","7",0," "," ","7",0," "," ","7",0," "," ","7",0," "," ","7",0," "," ","7",64," "," ","7",0," "," ","7",0," "," ","7",8," "," ","7",0," "," ","7",0," "," ","7",23," "," ","7",0," "," ","7",0," "," ","7",0," "," ","7",0," "," ","7",0," "," ","7",0," "," ","7",0," "," ","7",0," "," ","7",0," "," ","7",0," "," ","7",0," "," ","7",0," "," ","7",0," "," ","7",13," "," ","7"
"4835","USC00413787",2013,11,"TMAX",172," "," ","7",167," "," ","7",183," "," ","7",228," "," ","7",156," "," ","7",183," "," ","7",128," "," ","7",178," "," ","7",228," "," ","7",167," "," ","7",111," "," ","7",206," "," ","7",67," "," ","7",172," "," ","7",178," "," ","7",228," "," ","7",217," "," ","7",206," "," ","7",139," "," ","7",222," "," ","7",161," "," ","7",44," "," ","7",-22," "," ","7",0," "," ","7",-6," "," ","7",0," "," ","7",39," "," ","7",128," "," ","7",89," "," ","7",156," "," ","7",NA," "," "," "
"4836","USC00413787",2013,11,"TMIN",17," "," ","7",-22," "," ","7",72," "," ","7",39," "," ","7",44," "," ","7",-33," "," ","7",-39," "," ","7",-33," "," ","7",11," "," ","7",0," "," ","7",33," "," ","7",-56," "," ","7",-56," "," ","7",-11," "," ","7",-28," "," ","7",-28," "," ","7",44," "," ","7",-28," "," ","7",-28," "," ","7",33," "," ","7",33," "," ","7",-78," "," ","7",-78," "," ","7",-50," "," ","7",-61," "," ","7",-67," "," ","7",-67," "," ","7",-61," "," ","7",-50," "," ","7",-28," "," ","7",NA," "," "," "
"4837","USC00413787",2013,11,"TOBS",28," "," ","7",100," "," ","7",144," "," ","7",44," "," ","7",111," "," ","7",-17," "," ","7",-33," "," ","7",39," "," ","7",28," "," ","7",44," "," ","7",39," "," ","7",-56," "," ","7",-11," "," ","7",44," "," ","7",-28," "," ","7",128," "," ","7",44," "," ","7",-28," "," ","7",33," "," ","7",33," "," ","7",44," "," ","7",-78," "," ","7",-22," "," ","7",-50," "," ","7",-28," "," ","7",-50," "," ","7",-61," "," ","7",17," "," ","7",72," "," ","7",39," "," ","7",NA," "," "," "
"4838","USC00413787",2013,11,"PRCP",0," "," ","7",0," "," ","7",0," "," ","7",0," "," ","7",25," "," ","7",13," "," ","7",0," "," ","7",0," "," ","7",0," "," ","7",0," "," ","7",0," "," ","7",0," "," ","7",0," "," ","7",0," "," ","7",0," "," ","7",0," "," ","7",0," "," ","7",0," "," ","7",0," "," ","7",0," "," ","7",0," "," ","7",5," "," ","7",18," "," ","7",41," "," ","7",0," "," ","7",0," "," ","7",0," "," ","7",0," "," ","7",0," "," ","7",0," "," ","7",NA," "," "," "
"4839","USC00413787",2013,11,"SNOW",NA," "," "," ",NA," "," "," ",NA," "," "," ",NA," "," "," ",NA," "," "," ",NA," "," "," ",NA," "," "," ",NA," "," "," ",NA," "," "," ",NA," "," "," ",NA," "," "," ",NA," "," "," ",NA," "," "," ",NA," "," "," ",NA," "," "," ",NA," "," "," ",NA," "," "," ",NA," "," "," ",NA," "," "," ",NA," "," "," ",NA," "," "," ",13," "," ","7",25," "," ","7",76," "," ","7",NA," "," "," ",NA," "," "," ",NA," "," "," ",NA," "," "," ",NA," "," "," ",NA," "," "," ",NA," "," "," "
"4840","USC00413787",2013,11,"SNWD",NA," "," "," ",NA," "," "," ",NA," "," "," ",NA," "," "," ",NA," "," "," ",NA," "," "," ",NA," "," "," ",NA," "," "," ",NA," "," "," ",NA," "," "," ",NA," "," "," ",NA," "," "," ",NA," "," "," ",NA," "," "," ",NA," "," "," ",NA," "," "," ",NA," "," "," ",NA," "," "," ",NA," "," "," ",NA," "," "," ",NA," "," "," ",0," "," ","7",25," "," ","7",76," "," ","7",25," "," ","7",NA," "," "," ",NA," "," "," ",NA," "," "," ",NA," "," "," ",NA," "," "," ",NA," "," "," "
"4841","USC00413787",2013,11,"WT01",NA," "," "," ",NA," "," "," ",NA," "," "," ",NA," "," "," ",NA," "," "," ",NA," "," "," ",NA," "," "," ",NA," "," "," ",NA," "," "," ",1," "," ","7",NA," "," "," ",NA," "," "," ",NA," "," "," ",NA," "," "," ",NA," "," "," ",NA," "," "," ",NA," "," "," ",NA," "," "," ",NA," "," "," ",NA," "," "," ",NA," "," "," ",NA," "," "," ",NA," "," "," ",NA," "," "," ",NA," "," "," ",NA," "," "," ",NA," "," "," ",NA," "," "," ",NA," "," "," ",NA," "," "," ",NA," "," "," "
"4842","USC00413787",2013,12,"TMAX",156," "," ","7",161," "," ","7",194," "," ","7",228," "," ","7",6," "," ","7",-100," "," ","7",-83," "," ","7",-56," "," ","7",83," "," ","7",-44," "," ","7",117," "," ","7",28," "," ","7",122," "," ","7",122," "," ","7",100," "," ","7",161," "," ","7",172," "," ","7",150," "," ","7",194," "," ","7",206," "," ","7",-22," "," ","7",-33," "," ","7",6," "," ","7",-50," "," ","7",78," "," ","7",94," "," ","7",111," "," ","7",139," "," ","7",133," "," ","7",-17," "," ","7",117," "," ","7"
"4843","USC00413787",2013,12,"TMIN",6," "," ","7",-11," "," ","7",-6," "," ","7",-39," "," ","7",-106," "," ","7",-139," "," ","7",-161," "," ","7",-144," "," ","7",-111," "," ","7",-133," "," ","7",-133," "," ","7",-78," "," ","7",-78," "," ","7",-39," "," ","7",-78," "," ","7",-67," "," ","7",-33," "," ","7",-17," "," ","7",-17," "," ","7",-72," "," ","7",-78," "," ","7",-122," "," ","7",-94," "," ","7",-106," "," ","7",-50," "," ","7",-50," "," ","7",-44," "," ","7",-50," "," ","7",-83," "," ","7",-111," "," ","7",-50," "," ","7"
"4844","USC00413787",2013,12,"TOBS",22," "," ","7",11," "," ","7",6," "," ","7",-39," "," ","7",-106," "," ","7",-139," "," ","7",-144," "," ","7",-56," "," ","7",-100," "," ","7",-133," "," ","7",-78," "," ","7",-78," "," ","7",0," "," ","7",-22," "," ","7",-67," "," ","7",-17," "," ","7",-11," "," ","7",-11," "," ","7",6," "," ","7",-72," "," ","7",-33," "," ","7",-94," "," ","7",-67," "," ","7",-50," "," ","7",-22," "," ","7",-33," "," ","7",-22," "," ","7",-44," "," ","7",-78," "," ","7",-44," "," ","7",-28," "," ","7"
"4845","USC00413787",2013,12,"PRCP",0," "," ","7",0," "," ","7",0," "," ","7",0," "," ","7",0," "," ","7",0," "," ","7",0," "," ","7",0," "," ","7",0," "," ","7",0," "," ","7",0," "," ","7",0," "," ","7",0," "," ","7",0," "," ","7",0," "," ","7",0," "," ","7",0," "," ","7",0," "," ","7",0," "," ","7",0," "," ","7",0," "," ","7",58," "," ","7",0," "," ","7",0," "," ","7",0," "," ","7",0," "," ","7",0," "," ","7",0," "," ","7",0," "," ","7",0," "," ","7",0," "," ","7"
"4846","USC00413787",2013,12,"SNOW",NA," "," "," ",NA," "," "," ",NA," "," "," ",NA," "," "," ",NA," "," "," ",NA," "," "," ",NA," "," "," ",NA," "," "," ",NA," "," "," ",NA," "," "," ",NA," "," "," ",NA," "," "," ",NA," "," "," ",NA," "," "," ",NA," "," "," ",NA," "," "," ",NA," "," "," ",NA," "," "," ",NA," "," "," ",NA," "," "," ",NA," "," "," ",102," "," ","7",NA," "," "," ",NA," "," "," ",NA," "," "," ",NA," "," "," ",NA," "," "," ",NA," "," "," ",NA," "," "," ",NA," "," "," ",NA," "," "," "
"4847","USC00413787",2013,12,"SNWD",NA," "," "," ",NA," "," "," ",NA," "," "," ",NA," "," "," ",NA," "," "," ",NA," "," "," ",NA," "," "," ",NA," "," "," ",NA," "," "," ",NA," "," "," ",NA," "," "," ",NA," "," "," ",NA," "," "," ",NA," "," "," ",NA," "," "," ",NA," "," "," ",NA," "," "," ",NA," "," "," ",NA," "," "," ",NA," "," "," ",NA," "," "," ",76," "," ","7",NA," "," "," ",NA," "," "," ",NA," "," "," ",NA," "," "," ",NA," "," "," ",NA," "," "," ",NA," "," "," ",NA," "," "," ",NA," "," "," "
"4848","USC00413787",2014,1,"TMAX",144," "," ","7",94," "," ","7",94," "," ","7",161," "," ","7",44," "," ","7",-67," "," ","7",-28," "," ","7",111," "," ","7",22," "," ","7",117," "," ","7",122," "," ","7",144," "," ","7",211," "," ","7",133," "," ","7",89," "," ","7",122," "," ","7",122," "," ","7",128," "," ","7",161," "," ","7",194," "," ","7",144," "," ","7",189," "," ","7",94," "," ","7",-100," "," ","7",133," "," ","7",178," "," ","7",167," "," ","7",-61," "," ","7",22," "," ","7",106," "," ","7",133," "," ","7"
"4849","USC00413787",2014,1,"TMIN",-56," "," ","7",-106," "," ","7",-94," "," ","7",-11," "," ","7",-144," "," ","7",-200," "," ","7",-161," "," ","7",-67," "," ","7",-94," "," ","7",-94," "," ","7",-56," "," ","7",-39," "," ","7",-94," "," ","7",-94," "," ","7",-39," "," ","7",-28," "," ","7",-78," "," ","7",-78," "," ","7",-33," "," ","7",-6," "," ","7",-89," "," ","7",-89," "," ","7",-122," "," ","7",-183," "," ","7",-106," "," ","7",-39," "," ","7",-89," "," ","7",-128," "," ","7",-133," "," ","7",-78," "," ","7",-78," "," ","7"
"4850","USC00413787",2014,1,"TOBS",-39," "," ","7",-94," "," ","7",-11," "," ","7",11," "," ","7",-133," "," ","7",-161," "," ","7",-67," "," ","7",-39," "," ","7",-94," "," ","7",22," "," ","7",-39," "," ","7",133," "," ","7",-94," "," ","7",-11," "," ","7",-28," "," ","7",11," "," ","7",-78," "," ","7",0," "," ","7",17," "," ","7",17," "," ","7",-89," "," ","7",-39," "," ","7",-122," "," ","7",-106," "," ","7",33," "," ","7",33," "," ","7",-83," "," ","7",-128," "," ","7",-78," "," ","7",50," "," ","7",-61," "," ","7"
"4851","USC00413787",2014,1,"PRCP",0," "," ","7",0," "," ","7",0," "," ","7",0," "," ","7",25," "," ","7",0," "," ","7",0," "," ","7",0," "," ","7",0," "," ","7",0," "," ","7",0," "," ","7",0," "," ","7",0," "," ","7",0," "," ","7",0," "," ","7",0," "," ","7",0," "," ","7",0," "," ","7",0," "," ","7",0," "," ","7",0," "," ","7",0," "," ","7",0," "," ","7",13," "," ","7",0," "," ","7",0," "," ","7",0," "," ","7",8," "," ","7",0," "," ","7",0," "," ","7",0," "," ","7"
"4852","USC00413787",2014,1,"SNOW",NA," "," "," ",NA," "," "," ",NA," "," "," ",NA," "," "," ",25," "," ","7",NA," "," "," ",NA," "," "," ",NA," "," "," ",NA," "," "," ",NA," "," "," ",NA," "," "," ",NA," "," "," ",NA," "," "," ",NA," "," "," ",NA," "," "," ",NA," "," "," ",NA," "," "," ",NA," "," "," ",NA," "," "," ",NA," "," "," ",NA," "," "," ",NA," "," "," ",NA," "," "," ",25," "," ","7",NA," "," "," ",NA," "," "," ",NA," "," "," ",25," "," ","7",NA," "," "," ",NA," "," "," ",NA," "," "," "
"4853","USC00413787",2014,1,"SNWD",NA," "," "," ",NA," "," "," ",NA," "," "," ",NA," "," "," ",25," "," ","7",25," "," ","7",25," "," ","7",NA," "," "," ",NA," "," "," ",NA," "," "," ",NA," "," "," ",NA," "," "," ",NA," "," "," ",NA," "," "," ",NA," "," "," ",NA," "," "," ",NA," "," "," ",NA," "," "," ",NA," "," "," ",NA," "," "," ",NA," "," "," ",NA," "," "," ",NA," "," "," ",25," "," ","7",NA," "," "," ",NA," "," "," ",NA," "," "," ",25," "," ","7",NA," "," "," ",NA," "," "," ",NA," "," "," "
"4854","USC00413787",2014,2,"TMAX",17," "," ","7",11," "," ","7",11," "," ","7",56," "," ","7",-6," "," ","7",-139," "," ","7",-128," "," ","7",-17," "," ","7",94," "," ","7",-61," "," ","7",-78," "," ","7",50," "," ","7",100," "," ","7",178," "," ","7",144," "," ","7",267," "," ","7",189," "," ","7",167," "," ","7",267," "," ","7",189," "," ","7",94," "," ","7",167," "," ","7",167," "," ","7",72," "," ","7",178," "," ","7",11," "," ","7",72," "," ","7",183," "," ","7",NA," "," "," ",NA," "," "," ",NA," "," "," "
"4855","USC00413787",2014,2,"TMIN",-83," "," ","7",-100," "," ","7",-100," "," ","7",-44," "," ","7",-183," "," ","7",-183," "," ","7",-178," "," ","7",-144," "," ","7",-106," "," ","7",-111," "," ","7",-122," "," ","7",-122," "," ","7",-44," "," ","7",-39," "," ","7",0," "," ","7",-33," "," ","7",-33," "," ","7",22," "," ","7",22," "," ","7",-6," "," ","7",-78," "," ","7",-61," "," ","7",-33," "," ","7",-100," "," ","7",-78," "," ","7",-139," "," ","7",-128," "," ","7",-72," "," ","7",NA," "," "," ",NA," "," "," ",NA," "," "," "
"4856","USC00413787",2014,2,"TOBS",-67," "," ","7",-94," "," ","7",-44," "," ","7",-39," "," ","7",-183," "," ","7",-178," "," ","7",-139," "," ","7",-106," "," ","7",-67," "," ","7",-111," "," ","7",-122," "," ","7",-11," "," ","7",-39," "," ","7",28," "," ","7",33," "," ","7",-33," "," ","7",22," "," ","7",78," "," ","7",22," "," ","7",0," "," ","7",-61," "," ","7",-22," "," ","7",-33," "," ","7",-78," "," ","7",-61," "," ","7",-128," "," ","7",-72," "," ","7",44," "," ","7",NA," "," "," ",NA," "," "," ",NA," "," "," "
"4857","USC00413787",2014,2,"PRCP",0," "," ","7",0," "," ","7",0," "," ","7",122," "," ","7",5," "," ","7",33," "," ","7",0," "," ","7",0," "," ","7",0," "," ","7",0," "," ","7",0," "," ","7",0," "," ","7",0," "," ","7",0," "," ","7",0," "," ","7",0," "," ","7",0," "," ","7",0," "," ","7",0," "," ","7",0," "," ","7",0," "," ","7",0," "," ","7",0," "," ","7",0," "," ","7",0," "," ","7",0," "," ","7",0," "," ","7",0," "," ","7",NA," "," "," ",NA," "," "," ",NA," "," "," "
"4858","USC00413787",2014,2,"SNOW",NA," "," "," ",NA," "," "," ",NA," "," "," ",51," "," ","7",13," "," ","7",51," "," ","7",0," "," ","7",NA," "," "," ",0," "," ","7",NA," "," "," ",NA," "," "," ",NA," "," "," ",NA," "," "," ",NA," "," "," ",NA," "," "," ",NA," "," "," ",NA," "," "," ",NA," "," "," ",NA," "," "," ",NA," "," "," ",NA," "," "," ",NA," "," "," ",NA," "," "," ",NA," "," "," ",NA," "," "," ",NA," "," "," ",NA," "," "," ",NA," "," "," ",NA," "," "," ",NA," "," "," ",NA," "," "," "
"4859","USC00413787",2014,2,"SNWD",NA," "," "," ",NA," "," "," ",NA," "," "," ",51," "," ","7",51," "," ","7",NA," "," "," ",51," "," ","7",NA," "," "," ",NA," "," "," ",NA," "," "," ",NA," "," "," ",NA," "," "," ",NA," "," "," ",NA," "," "," ",NA," "," "," ",NA," "," "," ",NA," "," "," ",NA," "," "," ",NA," "," "," ",NA," "," "," ",NA," "," "," ",NA," "," "," ",NA," "," "," ",NA," "," "," ",NA," "," "," ",NA," "," "," ",NA," "," "," ",NA," "," "," ",NA," "," "," ",NA," "," "," ",NA," "," "," "
"4860","USC00413787",2014,3,"TMAX",217," "," ","7",-17," "," ","7",-17," "," ","7",61," "," ","7",194," "," ","7",61," "," ","7",211," "," ","7",172," "," ","7",100," "," ","7",200," "," ","7",272," "," ","7",206," "," ","7",128," "," ","7",211," "," ","7",189," "," ","7",206," "," ","7",106," "," ","7",228," "," ","7",139," "," ","7",150," "," ","7",244," "," ","7",167," "," ","7",122," "," ","7",100," "," ","7",133," "," ","7",167," "," ","7",228," "," ","7",222," "," ","7",161," "," ","7",206," "," ","7",278," "," ","7"
"4861","USC00413787",2014,3,"TMIN",-17," "," ","7",-150," "," ","7",-172," "," ","7",-172," "," ","7",-44," "," ","7",-28," "," ","7",-28," "," ","7",-33," "," ","7",-50," "," ","7",-17," "," ","7",17," "," ","7",-33," "," ","7",-39," "," ","7",-33," "," ","7",6," "," ","7",-22," "," ","7",-39," "," ","7",-17," "," ","7",-50," "," ","7",-50," "," ","7",-11," "," ","7",-28," "," ","7",-61," "," ","7",-50," "," ","7",-56," "," ","7",-56," "," ","7",44," "," ","7",11," "," ","7",-22," "," ","7",-28," "," ","7",94," "," ","7"
"4862","USC00413787",2014,3,"TOBS",-17," "," ","7",-150," "," ","7",-172," "," ","7",-44," "," ","7",-6," "," ","7",-28," "," ","7",94," "," ","7",-28," "," ","7",-17," "," ","7",22," "," ","7",78," "," ","7",-33," "," ","7",-33," "," ","7",72," "," ","7",11," "," ","7",-22," "," ","7",-17," "," ","7",33," "," ","7",-50," "," ","7",-6," "," ","7",83," "," ","7",-17," "," ","7",-50," "," ","7",-17," "," ","7",-56," "," ","7",56," "," ","7",100," "," ","7",11," "," ","7",-22," "," ","7",100," "," ","7",100," "," ","7"
"4863","USC00413787",2014,3,"PRCP",0," "," ","7",36," "," ","7",18," "," ","7",0," "," ","7",0," "," ","7",0," "," ","7",0," "," ","7",0," "," ","7",0," "," ","7",0," "," ","7",0," "," ","7",0," "," ","7",0," "," ","7",0," "," ","7",0," "," ","7",0," "," ","7",0," "," ","7",0," "," ","7",0," "," ","7",0," "," ","7",0," "," ","7",0," "," ","7",0," "," ","7",0," "," ","7",0," "," ","7",0," "," ","7",0," "," ","7",0," "," ","7",0," "," ","7",0," "," ","7",0," "," ","7"
"4864","USC00413787",2014,3,"SNOW",NA," "," "," ",13," "," ","7",25," "," ","7",NA," "," "," ",NA," "," "," ",NA," "," "," ",NA," "," "," ",NA," "," "," ",NA," "," "," ",NA," "," "," ",NA," "," "," ",NA," "," "," ",NA," "," "," ",NA," "," "," ",NA," "," "," ",NA," "," "," ",NA," "," "," ",NA," "," "," ",NA," "," "," ",NA," "," "," ",NA," "," "," ",NA," "," "," ",NA," "," "," ",NA," "," "," ",NA," "," "," ",NA," "," "," ",NA," "," "," ",NA," "," "," ",NA," "," "," ",NA," "," "," ",NA," "," "," "
"4865","USC00413787",2014,3,"SNWD",NA," "," "," ",25," "," ","7",25," "," ","7",NA," "," "," ",NA," "," "," ",NA," "," "," ",NA," "," "," ",NA," "," "," ",NA," "," "," ",NA," "," "," ",NA," "," "," ",NA," "," "," ",NA," "," "," ",NA," "," "," ",NA," "," "," ",NA," "," "," ",NA," "," "," ",NA," "," "," ",NA," "," "," ",NA," "," "," ",NA," "," "," ",NA," "," "," ",NA," "," "," ",NA," "," "," ",NA," "," "," ",NA," "," "," ",NA," "," "," ",NA," "," "," ",NA," "," "," ",NA," "," "," ",NA," "," "," "
"4866","USC00413787",2014,4,"TMAX",244," "," ","7",211," "," ","7",294," "," ","7",139," "," ","7",172," "," ","7",144," "," ","7",156," "," ","7",167," "," ","7",233," "," ","7",306," "," ","7",239," "," ","7",272," "," ","7",317," "," ","7",161," "," ","7",72," "," ","7",200," "," ","7",206," "," ","7",106," "," ","7",233," "," ","7",267," "," ","7",250," "," ","7",261," "," ","7",283," "," ","7",317," "," ","7",222," "," ","7",306," "," ","7",317," "," ","7",222," "," ","7",206," "," ","7",144," "," ","7",NA," "," "," "
"4867","USC00413787",2014,4,"TMIN",-11," "," ","7",-11," "," ","7",28," "," ","7",-33," "," ","7",-22," "," ","7",28," "," ","7",28," "," ","7",-11," "," ","7",-6," "," ","7",50," "," ","7",44," "," ","7",33," "," ","7",100," "," ","7",-44," "," ","7",-50," "," ","7",-39," "," ","7",56," "," ","7",6," "," ","7",22," "," ","7",94," "," ","7",83," "," ","7",94," "," ","7",111," "," ","7",39," "," ","7",39," "," ","7",56," "," ","7",89," "," ","7",50," "," ","7",50," "," ","7",11," "," ","7",NA," "," "," "
"4868","USC00413787",2014,4,"TOBS",-11," "," ","7",67," "," ","7",39," "," ","7",-22," "," ","7",67," "," ","7",39," "," ","7",44," "," ","7",-6," "," ","7",50," "," ","7",122," "," ","7",44," "," ","7",144," "," ","7",144," "," ","7",-39," "," ","7",-39," "," ","7",56," "," ","7",56," "," ","7",22," "," ","7",122," "," ","7",117," "," ","7",94," "," ","7",111," "," ","7",167," "," ","7",39," "," ","7",56," "," ","7",161," "," ","7",100," "," ","7",67," "," ","7",78," "," ","7",33," "," ","7",NA," "," "," "
"4869","USC00413787",2014,4,"PRCP",0," "," ","7",0," "," ","7",0," "," ","7",0," "," ","7",0," "," ","7",3," "," ","7",8," "," ","7",0," "," ","7",0," "," ","7",0," "," ","7",0," "," ","7",0," "," ","7",0," "," ","7",23," "," ","7",0," "," ","7",0," "," ","7",0," "," ","7",0," "," ","7",0," "," ","7",0," "," ","7",0," "," ","7",0," "," ","7",0," "," ","7",0," "," ","7",5," "," ","7",0," "," ","7",0," "," ","7",0," "," ","7",0," "," ","7",0," "," ","7",NA," "," "," "
"4870","USC00413787",2014,4,"SNOW",NA," "," "," ",NA," "," "," ",NA," "," "," ",NA," "," "," ",NA," "," "," ",NA," "," "," ",NA," "," "," ",NA," "," "," ",NA," "," "," ",NA," "," "," ",NA," "," "," ",NA," "," "," ",NA," "," "," ",25," "," ","7",NA," "," "," ",NA," "," "," ",NA," "," "," ",NA," "," "," ",NA," "," "," ",NA," "," "," ",NA," "," "," ",NA," "," "," ",NA," "," "," ",NA," "," "," ",NA," "," "," ",NA," "," "," ",NA," "," "," ",NA," "," "," ",NA," "," "," ",NA," "," "," ",NA," "," "," "
"4871","USC00413787",2014,4,"SNWD",NA," "," "," ",NA," "," "," ",NA," "," "," ",NA," "," "," ",NA," "," "," ",NA," "," "," ",NA," "," "," ",NA," "," "," ",NA," "," "," ",NA," "," "," ",NA," "," "," ",NA," "," "," ",NA," "," "," ",25," "," ","7",NA," "," "," ",NA," "," "," ",NA," "," "," ",NA," "," "," ",NA," "," "," ",NA," "," "," ",NA," "," "," ",NA," "," "," ",NA," "," "," ",NA," "," "," ",NA," "," "," ",NA," "," "," ",NA," "," "," ",NA," "," "," ",NA," "," "," ",NA," "," "," ",NA," "," "," "
"4872","USC00413787",2014,5,"TMAX",167," "," ","7",178," "," ","7",250," "," ","7",328," "," ","7",356," "," ","7",361," "," ","7",328," "," ","7",328," "," ","7",267," "," ","7",267," "," ","7",322," "," ","7",344," "," ","7",128," "," ","7",128," "," ","7",167," "," ","7",189," "," ","7",306," "," ","7",239," "," ","7",278," "," ","7",356," "," ","7",356," "," ","7",306," "," ","7",NA," "," "," ",317," "," ","7",239," "," ","7",244," "," ","7",217," "," ","7",278," "," ","7",317," "," ","7",322," "," ","7",317," "," ","7"
"4873","USC00413787",2014,5,"TMIN",-6," "," ","7",0," "," ","7",11," "," ","7",17," "," ","7",106," "," ","7",100," "," ","7",122," "," ","7",111," "," ","7",11," "," ","7",11," "," ","7",122," "," ","7",28," "," ","7",-17," "," ","7",-11," "," ","7",17," "," ","7",56," "," ","7",67," "," ","7",100," "," ","7",117," "," ","7",100," "," ","7",150," "," ","7",128," "," ","7",NA," "," "," ",139," "," ","7",128," "," ","7",133," "," ","7",128," "," ","7",128," "," ","7",150," "," ","7",167," "," ","7",150," "," ","7"
"4874","USC00413787",2014,5,"TOBS",22," "," ","7",17," "," ","7",39," "," ","7",283," "," ","7",111," "," ","7",133," "," ","7",161," "," ","7",122," "," ","7",39," "," ","7",122," "," ","7",189," "," ","7",44," "," ","7",28," "," ","7",17," "," ","7",72," "," ","7",72," "," ","7",100," "," ","7",117," "," ","7",189," "," ","7",156," "," ","7",178," "," ","7",150," "," ","7",NA," "," "," ",150," "," ","7",161," "," ","7",156," "," ","7",128," "," ","7",150," "," ","7",167," "," ","7",194," "," ","7",161," "," ","7"
"4875","USC00413787",2014,5,"PRCP",0," "," ","7",0," "," ","7",0," "," ","7",0," "," ","7",0," "," ","7",0," "," ","7",0," "," ","7",0," "," ","7",0," "," ","7",0," "," ","7",0," "," ","7",0," "," ","7",0," "," ","7",0," "," ","7",0," "," ","7",0," "," ","7",0," "," ","7",0," "," ","7",0," "," ","7",0," "," ","7",0," "," ","7",5," "," ","7",NA," "," "," ",69," "," ","7",43," "," ","7",117," "," ","7",0," "," ","7",0," "," ","7",0," "," ","7",0," "," ","7",229," "," ","7"
"4876","USC00413787",2014,6,"TMAX",300," "," ","7",356," "," ","7",356," "," ","7",350," "," ","7",322," "," ","7",311," "," ","7",311," "," ","7",194," "," ","7",233," "," ","7",172," "," ","7",289," "," ","7",333," "," ","7",250," "," ","7",283," "," ","7",356," "," ","7",256," "," ","7",367," "," ","7",372," "," ","7",344," "," ","7",311," "," ","7",306," "," ","7",317," "," ","7",344," "," ","7",239," "," ","7",211," "," ","7",294," "," ","7",317," "," ","7",333," "," ","7",333," "," ","7",372," "," ","7",NA," "," "," "
"4877","USC00413787",2014,6,"TMIN",161," "," ","7",122," "," ","7",122," "," ","7",200," "," ","7",183," "," ","7",189," "," ","7",161," "," ","7",139," "," ","7",72," "," ","7",83," "," ","7",106," "," ","7",144," "," ","7",128," "," ","7",150," "," ","7",50," "," ","7",94," "," ","7",128," "," ","7",211," "," ","7",167," "," ","7",161," "," ","7",156," "," ","7",189," "," ","7",111," "," ","7",117," "," ","7",100," "," ","7",172," "," ","7",200," "," ","7",194," "," ","7",194," "," ","7",228," "," ","7",NA," "," "," "
"4878","USC00413787",2014,6,"TOBS",211," "," ","7",194," "," ","7",200," "," ","7",217," "," ","7",189," "," ","7",194," "," ","7",161," "," ","7",156," "," ","7",122," "," ","7",106," "," ","7",167," "," ","7",156," "," ","7",156," "," ","7",211," "," ","7",94," "," ","7",183," "," ","7",217," "," ","7",233," "," ","7",167," "," ","7",172," "," ","7",189," "," ","7",200," "," ","7",117," "," ","7",133," "," ","7",172," "," ","7",200," "," ","7",217," "," ","7",200," "," ","7",228," "," ","7",239," "," ","7",NA," "," "," "
"4879","USC00413787",2014,6,"PRCP",0," "," ","7",0," "," ","7",0," "," ","7",0," "," ","7",0," "," ","7",25," "," ","7",76," "," ","7",107," "," ","7",119," "," ","7",0," "," ","7",0," "," ","7",5," "," ","7",0," "," ","7",0," "," ","7",0," "," ","7",0," "," ","7",0," "," ","7",0," "," ","7",30," "," ","7",0," "," ","7",0," "," ","7",0," "," ","7",127," "," ","7",0," "," ","7",343," "," ","7",0," "," ","7",0," "," ","7",0," "," ","7",0," "," ","7",0," "," ","7",NA," "," "," "
"4880","USC00413787",2014,7,"TMAX",372," "," ","7",278," "," ","7",239," "," ","7",294," "," ","7",328," "," ","7",350," "," ","7",367," "," ","7",367," "," ","7",294," "," ","7",350," "," ","7",361," "," ","7",350," "," ","7",339," "," ","7",333," "," ","7",333," "," ","7",244," "," ","7",294," "," ","7",172," "," ","7",267," "," ","7",344," "," ","7",367," "," ","7",378," "," ","7",367," "," ","7",372," "," ","7",378," "," ","7",406," "," ","7",406," "," ","7",317," "," ","7",222," "," ","7",272," "," ","7",217," "," ","7"
"4881","USC00413787",2014,7,"TMIN",172," "," ","7",167," "," ","7",150," "," ","7",161," "," ","7",178," "," ","7",189," "," ","7",194," "," ","7",189," "," ","7",183," "," ","7",194," "," ","7",178," "," ","7",200," "," ","7",200," "," ","7",189," "," ","7",172," "," ","7",139," "," ","7",133," "," ","7",133," "," ","7",156," "," ","7",172," "," ","7",217," "," ","7",200," "," ","7",189," "," ","7",189," "," ","7",200," "," ","7",206," "," ","7",228," "," ","7",172," "," ","7",156," "," ","7",167," "," ","7",133," "," ","7"
"4882","USC00413787",2014,7,"TOBS",172," "," ","7",167," "," ","7",161," "," ","7",178," "," ","7",206," "," ","7",200," "," ","7",211," "," ","7",194," "," ","7",200," "," ","7",211," "," ","7",200," "," ","7",217," "," ","7",211," "," ","7",200," "," ","7",172," "," ","7",144," "," ","7",133," "," ","7",156," "," ","7",172," "," ","7",239," "," ","7",228," "," ","7",211," "," ","7",200," "," ","7",200," "," ","7",239," "," ","7",244," "," ","7",239," "," ","7",172," "," ","7",167," "," ","7",178," "," ","7",150," "," ","7"
"4883","USC00413787",2014,7,"PRCP",165," "," ","7",25," "," ","7",0," "," ","7",0," "," ","7",0," "," ","7",0," "," ","7",0," "," ","7",0," "," ","7",0," "," ","7",0," "," ","7",0," "," ","7",0," "," ","7",0," "," ","7",8," "," ","7",0," "," ","7",0," "," ","7",46," "," ","7",0," "," ","7",0," "," ","7",0," "," ","7",0," "," ","7",0," "," ","7",38," "," ","7",0," "," ","7",0," "," ","7",0," "," ","7",0," "," ","7",102," "," ","7",64," "," ","7",259," "," ","7",5," "," ","7"
"4884","USC00413787",2014,8,"TMAX",272," "," ","7",306," "," ","7",311," "," ","7",311," "," ","7",333," "," ","7",344," "," ","7",344," "," ","7",356," "," ","7",300," "," ","7",333," "," ","7",322," "," ","7",289," "," ","7",333," "," ","7",350," "," ","7",356," "," ","7",361," "," ","7",339," "," ","7",356," "," ","7",372," "," ","7",339," "," ","7",367," "," ","7",372," "," ","7",367," "," ","7",350," "," ","7",361," "," ","7",367," "," ","7",339," "," ","7",317," "," ","7",328," "," ","7",328," "," ","7",344," "," ","7"
"4885","USC00413787",2014,8,"TMIN",139," "," ","7",150," "," ","7",139," "," ","7",167," "," ","7",178," "," ","7",178," "," ","7",183," "," ","7",189," "," ","7",167," "," ","7",167," "," ","7",172," "," ","7",156," "," ","7",161," "," ","7",183," "," ","7",200," "," ","7",189," "," ","7",167," "," ","7",172," "," ","7",183," "," ","7",183," "," ","7",206," "," ","7",206," "," ","7",189," "," ","7",183," "," ","7",183," "," ","7",183," "," ","7",183," "," ","7",172," "," ","7",144," "," ","7",150," "," ","7",161," "," ","7"
"4886","USC00413787",2014,8,"TOBS",150," "," ","7",178," "," ","7",167," "," ","7",178," "," ","7",183," "," ","7",189," "," ","7",200," "," ","7",194," "," ","7",167," "," ","7",183," "," ","7",189," "," ","7",161," "," ","7",183," "," ","7",200," "," ","7",200," "," ","7",211," "," ","7",172," "," ","7",194," "," ","7",183," "," ","7",206," "," ","7",233," "," ","7",222," "," ","7",228," "," ","7",194," "," ","7",211," "," ","7",183," "," ","7",183," "," ","7",172," "," ","7",150," "," ","7",161," "," ","7",194," "," ","7"
"4887","USC00413787",2014,8,"PRCP",0," "," ","7",0," "," ","7",0," "," ","7",0," "," ","7",0," "," ","7",0," "," ","7",0," "," ","7",64," "," ","7",25," "," ","7",20," "," ","7",0," "," ","7",28," "," ","7",0," "," ","7",0," "," ","7",0," "," ","7",0," "," ","7",18," "," ","7",0," "," ","7",0," "," ","7",0," "," ","7",0," "," ","7",0," "," ","7",0," "," ","7",0," "," ","7",0," "," ","7",13," "," ","7",119," "," ","7",13," "," ","7",5," "," ","7",0," "," ","7",0," "," ","7"
"4888","USC00413787",2014,9,"TMAX",383," "," ","7",283," "," ","7",317," "," ","7",361," "," ","7",344," "," ","7",200," "," ","7",228," "," ","7",272," "," ","7",317," "," ","7",344," "," ","7",272," "," ","7",217," "," ","7",89," "," ","7",206," "," ","7",278," "," ","7",250," "," ","7",289," "," ","7",289," "," ","7",289," "," ","7",278," "," ","7",306," "," ","7",278," "," ","7",267," "," ","7",306," "," ","7",261," "," ","7",278," "," ","7",283," "," ","7",283," "," ","7",283," "," ","7",278," "," ","7",NA," "," "," "
"4889","USC00413787",2014,9,"TMIN",144," "," ","7",139," "," ","7",183," "," ","7",200," "," ","7",156," "," ","7",106," "," ","7",111," "," ","7",133," "," ","7",167," "," ","7",117," "," ","7",67," "," ","7",67," "," ","7",50," "," ","7",50," "," ","7",122," "," ","7",144," "," ","7",144," "," ","7",144," "," ","7",150," "," ","7",161," "," ","7",172," "," ","7",133," "," ","7",139," "," ","7",161," "," ","7",106," "," ","7",106," "," ","7",128," "," ","7",128," "," ","7",122," "," ","7",128," "," ","7",NA," "," "," "
"4890","USC00413787",2014,9,"TOBS",144," "," ","7",194," "," ","7",217," "," ","7",200," "," ","7",156," "," ","7",117," "," ","7",133," "," ","7",167," "," ","7",206," "," ","7",172," "," ","7",122," "," ","7",67," "," ","7",50," "," ","7",122," "," ","7",161," "," ","7",144," "," ","7",156," "," ","7",150," "," ","7",161," "," ","7",183," "," ","7",178," "," ","7",139," "," ","7",161," "," ","7",178," "," ","7",106," "," ","7",133," "," ","7",150," "," ","7",156," "," ","7",128," "," ","7",156," "," ","7",NA," "," "," "
"4891","USC00413787",2014,9,"PRCP",0," "," ","7",0," "," ","7",0," "," ","7",0," "," ","7",13," "," ","7",221," "," ","7",0," "," ","7",0," "," ","7",0," "," ","7",0," "," ","7",0," "," ","7",142," "," ","7",0," "," ","7",0," "," ","7",0," "," ","7",0," "," ","7",0," "," ","7",0," "," ","7",0," "," ","7",0," "," ","7",0," "," ","7",0," "," ","7",0," "," ","7",0," "," ","7",5," "," ","7",0," "," ","7",0," "," ","7",0," "," ","7",0," "," ","7",0," "," ","7",NA," "," "," "
"4892","USC00413787",2014,10,"TMAX",289," "," ","7",294," "," ","7",222," "," ","7",183," "," ","7",250," "," ","7",283," "," ","7",289," "," ","7",322," "," ","7",289," "," ","7",250," "," ","7",117," "," ","7",172," "," ","7",267," "," ","7",172," "," ","7",239," "," ","7",289," "," ","7",289," "," ","7",222," "," ","7",200," "," ","7",250," "," ","7",256," "," ","7",261," "," ","7",239," "," ","7",261," "," ","7",317," "," ","7",322," "," ","7",322," "," ","7",189," "," ","7",183," "," ","7",228," "," ","7",222," "," ","7"
"4893","USC00413787",2014,10,"TMIN",89," "," ","7",111," "," ","7",50," "," ","7",39," "," ","7",39," "," ","7",39," "," ","7",61," "," ","7",94," "," ","7",122," "," ","7",106," "," ","7",61," "," ","7",61," "," ","7",67," "," ","7",28," "," ","7",28," "," ","7",33," "," ","7",72," "," ","7",72," "," ","7",67," "," ","7",67," "," ","7",78," "," ","7",78," "," ","7",106," "," ","7",78," "," ","7",72," "," ","7",83," "," ","7",106," "," ","7",22," "," ","7",11," "," ","7",11," "," ","7",22," "," ","7"
"4894","USC00413787",2014,10,"TOBS",111," "," ","7",111," "," ","7",61," "," ","7",50," "," ","7",72," "," ","7",61," "," ","7",100," "," ","7",122," "," ","7",189," "," ","7",106," "," ","7",61," "," ","7",111," "," ","7",78," "," ","7",33," "," ","7",33," "," ","7",83," "," ","7",72," "," ","7",89," "," ","7",67," "," ","7",94," "," ","7",83," "," ","7",144," "," ","7",106," "," ","7",83," "," ","7",83," "," ","7",106," "," ","7",156," "," ","7",28," "," ","7",11," "," ","7",61," "," ","7",22," "," ","7"
"4895","USC00413787",2014,10,"PRCP",0," "," ","7",0," "," ","7",0," "," ","7",0," "," ","7",0," "," ","7",0," "," ","7",0," "," ","7",0," "," ","7",0," "," ","7",64," "," ","7",5," "," ","7",0," "," ","7",114," "," ","7",0," "," ","7",0," "," ","7",0," "," ","7",0," "," ","7",0," "," ","7",0," "," ","7",0," "," ","7",0," "," ","7",0," "," ","7",0," "," ","7",0," "," ","7",0," "," ","7",0," "," ","7",0," "," ","7",0," "," ","7",0," "," ","7",0," "," ","7",0," "," ","7"
"4896","USC00413787",2014,11,"TMAX",228," "," ","7",189," "," ","7",244," "," ","7",217," "," ","7",111," "," ","7",183," "," ","7",200," "," ","7",256," "," ","7",183," "," ","7",233," "," ","7",294," "," ","7",6," "," ","7",-78," "," ","7",-33," "," ","7",50," "," ","7",150," "," ","7",-39," "," ","7",44," "," ","7",117," "," ","7",122," "," ","7",144," "," ","7",156," "," ","7",211," "," ","7",111," "," ","7",106," "," ","7",111," "," ","7",100," "," ","7",161," "," ","7",267," "," ","7",267," "," ","7",NA," "," "," "
"4897","USC00413787",2014,11,"TMIN",17," "," ","7",28," "," ","7",89," "," ","7",28," "," ","7",6," "," ","7",6," "," ","7",17," "," ","7",61," "," ","7",44," "," ","7",44," "," ","7",-83," "," ","7",-106," "," ","7",-111," "," ","7",-111," "," ","7",-61," "," ","7",-111," "," ","7",-139," "," ","7",-139," "," ","7",-100," "," ","7",-56," "," ","7",-50," "," ","7",-50," "," ","7",-6," "," ","7",-50," "," ","7",-78," "," ","7",-78," "," ","7",-61," "," ","7",-28," "," ","7",22," "," ","7",11," "," ","7",NA," "," "," "
"4898","USC00413787",2014,11,"TOBS",28," "," ","7",94," "," ","7",122," "," ","7",33," "," ","7",11," "," ","7",17," "," ","7",61," "," ","7",100," "," ","7",44," "," ","7",67," "," ","7",-78," "," ","7",-94," "," ","7",-111," "," ","7",-61," "," ","7",-39," "," ","7",-111," "," ","7",-128," "," ","7",-100," "," ","7",-33," "," ","7",-50," "," ","7",-6," "," ","7",-6," "," ","7",78," "," ","7",-50," "," ","7",-78," "," ","7",-11," "," ","7",-28," "," ","7",56," "," ","7",100," "," ","7",61," "," ","7",NA," "," "," "
"4899","USC00413787",2014,11,"PRCP",0," "," ","7",0," "," ","7",3," "," ","7",0," "," ","7",0," "," ","7",0," "," ","7",0," "," ","7",0," "," ","7",0," "," ","7",0," "," ","7",0," "," ","7",0," "," ","7",0," "," ","7",0," "," ","7",0," "," ","7",64," "," ","7",0," "," ","7",0," "," ","7",0," "," ","7",0," "," ","7",0," "," ","7",0," "," ","7",0," "," ","7",0," "," ","7",0," "," ","7",0," "," ","7",0," "," ","7",0," "," ","7",0," "," ","7",0," "," ","7",NA," "," "," "
"4900","USC00413787",2014,11,"SNOW",NA," "," "," ",NA," "," "," ",NA," "," "," ",NA," "," "," ",NA," "," "," ",NA," "," "," ",NA," "," "," ",NA," "," "," ",NA," "," "," ",NA," "," "," ",NA," "," "," ",NA," "," "," ",NA," "," "," ",NA," "," "," ",NA," "," "," ",25," "," ","7",NA," "," "," ",NA," "," "," ",NA," "," "," ",NA," "," "," ",NA," "," "," ",NA," "," "," ",NA," "," "," ",NA," "," "," ",NA," "," "," ",NA," "," "," ",NA," "," "," ",NA," "," "," ",NA," "," "," ",NA," "," "," ",NA," "," "," "
"4901","USC00413787",2014,12,"TMAX",106," "," ","7",0," "," ","7",122," "," ","7",72," "," ","7",94," "," ","7",172," "," ","7",100," "," ","7",183," "," ","7",183," "," ","7",172," "," ","7",133," "," ","7",150," "," ","7",156," "," ","7",211," "," ","7",122," "," ","7",78," "," ","7",83," "," ","7",56," "," ","7",17," "," ","7",44," "," ","7",100," "," ","7",150," "," ","7",106," "," ","7",22," "," ","7",83," "," ","7",144," "," ","7",-11," "," ","7",22," "," ","7",72," "," ","7",72," "," ","7",-122," "," ","7"
"4902","USC00413787",2014,12,"TMIN",-111," "," ","7",-111," "," ","7",-83," "," ","7",0," "," ","7",11," "," ","7",6," "," ","7",0," "," ","7",-6," "," ","7",-17," "," ","7",-17," "," ","7",-39," "," ","7",-39," "," ","7",67," "," ","7",72," "," ","7",-6," "," ","7",-61," "," ","7",-61," "," ","7",-11," "," ","7",-11," "," ","7",-33," "," ","7",-11," "," ","7",-22," "," ","7",-11," "," ","7",-72," "," ","7",-67," "," ","7",-22," "," ","7",-83," "," ","7",-128," "," ","7",-128," "," ","7",-144," "," ","7",-172," "," ","7"
"4903","USC00413787",2014,12,"TOBS",-111," "," ","7",-78," "," ","7",0," "," ","7",11," "," ","7",56," "," ","7",6," "," ","7",67," "," ","7",0," "," ","7",-17," "," ","7",72," "," ","7",-39," "," ","7",67," "," ","7",72," "," ","7",78," "," ","7",0," "," ","7",-56," "," ","7",6," "," ","7",-11," "," ","7",11," "," ","7",-6," "," ","7",-11," "," ","7",44," "," ","7",0," "," ","7",-67," "," ","7",50," "," ","7",-22," "," ","7",-83," "," ","7",-122," "," ","7",-100," "," ","7",-144," "," ","7",-156," "," ","7"
"4904","USC00413787",2014,12,"PRCP",0," "," ","7",0," "," ","7",0," "," ","7",0," "," ","7",56," "," ","7",0," "," ","7",0," "," ","7",0," "," ","7",0," "," ","7",0," "," ","7",0," "," ","7",0," "," ","7",0," "," ","7",25," "," ","7",0," "," ","7",0," "," ","7",0," "," ","7",13," "," ","7",0," "," ","7",0," "," ","7",0," "," ","7",0," "," ","7",0," "," ","7",0," "," ","7",0," "," ","7",0," "," ","7",0," "," ","7",0," "," ","7",0," "," ","7",0," "," ","7",13," "," ","7"
"4905","USC00413787",2014,12,"SNOW",NA," "," "," ",NA," "," "," ",NA," "," "," ",NA," "," "," ",NA," "," "," ",NA," "," "," ",NA," "," "," ",NA," "," "," ",NA," "," "," ",NA," "," "," ",NA," "," "," ",NA," "," "," ",NA," "," "," ",NA," "," "," ",NA," "," "," ",NA," "," "," ",NA," "," "," ",NA," "," "," ",NA," "," "," ",NA," "," "," ",NA," "," "," ",NA," "," "," ",NA," "," "," ",NA," "," "," ",NA," "," "," ",NA," "," "," ",NA," "," "," ",NA," "," "," ",NA," "," "," ",NA," "," "," ",25," "," ","7"
"4906","USC00413787",2014,12,"SNWD",NA," "," "," ",NA," "," "," ",NA," "," "," ",NA," "," "," ",NA," "," "," ",NA," "," "," ",NA," "," "," ",NA," "," "," ",NA," "," "," ",NA," "," "," ",NA," "," "," ",NA," "," "," ",NA," "," "," ",NA," "," "," ",NA," "," "," ",NA," "," "," ",NA," "," "," ",NA," "," "," ",NA," "," "," ",NA," "," "," ",NA," "," "," ",NA," "," "," ",NA," "," "," ",NA," "," "," ",NA," "," "," ",NA," "," "," ",NA," "," "," ",NA," "," "," ",NA," "," "," ",NA," "," "," ",25," "," ","7"
"4907","USC00413787",2015,1,"TMAX",-72," "," ","7",-33," "," ","7",0," "," ","7",0," "," ","7",-50," "," ","7",83," "," ","7",89," "," ","7",-44," "," ","7",122," "," ","7",-33," "," ","7",78," "," ","7",133," "," ","7",-56," "," ","7",6," "," ","7",6," "," ","7",128," "," ","7",189," "," ","7",156," "," ","7",194," "," ","7",217," "," ","7",67," "," ","7",17," "," ","7",17," "," ","7",17," "," ","7",50," "," ","7",144," "," ","7",222," "," ","7",228," "," ","7",228," "," ","7",94," "," ","7",56," "," ","7"
"4908","USC00413787",2015,1,"TMIN",-156," "," ","7",-156," "," ","7",-111," "," ","7",-172," "," ","7",-161," "," ","7",-78," "," ","7",-89," "," ","7",-94," "," ","7",-61," "," ","7",-72," "," ","7",-83," "," ","7",-72," "," ","7",-94," "," ","7",-83," "," ","7",-67," "," ","7",-67," "," ","7",-50," "," ","7",-33," "," ","7",-11," "," ","7",-11," "," ","7",-17," "," ","7",-50," "," ","7",-133," "," ","7",-139," "," ","7",-50," "," ","7",6," "," ","7",11," "," ","7",17," "," ","7",44," "," ","7",11," "," ","7",0," "," ","7"
"4909","USC00413787",2015,1,"TOBS",-72," "," ","7",-111," "," ","7",-33," "," ","7",-161," "," ","7",-78," "," ","7",-22," "," ","7",-89," "," ","7",-44," "," ","7",-61," "," ","7",-56," "," ","7",-72," "," ","7",-67," "," ","7",-83," "," ","7",-39," "," ","7",-67," "," ","7",-50," "," ","7",28," "," ","7",44," "," ","7",-6," "," ","7",17," "," ","7",11," "," ","7",-50," "," ","7",-133," "," ","7",-50," "," ","7",17," "," ","7",11," "," ","7",17," "," ","7",44," "," ","7",50," "," ","7",17," "," ","7",11," "," ","7"
"4910","USC00413787",2015,1,"PRCP",0," "," ","7",0," "," ","7",13," "," ","7",0," "," ","7",0," "," ","7",0," "," ","7",0," "," ","7",0," "," ","7",0," "," ","7",0," "," ","7",0," "," ","7",0," "," ","7",0," "," ","7",3," "," ","7",0," "," ","7",0," "," ","7",0," "," ","7",0," "," ","7",0," "," ","7",0," "," ","7",0," "," ","7",145," "," ","7",0," "," ","7",0," "," ","7",0," "," ","7",0," "," ","7",0," "," ","7",0," "," ","7",0," "," ","7",0," "," ","7",13," "," ","7"
"4911","USC00413787",2015,1,"SNOW",NA," "," "," ",NA," "," "," ",25," "," ","7",NA," "," "," ",NA," "," "," ",NA," "," "," ",NA," "," "," ",NA," "," "," ",NA," "," "," ",NA," "," "," ",NA," "," "," ",NA," "," "," ",NA," "," "," ",25," "," ","7",NA," "," "," ",NA," "," "," ",NA," "," "," ",NA," "," "," ",NA," "," "," ",NA," "," "," ",NA," "," "," ",76," "," ","7",NA," "," "," ",NA," "," "," ",NA," "," "," ",NA," "," "," ",NA," "," "," ",NA," "," "," ",NA," "," "," ",NA," "," "," ",NA," "," "," "
"4912","USC00413787",2015,1,"SNWD",NA," "," "," ",NA," "," "," ",25," "," ","7",NA," "," "," ",NA," "," "," ",NA," "," "," ",NA," "," "," ",NA," "," "," ",NA," "," "," ",NA," "," "," ",NA," "," "," ",NA," "," "," ",NA," "," "," ",25," "," ","7",NA," "," "," ",NA," "," "," ",NA," "," "," ",NA," "," "," ",NA," "," "," ",NA," "," "," ",NA," "," "," ",76," "," ","7",NA," "," "," ",NA," "," "," ",NA," "," "," ",NA," "," "," ",NA," "," "," ",NA," "," "," ",NA," "," "," ",NA," "," "," ",NA," "," "," "
"4913","USC00413787",2015,2,"TMAX",50," "," ","7",33," "," ","7",111," "," ","7",172," "," ","7",61," "," ","7",106," "," ","7",272," "," ","7",294," "," ","7",289," "," ","7",239," "," ","7",211," "," ","7",56," "," ","7",128," "," ","7",206," "," ","7",244," "," ","7",-28," "," ","7",56," "," ","7",67," "," ","7",122," "," ","7",211," "," ","7",222," "," ","7",94," "," ","7",-94," "," ","7",-89," "," ","7",56," "," ","7",117," "," ","7",-44," "," ","7",-94," "," ","7",NA," "," "," ",NA," "," "," ",NA," "," "," "
"4914","USC00413787",2015,2,"TMIN",-17," "," ","7",-83," "," ","7",-89," "," ","7",-44," "," ","7",-78," "," ","7",-61," "," ","7",-6," "," ","7",22," "," ","7",-6," "," ","7",-6," "," ","7",22," "," ","7",-56," "," ","7",-39," "," ","7",-39," "," ","7",-89," "," ","7",-72," "," ","7",-44," "," ","7",-83," "," ","7",-83," "," ","7",-50," "," ","7",-56," "," ","7",-100," "," ","7",-122," "," ","7",-128," "," ","7",-106," "," ","7",-94," "," ","7",-128," "," ","7",-128," "," ","7",NA," "," "," ",NA," "," "," ",NA," "," "," "
"4915","USC00413787",2015,2,"TOBS",-11," "," ","7",-56," "," ","7",-39," "," ","7",17," "," ","7",-61," "," ","7",-6," "," ","7",22," "," ","7",83," "," ","7",-6," "," ","7",22," "," ","7",33," "," ","7",-39," "," ","7",-11," "," ","7",11," "," ","7",-72," "," ","7",-44," "," ","7",-39," "," ","7",-78," "," ","7",-28," "," ","7",-50," "," ","7",-22," "," ","7",-100," "," ","7",-122," "," ","7",-106," "," ","7",-61," "," ","7",-94," "," ","7",-128," "," ","7",-117," "," ","7",NA," "," "," ",NA," "," "," ",NA," "," "," "
"4916","USC00413787",2015,2,"PRCP",0," "," ","7",0," "," ","7",0," "," ","7",0," "," ","7",0," "," ","7",0," "," ","7",0," "," ","7",0," "," ","7",0," "," ","7",0," "," ","7",0," "," ","7",0," "," ","7",0," "," ","7",0," "," ","7",0," "," ","7",13," "," ","7",0," "," ","7",0," "," ","7",0," "," ","7",0," "," ","7",0," "," ","7",38," "," ","7",10," "," ","7",0," "," ","7",0," "," ","7",0," "," ","7",25," "," ","7",38," "," ","7",NA," "," "," ",NA," "," "," ",NA," "," "," "
"4917","USC00413787",2015,2,"SNOW",NA," "," "," ",NA," "," "," ",NA," "," "," ",NA," "," "," ",NA," "," "," ",NA," "," "," ",NA," "," "," ",NA," "," "," ",NA," "," "," ",NA," "," "," ",NA," "," "," ",NA," "," "," ",NA," "," "," ",NA," "," "," ",NA," "," "," ",25," "," ","7",NA," "," "," ",NA," "," "," ",NA," "," "," ",NA," "," "," ",NA," "," "," ",25," "," ","7",25," "," ","7",NA," "," "," ",NA," "," "," ",NA," "," "," ",25," "," ","7",102," "," ","7",NA," "," "," ",NA," "," "," ",NA," "," "," "
"4918","USC00413787",2015,2,"SNWD",NA," "," "," ",NA," "," "," ",NA," "," "," ",NA," "," "," ",NA," "," "," ",NA," "," "," ",NA," "," "," ",NA," "," "," ",NA," "," "," ",NA," "," "," ",NA," "," "," ",NA," "," "," ",NA," "," "," ",NA," "," "," ",NA," "," "," ",25," "," ","7",NA," "," "," ",NA," "," "," ",NA," "," "," ",NA," "," "," ",NA," "," "," ",25," "," ","7",51," "," ","7",NA," "," "," ",NA," "," "," ",NA," "," "," ",25," "," ","7",127," "," ","7",NA," "," "," ",NA," "," "," ",NA," "," "," "
"4919","USC00413787",2015,3,"TMAX",-44," "," ","7",0," "," ","7",17," "," ","7",94," "," ","7",-44," "," ","7",72," "," ","7",172," "," ","7",189," "," ","7",189," "," ","7",178," "," ","7",211," "," ","7",228," "," ","7",222," "," ","7",228," "," ","7",189," "," ","7",228," "," ","7",289," "," ","7",117," "," ","7",150," "," ","7",89," "," ","7",178," "," ","7",206," "," ","7",261," "," ","7",206," "," ","7",239," "," ","7",200," "," ","7",200," "," ","7",217," "," ","7",289," "," ","7",239," "," ","7",267," "," ","7"
"4920","USC00413787",2015,3,"TMIN",-117," "," ","7",-50," "," ","7",-44," "," ","7",-78," "," ","7",-94," "," ","7",-78," "," ","7",-50," "," ","7",-50," "," ","7",28," "," ","7",0," "," ","7",0," "," ","7",17," "," ","7",17," "," ","7",22," "," ","7",-33," "," ","7",-17," "," ","7",44," "," ","7",17," "," ","7",39," "," ","7",44," "," ","7",33," "," ","7",33," "," ","7",6," "," ","7",6," "," ","7",0," "," ","7",-17," "," ","7",-17," "," ","7",28," "," ","7",56," "," ","7",33," "," ","7",44," "," ","7"
"4921","USC00413787",2015,3,"TOBS",-50," "," ","7",-44," "," ","7",17," "," ","7",-72," "," ","7",-78," "," ","7",-50," "," ","7",6," "," ","7",39," "," ","7",28," "," ","7",11," "," ","7",33," "," ","7",28," "," ","7",28," "," ","7",33," "," ","7",-17," "," ","7",61," "," ","7",44," "," ","7",39," "," ","7",89," "," ","7",56," "," ","7",33," "," ","7",44," "," ","7",39," "," ","7",6," "," ","7",78," "," ","7",-11," "," ","7",28," "," ","7",56," "," ","7",122," "," ","7",44," "," ","7",44," "," ","7"
"4922","USC00413787",2015,3,"PRCP",5," "," ","7",0," "," ","7",0," "," ","7",5," "," ","7",0," "," ","7",0," "," ","7",0," "," ","7",0," "," ","7",0," "," ","7",0," "," ","7",0," "," ","7",0," "," ","7",0," "," ","7",0," "," ","7",0," "," ","7",0," "," ","7",0," "," ","7",3," "," ","7",0," "," ","7",114," "," ","7",0," "," ","7",0," "," ","7",0," "," ","7",0," "," ","7",0," "," ","7",0," "," ","7",0," "," ","7",0," "," ","7",0," "," ","7",0," "," ","7",0," "," ","7"
"4923","USC00413787",2015,3,"SNOW",13," "," ","7",0," "," ","7",0," "," ","7",NA," "," "," ",NA," "," "," ",NA," "," "," ",NA," "," "," ",NA," "," "," ",NA," "," "," ",NA," "," "," ",NA," "," "," ",NA," "," "," ",NA," "," "," ",NA," "," "," ",NA," "," "," ",NA," "," "," ",NA," "," "," ",NA," "," "," ",NA," "," "," ",NA," "," "," ",NA," "," "," ",NA," "," "," ",NA," "," "," ",NA," "," "," ",NA," "," "," ",NA," "," "," ",NA," "," "," ",NA," "," "," ",NA," "," "," ",NA," "," "," ",NA," "," "," "
"4924","USC00413787",2015,3,"SNWD",76," "," ","7",51," "," ","7",0," "," ","7",NA," "," "," ",NA," "," "," ",NA," "," "," ",NA," "," "," ",NA," "," "," ",NA," "," "," ",NA," "," "," ",NA," "," "," ",NA," "," "," ",NA," "," "," ",NA," "," "," ",NA," "," "," ",NA," "," "," ",NA," "," "," ",NA," "," "," ",NA," "," "," ",NA," "," "," ",NA," "," "," ",NA," "," "," ",NA," "," "," ",NA," "," "," ",NA," "," "," ",NA," "," "," ",NA," "," "," ",NA," "," "," ",NA," "," "," ",NA," "," "," ",NA," "," "," "
"4925","USC00413787",2015,4,"TMAX",289," "," ","7",306," "," ","7",261," "," ","7",139," "," ","7",183," "," ","7",289," "," ","7",294," "," ","7",294," "," ","7",306," "," ","7",189," "," ","7",183," "," ","7",172," "," ","7",206," "," ","7",194," "," ","7",178," "," ","7",294," "," ","7",189," "," ","7",217," "," ","7",217," "," ","7",161," "," ","7",194," "," ","7",256," "," ","7",200," "," ","7",217," "," ","7",256," "," ","7",272," "," ","7",139," "," ","7",61," "," ","7",183," "," ","7",222," "," ","7",NA," "," "," "
"4926","USC00413787",2015,4,"TMIN",44," "," ","7",72," "," ","7",39," "," ","7",-17," "," ","7",50," "," ","7",67," "," ","7",44," "," ","7",50," "," ","7",67," "," ","7",-39," "," ","7",-39," "," ","7",67," "," ","7",106," "," ","7",22," "," ","7",22," "," ","7",67," "," ","7",67," "," ","7",0," "," ","7",17," "," ","7",6," "," ","7",28," "," ","7",28," "," ","7",56," "," ","7",67," "," ","7",61," "," ","7",78," "," ","7",56," "," ","7",22," "," ","7",22," "," ","7",44," "," ","7",NA," "," "," "
"4927","USC00413787",2015,4,"TOBS",100," "," ","7",72," "," ","7",39," "," ","7",50," "," ","7",100," "," ","7",72," "," ","7",50," "," ","7",83," "," ","7",67," "," ","7",-39," "," ","7",67," "," ","7",106," "," ","7",106," "," ","7",22," "," ","7",72," "," ","7",67," "," ","7",83," "," ","7",17," "," ","7",94," "," ","7",33," "," ","7",28," "," ","7",61," "," ","7",106," "," ","7",67," "," ","7",78," "," ","7",111," "," ","7",61," "," ","7",22," "," ","7",44," "," ","7",89," "," ","7",NA," "," "," "
"4928","USC00413787",2015,4,"PRCP",0," "," ","7",0," "," ","7",0," "," ","7",0," "," ","7",0," "," ","7",0," "," ","7",0," "," ","7",0," "," ","7",0," "," ","7",0," "," ","7",0," "," ","7",0," "," ","7",0," "," ","7",0," "," ","7",0," "," ","7",249," "," ","7",20," "," ","7",0," "," ","7",0," "," ","7",0," "," ","7",18," "," ","7",0," "," ","7",38," "," ","7",0," "," ","7",0," "," ","7",0," "," ","7",216," "," ","7",546," "," ","7",0," "," ","7",0," "," ","7",NA," "," "," "
"4929","USC00413787",2015,5,"TMAX",272," "," ","7",272," "," ","7",294," "," ","7",311," "," ","7",250," "," ","7",217," "," ","7",267," "," ","7",244," "," ","7",200," "," ","7",250," "," ","7",183," "," ","7",183," "," ","7",217," "," ","7",150," "," ","7",283," "," ","7",267," "," ","7",206," "," ","7",256," "," ","7",217," "," ","7",122," "," ","7",128," "," ","7",139," "," ","7",189," "," ","7",183," "," ","7",261," "," ","7",222," "," ","7",256," "," ","7",317," "," ","7",239," "," ","7",256," "," ","7",211," "," ","7"
"4930","USC00413787",2015,5,"TMIN",89," "," ","7",111," "," ","7",117," "," ","7",139," "," ","7",122," "," ","7",100," "," ","7",117," "," ","7",100," "," ","7",106," "," ","7",44," "," ","7",28," "," ","7",39," "," ","7",72," "," ","7",89," "," ","7",100," "," ","7",122," "," ","7",72," "," ","7",94," "," ","7",106," "," ","7",44," "," ","7",44," "," ","7",72," "," ","7",72," "," ","7",117," "," ","7",89," "," ","7",100," "," ","7",111," "," ","7",150," "," ","7",122," "," ","7",111," "," ","7",94," "," ","7"
"4931","USC00413787",2015,5,"TOBS",111," "," ","7",139," "," ","7",139," "," ","7",144," "," ","7",128," "," ","7",117," "," ","7",161," "," ","7",106," "," ","7",122," "," ","7",44," "," ","7",39," "," ","7",72," "," ","7",111," "," ","7",100," "," ","7",128," "," ","7",122," "," ","7",122," "," ","7",106," "," ","7",111," "," ","7",44," "," ","7",72," "," ","7",94," "," ","7",122," "," ","7",133," "," ","7",100," "," ","7",111," "," ","7",150," "," ","7",156," "," ","7",128," "," ","7",111," "," ","7",189," "," ","7"
"4932","USC00413787",2015,5,"PRCP",0," "," ","7",0," "," ","7",0," "," ","7",38," "," ","7",206," "," ","7",267," "," ","7",0," "," ","7",0," "," ","7",147," "," ","7",5," "," ","7",0," "," ","7",0," "," ","7",0," "," ","7",114," "," ","7",0," "," ","7",185," "," ","7",13," "," ","7",0," "," ","7",33," "," ","7",229," "," ","7",0," "," ","7",236," "," ","7",114," "," ","7",112," "," ","7",0," "," ","7",0," "," ","7",0," "," ","7",0," "," ","7",0," "," ","7",0," "," ","7",0," "," ","7"
"4933","USC00413787",2015,6,"TMAX",272," "," ","7",317," "," ","7",328," "," ","7",333," "," ","7",350," "," ","7",311," "," ","7",311," "," ","7",339," "," ","7",300," "," ","7",333," "," ","7",333," "," ","7",356," "," ","7",217," "," ","7",267," "," ","7",283," "," ","7",272," "," ","7",283," "," ","7",306," "," ","7",311," "," ","7",328," "," ","7",350," "," ","7",344," "," ","7",344," "," ","7",333," "," ","7",328," "," ","7",344," "," ","7",294," "," ","7",300," "," ","7",372," "," ","7",317," "," ","7",NA," "," "," "
"4934","USC00413787",2015,6,"TMIN",156," "," ","7",144," "," ","7",156," "," ","7",189," "," ","7",189," "," ","7",172," "," ","7",156," "," ","7",144," "," ","7",150," "," ","7",172," "," ","7",183," "," ","7",156," "," ","7",161," "," ","7",172," "," ","7",144," "," ","7",144," "," ","7",167," "," ","7",172," "," ","7",183," "," ","7",183," "," ","7",194," "," ","7",200," "," ","7",189," "," ","7",183," "," ","7",183," "," ","7",183," "," ","7",156," "," ","7",161," "," ","7",178," "," ","7",161," "," ","7",NA," "," "," "
"4935","USC00413787",2015,6,"TOBS",161," "," ","7",156," "," ","7",200," "," ","7",194," "," ","7",189," "," ","7",211," "," ","7",261," "," ","7",150," "," ","7",172," "," ","7",200," "," ","7",211," "," ","7",161," "," ","7",178," "," ","7",172," "," ","7",144," "," ","7",172," "," ","7",172," "," ","7",183," "," ","7",183," "," ","7",206," "," ","7",206," "," ","7",206," "," ","7",189," "," ","7",183," "," ","7",189," "," ","7",189," "," ","7",161," "," ","7",239," "," ","7",194," "," ","7",167," "," ","7",NA," "," "," "
"4936","USC00413787",2015,6,"PRCP",30," "," ","7",0," "," ","7",0," "," ","7",0," "," ","7",0," "," ","7",0," "," ","7",0," "," ","7",18," "," ","7",0," "," ","7",0," "," ","7",5," "," ","7",178," "," ","7",56," "," ","7",5," "," ","7",480," "," ","7",0," "," ","7",0," "," ","7",0," "," ","7",0," "," ","7",0," "," ","7",0," "," ","7",0," "," ","7",0," "," ","7",0," "," ","7",0," "," ","7",0," "," ","7",0," "," ","7",0," "," ","7",0," "," ","7",0," "," ","7",NA," "," "," "
"4937","USC00413787",2015,7,"TMAX",350," "," ","7",378," "," ","7",339," "," ","7",322," "," ","7",328," "," ","7",350," "," ","7",311," "," ","7",233," "," ","7",283," "," ","7",294," "," ","7",311," "," ","7",328," "," ","7",389," "," ","7",389," "," ","7",372," "," ","7",356," "," ","7",344," "," ","7",367," "," ","7",383," "," ","7",383," "," ","7",328," "," ","7",283," "," ","7",339," "," ","7",367," "," ","7",372," "," ","7",367," "," ","7",367," "," ","7",344," "," ","7",356," "," ","7",311," "," ","7",283," "," ","7"
"4938","USC00413787",2015,7,"TMIN",167," "," ","7",167," "," ","7",161," "," ","7",167," "," ","7",172," "," ","7",206," "," ","7",161," "," ","7",117," "," ","7",122," "," ","7",167," "," ","7",172," "," ","7",200," "," ","7",206," "," ","7",200," "," ","7",200," "," ","7",200," "," ","7",194," "," ","7",206," "," ","7",200," "," ","7",200," "," ","7",183," "," ","7",183," "," ","7",200," "," ","7",211," "," ","7",217," "," ","7",206," "," ","7",206," "," ","7",194," "," ","7",178," "," ","7",178," "," ","7",200," "," ","7"
"4939","USC00413787",2015,7,"TOBS",211," "," ","7",217," "," ","7",172," "," ","7",172," "," ","7",206," "," ","7",250," "," ","7",161," "," ","7",128," "," ","7",167," "," ","7",172," "," ","7",200," "," ","7",244," "," ","7",206," "," ","7",200," "," ","7",206," "," ","7",200," "," ","7",244," "," ","7",250," "," ","7",256," "," ","7",206," "," ","7",183," "," ","7",211," "," ","7",211," "," ","7",222," "," ","7",272," "," ","7",233," "," ","7",211," "," ","7",217," "," ","7",178," "," ","7",200," "," ","7",211," "," ","7"
"4940","USC00413787",2015,7,"PRCP",0," "," ","7",0," "," ","7",0," "," ","7",3," "," ","7",0," "," ","7",0," "," ","7",3," "," ","7",0," "," ","7",58," "," ","7",439," "," ","7",0," "," ","7",0," "," ","7",0," "," ","7",0," "," ","7",69," "," ","7",0," "," ","7",0," "," ","7",0," "," ","7",3," "," ","7",0," "," ","7",361," "," ","7",0," "," ","7",0," "," ","7",0," "," ","7",0," "," ","7",117," "," ","7",0," "," ","7",0," "," ","7",56," "," ","7",0," "," ","7",58," "," ","7"
"4941","USC00413787",2015,8,"TMAX",283," "," ","7",306," "," ","7",328," "," ","7",306," "," ","7",322," "," ","7",328," "," ","7",394," "," ","7",361," "," ","7",356," "," ","7",344," "," ","7",306," "," ","7",294," "," ","7",317," "," ","7",367," "," ","7",328," "," ","7",322," "," ","7",328," "," ","7",289," "," ","7",278," "," ","7",250," "," ","7",272," "," ","7",294," "," ","7",361," "," ","7",239," "," ","7",300," "," ","7",350," "," ","7",350," "," ","7",344," "," ","7",339," "," ","7",317," "," ","7",328," "," ","7"
"4942","USC00413787",2015,8,"TMIN",183," "," ","7",156," "," ","7",183," "," ","7",172," "," ","7",172," "," ","7",200," "," ","7",211," "," ","7",200," "," ","7",211," "," ","7",217," "," ","7",194," "," ","7",189," "," ","7",178," "," ","7",178," "," ","7",189," "," ","7",189," "," ","7",167," "," ","7",172," "," ","7",139," "," ","7",128," "," ","7",122," "," ","7",122," "," ","7",156," "," ","7",128," "," ","7",150," "," ","7",172," "," ","7",172," "," ","7",194," "," ","7",178," "," ","7",128," "," ","7",122," "," ","7"
"4943","USC00413787",2015,8,"TOBS",200," "," ","7",200," "," ","7",189," "," ","7",172," "," ","7",200," "," ","7",211," "," ","7",211," "," ","7",233," "," ","7",228," "," ","7",217," "," ","7",200," "," ","7",189," "," ","7",178," "," ","7",206," "," ","7",189," "," ","7",211," "," ","7",172," "," ","7",178," "," ","7",139," "," ","7",128," "," ","7",122," "," ","7",178," "," ","7",156," "," ","7",150," "," ","7",172," "," ","7",172," "," ","7",217," "," ","7",194," "," ","7",178," "," ","7",128," "," ","7",161," "," ","7"
"4944","USC00413787",2015,8,"PRCP",267," "," ","7",610," "," ","7",0," "," ","7",569," "," ","7",0," "," ","7",0," "," ","7",0," "," ","7",0," "," ","7",0," "," ","7",0," "," ","7",66," "," ","7",0," "," ","7",0," "," ","7",0," "," ","7",0," "," ","7",0," "," ","7",56," "," ","7",99," "," ","7",0," "," ","7",0," "," ","7",0," "," ","7",0," "," ","7",0," "," ","7",0," "," ","7",0," "," ","7",0," "," ","7",0," "," ","7",102," "," ","7",0," "," ","7",0," "," ","7",0," "," ","7"
"4945","USC00413787",2015,9,"TMAX",339," "," ","7",339," "," ","7",350," "," ","7",367," "," ","7",350," "," ","7",350," "," ","7",367," "," ","7",361," "," ","7",294," "," ","7",294," "," ","7",328," "," ","7",256," "," ","7",283," "," ","7",322," "," ","7",378," "," ","7",344," "," ","7",361," "," ","7",367," "," ","7",289," "," ","7",222," "," ","7",328," "," ","7",350," "," ","7",278," "," ","7",278," "," ","7",272," "," ","7",300," "," ","7",267," "," ","7",294," "," ","7",317," "," ","7",317," "," ","7",NA," "," "," "
"4946","USC00413787",2015,9,"TMIN",122," "," ","7",122," "," ","7",189," "," ","7",189," "," ","7",189," "," ","7",189," "," ","7",167," "," ","7",100," "," ","7",167," "," ","7",139," "," ","7",150," "," ","7",128," "," ","7",133," "," ","7",156," "," ","7",128," "," ","7",178," "," ","7",189," "," ","7",117," "," ","7",117," "," ","7",122," "," ","7",161," "," ","7",161," "," ","7",178," "," ","7",156," "," ","7",128," "," ","7",133," "," ","7",122," "," ","7",122," "," ","7",122," "," ","7",122," "," ","7",NA," "," "," "
"4947","USC00413787",2015,9,"TOBS",183," "," ","7",206," "," ","7",189," "," ","7",194," "," ","7",189," "," ","7",228," "," ","7",172," "," ","7",178," "," ","7",172," "," ","7",156," "," ","7",150," "," ","7",133," "," ","7",161," "," ","7",178," "," ","7",178," "," ","7",189," "," ","7",200," "," ","7",172," "," ","7",122," "," ","7",167," "," ","7",161," "," ","7",194," "," ","7",178," "," ","7",161," "," ","7",139," "," ","7",133," "," ","7",122," "," ","7",122," "," ","7",128," "," ","7",150," "," ","7",NA," "," "," "
"4948","USC00413787",2015,9,"PRCP",0," "," ","7",0," "," ","7",0," "," ","7",0," "," ","7",0," "," ","7",0," "," ","7",0," "," ","7",0," "," ","7",5," "," ","7",0," "," ","7",127," "," ","7",0," "," ","7",0," "," ","7",5," "," ","7",0," "," ","7",0," "," ","7",0," "," ","7",0," "," ","7",0," "," ","7",0," "," ","7",0," "," ","7",0," "," ","7",13," "," ","7",38," "," ","7",5," "," ","7",0," "," ","7",0," "," ","7",0," "," ","7",0," "," ","7",0," "," ","7",NA," "," "," "
"4949","USC00413787",2015,10,"TMAX",300," "," ","7",300," "," ","7",300," "," ","7",133," "," ","7",133," "," ","7",194," "," ","7",289," "," ","7",222," "," ","7",250," "," ","7",206," "," ","7",294," "," ","7",339," "," ","7",256," "," ","7",311," "," ","7",317," "," ","7",283," "," ","7",178," "," ","7",250," "," ","7",256," "," ","7",283," "," ","7",272," "," ","7",189," "," ","7",183," "," ","7",217," "," ","7",172," "," ","7",200," "," ","7",206," "," ","7",228," "," ","7",178," "," ","7",139," "," ","7",139," "," ","7"
"4950","USC00413787",2015,10,"TMIN",150," "," ","7",128," "," ","7",83," "," ","7",83," "," ","7",94," "," ","7",100," "," ","7",111," "," ","7",111," "," ","7",111," "," ","7",111," "," ","7",128," "," ","7",128," "," ","7",83," "," ","7",94," "," ","7",94," "," ","7",89," "," ","7",72," "," ","7",94," "," ","7",106," "," ","7",111," "," ","7",133," "," ","7",122," "," ","7",117," "," ","7",67," "," ","7",28," "," ","7",22," "," ","7",39," "," ","7",44," "," ","7",39," "," ","7",33," "," ","7",22," "," ","7"
"4951","USC00413787",2015,10,"TOBS",150," "," ","7",133," "," ","7",89," "," ","7",94," "," ","7",117," "," ","7",111," "," ","7",150," "," ","7",117," "," ","7",111," "," ","7",150," "," ","7",128," "," ","7",144," "," ","7",94," "," ","7",100," "," ","7",94," "," ","7",106," "," ","7",100," "," ","7",111," "," ","7",111," "," ","7",139," "," ","7",139," "," ","7",133," "," ","7",117," "," ","7",67," "," ","7",28," "," ","7",39," "," ","7",56," "," ","7",44," "," ","7",39," "," ","7",67," "," ","7",22," "," ","7"
"4952","USC00413787",2015,10,"PRCP",0," "," ","7",0," "," ","7",160," "," ","7",28," "," ","7",33," "," ","7",5," "," ","7",51," "," ","7",76," "," ","7",0," "," ","7",0," "," ","7",0," "," ","7",0," "," ","7",0," "," ","7",0," "," ","7",0," "," ","7",0," "," ","7",0," "," ","7",0," "," ","7",0," "," ","7",0," "," ","7",254," "," ","7",889," "," ","7",0," "," ","7",0," "," ","7",0," "," ","7",0," "," ","7",0," "," ","7",30," "," ","7",0," "," ","7",64," "," ","7",234," "," ","7"
"4953","USC00413787",2015,10,"SNOW",0," "," ","7",0," "," ","7",0," "," ","7",0," "," ","7",0," "," ","7",0," "," ","7",0," "," ","7",0," "," ","7",0," "," ","7",0," "," ","7",0," "," ","7",0," "," ","7",0," "," ","7",0," "," ","7",0," "," ","7",0," "," ","7",0," "," ","7",0," "," ","7",0," "," ","7",0," "," ","7",0," "," ","7",0," "," ","7",0," "," ","7",0," "," ","7",0," "," ","7",0," "," ","7",0," "," ","7",0," "," ","7",0," "," ","7",0," "," ","7",0," "," ","7"
"4954","USC00413787",2015,10,"SNWD",0," "," ","7",0," "," ","7",0," "," ","7",0," "," ","7",0," "," ","7",0," "," ","7",0," "," ","7",0," "," ","7",0," "," ","7",0," "," ","7",0," "," ","7",0," "," ","7",0," "," ","7",0," "," ","7",0," "," ","7",0," "," ","7",0," "," ","7",0," "," ","7",0," "," ","7",0," "," ","7",0," "," ","7",0," "," ","7",0," "," ","7",0," "," ","7",0," "," ","7",0," "," ","7",0," "," ","7",0," "," ","7",0," "," ","7",0," "," ","7",0," "," ","7"
"4955","USC00413787",2015,11,"TMAX",206," "," ","7",239," "," ","7",250," "," ","7",211," "," ","7",278," "," ","7",189," "," ","7",178," "," ","7",133," "," ","7",150," "," ","7",200," "," ","7",250," "," ","7",117," "," ","7",144," "," ","7",183," "," ","7",189," "," ","7",172," "," ","7",217," "," ","7",22," "," ","7",178," "," ","7",111," "," ","7",211," "," ","7",61," "," ","7",156," "," ","7",189," "," ","7",228," "," ","7",244," "," ","7",11," "," ","7",-44," "," ","7",-22," "," ","7",-11," "," ","7",NA," "," "," "
"4956","USC00413787",2015,11,"TMIN",17," "," ","7",39," "," ","7",44," "," ","7",72," "," ","7",61," "," ","7",0," "," ","7",6," "," ","7",6," "," ","7",6," "," ","7",22," "," ","7",39," "," ","7",-22," "," ","7",-22," "," ","7",6," "," ","7",50," "," ","7",83," "," ","7",6," "," ","7",-11," "," ","7",-33," "," ","7",-28," "," ","7",-44," "," ","7",-50," "," ","7",-44," "," ","7",-22," "," ","7",-17," "," ","7",6," "," ","7",-61," "," ","7",-61," "," ","7",-56," "," ","7",-28," "," ","7",NA," "," "," "
"4957","USC00413787",2015,11,"TOBS",100," "," ","7",44," "," ","7",72," "," ","7",89," "," ","7",61," "," ","7",6," "," ","7",17," "," ","7",11," "," ","7",33," "," ","7",39," "," ","7",61," "," ","7",-17," "," ","7",6," "," ","7",56," "," ","7",83," "," ","7",100," "," ","7",17," "," ","7",6," "," ","7",-28," "," ","7",22," "," ","7",-39," "," ","7",-44," "," ","7",-22," "," ","7",-17," "," ","7",11," "," ","7",6," "," ","7",-56," "," ","7",-56," "," ","7",-28," "," ","7",-17," "," ","7",NA," "," "," "
"4958","USC00413787",2015,11,"PRCP",0," "," ","7",0," "," ","7",0," "," ","7",0," "," ","7",33," "," ","7",0," "," ","7",0," "," ","7",0," "," ","7",0," "," ","7",0," "," ","7",0," "," ","7",0," "," ","7",0," "," ","7",0," "," ","7",0," "," ","7",51," "," ","7",165," "," ","7",38," "," ","7",0," "," ","7",0," "," ","7",0," "," ","7",0," "," ","7",0," "," ","7",0," "," ","7",0," "," ","7",66," "," ","7",152," "," ","7",0," "," ","7",0," "," ","7",20," "," ","7",NA," "," "," "
"4959","USC00413787",2015,11,"SNOW",0," "," ","7",0," "," ","7",0," "," ","7",0," "," ","7",0," "," ","7",0," "," ","7",0," "," ","7",0," "," ","7",0," "," ","7",0," "," ","7",0," "," ","7",0," "," ","7",0," "," ","7",0," "," ","7",0," "," ","7",0," "," ","7",0," "," ","7",0," "," ","7",0," "," ","7",0," "," ","7",0," "," ","7",0," "," ","7",0," "," ","7",0," "," ","7",0," "," ","7",0," "," ","7",25," "," ","7",0," "," ","7",0," "," ","7",0," "," ","7",NA," "," "," "
"4960","USC00413787",2015,11,"SNWD",0," "," ","7",0," "," ","7",0," "," ","7",0," "," ","7",0," "," ","7",0," "," ","7",0," "," ","7",0," "," ","7",0," "," ","7",0," "," ","7",0," "," ","7",0," "," ","7",0," "," ","7",0," "," ","7",0," "," ","7",0," "," ","7",0," "," ","7",0," "," ","7",0," "," ","7",0," "," ","7",0," "," ","7",0," "," ","7",0," "," ","7",0," "," ","7",0," "," ","7",0," "," ","7",25," "," ","7",0," "," ","7",0," "," ","7",0," "," ","7",NA," "," "," "
"4961","USC00413787",2015,11,"WT04",NA," "," "," ",NA," "," "," ",NA," "," "," ",NA," "," "," ",NA," "," "," ",NA," "," "," ",NA," "," "," ",NA," "," "," ",NA," "," "," ",NA," "," "," ",NA," "," "," ",NA," "," "," ",NA," "," "," ",NA," "," "," ",NA," "," "," ",NA," "," "," ",NA," "," "," ",NA," "," "," ",NA," "," "," ",NA," "," "," ",NA," "," "," ",NA," "," "," ",NA," "," "," ",NA," "," "," ",NA," "," "," ",NA," "," "," ",1," "," ","7",NA," "," "," ",NA," "," "," ",NA," "," "," ",NA," "," "," "
"4962","USC00413787",2015,12,"TMAX",39," "," ","7",100," "," ","7",122," "," ","7",150," "," ","7",144," "," ","7",183," "," ","7",133," "," ","7",161," "," ","7",217," "," ","7",189," "," ","7",172," "," ","7",222," "," ","7",44," "," ","7",6," "," ","7",72," "," ","7",61," "," ","7",56," "," ","7",22," "," ","7",89," "," ","7",161," "," ","7",172," "," ","7",144," "," ","7",122," "," ","7",128," "," ","7",56," "," ","7",100," "," ","7",0," "," ","7",-22," "," ","7",44," "," ","7",0," "," ","7",0," "," ","7"
"4963","USC00413787",2015,12,"TMIN",-72," "," ","7",-67," "," ","7",-44," "," ","7",-44," "," ","7",-6," "," ","7",-11," "," ","7",-33," "," ","7",-33," "," ","7",0," "," ","7",-6," "," ","7",56," "," ","7",-6," "," ","7",-11," "," ","7",-67," "," ","7",-67," "," ","7",-83," "," ","7",-83," "," ","7",-100," "," ","7",-94," "," ","7",-50," "," ","7",0," "," ","7",11," "," ","7",-6," "," ","7",-28," "," ","7",-33," "," ","7",-17," "," ","7",-72," "," ","7",-67," "," ","7",-89," "," ","7",-83," "," ","7",-44," "," ","7"
"4964","USC00413787",2015,12,"TOBS",-61," "," ","7",-33," "," ","7",-44," "," ","7",-6," "," ","7",22," "," ","7",-11," "," ","7",-33," "," ","7",28," "," ","7",0," "," ","7",78," "," ","7",83," "," ","7",6," "," ","7",-6," "," ","7",-67," "," ","7",-6," "," ","7",-83," "," ","7",-28," "," ","7",-94," "," ","7",-50," "," ","7",56," "," ","7",22," "," ","7",61," "," ","7",-6," "," ","7",-28," "," ","7",-17," "," ","7",0," "," ","7",-67," "," ","7",-56," "," ","7",-83," "," ","7",-39," "," ","7",-33," "," ","7"
"4965","USC00413787",2015,12,"PRCP",0," "," ","7",0," "," ","7",0," "," ","7",0," "," ","7",0," "," ","7",0," "," ","7",0," "," ","7",0," "," ","7",0," "," ","7",0," "," ","7",0," "," ","7",0," "," ","7",99," "," ","7",188," "," ","7",0," "," ","7",0," "," ","7",0," "," ","7",0," "," ","7",0," "," ","7",0," "," ","7",0," "," ","7",0," "," ","7",0," "," ","7",0," "," ","7",0," "," ","7",0," "," ","7",0," "," ","7",0," "," ","7",0," "," ","7",0," "," ","7",0," "," ","7"
"4966","USC00413787",2015,12,"SNOW",0," "," ","7",0," "," ","7",0," "," ","7",0," "," ","7",0," "," ","7",0," "," ","7",0," "," ","7",0," "," ","7",0," "," ","7",0," "," ","7",0," "," ","7",0," "," ","7",0," "," ","7",152," "," ","7",0," "," ","7",0," "," ","7",0," "," ","7",0," "," ","7",0," "," ","7",0," "," ","7",0," "," ","7",0," "," ","7",0," "," ","7",0," "," ","7",0," "," ","7",0," "," ","7",0," "," ","7",0," "," ","7",0," "," ","7",0," "," ","7",0," "," ","7"
"4967","USC00413787",2015,12,"SNWD",0," "," ","7",0," "," ","7",0," "," ","7",0," "," ","7",0," "," ","7",0," "," ","7",0," "," ","7",0," "," ","7",0," "," ","7",0," "," ","7",0," "," ","7",0," "," ","7",0," "," ","7",76," "," ","7",25," "," ","7",0," "," ","7",0," "," ","7",0," "," ","7",0," "," ","7",0," "," ","7",0," "," ","7",0," "," ","7",0," "," ","7",0," "," ","7",0," "," ","7",0," "," ","7",0," "," ","7",0," "," ","7",0," "," ","7",0," "," ","7",0," "," ","7"
"4968","USC00413787",2016,1,"TMAX",-17," "," ","7",28," "," ","7",117," "," ","7",117," "," ","7",94," "," ","7",50," "," ","7",133," "," ","7",133," "," ","7",0," "," ","7",-6," "," ","7",0," "," ","7",28," "," ","7",56," "," ","7",94," "," ","7",156," "," ","7",89," "," ","7",78," "," ","7",-39," "," ","7",72," "," ","7",72," "," ","7",150," "," ","7",72," "," ","7",106," "," ","7",161," "," ","7",206," "," ","7",111," "," ","7",100," "," ","7",156," "," ","7",183," "," ","7",228," "," ","7",244," "," ","7"
"4969","USC00413787",2016,1,"TMIN",-106," "," ","7",-89," "," ","7",-56," "," ","7",-83," "," ","7",-83," "," ","7",-39," "," ","7",-28," "," ","7",-28," "," ","7",-61," "," ","7",-139," "," ","7",-117," "," ","7",-122," "," ","7",-89," "," ","7",-50," "," ","7",-56," "," ","7",-50," "," ","7",-50," "," ","7",-83," "," ","7",-72," "," ","7",-56," "," ","7",-56," "," ","7",-72," "," ","7",-72," "," ","7",-28," "," ","7",-6," "," ","7",-67," "," ","7",-67," "," ","7",-61," "," ","7",-33," "," ","7",-28," "," ","7",0," "," ","7"
"4970","USC00413787",2016,1,"TOBS",-78," "," ","7",-39," "," ","7",-33," "," ","7",-83," "," ","7",-39," "," ","7",-22," "," ","7",-17," "," ","7",-11," "," ","7",-50," "," ","7",-89," "," ","7",-111," "," ","7",-78," "," ","7",-50," "," ","7",-44," "," ","7",-44," "," ","7",-22," "," ","7",-39," "," ","7",-72," "," ","7",-17," "," ","7",-17," "," ","7",-6," "," ","7",-72," "," ","7",-28," "," ","7",39," "," ","7",0," "," ","7",-67," "," ","7",-61," "," ","7",-28," "," ","7",-22," "," ","7",33," "," ","7",17," "," ","7"
"4971","USC00413787",2016,1,"PRCP",0," "," ","7",0," "," ","7",0," "," ","7",0," "," ","7",0," "," ","7",0," "," ","7",0," "," ","7",0," "," ","7",114," "," ","7",0," "," ","7",0," "," ","7",0," "," ","7",0," "," ","7",0," "," ","7",0," "," ","7",13," "," ","7",0," "," ","7",0," "," ","7",0," "," ","7",0," "," ","7",0," "," ","7",0," "," ","7",0," "," ","7",0," "," ","7",0," "," ","7",0," "," ","7",0," "," ","7",0," "," ","7",0," "," ","7",0," "," ","7",0," "," ","7"
"4972","USC00413787",2016,1,"SNOW",0," "," ","7",0," "," ","7",0," "," ","7",0," "," ","7",0," "," ","7",0," "," ","7",0," "," ","7",0," "," ","7",127," "," ","7",0," "," ","7",0," "," ","7",0," "," ","7",0," "," ","7",0," "," ","7",0," "," ","7",0," "," ","7",0," "," ","7",0," "," ","7",0," "," ","7",0," "," ","7",0," "," ","7",0," "," ","7",0," "," ","7",0," "," ","7",0," "," ","7",0," "," ","7",0," "," ","7",0," "," ","7",0," "," ","7",0," "," ","7",0," "," ","7"
"4973","USC00413787",2016,1,"SNWD",0," "," ","7",0," "," ","7",0," "," ","7",0," "," ","7",0," "," ","7",0," "," ","7",0," "," ","7",0," "," ","7",102," "," ","7",76," "," ","7",51," "," ","7",25," "," ","7",25," "," ","7",0," "," ","7",0," "," ","7",0," "," ","7",0," "," ","7",0," "," ","7",0," "," ","7",0," "," ","7",0," "," ","7",0," "," ","7",0," "," ","7",0," "," ","7",0," "," ","7",0," "," ","7",0," "," ","7",0," "," ","7",0," "," ","7",0," "," ","7",0," "," ","7"
"4974","USC00413787",2016,2,"TMAX",106," "," ","7",106," "," ","7",6," "," ","7",50," "," ","7",72," "," ","7",56," "," ","7",111," "," ","7",133," "," ","7",167," "," ","7",183," "," ","7",272," "," ","7",194," "," ","7",172," "," ","7",217," "," ","7",133," "," ","7",178," "," ","7",144," "," ","7",228," "," ","7",294," "," ","7",217," "," ","7",244," "," ","7",144," "," ","7",133," "," ","7",83," "," ","7",167," "," ","7",106," "," ","7",206," "," ","7",250," "," ","7",194," "," ","7",NA," "," "," ",NA," "," "," "
"4975","USC00413787",2016,2,"TMIN",-33," "," ","7",-33," "," ","7",-94," "," ","7",-128," "," ","7",-122," "," ","7",-128," "," ","7",-94," "," ","7",-111," "," ","7",-83," "," ","7",-11," "," ","7",-17," "," ","7",0," "," ","7",-56," "," ","7",-11," "," ","7",-28," "," ","7",-17," "," ","7",-28," "," ","7",-11," "," ","7",83," "," ","7",44," "," ","7",17," "," ","7",-17," "," ","7",-6," "," ","7",-56," "," ","7",-56," "," ","7",-50," "," ","7",-50," "," ","7",-6," "," ","7",6," "," ","7",NA," "," "," ",NA," "," "," "
"4976","USC00413787",2016,2,"TOBS",0," "," ","7",-11," "," ","7",-94," "," ","7",-106," "," ","7",-117," "," ","7",-78," "," ","7",6," "," ","7",-83," "," ","7",0," "," ","7",-11," "," ","7",0," "," ","7",11," "," ","7",-11," "," ","7",11," "," ","7",-17," "," ","7",22," "," ","7",-11," "," ","7",89," "," ","7",83," "," ","7",56," "," ","7",17," "," ","7",-6," "," ","7",11," "," ","7",-44," "," ","7",-50," "," ","7",-39," "," ","7",-6," "," ","7",111," "," ","7",17," "," ","7",NA," "," "," ",NA," "," "," "
"4977","USC00413787",2016,2,"PRCP",0," "," ","7",64," "," ","7",0," "," ","7",0," "," ","7",0," "," ","7",0," "," ","7",0," "," ","7",0," "," ","7",0," "," ","7",0," "," ","7",0," "," ","7",0," "," ","7",0," "," ","7",0," "," ","7",0," "," ","7",0," "," ","7",0," "," ","7",0," "," ","7",0," "," ","7",0," "," ","7",0," "," ","7",0," "," ","7",10," "," ","7",13," "," ","7",0," "," ","7",0," "," ","7",0," "," ","7",0," "," ","7",0," "," ","7",NA," "," "," ",NA," "," "," "
"4978","USC00413787",2016,3,"TMAX",228," "," ","7",156," "," ","7",256," "," ","7",194," "," ","7",239," "," ","7",217," "," ","7",256," "," ","7",233," "," ","7",167," "," ","7",194," "," ","7",217," "," ","7",200," "," ","7",189," "," ","7",244," "," ","7",272," "," ","7",172," "," ","7",178," "," ","7",206," "," ","7",22," "," ","7",106," "," ","7",139," "," ","7",272," "," ","7",294," "," ","7",200," "," ","7",156," "," ","7",222," "," ","7",94," "," ","7",106," "," ","7",239," "," ","7",228," "," ","7",222," "," ","7"
"4979","USC00413787",2016,3,"TMIN",-6," "," ","7",11," "," ","7",17," "," ","7",17," "," ","7",0," "," ","7",11," "," ","7",50," "," ","7",11," "," ","7",6," "," ","7",17," "," ","7",0," "," ","7",6," "," ","7",67," "," ","7",17," "," ","7",17," "," ","7",0," "," ","7",-33," "," ","7",-33," "," ","7",-83," "," ","7",-100," "," ","7",-100," "," ","7",22," "," ","7",0," "," ","7",-22," "," ","7",-22," "," ","7",11," "," ","7",-72," "," ","7",-61," "," ","7",17," "," ","7",83," "," ","7",-11," "," ","7"
"4980","USC00413787",2016,3,"TOBS",11," "," ","7",50," "," ","7",17," "," ","7",56," "," ","7",11," "," ","7",106," "," ","7",50," "," ","7",39," "," ","7",28," "," ","7",28," "," ","7",11," "," ","7",106," "," ","7",72," "," ","7",17," "," ","7",50," "," ","7",11," "," ","7",-28," "," ","7",22," "," ","7",-72," "," ","7",-100," "," ","7",22," "," ","7",100," "," ","7",78," "," ","7",-22," "," ","7",39," "," ","7",56," "," ","7",-61," "," ","7",17," "," ","7",94," "," ","7",83," "," ","7",-6," "," ","7"
"4981","USC00413787",2016,3,"PRCP",0," "," ","7",0," "," ","7",0," "," ","7",0," "," ","7",0," "," ","7",0," "," ","7",0," "," ","7",0," "," ","7",0," "," ","7",0," "," ","7",0," "," ","7",0," "," ","7",0," "," ","7",0," "," ","7",0," "," ","7",0," "," ","7",0," "," ","7",0," "," ","7",0," "," ","7",0," "," ","7",0," "," ","7",0," "," ","7",0," "," ","7",0," "," ","7",0," "," ","7",0," "," ","7",102," "," ","7",0," "," ","7",0," "," ","7",0," "," ","7",0," "," ","7"
"4982","USC00413787",2016,3,"SNOW",0," "," ","7",0," "," ","7",0," "," ","7",0," "," ","7",0," "," ","7",0," "," ","7",0," "," ","7",0," "," ","7",0," "," ","7",0," "," ","7",0," "," ","7",0," "," ","7",0," "," ","7",0," "," ","7",0," "," ","7",0," "," ","7",0," "," ","7",0," "," ","7",0," "," ","7",0," "," ","7",0," "," ","7",0," "," ","7",0," "," ","7",0," "," ","7",0," "," ","7",0," "," ","7",102," "," ","7",0," "," ","7",0," "," ","7",0," "," ","7",0," "," ","7"
"4983","USC00413787",2016,3,"SNWD",0," "," ","7",0," "," ","7",0," "," ","7",0," "," ","7",0," "," ","7",0," "," ","7",0," "," ","7",0," "," ","7",0," "," ","7",0," "," ","7",0," "," ","7",0," "," ","7",0," "," ","7",0," "," ","7",0," "," ","7",0," "," ","7",0," "," ","7",0," "," ","7",0," "," ","7",0," "," ","7",0," "," ","7",0," "," ","7",0," "," ","7",0," "," ","7",0," "," ","7",0," "," ","7",102," "," ","7",0," "," ","7",0," "," ","7",0," "," ","7",0," "," ","7"
"4984","USC00413787",2016,3,"WT01",NA," "," "," ",NA," "," "," ",NA," "," "," ",NA," "," "," ",NA," "," "," ",NA," "," "," ",NA," "," "," ",NA," "," "," ",NA," "," "," ",NA," "," "," ",NA," "," "," ",NA," "," "," ",1," "," ","7",NA," "," "," ",NA," "," "," ",NA," "," "," ",NA," "," "," ",NA," "," "," ",NA," "," "," ",NA," "," "," ",NA," "," "," ",NA," "," "," ",NA," "," "," ",NA," "," "," ",NA," "," "," ",NA," "," "," ",NA," "," "," ",NA," "," "," ",NA," "," "," ",NA," "," "," ",NA," "," "," "
"4985","USC00413787",2016,4,"TMAX",150," "," ","7",156," "," ","7",222," "," ","7",261," "," ","7",267," "," ","7",300," "," ","7",239," "," ","7",222," "," ","7",228," "," ","7",261," "," ","7",317," "," ","7",72," "," ","7",189," "," ","7",239," "," ","7",272," "," ","7",228," "," ","7",172," "," ","7",111," "," ","7",178," "," ","7",111," "," ","7",178," "," ","7",233," "," ","7",261," "," ","7",289," "," ","7",283," "," ","7",283," "," ","7",239," "," ","7",200," "," ","7",194," "," ","7",94," "," ","7",NA," "," "," "
"4986","USC00413787",2016,4,"TMIN",-6," "," ","7",-28," "," ","7",6," "," ","7",28," "," ","7",67," "," ","7",22," "," ","7",22," "," ","7",33," "," ","7",39," "," ","7",61," "," ","7",67," "," ","7",56," "," ","7",56," "," ","7",61," "," ","7",100," "," ","7",106," "," ","7",50," "," ","7",22," "," ","7",22," "," ","7",67," "," ","7",50," "," ","7",50," "," ","7",50," "," ","7",117," "," ","7",72," "," ","7",94," "," ","7",44," "," ","7",44," "," ","7",56," "," ","7",6," "," ","7",NA," "," "," "
"4987","USC00413787",2016,4,"TOBS",122," "," ","7",6," "," ","7",28," "," ","7",67," "," ","7",78," "," ","7",28," "," ","7",56," "," ","7",39," "," ","7",150," "," ","7",133," "," ","7",67," "," ","7",56," "," ","7",67," "," ","7",100," "," ","7",106," "," ","7",139," "," ","7",50," "," ","7",22," "," ","7",83," "," ","7",83," "," ","7",50," "," ","7",50," "," ","7",117," "," ","7",144," "," ","7",106," "," ","7",94," "," ","7",44," "," ","7",56," "," ","7",78," "," ","7",28," "," ","7",NA," "," "," "
"4988","USC00413787",2016,4,"PRCP",0," "," ","7",0," "," ","7",0," "," ","7",0," "," ","7",0," "," ","7",0," "," ","7",0," "," ","7",0," "," ","7",0," "," ","7",0," "," ","7",20," "," ","7",18," "," ","7",0," "," ","7",0," "," ","7",0," "," ","7",0," "," ","7",99," "," ","7",74," "," ","7",30," "," ","7",191," "," ","7",0," "," ","7",0," "," ","7",0," "," ","7",0," "," ","7",0," "," ","7",0," "," ","7",13," "," ","7",0," "," ","7",368," "," ","7",165," "," ","7",NA," "," "," "
"4989","USC00413787",2016,4,"SNOW",0," "," ","7",0," "," ","7",0," "," ","7",0," "," ","7",0," "," ","7",0," "," ","7",0," "," ","7",0," "," ","7",0," "," ","7",0," "," ","7",0," "," ","7",0," "," ","7",0," "," ","7",0," "," ","7",0," "," ","7",0," "," ","7",0," "," ","7",0," "," ","7",0," "," ","7",0," "," ","7",0," "," ","7",0," "," ","7",0," "," ","7",0," "," ","7",0," "," ","7",0," "," ","7",0," "," ","7",0," "," ","7",0," "," ","7",0," "," ","7",NA," "," "," "
"4990","USC00413787",2016,4,"SNWD",0," "," ","7",0," "," ","7",0," "," ","7",0," "," ","7",0," "," ","7",0," "," ","7",0," "," ","7",0," "," ","7",0," "," ","7",0," "," ","7",0," "," ","7",0," "," ","7",0," "," ","7",0," "," ","7",0," "," ","7",0," "," ","7",0," "," ","7",0," "," ","7",0," "," ","7",0," "," ","7",0," "," ","7",0," "," ","7",0," "," ","7",0," "," ","7",0," "," ","7",0," "," ","7",0," "," ","7",0," "," ","7",0," "," ","7",0," "," ","7",NA," "," "," "
"4991","USC00413787",2016,5,"TMAX",144," "," ","7",144," "," ","7",172," "," ","7",217," "," ","7",261," "," ","7",294," "," ","7",289," "," ","7",300," "," ","7",289," "," ","7",256," "," ","7",322," "," ","7",239," "," ","7",228," "," ","7",311," "," ","7",144," "," ","7",122," "," ","7",217," "," ","7",106," "," ","7",172," "," ","7",167," "," ","7",256," "," ","7",306," "," ","7",289," "," ","7",311," "," ","7",328," "," ","7",328," "," ","7",328," "," ","7",217," "," ","7",278," "," ","7",206," "," ","7",278," "," ","7"
"4992","USC00413787",2016,5,"TMIN",28," "," ","7",11," "," ","7",11," "," ","7",50," "," ","7",56," "," ","7",72," "," ","7",106," "," ","7",61," "," ","7",78," "," ","7",83," "," ","7",83," "," ","7",72," "," ","7",72," "," ","7",56," "," ","7",56," "," ","7",83," "," ","7",61," "," ","7",72," "," ","7",72," "," ","7",89," "," ","7",111," "," ","7",161," "," ","7",156," "," ","7",167," "," ","7",106," "," ","7",106," "," ","7",72," "," ","7",72," "," ","7",133," "," ","7",94," "," ","7",133," "," ","7"
"4993","USC00413787",2016,5,"TOBS",56," "," ","7",11," "," ","7",50," "," ","7",56," "," ","7",72," "," ","7",106," "," ","7",133," "," ","7",83," "," ","7",83," "," ","7",89," "," ","7",89," "," ","7",72," "," ","7",94," "," ","7",56," "," ","7",83," "," ","7",106," "," ","7",83," "," ","7",72," "," ","7",100," "," ","7",111," "," ","7",161," "," ","7",200," "," ","7",167," "," ","7",194," "," ","7",111," "," ","7",106," "," ","7",72," "," ","7",167," "," ","7",167," "," ","7",144," "," ","7",139," "," ","7"
"4994","USC00413787",2016,5,"PRCP",0," "," ","7",20," "," ","7",0," "," ","7",0," "," ","7",0," "," ","7",0," "," ","7",0," "," ","7",0," "," ","7",0," "," ","7",0," "," ","7",0," "," ","7",94," "," ","7",0," "," ","7",69," "," ","7",0," "," ","7",18," "," ","7",213," "," ","7",0," "," ","7",23," "," ","7",0," "," ","7",0," "," ","7",0," "," ","7",13," "," ","7",0," "," ","7",0," "," ","7",0," "," ","7",0," "," ","7",0," "," ","7",0," "," ","7",56," "," ","7",0," "," ","7"
"4995","USC00413787",2016,6,"TMAX",256," "," ","7",256," "," ","7",256," "," ","7",300," "," ","7",306," "," ","7",294," "," ","7",317," "," ","7",311," "," ","7",339," "," ","7",333," "," ","7",339," "," ","7",328," "," ","7",344," "," ","7",322," "," ","7",328," "," ","7",378," "," ","7",367," "," ","7",389," "," ","7",317," "," ","7",333," "," ","7",356," "," ","7",356," "," ","7",383," "," ","7",356," "," ","7",367," "," ","7",361," "," ","7",339," "," ","7",350," "," ","7",356," "," ","7",339," "," ","7",NA," "," "," "
"4996","USC00413787",2016,6,"TMIN",133," "," ","7",122," "," ","7",106," "," ","7",128," "," ","7",111," "," ","7",117," "," ","7",139," "," ","7",161," "," ","7",161," "," ","7",189," "," ","7",189," "," ","7",178," "," ","7",172," "," ","7",167," "," ","7",178," "," ","7",189," "," ","7",189," "," ","7",183," "," ","7",178," "," ","7",189," "," ","7",178," "," ","7",178," "," ","7",206," "," ","7",200," "," ","7",206," "," ","7",178," "," ","7",178," "," ","7",178," "," ","7",167," "," ","7",161," "," ","7",NA," "," "," "
"4997","USC00413787",2016,6,"TOBS",139," "," ","7",128," "," ","7",128," "," ","7",178," "," ","7",117," "," ","7",139," "," ","7",172," "," ","7",161," "," ","7",194," "," ","7",189," "," ","7",239," "," ","7",250," "," ","7",183," "," ","7",178," "," ","7",194," "," ","7",189," "," ","7",200," "," ","7",183," "," ","7",189," "," ","7",189," "," ","7",178," "," ","7",206," "," ","7",217," "," ","7",206," "," ","7",239," "," ","7",194," "," ","7",178," "," ","7",183," "," ","7",167," "," ","7",183," "," ","7",NA," "," "," "
"4998","USC00413787",2016,6,"PRCP",0," "," ","7",0," "," ","7",0," "," ","7",0," "," ","7",0," "," ","7",0," "," ","7",13," "," ","7",0," "," ","7",0," "," ","7",13," "," ","7",0," "," ","7",0," "," ","7",0," "," ","7",142," "," ","7",0," "," ","7",0," "," ","7",0," "," ","7",0," "," ","7",0," "," ","7",0," "," ","7",0," "," ","7",0," "," ","7",0," "," ","7",0," "," ","7",0," "," ","7",0," "," ","7",0," "," ","7",0," "," ","7",58," "," ","7",86," "," ","7",NA," "," "," "
"4999","USC00413787",2016,6,"WT03",NA," "," "," ",NA," "," "," ",NA," "," "," ",NA," "," "," ",NA," "," "," ",NA," "," "," ",NA," "," "," ",NA," "," "," ",NA," "," "," ",NA," "," "," ",NA," "," "," ",NA," "," "," ",NA," "," "," ",NA," "," "," ",NA," "," "," ",NA," "," "," ",NA," "," "," ",NA," "," "," ",NA," "," "," ",NA," "," "," ",NA," "," "," ",NA," "," "," ",NA," "," "," ",NA," "," "," ",NA," "," "," ",NA," "," "," ",NA," "," "," ",NA," "," "," ",1," "," ","7",NA," "," "," ",NA," "," "," "
"5000","USC00413787",2016,7,"TMAX",339," "," ","7",322," "," ","7",344," "," ","7",311," "," ","7",333," "," ","7",400," "," ","7",394," "," ","7",400," "," ","7",333," "," ","7",383," "," ","7",394," "," ","7",422," "," ","7",356," "," ","7",378," "," ","7",328," "," ","7",356," "," ","7",339," "," ","7",378," "," ","7",367," "," ","7",361," "," ","7",378," "," ","7",389," "," ","7",400," "," ","7",394," "," ","7",383," "," ","7",322," "," ","7",356," "," ","7",367," "," ","7",344," "," ","7",317," "," ","7",356," "," ","7"
"5001","USC00413787",2016,7,"TMIN",161," "," ","7",178," "," ","7",189," "," ","7",161," "," ","7",194," "," ","7",194," "," ","7",206," "," ","7",200," "," ","7",183," "," ","7",206," "," ","7",122," "," ","7",133," "," ","7",211," "," ","7",200," "," ","7",194," "," ","7",156," "," ","7",167," "," ","7",167," "," ","7",189," "," ","7",189," "," ","7",211," "," ","7",189," "," ","7",189," "," ","7",239," "," ","7",194," "," ","7",194," "," ","7",200," "," ","7",161," "," ","7",161," "," ","7",161," "," ","7",156," "," ","7"
"5002","USC00413787",2016,7,"TOBS",178," "," ","7",228," "," ","7",189," "," ","7",222," "," ","7",194," "," ","7",244," "," ","7",206," "," ","7",206," "," ","7",267," "," ","7",256," "," ","7",133," "," ","7",211," "," ","7",228," "," ","7",200," "," ","7",200," "," ","7",189," "," ","7",278," "," ","7",200," "," ","7",189," "," ","7",211," "," ","7",217," "," ","7",189," "," ","7",317," "," ","7",306," "," ","7",194," "," ","7",200," "," ","7",200," "," ","7",161," "," ","7",200," "," ","7",161," "," ","7",206," "," ","7"
"5003","USC00413787",2016,7,"PRCP",84," "," ","7",3," "," ","7",0," "," ","7",0," "," ","7",0," "," ","7",0," "," ","7",0," "," ","7",0," "," ","7",0," "," ","7",0," "," ","7",0," "," ","7",0," "," ","7",0," "," ","7",0," "," ","7",0," "," ","7",99," "," ","7",0," "," ","7",0," "," ","7",0," "," ","7",0," "," ","7",0," "," ","7",0," "," ","7",0," "," ","7",0," "," ","7",13," "," ","7",0," "," ","7",0," "," ","7",170," "," ","7",0," "," ","7",20," "," ","7",0," "," ","7"
"5004","USC00413787",2016,7,"SNOW",0," "," ","7",0," "," ","7",0," "," ","7",0," "," ","7",0," "," ","7",0," "," ","7",0," "," ","7",0," "," ","7",0," "," ","7",0," "," ","7",0," "," ","7",0," "," ","7",0," "," ","7",0," "," ","7",0," "," ","7",0," "," ","7",0," "," ","7",0," "," ","7",0," "," ","7",0," "," ","7",0," "," ","7",0," "," ","7",0," "," ","7",0," "," ","7",0," "," ","7",0," "," ","7",0," "," ","7",0," "," ","7",0," "," ","7",0," "," ","7",0," "," ","7"
"5005","USC00413787",2016,7,"SNWD",0," "," ","7",0," "," ","7",0," "," ","7",0," "," ","7",0," "," ","7",0," "," ","7",0," "," ","7",0," "," ","7",0," "," ","7",0," "," ","7",0," "," ","7",0," "," ","7",0," "," ","7",0," "," ","7",0," "," ","7",0," "," ","7",0," "," ","7",0," "," ","7",0," "," ","7",0," "," ","7",0," "," ","7",0," "," ","7",0," "," ","7",0," "," ","7",0," "," ","7",0," "," ","7",0," "," ","7",0," "," ","7",0," "," ","7",0," "," ","7",0," "," ","7"
"5006","USC00413787",2016,8,"TMAX",367," "," ","7",383," "," ","7",383," "," ","7",350," "," ","7",361," "," ","7",361," "," ","7",361," "," ","7",344," "," ","7",361," "," ","7",317," "," ","7",361," "," ","7",356," "," ","7",317," "," ","7",306," "," ","7",278," "," ","7",328," "," ","7",344," "," ","7",339," "," ","7",344," "," ","7",333," "," ","7",244," "," ","7",283," "," ","7",311," "," ","7",367," "," ","7",294," "," ","7",228," "," ","7",267," "," ","7",294," "," ","7",294," "," ","7",211," "," ","7",222," "," ","7"
"5007","USC00413787",2016,8,"TMIN",206," "," ","7",189," "," ","7",189," "," ","7",194," "," ","7",194," "," ","7",183," "," ","7",183," "," ","7",194," "," ","7",183," "," ","7",183," "," ","7",206," "," ","7",194," "," ","7",161," "," ","7",128," "," ","7",133," "," ","7",133," "," ","7",150," "," ","7",144," "," ","7",144," "," ","7",156," "," ","7",144," "," ","7",150," "," ","7",156," "," ","7",200," "," ","7",156," "," ","7",161," "," ","7",156," "," ","7",167," "," ","7",161," "," ","7",172," "," ","7",172," "," ","7"
"5008","USC00413787",2016,8,"TOBS",217," "," ","7",189," "," ","7",194," "," ","7",228," "," ","7",200," "," ","7",183," "," ","7",200," "," ","7",194," "," ","7",183," "," ","7",211," "," ","7",211," "," ","7",194," "," ","7",167," "," ","7",139," "," ","7",139," "," ","7",150," "," ","7",150," "," ","7",144," "," ","7",183," "," ","7",156," "," ","7",228," "," ","7",156," "," ","7",200," "," ","7",206," "," ","7",167," "," ","7",172," "," ","7",167," "," ","7",178," "," ","7",172," "," ","7",183," "," ","7",178," "," ","7"
"5009","USC00413787",2016,8,"PRCP",0," "," ","7",0," "," ","7",8," "," ","7",0," "," ","7",132," "," ","7",13," "," ","7",0," "," ","7",0," "," ","7",389," "," ","7",0," "," ","7",0," "," ","7",0," "," ","7",0," "," ","7",0," "," ","7",0," "," ","7",0," "," ","7",0," "," ","7",0," "," ","7",0," "," ","7",76," "," ","7",0," "," ","7",0," "," ","7",0," "," ","7",18," "," ","7",30," "," ","7",10," "," ","7",74," "," ","7",224," "," ","7",3," "," ","7",99," "," ","7",13," "," ","7"
"5010","USC00413787",2016,8,"SNOW",0," "," ","7",0," "," ","7",0," "," ","7",0," "," ","7",0," "," ","7",0," "," ","7",0," "," ","7",0," "," ","7",0," "," ","7",0," "," ","7",0," "," ","7",0," "," ","7",0," "," ","7",0," "," ","7",0," "," ","7",0," "," ","7",0," "," ","7",0," "," ","7",0," "," ","7",0," "," ","7",0," "," ","7",0," "," ","7",0," "," ","7",0," "," ","7",0," "," ","7",0," "," ","7",0," "," ","7",0," "," ","7",0," "," ","7",0," "," ","7",0," "," ","7"
"5011","USC00413787",2016,8,"SNWD",0," "," ","7",0," "," ","7",0," "," ","7",0," "," ","7",0," "," ","7",0," "," ","7",0," "," ","7",0," "," ","7",0," "," ","7",0," "," ","7",0," "," ","7",0," "," ","7",0," "," ","7",0," "," ","7",0," "," ","7",0," "," ","7",0," "," ","7",0," "," ","7",0," "," ","7",0," "," ","7",0," "," ","7",0," "," ","7",0," "," ","7",0," "," ","7",0," "," ","7",0," "," ","7",0," "," ","7",0," "," ","7",0," "," ","7",0," "," ","7",0," "," ","7"
"5012","USC00413787",2016,9,"TMAX",256," "," ","7",278," "," ","7",278," "," ","7",306," "," ","7",317," "," ","7",322," "," ","7",322," "," ","7",311," "," ","7",344," "," ","7",344," "," ","7",261," "," ","7",322," "," ","7",344," "," ","7",189," "," ","7",239," "," ","7",311," "," ","7",272," "," ","7",294," "," ","7",339," "," ","7",350," "," ","7",344," "," ","7",328," "," ","7",322," "," ","7",306," "," ","7",300," "," ","7",250," "," ","7",244," "," ","7",300," "," ","7",317," "," ","7",233," "," ","7",NA," "," "," "
"5013","USC00413787",2016,9,"TMIN",167," "," ","7",172," "," ","7",183," "," ","7",183," "," ","7",194," "," ","7",183," "," ","7",189," "," ","7",206," "," ","7",178," "," ","7",122," "," ","7",117," "," ","7",139," "," ","7",139," "," ","7",139," "," ","7",133," "," ","7",133," "," ","7",122," "," ","7",150," "," ","7",111," "," ","7",111," "," ","7",167," "," ","7",167," "," ","7",156," "," ","7",156," "," ","7",117," "," ","7",67," "," ","7",61," "," ","7",78," "," ","7",78," "," ","7",83," "," ","7",NA," "," "," "
"5014","USC00413787",2016,9,"TOBS",172," "," ","7",183," "," ","7",183," "," ","7",194," "," ","7",194," "," ","7",189," "," ","7",206," "," ","7",206," "," ","7",178," "," ","7",122," "," ","7",139," "," ","7",194," "," ","7",144," "," ","7",139," "," ","7",178," "," ","7",133," "," ","7",172," "," ","7",206," "," ","7",111," "," ","7",167," "," ","7",194," "," ","7",167," "," ","7",161," "," ","7",172," "," ","7",144," "," ","7",67," "," ","7",106," "," ","7",83," "," ","7",94," "," ","7",83," "," ","7",NA," "," "," "
"5015","USC00413787",2016,9,"PRCP",0," "," ","7",0," "," ","7",0," "," ","7",0," "," ","7",0," "," ","7",0," "," ","7",38," "," ","7",0," "," ","7",0," "," ","7",71," "," ","7",0," "," ","7",0," "," ","7",0," "," ","7",0," "," ","7",0," "," ","7",0," "," ","7",0," "," ","7",203," "," ","7",0," "," ","7",0," "," ","7",0," "," ","7",0," "," ","7",0," "," ","7",0," "," ","7",13," "," ","7",0," "," ","7",0," "," ","7",0," "," ","7",0," "," ","7",0," "," ","7",NA," "," "," "
"5016","USC00413787",2016,9,"WT01",1," "," ","7",NA," "," "," ",NA," "," "," ",NA," "," "," ",NA," "," "," ",NA," "," "," ",NA," "," "," ",NA," "," "," ",NA," "," "," ",NA," "," "," ",NA," "," "," ",NA," "," "," ",NA," "," "," ",NA," "," "," ",NA," "," "," ",NA," "," "," ",NA," "," "," ",NA," "," "," ",NA," "," "," ",NA," "," "," ",NA," "," "," ",NA," "," "," ",NA," "," "," ",NA," "," "," ",NA," "," "," ",NA," "," "," ",NA," "," "," ",NA," "," "," ",NA," "," "," ",NA," "," "," ",NA," "," "," "
"5017","USC00413787",2016,10,"TMAX",250," "," ","7",294," "," ","7",306," "," ","7",306," "," ","7",267," "," ","7",283," "," ","7",294," "," ","7",200," "," ","7",244," "," ","7",217," "," ","7",300," "," ","7",322," "," ","7",156," "," ","7",194," "," ","7",289," "," ","7",350," "," ","7",361," "," ","7",361," "," ","7",239," "," ","7",83," ","S","7",189," "," ","7",272," "," ","7",322," "," ","7",250," "," ","7",261," "," ","7",294," "," ","7",272," "," ","7",283," "," ","7",317," "," ","7",333," "," ","7",200," "," ","7"
"5018","USC00413787",2016,10,"TMIN",83," "," ","7",122," "," ","7",133," "," ","7",150," "," ","7",22," "," ","7",22," "," ","7",22," "," ","7",17," "," ","7",50," "," ","7",117," "," ","7",106," "," ","7",89," "," ","7",56," "," ","7",72," "," ","7",106," "," ","7",89," "," ","7",167," "," ","7",89," "," ","7",67," "," ","7",39," "," ","7",22," "," ","7",33," "," ","7",61," "," ","7",61," "," ","7",56," "," ","7",117," "," ","7",72," "," ","7",72," "," ","7",122," "," ","7",89," "," ","7",89," "," ","7"
"5019","USC00413787",2016,10,"TOBS",128," "," ","7",133," "," ","7",150," "," ","7",156," "," ","7",22," "," ","7",100," "," ","7",22," "," ","7",50," "," ","7",122," "," ","7",122," "," ","7",111," "," ","7",89," "," ","7",72," "," ","7",111," "," ","7",133," "," ","7",194," "," ","7",183," "," ","7",94," "," ","7",67," "," ","7",39," "," ","7",33," "," ","7",94," "," ","7",178," "," ","7",61," "," ","7",150," "," ","7",117," "," ","7",72," "," ","7",128," "," ","7",156," "," ","7",89," "," ","7",128," "," ","7"
"5020","USC00413787",2016,10,"PRCP",0," "," ","7",0," "," ","7",0," "," ","7",0," "," ","7",0," "," ","7",0," "," ","7",0," "," ","7",0," "," ","7",25," "," ","7",191," "," ","7",0," "," ","7",0," "," ","7",0," "," ","7",0," "," ","7",0," "," ","7",0," "," ","7",0," "," ","7",0," "," ","7",0," "," ","7",0," "," ","7",0," "," ","7",0," "," ","7",0," "," ","7",0," "," ","7",0," "," ","7",0," "," ","7",0," "," ","7",0," "," ","7",0," "," ","7",0," "," ","7",0," "," ","7"
"5021","USC00413787",2016,10,"SNOW",0," "," ","7",0," "," ","7",0," "," ","7",0," "," ","7",0," "," ","7",0," "," ","7",0," "," ","7",0," "," ","7",0," "," ","7",0," "," ","7",0," "," ","7",0," "," ","7",0," "," ","7",0," "," ","7",0," "," ","7",0," "," ","7",0," "," ","7",0," "," ","7",0," "," ","7",0," "," ","7",0," "," ","7",0," "," ","7",0," "," ","7",0," "," ","7",0," "," ","7",0," "," ","7",0," "," ","7",0," "," ","7",0," "," ","7",0," "," ","7",0," "," ","7"
"5022","USC00413787",2016,10,"SNWD",0," "," ","7",0," "," ","7",0," "," ","7",0," "," ","7",0," "," ","7",0," "," ","7",0," "," ","7",0," "," ","7",0," "," ","7",0," "," ","7",0," "," ","7",0," "," ","7",0," "," ","7",0," "," ","7",0," "," ","7",0," "," ","7",0," "," ","7",0," "," ","7",0," "," ","7",0," "," ","7",0," "," ","7",0," "," ","7",0," "," ","7",0," "," ","7",0," "," ","7",0," "," ","7",0," "," ","7",0," "," ","7",0," "," ","7",0," "," ","7",0," "," ","7"
"5023","USC00413787",2016,11,"TMAX",311," "," ","7",250," "," ","7",161," "," ","7",211," "," ","7",206," "," ","7",200," "," ","7",167," "," ","7",194," "," ","7",172," "," ","7",172," "," ","7",211," "," ","7",150," "," ","7",150," "," ","7",217," "," ","7",228," "," ","7",278," "," ","7",300," "," ","7",272," "," ","7",94," "," ","7",139," "," ","7",250," "," ","7",211," "," ","7",144," "," ","7",150," "," ","7",178," "," ","7",156," "," ","7",194," "," ","7",189," "," ","7",150," "," ","7",117," "," ","7",NA," "," "," "
"5024","USC00413787",2016,11,"TMIN",94," "," ","7",100," "," ","7",83," "," ","7",44," "," ","7",44," "," ","7",100," "," ","7",106," "," ","7",56," "," ","7",-17," "," ","7",-17," "," ","7",17," "," ","7",-33," "," ","7",-33," "," ","7",22," "," ","7",33," "," ","7",44," "," ","7",44," "," ","7",-6," "," ","7",-89," "," ","7",-39," "," ","7",11," "," ","7",22," "," ","7",0," "," ","7",-11," "," ","7",-44," "," ","7",-44," "," ","7",-11," "," ","7",11," "," ","7",-33," "," ","7",-33," "," ","7",NA," "," "," "
"5025","USC00413787",2016,11,"TOBS",100," "," ","7",117," "," ","7",89," "," ","7",56," "," ","7",100," "," ","7",133," "," ","7",117," "," ","7",56," "," ","7",-11," "," ","7",17," "," ","7",56," "," ","7",-28," "," ","7",22," "," ","7",33," "," ","7",50," "," ","7",50," "," ","7",106," "," ","7",-6," "," ","7",-39," "," ","7",28," "," ","7",28," "," ","7",83," "," ","7",0," "," ","7",39," "," ","7",-44," "," ","7",-11," "," ","7",117," "," ","7",11," "," ","7",-28," "," ","7",-6," "," ","7",NA," "," "," "
"5026","USC00413787",2016,11,"PRCP",0," "," ","7",0," "," ","7",0," "," ","7",0," "," ","7",0," "," ","7",5," "," ","7",10," "," ","7",0," "," ","7",0," "," ","7",0," "," ","7",0," "," ","7",0," "," ","7",0," "," ","7",0," "," ","7",0," "," ","7",0," "," ","7",0," "," ","7",0," "," ","7",0," "," ","7",0," "," ","7",0," "," ","7",0," "," ","7",8," "," ","7",0," "," ","7",0," "," ","7",0," "," ","7",0," "," ","7",0," "," ","7",0," "," ","7",0," "," ","7",NA," "," "," "
"5027","USC00413787",2016,11,"SNOW",0," "," ","7",0," "," ","7",0," "," ","7",0," "," ","7",0," "," ","7",0," "," ","7",0," "," ","7",0," "," ","7",0," "," ","7",0," "," ","7",0," "," ","7",0," "," ","7",0," "," ","7",0," "," ","7",0," "," ","7",0," "," ","7",0," "," ","7",0," "," ","7",0," "," ","7",0," "," ","7",0," "," ","7",0," "," ","7",0," "," ","7",0," "," ","7",0," "," ","7",0," "," ","7",0," "," ","7",0," "," ","7",0," "," ","7",0," "," ","7",NA," "," "," "
"5028","USC00413787",2016,11,"SNWD",0," "," ","7",0," "," ","7",0," "," ","7",0," "," ","7",0," "," ","7",0," "," ","7",0," "," ","7",0," "," ","7",0," "," ","7",0," "," ","7",0," "," ","7",0," "," ","7",0," "," ","7",0," "," ","7",0," "," ","7",0," "," ","7",0," "," ","7",0," "," ","7",0," "," ","7",0," "," ","7",0," "," ","7",0," "," ","7",0," "," ","7",0," "," ","7",0," "," ","7",0," "," ","7",0," "," ","7",0," "," ","7",0," "," ","7",0," "," ","7",NA," "," "," "
"5029","USC00413787",2016,12,"TMAX",106," "," ","7",100," "," ","7",89," "," ","7",33," "," ","7",111," "," ","7",172," "," ","7",6," "," ","7",-6," "," ","7",-33," "," ","7",61," "," ","7",206," "," ","7",106," "," ","7",128," "," ","7",28," "," ","7",11," "," ","7",128," "," ","7",233," "," ","7",-111," "," ","7",-39," "," ","7",72," "," ","7",139," "," ","7",150," "," ","7",33," "," ","7",172," "," ","7",189," "," ","7",117," "," ","7",78," "," ","7",167," "," ","7",150," "," ","7",89," "," ","7",167," "," ","7"
"5030","USC00413787",2016,12,"TMIN",-61," "," ","7",-61," "," ","7",-28," "," ","7",-33," "," ","7",-33," "," ","7",-50," "," ","7",-83," "," ","7",-128," "," ","7",-133," "," ","7",-50," "," ","7",-44," "," ","7",-78," "," ","7",-72," "," ","7",-89," "," ","7",-100," "," ","7",-94," "," ","7",-117," "," ","7",-239," "," ","7",-239," "," ","7",-167," "," ","7",-67," "," ","7",-56," "," ","7",-28," "," ","7",-44," "," ","7",-39," "," ","7",-33," "," ","7",-83," "," ","7",-78," "," ","7",-33," "," ","7",-61," "," ","7",-28," "," ","7"
"5031","USC00413787",2016,12,"TOBS",-61," "," ","7",-28," "," ","7",-6," "," ","7",-22," "," ","7",-6," "," ","7",-50," "," ","7",-72," "," ","7",-128," "," ","7",-33," "," ","7",-44," "," ","7",33," "," ","7",-50," "," ","7",-72," "," ","7",-83," "," ","7",-89," "," ","7",128," "," ","7",-117," "," ","7",-233," "," ","7",-167," "," ","7",-67," "," ","7",-6," "," ","7",-28," "," ","7",28," "," ","7",-33," "," ","7",111," "," ","7",-28," "," ","7",-78," "," ","7",11," "," ","7",-33," "," ","7",-22," "," ","7",-17," "," ","7"
"5032","USC00413787",2016,12,"PRCP",0," "," ","7",0," "," ","7",18," "," ","7",3," "," ","7",0," "," ","7",0," "," ","7",0," "," ","7",0," "," ","7",0," "," ","7",0," "," ","7",0," "," ","7",0," "," ","7",0," "," ","7",0," "," ","7",0," "," ","7",0," "," ","7",0," "," ","7",13," "," ","7",0," "," ","7",0," "," ","7",0," "," ","7",0," "," ","7",15," "," ","7",0," "," ","7",41," "," ","7",0," "," ","7",0," "," ","7",0," "," ","7",0," "," ","7",0," "," ","7",0," "," ","7"
"5033","USC00413787",2016,12,"SNOW",0," "," ","7",0," "," ","7",0," "," ","7",0," "," ","7",0," "," ","7",0," "," ","7",0," "," ","7",0," "," ","7",0," "," ","7",0," "," ","7",0," "," ","7",0," "," ","7",0," "," ","7",0," "," ","7",0," "," ","7",0," "," ","7",0," "," ","7",25," "," ","7",0," "," ","7",0," "," ","7",0," "," ","7",0," "," ","7",0," "," ","7",0," "," ","7",0," "," ","7",0," "," ","7",0," "," ","7",0," "," ","7",0," "," ","7",0," "," ","7",0," "," ","7"
"5034","USC00413787",2016,12,"SNWD",0," "," ","7",0," "," ","7",0," "," ","7",0," "," ","7",0," "," ","7",0," "," ","7",0," "," ","7",0," "," ","7",0," "," ","7",0," "," ","7",0," "," ","7",0," "," ","7",0," "," ","7",0," "," ","7",0," "," ","7",0," "," ","7",0," "," ","7",25," "," ","7",0," "," ","7",0," "," ","7",0," "," ","7",0," "," ","7",0," "," ","7",0," "," ","7",0," "," ","7",0," "," ","7",0," "," ","7",0," "," ","7",0," "," ","7",0," "," ","7",0," "," ","7"
"5035","USC00413787",2017,1,"TMAX",67," "," ","7",172," "," ","7",139," "," ","7",-6," "," ","7",44," "," ","7",-100," "," ","7",-61," "," ","7",0," "," ","7",100," "," ","7",183," "," ","7",161," "," ","7",233," "," ","7",44," "," ","7",-22," "," ","7",-11," "," ","7",-6," "," ","7",28," "," ","7",106," "," ","7",144," "," ","7",128," "," ","7",150," "," ","7",139," "," ","7",117," "," ","7",200," "," ","7",150," "," ","7",50," "," ","7",61," "," ","7",61," "," ","7",117," "," ","7",189," "," ","7",211," "," ","7"
"5036","USC00413787",2017,1,"TMIN",-50," "," ","7",-6," "," ","7",-44," "," ","7",-106," "," ","7",-133," "," ","7",-128," "," ","7",-200," "," ","7",-206," "," ","7",-61," "," ","7",-11," "," ","7",50," "," ","7",-89," "," ","7",-89," "," ","7",-78," "," ","7",-28," "," ","7",-28," "," ","7",-11," "," ","7",6," "," ","7",-17," "," ","7",-11," "," ","7",-11," "," ","7",-6," "," ","7",-22," "," ","7",-6," "," ","7",-44," "," ","7",-83," "," ","7",-89," "," ","7",-83," "," ","7",-56," "," ","7",-22," "," ","7",-22," "," ","7"
"5037","USC00413787",2017,1,"TOBS",28," "," ","7",-6," "," ","7",-44," "," ","7",-106," "," ","7",-128," "," ","7",-128," "," ","7",-200," "," ","7",-61," "," ","7",-11," "," ","7",67," "," ","7",83," "," ","7",-89," "," ","7",-72," "," ","7",-22," "," ","7",-11," "," ","7",-11," "," ","7",11," "," ","7",11," "," ","7",-11," "," ","7",17," "," ","7",-6," "," ","7",6," "," ","7",6," "," ","7",39," "," ","7",-44," "," ","7",-67," "," ","7",-83," "," ","7",-56," "," ","7",39," "," ","7",-22," "," ","7",-17," "," ","7"
"5038","USC00413787",2017,1,"PRCP",0," "," ","7",0," "," ","7",0," "," ","7",0," "," ","7",0," "," ","7",25," "," ","7",0," "," ","7",0," "," ","7",0," "," ","7",0," "," ","7",0," "," ","7",0," "," ","7",0," "," ","7",0," "," ","7",411," "," ","7",180," "," ","7",0," "," ","7",0," "," ","7",0," "," ","7",0," "," ","7",0," "," ","7",218," "," ","7",0," "," ","7",0," "," ","7",0," "," ","7",0," "," ","7",0," "," ","7",0," "," ","7",0," "," ","7",0," "," ","7",0," "," ","7"
"5039","USC00413787",2017,1,"SNOW",0," "," ","7",0," "," ","7",0," "," ","7",0," "," ","7",0," "," ","7",51," "," ","7",0," "," ","7",0," "," ","7",0," "," ","7",0," "," ","7",0," "," ","7",0," "," ","7",0," "," ","7",0," "," ","7",0," "," ","7",51," "," ","7",0," "," ","7",0," "," ","7",0," "," ","7",0," "," ","7",0," "," ","7",0," "," ","7",0," "," ","7",0," "," ","7",0," "," ","7",0," "," ","7",0," "," ","7",0," "," ","7",0," "," ","7",0," "," ","7",0," "," ","7"
"5040","USC00413787",2017,1,"SNWD",0," "," ","7",0," "," ","7",0," "," ","7",0," "," ","7",0," "," ","7",51," "," ","7",25," "," ","7",0," "," ","7",0," "," ","7",0," "," ","7",0," "," ","7",0," "," ","7",0," "," ","7",0," "," ","7",0," "," ","7",51," "," ","7",0," "," ","7",0," "," ","7",0," "," ","7",0," "," ","7",0," "," ","7",0," "," ","7",0," "," ","7",0," "," ","7",0," "," ","7",0," "," ","7",0," "," ","7",0," "," ","7",0," "," ","7",0," "," ","7",0," "," ","7"
"5041","USC00413787",2017,2,"TMAX",222," "," ","7",89," "," ","7",11," "," ","7",22," "," ","7",222," "," ","7",194," "," ","7",228," "," ","7",217," "," ","7",89," "," ","7",250," "," ","7",311," "," ","7",311," "," ","7",106," "," ","7",33," "," ","7",83," "," ","7",156," "," ","7",228," "," ","7",222," "," ","7",217," "," ","7",217," "," ","7",211," "," ","7",278," "," ","7",272," "," ","7",250," "," ","7",78," "," ","7",117," "," ","7",133," "," ","7",211," "," ","7",NA," "," "," ",NA," "," "," ",NA," "," "," "
"5042","USC00413787",2017,2,"TMIN",-33," "," ","7",-89," "," ","7",-94," "," ","7",-94," "," ","7",-50," "," ","7",-44," "," ","7",6," "," ","7",-39," "," ","7",-50," "," ","7",0," "," ","7",61," "," ","7",22," "," ","7",-22," "," ","7",-6," "," ","7",-50," "," ","7",-56," "," ","7",-22," "," ","7",-17," "," ","7",0," "," ","7",28," "," ","7",-28," "," ","7",-22," "," ","7",56," "," ","7",-67," "," ","7",-111," "," ","7",-56," "," ","7",-33," "," ","7",-33," "," ","7",NA," "," "," ",NA," "," "," ",NA," "," "," "
"5043","USC00413787",2017,2,"TOBS",-33," "," ","7",-78," "," ","7",-94," "," ","7",-28," "," ","7",-44," "," ","7",39," "," ","7",6," "," ","7",-39," "," ","7",0," "," ","7",78," "," ","7",144," "," ","7",28," "," ","7",-6," "," ","7",11," "," ","7",-44," "," ","7",-17," "," ","7",-6," "," ","7",0," "," ","7",94," "," ","7",122," "," ","7",-22," "," ","7",61," "," ","7",61," "," ","7",-50," "," ","7",-28," "," ","7",-6," "," ","7",-33," "," ","7",78," "," ","7",NA," "," "," ",NA," "," "," ",NA," "," "," "
"5044","USC00413787",2017,2,"PRCP",0," "," ","7",0," "," ","7",0," "," ","7",0," "," ","7",0," "," ","7",0," "," ","7",0," "," ","7",0," "," ","7",0," "," ","7",0," "," ","7",0," "," ","7",0," "," ","7",0," "," ","7",46," "," ","7",0," "," ","7",0," "," ","7",0," "," ","7",0," "," ","7",0," "," ","7",0," "," ","7",0," "," ","7",0," "," ","7",0," "," ","7",0," "," ","7",0," "," ","7",0," "," ","7",0," "," ","7",0," "," ","7",NA," "," "," ",NA," "," "," ",NA," "," "," "
"5045","USC00413787",2017,2,"SNOW",0," "," ","7",0," "," ","7",0," "," ","7",0," "," ","7",0," "," ","7",0," "," ","7",0," "," ","7",0," "," ","7",0," "," ","7",0," "," ","7",0," "," ","7",0," "," ","7",0," "," ","7",0," "," ","7",0," "," ","7",0," "," ","7",0," "," ","7",0," "," ","7",0," "," ","7",0," "," ","7",0," "," ","7",0," "," ","7",0," "," ","7",0," "," ","7",0," "," ","7",0," "," ","7",0," "," ","7",0," "," ","7",NA," "," "," ",NA," "," "," ",NA," "," "," "
"5046","USC00413787",2017,2,"SNWD",0," "," ","7",0," "," ","7",0," "," ","7",0," "," ","7",0," "," ","7",0," "," ","7",0," "," ","7",0," "," ","7",0," "," ","7",0," "," ","7",0," "," ","7",0," "," ","7",0," "," ","7",0," "," ","7",0," "," ","7",0," "," ","7",0," "," ","7",0," "," ","7",0," "," ","7",0," "," ","7",0," "," ","7",0," "," ","7",0," "," ","7",0," "," ","7",0," "," ","7",0," "," ","7",0," "," ","7",0," "," ","7",NA," "," "," ",NA," "," "," ",NA," "," "," "
"5047","USC00413787",2017,3,"TMAX",233," "," ","7",139," "," ","7",161," "," ","7",200," "," ","7",244," "," ","7",272," "," ","7",244," "," ","7",161," "," ","7",244," "," ","7",294," "," ","7",56," "," ","7",56," "," ","7",194," "," ","7",117," "," ","7",217," "," ","7",217," "," ","7",322," "," ","7",228," "," ","7",278," "," ","7",344," "," ","7",322," "," ","7",211," "," ","7",211," "," ","7",294," "," ","7",139," "," ","7",211," "," ","7",189," "," ","7",217," "," ","7",106," "," ","7",72," "," ","7",206," "," ","7"
"5048","USC00413787",2017,3,"TMIN",-56," "," ","7",-61," "," ","7",-67," "," ","7",-50," "," ","7",44," "," ","7",61," "," ","7",-78," "," ","7",-72," "," ","7",6," "," ","7",11," "," ","7",-17," "," ","7",-61," "," ","7",-50," "," ","7",-6," "," ","7",-33," "," ","7",-33," "," ","7",61," "," ","7",28," "," ","7",72," "," ","7",72," "," ","7",78," "," ","7",39," "," ","7",39," "," ","7",78," "," ","7",17," "," ","7",50," "," ","7",6," "," ","7",0," "," ","7",50," "," ","7",11," "," ","7",11," "," ","7"
"5049","USC00413787",2017,3,"TOBS",-50," "," ","7",-56," "," ","7",-50," "," ","7",44," "," ","7",61," "," ","7",106," "," ","7",-67," "," ","7",11," "," ","7",17," "," ","7",11," "," ","7",39," "," ","7",-50," "," ","7",22," "," ","7",0," "," ","7",-28," "," ","7",78," "," ","7",111," "," ","7",72," "," ","7",183," "," ","7",111," "," ","7",78," "," ","7",44," "," ","7",122," "," ","7",78," "," ","7",50," "," ","7",83," "," ","7",6," "," ","7",89," "," ","7",50," "," ","7",11," "," ","7",44," "," ","7"
"5050","USC00413787",2017,3,"PRCP",0," "," ","7",0," "," ","7",0," "," ","7",0," "," ","7",0," "," ","7",0," "," ","7",0," "," ","7",0," "," ","7",0," "," ","7",0," "," ","7",0," "," ","7",0," "," ","7",0," "," ","7",0," "," ","7",0," "," ","7",0," "," ","7",0," "," ","7",0," "," ","7",0," "," ","7",0," "," ","7",0," "," ","7",0," "," ","7",0," "," ","7",5," "," ","7",53," "," ","7",0," "," ","7",0," "," ","7",0," "," ","7",381," "," ","7",81," "," ","7",0," "," ","7"
"5051","USC00413787",2017,3,"SNOW",0," "," ","7",0," "," ","7",0," "," ","7",0," "," ","7",0," "," ","7",0," "," ","7",0," "," ","7",0," "," ","7",0," "," ","7",0," "," ","7",0," "," ","7",0," "," ","7",0," "," ","7",0," "," ","7",0," "," ","7",0," "," ","7",0," "," ","7",0," "," ","7",0," "," ","7",0," "," ","7",0," "," ","7",0," "," ","7",0," "," ","7",0," "," ","7",0," "," ","7",0," "," ","7",0," "," ","7",0," "," ","7",0," "," ","7",0," "," ","7",0," "," ","7"
"5052","USC00413787",2017,3,"SNWD",0," "," ","7",0," "," ","7",0," "," ","7",0," "," ","7",0," "," ","7",0," "," ","7",0," "," ","7",0," "," ","7",0," "," ","7",0," "," ","7",0," "," ","7",0," "," ","7",0," "," ","7",0," "," ","7",0," "," ","7",0," "," ","7",0," "," ","7",0," "," ","7",0," "," ","7",0," "," ","7",0," "," ","7",0," "," ","7",0," "," ","7",0," "," ","7",0," "," ","7",0," "," ","7",0," "," ","7",0," "," ","7",0," "," ","7",0," "," ","7",0," "," ","7"
"5053","USC00413787",2017,3,"WT05",NA," "," "," ",NA," "," "," ",NA," "," "," ",NA," "," "," ",NA," "," "," ",NA," "," "," ",NA," "," "," ",NA," "," "," ",NA," "," "," ",NA," "," "," ",NA," "," "," ",NA," "," "," ",NA," "," "," ",NA," "," "," ",NA," "," "," ",NA," "," "," ",NA," "," "," ",NA," "," "," ",NA," "," "," ",NA," "," "," ",NA," "," "," ",NA," "," "," ",NA," "," "," ",1," "," ","7",NA," "," "," ",NA," "," "," ",NA," "," "," ",NA," "," "," ",NA," "," "," ",NA," "," "," ",NA," "," "," "
"5054","USC00413787",2017,4,"TMAX",89," "," ","7",89," "," ","7",150," "," ","7",222," "," ","7",61," "," ","7",144," "," ","7",211," "," ","7",278," "," ","7",311," "," ","7",272," "," ","7",200," "," ","7",228," "," ","7",217," "," ","7",244," "," ","7",272," "," ","7",317," "," ","7",244," "," ","7",250," "," ","7",311," "," ","7",333," "," ","7",217," "," ","7",111," "," ","7",133," "," ","7",222," "," ","7",306," "," ","7",194," "," ","7",172," "," ","7",250," "," ","7",189," "," ","7",28," "," ","7",NA," "," "," "
"5055","USC00413787",2017,4,"TMIN",33," "," ","7",33," "," ","7",39," "," ","7",44," "," ","7",6," "," ","7",11," "," ","7",17," "," ","7",50," "," ","7",78," "," ","7",56," "," ","7",50," "," ","7",50," "," ","7",111," "," ","7",122," "," ","7",150," "," ","7",78," "," ","7",128," "," ","7",128," "," ","7",128," "," ","7",133," "," ","7",89," "," ","7",33," "," ","7",6," "," ","7",72," "," ","7",89," "," ","7",33," "," ","7",33," "," ","7",50," "," ","7",0," "," ","7",-6," "," ","7",NA," "," "," "
"5056","USC00413787",2017,4,"TOBS",33," "," ","7",39," "," ","7",50," "," ","7",61," "," ","7",22," "," ","7",17," "," ","7",50," "," ","7",83," "," ","7",83," "," ","7",56," "," ","7",50," "," ","7",111," "," ","7",128," "," ","7",167," "," ","7",167," "," ","7",156," "," ","7",133," "," ","7",128," "," ","7",150," "," ","7",133," "," ","7",94," "," ","7",33," "," ","7",72," "," ","7",94," "," ","7",89," "," ","7",39," "," ","7",67," "," ","7",50," "," ","7",0," "," ","7",0," "," ","7",NA," "," "," "
"5057","USC00413787",2017,4,"PRCP",76," "," ","7",58," "," ","7",0," "," ","7",229," "," ","7",107," "," ","7",0," "," ","7",0," "," ","7",0," "," ","7",0," "," ","7",0," "," ","7",0," "," ","7",0," "," ","7",0," "," ","7",0," "," ","7",0," "," ","7",0," "," ","7",0," "," ","7",0," "," ","7",0," "," ","7",0," "," ","7",150," "," ","7",8," "," ","7",0," "," ","7",0," "," ","7",0," "," ","7",76," "," ","7",0," "," ","7",0," "," ","7",287," "," ","7",203," "," ","7",NA," "," "," "
"5058","USC00413787",2017,4,"SNOW",0," "," ","7",0," "," ","7",0," "," ","7",0," "," ","7",0," "," ","7",0," "," ","7",0," "," ","7",0," "," ","7",0," "," ","7",0," "," ","7",0," "," ","7",0," "," ","7",0," "," ","7",0," "," ","7",0," "," ","7",0," "," ","7",0," "," ","7",0," "," ","7",0," "," ","7",0," "," ","7",0," "," ","7",0," "," ","7",0," "," ","7",0," "," ","7",0," "," ","7",0," "," ","7",0," "," ","7",0," "," ","7",0," "," ","7",102," "," ","7",NA," "," "," "
"5059","USC00413787",2017,4,"SNWD",0," "," ","7",0," "," ","7",0," "," ","7",0," "," ","7",0," "," ","7",0," "," ","7",0," "," ","7",0," "," ","7",0," "," ","7",0," "," ","7",0," "," ","7",0," "," ","7",0," "," ","7",0," "," ","7",0," "," ","7",0," "," ","7",0," "," ","7",0," "," ","7",0," "," ","7",0," "," ","7",0," "," ","7",0," "," ","7",0," "," ","7",0," "," ","7",0," "," ","7",0," "," ","7",0," "," ","7",0," "," ","7",0," "," ","7",102," "," ","7",NA," "," "," "
"5060","USC00413787",2017,5,"TMAX",61," "," ","7",222," "," ","7",250," "," ","7",156," "," ","7",206," "," ","7",267," "," ","7",294," "," ","7",300," "," ","7",272," "," ","7",256," "," ","7",244," "," ","7",172," "," ","7",222," "," ","7",289," "," ","7",333," "," ","7",322," "," ","7",306," "," ","7",278," "," ","7",283," "," ","7",189," "," ","7",217," "," ","7",250," "," ","7",194," "," ","7",194," "," ","7",289," "," ","7",350," "," ","7",294," "," ","7",278," "," ","7",267," "," ","7",283," "," ","7",300," "," ","7"
"5061","USC00413787",2017,5,"TMIN",-6," "," ","7",11," "," ","7",44," "," ","7",28," "," ","7",28," "," ","7",44," "," ","7",122," "," ","7",133," "," ","7",133," "," ","7",128," "," ","7",78," "," ","7",61," "," ","7",67," "," ","7",83," "," ","7",139," "," ","7",161," "," ","7",111," "," ","7",111," "," ","7",111," "," ","7",39," "," ","7",39," "," ","7",67," "," ","7",78," "," ","7",44," "," ","7",44," "," ","7",89," "," ","7",117," "," ","7",106," "," ","7",94," "," ","7",106," "," ","7",106," "," ","7"
"5062","USC00413787",2017,5,"TOBS",11," "," ","7",50," "," ","7",78," "," ","7",28," "," ","7",44," "," ","7",161," "," ","7",161," "," ","7",133," "," ","7",167," "," ","7",128," "," ","7",106," "," ","7",67," "," ","7",83," "," ","7",139," "," ","7",161," "," ","7",172," "," ","7",117," "," ","7",111," "," ","7",111," "," ","7",39," "," ","7",72," "," ","7",111," "," ","7",83," "," ","7",50," "," ","7",94," "," ","7",122," "," ","7",183," "," ","7",156," "," ","7",228," "," ","7",106," "," ","7",133," "," ","7"
"5063","USC00413787",2017,5,"PRCP",0," "," ","7",0," "," ","7",137," "," ","7",0," "," ","7",0," "," ","7",0," "," ","7",0," "," ","7",0," "," ","7",0," "," ","7",89," "," ","7",56," "," ","7",58," "," ","7",0," "," ","7",0," "," ","7",0," "," ","7",76," "," ","7",13," "," ","7",0," "," ","7",0," "," ","7",0," "," ","7",0," "," ","7",97," "," ","7",102," "," ","7",0," "," ","7",0," "," ","7",0," "," ","7",0," "," ","7",0," "," ","7",0," "," ","7",0," "," ","7",5," "," ","7"
"5064","USC00413787",2017,5,"SNOW",0," "," ","7",0," "," ","7",0," "," ","7",0," "," ","7",0," "," ","7",0," "," ","7",0," "," ","7",0," "," ","7",0," "," ","7",0," "," ","7",0," "," ","7",0," "," ","7",0," "," ","7",0," "," ","7",0," "," ","7",0," "," ","7",0," "," ","7",0," "," ","7",0," "," ","7",0," "," ","7",0," "," ","7",0," "," ","7",0," "," ","7",0," "," ","7",0," "," ","7",0," "," ","7",0," "," ","7",0," "," ","7",0," "," ","7",0," "," ","7",0," "," ","7"
"5065","USC00413787",2017,5,"SNWD",0," "," ","7",0," "," ","7",0," "," ","7",0," "," ","7",0," "," ","7",0," "," ","7",0," "," ","7",0," "," ","7",0," "," ","7",0," "," ","7",0," "," ","7",0," "," ","7",0," "," ","7",0," "," ","7",0," "," ","7",0," "," ","7",0," "," ","7",0," "," ","7",0," "," ","7",0," "," ","7",0," "," ","7",0," "," ","7",0," "," ","7",0," "," ","7",0," "," ","7",0," "," ","7",0," "," ","7",0," "," ","7",0," "," ","7",0," "," ","7",0," "," ","7"
"5066","USC00413787",2017,6,"TMAX",306," "," ","7",294," "," ","7",267," "," ","7",289," "," ","7",278," "," ","7",300," "," ","7",311," "," ","7",289," "," ","7",300," "," ","7",344," "," ","7",383," "," ","7",389," "," ","7",389," "," ","7",372," "," ","7",344," "," ","7",389," "," ","7",389," "," ","7",411," "," ","7",289," "," ","7",333," "," ","7",367," "," ","7",394," "," ","7",361," "," ","7",256," "," ","7",217," "," ","7",267," "," ","7",317," "," ","7",339," "," ","7",372," "," ","7",350," "," ","7",NA," "," "," "
"5067","USC00413787",2017,6,"TMIN",133," "," ","7",133," "," ","7",144," "," ","7",128," "," ","7",133," "," ","7",139," "," ","7",144," "," ","7",167," "," ","7",156," "," ","7",156," "," ","7",200," "," ","7",200," "," ","7",206," "," ","7",106," "," ","7",117," "," ","7",178," "," ","7",172," "," ","7",178," "," ","7",139," "," ","7",139," "," ","7",206," "," ","7",139," "," ","7",183," "," ","7",161," "," ","7",161," "," ","7",156," "," ","7",156," "," ","7",178," "," ","7",211," "," ","7",189," "," ","7",NA," "," "," "
"5068","USC00413787",2017,6,"TOBS",133," "," ","7",144," "," ","7",206," "," ","7",172," "," ","7",139," "," ","7",150," "," ","7",167," "," ","7",167," "," ","7",156," "," ","7",200," "," ","7",228," "," ","7",206," "," ","7",211," "," ","7",117," "," ","7",200," "," ","7",178," "," ","7",183," "," ","7",189," "," ","7",139," "," ","7",206," "," ","7",211," "," ","7",183," "," ","7",194," "," ","7",161," "," ","7",178," "," ","7",156," "," ","7",178," "," ","7",211," "," ","7",211," "," ","7",189," "," ","7",NA," "," "," "
"5069","USC00413787",2017,6,"PRCP",0," "," ","7",0," "," ","7",0," "," ","7",15," "," ","7",0," "," ","7",0," "," ","7",0," "," ","7",8," "," ","7",0," "," ","7",0," "," ","7",0," "," ","7",0," "," ","7",0," "," ","7",0," "," ","7",0," "," ","7",0," "," ","7",0," "," ","7",0," "," ","7",0," "," ","7",0," "," ","7",0," "," ","7",389," "," ","7",5," "," ","7",0," "," ","7",102," "," ","7",76," "," ","7",0," "," ","7",0," "," ","7",0," "," ","7",0," "," ","7",NA," "," "," "
"5070","USC00413787",2017,6,"SNOW",0," "," ","7",0," "," ","7",0," "," ","7",0," "," ","7",0," "," ","7",0," "," ","7",0," "," ","7",0," "," ","7",0," "," ","7",0," "," ","7",0," "," ","7",0," "," ","7",0," "," ","7",0," "," ","7",0," "," ","7",0," "," ","7",0," "," ","7",0," "," ","7",0," "," ","7",0," "," ","7",0," "," ","7",0," "," ","7",0," "," ","7",0," "," ","7",0," "," ","7",0," "," ","7",0," "," ","7",0," "," ","7",0," "," ","7",0," "," ","7",NA," "," "," "
"5071","USC00413787",2017,6,"SNWD",0," "," ","7",0," "," ","7",0," "," ","7",0," "," ","7",0," "," ","7",0," "," ","7",0," "," ","7",0," "," ","7",0," "," ","7",0," "," ","7",0," "," ","7",0," "," ","7",0," "," ","7",0," "," ","7",0," "," ","7",0," "," ","7",0," "," ","7",0," "," ","7",0," "," ","7",0," "," ","7",0," "," ","7",0," "," ","7",0," "," ","7",0," "," ","7",0," "," ","7",0," "," ","7",0," "," ","7",0," "," ","7",0," "," ","7",0," "," ","7",NA," "," "," "
"5072","USC00413787",2017,7,"TMAX",300," "," ","7",328," "," ","7",361," "," ","7",361," "," ","7",350," "," ","7",339," "," ","7",361," "," ","7",367," "," ","7",339," "," ","7",367," "," ","7",389," "," ","7",378," "," ","7",367," "," ","7",367," "," ","7",356," "," ","7",344," "," ","7",317," "," ","7",367," "," ","7",378," "," ","7",372," "," ","7",372," "," ","7",378," "," ","7",389," "," ","7",344," "," ","7",350," "," ","7",383," "," ","7",394," "," ","7",300," "," ","7",317," "," ","7",300," "," ","7",294," "," ","7"
"5073","USC00413787",2017,7,"TMIN",167," "," ","7",194," "," ","7",189," "," ","7",156," "," ","7",172," "," ","7",178," "," ","7",178," "," ","7",178," "," ","7",178," "," ","7",189," "," ","7",189," "," ","7",200," "," ","7",189," "," ","7",189," "," ","7",194," "," ","7",189," "," ","7",200," "," ","7",206," "," ","7",194," "," ","7",194," "," ","7",211," "," ","7",200," "," ","7",211," "," ","7",194," "," ","7",194," "," ","7",206," "," ","7",206," "," ","7",206," "," ","7",194," "," ","7",172," "," ","7",178," "," ","7"
"5074","USC00413787",2017,7,"TOBS",200," "," ","7",194," "," ","7",211," "," ","7",233," "," ","7",178," "," ","7",183," "," ","7",200," "," ","7",178," "," ","7",189," "," ","7",189," "," ","7",233," "," ","7",200," "," ","7",189," "," ","7",194," "," ","7",244," "," ","7",200," "," ","7",211," "," ","7",206," "," ","7",194," "," ","7",217," "," ","7",217," "," ","7",278," "," ","7",294," "," ","7",194," "," ","7",206," "," ","7",250," "," ","7",206," "," ","7",217," "," ","7",194," "," ","7",178," "," ","7",183," "," ","7"
"5075","USC00413787",2017,7,"PRCP",0," "," ","7",0," "," ","7",0," "," ","7",0," "," ","7",0," "," ","7",0," "," ","7",0," "," ","7",13," "," ","7",0," "," ","7",0," "," ","7",0," "," ","7",0," "," ","7",0," "," ","7",0," "," ","7",33," "," ","7",71," "," ","7",0," "," ","7",0," "," ","7",0," "," ","7",0," "," ","7",0," "," ","7",0," "," ","7",0," "," ","7",0," "," ","7",0," "," ","7",0," "," ","7",58," "," ","7",64," "," ","7",165," "," ","7",74," "," ","7",381," "," ","7"
"5076","USC00413787",2017,7,"SNOW",0," "," ","7",0," "," ","7",0," "," ","7",0," "," ","7",0," "," ","7",0," "," ","7",0," "," ","7",0," "," ","7",0," "," ","7",0," "," ","7",0," "," ","7",0," "," ","7",0," "," ","7",0," "," ","7",0," "," ","7",0," "," ","7",0," "," ","7",0," "," ","7",0," "," ","7",0," "," ","7",0," "," ","7",0," "," ","7",0," "," ","7",0," "," ","7",0," "," ","7",0," "," ","7",0," "," ","7",0," "," ","7",0," "," ","7",0," "," ","7",0," "," ","7"
"5077","USC00413787",2017,7,"SNWD",0," "," ","7",0," "," ","7",0," "," ","7",0," "," ","7",0," "," ","7",0," "," ","7",0," "," ","7",0," "," ","7",0," "," ","7",0," "," ","7",0," "," ","7",0," "," ","7",0," "," ","7",0," "," ","7",0," "," ","7",0," "," ","7",0," "," ","7",0," "," ","7",0," "," ","7",0," "," ","7",0," "," ","7",0," "," ","7",0," "," ","7",0," "," ","7",0," "," ","7",0," "," ","7",0," "," ","7",0," "," ","7",0," "," ","7",0," "," ","7",0," "," ","7"
"5078","USC00413787",2017,8,"TMAX",289," "," ","7",289," "," ","7",289," "," ","7",294," "," ","7",311," "," ","7",361," "," ","7",267," "," ","7",244," "," ","7",261," "," ","7",306," "," ","7",317," "," ","7",272," "," ","7",228," "," ","7",294," "," ","7",311," "," ","7",317," "," ","7",317," "," ","7",333," "," ","7",322," "," ","7",344," "," ","7",339," "," ","7",289," "," ","7",283," "," ","7",278," "," ","7",278," "," ","7",283," "," ","7",306," "," ","7",328," "," ","7",278," "," ","7",306," "," ","7",306," "," ","7"
"5079","USC00413787",2017,8,"TMIN",183," "," ","7",172," "," ","7",167," "," ","7",156," "," ","7",156," "," ","7",172," "," ","7",178," "," ","7",133," "," ","7",133," "," ","7",172," "," ","7",178," "," ","7",172," "," ","7",183," "," ","7",150," "," ","7",150," "," ","7",172," "," ","7",167," "," ","7",156," "," ","7",161," "," ","7",200," "," ","7",189," "," ","7",178," "," ","7",178," "," ","7",172," "," ","7",178," "," ","7",178," "," ","7",167," "," ","7",178," "," ","7",117," "," ","7",117," "," ","7",122," "," ","7"
"5080","USC00413787",2017,8,"TOBS",194," "," ","7",172," "," ","7",178," "," ","7",156," "," ","7",272," "," ","7",194," "," ","7",178," "," ","7",133," "," ","7",178," "," ","7",200," "," ","7",178," "," ","7",194," "," ","7",189," "," ","7",150," "," ","7",178," "," ","7",178," "," ","7",167," "," ","7",161," "," ","7",206," "," ","7",233," "," ","7",189," "," ","7",178," "," ","7",189," "," ","7",178," "," ","7",178," "," ","7",200," "," ","7",200," "," ","7",178," "," ","7",117," "," ","7",133," "," ","7",122," "," ","7"
"5081","USC00413787",2017,8,"PRCP",15," "," ","7",0," "," ","7",0," "," ","7",0," "," ","7",0," "," ","7",0," "," ","7",0," "," ","7",30," "," ","7",36," "," ","7",8," "," ","7",10," "," ","7",312," "," ","7",81," "," ","7",76," "," ","7",25," "," ","7",64," "," ","7",0," "," ","7",114," "," ","7",0," "," ","7",0," "," ","7",13," "," ","7",5," "," ","7",0," "," ","7",0," "," ","7",0," "," ","7",0," "," ","7",0," "," ","7",0," "," ","7",0," "," ","7",0," "," ","7",0," "," ","7"
"5082","USC00413787",2017,8,"SNOW",0," "," ","7",0," "," ","7",0," "," ","7",0," "," ","7",0," "," ","7",0," "," ","7",0," "," ","7",0," "," ","7",0," "," ","7",0," "," ","7",0," "," ","7",0," "," ","7",0," "," ","7",0," "," ","7",0," "," ","7",0," "," ","7",0," "," ","7",0," "," ","7",0," "," ","7",0," "," ","7",0," "," ","7",0," "," ","7",0," "," ","7",0," "," ","7",0," "," ","7",0," "," ","7",0," "," ","7",0," "," ","7",0," "," ","7",0," "," ","7",0," "," ","7"
"5083","USC00413787",2017,8,"SNWD",0," "," ","7",0," "," ","7",0," "," ","7",0," "," ","7",0," "," ","7",0," "," ","7",0," "," ","7",0," "," ","7",0," "," ","7",0," "," ","7",0," "," ","7",0," "," ","7",0," "," ","7",0," "," ","7",0," "," ","7",0," "," ","7",0," "," ","7",0," "," ","7",0," "," ","7",0," "," ","7",0," "," ","7",0," "," ","7",0," "," ","7",0," "," ","7",0," "," ","7",0," "," ","7",0," "," ","7",0," "," ","7",0," "," ","7",0," "," ","7",0," "," ","7"
"5084","USC00413787",2017,9,"TMAX",294," "," ","7",322," "," ","7",317," "," ","7",333," "," ","7",361," "," ","7",250," "," ","7",267," "," ","7",300," "," ","7",311," "," ","7",306," "," ","7",306," "," ","7",333," "," ","7",317," "," ","7",344," "," ","7",361," "," ","7",344," "," ","7",328," "," ","7",267," "," ","7",300," "," ","7",344," "," ","7",283," "," ","7",356," "," ","7",339," "," ","7",289," "," ","7",256," "," ","7",189," "," ","7",167," "," ","7",172," "," ","7",167," "," ","7",189," "," ","7",NA," "," "," "
"5085","USC00413787",2017,9,"TMIN",122," "," ","7",144," "," ","7",150," "," ","7",144," "," ","7",144," "," ","7",100," "," ","7",100," "," ","7",122," "," ","7",133," "," ","7",133," "," ","7",122," "," ","7",117," "," ","7",133," "," ","7",139," "," ","7",150," "," ","7",144," "," ","7",133," "," ","7",128," "," ","7",156," "," ","7",117," "," ","7",117," "," ","7",111," "," ","7",189," "," ","7",156," "," ","7",167," "," ","7",111," "," ","7",106," "," ","7",106," "," ","7",106," "," ","7",106," "," ","7",NA," "," "," "
"5086","USC00413787",2017,9,"TOBS",144," "," ","7",156," "," ","7",156," "," ","7",156," "," ","7",144," "," ","7",106," "," ","7",122," "," ","7",167," "," ","7",133," "," ","7",139," "," ","7",122," "," ","7",133," "," ","7",139," "," ","7",156," "," ","7",217," "," ","7",150," "," ","7",133," "," ","7",161," "," ","7",183," "," ","7",117," "," ","7",122," "," ","7",222," "," ","7",217," "," ","7",167," "," ","7",183," "," ","7",111," "," ","7",111," "," ","7",128," "," ","7",106," "," ","7",144," "," ","7",NA," "," "," "
"5087","USC00413787",2017,9,"PRCP",0," "," ","7",53," "," ","7",0," "," ","7",0," "," ","7",0," "," ","7",0," "," ","7",0," "," ","7",0," "," ","7",0," "," ","7",0," "," ","7",0," "," ","7",0," "," ","7",0," "," ","7",0," "," ","7",0," "," ","7",3," "," ","7",25," "," ","7",36," "," ","7",0," "," ","7",0," "," ","7",0," "," ","7",0," "," ","7",0," "," ","7",297," "," ","7",145," "," ","7",356," "," ","7",5," "," ","7",0," "," ","7",142," "," ","7",160," "," ","7",NA," "," "," "
"5088","USC00413787",2017,9,"SNOW",0," "," ","7",0," "," ","7",0," "," ","7",0," "," ","7",0," "," ","7",0," "," ","7",0," "," ","7",0," "," ","7",0," "," ","7",0," "," ","7",0," "," ","7",0," "," ","7",0," "," ","7",0," "," ","7",0," "," ","7",0," "," ","7",0," "," ","7",0," "," ","7",0," "," ","7",0," "," ","7",0," "," ","7",0," "," ","7",0," "," ","7",0," "," ","7",0," "," ","7",0," "," ","7",0," "," ","7",0," "," ","7",0," "," ","7",0," "," ","7",NA," "," "," "
"5089","USC00413787",2017,9,"SNWD",0," "," ","7",0," "," ","7",0," "," ","7",0," "," ","7",0," "," ","7",0," "," ","7",0," "," ","7",0," "," ","7",0," "," ","7",0," "," ","7",0," "," ","7",0," "," ","7",0," "," ","7",0," "," ","7",0," "," ","7",0," "," ","7",0," "," ","7",0," "," ","7",0," "," ","7",0," "," ","7",0," "," ","7",0," "," ","7",0," "," ","7",0," "," ","7",0," "," ","7",0," "," ","7",0," "," ","7",0," "," ","7",0," "," ","7",0," "," ","7",NA," "," "," "
"5090","USC00413787",2017,10,"TMAX",206," "," ","7",261," "," ","7",289," "," ","7",200," "," ","7",233," "," ","7",217," "," ","7",300," "," ","7",267," "," ","7",294," "," ","7",106," "," ","7",172," "," ","7",233," "," ","7",306," "," ","7",250," "," ","7",300," "," ","7",183," "," ","7",233," "," ","7",267," "," ","7",289," "," ","7",261," "," ","7",278," "," ","7",189," "," ","7",211," "," ","7",200," "," ","7",183," "," ","7",267," "," ","7",233," "," ","7",100," "," ","7",167," "," ","7",244," "," ","7",111," "," ","7"
"5091","USC00413787",2017,10,"TMIN",144," "," ","7",161," "," ","7",183," "," ","7",144," "," ","7",144," "," ","7",172," "," ","7",72," "," ","7",78," "," ","7",94," "," ","7",22," "," ","7",11," "," ","7",22," "," ","7",100," "," ","7",117," "," ","7",11," "," ","7",17," "," ","7",33," "," ","7",39," "," ","7",61," "," ","7",83," "," ","7",133," "," ","7",-6," "," ","7",33," "," ","7",28," "," ","7",22," "," ","7",39," "," ","7",-11," "," ","7",-28," "," ","7",-11," "," ","7",28," "," ","7",17," "," ","7"
"5092","USC00413787",2017,10,"TOBS",167," "," ","7",183," "," ","7",200," "," ","7",144," "," ","7",183," "," ","7",172," "," ","7",94," "," ","7",106," "," ","7",100," "," ","7",22," "," ","7",22," "," ","7",100," "," ","7",122," "," ","7",194," "," ","7",17," "," ","7",33," "," ","7",50," "," ","7",67," "," ","7",83," "," ","7",139," "," ","7",150," "," ","7",33," "," ","7",61," "," ","7",28," "," ","7",39," "," ","7",72," "," ","7",-11," "," ","7",-11," "," ","7",28," "," ","7",39," "," ","7",17," "," ","7"
"5093","USC00413787",2017,10,"PRCP",43," "," ","7",0," "," ","7",0," "," ","7",163," "," ","7",142," "," ","7",81," "," ","7",0," "," ","7",0," "," ","7",0," "," ","7",0," "," ","7",0," "," ","7",0," "," ","7",0," "," ","7",0," "," ","7",0," "," ","7",0," "," ","7",0," "," ","7",0," "," ","7",0," "," ","7",0," "," ","7",0," "," ","7",0," "," ","7",0," "," ","7",0," "," ","7",0," "," ","7",0," "," ","7",0," "," ","7",0," "," ","7",0," "," ","7",0," "," ","7",0," "," ","7"
"5094","USC00413787",2017,10,"SNOW",0," "," ","7",0," "," ","7",0," "," ","7",0," "," ","7",0," "," ","7",0," "," ","7",0," "," ","7",0," "," ","7",0," "," ","7",0," "," ","7",0," "," ","7",0," "," ","7",0," "," ","7",0," "," ","7",0," "," ","7",0," "," ","7",0," "," ","7",0," "," ","7",0," "," ","7",0," "," ","7",0," "," ","7",0," "," ","7",0," "," ","7",0," "," ","7",0," "," ","7",0," "," ","7",0," "," ","7",0," "," ","7",0," "," ","7",0," "," ","7",0," "," ","7"
"5095","USC00413787",2017,10,"SNWD",0," "," ","7",0," "," ","7",0," "," ","7",0," "," ","7",0," "," ","7",0," "," ","7",0," "," ","7",0," "," ","7",0," "," ","7",0," "," ","7",0," "," ","7",0," "," ","7",0," "," ","7",0," "," ","7",0," "," ","7",0," "," ","7",0," "," ","7",0," "," ","7",0," "," ","7",0," "," ","7",0," "," ","7",0," "," ","7",0," "," ","7",0," "," ","7",0," "," ","7",0," "," ","7",0," "," ","7",0," "," ","7",0," "," ","7",0," "," ","7",0," "," ","7"
"5096","USC00413787",2017,11,"TMAX",150," "," ","7",278," "," ","7",206," "," ","7",183," "," ","7",261," "," ","7",117," "," ","7",94," "," ","7",78," "," ","7",72," "," ","7",139," "," ","7",172," "," ","7",178," "," ","7",100," "," ","7",194," "," ","7",261," "," ","7",156," "," ","7",217," "," ","7",278," "," ","7",122," "," ","7",161," "," ","7",211," "," ","7",172," "," ","7",172," "," ","7",244," "," ","7",283," "," ","7",167," "," ","7",222," "," ","7",283," "," ","7",122," "," ","7",161," "," ","7",NA," "," "," "
"5097","USC00413787",2017,11,"TMIN",11," "," ","7",39," "," ","7",39," "," ","7",44," "," ","7",56," "," ","7",33," "," ","7",-6," "," ","7",-33," "," ","7",-28," "," ","7",-22," "," ","7",33," "," ","7",33," "," ","7",67," "," ","7",56," "," ","7",50," "," ","7",17," "," ","7",17," "," ","7",50," "," ","7",-50," "," ","7",-33," "," ","7",-33," "," ","7",-33," "," ","7",-50," "," ","7",44," "," ","7",39," "," ","7",11," "," ","7",22," "," ","7",28," "," ","7",-44," "," ","7",-44," "," ","7",NA," "," "," "
"5098","USC00413787",2017,11,"TOBS",39," "," ","7",78," "," ","7",50," "," ","7",100," "," ","7",56," "," ","7",33," "," ","7",22," "," ","7",-22," "," ","7",-22," "," ","7",33," "," ","7",78," "," ","7",67," "," ","7",78," "," ","7",56," "," ","7",61," "," ","7",17," "," ","7",122," "," ","7",50," "," ","7",-33," "," ","7",-28," "," ","7",50," "," ","7",-33," "," ","7",89," "," ","7",50," "," ","7",56," "," ","7",33," "," ","7",28," "," ","7",72," "," ","7",-44," "," ","7",28," "," ","7",NA," "," "," "
"5099","USC00413787",2017,11,"PRCP",0," "," ","7",0," "," ","7",0," "," ","7",0," "," ","7",0," "," ","7",0," "," ","7",0," "," ","7",51," "," ","7",0," "," ","7",0," "," ","7",0," "," ","7",0," "," ","7",0," "," ","7",0," "," ","7",0," "," ","7",0," "," ","7",0," "," ","7",0," "," ","7",0," "," ","7",0," "," ","7",0," "," ","7",0," "," ","7",0," "," ","7",0," "," ","7",0," "," ","7",0," "," ","7",0," "," ","7",0," "," ","7",0," "," ","7",0," "," ","7",NA," "," "," "
"5100","USC00413787",2017,11,"SNOW",0," "," ","7",0," "," ","7",0," "," ","7",0," "," ","7",0," "," ","7",0," "," ","7",0," "," ","7",51," "," ","7",0," "," ","7",0," "," ","7",0," "," ","7",0," "," ","7",0," "," ","7",0," "," ","7",0," "," ","7",0," "," ","7",0," "," ","7",0," "," ","7",0," "," ","7",0," "," ","7",0," "," ","7",0," "," ","7",0," "," ","7",0," "," ","7",0," "," ","7",0," "," ","7",0," "," ","7",0," "," ","7",0," "," ","7",0," "," ","7",NA," "," "," "
"5101","USC00413787",2017,11,"SNWD",0," "," ","7",0," "," ","7",0," "," ","7",0," "," ","7",0," "," ","7",0," "," ","7",0," "," ","7",51," "," ","7",0," "," ","7",0," "," ","7",0," "," ","7",0," "," ","7",0," "," ","7",0," "," ","7",0," "," ","7",0," "," ","7",0," "," ","7",0," "," ","7",0," "," ","7",0," "," ","7",0," "," ","7",0," "," ","7",0," "," ","7",0," "," ","7",0," "," ","7",0," "," ","7",0," "," ","7",0," "," ","7",0," "," ","7",0," "," ","7",NA," "," "," "
"5102","USC00413787",2017,12,"TMAX",100," "," ","7",228," "," ","7",167," "," ","7",256," "," ","7",156," "," ","7",67," "," ","7",89," "," ","7",56," "," ","7",122," "," ","7",156," "," ","7",206," "," ","7",194," "," ","7",172," "," ","7",183," "," ","7",78," "," ","7",133," "," ","7",178," "," ","7",94," "," ","7",189," "," ","7",144," "," ","7",167," "," ","7",56," "," ","7",39," "," ","7",111," "," ","7",17," "," ","7",94," "," ","7",-94," "," ","7",-50," "," ","7",83," "," ","7",206," "," ","7",-78," "," ","7"
"5103","USC00413787",2017,12,"TMIN",22," "," ","7",-11," "," ","7",-11," "," ","7",39," "," ","7",-17," "," ","7",-83," "," ","7",-111," "," ","7",-111," "," ","7",-33," "," ","7",-28," "," ","7",-28," "," ","7",-56," "," ","7",-72," "," ","7",22," "," ","7",-78," "," ","7",-72," "," ","7",-44," "," ","7",-61," "," ","7",-39," "," ","7",-56," "," ","7",-67," "," ","7",-83," "," ","7",-117," "," ","7",-78," "," ","7",-78," "," ","7",-133," "," ","7",-133," "," ","7",-122," "," ","7",-94," "," ","7",-111," "," ","7",-128," "," ","7"
"5104","USC00413787",2017,12,"TOBS",39," "," ","7",-11," "," ","7",39," "," ","7",83," "," ","7",-17," "," ","7",-56," "," ","7",-111," "," ","7",22," "," ","7",-28," "," ","7",-17," "," ","7",-17," "," ","7",-56," "," ","7",22," "," ","7",28," "," ","7",-72," "," ","7",-6," "," ","7",-17," "," ","7",-39," "," ","7",-11," "," ","7",-50," "," ","7",56," "," ","7",-83," "," ","7",-78," "," ","7",-78," "," ","7",-39," "," ","7",-133," "," ","7",-122," "," ","7",-78," "," ","7",-67," "," ","7",-111," "," ","7",-128," "," ","7"
"5105","USC00413787",2017,12,"PRCP",0," "," ","7",0," "," ","7",0," "," ","7",0," "," ","7",0," "," ","7",0," "," ","7",0," "," ","7",0," "," ","7",0," "," ","7",0," "," ","7",0," "," ","7",0," "," ","7",0," "," ","7",0," "," ","7",0," "," ","7",0," "," ","7",0," "," ","7",0," "," ","7",0," "," ","7",0," "," ","7",0," "," ","7",0," "," ","7",0," "," ","7",0," "," ","7",0," "," ","7",0," "," ","7",0," "," ","7",0," "," ","7",0," "," ","7",0," "," ","7",0," "," ","7"
"5106","USC00413787",2017,12,"SNOW",0," "," ","7",0," "," ","7",0," "," ","7",0," "," ","7",0," "," ","7",0," "," ","7",0," "," ","7",0," "," ","7",0," "," ","7",0," "," ","7",0," "," ","7",0," "," ","7",0," "," ","7",0," "," ","7",0," "," ","7",0," "," ","7",0," "," ","7",0," "," ","7",0," "," ","7",0," "," ","7",0," "," ","7",0," "," ","7",0," "," ","7",0," "," ","7",0," "," ","7",0," "," ","7",0," "," ","7",0," "," ","7",0," "," ","7",0," "," ","7",0," "," ","7"
"5107","USC00413787",2017,12,"SNWD",0," "," ","7",0," "," ","7",0," "," ","7",0," "," ","7",0," "," ","7",0," "," ","7",0," "," ","7",0," "," ","7",0," "," ","7",0," "," ","7",0," "," ","7",0," "," ","7",0," "," ","7",0," "," ","7",0," "," ","7",0," "," ","7",0," "," ","7",0," "," ","7",0," "," ","7",0," "," ","7",0," "," ","7",0," "," ","7",0," "," ","7",0," "," ","7",0," "," ","7",0," "," ","7",0," "," ","7",0," "," ","7",0," "," ","7",0," "," ","7",0," "," ","7"
"5108","USC00413787",2018,1,"TMAX",-72," "," ","7",-56," "," ","7",0," "," ","7",122," "," ","7",89," "," ","7",128," "," ","7",133," "," ","7",144," "," ","7",161," "," ","7",222," "," ","7",233," "," ","7",61," "," ","7",94," "," ","7",89," "," ","7",111," "," ","7",-6," "," ","7",-17," "," ","7",89," "," ","7",172," "," ","7",194," "," ","7",256," "," ","7",122," "," ","7",94," "," ","7",117," "," ","7",161," "," ","7",178," "," ","7",206," "," ","7",122," "," ","7",161," "," ","7",139," "," ","7",233," "," ","7"
"5109","USC00413787",2018,1,"TMIN",-172," "," ","7",-161," "," ","7",-167," "," ","7",-72," "," ","7",-78," "," ","7",-78," "," ","7",-78," "," ","7",-56," "," ","7",-61," "," ","7",67," "," ","7",-44," "," ","7",-111," "," ","7",-122," "," ","7",-122," "," ","7",-78," "," ","7",-172," "," ","7",-189," "," ","7",-128," "," ","7",-100," "," ","7",-50," "," ","7",-22," "," ","7",-22," "," ","7",-100," "," ","7",-100," "," ","7",-100," "," ","7",-6," "," ","7",-89," "," ","7",-61," "," ","7",-89," "," ","7",-94," "," ","7",-11," "," ","7"
"5110","USC00413787",2018,1,"TOBS",-161," "," ","7",-161," "," ","7",-61," "," ","7",-72," "," ","7",-67," "," ","7",-78," "," ","7",39," "," ","7",-50," "," ","7",78," "," ","7",100," "," ","7",-44," "," ","7",-111," "," ","7",-122," "," ","7",-78," "," ","7",-6," "," ","7",-172," "," ","7",-128," "," ","7",-100," "," ","7",-50," "," ","7",22," "," ","7",-6," "," ","7",-11," "," ","7",-100," "," ","7",-100," "," ","7",6," "," ","7",11," "," ","7",-61," "," ","7",11," "," ","7",-89," "," ","7",-6," "," ","7",28," "," ","7"
"5111","USC00413787",2018,1,"PRCP",0," "," ","7",0," "," ","7",0," "," ","7",0," "," ","7",0," "," ","7",0," "," ","7",0," "," ","7",0," "," ","7",0," "," ","7",0," "," ","7",3," "," ","7",0," "," ","7",0," "," ","7",0," "," ","7",0," "," ","7",0," "," ","7",0," "," ","7",0," "," ","7",0," "," ","7",0," "," ","7",0," "," ","7",0," "," ","7",0," "," ","7",0," "," ","7",0," "," ","7",0," "," ","7",0," "," ","7",0," "," ","7",0," "," ","7",0," "," ","7",0," "," ","7"
"5112","USC00413787",2018,1,"SNOW",0," "," ","7",0," "," ","7",0," "," ","7",0," "," ","7",0," "," ","7",0," "," ","7",0," "," ","7",0," "," ","7",0," "," ","7",0," "," ","7",0," "," ","7",0," "," ","7",0," "," ","7",0," "," ","7",0," "," ","7",0," "," ","7",0," "," ","7",0," "," ","7",0," "," ","7",0," "," ","7",0," "," ","7",0," "," ","7",0," "," ","7",0," "," ","7",0," "," ","7",0," "," ","7",0," "," ","7",0," "," ","7",0," "," ","7",0," "," ","7",0," "," ","7"
"5113","USC00413787",2018,1,"SNWD",0," "," ","7",0," "," ","7",0," "," ","7",0," "," ","7",0," "," ","7",0," "," ","7",0," "," ","7",0," "," ","7",0," "," ","7",0," "," ","7",0," "," ","7",0," "," ","7",0," "," ","7",0," "," ","7",0," "," ","7",0," "," ","7",0," "," ","7",0," "," ","7",0," "," ","7",0," "," ","7",0," "," ","7",0," "," ","7",0," "," ","7",0," "," ","7",0," "," ","7",0," "," ","7",0," "," ","7",0," "," ","7",0," "," ","7",0," "," ","7",0," "," ","7"
"5114","USC00413787",2018,2,"TMAX",133," "," ","7",89," "," ","7",106," "," ","7",183," "," ","7",11," "," ","7",200," "," ","7",-11," "," ","7",111," "," ","7",194," "," ","7",50," "," ","7",-72," "," ","7",83," "," ","7",78," "," ","7",178," "," ","7",250," "," ","7",222," "," ","7",72," "," ","7",150," "," ","7",239," "," ","7",94," "," ","7",28," "," ","7",-28," "," ","7",106," "," ","7",56," "," ","7",117," "," ","7",128," "," ","7",189," "," ","7",228," "," ","7",NA," "," "," ",NA," "," "," ",NA," "," "," "
"5115","USC00413787",2018,2,"TMIN",-28," "," ","7",-44," "," ","7",-50," "," ","7",-28," "," ","7",-111," "," ","7",-94," "," ","7",-117," "," ","7",-111," "," ","7",-39," "," ","7",-111," "," ","7",-111," "," ","7",-111," "," ","7",-89," "," ","7",-61," "," ","7",56," "," ","7",-22," "," ","7",-28," "," ","7",28," "," ","7",78," "," ","7",-83," "," ","7",-94," "," ","7",-100," "," ","7",-61," "," ","7",-67," "," ","7",-72," "," ","7",-72," "," ","7",-50," "," ","7",0," "," ","7",NA," "," "," ",NA," "," "," ",NA," "," "," "
"5116","USC00413787",2018,2,"TOBS",-28," "," ","7",-44," "," ","7",-11," "," ","7",-17," "," ","7",-72," "," ","7",-89," "," ","7",-89," "," ","7",-33," "," ","7",11," "," ","7",-106," "," ","7",-111," "," ","7",-89," "," ","7",-56," "," ","7",61," "," ","7",106," "," ","7",-22," "," ","7",72," "," ","7",78," "," ","7",89," "," ","7",-83," "," ","7",-94," "," ","7",-61," "," ","7",-56," "," ","7",-11," "," ","7",-67," "," ","7",-33," "," ","7",11," "," ","7",33," "," ","7",NA," "," "," ",NA," "," "," ",NA," "," "," "
"5117","USC00413787",2018,2,"PRCP",0," "," ","7",0," "," ","7",0," "," ","7",0," "," ","7",0," "," ","7",0," "," ","7",0," "," ","7",0," "," ","7",0," "," ","7",0," "," ","7",0," "," ","7",0," "," ","7",0," "," ","7",0," "," ","7",0," "," ","7",0," "," ","7",0," "," ","7",0," "," ","7",0," "," ","7",0," "," ","7",0," "," ","7",0," "," ","7",0," "," ","7",10," "," ","7",0," "," ","7",0," "," ","7",0," "," ","7",0," "," ","7",NA," "," "," ",NA," "," "," ",NA," "," "," "
"5118","USC00413787",2018,2,"SNOW",0," "," ","7",0," "," ","7",0," "," ","7",0," "," ","7",0," "," ","7",0," "," ","7",0," "," ","7",0," "," ","7",0," "," ","7",0," "," ","7",0," "," ","7",0," "," ","7",0," "," ","7",0," "," ","7",0," "," ","7",0," "," ","7",0," "," ","7",0," "," ","7",0," "," ","7",0," "," ","7",0," "," ","7",0," "," ","7",0," "," ","7",0," "," ","7",0," "," ","7",0," "," ","7",0," "," ","7",0," "," ","7",NA," "," "," ",NA," "," "," ",NA," "," "," "
"5119","USC00413787",2018,2,"SNWD",0," "," ","7",0," "," ","7",0," "," ","7",0," "," ","7",0," "," ","7",0," "," ","7",0," "," ","7",0," "," ","7",0," "," ","7",0," "," ","7",0," "," ","7",0," "," ","7",0," "," ","7",0," "," ","7",0," "," ","7",0," "," ","7",0," "," ","7",0," "," ","7",0," "," ","7",0," "," ","7",0," "," ","7",0," "," ","7",0," "," ","7",0," "," ","7",0," "," ","7",0," "," ","7",0," "," ","7",0," "," ","7",NA," "," "," ",NA," "," "," ",NA," "," "," "
"5120","USC00413787",2018,3,"TMAX",144," "," ","7",150," "," ","7",211," "," ","7",267," "," ","7",261," "," ","7",139," "," ","7",133," "," ","7",150," "," ","7",228," "," ","7",222," "," ","7",244," "," ","7",133," "," ","7",167," "," ","7",122," "," ","7",217," "," ","7",267," "," ","7",244," "," ","7",189," "," ","7",211," "," ","7",83," "," ","7",172," "," ","7",200," "," ","7",278," "," ","7",317," "," ","7",222," "," ","7",283," "," ","7",139," "," ","7",72," "," ","7",206," "," ","7",178," "," ","7",189," "," ","7"
"5121","USC00413787",2018,3,"TMIN",-56," "," ","7",-56," "," ","7",0," "," ","7",67," "," ","7",-17," "," ","7",-61," "," ","7",-83," "," ","7",-78," "," ","7",-11," "," ","7",-11," "," ","7",-6," "," ","7",-61," "," ","7",-67," "," ","7",0," "," ","7",6," "," ","7",67," "," ","7",-17," "," ","7",-17," "," ","7",33," "," ","7",-44," "," ","7",-50," "," ","7",-28," "," ","7",0," "," ","7",61," "," ","7",78," "," ","7",117," "," ","7",33," "," ","7",6," "," ","7",0," "," ","7",17," "," ","7",50," "," ","7"
"5122","USC00413787",2018,3,"TOBS",-50," "," ","7",0," "," ","7",67," "," ","7",94," "," ","7",-17," "," ","7",-61," "," ","7",-78," "," ","7",17," "," ","7",-6," "," ","7",50," "," ","7",-6," "," ","7",-56," "," ","7",33," "," ","7",11," "," ","7",83," "," ","7",67," "," ","7",-17," "," ","7",72," "," ","7",33," "," ","7",-33," "," ","7",-28," "," ","7",28," "," ","7",122," "," ","7",78," "," ","7",117," "," ","7",122," "," ","7",33," "," ","7",6," "," ","7",44," "," ","7",67," "," ","7",67," "," ","7"
"5123","USC00413787",2018,3,"PRCP",0," "," ","7",0," "," ","7",0," "," ","7",0," "," ","7",0," "," ","7",0," "," ","7",0," "," ","7",0," "," ","7",0," "," ","7",0," "," ","7",0," "," ","7",0," "," ","7",0," "," ","7",0," "," ","7",0," "," ","7",0," "," ","7",0," "," ","7",0," "," ","7",0," "," ","7",0," "," ","7",0," "," ","7",0," "," ","7",0," "," ","7",0," "," ","7",0," "," ","7",0," "," ","7",0," "," ","7",0," "," ","7",0," "," ","7",0," "," ","7",0," "," ","7"
"5124","USC00413787",2018,3,"SNOW",0," "," ","7",0," "," ","7",0," "," ","7",0," "," ","7",0," "," ","7",0," "," ","7",0," "," ","7",0," "," ","7",0," "," ","7",0," "," ","7",0," "," ","7",0," "," ","7",0," "," ","7",0," "," ","7",0," "," ","7",0," "," ","7",0," "," ","7",0," "," ","7",0," "," ","7",0," "," ","7",0," "," ","7",0," "," ","7",0," "," ","7",0," "," ","7",0," "," ","7",0," "," ","7",0," "," ","7",0," "," ","7",0," "," ","7",0," "," ","7",0," "," ","7"
"5125","USC00413787",2018,3,"SNWD",0," "," ","7",0," "," ","7",0," "," ","7",0," "," ","7",0," "," ","7",0," "," ","7",0," "," ","7",0," "," ","7",0," "," ","7",0," "," ","7",0," "," ","7",0," "," ","7",0," "," ","7",0," "," ","7",0," "," ","7",0," "," ","7",0," "," ","7",0," "," ","7",0," "," ","7",0," "," ","7",0," "," ","7",0," "," ","7",0," "," ","7",0," "," ","7",0," "," ","7",0," "," ","7",0," "," ","7",0," "," ","7",0," "," ","7",0," "," ","7",0," "," ","7"
"5126","USC00413787",2018,4,"TMAX",200," "," ","7",22," "," ","7",294," "," ","7",122," "," ","7",189," "," ","7",244," "," ","7",83," "," ","7",83," "," ","7",183," "," ","7",167," "," ","7",239," "," ","7",333," "," ","7",339," "," ","7",150," "," ","7",117," "," ","7",211," "," ","7",311," "," ","7",322," "," ","7",200," "," ","7",206," "," ","7",133," "," ","7",133," "," ","7",161," "," ","7",222," "," ","7",189," "," ","7",172," "," ","7",194," "," ","7",233," "," ","7",283," "," ","7",283," "," ","7",NA," "," "," "
"5127","USC00413787",2018,4,"TMIN",-17," "," ","7",-39," "," ","7",-11," "," ","7",-44," "," ","7",-44," "," ","7",56," "," ","7",-78," "," ","7",-78," "," ","7",6," "," ","7",28," "," ","7",50," "," ","7",83," "," ","7",67," "," ","7",-61," "," ","7",-50," "," ","7",-50," "," ","7",22," "," ","7",39," "," ","7",22," "," ","7",22," "," ","7",56," "," ","7",28," "," ","7",22," "," ","7",22," "," ","7",0," "," ","7",17," "," ","7",17," "," ","7",17," "," ","7",78," "," ","7",144," "," ","7",NA," "," "," "
"5128","USC00413787",2018,4,"TOBS",-17," "," ","7",-11," "," ","7",56," "," ","7",-39," "," ","7",67," "," ","7",78," "," ","7",-78," "," ","7",6," "," ","7",50," "," ","7",56," "," ","7",111," "," ","7",83," "," ","7",128," "," ","7",-22," "," ","7",-50," "," ","7",28," "," ","7",67," "," ","7",39," "," ","7",28," "," ","7",78," "," ","7",61," "," ","7",56," "," ","7",22," "," ","7",89," "," ","7",17," "," ","7",39," "," ","7",17," "," ","7",78," "," ","7",144," "," ","7",144," "," ","7",NA," "," "," "
"5129","USC00413787",2018,4,"PRCP",0," "," ","7",0," "," ","7",0," "," ","7",0," "," ","7",0," "," ","7",0," "," ","7",0," "," ","7",0," "," ","7",0," "," ","7",0," "," ","7",0," "," ","7",0," "," ","7",0," "," ","7",13," "," ","7",0," "," ","7",0," "," ","7",0," "," ","7",0," "," ","7",0," "," ","7",0," "," ","7",196," "," ","7",43," "," ","7",0," "," ","7",0," "," ","7",97," "," ","7",0," "," ","7",0," "," ","7",0," "," ","7",0," "," ","7",0," "," ","7",NA," "," "," "
"5130","USC00413787",2018,4,"SNOW",0," "," ","7",0," "," ","7",0," "," ","7",0," "," ","7",0," "," ","7",0," "," ","7",0," "," ","7",0," "," ","7",0," "," ","7",0," "," ","7",0," "," ","7",0," "," ","7",0," "," ","7",0," "," ","7",0," "," ","7",0," "," ","7",0," "," ","7",0," "," ","7",0," "," ","7",0," "," ","7",0," "," ","7",0," "," ","7",0," "," ","7",0," "," ","7",0," "," ","7",0," "," ","7",0," "," ","7",0," "," ","7",0," "," ","7",0," "," ","7",NA," "," "," "
"5131","USC00413787",2018,4,"SNWD",0," "," ","7",0," "," ","7",0," "," ","7",0," "," ","7",0," "," ","7",0," "," ","7",0," "," ","7",0," "," ","7",0," "," ","7",0," "," ","7",0," "," ","7",0," "," ","7",0," "," ","7",0," "," ","7",0," "," ","7",0," "," ","7",0," "," ","7",0," "," ","7",0," "," ","7",0," "," ","7",0," "," ","7",0," "," ","7",0," "," ","7",0," "," ","7",0," "," ","7",0," "," ","7",0," "," ","7",0," "," ","7",0," "," ","7",0," "," ","7",NA," "," "," "
"5132","USC00413787",2018,5,"TMAX",289," "," ","7",300," "," ","7",283," "," ","7",267," "," ","7",250," "," ","7",300," "," ","7",328," "," ","7",356," "," ","7",339," "," ","7",339," "," ","7",350," "," ","7",367," "," ","7",328," "," ","7",322," "," ","7",311," "," ","7",289," "," ","7",300," "," ","7",317," "," ","7",339," "," ","7",261," "," ","7",239," "," ","7",278," "," ","7",311," "," ","7",317," "," ","7",322," "," ","7",344," "," ","7",350," "," ","7",344," "," ","7",339," "," ","7",322," "," ","7",317," "," ","7"
"5133","USC00413787",2018,5,"TMIN",144," "," ","7",122," "," ","7",100," "," ","7",78," "," ","7",61," "," ","7",94," "," ","7",111," "," ","7",117," "," ","7",161," "," ","7",156," "," ","7",183," "," ","7",178," "," ","7",178," "," ","7",172," "," ","7",150," "," ","7",117," "," ","7",128," "," ","7",150," "," ","7",144," "," ","7",89," "," ","7",94," "," ","7",106," "," ","7",150," "," ","7",144," "," ","7",139," "," ","7",139," "," ","7",200," "," ","7",194," "," ","7",172," "," ","7",161," "," ","7",150," "," ","7"
"5134","USC00413787",2018,5,"TOBS",172," "," ","7",122," "," ","7",100," "," ","7",78," "," ","7",111," "," ","7",111," "," ","7",117," "," ","7",183," "," ","7",161," "," ","7",183," "," ","7",200," "," ","7",189," "," ","7",200," "," ","7",172," "," ","7",167," "," ","7",128," "," ","7",150," "," ","7",167," "," ","7",178," "," ","7",94," "," ","7",106," "," ","7",161," "," ","7",150," "," ","7",144," "," ","7",178," "," ","7",200," "," ","7",244," "," ","7",200," "," ","7",178," "," ","7",161," "," ","7",150," "," ","7"
"5135","USC00413787",2018,5,"PRCP",0," "," ","7",0," "," ","7",0," "," ","7",0," "," ","7",0," "," ","7",0," "," ","7",0," "," ","7",0," "," ","7",0," "," ","7",0," "," ","7",0," "," ","7",0," "," ","7",0," "," ","7",0," "," ","7",0," "," ","7",99," "," ","7",0," "," ","7",0," "," ","7",0," "," ","7",51," "," ","7",0," "," ","7",0," "," ","7",51," "," ","7",262," "," ","7",0," "," ","7",0," "," ","7",0," "," ","7",160," "," ","7",102," "," ","7",0," "," ","7",0," "," ","7"
"5136","USC00413787",2018,5,"SNOW",0," "," ","7",0," "," ","7",0," "," ","7",0," "," ","7",0," "," ","7",0," "," ","7",0," "," ","7",0," "," ","7",0," "," ","7",0," "," ","7",0," "," ","7",0," "," ","7",0," "," ","7",0," "," ","7",0," "," ","7",0," "," ","7",0," "," ","7",0," "," ","7",0," "," ","7",0," "," ","7",0," "," ","7",0," "," ","7",0," "," ","7",0," "," ","7",0," "," ","7",0," "," ","7",0," "," ","7",0," "," ","7",0," "," ","7",0," "," ","7",0," "," ","7"
"5137","USC00413787",2018,5,"SNWD",0," "," ","7",0," "," ","7",0," "," ","7",0," "," ","7",0," "," ","7",0," "," ","7",0," "," ","7",0," "," ","7",0," "," ","7",0," "," ","7",0," "," ","7",0," "," ","7",0," "," ","7",0," "," ","7",0," "," ","7",0," "," ","7",0," "," ","7",0," "," ","7",0," "," ","7",0," "," ","7",0," "," ","7",0," "," ","7",0," "," ","7",0," "," ","7",0," "," ","7",0," "," ","7",0," "," ","7",0," "," ","7",0," "," ","7",0," "," ","7",0," "," ","7"
"5138","USC00413787",2018,6,"TMAX",350," "," ","7",406," "," ","7",294," "," ","7",283," "," ","7",339," "," ","7",378," "," ","7",367," "," ","7",344," "," ","7",361," "," ","7",361," "," ","7",378," "," ","7",344," "," ","7",394," "," ","7",328," "," ","7",361," "," ","7",367," "," ","7",333," "," ","7",278," "," ","7",339," "," ","7",333," "," ","7",283," "," ","7",322," "," ","7",322," "," ","7",289," "," ","7",278," "," ","7",294," "," ","7",367," "," ","7",378," "," ","7",367," "," ","7",350," "," ","7",NA," "," "," "
"5139","USC00413787",2018,6,"TMIN",150," "," ","7",150," "," ","7",94," "," ","7",100," "," ","7",144," "," ","7",150," "," ","7",194," "," ","7",161," "," ","7",167," "," ","7",189," "," ","7",194," "," ","7",178," "," ","7",178," "," ","7",194," "," ","7",200," "," ","7",217," "," ","7",178," "," ","7",189," "," ","7",194," "," ","7",150," "," ","7",156," "," ","7",167," "," ","7",172," "," ","7",167," "," ","7",133," "," ","7",133," "," ","7",189," "," ","7",183," "," ","7",178," "," ","7",194," "," ","7",NA," "," "," "
"5140","USC00413787",2018,6,"TOBS",200," "," ","7",189," "," ","7",100," "," ","7",150," "," ","7",150," "," ","7",194," "," ","7",206," "," ","7",167," "," ","7",189," "," ","7",217," "," ","7",194," "," ","7",178," "," ","7",217," "," ","7",200," "," ","7",228," "," ","7",228," "," ","7",200," "," ","7",194," "," ","7",200," "," ","7",156," "," ","7",178," "," ","7",172," "," ","7",172," "," ","7",172," "," ","7",133," "," ","7",189," "," ","7",211," "," ","7",183," "," ","7",217," "," ","7",194," "," ","7",NA," "," "," "
"5141","USC00413787",2018,6,"PRCP",0," "," ","7",0," "," ","7",0," "," ","7",0," "," ","7",0," "," ","7",0," "," ","7",0," "," ","7",0," "," ","7",0," "," ","7",0," "," ","7",0," "," ","7",0," "," ","7",61," "," ","7",0," "," ","7",0," "," ","7",0," "," ","7",457," "," ","7",0," "," ","7",0," "," ","7",231," "," ","7",0," "," ","7",0," "," ","7",56," "," ","7",0," "," ","7",340," "," ","7",0," "," ","7",0," "," ","7",0," "," ","7",0," "," ","7",0," "," ","7",NA," "," "," "
"5142","USC00413787",2018,6,"SNOW",0," "," ","7",0," "," ","7",0," "," ","7",0," "," ","7",0," "," ","7",0," "," ","7",0," "," ","7",0," "," ","7",0," "," ","7",0," "," ","7",0," "," ","7",0," "," ","7",0," "," ","7",0," "," ","7",0," "," ","7",0," "," ","7",0," "," ","7",0," "," ","7",0," "," ","7",0," "," ","7",0," "," ","7",0," "," ","7",0," "," ","7",0," "," ","7",0," "," ","7",0," "," ","7",0," "," ","7",0," "," ","7",0," "," ","7",0," "," ","7",NA," "," "," "
"5143","USC00413787",2018,6,"SNWD",0," "," ","7",0," "," ","7",0," "," ","7",0," "," ","7",0," "," ","7",0," "," ","7",0," "," ","7",0," "," ","7",0," "," ","7",0," "," ","7",0," "," ","7",0," "," ","7",0," "," ","7",0," "," ","7",0," "," ","7",0," "," ","7",0," "," ","7",0," "," ","7",0," "," ","7",0," "," ","7",0," "," ","7",0," "," ","7",0," "," ","7",0," "," ","7",0," "," ","7",0," "," ","7",0," "," ","7",0," "," ","7",0," "," ","7",0," "," ","7",NA," "," "," "
"5144","USC00413787",2018,7,"TMAX",344," "," ","7",306," "," ","7",344," "," ","7",350," "," ","7",356," "," ","7",311," "," ","7",306," "," ","7",322," "," ","7",328," "," ","7",333," "," ","7",344," "," ","7",350," "," ","7",328," "," ","7",344," "," ","7",361," "," ","7",361," "," ","7",356," "," ","7",389," "," ","7",361," "," ","7",411," "," ","7",428," "," ","7",411," "," ","7",389," "," ","7",322," "," ","7",328," "," ","7",372," "," ","7",372," "," ","7",317," "," ","7",356," "," ","7",356," "," ","7",289," "," ","7"
"5145","USC00413787",2018,7,"TMIN",167," "," ","7",167," "," ","7",194," "," ","7",194," "," ","7",189," "," ","7",194," "," ","7",172," "," ","7",183," "," ","7",172," "," ","7",172," "," ","7",183," "," ","7",194," "," ","7",206," "," ","7",183," "," ","7",217," "," ","7",183," "," ","7",189," "," ","7",206," "," ","7",194," "," ","7",183," "," ","7",178," "," ","7",189," "," ","7",183," "," ","7",178," "," ","7",161," "," ","7",144," "," ","7",144," "," ","7",133," "," ","7",139," "," ","7",172," "," ","7",122," "," ","7"
"5146","USC00413787",2018,7,"TOBS",172," "," ","7",194," "," ","7",200," "," ","7",194," "," ","7",200," "," ","7",200," "," ","7",189," "," ","7",183," "," ","7",172," "," ","7",189," "," ","7",200," "," ","7",206," "," ","7",206," "," ","7",222," "," ","7",228," "," ","7",200," "," ","7",211," "," ","7",206," "," ","7",194," "," ","7",183," "," ","7",211," "," ","7",189," "," ","7",194," "," ","7",189," "," ","7",172," "," ","7",144," "," ","7",161," "," ","7",139," "," ","7",178," "," ","7",178," "," ","7",139," "," ","7"
"5147","USC00413787",2018,7,"PRCP",23," "," ","7",0," "," ","7",0," "," ","7",0," "," ","7",0," "," ","7",0," "," ","7",0," "," ","7",0," "," ","7",0," "," ","7",0," "," ","7",0," "," ","7",0," "," ","7",0," "," ","7",0," "," ","7",3," "," ","7",0," "," ","7",0," "," ","7",25," "," ","7",0," "," ","7",13," "," ","7",0," "," ","7",0," "," ","7",0," "," ","7",0," "," ","7",0," "," ","7",102," "," ","7",0," "," ","7",23," "," ","7",41," "," ","7",25," "," ","7",0," "," ","7"
"5148","USC00413787",2018,7,"SNOW",0," "," ","7",0," "," ","7",0," "," ","7",0," "," ","7",0," "," ","7",0," "," ","7",0," "," ","7",0," "," ","7",0," "," ","7",0," "," ","7",0," "," ","7",0," "," ","7",0," "," ","7",0," "," ","7",0," "," ","7",0," "," ","7",0," "," ","7",0," "," ","7",0," "," ","7",0," "," ","7",0," "," ","7",0," "," ","7",0," "," ","7",0," "," ","7",0," "," ","7",0," "," ","7",0," "," ","7",0," "," ","7",0," "," ","7",0," "," ","7",0," "," ","7"
"5149","USC00413787",2018,7,"SNWD",0," "," ","7",0," "," ","7",0," "," ","7",0," "," ","7",0," "," ","7",0," "," ","7",0," "," ","7",0," "," ","7",0," "," ","7",0," "," ","7",0," "," ","7",0," "," ","7",0," "," ","7",0," "," ","7",0," "," ","7",0," "," ","7",0," "," ","7",0," "," ","7",0," "," ","7",0," "," ","7",0," "," ","7",0," "," ","7",0," "," ","7",0," "," ","7",0," "," ","7",0," "," ","7",0," "," ","7",0," "," ","7",0," "," ","7",0," "," ","7",0," "," ","7"
"5150","USC00413787",2018,8,"TMAX",283," "," ","7",344," "," ","7",333," "," ","7",367," "," ","7",367," "," ","7",367," "," ","7",361," "," ","7",328," "," ","7",322," "," ","7",333," "," ","7",333," "," ","7",311," "," ","7",317," "," ","7",317," "," ","7",328," "," ","7",328," "," ","7",356," "," ","7",317," "," ","7",322," "," ","7",300," "," ","7",278," "," ","7",322," "," ","7",333," "," ","7",350," "," ","7",361," "," ","7",383," "," ","7",367," "," ","7",372," "," ","7",317," "," ","7",278," "," ","7",383," "," ","7"
"5151","USC00413787",2018,8,"TMIN",128," "," ","7",128," "," ","7",178," "," ","7",178," "," ","7",172," "," ","7",172," "," ","7",189," "," ","7",178," "," ","7",172," "," ","7",167," "," ","7",161," "," ","7",144," "," ","7",144," "," ","7",172," "," ","7",156," "," ","7",156," "," ","7",189," "," ","7",189," "," ","7",183," "," ","7",150," "," ","7",150," "," ","7",178," "," ","7",172," "," ","7",206," "," ","7",194," "," ","7",194," "," ","7",211," "," ","7",217," "," ","7",144," "," ","7",144," "," ","7",178," "," ","7"
"5152","USC00413787",2018,8,"TOBS",150," "," ","7",183," "," ","7",200," "," ","7",183," "," ","7",178," "," ","7",222," "," ","7",194," "," ","7",183," "," ","7",172," "," ","7",206," "," ","7",167," "," ","7",144," "," ","7",178," "," ","7",189," "," ","7",156," "," ","7",200," "," ","7",189," "," ","7",194," "," ","7",183," "," ","7",150," "," ","7",178," "," ","7",178," "," ","7",206," "," ","7",206," "," ","7",194," "," ","7",211," "," ","7",217," "," ","7",233," "," ","7",144," "," ","7",183," "," ","7",239," "," ","7"
"5153","USC00413787",2018,8,"PRCP",0," "," ","7",13," "," ","7",0," "," ","7",20," "," ","7",0," "," ","7",0," "," ","7",0," "," ","7",36," "," ","7",0," "," ","7",0," "," ","7",56," "," ","7",0," "," ","7",0," "," ","7",0," "," ","7",0," "," ","7",224," "," ","7",0," "," ","7",0," "," ","7",279," "," ","7",0," "," ","7",0," "," ","7",0," "," ","7",140," "," ","7",0," "," ","7",0," "," ","7",130," "," ","7",0," "," ","7",0," "," ","7",0," "," ","7",0," "," ","7",0," "," ","7"
"5154","USC00413787",2018,8,"SNOW",0," "," ","7",0," "," ","7",0," "," ","7",0," "," ","7",0," "," ","7",0," "," ","7",0," "," ","7",0," "," ","7",0," "," ","7",0," "," ","7",0," "," ","7",0," "," ","7",0," "," ","7",0," "," ","7",0," "," ","7",0," "," ","7",0," "," ","7",0," "," ","7",0," "," ","7",0," "," ","7",0," "," ","7",0," "," ","7",0," "," ","7",0," "," ","7",0," "," ","7",0," "," ","7",0," "," ","7",0," "," ","7",0," "," ","7",0," "," ","7",0," "," ","7"
"5155","USC00413787",2018,8,"SNWD",0," "," ","7",0," "," ","7",0," "," ","7",0," "," ","7",0," "," ","7",0," "," ","7",0," "," ","7",0," "," ","7",0," "," ","7",0," "," ","7",0," "," ","7",0," "," ","7",0," "," ","7",0," "," ","7",0," "," ","7",0," "," ","7",0," "," ","7",0," "," ","7",0," "," ","7",0," "," ","7",0," "," ","7",0," "," ","7",0," "," ","7",0," "," ","7",0," "," ","7",0," "," ","7",0," "," ","7",0," "," ","7",0," "," ","7",0," "," ","7",0," "," ","7"
"5156","USC00413787",2018,9,"TMAX",378," "," ","7",344," "," ","7",306," "," ","7",294," "," ","7",306," "," ","7",272," "," ","7",278," "," ","7",228," "," ","7",272," "," ","7",261," "," ","7",300," "," ","7",306," "," ","7",294," "," ","7",328," "," ","7",317," "," ","7",272," "," ","7",317," "," ","7",339," "," ","7",333," "," ","7",339," "," ","7",333," "," ","7",222," "," ","7",256," "," ","7",294," "," ","7",344," "," ","7",239," "," ","7",211," "," ","7",300," "," ","7",167," "," ","7",278," "," ","7",NA," "," "," "
"5157","USC00413787",2018,9,"TMIN",200," "," ","7",167," "," ","7",183," "," ","7",178," "," ","7",178," "," ","7",172," "," ","7",172," "," ","7",167," "," ","7",161," "," ","7",156," "," ","7",156," "," ","7",150," "," ","7",156," "," ","7",167," "," ","7",161," "," ","7",161," "," ","7",172," "," ","7",172," "," ","7",178," "," ","7",194," "," ","7",172," "," ","7",61," "," ","7",61," "," ","7",72," "," ","7",111," "," ","7",111," "," ","7",72," "," ","7",78," "," ","7",61," "," ","7",67," "," ","7",NA," "," "," "
"5158","USC00413787",2018,9,"TOBS",206," "," ","7",183," "," ","7",189," "," ","7",178," "," ","7",183," "," ","7",183," "," ","7",178," "," ","7",178," "," ","7",172," "," ","7",161," "," ","7",156," "," ","7",156," "," ","7",167," "," ","7",200," "," ","7",194," "," ","7",200," "," ","7",172," "," ","7",183," "," ","7",194," "," ","7",194," "," ","7",172," "," ","7",61," "," ","7",72," "," ","7",122," "," ","7",128," "," ","7",111," "," ","7",78," "," ","7",133," "," ","7",67," "," ","7",161," "," ","7",NA," "," "," "
"5159","USC00413787",2018,9,"PRCP",0," "," ","7",147," "," ","7",0," "," ","7",3," "," ","7",0," "," ","7",0," "," ","7",20," "," ","7",5," "," ","7",3," "," ","7",0," "," ","7",0," "," ","7",0," "," ","7",0," "," ","7",0," "," ","7",0," "," ","7",0," "," ","7",0," "," ","7",0," "," ","7",0," "," ","7",0," "," ","7",343," "," ","7",56," "," ","7",0," "," ","7",0," "," ","7",0," "," ","7",0," "," ","7",0," "," ","7",0," "," ","7",8," "," ","7",0," "," ","7",NA," "," "," "
"5160","USC00413787",2018,9,"SNOW",0," "," ","7",0," "," ","7",0," "," ","7",0," "," ","7",0," "," ","7",0," "," ","7",0," "," ","7",0," "," ","7",0," "," ","7",0," "," ","7",0," "," ","7",0," "," ","7",0," "," ","7",0," "," ","7",0," "," ","7",0," "," ","7",0," "," ","7",0," "," ","7",0," "," ","7",0," "," ","7",0," "," ","7",0," "," ","7",0," "," ","7",0," "," ","7",0," "," ","7",0," "," ","7",0," "," ","7",0," "," ","7",0," "," ","7",0," "," ","7",NA," "," "," "
"5161","USC00413787",2018,9,"SNWD",0," "," ","7",0," "," ","7",0," "," ","7",0," "," ","7",0," "," ","7",0," "," ","7",0," "," ","7",0," "," ","7",0," "," ","7",0," "," ","7",0," "," ","7",0," "," ","7",0," "," ","7",0," "," ","7",0," "," ","7",0," "," ","7",0," "," ","7",0," "," ","7",0," "," ","7",0," "," ","7",0," "," ","7",0," "," ","7",0," "," ","7",0," "," ","7",0," "," ","7",0," "," ","7",0," "," ","7",0," "," ","7",0," "," ","7",0," "," ","7",NA," "," "," "
"5162","USC00413787",2018,10,"TMAX",289," "," ","7",311," "," ","7",311," "," ","7",350," "," ","7",139," "," ","7",339," "," ","7",94," "," ","7",183," "," ","7",156," "," ","7",72," "," ","7",150," "," ","7",106," "," ","7",189," "," ","7",178," "," ","7",39," "," ","7",94," "," ","7",178," "," ","7",150," "," ","7",161," "," ","7",178," "," ","7",239," "," ","7",228," "," ","7",239," "," ","7",200," "," ","7",100," "," ","7",211," "," ","7",NA," "," "," ",256," "," ","7",211," "," ","7",294," "," ","7",161," "," ","7"
"5163","USC00413787",2018,10,"TMIN",161," "," ","7",161," "," ","7",156," "," ","7",139," "," ","7",89," "," ","7",78," "," ","7",72," "," ","7",72," "," ","7",61," "," ","7",11," "," ","7",11," "," ","7",50," "," ","7",50," "," ","7",39," "," ","7",-11," "," ","7",-11," "," ","7",11," "," ","7",61," "," ","7",61," "," ","7",33," "," ","7",33," "," ","7",33," "," ","7",56," "," ","7",56," "," ","7",72," "," ","7",72," "," ","7",NA," "," "," ",72," "," ","7",72," "," ","7",72," "," ","7",67," "," ","7"
"5164","USC00413787",2018,10,"TOBS",172," "," ","7",161," "," ","7",206," "," ","7",139," "," ","7",100," "," ","7",78," "," ","7",72," "," ","7",128," "," ","7",67," "," ","7",11," "," ","7",56," "," ","7",50," "," ","7",100," "," ","7",39," "," ","7",-11," "," ","7",11," "," ","7",67," "," ","7",61," "," ","7",89," "," ","7",33," "," ","7",33," "," ","7",72," "," ","7",56," "," ","7",100," "," ","7",72," "," ","7",72," "," ","7",NA," "," "," ",72," "," ","7",72," "," ","7",89," "," ","7",67," "," ","7"
"5165","USC00413787",2018,10,"PRCP",0," "," ","7",0," "," ","7",0," "," ","7",0," "," ","7",0," "," ","7",33," "," ","7",46," "," ","7",206," "," ","7",394," "," ","7",25," "," ","7",0," "," ","7",0," "," ","7",18," "," ","7",0," "," ","7",5," "," ","7",0," "," ","7",0," "," ","7",0," "," ","7",13," "," ","7",0," "," ","7",0," "," ","7",0," "," ","7",0," "," ","7",0," "," ","7",76," "," ","7",0," "," ","7",0," "," ","7",0," "," ","7",0," "," ","7",0," "," ","7",0," "," ","7"
"5166","USC00413787",2018,10,"SNOW",0," "," ","7",0," "," ","7",0," "," ","7",0," "," ","7",0," "," ","7",0," "," ","7",0," "," ","7",0," "," ","7",0," "," ","7",0," "," ","7",0," "," ","7",0," "," ","7",0," "," ","7",0," "," ","7",0," "," ","7",0," "," ","7",0," "," ","7",0," "," ","7",0," "," ","7",0," "," ","7",0," "," ","7",0," "," ","7",0," "," ","7",0," "," ","7",0," "," ","7",0," "," ","7",0," "," ","7",0," "," ","7",0," "," ","7",0," "," ","7",0," "," ","7"
"5167","USC00413787",2018,10,"SNWD",0," "," ","7",0," "," ","7",0," "," ","7",0," "," ","7",0," "," ","7",0," "," ","7",0," "," ","7",0," "," ","7",0," "," ","7",0," "," ","7",0," "," ","7",0," "," ","7",0," "," ","7",0," "," ","7",0," "," ","7",0," "," ","7",0," "," ","7",0," "," ","7",0," "," ","7",0," "," ","7",0," "," ","7",0," "," ","7",0," "," ","7",0," "," ","7",0," "," ","7",0," "," ","7",0," "," ","7",0," "," ","7",0," "," ","7",0," "," ","7",0," "," ","7"
"5168","USC00413787",2018,11,"TMAX",72," "," ","7",161," "," ","7",194," "," ","7",144," "," ","7",144," "," ","7",194," "," ","7",194," "," ","7",94," "," ","7",33," "," ","7",117," "," ","7",156," "," ","7",44," "," ","7",0," "," ","7",50," "," ","7",111," "," ","7",206," "," ","7",206," "," ","7",22," "," ","7",11," "," ","7",122," "," ","7",111," "," ","7",172," "," ","7",150," "," ","7",194," "," ","7",211," "," ","7",78," "," ","7",111," "," ","7",161," "," ","7",228," "," ","7",178," "," ","7",NA," "," "," "
"5169","USC00413787",2018,11,"TMIN",0," "," ","7",0," "," ","7",6," "," ","7",0," "," ","7",0," "," ","7",17," "," ","7",0," "," ","7",6," "," ","7",-39," "," ","7",-44," "," ","7",-28," "," ","7",-39," "," ","7",-122," "," ","7",-117," "," ","7",-50," "," ","7",-17," "," ","7",-22," "," ","7",-44," "," ","7",-50," "," ","7",-56," "," ","7",-56," "," ","7",-17," "," ","7",0," "," ","7",-33," "," ","7",-28," "," ","7",-67," "," ","7",-56," "," ","7",-44," "," ","7",-28," "," ","7",6," "," ","7",NA," "," "," "
"5170","USC00413787",2018,11,"TOBS",0," "," ","7",17," "," ","7",94," "," ","7",0," "," ","7",39," "," ","7",17," "," ","7",56," "," ","7",6," "," ","7",-39," "," ","7",-22," "," ","7",-11," "," ","7",-39," "," ","7",-106," "," ","7",-50," "," ","7",-6," "," ","7",-17," "," ","7",22," "," ","7",-39," "," ","7",-28," "," ","7",-56," "," ","7",-17," "," ","7",0," "," ","7",61," "," ","7",-28," "," ","7",0," "," ","7",-56," "," ","7",-39," "," ","7",-17," "," ","7",6," "," ","7",39," "," ","7",NA," "," "," "
"5171","USC00413787",2018,11,"PRCP",5," "," ","7",0," "," ","7",0," "," ","7",5," "," ","7",0," "," ","7",0," "," ","7",0," "," ","7",0," "," ","7",5," "," ","7",0," "," ","7",0," "," ","7",109," "," ","7",0," "," ","7",0," "," ","7",0," "," ","7",0," "," ","7",0," "," ","7",5," "," ","7",0," "," ","7",0," "," ","7",0," "," ","7",0," "," ","7",0," "," ","7",0," "," ","7",0," "," ","7",0," "," ","7",0," "," ","7",0," "," ","7",0," "," ","7",0," "," ","7",NA," "," "," "
"5172","USC00413787",2018,11,"SNOW",0," "," ","7",0," "," ","7",0," "," ","7",0," "," ","7",0," "," ","7",0," "," ","7",0," "," ","7",0," "," ","7",0," "," ","7",0," "," ","7",0," "," ","7",127," "," ","7",0," "," ","7",0," "," ","7",0," "," ","7",0," "," ","7",0," "," ","7",0," "," ","7",0," "," ","7",0," "," ","7",0," "," ","7",0," "," ","7",0," "," ","7",0," "," ","7",0," "," ","7",0," "," ","7",0," "," ","7",0," "," ","7",0," "," ","7",0," "," ","7",NA," "," "," "
"5173","USC00413787",2018,11,"SNWD",0," "," ","7",0," "," ","7",0," "," ","7",0," "," ","7",0," "," ","7",0," "," ","7",0," "," ","7",0," "," ","7",0," "," ","7",0," "," ","7",0," "," ","7",127," "," ","7",0," "," ","7",0," "," ","7",0," "," ","7",0," "," ","7",0," "," ","7",0," "," ","7",0," "," ","7",0," "," ","7",0," "," ","7",0," "," ","7",0," "," ","7",0," "," ","7",0," "," ","7",0," "," ","7",0," "," ","7",0," "," ","7",0," "," ","7",0," "," ","7",NA," "," "," "
"5174","USC00413787",2018,12,"TMAX",183," "," ","7",156," "," ","7",67," "," ","7",67," "," ","7",78," "," ","7",128," "," ","7",39," "," ","7",44," "," ","7",56," "," ","7",111," "," ","7",128," "," ","7",156," "," ","7",161," "," ","7",89," "," ","7",128," "," ","7",172," "," ","7",183," "," ","7",139," "," ","7",167," "," ","7",161," "," ","7",122," "," ","7",150," "," ","7",128," "," ","7",89," "," ","7",161," "," ","7",122," "," ","7",150," "," ","7",0," "," ","7",-50," "," ","7",-17," "," ","7",67," "," ","7"
"5175","USC00413787",2018,12,"TMIN",17," "," ","7",-39," "," ","7",-17," "," ","7",-83," "," ","7",-72," "," ","7",-67," "," ","7",-44," "," ","7",-67," "," ","7",-83," "," ","7",-78," "," ","7",-72," "," ","7",-67," "," ","7",-67," "," ","7",-67," "," ","7",-78," "," ","7",-78," "," ","7",-39," "," ","7",-44," "," ","7",-28," "," ","7",-33," "," ","7",-72," "," ","7",-72," "," ","7",-39," "," ","7",-44," "," ","7",-22," "," ","7",0," "," ","7",-22," "," ","7",-67," "," ","7",-94," "," ","7",-89," "," ","7",-89," "," ","7"
"5176","USC00413787",2018,12,"TOBS",22," "," ","7",-6," "," ","7",-17," "," ","7",-44," "," ","7",-61," "," ","7",-44," "," ","7",-44," "," ","7",-61," "," ","7",-72," "," ","7",-39," "," ","7",-11," "," ","7",-61," "," ","7",33," "," ","7",-67," "," ","7",-78," "," ","7",0," "," ","7",-39," "," ","7",61," "," ","7",-22," "," ","7",-11," "," ","7",-72," "," ","7",-17," "," ","7",-39," "," ","7",17," "," ","7",0," "," ","7",72," "," ","7",-22," "," ","7",-61," "," ","7",-78," "," ","7",-89," "," ","7",-44," "," ","7"
"5177","USC00413787",2018,12,"PRCP",0," "," ","7",0," "," ","7",3," "," ","7",0," "," ","7",0," "," ","7",0," "," ","7",0," "," ","7",0," "," ","7",0," "," ","7",0," "," ","7",0," "," ","7",0," "," ","7",0," "," ","7",0," "," ","7",0," "," ","7",0," "," ","7",0," "," ","7",0," "," ","7",0," "," ","7",0," "," ","7",0," "," ","7",0," "," ","7",0," "," ","7",0," "," ","7",0," "," ","7",0," "," ","7",381," "," ","7",3," "," ","7",0," "," ","7",0," "," ","7",0," "," ","7"
"5178","USC00413787",2018,12,"SNOW",0," "," ","7",0," "," ","7",13," "," ","7",0," "," ","7",0," "," ","7",0," "," ","7",0," "," ","7",0," "," ","7",0," "," ","7",0," "," ","7",0," "," ","7",0," "," ","7",0," "," ","7",0," "," ","7",0," "," ","7",0," "," ","7",0," "," ","7",0," "," ","7",0," "," ","7",0," "," ","7",0," "," ","7",0," "," ","7",0," "," ","7",0," "," ","7",0," "," ","7",0," "," ","7",13," "," ","7",13," "," ","7",0," "," ","7",0," "," ","7",0," "," ","7"
"5179","USC00413787",2018,12,"SNWD",0," "," ","7",0," "," ","7",0," "," ","7",0," "," ","7",0," "," ","7",0," "," ","7",0," "," ","7",0," "," ","7",0," "," ","7",0," "," ","7",0," "," ","7",0," "," ","7",0," "," ","7",0," "," ","7",0," "," ","7",0," "," ","7",0," "," ","7",0," "," ","7",0," "," ","7",0," "," ","7",0," "," ","7",0," "," ","7",0," "," ","7",0," "," ","7",0," "," ","7",0," "," ","7",0," "," ","7",0," "," ","7",0," "," ","7",0," "," ","7",0," "," ","7"
"5180","USC00413787",2019,1,"TMAX",39," "," ","7",-94," "," ","7",11," "," ","7",28," "," ","7",183," "," ","7",83," "," ","7",211," "," ","7",183," "," ","7",106," "," ","7",117," "," ","7",161," "," ","7",28," "," ","7",67," "," ","7",6," "," ","7",128," "," ","7",156," "," ","7",200," "," ","7",172," "," ","7",161," "," ","7",39," "," ","7",156," "," ","7",206," "," ","7",-11," "," ","7",106," "," ","7",67," "," ","7",94," "," ","7",117," "," ","7",156," "," ","7",56," "," ","7",56," "," ","7",111," "," ","7"
"5181","USC00413787",2019,1,"TMIN",-117," "," ","7",-111," "," ","7",-106," "," ","7",-78," "," ","7",-33," "," ","7",44," "," ","7",22," "," ","7",-6," "," ","7",-50," "," ","7",-50," "," ","7",28," "," ","7",-11," "," ","7",-22," "," ","7",-28," "," ","7",-39," "," ","7",-39," "," ","7",-17," "," ","7",-6," "," ","7",-33," "," ","7",-50," "," ","7",-28," "," ","7",-17," "," ","7",-72," "," ","7",-67," "," ","7",-78," "," ","7",-56," "," ","7",-50," "," ","7",-33," "," ","7",-111," "," ","7",-106," "," ","7",-100," "," ","7"
"5182","USC00413787",2019,1,"TOBS",-111," "," ","7",-106," "," ","7",-67," "," ","7",-28," "," ","7",83," "," ","7",83," "," ","7",28," "," ","7",-6," "," ","7",-50," "," ","7",33," "," ","7",28," "," ","7",0," "," ","7",-22," "," ","7",-22," "," ","7",-33," "," ","7",-11," "," ","7",6," "," ","7",72," "," ","7",-33," "," ","7",-28," "," ","7",33," "," ","7",-17," "," ","7",-61," "," ","7",-11," "," ","7",-44," "," ","7",-50," "," ","7",-33," "," ","7",6," "," ","7",-106," "," ","7",-94," "," ","7",-72," "," ","7"
"5183","USC00413787",2019,1,"PRCP",0," "," ","7",0," "," ","7",0," "," ","7",0," "," ","7",0," "," ","7",0," "," ","7",0," "," ","7",0," "," ","7",0," "," ","7",0," "," ","7",0," "," ","7",10," "," ","7",0," "," ","7",0," "," ","7",0," "," ","7",0," "," ","7",0," "," ","7",0," "," ","7",13," "," ","7",0," "," ","7",0," "," ","7",0," "," ","7",0," "," ","7",0," "," ","7",0," "," ","7",0," "," ","7",0," "," ","7",0," "," ","7",0," "," ","7",0," "," ","7",0," "," ","7"
"5184","USC00413787",2019,1,"SNOW",0," "," ","7",0," "," ","7",0," "," ","7",0," "," ","7",0," "," ","7",0," "," ","7",0," "," ","7",0," "," ","7",0," "," ","7",0," "," ","7",0," "," ","7",13," "," ","7",0," "," ","7",0," "," ","7",0," "," ","7",0," "," ","7",0," "," ","7",0," "," ","7",25," "," ","7",0," "," ","7",0," "," ","7",0," "," ","7",0," "," ","7",0," "," ","7",0," "," ","7",0," "," ","7",0," "," ","7",0," "," ","7",0," "," ","7",0," "," ","7",0," "," ","7"
"5185","USC00413787",2019,1,"SNWD",0," "," ","7",0," "," ","7",0," "," ","7",0," "," ","7",0," "," ","7",0," "," ","7",0," "," ","7",0," "," ","7",0," "," ","7",0," "," ","7",0," "," ","7",25," "," ","7",0," "," ","7",0," "," ","7",0," "," ","7",0," "," ","7",0," "," ","7",0," "," ","7",25," "," ","7",0," "," ","7",0," "," ","7",0," "," ","7",0," "," ","7",0," "," ","7",0," "," ","7",0," "," ","7",0," "," ","7",0," "," ","7",0," "," ","7",0," "," ","7",0," "," ","7"
"5186","USC00413787",2019,2,"TMAX",133," "," ","7",139," "," ","7",228," "," ","7",244," "," ","7",172," "," ","7",172," "," ","7",211," "," ","7",-6," "," ","7",39," "," ","7",83," "," ","7",100," "," ","7",167," "," ","7",139," "," ","7",211," "," ","7",217," "," ","7",-6," "," ","7",189," "," ","7",106," "," ","7",-11," "," ","7",-50," "," ","7",94," "," ","7",144," "," ","7",106," "," ","7",39," "," ","7",106," "," ","7",206," "," ","7",94," "," ","7",11," "," ","7",NA," "," "," ",NA," "," "," ",NA," "," "," "
"5187","USC00413787",2019,2,"TMIN",-83," "," ","7",-67," "," ","7",-11," "," ","7",-17," "," ","7",-22," "," ","7",-28," "," ","7",-100," "," ","7",-144," "," ","7",-150," "," ","7",-72," "," ","7",-11," "," ","7",-83," "," ","7",-89," "," ","7",-6," "," ","7",-22," "," ","7",-67," "," ","7",-72," "," ","7",-100," "," ","7",-111," "," ","7",-111," "," ","7",-94," "," ","7",-33," "," ","7",6," "," ","7",-67," "," ","7",-56," "," ","7",-106," "," ","7",-106," "," ","7",-122," "," ","7",NA," "," "," ",NA," "," "," ",NA," "," "," "
"5188","USC00413787",2019,2,"TOBS",-61," "," ","7",22," "," ","7",-11," "," ","7",28," "," ","7",-22," "," ","7",-22," "," ","7",-100," "," ","7",-144," "," ","7",-72," "," ","7",-11," "," ","7",6," "," ","7",-83," "," ","7",-6," "," ","7",89," "," ","7",-22," "," ","7",-61," "," ","7",-61," "," ","7",-100," "," ","7",-111," "," ","7",-89," "," ","7",-33," "," ","7",6," "," ","7",28," "," ","7",-56," "," ","7",17," "," ","7",-106," "," ","7",-94," "," ","7",-122," "," ","7",NA," "," "," ",NA," "," "," ",NA," "," "," "
"5189","USC00413787",2019,2,"PRCP",0," "," ","7",0," "," ","7",0," "," ","7",0," "," ","7",0," "," ","7",0," "," ","7",0," "," ","7",0," "," ","7",0," "," ","7",0," "," ","7",0," "," ","7",0," "," ","7",0," "," ","7",0," "," ","7",0," "," ","7",0," "," ","7",0," "," ","7",0," "," ","7",0," "," ","7",3," "," ","7",0," "," ","7",0," "," ","7",71," "," ","7",5," "," ","7",0," "," ","7",0," "," ","7",0," "," ","7",0," "," ","7",NA," "," "," ",NA," "," "," ",NA," "," "," "
"5190","USC00413787",2019,2,"SNOW",0," "," ","7",0," "," ","7",0," "," ","7",0," "," ","7",0," "," ","7",0," "," ","7",0," "," ","7",0," "," ","7",0," "," ","7",0," "," ","7",0," "," ","7",0," "," ","7",0," "," ","7",0," "," ","7",0," "," ","7",0," "," ","7",0," "," ","7",0," "," ","7",0," "," ","7",13," "," ","7",0," "," ","7",0," "," ","7",0," "," ","7",0," "," ","7",0," "," ","7",0," "," ","7",0," "," ","7",0," "," ","7",NA," "," "," ",NA," "," "," ",NA," "," "," "
"5191","USC00413787",2019,2,"SNWD",0," "," ","7",0," "," ","7",0," "," ","7",0," "," ","7",0," "," ","7",0," "," ","7",0," "," ","7",0," "," ","7",0," "," ","7",0," "," ","7",0," "," ","7",0," "," ","7",0," "," ","7",0," "," ","7",0," "," ","7",0," "," ","7",0," "," ","7",0," "," ","7",0," "," ","7",0," "," ","7",0," "," ","7",0," "," ","7",0," "," ","7",0," "," ","7",0," "," ","7",0," "," ","7",0," "," ","7",0," "," ","7",NA," "," "," ",NA," "," "," ",NA," "," "," "
"5192","USC00413787",2019,3,"TMAX",106," "," ","7",194," "," ","7",6," "," ","7",-100," "," ","7",-50," "," ","7",56," "," ","7",206," "," ","7",156," "," ","7",172," "," ","7",211," "," ","7",122," "," ","7",117," "," ","7",139," "," ","7",178," "," ","7",100," "," ","7",117," "," ","7",167," "," ","7",189," "," ","7",189," "," ","7",156," "," ","7",183," "," ","7",200," "," ","7",172," "," ","7",183," "," ","7",194," "," ","7",128," "," ","7",200," "," ","7",272," "," ","7",283," "," ","7",89," "," ","7",78," "," ","7"
"5193","USC00413787",2019,3,"TMIN",-122," "," ","7",-56," "," ","7",-128," "," ","7",-139," "," ","7",-133," "," ","7",-117," "," ","7",-50," "," ","7",-50," "," ","7",-50," "," ","7",-17," "," ","7",-17," "," ","7",6," "," ","7",67," "," ","7",17," "," ","7",-56," "," ","7",-61," "," ","7",-39," "," ","7",-17," "," ","7",-11," "," ","7",11," "," ","7",-11," "," ","7",0," "," ","7",11," "," ","7",11," "," ","7",11," "," ","7",33," "," ","7",56," "," ","7",89," "," ","7",61," "," ","7",-6," "," ","7",-56," "," ","7"
"5194","USC00413787",2019,3,"TOBS",-56," "," ","7",-39," "," ","7",-128," "," ","7",-133," "," ","7",-117," "," ","7",-50," "," ","7",-6," "," ","7",-50," "," ","7",56," "," ","7",-17," "," ","7",6," "," ","7",67," "," ","7",72," "," ","7",17," "," ","7",-39," "," ","7",-6," "," ","7",-17," "," ","7",6," "," ","7",33," "," ","7",11," "," ","7",33," "," ","7",61," "," ","7",11," "," ","7",17," "," ","7",39," "," ","7",56," "," ","7",94," "," ","7",144," "," ","7",61," "," ","7",-6," "," ","7",-56," "," ","7"
"5195","USC00413787",2019,3,"PRCP",0," "," ","7",0," "," ","7",3," "," ","7",3," "," ","7",0," "," ","7",0," "," ","7",0," "," ","7",0," "," ","7",0," "," ","7",0," "," ","7",0," "," ","7",51," "," ","7",191," "," ","7",0," "," ","7",0," "," ","7",0," "," ","7",0," "," ","7",0," "," ","7",0," "," ","7",0," "," ","7",0," "," ","7",0," "," ","7",206," "," ","7",0," "," ","7",0," "," ","7",0," "," ","7",0," "," ","7",0," "," ","7",0," "," ","7",0," "," ","7",0," "," ","7"
"5196","USC00413787",2019,3,"SNOW",0," "," ","7",0," "," ","7",13," "," ","7",5," "," ","7",0," "," ","7",0," "," ","7",0," "," ","7",0," "," ","7",0," "," ","7",0," "," ","7",0," "," ","7",0," "," ","7",0," "," ","7",0," "," ","7",0," "," ","7",0," "," ","7",0," "," ","7",0," "," ","7",0," "," ","7",0," "," ","7",0," "," ","7",0," "," ","7",0," "," ","7",0," "," ","7",0," "," ","7",0," "," ","7",0," "," ","7",0," "," ","7",0," "," ","7",0," "," ","7",0," "," ","7"
"5197","USC00413787",2019,3,"SNWD",0," "," ","7",0," "," ","7",0," "," ","7",0," "," ","7",0," "," ","7",0," "," ","7",0," "," ","7",0," "," ","7",0," "," ","7",0," "," ","7",0," "," ","7",0," "," ","7",0," "," ","7",0," "," ","7",0," "," ","7",0," "," ","7",0," "," ","7",0," "," ","7",0," "," ","7",0," "," ","7",0," "," ","7",0," "," ","7",0," "," ","7",0," "," ","7",0," "," ","7",0," "," ","7",0," "," ","7",0," "," ","7",0," "," ","7",0," "," ","7",0," "," ","7"
"5198","USC00413787",2019,4,"TMAX",94," "," ","7",167," "," ","7",200," "," ","7",222," "," ","7",222," "," ","7",256," "," ","7",250," "," ","7",261," "," ","7",289," "," ","7",306," "," ","7",317," "," ","7",122," "," ","7",128," "," ","7",106," "," ","7",228," "," ","7",300," "," ","7",300," "," ","7",283," "," ","7",183," "," ","7",239," "," ","7",317," "," ","7",311," "," ","7",183," "," ","7",150," "," ","7",228," "," ","7",244," "," ","7",250," "," ","7",244," "," ","7",294," "," ","7",156," "," ","7",NA," "," "," "
"5199","USC00413787",2019,4,"TMIN",-61," "," ","7",-61," "," ","7",-61," "," ","7",-61," ","S","7",39," "," ","7",100," "," ","7",83," "," ","7",67," "," ","7",56," "," ","7",72," "," ","7",-33," "," ","7",-33," "," ","7",-11," "," ","7",-28," "," ","7",-33," "," ","7",67," "," ","7",78," "," ","7",61," "," ","7",11," "," ","7",22," "," ","7",78," "," ","7",89," "," ","7",89," "," ","7",22," "," ","7",22," "," ","7",72," "," ","7",94," "," ","7",78," "," ","7",100," "," ","7",72," "," ","7",NA," "," "," "
"5200","USC00413787",2019,4,"TOBS",17," "," ","7",50," "," ","7",72," "," ","7",39," "," ","7",106," "," ","7",106," "," ","7",94," "," ","7",67," "," ","7",83," "," ","7",133," "," ","7",-33," "," ","7",-6," "," ","7",33," "," ","7",-28," "," ","7",72," "," ","7",128," "," ","7",83," "," ","7",61," "," ","7",22," "," ","7",78," "," ","7",106," "," ","7",89," "," ","7",100," "," ","7",33," "," ","7",72," "," ","7",94," "," ","7",122," "," ","7",100," "," ","7",117," "," ","7",72," "," ","7",NA," "," "," "
"5201","USC00413787",2019,4,"PRCP",8," "," ","7",0," "," ","7",0," "," ","7",0," "," ","7",0," "," ","7",33," "," ","7",0," "," ","7",0," "," ","7",0," "," ","7",0," "," ","7",0," "," ","7",0," "," ","7",0," "," ","7",0," "," ","7",0," "," ","7",0," "," ","7",0," "," ","7",64," "," ","7",0," "," ","7",0," "," ","7",0," "," ","7",0," "," ","7",13," "," ","7",0," "," ","7",0," "," ","7",0," "," ","7",0," "," ","7",0," "," ","7",0," "," ","7",0," "," ","7",NA," "," "," "
"5202","USC00413787",2019,4,"SNOW",0," "," ","7",0," "," ","7",0," "," ","7",0," "," ","7",0," "," ","7",0," "," ","7",0," "," ","7",0," "," ","7",0," "," ","7",0," "," ","7",0," "," ","7",0," "," ","7",0," "," ","7",0," "," ","7",0," "," ","7",0," "," ","7",0," "," ","7",0," "," ","7",0," "," ","7",0," "," ","7",0," "," ","7",0," "," ","7",0," "," ","7",0," "," ","7",0," "," ","7",0," "," ","7",0," "," ","7",0," "," ","7",0," "," ","7",0," "," ","7",NA," "," "," "
"5203","USC00413787",2019,4,"SNWD",0," "," ","7",0," "," ","7",0," "," ","7",0," "," ","7",0," "," ","7",0," "," ","7",0," "," ","7",0," "," ","7",0," "," ","7",0," "," ","7",0," "," ","7",0," "," ","7",0," "," ","7",0," "," ","7",0," "," ","7",0," "," ","7",0," "," ","7",0," "," ","7",0," "," ","7",0," "," ","7",0," "," ","7",0," "," ","7",0," "," ","7",0," "," ","7",0," "," ","7",0," "," ","7",0," "," ","7",0," "," ","7",0," "," ","7",0," "," ","7",NA," "," "," "
"5204","USC00413787",2019,5,"TMAX",167," "," ","7",283," "," ","7",133," "," ","7",183," "," ","7",233," "," ","7",261," "," ","7",283," "," ","7",211," "," ","7",194," "," ","7",94," "," ","7",89," "," ","7",206," "," ","7",244," "," ","7",289," "," ","7",306," "," ","7",317," "," ","7",322," "," ","7",317," "," ","7",267," "," ","7",267," "," ","7",117," "," ","7",172," "," ","7",261," "," ","7",150," "," ","7",272," "," ","7",278," "," ","7",239," "," ","7",300," "," ","7",300," "," ","7",217," "," ","7",261," "," ","7"
"5205","USC00413787",2019,5,"TMIN",61," "," ","7",61," "," ","7",67," "," ","7",67," "," ","7",100," "," ","7",117," "," ","7",117," "," ","7",117," "," ","7",61," "," ","7",28," "," ","7",39," "," ","7",50," "," ","7",50," "," ","7",83," "," ","7",111," "," ","7",111," "," ","7",144," "," ","7",83," "," ","7",56," "," ","7",56," "," ","7",83," "," ","7",39," "," ","7",39," "," ","7",89," "," ","7",89," "," ","7",144," "," ","7",139," "," ","7",122," "," ","7",89," "," ","7",78," "," ","7",78," "," ","7"
"5206","USC00413787",2019,5,"TOBS",83," "," ","7",67," "," ","7",106," "," ","7",100," "," ","7",117," "," ","7",139," "," ","7",144," "," ","7",122," "," ","7",61," "," ","7",39," "," ","7",61," "," ","7",50," "," ","7",89," "," ","7",117," "," ","7",111," "," ","7",144," "," ","7",167," "," ","7",94," "," ","7",56," "," ","7",117," "," ","7",83," "," ","7",39," "," ","7",139," "," ","7",89," "," ","7",178," "," ","7",189," "," ","7",161," "," ","7",122," "," ","7",89," "," ","7",78," "," ","7",117," "," ","7"
"5207","USC00413787",2019,5,"PRCP",89," "," ","7",0," "," ","7",127," "," ","7",30," "," ","7",300," "," ","7",13," "," ","7",0," "," ","7",109," "," ","7",13," "," ","7",0," "," ","7",38," "," ","7",0," "," ","7",0," "," ","7",0," "," ","7",0," "," ","7",0," "," ","7",0," "," ","7",0," "," ","7",0," "," ","7",267," "," ","7",356," "," ","7",0," "," ","7",0," "," ","7",84," "," ","7",5," "," ","7",61," "," ","7",211," "," ","7",0," "," ","7",0," "," ","7",0," "," ","7",104," "," ","7"
"5208","USC00413787",2019,5,"SNOW",0," "," ","7",0," "," ","7",0," "," ","7",0," "," ","7",0," "," ","7",0," "," ","7",0," "," ","7",0," "," ","7",0," "," ","7",0," "," ","7",0," "," ","7",0," "," ","7",0," "," ","7",0," "," ","7",0," "," ","7",0," "," ","7",0," "," ","7",0," "," ","7",0," "," ","7",0," "," ","7",0," "," ","7",0," "," ","7",0," "," ","7",0," "," ","7",0," "," ","7",0," "," ","7",0," "," ","7",0," "," ","7",0," "," ","7",0," "," ","7",0," "," ","7"
"5209","USC00413787",2019,5,"SNWD",0," "," ","7",0," "," ","7",0," "," ","7",0," "," ","7",0," "," ","7",0," "," ","7",0," "," ","7",0," "," ","7",0," "," ","7",0," "," ","7",0," "," ","7",0," "," ","7",0," "," ","7",0," "," ","7",0," "," ","7",0," "," ","7",0," "," ","7",0," "," ","7",0," "," ","7",0," "," ","7",0," "," ","7",0," "," ","7",0," "," ","7",0," "," ","7",0," "," ","7",0," "," ","7",0," "," ","7",0," "," ","7",0," "," ","7",0," "," ","7",0," "," ","7"
"5210","USC00413787",2019,6,"TMAX",278," "," ","7",294," "," ","7",283," "," ","7",300," "," ","7",306," "," ","7",306," "," ","7",306," "," ","7",283," "," ","7",322," "," ","7",178," "," ","7",233," "," ","7",328," "," ","7",267," "," ","7",300," "," ","7",328," "," ","7",306," "," ","7",306," "," ","7",289," "," ","7",300," "," ","7",317," "," ","7",372," "," ","7",372," "," ","7",289," "," ","7",272," "," ","7",306," "," ","7",328," "," ","7",339," "," ","7",350," "," ","7",361," "," ","7",372," "," ","7",NA," "," "," "
"5211","USC00413787",2019,6,"TMIN",111," "," ","7",128," "," ","7",139," "," ","7",156," "," ","7",167," "," ","7",156," "," ","7",128," "," ","7",128," "," ","7",172," "," ","7",111," "," ","7",128," "," ","7",139," "," ","7",133," "," ","7",139," "," ","7",156," "," ","7",156," "," ","7",139," "," ","7",139," "," ","7",133," "," ","7",133," "," ","7",156," "," ","7",156," "," ","7",128," "," ","7",106," "," ","7",106," "," ","7",167," "," ","7",172," "," ","7",167," "," ","7",167," "," ","7",178," "," ","7",NA," "," "," "
"5212","USC00413787",2019,6,"TOBS",156," "," ","7",139," "," ","7",156," "," ","7",167," "," ","7",167," "," ","7",156," "," ","7",133," "," ","7",189," "," ","7",172," "," ","7",128," "," ","7",139," "," ","7",150," "," ","7",139," "," ","7",167," "," ","7",167," "," ","7",156," "," ","7",139," "," ","7",161," "," ","7",133," "," ","7",172," "," ","7",156," "," ","7",156," "," ","7",144," "," ","7",106," "," ","7",189," "," ","7",172," "," ","7",206," "," ","7",172," "," ","7",178," "," ","7",183," "," ","7",NA," "," "," "
"5213","USC00413787",2019,6,"PRCP",0," "," ","7",249," "," ","7",157," "," ","7",48," "," ","7",102," "," ","7",0," "," ","7",20," "," ","7",0," "," ","7",0," "," ","7",5," "," ","7",0," "," ","7",0," "," ","7",0," "," ","7",69," "," ","7",0," "," ","7",84," "," ","7",0," "," ","7",8," "," ","7",0," "," ","7",0," "," ","7",0," "," ","7",0," "," ","7",216," "," ","7",127," "," ","7",0," "," ","7",140," "," ","7",8," "," ","7",5," "," ","7",0," "," ","7",0," "," ","7",NA," "," "," "
"5214","USC00413787",2019,6,"SNOW",0," "," ","7",0," "," ","7",0," "," ","7",0," "," ","7",0," "," ","7",0," "," ","7",0," "," ","7",0," "," ","7",0," "," ","7",0," "," ","7",0," "," ","7",0," "," ","7",0," "," ","7",0," "," ","7",0," "," ","7",0," "," ","7",0," "," ","7",0," "," ","7",0," "," ","7",0," "," ","7",0," "," ","7",0," "," ","7",0," "," ","7",0," "," ","7",0," "," ","7",0," "," ","7",0," "," ","7",0," "," ","7",0," "," ","7",0," "," ","7",NA," "," "," "
"5215","USC00413787",2019,6,"SNWD",0," "," ","7",0," "," ","7",0," "," ","7",0," "," ","7",0," "," ","7",0," "," ","7",0," "," ","7",0," "," ","7",0," "," ","7",0," "," ","7",0," "," ","7",0," "," ","7",0," "," ","7",0," "," ","7",0," "," ","7",0," "," ","7",0," "," ","7",0," "," ","7",0," "," ","7",0," "," ","7",0," "," ","7",0," "," ","7",0," "," ","7",0," "," ","7",0," "," ","7",0," "," ","7",0," "," ","7",0," "," ","7",0," "," ","7",0," "," ","7",NA," "," "," "
"5216","USC00413787",2019,7,"TMAX",372," "," ","7",339," "," ","7",317," "," ","7",367," "," ","7",367," "," ","7",367," "," ","7",283," "," ","7",306," "," ","7",344," "," ","7",339," "," ","7",333," "," ","7",333," "," ","7",356," "," ","7",333," "," ","7",333," "," ","7",367," "," ","7",383," "," ","7",383," "," ","7",394," "," ","7",400," "," ","7",394," "," ","7",333," "," ","7",278," "," ","7",294," "," ","7",328," "," ","7",344," "," ","7",322," "," ","7",339," "," ","7",372," "," ","7",344," "," ","7",372," "," ","7"
"5217","USC00413787",2019,7,"TMIN",178," "," ","7",183," "," ","7",194," "," ","7",200," "," ","7",200," "," ","7",167," "," ","7",172," "," ","7",189," "," ","7",183," "," ","7",183," "," ","7",194," "," ","7",194," "," ","7",189," "," ","7",167," "," ","7",167," "," ","7",172," "," ","7",211," "," ","7",239," "," ","7",244," "," ","7",244," "," ","7",194," "," ","7",178," "," ","7",161," "," ","7",150," "," ","7",150," "," ","7",178," "," ","7",189," "," ","7",189," "," ","7",189," "," ","7",189," "," ","7",189," "," ","7"
"5218","USC00413787",2019,7,"TOBS",183," "," ","7",194," "," ","7",206," "," ","7",200," "," ","7",217," "," ","7",172," "," ","7",200," "," ","7",200," "," ","7",183," "," ","7",206," "," ","7",194," "," ","7",194," "," ","7",189," "," ","7",167," "," ","7",178," "," ","7",211," "," ","7",244," "," ","7",250," "," ","7",244," "," ","7",250," "," ","7",244," "," ","7",178," "," ","7",161," "," ","7",150," "," ","7",183," "," ","7",206," "," ","7",189," "," ","7",200," "," ","7",200," "," ","7",194," "," ","7",211," "," ","7"
"5219","USC00413787",2019,7,"PRCP",0," "," ","7",0," "," ","7",0," "," ","7",0," "," ","7",0," "," ","7",56," "," ","7",0," "," ","7",0," "," ","7",0," "," ","7",0," "," ","7",122," "," ","7",0," "," ","7",0," "," ","7",0," "," ","7",0," "," ","7",0," "," ","7",0," "," ","7",0," "," ","7",0," "," ","7",0," "," ","7",8," "," ","7",452," "," ","7",0," "," ","7",0," "," ","7",0," "," ","7",0," "," ","7",0," "," ","7",0," "," ","7",0," "," ","7",0," "," ","7",0," "," ","7"
"5220","USC00413787",2019,7,"SNOW",0," "," ","7",0," "," ","7",0," "," ","7",0," "," ","7",0," "," ","7",0," "," ","7",0," "," ","7",0," "," ","7",0," "," ","7",0," "," ","7",0," "," ","7",0," "," ","7",0," "," ","7",0," "," ","7",0," "," ","7",0," "," ","7",0," "," ","7",0," "," ","7",0," "," ","7",0," "," ","7",0," "," ","7",0," "," ","7",0," "," ","7",0," "," ","7",0," "," ","7",0," "," ","7",0," "," ","7",0," "," ","7",0," "," ","7",0," "," ","7",0," "," ","7"
"5221","USC00413787",2019,7,"SNWD",0," "," ","7",0," "," ","7",0," "," ","7",0," "," ","7",0," "," ","7",0," "," ","7",0," "," ","7",0," "," ","7",0," "," ","7",0," "," ","7",0," "," ","7",0," "," ","7",0," "," ","7",0," "," ","7",0," "," ","7",0," "," ","7",0," "," ","7",0," "," ","7",0," "," ","7",0," "," ","7",0," "," ","7",0," "," ","7",0," "," ","7",0," "," ","7",0," "," ","7",0," "," ","7",0," "," ","7",0," "," ","7",0," "," ","7",0," "," ","7",0," "," ","7"
"5222","USC00413787",2019,8,"TMAX",383," "," ","7",389," "," ","7",367," "," ","7",339," "," ","7",339," "," ","7",372," "," ","7",389," "," ","7",406," "," ","7",339," "," ","7",339," "," ","7",383," "," ","7",383," "," ","7",378," "," ","7",339," "," ","7",333," "," ","7",372," "," ","7",406," "," ","7",400," "," ","7",378," "," ","7",411," "," ","7",383," "," ","7",378," "," ","7",317," "," ","7",339," "," ","7",317," "," ","7",350," "," ","7",344," "," ","7",244," "," ","7",322," "," ","7",372," "," ","7",322," "," ","7"
"5223","USC00413787",2019,8,"TMIN",206," "," ","7",206," "," ","7",211," "," ","7",183," "," ","7",183," "," ","7",183," "," ","7",194," "," ","7",194," "," ","7",211," "," ","7",200," "," ","7",200," "," ","7",206," "," ","7",183," "," ","7",178," "," ","7",178," "," ","7",206," "," ","7",200," "," ","7",200," "," ","7",206," "," ","7",239," "," ","7",228," "," ","7",172," "," ","7",172," "," ","7",167," "," ","7",167," "," ","7",167," "," ","7",172," "," ","7",178," "," ","7",178," "," ","7",194," "," ","7",189," "," ","7"
"5224","USC00413787",2019,8,"TOBS",211," "," ","7",233," "," ","7",217," "," ","7",183," "," ","7",183," "," ","7",206," "," ","7",206," "," ","7",222," "," ","7",211," "," ","7",200," "," ","7",222," "," ","7",211," "," ","7",183," "," ","7",183," "," ","7",250," "," ","7",217," "," ","7",200," "," ","7",211," "," ","7",244," "," ","7",261," "," ","7",228," "," ","7",178," "," ","7",189," "," ","7",167," "," ","7",211," "," ","7",189," "," ","7",178," "," ","7",178," "," ","7",194," "," ","7",233," "," ","7",194," "," ","7"
"5225","USC00413787",2019,8,"PRCP",0," "," ","7",0," "," ","7",0," "," ","7",0," "," ","7",0," "," ","7",0," "," ","7",0," "," ","7",5," "," ","7",30," "," ","7",0," "," ","7",0," "," ","7",0," "," ","7",13," "," ","7",25," "," ","7",0," "," ","7",0," "," ","7",0," "," ","7",0," "," ","7",0," "," ","7",0," "," ","7",0," "," ","7",157," "," ","7",0," "," ","7",173," "," ","7",0," "," ","7",0," "," ","7",0," "," ","7",36," "," ","7",0," "," ","7",0," "," ","7",0," "," ","7"
"5226","USC00413787",2019,8,"SNOW",0," "," ","7",0," "," ","7",0," "," ","7",0," "," ","7",0," "," ","7",0," "," ","7",0," "," ","7",0," "," ","7",0," "," ","7",0," "," ","7",0," "," ","7",0," "," ","7",0," "," ","7",0," "," ","7",0," "," ","7",0," "," ","7",0," "," ","7",0," "," ","7",0," "," ","7",0," "," ","7",0," "," ","7",0," "," ","7",0," "," ","7",0," "," ","7",0," "," ","7",0," "," ","7",0," "," ","7",0," "," ","7",0," "," ","7",0," "," ","7",0," "," ","7"
"5227","USC00413787",2019,8,"SNWD",0," "," ","7",0," "," ","7",0," "," ","7",0," "," ","7",0," "," ","7",0," "," ","7",0," "," ","7",0," "," ","7",0," "," ","7",0," "," ","7",0," "," ","7",0," "," ","7",0," "," ","7",0," "," ","7",0," "," ","7",0," "," ","7",0," "," ","7",0," "," ","7",0," "," ","7",0," "," ","7",0," "," ","7",0," "," ","7",0," "," ","7",0," "," ","7",0," "," ","7",0," "," ","7",0," "," ","7",0," "," ","7",0," "," ","7",0," "," ","7",0," "," ","7"
"5228","USC00413787",2019,9,"TMAX",289," "," ","7",356," "," ","7",361," "," ","7",372," "," ","7",350," "," ","7",356," "," ","7",367," "," ","7",361," "," ","7",339," "," ","7",300," "," ","7",333," "," ","7",333," "," ","7",306," "," ","7",317," "," ","7",339," "," ","7",339," "," ","7",339," "," ","7",339," "," ","7",361," "," ","7",317," "," ","7",283," "," ","7",300," "," ","7",283," "," ","7",317," "," ","7",333," "," ","7",350," "," ","7",261," "," ","7",339," "," ","7",294," "," ","7",306," "," ","7",NA," "," "," "
"5229","USC00413787",2019,9,"TMIN",189," "," ","7",189," "," ","7",189," "," ","7",172," "," ","7",161," "," ","7",161," "," ","7",172," "," ","7",183," "," ","7",194," "," ","7",189," "," ","7",200," "," ","7",200," "," ","7",167," "," ","7",183," "," ","7",183," "," ","7",183," "," ","7",183," "," ","7",183," "," ","7",183," "," ","7",161," "," ","7",167," "," ","7",144," "," ","7",133," "," ","7",128," "," ","7",139," "," ","7",139," "," ","7",161," "," ","7",156," "," ","7",150," "," ","7",200," "," ","7",NA," "," "," "
"5230","USC00413787",2019,9,"TOBS",189," "," ","7",194," "," ","7",189," "," ","7",172," "," ","7",161," "," ","7",183," "," ","7",183," "," ","7",200," "," ","7",200," "," ","7",217," "," ","7",206," "," ","7",211," "," ","7",194," "," ","7",189," "," ","7",183," "," ","7",183," "," ","7",183," "," ","7",189," "," ","7",200," "," ","7",167," "," ","7",183," "," ","7",144," "," ","7",133," "," ","7",200," "," ","7",144," "," ","7",172," "," ","7",161," "," ","7",156," "," ","7",200," "," ","7",217," "," ","7",NA," "," "," "
"5231","USC00413787",2019,9,"PRCP",0," "," ","7",0," "," ","7",0," "," ","7",0," "," ","7",0," "," ","7",0," "," ","7",0," "," ","7",0," "," ","7",8," "," ","7",0," "," ","7",0," "," ","7",0," "," ","7",0," "," ","7",0," "," ","7",0," "," ","7",0," "," ","7",0," "," ","7",0," "," ","7",0," "," ","7",33," "," ","7",56," "," ","7",0," "," ","7",0," "," ","7",0," "," ","7",0," "," ","7",0," "," ","7",0," "," ","7",0," "," ","7",109," "," ","7",0," "," ","7",NA," "," "," "
"5232","USC00413787",2019,9,"SNOW",0," "," ","7",0," "," ","7",0," "," ","7",0," "," ","7",0," "," ","7",0," "," ","7",0," "," ","7",0," "," ","7",0," "," ","7",0," "," ","7",0," "," ","7",0," "," ","7",0," "," ","7",0," "," ","7",0," "," ","7",0," "," ","7",0," "," ","7",0," "," ","7",0," "," ","7",0," "," ","7",0," "," ","7",0," "," ","7",0," "," ","7",0," "," ","7",0," "," ","7",0," "," ","7",0," "," ","7",0," "," ","7",0," "," ","7",0," "," ","7",NA," "," "," "
"5233","USC00413787",2019,9,"SNWD",0," "," ","7",0," "," ","7",0," "," ","7",0," "," ","7",0," "," ","7",0," "," ","7",0," "," ","7",0," "," ","7",0," "," ","7",0," "," ","7",0," "," ","7",0," "," ","7",0," "," ","7",0," "," ","7",0," "," ","7",0," "," ","7",0," "," ","7",0," "," ","7",0," "," ","7",0," "," ","7",0," "," ","7",0," "," ","7",0," "," ","7",0," "," ","7",0," "," ","7",0," "," ","7",0," "," ","7",0," "," ","7",0," "," ","7",0," "," ","7",NA," "," "," "
"5234","USC00413787",2019,9,"WT01",1," "," ","7",NA," "," "," ",NA," "," "," ",NA," "," "," ",NA," "," "," ",NA," "," "," ",NA," "," "," ",NA," "," "," ",NA," "," "," ",NA," "," "," ",NA," "," "," ",NA," "," "," ",NA," "," "," ",NA," "," "," ",NA," "," "," ",NA," "," "," ",NA," "," "," ",NA," "," "," ",NA," "," "," ",NA," "," "," ",NA," "," "," ",NA," "," "," ",NA," "," "," ",NA," "," "," ",NA," "," "," ",NA," "," "," ",NA," "," "," ",NA," "," "," ",NA," "," "," ",NA," "," "," ",NA," "," "," "
"5235","USC00413787",2019,10,"TMAX",283," "," ","7",200," "," ","7",283," "," ","7",122," "," ","7",233," "," ","7",233," "," ","7",206," "," ","7",206," "," ","7",256," "," ","7",317," "," ","7",122," "," ","7",128," "," ","7",228," "," ","7",239," "," ","7",311," "," ","7",211," "," ","7",244," "," ","7",300," "," ","7",306," "," ","7",306," "," ","7",189," "," ","7",183," "," ","7",206," "," ","7",211," "," ","7",22," "," ","7",144," "," ","7",211," "," ","7",72," "," ","7",11," "," ","7",11," "," ","7",-28," "," ","7"
"5236","USC00413787",2019,10,"TMIN",189," "," ","7",178," "," ","7",94," "," ","7",83," "," ","7",100," "," ","7",94," "," ","7",44," "," ","7",44," "," ","7",94," "," ","7",61," "," ","7",-39," "," ","7",-44," "," ","7",6," "," ","7",11," "," ","7",39," "," ","7",11," "," ","7",11," "," ","7",56," "," ","7",56," "," ","7",56," "," ","7",-6," "," ","7",-6," "," ","7",-6," "," ","7",22," "," ","7",-39," "," ","7",-44," "," ","7",-33," "," ","7",-28," "," ","7",-44," "," ","7",-44," "," ","7",-122," "," ","7"
"5237","USC00413787",2019,10,"TOBS",189," "," ","7",183," "," ","7",94," "," ","7",100," "," ","7",161," "," ","7",117," "," ","7",44," "," ","7",94," "," ","7",150," "," ","7",61," "," ","7",-39," "," ","7",11," "," ","7",22," "," ","7",50," "," ","7",100," "," ","7",11," "," ","7",56," "," ","7",122," "," ","7",56," "," ","7",111," "," ","7",11," "," ","7",-6," "," ","7",33," "," ","7",22," "," ","7",-39," "," ","7",-22," "," ","7",22," "," ","7",-17," "," ","7",-44," "," ","7",-33," "," ","7",-111," "," ","7"
"5238","USC00413787",2019,10,"PRCP",170," "," ","7",442," "," ","7",10," "," ","7",97," "," ","7",74," "," ","7",0," "," ","7",0," "," ","7",0," "," ","7",0," "," ","7",0," "," ","7",0," "," ","7",0," "," ","7",0," "," ","7",0," "," ","7",0," "," ","7",0," "," ","7",0," "," ","7",0," "," ","7",0," "," ","7",0," "," ","7",0," "," ","7",0," "," ","7",0," "," ","7",0," "," ","7",8," "," ","7",0," "," ","7",0," "," ","7",0," "," ","7",0," "," ","7",0," "," ","7",0," "," ","7"
"5239","USC00413787",2019,10,"SNOW",0," "," ","7",0," "," ","7",0," "," ","7",0," "," ","7",0," "," ","7",0," "," ","7",0," "," ","7",0," "," ","7",0," "," ","7",0," "," ","7",0," "," ","7",0," "," ","7",0," "," ","7",0," "," ","7",0," "," ","7",0," "," ","7",0," "," ","7",0," "," ","7",0," "," ","7",0," "," ","7",0," "," ","7",0," "," ","7",0," "," ","7",0," "," ","7",38," "," ","7",0," "," ","7",0," "," ","7",0," "," ","7",0," "," ","7",0," "," ","7",0," "," ","7"
"5240","USC00413787",2019,10,"SNWD",0," "," ","7",0," "," ","7",0," "," ","7",0," "," ","7",0," "," ","7",0," "," ","7",0," "," ","7",0," "," ","7",0," "," ","7",0," "," ","7",0," "," ","7",0," "," ","7",0," "," ","7",0," "," ","7",0," "," ","7",0," "," ","7",0," "," ","7",0," "," ","7",0," "," ","7",0," "," ","7",0," "," ","7",0," "," ","7",0," "," ","7",0," "," ","7",25," "," ","7",0," "," ","7",0," "," ","7",0," "," ","7",0," "," ","7",0," "," ","7",0," "," ","7"
"5241","USC00413787",2019,11,"TMAX",133," "," ","7",144," "," ","7",139," "," ","7",228," "," ","7",172," "," ","7",161," "," ","7",222," "," ","7",61," "," ","7",167," "," ","7",256," "," ","7",217," "," ","7",-6," "," ","7",106," "," ","7",211," "," ","7",144," "," ","7",200," "," ","7",217," "," ","7",161," "," ","7",239," "," ","7",256," "," ","7",194," "," ","7",67," "," ","7",11," "," ","7",150," "," ","7",189," "," ","7",150," "," ","7",117," "," ","7",56," "," ","7",28," "," ","7",72," "," ","7",NA," "," "," "
"5242","USC00413787",2019,11,"TMIN",-117," "," ","7",-67," "," ","7",-67," "," ","7",-44," "," ","7",-39," "," ","7",-39," "," ","7",-28," "," ","7",-22," "," ","7",17," "," ","7",-6," "," ","7",-56," "," ","7",-156," "," ","7",-144," "," ","7",-50," "," ","7",-28," "," ","7",-11," "," ","7",39," "," ","7",22," "," ","7",6," "," ","7",11," "," ","7",6," "," ","7",-17," "," ","7",-17," "," ","7",-28," "," ","7",-33," "," ","7",-11," "," ","7",-89," "," ","7",-94," "," ","7",-11," "," ","7",22," "," ","7",NA," "," "," "
"5243","USC00413787",2019,11,"TOBS",-17," "," ","7",-67," "," ","7",-44," "," ","7",11," "," ","7",-28," "," ","7",33," "," ","7",-22," "," ","7",28," "," ","7",17," "," ","7",-6," "," ","7",-56," "," ","7",-144," "," ","7",-44," "," ","7",-17," "," ","7",-11," "," ","7",50," "," ","7",39," "," ","7",28," "," ","7",11," "," ","7",122," "," ","7",11," "," ","7",-17," "," ","7",-11," "," ","7",-22," "," ","7",6," "," ","7",6," "," ","7",-89," "," ","7",-11," "," ","7",28," "," ","7",22," "," ","7",NA," "," "," "
"5244","USC00413787",2019,11,"PRCP",0," "," ","7",0," "," ","7",0," "," ","7",0," "," ","7",0," "," ","7",0," "," ","7",0," "," ","7",0," "," ","7",0," "," ","7",0," "," ","7",0," "," ","7",0," "," ","7",0," "," ","7",0," "," ","7",0," "," ","7",0," "," ","7",0," "," ","7",0," "," ","7",0," "," ","7",0," "," ","7",20," "," ","7",38," "," ","7",8," "," ","7",0," "," ","7",0," "," ","7",0," "," ","7",0," "," ","7",74," "," ","7",0," "," ","7",0," "," ","7",NA," "," "," "
"5245","USC00413787",2019,11,"SNOW",0," "," ","7",0," "," ","7",0," "," ","7",0," "," ","7",0," "," ","7",0," "," ","7",0," "," ","7",0," "," ","7",0," "," ","7",0," "," ","7",0," "," ","7",0," "," ","7",0," "," ","7",0," "," ","7",0," "," ","7",0," "," ","7",0," "," ","7",0," "," ","7",0," "," ","7",0," "," ","7",0," "," ","7",0," "," ","7",0,"T"," ","7",0," "," ","7",0," "," ","7",0," "," ","7",0," "," ","7",51," "," ","7",0," "," ","7",0," "," ","7",NA," "," "," "
"5246","USC00413787",2019,11,"SNWD",0," "," ","7",0," "," ","7",0," "," ","7",0," "," ","7",0," "," ","7",0," "," ","7",0," "," ","7",0," "," ","7",0," "," ","7",0," "," ","7",0," "," ","7",0," "," ","7",0," "," ","7",0," "," ","7",0," "," ","7",0," "," ","7",0," "," ","7",0," "," ","7",0," "," ","7",0," "," ","7",0," "," ","7",0," "," ","7",0,"T"," ","7",0," "," ","7",0," "," ","7",0," "," ","7",0," "," ","7",51," "," ","7",0," "," ","7",0," "," ","7",NA," "," "," "
"5247","USC00413787",2019,12,"TMAX",122," "," ","7",100," "," ","7",167," "," ","7",200," "," ","7",133," "," ","7",200," "," ","7",67," "," ","7",189," "," ","7",178," "," ","7",67," "," ","7",100," "," ","7",111," "," ","7",144," "," ","7",172," "," ","7",117," "," ","7",17," "," ","7",28," "," ","7",78," "," ","7",133," "," ","7",133," "," ","7",117," "," ","7",167," "," ","7",211," "," ","7",239," "," ","7",200," "," ","7",178," "," ","7",167," "," ","7",50," "," ","7",100," "," ","7",44," "," ","7",67," "," ","7"
"5248","USC00413787",2019,12,"TMIN",-50," "," ","7",-56," "," ","7",-44," "," ","7",11," "," ","7",-28," "," ","7",-22," "," ","7",-17," "," ","7",-6," "," ","7",44," "," ","7",-50," "," ","7",-44," "," ","7",-56," "," ","7",-22," "," ","7",-33," "," ","7",-33," "," ","7",-33," "," ","7",-94," "," ","7",-94," "," ","7",-89," "," ","7",-89," "," ","7",-72," "," ","7",-72," "," ","7",-50," "," ","7",-33," "," ","7",28," "," ","7",0," "," ","7",-28," "," ","7",-11," "," ","7",-44," "," ","7",-61," "," ","7",-78," "," ","7"
"5249","USC00413787",2019,12,"TOBS",-44," "," ","7",-44," "," ","7",22," "," ","7",11," "," ","7",-17," "," ","7",0," "," ","7",0," "," ","7",50," "," ","7",67," "," ","7",-22," "," ","7",-44," "," ","7",0," "," ","7",-22," "," ","7",-6," "," ","7",-17," "," ","7",-33," "," ","7",-94," "," ","7",-89," "," ","7",-56," "," ","7",-44," "," ","7",-72," "," ","7",-50," "," ","7",-28," "," ","7",33," "," ","7",61," "," ","7",0," "," ","7",-11," "," ","7",39," "," ","7",-44," "," ","7",-61," "," ","7",-78," "," ","7"
"5250","USC00413787",2019,12,"PRCP",0," "," ","7",0," "," ","7",0," "," ","7",0," "," ","7",0," "," ","7",0," "," ","7",0," "," ","7",0," "," ","7",0," "," ","7",0," "," ","7",0," "," ","7",0," "," ","7",0," "," ","7",0," "," ","7",0," "," ","7",0," "," ","7",8," "," ","7",0," "," ","7",0," "," ","7",0," "," ","7",0," "," ","7",0," "," ","7",0," "," ","7",0," "," ","7",0," "," ","7",0," "," ","7",0," "," ","7",323," "," ","7",0," "," ","7",0," "," ","7",0," "," ","7"
"5251","USC00413787",2019,12,"SNOW",0," "," ","7",0," "," ","7",0," "," ","7",0," "," ","7",0," "," ","7",0," "," ","7",0," "," ","7",0," "," ","7",0," "," ","7",0," "," ","7",0," "," ","7",0," "," ","7",0," "," ","7",0," "," ","7",0," "," ","7",0," "," ","7",25," "," ","7",0," "," ","7",0," "," ","7",0," "," ","7",0," "," ","7",0," "," ","7",0," "," ","7",0," "," ","7",0," "," ","7",0," "," ","7",0," "," ","7",0," "," ","7",0," "," ","7",0," "," ","7",0," "," ","7"
"5252","USC00413787",2019,12,"SNWD",0," "," ","7",0," "," ","7",0," "," ","7",0," "," ","7",0," "," ","7",0," "," ","7",0," "," ","7",0," "," ","7",0," "," ","7",0," "," ","7",0," "," ","7",0," "," ","7",0," "," ","7",0," "," ","7",0," "," ","7",0," "," ","7",0," "," ","7",0," "," ","7",0," "," ","7",0," "," ","7",0," "," ","7",0," "," ","7",0," "," ","7",0," "," ","7",0," "," ","7",0," "," ","7",0," "," ","7",0," "," ","7",0," "," ","7",0," "," ","7",0," "," ","7"
"5253","USC00413787",2020,1,"TMAX",83," "," ","7",144," "," ","7",100," "," ","7",111," "," ","7",167," "," ","7",128," "," ","7",128," "," ","7",167," "," ","7",178," "," ","7",133," "," ","7",56," "," ","7",67," "," ","7",133," "," ","7",183," "," ","7",206," "," ","7",89," "," ","7",89," "," ","7",144," "," ","7",83," "," ","7",100," "," ","7",133," "," ","7",83," "," ","7",133," "," ","7",111," "," ","7",139," "," ","7",144," "," ","7",167," "," ","7",167," "," ","7",61," "," ","7",106," "," ","7",122," "," ","7"
"5254","USC00413787",2020,1,"TMIN",-78," "," ","7",-33," "," ","7",-28," "," ","7",-33," "," ","7",-33," "," ","7",-39," "," ","7",-72," "," ","7",-67," "," ","7",-17," "," ","7",-11," "," ","7",-122," "," ","7",-128," "," ","7",-67," "," ","7",-56," "," ","7",-56," "," ","7",-56," "," ","7",-61," "," ","7",-22," "," ","7",-39," "," ","7",-56," "," ","7",-50," "," ","7",-6," "," ","7",6," "," ","7",-33," "," ","7",-39," "," ","7",-22," "," ","7",-22," "," ","7",-22," "," ","7",-50," "," ","7",-61," "," ","7",-61," "," ","7"
"5255","USC00413787",2020,1,"TOBS",-22," "," ","7",22," "," ","7",-28," "," ","7",-11," "," ","7",28," "," ","7",-33," "," ","7",-61," "," ","7",-6," "," ","7",-6," "," ","7",17," "," ","7",-122," "," ","7",-67," "," ","7",-44," "," ","7",-44," "," ","7",39," "," ","7",-56," "," ","7",-17," "," ","7",-22," "," ","7",-17," "," ","7",-50," "," ","7",-6," "," ","7",33," "," ","7",17," "," ","7",-33," "," ","7",-11," "," ","7",-22," "," ","7",-22," "," ","7",-11," "," ","7",-50," "," ","7",-61," "," ","7",-17," "," ","7"
"5256","USC00413787",2020,1,"PRCP",0," "," ","7",0," "," ","7",0," "," ","7",0," "," ","7",0," "," ","7",0," "," ","7",0," "," ","7",0," "," ","7",0," "," ","7",0," "," ","7",0," "," ","7",0," "," ","7",0," "," ","7",0," "," ","7",0," "," ","7",0," "," ","7",71," "," ","7",0," "," ","7",0," "," ","7",0," "," ","7",0," "," ","7",36," "," ","7",0," "," ","7",0," "," ","7",0," "," ","7",0," "," ","7",0," "," ","7",25," "," ","7",0," "," ","7",0," "," ","7",0," "," ","7"
"5257","USC00413787",2020,1,"SNOW",0," "," ","7",0," "," ","7",0," "," ","7",0," "," ","7",0," "," ","7",0," "," ","7",0," "," ","7",0," "," ","7",0," "," ","7",0," "," ","7",0," "," ","7",0," "," ","7",0," "," ","7",0," "," ","7",0," "," ","7",0," "," ","7",0," "," ","7",0," "," ","7",0," "," ","7",0," "," ","7",0," "," ","7",0," "," ","7",0," "," ","7",0," "," ","7",0," "," ","7",0," "," ","7",0," "," ","7",0," "," ","7",0," "," ","7",0," "," ","7",0," "," ","7"
"5258","USC00413787",2020,1,"SNWD",0," "," ","7",0," "," ","7",0," "," ","7",0," "," ","7",0," "," ","7",0," "," ","7",0," "," ","7",0," "," ","7",0," "," ","7",0," "," ","7",0," "," ","7",0," "," ","7",0," "," ","7",0," "," ","7",0," "," ","7",0," "," ","7",0," "," ","7",0," "," ","7",0," "," ","7",0," "," ","7",0," "," ","7",0," "," ","7",0," "," ","7",0," "," ","7",0," "," ","7",0," "," ","7",0," "," ","7",0," "," ","7",0," "," ","7",0," "," ","7",0," "," ","7"
"5259","USC00413787",2020,2,"TMAX",122," "," ","7",206," "," ","7",261," "," ","7",72," "," ","7",-33," "," ","7",22," "," ","7",94," "," ","7",56," "," ","7",150," "," ","7",94," "," ","7",28," "," ","7",44," "," ","7",89," "," ","7",-56," "," ","7",72," "," ","7",144," "," ","7",156," "," ","7",156," "," ","7",67," "," ","7",50," "," ","7",-11," "," ","7",128," "," ","7",156," "," ","7",194," "," ","7",194," "," ","7",28," "," ","7",NA," "," "," ",156," "," ","7",189," "," ","7",NA," "," "," ",NA," "," "," "
"5260","USC00413787",2020,2,"TMIN",-28," "," ","7",-28," "," ","7",11," "," ","7",-39," "," ","7",-111," "," ","7",-111," "," ","7",-100," "," ","7",-50," "," ","7",-33," "," ","7",-72," "," ","7",-67," "," ","7",-67," "," ","7",-89," "," ","7",-94," "," ","7",-56," "," ","7",-33," "," ","7",-39," "," ","7",-17," "," ","7",0," "," ","7",-83," "," ","7",-94," "," ","7",-83," "," ","7",-17," "," ","7",11," "," ","7",-39," "," ","7",-89," "," ","7",NA," "," "," ",-67," "," ","7",-39," "," ","7",NA," "," "," ",NA," "," "," "
"5261","USC00413787",2020,2,"TOBS",-17," "," ","7",11," "," ","7",56," "," ","7",-39," "," ","7",-106," "," ","7",-100," "," ","7",-6," "," ","7",-33," "," ","7",17," "," ","7",-67," "," ","7",-22," "," ","7",-28," "," ","7",-89," "," ","7",-56," "," ","7",17," "," ","7",-33," "," ","7",-17," "," ","7",11," "," ","7",6," "," ","7",-83," "," ","7",-83," "," ","7",-11," "," ","7",44," "," ","7",17," "," ","7",-33," "," ","7",-89," "," ","7",NA," "," "," ",-39," "," ","7",17," "," ","7",NA," "," "," ",NA," "," "," "
"5262","USC00413787",2020,2,"PRCP",0," "," ","7",0," "," ","7",0," "," ","7",0," "," ","7",0," "," ","7",0," "," ","7",0," "," ","7",0," "," ","7",0," "," ","7",0," "," ","7",8," "," ","7",8," "," ","7",0," "," ","7",0," "," ","7",0," "," ","7",0," "," ","7",0," "," ","7",0," "," ","7",0," "," ","7",8," "," ","7",0," "," ","7",0," "," ","7",0," "," ","7",13," "," ","7",15," "," ","7",13," "," ","7",0," "," ","7",0," "," ","7",0," "," ","7",NA," "," "," ",NA," "," "," "
"5263","USC00413787",2020,2,"SNOW",0," "," ","7",0," "," ","7",0," "," ","7",0," "," ","7",0," "," ","7",0," "," ","7",0," "," ","7",0," "," ","7",0," "," ","7",0," "," ","7",13," "," ","7",25," "," ","7",0," "," ","7",0," "," ","7",0," "," ","7",0," "," ","7",0," "," ","7",0," "," ","7",0," "," ","7",13," "," ","7",0," "," ","7",0," "," ","7",0," "," ","7",0," "," ","7",25," "," ","7",25," "," ","7",0," "," ","7",0," "," ","7",0," "," ","7",NA," "," "," ",NA," "," "," "
"5264","USC00413787",2020,2,"SNWD",0," "," ","7",0," "," ","7",0," "," ","7",0," "," ","7",0," "," ","7",0," "," ","7",0," "," ","7",0," "," ","7",0," "," ","7",0," "," ","7",25," "," ","7",25," "," ","7",0," "," ","7",0," "," ","7",0," "," ","7",0," "," ","7",0," "," ","7",0," "," ","7",0," "," ","7",25," "," ","7",0," "," ","7",0," "," ","7",0," "," ","7",0," "," ","7",25," "," ","7",25," "," ","7",0," "," ","7",0," "," ","7",0," "," ","7",NA," "," "," ",NA," "," "," "
"5265","USC00413787",2020,3,"TMAX",239," "," ","7",233," "," ","7",233," "," ","7",206," "," ","7",161," "," ","7",161," "," ","7",200," "," ","7",222," "," ","7",178," "," ","7",211," "," ","7",256," "," ","7",217," "," ","7",222," "," ","7",44," "," ","7",83," "," ","7",56," "," ","7",217," "," ","7",117," "," ","7",233," "," ","7",189," "," ","7",83," "," ","7",128," "," ","7",217," "," ","7",183," "," ","7",222," "," ","7",289," "," ","7",306," "," ","7",211," "," ","7",172," "," ","7",189," "," ","7",194," "," ","7"
"5266","USC00413787",2020,3,"TMIN",-6," "," ","7",-17," "," ","7",-22," "," ","7",-17," "," ","7",0," "," ","7",-33," "," ","7",-39," "," ","7",44," "," ","7",67," "," ","7",61," "," ","7",50," "," ","7",33," "," ","7",44," "," ","7",6," "," ","7",17," "," ","7",11," "," ","7",28," "," ","7",50," "," ","7",72," "," ","7",-11," "," ","7",-28," "," ","7",-11," "," ","7",33," "," ","7",67," "," ","7",56," "," ","7",56," "," ","7",83," "," ","7",44," "," ","7",-17," "," ","7",-11," "," ","7",11," "," ","7"
"5267","USC00413787",2020,3,"TOBS",-6," "," ","7",-11," "," ","7",11," "," ","7",17," "," ","7",50," "," ","7",-33," "," ","7",44," "," ","7",72," "," ","7",67," "," ","7",72," "," ","7",56," "," ","7",117," "," ","7",44," "," ","7",17," "," ","7",17," "," ","7",33," "," ","7",50," "," ","7",83," "," ","7",100," "," ","7",-11," "," ","7",-11," "," ","7",44," "," ","7",78," "," ","7",78," "," ","7",56," "," ","7",89," "," ","7",144," "," ","7",44," "," ","7",-11," "," ","7",67," "," ","7",11," "," ","7"
"5268","USC00413787",2020,3,"PRCP",0," "," ","7",0," "," ","7",0," "," ","7",0," "," ","7",0," "," ","7",0," "," ","7",0," "," ","7",0," "," ","7",3," "," ","7",0," "," ","7",0," "," ","7",0," "," ","7",0," "," ","7",107," "," ","7",8," "," ","7",84," "," ","7",8," "," ","7",56," "," ","7",94," "," ","7",0," "," ","7",0," "," ","7",0," "," ","7",0," "," ","7",0," "," ","7",0," "," ","7",0," "," ","7",0," "," ","7",0," "," ","7",0," "," ","7",0," "," ","7",56," "," ","7"
"5269","USC00413787",2020,3,"SNOW",0," "," ","7",0," "," ","7",0," "," ","7",0," "," ","7",0," "," ","7",0," "," ","7",0," "," ","7",0," "," ","7",0," "," ","7",0," "," ","7",0," "," ","7",0," "," ","7",0," "," ","7",0," "," ","7",0," "," ","7",0," "," ","7",0," "," ","7",0," "," ","7",0," "," ","7",0," "," ","7",0," "," ","7",0," "," ","7",0," "," ","7",0," "," ","7",0," "," ","7",0," "," ","7",0," "," ","7",0," "," ","7",0," "," ","7",0," "," ","7",0," "," ","7"
"5270","USC00413787",2020,3,"SNWD",0," "," ","7",0," "," ","7",0," "," ","7",0," "," ","7",0," "," ","7",0," "," ","7",0," "," ","7",0," "," ","7",0," "," ","7",0," "," ","7",0," "," ","7",0," "," ","7",0," "," ","7",0," "," ","7",0," "," ","7",0," "," ","7",0," "," ","7",0," "," ","7",0," "," ","7",0," "," ","7",0," "," ","7",0," "," ","7",0," "," ","7",0," "," ","7",0," "," ","7",0," "," ","7",0," "," ","7",0," "," ","7",0," "," ","7",0," "," ","7",0," "," ","7"
"5271","USC00413787",2020,3,"WT05",NA," "," "," ",NA," "," "," ",NA," "," "," ",NA," "," "," ",NA," "," "," ",NA," "," "," ",NA," "," "," ",NA," "," "," ",NA," "," "," ",NA," "," "," ",NA," "," "," ",NA," "," "," ",NA," "," "," ",NA," "," "," ",NA," "," "," ",1," "," ","7",NA," "," "," ",NA," "," "," ",NA," "," "," ",NA," "," "," ",NA," "," "," ",NA," "," "," ",NA," "," "," ",NA," "," "," ",NA," "," "," ",NA," "," "," ",NA," "," "," ",NA," "," "," ",NA," "," "," ",NA," "," "," ",NA," "," "," "
"5272","USC00413787",2020,4,"TMAX",206," "," ","H",272," "," ","H",144," "," ","H",100," "," ","H",150," "," ","H",233," "," ","H",283," "," ","H",311," "," ","H",294," "," ","H",183," "," ","H",217," "," ","H",278," "," ","H",89," "," ","H",6," "," ","H",78," "," ","H",194," "," ","H",233," "," ","H",144," "," ","H",250," "," ","H",244," "," ","H",NA," "," "," ",239," "," ","H",239," "," ","H",261," "," ","H",200," "," ","H",222," "," ","H",267," "," ","H",300," "," ","H",294," "," ","H",256," "," ","H",NA," "," "," "
"5273","USC00413787",2020,4,"TMIN",6," "," ","H",72," "," ","H",-33," "," ","H",-44," "," ","H",-22," "," ","H",61," "," ","H",89," "," ","H",83," "," ","H",56," "," ","H",39," "," ","H",56," "," ","H",89," "," ","H",-28," "," ","H",-33," "," ","H",-33," "," ","H",-22," "," ","H",-11," "," ","H",-11," "," ","H",39," "," ","H",61," "," ","H",NA," "," "," ",89," "," ","H",72," "," ","H",72," "," ","H",56," "," ","H",67," "," ","H",72," "," ","H",89," "," ","H",61," "," ","H",56," "," ","H",NA," "," "," "
"5274","USC00413787",2020,4,"TOBS",94," "," ","H",72," "," ","H",-33," "," ","H",-22," "," ","H",61," "," ","H",122," "," ","H",89," "," ","H",100," "," ","H",56," "," ","H",61," "," ","H",111," "," ","H",89," "," ","H",-28," "," ","H",-28," "," ","H",-22," "," ","H",67," "," ","H",-11," "," ","H",39," "," ","H",67," "," ","H",100," "," ","H",NA," "," "," ",111," "," ","H",78," "," ","H",106," "," ","H",67," "," ","H",72," "," ","H",100," "," ","H",122," "," ","H",61," "," ","H",72," "," ","H",NA," "," "," "
"5275","USC00413787",2020,4,"PRCP",0," "," ","H",0," "," ","H",0," "," ","H",0," "," ","H",0," "," ","H",0," "," ","H",0," "," ","H",0," "," ","H",0," "," ","H",0," "," ","H",0," "," ","H",0," "," ","H",0," "," ","H",64," "," ","H",0," "," ","H",0," "," ","H",0," "," ","H",0," "," ","H",0," "," ","H",15," "," ","H",NA," "," "," ",206," "," ","H",30," "," ","H",0," "," ","H",0," "," ","H",0," "," ","H",0," "," ","H",0," "," ","H",0," "," ","H",0," "," ","H",NA," "," "," "
"5276","USC00413787",2020,4,"SNOW",NA," "," "," ",NA," "," "," ",NA," "," "," ",NA," "," "," ",NA," "," "," ",NA," "," "," ",NA," "," "," ",NA," "," "," ",NA," "," "," ",NA," "," "," ",NA," "," "," ",NA," "," "," ",NA," "," "," ",25," "," ","H",NA," "," "," ",NA," "," "," ",NA," "," "," ",NA," "," "," ",NA," "," "," ",NA," "," "," ",NA," "," "," ",NA," "," "," ",NA," "," "," ",NA," "," "," ",NA," "," "," ",NA," "," "," ",NA," "," "," ",NA," "," "," ",NA," "," "," ",NA," "," "," ",NA," "," "," "
"5277","USC00413787",2020,4,"SNWD",NA," "," "," ",NA," "," "," ",NA," "," "," ",NA," "," "," ",NA," "," "," ",NA," "," "," ",NA," "," "," ",NA," "," "," ",NA," "," "," ",NA," "," "," ",NA," "," "," ",NA," "," "," ",NA," "," "," ",25," "," ","H",NA," "," "," ",NA," "," "," ",NA," "," "," ",NA," "," "," ",NA," "," "," ",NA," "," "," ",NA," "," "," ",NA," "," "," ",NA," "," "," ",NA," "," "," ",NA," "," "," ",NA," "," "," ",NA," "," "," ",NA," "," "," ",NA," "," "," ",NA," "," "," ",NA," "," "," "
"5278","USC00413787",2020,5,"TMAX",333," "," ","H",344," "," ","H",294," "," ","H",289," "," ","H",311," "," ","H",239," "," ","H",256," "," ","H",311," "," ","H",178," "," ","H",256," "," ","H",161," "," ","H",200," "," ","H",150," "," ","H",333," "," ","H",300," "," ","H",278," "," ","H",278," "," ","H",289," "," ","H",328," "," ","H",300," "," ","H",267," "," ","H",339," "," ","H",NA," "," "," ",356," "," ","H",317," "," ","H",206," "," ","H",278," "," ","H",289," "," ","H",294," "," ","H",328," "," ","H",339," "," ","H"
"5279","USC00413787",2020,5,"TMIN",72," "," ","H",111," "," ","H",117," "," ","H",117," "," ","H",111," "," ","H",106," "," ","H",100," "," ","H",72," "," ","H",39," "," ","H",39," "," ","H",61," "," ","H",33," "," ","H",33," "," ","H",106," "," ","H",133," "," ","H",133," "," ","H",139," "," ","H",128," "," ","H",128," "," ","H",139," "," ","H",139," "," ","H",122," "," ","H",NA," "," "," ",156," "," ","H",106," "," ","H",78," "," ","H",83," "," ","H",122," "," ","H",144," "," ","H",156," "," ","H",161," "," ","H"
"5280","USC00413787",2020,5,"TOBS",161," "," ","H",117," "," ","H",117," "," ","H",167," "," ","H",111," "," ","H",128," "," ","H",106," "," ","H",72," "," ","H",39," "," ","H",61," "," ","H",78," "," ","H",33," "," ","H",106," "," ","H",150," "," ","H",161," "," ","H",139," "," ","H",144," "," ","H",128," "," ","H",139," "," ","H",139," "," ","H",156," "," ","H",122," "," ","H",NA," "," "," ",156," "," ","H",111," "," ","H",83," "," ","H",122," "," ","H",144," "," ","H",156," "," ","H",161," "," ","H",172," "," ","H"
"5281","USC00413787",2020,5,"PRCP",0," "," ","H",0," "," ","H",0," "," ","H",0," "," ","H",0," "," ","H",0," "," ","H",0," "," ","H",0," "," ","H",0," "," ","H",0," "," ","H",0," "," ","H",20," "," ","H",5," "," ","H",0," "," ","H",0," "," ","H",38," "," ","H",0," "," ","H",0," "," ","H",0," "," ","H",0," "," ","H",0," "," ","H",0," "," ","H",NA," "," "," ",0," "," ","H",0," "," ","H",0," "," ","H",0," "," ","H",0," "," ","H",0," "," ","H",0," "," ","H",0," "," ","H"
"5282","USC00413787",2020,6,"TMAX",333," "," ","H",333," "," ","H",356," "," ","H",372," "," ","H",389," "," ","H",394," "," ","H",372," "," ","H",356," "," ","H",389," "," ","H",183," "," ","H",300," "," ","H",361," "," ","H",361," "," ","H",361," "," ","H",356," "," ","H",350," "," ","H",344," "," ","H",361," "," ","H",350," "," ","H",283," "," ","H",317," "," ","H",361," "," ","H",NA," "," "," ",NA," "," "," ",NA," "," "," ",NA," "," "," ",NA," "," "," ",NA," "," "," ",NA," "," "," ",NA," "," "," ",NA," "," "," "
"5283","USC00413787",2020,6,"TMIN",144," "," ","H",150," "," ","H",167," "," ","H",167," "," ","H",172," "," ","H",200," "," ","H",206," "," ","H",206," "," ","H",133," "," ","H",72," "," ","H",78," "," ","H",150," "," ","H",172," "," ","H",172," "," ","H",178," "," ","H",178," "," ","H",189," "," ","H",172," "," ","H",161," "," ","H",156," "," ","H",172," "," ","H",172," "," ","H",NA," "," "," ",NA," "," "," ",NA," "," "," ",NA," "," "," ",NA," "," "," ",NA," "," "," ",NA," "," "," ",NA," "," "," ",NA," "," "," "
"5284","USC00413787",2020,6,"TOBS",150," "," ","H",167," "," ","H",172," "," ","H",172," "," ","H",206," "," ","H",206," "," ","H",239," "," ","H",206," "," ","H",133," "," ","H",78," "," ","H",150," "," ","H",194," "," ","H",178," "," ","H",178," "," ","H",178," "," ","H",189," "," ","H",222," "," ","H",172," "," ","H",161," "," ","H",172," "," ","H",194," "," ","H",172," "," ","H",NA," "," "," ",NA," "," "," ",NA," "," "," ",NA," "," "," ",NA," "," "," ",NA," "," "," ",NA," "," "," ",NA," "," "," ",NA," "," "," "
"5285","USC00413787",2020,6,"PRCP",0," "," ","H",0," "," ","H",0," "," ","H",0," "," ","H",0," "," ","H",0," "," ","H",0," "," ","H",0," "," ","H",0," "," ","H",0," "," ","H",0," "," ","H",0," "," ","H",0," "," ","H",0," "," ","H",0," "," ","H",0," "," ","H",0," "," ","H",0," "," ","H",0," "," ","H",48," "," ","H",0," "," ","H",0," "," ","H",NA," "," "," ",NA," "," "," ",NA," "," "," ",NA," "," "," ",NA," "," "," ",NA," "," "," ",NA," "," "," ",NA," "," "," ",NA," "," "," "
